filename,MOS,std,95%CI,votes
25765194_MinPolqaSfbRecording_cut.wav,3.875,0.353553391,0.245,8
25634417_MinPolqaSfbRecording_cut.wav,1.5,0.534522484,0.370405184,8
25705754_MinPolqaSfbRecording_cut.wav,3.25,0.88640526,0.614247507,8
25706727_MinPolqaSfbRecording_cut.wav,3.0,0.755928946,0.523832034,8
25800071_MinPolqaSfbRecording_cut.wav,3.875,0.83452296,0.578294907,8
25626619_MinPolqaSfbRecording_cut.wav,2.875,0.640869944,0.444100214,8
25625721_MinPolqaSfbRecording_cut.wav,2.75,0.88640526,0.614247507,8
25612043_MinPolqaSfbRecording_cut.wav,2.75,0.707106781,0.49,8
25699587_MinPolqaSfbRecording_cut.wav,4.125,0.83452296,0.578294907,8
25726223_MinPolqaSfbRecording_cut.wav,2.4,0.894427191,0.784,5
25726502_MinPolqaSfbRecording_cut.wav,4.2,0.836660027,0.733364848,5
25630298_MinPolqaSfbRecording_cut.wav,4.0,0.0,0.0,5
25618190_MinPolqaSfbRecording_cut.wav,4.2,0.836660027,0.733364848,5
25802534_MinPolqaSfbRecording_cut.wav,4.2,0.447213595,0.392,5
25697683_MinPolqaSfbRecording_cut.wav,3.8,0.836660027,0.733364848,5
25614993_MinPolqaSfbRecording_cut.wav,4.2,0.836660027,0.733364848,5
25708282_MinPolqaSfbRecording_cut.wav,2.0,0.707106781,0.619806421,5
25800872_MinPolqaSfbRecording_cut.wav,2.2,0.447213595,0.392,5
25799844_MinPolqaSfbRecording_cut.wav,2.6,0.894427191,0.784,5
25799075_MinPolqaSfbRecording_cut.wav,3.8,0.836660027,0.733364848,5
25695773_MinPolqaSfbRecording_cut.wav,4.2,0.447213595,0.392,5
25762023_MinPolqaSfbRecording_cut.wav,2.6,0.547722558,0.48009999,5
25806104_MinPolqaSfbRecording_cut.wav,3.8,0.836660027,0.733364848,5
25655482_MinPolqaSfbRecording_cut.wav,1.8,0.836660027,0.733364848,5
25626915_MinPolqaSfbRecording_cut.wav,3.6,0.894427191,0.784,5
25647031_MinPolqaSfbRecording_cut.wav,3.8,0.447213595,0.392,5
25703651_MinPolqaSfbRecording_cut.wav,4.0,0.707106781,0.619806421,5
25624091_MinPolqaSfbRecording_cut.wav,3.4,0.547722558,0.48009999,5
25805807_MinPolqaSfbRecording_cut.wav,4.0,0.9258201,0.641560597,8
25798245_MinPolqaSfbRecording_cut.wav,2.0,0.755928946,0.523832034,8
25707578_MinPolqaSfbRecording_cut.wav,1.625,0.51754917,0.358643277,8
25625285_MinPolqaSfbRecording_cut.wav,2.0,0.9258201,0.641560597,8
25710152_MinPolqaSfbRecording_cut.wav,1.875,1.125991626,0.780272388,8
25633481_MinPolqaSfbRecording_cut.wav,4.25,0.88640526,0.614247507,8
25715717_MinPolqaSfbRecording_cut.wav,1.625,1.060660172,0.735,8
25804354_MinPolqaSfbRecording_cut.wav,2.75,0.707106781,0.49,8
25718375_MinPolqaSfbRecording_cut.wav,3.375,1.187734939,0.823058321,8
25631605_MinPolqaSfbRecording_cut.wav,4.428571429,0.534522484,0.395979797,7
25741033_MinPolqaSfbRecording_cut.wav,2.571428571,0.786795792,0.58286648,7
25781147_MinPolqaSfbRecording_cut.wav,4.142857143,0.899735411,0.66653332,7
25741231_MinPolqaSfbRecording_cut.wav,3.285714286,0.755928946,0.56,7
25753110_MinPolqaSfbRecording_cut.wav,3.285714286,0.755928946,0.56,7
25804308_MinPolqaSfbRecording_cut.wav,3.285714286,0.755928946,0.56,7
25800842_MinPolqaSfbRecording_cut.wav,2.142857143,0.690065559,0.51120772,7
25624129_MinPolqaSfbRecording_cut.wav,2.857142857,1.069044968,0.791959595,7
25722990_MinPolqaSfbRecording_cut.wav,4.285714286,0.487950036,0.361478446,7
25764656_MinPolqaSfbRecording_cut.wav,4.375,0.744023809,0.515582195,8
25636910_MinPolqaSfbRecording_cut.wav,3.125,0.991031209,0.68674959,8
25713023_MinPolqaSfbRecording_cut.wav,4.375,0.916125381,0.6348425,8
25658335_MinPolqaSfbRecording_cut.wav,2.875,0.991031209,0.68674959,8
25714609_MinPolqaSfbRecording_cut.wav,2.625,0.51754917,0.358643277,8
25737056_MinPolqaSfbRecording_cut.wav,1.375,0.744023809,0.515582195,8
25754441_MinPolqaSfbRecording_cut.wav,2.875,0.991031209,0.68674959,8
25753494_MinPolqaSfbRecording_cut.wav,3.875,0.640869944,0.444100214,8
25693675_MinPolqaSfbRecording_cut.wav,2.625,0.744023809,0.515582195,8
25625118_MinPolqaSfbRecording_cut.wav,4.0,0.9258201,0.641560597,8
25703323_MinPolqaSfbRecording_cut.wav,4.0,0.577350269,0.427707065,7
25653538_MinPolqaSfbRecording_cut.wav,3.0,0.0,0.0,7
25630079_MinPolqaSfbRecording_cut.wav,3.857142857,1.069044968,0.791959595,7
25634359_MinPolqaSfbRecording_cut.wav,2.142857143,0.377964473,0.28,7
25751841_MinPolqaSfbRecording_cut.wav,2.857142857,1.069044968,0.791959595,7
25632423_MinPolqaSfbRecording_cut.wav,4.142857143,0.690065559,0.51120772,7
25733403_MinPolqaSfbRecording_cut.wav,2.714285714,0.755928946,0.56,7
25782619_MinPolqaSfbRecording_cut.wav,3.142857143,1.069044968,0.791959595,7
25612379_MinPolqaSfbRecording_cut.wav,1.428571429,0.534522484,0.395979797,7
25718086_MinPolqaSfbRecording_cut.wav,3.333333333,1.118033989,0.730448873,9
25656902_MinPolqaSfbRecording_cut.wav,2.0,0.866025404,0.565803264,9
25778325_MinPolqaSfbRecording_cut.wav,3.333333333,0.866025404,0.565803264,9
25761638_MinPolqaSfbRecording_cut.wav,3.333333333,1.0,0.653333333,9
25652353_MinPolqaSfbRecording_cut.wav,4.555555556,0.726483157,0.474635663,9
25712155_MinPolqaSfbRecording_cut.wav,2.333333333,0.866025404,0.565803264,9
25614666_MinPolqaSfbRecording_cut.wav,1.666666667,0.707106781,0.46197643,9
25743119_MinPolqaSfbRecording_cut.wav,1.888888889,0.927960727,0.606267675,9
25779301_MinPolqaSfbRecording_cut.wav,1.777777778,0.833333333,0.544444444,9
25754369_MinPolqaSfbRecording_cut.wav,2.857142857,1.214985793,0.900074071,7
25731125_MinPolqaSfbRecording_cut.wav,2.0,1.154700538,0.85541413,7
25620711_MinPolqaSfbRecording_cut.wav,3.428571429,0.975900073,0.722956891,7
25656115_MinPolqaSfbRecording_cut.wav,4.142857143,1.214985793,0.900074071,7
25663490_MinPolqaSfbRecording_cut.wav,3.0,0.816496581,0.604869132,7
25636375_MinPolqaSfbRecording_cut.wav,2.857142857,1.214985793,0.900074071,7
25747366_MinPolqaSfbRecording_cut.wav,4.285714286,1.112697281,0.824297681,7
25665041_MinPolqaSfbRecording_cut.wav,3.714285714,0.951189731,0.704651214,7
25762779_MinPolqaSfbRecording_cut.wav,2.8,0.836660027,0.733364848,5
25710362_MinPolqaSfbRecording_cut.wav,4.4,0.547722558,0.48009999,5
25658861_MinPolqaSfbRecording_cut.wav,2.8,1.095445115,0.960199979,5
25720867_MinPolqaSfbRecording_cut.wav,5.0,0.0,0.0,5
25630037_MinPolqaSfbRecording_cut.wav,4.4,0.547722558,0.48009999,5
25807062_MinPolqaSfbRecording_cut.wav,4.6,0.547722558,0.48009999,5
25799814_MinPolqaSfbRecording_cut.wav,3.6,0.894427191,0.784,5
25656084_MinPolqaSfbRecording_cut.wav,4.6,0.547722558,0.48009999,5
25741174_MinPolqaSfbRecording_cut.wav,5.0,0.0,0.0,5
25742666_MinPolqaSfbRecording_cut.wav,3.714285714,0.755928946,0.56,7
25696657_MinPolqaSfbRecording_cut.wav,4.571428571,0.534522484,0.395979797,7
25757162_MinPolqaSfbRecording_cut.wav,1.571428571,0.534522484,0.395979797,7
25640182_MinPolqaSfbRecording_cut.wav,2.857142857,0.690065559,0.51120772,7
25806202_MinPolqaSfbRecording_cut.wav,1.857142857,0.690065559,0.51120772,7
25717624_MinPolqaSfbRecording_cut.wav,3.857142857,0.690065559,0.51120772,7
25738877_MinPolqaSfbRecording_cut.wav,4.571428571,0.534522484,0.395979797,7
25701296_MinPolqaSfbRecording_cut.wav,4.142857143,0.899735411,0.66653332,7
25738581_MinPolqaSfbRecording_cut.wav,4.428571429,0.786795792,0.58286648,7
25613095_MinPolqaSfbRecording_cut.wav,4.5,0.547722558,0.438269324,6
25721005_MinPolqaSfbRecording_cut.wav,2.0,0.894427191,0.715690808,6
25731501_MinPolqaSfbRecording_cut.wav,3.666666667,0.516397779,0.413204281,6
25654735_MinPolqaSfbRecording_cut.wav,4.333333333,0.816496581,0.653333333,6
25757238_MinPolqaSfbRecording_cut.wav,2.166666667,1.169045194,0.935430976,6
25806069_MinPolqaSfbRecording_cut.wav,4.666666667,0.516397779,0.413204281,6
25713295_MinPolqaSfbRecording_cut.wav,1.375,0.744023809,0.515582195,8
25657226_MinPolqaSfbRecording_cut.wav,2.125,0.640869944,0.444100214,8
25660714_MinPolqaSfbRecording_cut.wav,4.25,0.46291005,0.320780299,8
25725507_MinPolqaSfbRecording_cut.wav,4.125,0.83452296,0.578294907,8
25709259_MinPolqaSfbRecording_cut.wav,3.375,0.744023809,0.515582195,8
25628296_MinPolqaSfbRecording_cut.wav,2.625,0.51754917,0.358643277,8
25658491_MinPolqaSfbRecording_cut.wav,3.875,0.991031209,0.68674959,8
25656157_MinPolqaSfbRecording_cut.wav,4.0,0.9258201,0.641560597,8
25635198_MinPolqaSfbRecording_cut.wav,2.625,0.744023809,0.515582195,8
25637216_MinPolqaSfbRecording_cut.wav,4.25,0.88640526,0.614247507,8
25803360_MinPolqaSfbRecording_cut.wav,4.0,0.755928946,0.523832034,8
25801471_MinPolqaSfbRecording_cut.wav,4.5,0.755928946,0.523832034,8
25653704_MinPolqaSfbRecording_cut.wav,3.75,1.035098339,0.717286554,8
25611653_MinPolqaSfbRecording_cut.wav,3.25,1.035098339,0.717286554,8
25657727_MinPolqaSfbRecording_cut.wav,3.625,0.916125381,0.6348425,8
25736759_MinPolqaSfbRecording_cut.wav,4.125,0.83452296,0.578294907,8
25645565_MinPolqaSfbRecording_cut.wav,3.875,0.991031209,0.68674959,8
25644888_MinPolqaSfbRecording_cut.wav,2.5,1.069044968,0.740810367,8
25725260_MinPolqaSfbRecording_cut.wav,3.375,1.187734939,0.823058321,8
25656111_MinPolqaSfbRecording_cut.wav,4.2,0.447213595,0.392,5
25739026_MinPolqaSfbRecording_cut.wav,4.0,0.707106781,0.619806421,5
25615270_MinPolqaSfbRecording_cut.wav,1.8,0.836660027,0.733364848,5
25732386_MinPolqaSfbRecording_cut.wav,1.4,0.547722558,0.48009999,5
25805083_MinPolqaSfbRecording_cut.wav,3.8,0.836660027,0.733364848,5
25723298_MinPolqaSfbRecording_cut.wav,1.2,0.447213595,0.392,5
25780885_MinPolqaSfbRecording_cut.wav,4.4,0.547722558,0.48009999,5
25611565_MinPolqaSfbRecording_cut.wav,3.2,0.836660027,0.733364848,5
25721731_MinPolqaSfbRecording_cut.wav,1.6,0.547722558,0.48009999,5
25806018_MinPolqaSfbRecording_cut.wav,3.25,0.707106781,0.49,8
25744710_MinPolqaSfbRecording_cut.wav,3.0,0.755928946,0.523832034,8
25712923_MinPolqaSfbRecording_cut.wav,4.375,0.744023809,0.515582195,8
25739299_MinPolqaSfbRecording_cut.wav,4.375,0.744023809,0.515582195,8
25751158_MinPolqaSfbRecording_cut.wav,4.375,0.744023809,0.515582195,8
25737373_MinPolqaSfbRecording_cut.wav,2.0,0.755928946,0.523832034,8
25700534_MinPolqaSfbRecording_cut.wav,3.5,1.069044968,0.740810367,8
25593095_MinPolqaSfbRecording_cut.wav,3.166666667,0.40824829,0.326666667,6
25760062_MinPolqaSfbRecording_cut.wav,3.833333333,0.98319208,0.786717512,6
25718100_MinPolqaSfbRecording_cut.wav,1.5,0.547722558,0.438269324,6
25807001_MinPolqaSfbRecording_cut.wav,4.333333333,0.516397779,0.413204281,6
25701214_MinPolqaSfbRecording_cut.wav,4.166666667,0.40824829,0.326666667,6
25761503_MinPolqaSfbRecording_cut.wav,4.666666667,0.516397779,0.413204281,6
25764867_MinPolqaSfbRecording_cut.wav,3.0,0.632455532,0.506069824,6
25699509_MinPolqaSfbRecording_cut.wav,2.833333333,0.752772653,0.602343571,6
25755487_MinPolqaSfbRecording_cut.wav,3.75,0.707106781,0.49,8
25698397_MinPolqaSfbRecording_cut.wav,4.125,0.640869944,0.444100214,8
25749850_MinPolqaSfbRecording_cut.wav,3.125,0.640869944,0.444100214,8
25779908_MinPolqaSfbRecording_cut.wav,4.0,1.069044968,0.740810367,8
25745258_MinPolqaSfbRecording_cut.wav,3.75,0.707106781,0.49,8
25637839_MinPolqaSfbRecording_cut.wav,2.625,0.916125381,0.6348425,8
25701035_MinPolqaSfbRecording_cut.wav,4.0,0.534522484,0.370405184,8
25626825_MinPolqaSfbRecording_cut.wav,4.125,0.640869944,0.444100214,8
25742804_MinPolqaSfbRecording_cut.wav,4.125,0.991031209,0.68674959,8
25779259_MinPolqaSfbRecording_cut.wav,4.125,0.640869944,0.444100214,8
25736676_MinPolqaSfbRecording_cut.wav,1.875,0.640869944,0.444100214,8
25631612_MinPolqaSfbRecording_cut.wav,2.75,1.164964745,0.807279382,8
25649192_MinPolqaSfbRecording_cut.wav,2.25,0.88640526,0.614247507,8
25702332_MinPolqaSfbRecording_cut.wav,1.5,0.534522484,0.370405184,8
25663108_MinPolqaSfbRecording_cut.wav,3.75,0.46291005,0.320780299,8
25752891_MinPolqaSfbRecording_cut.wav,3.444444444,0.726483157,0.474635663,9
25664071_MinPolqaSfbRecording_cut.wav,3.666666667,0.5,0.326666667,9
25734826_MinPolqaSfbRecording_cut.wav,1.555555556,0.726483157,0.474635663,9
25759734_MinPolqaSfbRecording_cut.wav,1.888888889,0.333333333,0.217777778,9
25780815_MinPolqaSfbRecording_cut.wav,3.555555556,0.527046277,0.344336901,9
25779138_MinPolqaSfbRecording_cut.wav,2.444444444,0.881917104,0.576185841,9
25761090_MinPolqaSfbRecording_cut.wav,1.375,0.51754917,0.358643277,8
25777051_MinPolqaSfbRecording_cut.wav,1.875,0.991031209,0.68674959,8
25613031_MinPolqaSfbRecording_cut.wav,3.0,0.9258201,0.641560597,8
25782299_MinPolqaSfbRecording_cut.wav,1.75,0.707106781,0.49,8
25733780_MinPolqaSfbRecording_cut.wav,1.625,0.744023809,0.515582195,8
25930241_MinPolqaSfbRecording_cut.wav,3.875,0.640869944,0.444100214,8
25851589_MinPolqaSfbRecording_cut.wav,3.875,0.83452296,0.578294907,8
25983714_MinPolqaSfbRecording_cut.wav,2.75,0.46291005,0.320780299,8
25722878_MinPolqaSfbRecording_cut.wav,2.75,1.035098339,0.717286554,8
25636099_MinPolqaSfbRecording_cut.wav,1.888888889,0.927960727,0.606267675,9
25613224_MinPolqaSfbRecording_cut.wav,4.222222222,0.666666667,0.435555556,9
25913845_MinPolqaSfbRecording_cut.wav,4.555555556,0.527046277,0.344336901,9
25729785_MinPolqaSfbRecording_cut.wav,3.0,0.707106781,0.46197643,9
25702709_MinPolqaSfbRecording_cut.wav,4.333333333,0.707106781,0.46197643,9
25802438_MinPolqaSfbRecording_cut.wav,4.0,0.5,0.326666667,9
25878303_MinPolqaSfbRecording_cut.wav,2.444444444,1.013793755,0.662345253,9
25929899_MinPolqaSfbRecording_cut.wav,1.111111111,0.333333333,0.217777778,9
25886894_MinPolqaSfbRecording_cut.wav,4.0,0.755928946,0.523832034,8
25627463_MinPolqaSfbRecording_cut.wav,2.0,1.069044968,0.740810367,8
25849764_MinPolqaSfbRecording_cut.wav,2.625,0.744023809,0.515582195,8
25881422_MinPolqaSfbRecording_cut.wav,3.625,0.916125381,0.6348425,8
25802491_MinPolqaSfbRecording_cut.wav,2.125,0.640869944,0.444100214,8
25971515_MinPolqaSfbRecording_cut.wav,3.5,0.755928946,0.523832034,8
25718427_MinPolqaSfbRecording_cut.wav,2.25,0.707106781,0.49,8
25761969_MinPolqaSfbRecording_cut.wav,1.875,0.83452296,0.578294907,8
26012170_MinPolqaSfbRecording_cut.wav,4.285714286,0.755928946,0.56,7
25799350_MinPolqaSfbRecording_cut.wav,2.285714286,1.112697281,0.824297681,7
25694936_MinPolqaSfbRecording_cut.wav,3.428571429,0.975900073,0.722956891,7
25934711_MinPolqaSfbRecording_cut.wav,4.142857143,0.690065559,0.51120772,7
25988564_MinPolqaSfbRecording_cut.wav,4.0,0.577350269,0.427707065,7
26008210_MinPolqaSfbRecording_cut.wav,1.857142857,0.899735411,0.66653332,7
25909918_MinPolqaSfbRecording_cut.wav,3.857142857,0.899735411,0.66653332,7
25649376_MinPolqaSfbRecording_cut.wav,3.285714286,1.112697281,0.824297681,7
25701121_MinPolqaSfbRecording_cut.wav,1.9,1.197219,0.742044024,10
25857478_MinPolqaSfbRecording_cut.wav,3.8,0.918936583,0.569562795,10
25924158_MinPolqaSfbRecording_cut.wav,3.5,0.971825316,0.602343571,10
25937940_MinPolqaSfbRecording_cut.wav,2.8,0.918936583,0.569562795,10
25638646_MinPolqaSfbRecording_cut.wav,2.4,0.966091783,0.598789891,10
25657487_MinPolqaSfbRecording_cut.wav,2.5,0.849836586,0.526734173,10
25614944_MinPolqaSfbRecording_cut.wav,2.6,0.966091783,0.598789891,10
25999788_MinPolqaSfbRecording_cut.wav,3.5,1.178511302,0.730448873,10
25997186_MinPolqaSfbRecording_cut.wav,3.5,1.08012345,0.66946745,10
25696910_MinPolqaSfbRecording_cut.wav,2.5,1.195228609,0.82825117,8
25754010_MinPolqaSfbRecording_cut.wav,1.625,1.060660172,0.735,8
25981139_MinPolqaSfbRecording_cut.wav,3.5,1.069044968,0.740810367,8
25806823_MinPolqaSfbRecording_cut.wav,2.625,1.505940617,1.043563606,8
25999232_MinPolqaSfbRecording_cut.wav,1.625,1.187734939,0.823058321,8
25975730_MinPolqaSfbRecording_cut.wav,4.5,0.534522484,0.370405184,8
25880035_MinPolqaSfbRecording_cut.wav,1.875,0.991031209,0.68674959,8
25705451_MinPolqaSfbRecording_cut.wav,2.5,0.971825316,0.602343571,10
25746893_MinPolqaSfbRecording_cut.wav,3.4,0.843274043,0.522666667,10
25853048_MinPolqaSfbRecording_cut.wav,3.5,0.849836586,0.526734173,10
25970072_MinPolqaSfbRecording_cut.wav,4.0,0.666666667,0.413204281,10
25648375_MinPolqaSfbRecording_cut.wav,4.5,0.707106781,0.438269324,10
25776481_MinPolqaSfbRecording_cut.wav,4.3,0.674948558,0.41833745,10
25937948_MinPolqaSfbRecording_cut.wav,2.1,0.875595036,0.542699426,10
25707305_MinPolqaSfbRecording_cut.wav,2.555555556,0.881917104,0.576185841,9
25731132_MinPolqaSfbRecording_cut.wav,4.444444444,0.726483157,0.474635663,9
25845817_MinPolqaSfbRecording_cut.wav,4.444444444,0.527046277,0.344336901,9
25698477_MinPolqaSfbRecording_cut.wav,1.888888889,1.054092553,0.688673802,9
25937375_MinPolqaSfbRecording_cut.wav,4.444444444,0.527046277,0.344336901,9
25698605_MinPolqaSfbRecording_cut.wav,2.555555556,0.881917104,0.576185841,9
25737424_MinPolqaSfbRecording_cut.wav,4.444444444,0.726483157,0.474635663,9
25803321_MinPolqaSfbRecording_cut.wav,4.222222222,0.971825316,0.634925873,9
25728821_MinPolqaSfbRecording_cut.wav,3.888888889,0.78173596,0.510734161,9
25882394_MinPolqaSfbRecording_cut.wav,4.111111111,0.600925213,0.392604472,9
25639344_MinPolqaSfbRecording_cut.wav,3.888888889,0.600925213,0.392604472,9
25726591_MinPolqaSfbRecording_cut.wav,1.777777778,0.971825316,0.634925873,9
25711845_MinPolqaSfbRecording_cut.wav,2.666666667,0.5,0.326666667,9
25901118_MinPolqaSfbRecording_cut.wav,2.777777778,0.971825316,0.634925873,9
25714626_MinPolqaSfbRecording_cut.wav,3.333333333,0.866025404,0.565803264,9
25630557_MinPolqaSfbRecording_cut.wav,1.888888889,0.927960727,0.606267675,9
25651345_MinPolqaSfbRecording_cut.wav,1.333333333,0.707106781,0.46197643,9
25965393_MinPolqaSfbRecording_cut.wav,2.444444444,1.013793755,0.662345253,9
25995428_MinPolqaSfbRecording_cut.wav,1.777777778,0.971825316,0.634925873,9
25764191_MinPolqaSfbRecording_cut.wav,3.666666667,0.866025404,0.565803264,9
25628384_MinPolqaSfbRecording_cut.wav,2.222222222,1.092906421,0.714032195,9
25873784_MinPolqaSfbRecording_cut.wav,2.0,1.0,0.653333333,9
25740183_MinPolqaSfbRecording_cut.wav,4.111111111,0.600925213,0.392604472,9
25631516_MinPolqaSfbRecording_cut.wav,2.222222222,0.971825316,0.634925873,9
25641599_MinPolqaSfbRecording_cut.wav,3.333333333,0.5,0.326666667,9
25843341_MinPolqaSfbRecording_cut.wav,4.111111111,0.927960727,0.606267675,9
25925288_MinPolqaSfbRecording_cut.wav,2.8,0.788810638,0.488909899,10
25697867_MinPolqaSfbRecording_cut.wav,1.8,0.918936583,0.569562795,10
25848837_MinPolqaSfbRecording_cut.wav,4.6,0.516397779,0.32006666,10
25703957_MinPolqaSfbRecording_cut.wav,2.1,0.567646212,0.351830767,10
25647860_MinPolqaSfbRecording_cut.wav,2.4,0.966091783,0.598789891,10
25710033_MinPolqaSfbRecording_cut.wav,3.1,0.567646212,0.351830767,10
25888701_MinPolqaSfbRecording_cut.wav,4.1,0.567646212,0.351830767,10
25741004_MinPolqaSfbRecording_cut.wav,3.1,0.737864787,0.457333333,10
25874625_MinPolqaSfbRecording_cut.wav,4.5,0.707106781,0.438269324,10
25648337_MinPolqaSfbRecording_cut.wav,2.1,1.100504935,0.682100025,10
25942781_MinPolqaSfbRecording_cut.wav,3.5,0.534522484,0.370405184,8
25762509_MinPolqaSfbRecording_cut.wav,2.25,0.88640526,0.614247507,8
25993224_MinPolqaSfbRecording_cut.wav,3.875,0.353553391,0.245,8
25885617_MinPolqaSfbRecording_cut.wav,4.125,0.353553391,0.245,8
26009651_MinPolqaSfbRecording_cut.wav,1.875,0.991031209,0.68674959,8
25761763_MinPolqaSfbRecording_cut.wav,2.125,0.640869944,0.444100214,8
25718248_MinPolqaSfbRecording_cut.wav,2.75,1.035098339,0.717286554,8
25752565_MinPolqaSfbRecording_cut.wav,4.0,0.534522484,0.370405184,8
25727301_MinPolqaSfbRecording_cut.wav,4.285714286,0.755928946,0.56,7
25865613_MinPolqaSfbRecording_cut.wav,3.428571429,0.534522484,0.395979797,7
25629487_MinPolqaSfbRecording_cut.wav,2.0,1.0,0.740810367,7
25860394_MinPolqaSfbRecording_cut.wav,3.142857143,0.377964473,0.28,7
25711832_MinPolqaSfbRecording_cut.wav,3.428571429,1.133893419,0.84,7
25899274_MinPolqaSfbRecording_cut.wav,3.571428571,0.534522484,0.395979797,7
25876663_MinPolqaSfbRecording_cut.wav,1.571428571,1.133893419,0.84,7
25713198_MinPolqaSfbRecording_cut.wav,1.75,1.035098339,0.717286554,8
25761850_MinPolqaSfbRecording_cut.wav,3.75,0.707106781,0.49,8
25799132_MinPolqaSfbRecording_cut.wav,1.625,0.744023809,0.515582195,8
25715577_MinPolqaSfbRecording_cut.wav,1.875,0.991031209,0.68674959,8
25778236_MinPolqaSfbRecording_cut.wav,4.375,0.744023809,0.515582195,8
25735781_MinPolqaSfbRecording_cut.wav,3.75,1.035098339,0.717286554,8
25851526_MinPolqaSfbRecording_cut.wav,3.75,0.707106781,0.49,8
25697906_MinPolqaSfbRecording_cut.wav,3.0,0.755928946,0.523832034,8
25797350_MinPolqaSfbRecording_cut.wav,2.0,0.9258201,0.641560597,8
25735730_MinPolqaSfbRecording_cut.wav,4.0,0.0,0.0,7
25610995_MinPolqaSfbRecording_cut.wav,4.0,0.577350269,0.427707065,7
25940400_MinPolqaSfbRecording_cut.wav,4.142857143,0.899735411,0.66653332,7
25735686_MinPolqaSfbRecording_cut.wav,3.571428571,0.534522484,0.395979797,7
25947932_MinPolqaSfbRecording_cut.wav,4.428571429,0.534522484,0.395979797,7
25873739_MinPolqaSfbRecording_cut.wav,2.571428571,0.975900073,0.722956891,7
25752871_MinPolqaSfbRecording_cut.wav,3.285714286,0.755928946,0.56,7
25797191_MinPolqaSfbRecording_cut.wav,1.125,0.353553391,0.245,8
25908063_MinPolqaSfbRecording_cut.wav,3.5,0.755928946,0.523832034,8
25702124_MinPolqaSfbRecording_cut.wav,3.125,0.991031209,0.68674959,8
26004295_MinPolqaSfbRecording_cut.wav,4.125,0.640869944,0.444100214,8
25644872_MinPolqaSfbRecording_cut.wav,4.25,0.46291005,0.320780299,8
25646758_MinPolqaSfbRecording_cut.wav,2.0,1.069044968,0.740810367,8
25883414_MinPolqaSfbRecording_cut.wav,2.125,0.83452296,0.578294907,8
25695797_MinPolqaSfbRecording_cut.wav,3.125,0.991031209,0.68674959,8
25938272_MinPolqaSfbRecording_cut.wav,4.125,0.83452296,0.578294907,8
25636384_MinPolqaSfbRecording_cut.wav,3.0,1.154700538,0.715690808,10
25798287_MinPolqaSfbRecording_cut.wav,2.5,1.08012345,0.66946745,10
25718275_MinPolqaSfbRecording_cut.wav,2.7,0.823272602,0.510269645,10
25842751_MinPolqaSfbRecording_cut.wav,1.9,0.875595036,0.542699426,10
25613187_MinPolqaSfbRecording_cut.wav,3.9,0.994428926,0.616353434,10
25699502_MinPolqaSfbRecording_cut.wav,3.8,0.632455532,0.392,10
25705695_MinPolqaSfbRecording_cut.wav,2.5,1.269295518,0.786717512,10
25708504_MinPolqaSfbRecording_cut.wav,3.8,0.788810638,0.488909899,10
25847764_MinPolqaSfbRecording_cut.wav,4.3,0.483045892,0.299394945,10
25694717_MinPolqaSfbRecording_cut.wav,4.3,0.674948558,0.41833745,10
25766106_MinPolqaSfbRecording_cut.wav,4.4,0.699205899,0.433372306,10
25706157_MinPolqaSfbRecording_cut.wav,1.9,0.994428926,0.616353434,10
25878344_MinPolqaSfbRecording_cut.wav,4.4,0.699205899,0.433372306,10
25961995_MinPolqaSfbRecording_cut.wav,3.2,0.632455532,0.392,10
25799193_MinPolqaSfbRecording_cut.wav,4.4,0.843274043,0.522666667,10
25857876_MinPolqaSfbRecording_cut.wav,3.0,0.666666667,0.413204281,10
25864079_MinPolqaSfbRecording_cut.wav,2.0,0.816496581,0.604869132,7
25902000_MinPolqaSfbRecording_cut.wav,3.571428571,0.786795792,0.58286648,7
25874545_MinPolqaSfbRecording_cut.wav,3.714285714,1.253566341,0.928654941,7
25934193_MinPolqaSfbRecording_cut.wav,1.857142857,1.069044968,0.791959595,7
25721844_MinPolqaSfbRecording_cut.wav,2.285714286,1.112697281,0.824297681,7
25805142_MinPolqaSfbRecording_cut.wav,3.142857143,0.690065559,0.51120772,7
26005913_MinPolqaSfbRecording_cut.wav,4.142857143,0.377964473,0.28,7
25651035_MinPolqaSfbRecording_cut.wav,3.0,0.816496581,0.604869132,7
25779102_MinPolqaSfbRecording_cut.wav,4.0,0.577350269,0.427707065,7
25984123_MinPolqaSfbRecording_cut.wav,2.0,0.707106781,0.46197643,9
25653760_MinPolqaSfbRecording_cut.wav,1.888888889,1.054092553,0.688673802,9
25724060_MinPolqaSfbRecording_cut.wav,3.333333333,0.866025404,0.565803264,9
25779076_MinPolqaSfbRecording_cut.wav,3.111111111,0.78173596,0.510734161,9
25658046_MinPolqaSfbRecording_cut.wav,3.666666667,0.707106781,0.46197643,9
25801869_MinPolqaSfbRecording_cut.wav,3.777777778,0.666666667,0.435555556,9
25630403_MinPolqaSfbRecording_cut.wav,4.111111111,0.78173596,0.510734161,9
25745729_MinPolqaSfbRecording_cut.wav,4.1,0.737864787,0.457333333,10
25917114_MinPolqaSfbRecording_cut.wav,3.6,0.843274043,0.522666667,10
26013548_MinPolqaSfbRecording_cut.wav,3.2,0.918936583,0.569562795,10
25638826_MinPolqaSfbRecording_cut.wav,3.1,1.100504935,0.682100025,10
25765469_MinPolqaSfbRecording_cut.wav,1.7,0.948683298,0.588,10
25881198_MinPolqaSfbRecording_cut.wav,1.7,0.948683298,0.588,10
25915227_MinPolqaSfbRecording_cut.wav,3.9,0.875595036,0.542699426,10
25712870_MinPolqaSfbRecording_cut.wav,2.9,1.100504935,0.682100025,10
25972230_MinPolqaSfbRecording_cut.wav,3.571428571,0.534522484,0.395979797,7
25851371_MinPolqaSfbRecording_cut.wav,3.714285714,0.755928946,0.56,7
25920875_MinPolqaSfbRecording_cut.wav,2.714285714,0.487950036,0.361478446,7
25861680_MinPolqaSfbRecording_cut.wav,3.428571429,0.786795792,0.58286648,7
25662325_MinPolqaSfbRecording_cut.wav,1.428571429,0.534522484,0.395979797,7
25714286_MinPolqaSfbRecording_cut.wav,1.714285714,0.951189731,0.704651214,7
25991415_MinPolqaSfbRecording_cut.wav,2.571428571,0.534522484,0.395979797,7
25977179_MinPolqaSfbRecording_cut.wav,2.142857143,0.690065559,0.51120772,7
25716264_MinPolqaSfbRecording_cut.wav,2.125,0.83452296,0.578294907,8
25764379_MinPolqaSfbRecording_cut.wav,2.5,0.534522484,0.370405184,8
25985064_MinPolqaSfbRecording_cut.wav,2.0,0.9258201,0.641560597,8
25720124_MinPolqaSfbRecording_cut.wav,2.625,0.51754917,0.358643277,8
25693737_MinPolqaSfbRecording_cut.wav,2.625,0.744023809,0.515582195,8
25764094_MinPolqaSfbRecording_cut.wav,4.125,0.353553391,0.245,8
25916178_MinPolqaSfbRecording_cut.wav,3.375,0.744023809,0.515582195,8
25747560_MinPolqaSfbRecording_cut.wav,4.125,0.640869944,0.444100214,8
25698244_MinPolqaSfbRecording_cut.wav,2.375,0.916125381,0.6348425,8
25714498_MinPolqaSfbRecording_cut.wav,3.25,0.707106781,0.49,8
26003385_MinPolqaSfbRecording_cut.wav,3.625,0.744023809,0.515582195,8
25650363_MinPolqaSfbRecording_cut.wav,2.75,0.707106781,0.49,8
25641102_MinPolqaSfbRecording_cut.wav,4.625,0.51754917,0.358643277,8
25628563_MinPolqaSfbRecording_cut.wav,3.125,1.246423455,0.863727388,8
25740494_MinPolqaSfbRecording_cut.wav,2.5,0.755928946,0.523832034,8
25938259_MinPolqaSfbRecording_cut.wav,4.833333333,0.40824829,0.326666667,6
25967871_MinPolqaSfbRecording_cut.wav,4.166666667,0.40824829,0.326666667,6
25877671_MinPolqaSfbRecording_cut.wav,1.166666667,0.40824829,0.326666667,6
25658145_MinPolqaSfbRecording_cut.wav,2.833333333,0.752772653,0.602343571,6
25760942_MinPolqaSfbRecording_cut.wav,3.5,0.836660027,0.66946745,6
25960166_MinPolqaSfbRecording_cut.wav,3.0,0.632455532,0.506069824,6
25632437_MinPolqaSfbRecording_cut.wav,3.666666667,0.816496581,0.653333333,6
25631898_MinPolqaSfbRecording_cut.wav,4.0,0.577350269,0.427707065,7
25735989_MinPolqaSfbRecording_cut.wav,3.714285714,0.487950036,0.361478446,7
25990150_MinPolqaSfbRecording_cut.wav,1.857142857,0.377964473,0.28,7
25918001_MinPolqaSfbRecording_cut.wav,1.428571429,0.534522484,0.395979797,7
25858678_MinPolqaSfbRecording_cut.wav,3.428571429,0.786795792,0.58286648,7
25996350_MinPolqaSfbRecording_cut.wav,3.428571429,0.534522484,0.395979797,7
25647457_MinPolqaSfbRecording_cut.wav,3.142857143,0.690065559,0.51120772,7
25940137_MinPolqaSfbRecording_cut.wav,3.714285714,0.755928946,0.56,7
25900268_MinPolqaSfbRecording_cut.wav,4.142857143,0.690065559,0.51120772,7
25884213_MinPolqaSfbRecording_cut.wav,4.428571429,0.534522484,0.395979797,7
25728765_MinPolqaSfbRecording_cut.wav,3.222222222,1.092906421,0.714032195,9
25991702_MinPolqaSfbRecording_cut.wav,4.0,0.5,0.326666667,9
25759724_MinPolqaSfbRecording_cut.wav,4.222222222,0.666666667,0.435555556,9
25711573_MinPolqaSfbRecording_cut.wav,1.111111111,0.333333333,0.217777778,9
25626641_MinPolqaSfbRecording_cut.wav,4.333333333,0.707106781,0.46197643,9
25976990_MinPolqaSfbRecording_cut.wav,3.777777778,0.666666667,0.435555556,9
25662650_MinPolqaSfbRecording_cut.wav,4.333333333,0.5,0.326666667,9
25914540_MinPolqaSfbRecording_cut.wav,1.555555556,0.726483157,0.474635663,9
25978087_MinPolqaSfbRecording_cut.wav,2.333333333,0.5,0.326666667,9
25649158_MinPolqaSfbRecording_cut.wav,4.125,0.640869944,0.444100214,8
25850788_MinPolqaSfbRecording_cut.wav,4.0,0.9258201,0.641560597,8
25715294_MinPolqaSfbRecording_cut.wav,2.5,0.9258201,0.641560597,8
25663805_MinPolqaSfbRecording_cut.wav,3.0,0.755928946,0.523832034,8
25937415_MinPolqaSfbRecording_cut.wav,3.375,0.744023809,0.515582195,8
25945243_MinPolqaSfbRecording_cut.wav,3.375,0.51754917,0.358643277,8
25722833_MinPolqaSfbRecording_cut.wav,1.5,0.534522484,0.370405184,8
25974056_MinPolqaSfbRecording_cut.wav,3.0,0.9258201,0.641560597,8
25840027_MinPolqaSfbRecording_cut.wav,1.625,0.744023809,0.515582195,8
25744868_MinPolqaSfbRecording_cut.wav,4.125,0.83452296,0.578294907,8
25703195_MinPolqaSfbRecording_cut.wav,3.125,1.457737974,1.010160878,8
25947877_MinPolqaSfbRecording_cut.wav,3.5,0.755928946,0.523832034,8
25635662_MinPolqaSfbRecording_cut.wav,2.125,0.83452296,0.578294907,8
25846123_MinPolqaSfbRecording_cut.wav,1.857142857,0.690065559,0.51120772,7
25946186_MinPolqaSfbRecording_cut.wav,3.285714286,0.487950036,0.361478446,7
25891286_MinPolqaSfbRecording_cut.wav,1.714285714,0.487950036,0.361478446,7
25917382_MinPolqaSfbRecording_cut.wav,4.0,0.577350269,0.427707065,7
25983798_MinPolqaSfbRecording_cut.wav,3.428571429,0.786795792,0.58286648,7
26008663_MinPolqaSfbRecording_cut.wav,3.571428571,0.975900073,0.722956891,7
25717094_MinPolqaSfbRecording_cut.wav,3.571428571,1.133893419,0.84,7
26001815_MinPolqaSfbRecording_cut.wav,4.285714286,0.487950036,0.361478446,7
25933793_MinPolqaSfbRecording_cut.wav,2.0,0.577350269,0.427707065,7
25805088_MinPolqaSfbRecording_cut.wav,2.0,1.0,0.740810367,7
25757270_MinPolqaSfbRecording_cut.wav,4.666666667,0.5,0.326666667,9
25719479_MinPolqaSfbRecording_cut.wav,2.888888889,0.600925213,0.392604472,9
25627530_MinPolqaSfbRecording_cut.wav,2.555555556,0.881917104,0.576185841,9
25714550_MinPolqaSfbRecording_cut.wav,2.777777778,1.092906421,0.714032195,9
26000540_MinPolqaSfbRecording_cut.wav,4.111111111,0.600925213,0.392604472,9
25759957_MinPolqaSfbRecording_cut.wav,4.0,0.707106781,0.46197643,9
25750929_MinPolqaSfbRecording_cut.wav,4.333333333,0.5,0.326666667,9
25705070_MinPolqaSfbRecording_cut.wav,2.777777778,0.833333333,0.544444444,9
25777431_MinPolqaSfbRecording_cut.wav,3.666666667,0.866025404,0.565803264,9
25715842_MinPolqaSfbRecording_cut.wav,2.25,1.035098339,0.717286554,8
25706662_MinPolqaSfbRecording_cut.wav,3.5,1.195228609,0.82825117,8
25711448_MinPolqaSfbRecording_cut.wav,2.375,0.51754917,0.358643277,8
25707399_MinPolqaSfbRecording_cut.wav,3.0,0.755928946,0.523832034,8
25734009_MinPolqaSfbRecording_cut.wav,3.375,0.916125381,0.6348425,8
25637696_MinPolqaSfbRecording_cut.wav,2.375,0.916125381,0.6348425,8
25618551_MinPolqaSfbRecording_cut.wav,2.375,0.744023809,0.515582195,8
25992911_MinPolqaSfbRecording_cut.wav,4.25,0.707106781,0.49,8
25720213_MinPolqaSfbRecording_cut.wav,1.625,0.51754917,0.358643277,8
25660897_MinPolqaSfbRecording_cut.wav,3.888888889,0.600925213,0.392604472,9
25978871_MinPolqaSfbRecording_cut.wav,3.666666667,0.5,0.326666667,9
25872857_MinPolqaSfbRecording_cut.wav,4.555555556,0.527046277,0.344336901,9
25638453_MinPolqaSfbRecording_cut.wav,3.777777778,0.833333333,0.544444444,9
25840937_MinPolqaSfbRecording_cut.wav,2.888888889,0.78173596,0.510734161,9
25847772_MinPolqaSfbRecording_cut.wav,4.111111111,0.600925213,0.392604472,9
25755131_MinPolqaSfbRecording_cut.wav,4.111111111,0.333333333,0.217777778,9
25700255_MinPolqaSfbRecording_cut.wav,2.555555556,0.527046277,0.344336901,9
25716298_MinPolqaSfbRecording_cut.wav,2.625,1.407885953,0.975615191,8
25890951_MinPolqaSfbRecording_cut.wav,3.625,0.744023809,0.515582195,8
25756981_MinPolqaSfbRecording_cut.wav,3.75,0.707106781,0.49,8
25899161_MinPolqaSfbRecording_cut.wav,4.25,0.88640526,0.614247507,8
25738538_MinPolqaSfbRecording_cut.wav,3.75,1.035098339,0.717286554,8
25636001_MinPolqaSfbRecording_cut.wav,2.625,1.060660172,0.735,8
25627685_MinPolqaSfbRecording_cut.wav,4.0,0.755928946,0.523832034,8
25620607_MinPolqaSfbRecording_cut.wav,2.375,1.302470181,0.902565787,8
25996847_MinPolqaSfbRecording_cut.wav,3.625,0.916125381,0.6348425,8
25612006_MinPolqaSfbRecording_cut.wav,2.0,1.069044968,0.740810367,8
25781308_MinPolqaSfbRecording_cut.wav,2.571428571,0.534522484,0.395979797,7
25702137_MinPolqaSfbRecording_cut.wav,2.428571429,0.786795792,0.58286648,7
25801015_MinPolqaSfbRecording_cut.wav,2.0,0.577350269,0.427707065,7
25943707_MinPolqaSfbRecording_cut.wav,3.857142857,0.690065559,0.51120772,7
25944839_MinPolqaSfbRecording_cut.wav,3.714285714,0.755928946,0.56,7
25699283_MinPolqaSfbRecording_cut.wav,1.857142857,0.690065559,0.51120772,7
25802074_MinPolqaSfbRecording_cut.wav,4.0,0.816496581,0.604869132,7
25750423_MinPolqaSfbRecording_cut.wav,3.0,0.577350269,0.427707065,7
25765205_MinPolqaSfbRecording_cut.wav,3.714285714,0.951189731,0.704651214,7
25632189_MinPolqaSfbRecording_cut.wav,3.222222222,0.971825316,0.634925873,9
25964830_MinPolqaSfbRecording_cut.wav,2.222222222,0.666666667,0.435555556,9
25626958_MinPolqaSfbRecording_cut.wav,3.0,0.707106781,0.46197643,9
25630068_MinPolqaSfbRecording_cut.wav,2.888888889,0.927960727,0.606267675,9
25696045_MinPolqaSfbRecording_cut.wav,1.777777778,0.833333333,0.544444444,9
25712852_MinPolqaSfbRecording_cut.wav,2.0,0.707106781,0.46197643,9
25881678_MinPolqaSfbRecording_cut.wav,3.777777778,0.666666667,0.435555556,9
25732487_MinPolqaSfbRecording_cut.wav,1.888888889,0.927960727,0.606267675,9
25864845_MinPolqaSfbRecording_cut.wav,1.571428571,0.534522484,0.395979797,7
25972344_MinPolqaSfbRecording_cut.wav,3.142857143,1.214985793,0.900074071,7
25664516_MinPolqaSfbRecording_cut.wav,3.857142857,0.377964473,0.28,7
25918193_MinPolqaSfbRecording_cut.wav,2.714285714,0.951189731,0.704651214,7
25695592_MinPolqaSfbRecording_cut.wav,3.714285714,0.755928946,0.56,7
25633279_MinPolqaSfbRecording_cut.wav,2.6,0.547722558,0.48009999,5
25894480_MinPolqaSfbRecording_cut.wav,4.6,0.547722558,0.48009999,5
25840783_MinPolqaSfbRecording_cut.wav,3.6,0.547722558,0.48009999,5
25777264_MinPolqaSfbRecording_cut.wav,3.8,0.836660027,0.733364848,5
25704259_MinPolqaSfbRecording_cut.wav,1.6,0.547722558,0.48009999,5
26004613_MinPolqaSfbRecording_cut.wav,3.0,0.707106781,0.619806421,5
25875888_MinPolqaSfbRecording_cut.wav,2.0,1.0,0.876538647,5
25896713_MinPolqaSfbRecording_cut.wav,4.4,0.547722558,0.48009999,5
25697540_MinPolqaSfbRecording_cut.wav,2.0,1.224744871,1.073536213,5
25708486_MinPolqaSfbRecording_cut.wav,1.4,0.547722558,0.48009999,5
25630126_MinPolqaSfbRecording_cut.wav,2.4,1.349897115,0.8366749,10
25855241_MinPolqaSfbRecording_cut.wav,1.9,0.994428926,0.616353434,10
25641212_MinPolqaSfbRecording_cut.wav,3.8,0.632455532,0.392,10
25972127_MinPolqaSfbRecording_cut.wav,3.7,0.483045892,0.299394945,10
26007754_MinPolqaSfbRecording_cut.wav,3.8,0.788810638,0.488909899,10
25897156_MinPolqaSfbRecording_cut.wav,3.2,0.632455532,0.392,10
25979568_MinPolqaSfbRecording_cut.wav,3.9,0.316227766,0.196,10
25893047_MinPolqaSfbRecording_cut.wav,4.5,0.527046277,0.326666667,10
25635473_MinPolqaSfbRecording_cut.wav,1.75,1.035098339,0.717286554,8
25985519_MinPolqaSfbRecording_cut.wav,2.0,1.069044968,0.740810367,8
25871803_MinPolqaSfbRecording_cut.wav,4.0,0.755928946,0.523832034,8
25745043_MinPolqaSfbRecording_cut.wav,1.75,0.88640526,0.614247507,8
25613976_MinPolqaSfbRecording_cut.wav,2.25,0.707106781,0.49,8
25983350_MinPolqaSfbRecording_cut.wav,2.625,0.744023809,0.515582195,8
25614524_MinPolqaSfbRecording_cut.wav,2.75,1.035098339,0.717286554,8
25744685_MinPolqaSfbRecording_cut.wav,2.625,0.916125381,0.6348425,8
25714890_MinPolqaSfbRecording_cut.wav,2.5,1.309307341,0.907303698,8
25708376_MinPolqaSfbRecording_cut.wav,4.0,0.755928946,0.523832034,8
25699204_MinPolqaSfbRecording_cut.wav,2.222222222,0.666666667,0.435555556,9
25624599_MinPolqaSfbRecording_cut.wav,2.222222222,0.833333333,0.544444444,9
25749150_MinPolqaSfbRecording_cut.wav,4.444444444,0.881917104,0.576185841,9
25702314_MinPolqaSfbRecording_cut.wav,2.333333333,0.866025404,0.565803264,9
25988998_MinPolqaSfbRecording_cut.wav,4.333333333,0.707106781,0.46197643,9
25720033_MinPolqaSfbRecording_cut.wav,3.222222222,0.971825316,0.634925873,9
25801833_MinPolqaSfbRecording_cut.wav,3.888888889,0.600925213,0.392604472,9
25693915_MinPolqaSfbRecording_cut.wav,2.444444444,0.726483157,0.474635663,9
25716364_MinPolqaSfbRecording_cut.wav,3.222222222,0.833333333,0.544444444,9
25723775_MinPolqaSfbRecording_cut.wav,2.666666667,0.707106781,0.46197643,9
25710899_MinPolqaSfbRecording_cut.wav,2.0,1.0,0.876538647,5
25937346_MinPolqaSfbRecording_cut.wav,3.0,0.707106781,0.619806421,5
25649092_MinPolqaSfbRecording_cut.wav,3.6,0.547722558,0.48009999,5
25629144_MinPolqaSfbRecording_cut.wav,2.8,1.303840481,1.142866571,5
25800546_MinPolqaSfbRecording_cut.wav,1.8,0.836660027,0.733364848,5
25856747_MinPolqaSfbRecording_cut.wav,4.0,1.0,0.876538647,5
25993113_MinPolqaSfbRecording_cut.wav,3.6,0.894427191,0.784,5
25847924_MinPolqaSfbRecording_cut.wav,2.4,0.547722558,0.48009999,5
25862166_MinPolqaSfbRecording_cut.wav,4.0,0.707106781,0.619806421,5
25804411_MinPolqaSfbRecording_cut.wav,2.4,0.894427191,0.784,5
25696661_MinPolqaSfbRecording_cut.wav,2.1,0.994428926,0.616353434,10
25950178_MinPolqaSfbRecording_cut.wav,3.5,0.527046277,0.326666667,10
26001015_MinPolqaSfbRecording_cut.wav,4.5,0.707106781,0.438269324,10
25843296_MinPolqaSfbRecording_cut.wav,3.6,0.516397779,0.32006666,10
25739620_MinPolqaSfbRecording_cut.wav,3.7,0.483045892,0.299394945,10
25757041_MinPolqaSfbRecording_cut.wav,2.5,1.178511302,0.730448873,10
25727091_MinPolqaSfbRecording_cut.wav,4.5,0.527046277,0.326666667,10
25643916_MinPolqaSfbRecording_cut.wav,3.7,0.674948558,0.41833745,10
25997783_MinPolqaSfbRecording_cut.wav,3.444444444,0.881917104,0.576185841,9
25763550_MinPolqaSfbRecording_cut.wav,1.777777778,0.971825316,0.634925873,9
25997225_MinPolqaSfbRecording_cut.wav,3.777777778,0.833333333,0.544444444,9
25639487_MinPolqaSfbRecording_cut.wav,1.777777778,0.666666667,0.435555556,9
25700259_MinPolqaSfbRecording_cut.wav,2.222222222,0.666666667,0.435555556,9
25922983_MinPolqaSfbRecording_cut.wav,4.222222222,0.833333333,0.544444444,9
25744573_MinPolqaSfbRecording_cut.wav,1.555555556,0.527046277,0.344336901,9
25710313_MinPolqaSfbRecording_cut.wav,4.111111111,0.78173596,0.510734161,9
25714642_MinPolqaSfbRecording_cut.wav,2.555555556,0.881917104,0.576185841,9
25716733_MinPolqaSfbRecording_cut.wav,3.555555556,0.527046277,0.344336901,9
25931857_MinPolqaSfbRecording_cut.wav,4.222222222,0.666666667,0.435555556,9
26013531_MinPolqaSfbRecording_cut.wav,4.111111111,0.333333333,0.217777778,9
25694810_MinPolqaSfbRecording_cut.wav,2.444444444,1.013793755,0.662345253,9
25660709_MinPolqaSfbRecording_cut.wav,3.666666667,0.5,0.326666667,9
25765099_MinPolqaSfbRecording_cut.wav,3.222222222,0.666666667,0.435555556,9
25973692_MinPolqaSfbRecording_cut.wav,2.111111111,1.054092553,0.688673802,9
25711257_MinPolqaSfbRecording_cut.wav,2.111111111,0.927960727,0.606267675,9
25904586_MinPolqaSfbRecording_cut.wav,4.444444444,0.726483157,0.474635663,9
25756467_MinPolqaSfbRecording_cut.wav,1.555555556,1.013793755,0.662345253,9
25640790_MinPolqaSfbRecording_cut.wav,1.777777778,0.666666667,0.435555556,9
25626905_MinPolqaSfbRecording_cut.wav,1.777777778,0.833333333,0.544444444,9
25990490_MinPolqaSfbRecording_cut.wav,2.888888889,0.78173596,0.510734161,9
25890700_MinPolqaSfbRecording_cut.wav,1.777777778,0.666666667,0.435555556,9
25732119_MinPolqaSfbRecording_cut.wav,3.333333333,0.707106781,0.46197643,9
25925796_MinPolqaSfbRecording_cut.wav,1.375,0.51754917,0.358643277,8
25760648_MinPolqaSfbRecording_cut.wav,4.5,0.755928946,0.523832034,8
25760735_MinPolqaSfbRecording_cut.wav,4.0,0.755928946,0.523832034,8
25798139_MinPolqaSfbRecording_cut.wav,2.25,0.88640526,0.614247507,8
25640287_MinPolqaSfbRecording_cut.wav,4.25,0.707106781,0.49,8
25712723_MinPolqaSfbRecording_cut.wav,1.375,0.744023809,0.515582195,8
26011699_MinPolqaSfbRecording_cut.wav,4.375,0.744023809,0.515582195,8
25635322_MinPolqaSfbRecording_cut.wav,3.375,1.302470181,0.902565787,8
25850414_MinPolqaSfbRecording_cut.wav,4.0,0.755928946,0.523832034,8
25949122_MinPolqaSfbRecording_cut.wav,3.5,0.707106781,0.438269324,10
25723672_MinPolqaSfbRecording_cut.wav,3.0,0.471404521,0.292179549,10
25618281_MinPolqaSfbRecording_cut.wav,2.0,1.154700538,0.715690808,10
25704899_MinPolqaSfbRecording_cut.wav,2.8,0.918936583,0.569562795,10
25840076_MinPolqaSfbRecording_cut.wav,4.0,1.154700538,0.715690808,10
25633705_MinPolqaSfbRecording_cut.wav,1.6,1.0749677,0.666271883,10
25612747_MinPolqaSfbRecording_cut.wav,2.3,0.948683298,0.588,10
25706543_MinPolqaSfbRecording_cut.wav,3.1,0.994428926,0.616353434,10
25695666_MinPolqaSfbRecording_cut.wav,2.142857143,0.690065559,0.51120772,7
25972406_MinPolqaSfbRecording_cut.wav,4.285714286,0.755928946,0.56,7
25876296_MinPolqaSfbRecording_cut.wav,2.714285714,0.755928946,0.56,7
25991026_MinPolqaSfbRecording_cut.wav,3.428571429,0.786795792,0.58286648,7
25643988_MinPolqaSfbRecording_cut.wav,1.142857143,0.377964473,0.28,7
25854911_MinPolqaSfbRecording_cut.wav,2.285714286,0.755928946,0.56,7
25902809_MinPolqaSfbRecording_cut.wav,1.571428571,0.534522484,0.395979797,7
25969851_MinPolqaSfbRecording_cut.wav,2.857142857,0.377964473,0.28,7
25779019_MinPolqaSfbRecording_cut.wav,4.428571429,0.534522484,0.395979797,7
25804985_MinPolqaSfbRecording_cut.wav,3.142857143,1.214985793,0.900074071,7
25711000_MinPolqaSfbRecording_cut.wav,3.428571429,0.786795792,0.58286648,7
25701314_MinPolqaSfbRecording_cut.wav,4.142857143,0.899735411,0.66653332,7
25939371_MinPolqaSfbRecording_cut.wav,3.428571429,0.534522484,0.395979797,7
25803556_MinPolqaSfbRecording_cut.wav,2.714285714,0.487950036,0.361478446,7
25720629_MinPolqaSfbRecording_cut.wav,3.857142857,0.690065559,0.51120772,7
25885978_MinPolqaSfbRecording_cut.wav,4.0,0.577350269,0.427707065,7
25853255_MinPolqaSfbRecording_cut.wav,1.1,0.316227766,0.196,10
25782661_MinPolqaSfbRecording_cut.wav,2.8,0.788810638,0.488909899,10
25961603_MinPolqaSfbRecording_cut.wav,3.6,0.966091783,0.598789891,10
25611934_MinPolqaSfbRecording_cut.wav,3.2,0.788810638,0.488909899,10
25938331_MinPolqaSfbRecording_cut.wav,3.8,0.788810638,0.488909899,10
25630108_MinPolqaSfbRecording_cut.wav,3.0,0.816496581,0.506069824,10
25841692_MinPolqaSfbRecording_cut.wav,3.9,0.875595036,0.542699426,10
25857912_MinPolqaSfbRecording_cut.wav,1.7,1.059349905,0.656591874,10
25806422_MinPolqaSfbRecording_cut.wav,3.0,0.942809042,0.584359098,10
25854840_MinPolqaSfbRecording_cut.wav,2.777777778,0.833333333,0.544444444,9
25762584_MinPolqaSfbRecording_cut.wav,2.444444444,0.881917104,0.576185841,9
25615103_MinPolqaSfbRecording_cut.wav,3.222222222,0.971825316,0.634925873,9
25889002_MinPolqaSfbRecording_cut.wav,3.777777778,0.971825316,0.634925873,9
25779044_MinPolqaSfbRecording_cut.wav,4.333333333,0.5,0.326666667,9
25701541_MinPolqaSfbRecording_cut.wav,1.888888889,0.78173596,0.510734161,9
25977568_MinPolqaSfbRecording_cut.wav,2.222222222,0.440958552,0.288092921,9
25932036_MinPolqaSfbRecording_cut.wav,4.111111111,0.600925213,0.392604472,9
25707684_MinPolqaSfbRecording_cut.wav,1.75,0.707106781,0.49,8
25921187_MinPolqaSfbRecording_cut.wav,3.625,0.916125381,0.6348425,8
25752200_MinPolqaSfbRecording_cut.wav,2.25,0.46291005,0.320780299,8
25611757_MinPolqaSfbRecording_cut.wav,3.125,0.991031209,0.68674959,8
25981117_MinPolqaSfbRecording_cut.wav,1.75,0.707106781,0.49,8
25737524_MinPolqaSfbRecording_cut.wav,3.875,0.991031209,0.68674959,8
25906894_MinPolqaSfbRecording_cut.wav,2.625,0.744023809,0.515582195,8
25712268_MinPolqaSfbRecording_cut.wav,4.222222222,0.666666667,0.435555556,9
25764556_MinPolqaSfbRecording_cut.wav,4.333333333,0.707106781,0.46197643,9
25881470_MinPolqaSfbRecording_cut.wav,3.888888889,1.054092553,0.688673802,9
25724678_MinPolqaSfbRecording_cut.wav,2.777777778,0.971825316,0.634925873,9
25620902_MinPolqaSfbRecording_cut.wav,2.555555556,0.881917104,0.576185841,9
25733205_MinPolqaSfbRecording_cut.wav,4.111111111,0.78173596,0.510734161,9
25801689_MinPolqaSfbRecording_cut.wav,4.0,0.707106781,0.46197643,9
25858111_MinPolqaSfbRecording_cut.wav,3.333333333,0.866025404,0.565803264,9
25713703_MinPolqaSfbRecording_cut.wav,1.666666667,1.0,0.653333333,9
25848675_MinPolqaSfbRecording_cut.wav,3.666666667,0.866025404,0.565803264,9
25739186_MinPolqaSfbRecording_cut.wav,3.888888889,0.78173596,0.510734161,9
25724443_MinPolqaSfbRecording_cut.wav,2.333333333,0.5,0.326666667,9
25706482_MinPolqaSfbRecording_cut.wav,3.333333333,0.707106781,0.46197643,9
25735906_MinPolqaSfbRecording_cut.wav,2.555555556,0.881917104,0.576185841,9
25919754_MinPolqaSfbRecording_cut.wav,3.888888889,0.600925213,0.392604472,9
25663306_MinPolqaSfbRecording_cut.wav,2.555555556,0.726483157,0.474635663,9
25967357_MinPolqaSfbRecording_cut.wav,1.888888889,1.054092553,0.688673802,9
25657868_MinPolqaSfbRecording_cut.wav,3.375,0.916125381,0.6348425,8
25912602_MinPolqaSfbRecording_cut.wav,4.25,0.707106781,0.49,8
25900695_MinPolqaSfbRecording_cut.wav,3.0,0.755928946,0.523832034,8
25631838_MinPolqaSfbRecording_cut.wav,2.75,0.707106781,0.49,8
25968308_MinPolqaSfbRecording_cut.wav,1.5,1.069044968,0.740810367,8
25705799_MinPolqaSfbRecording_cut.wav,2.0,0.755928946,0.523832034,8
25915551_MinPolqaSfbRecording_cut.wav,3.125,0.83452296,0.578294907,8
25890433_MinPolqaSfbRecording_cut.wav,4.625,0.51754917,0.358643277,8
25861148_MinPolqaSfbRecording_cut.wav,4.125,0.640869944,0.444100214,8
25868562_MinPolqaSfbRecording_cut.wav,2.25,0.88640526,0.614247507,8
25899247_MinPolqaSfbRecording_cut.wav,3.75,0.46291005,0.320780299,8
25742255_MinPolqaSfbRecording_cut.wav,2.5,0.534522484,0.370405184,8
25845046_MinPolqaSfbRecording_cut.wav,4.125,0.353553391,0.245,8
25665295_MinPolqaSfbRecording_cut.wav,3.5,0.534522484,0.370405184,8
25636218_MinPolqaSfbRecording_cut.wav,2.0,1.069044968,0.740810367,8
26005195_MinPolqaSfbRecording_cut.wav,1.5,0.755928946,0.523832034,8
25967158_MinPolqaSfbRecording_cut.wav,3.5,0.534522484,0.370405184,8
25697163_MinPolqaSfbRecording_cut.wav,1.666666667,0.516397779,0.413204281,6
25848915_MinPolqaSfbRecording_cut.wav,4.333333333,0.816496581,0.653333333,6
25712980_MinPolqaSfbRecording_cut.wav,1.833333333,0.752772653,0.602343571,6
25697700_MinPolqaSfbRecording_cut.wav,1.5,0.836660027,0.66946745,6
25959743_MinPolqaSfbRecording_cut.wav,4.166666667,0.98319208,0.786717512,6
25732261_MinPolqaSfbRecording_cut.wav,4.0,1.095445115,0.876538647,6
25712839_MinPolqaSfbRecording_cut.wav,3.333333333,1.032795559,0.826408562,6
25710870_MinPolqaSfbRecording_cut.wav,1.5,0.836660027,0.66946745,6
25722665_MinPolqaSfbRecording_cut.wav,2.428571429,0.534522484,0.395979797,7
25800680_MinPolqaSfbRecording_cut.wav,2.857142857,0.690065559,0.51120772,7
25986286_MinPolqaSfbRecording_cut.wav,3.428571429,1.133893419,0.84,7
25905571_MinPolqaSfbRecording_cut.wav,2.428571429,0.786795792,0.58286648,7
25730223_MinPolqaSfbRecording_cut.wav,3.857142857,0.690065559,0.51120772,7
25921524_MinPolqaSfbRecording_cut.wav,3.571428571,0.975900073,0.722956891,7
25751087_MinPolqaSfbRecording_cut.wav,2.714285714,1.112697281,0.824297681,7
25717541_MinPolqaSfbRecording_cut.wav,3.0,1.154700538,0.85541413,7
25730202_MinPolqaSfbRecording_cut.wav,4.571428571,0.534522484,0.395979797,7
25612472_MinPolqaSfbRecording_cut.wav,2.714285714,0.951189731,0.704651214,7
25874422_MinPolqaSfbRecording_cut.wav,4.142857143,0.899735411,0.66653332,7
25985048_MinPolqaSfbRecording_cut.wav,3.857142857,0.690065559,0.51120772,7
25705353_MinPolqaSfbRecording_cut.wav,4.0,0.816496581,0.604869132,7
25782739_MinPolqaSfbRecording_cut.wav,4.571428571,0.786795792,0.58286648,7
25929506_MinPolqaSfbRecording_cut.wav,1.571428571,0.534522484,0.395979797,7
25925935_MinPolqaSfbRecording_cut.wav,2.285714286,1.112697281,0.824297681,7
28332593_MinPolqaSfbRecording_cut.wav,2.0,0.707106781,0.46197643,9
28136827_MinPolqaSfbRecording_cut.wav,4.0,0.866025404,0.565803264,9
27835320_MinPolqaSfbRecording_cut.wav,3.777777778,0.833333333,0.544444444,9
28248521_MinPolqaSfbRecording_cut.wav,4.0,0.707106781,0.46197643,9
28180006_MinPolqaSfbRecording_cut.wav,3.666666667,0.707106781,0.46197643,9
28428328_MinPolqaSfbRecording_cut.wav,4.111111111,0.600925213,0.392604472,9
27654270_MinPolqaSfbRecording_cut.wav,1.666666667,0.707106781,0.46197643,9
28162344_MinPolqaSfbRecording_cut.wav,2.888888889,0.927960727,0.606267675,9
27516777_MinPolqaSfbRecording_cut.wav,3.222222222,0.971825316,0.634925873,9
27800334_MinPolqaSfbRecording_cut.wav,1.7,1.059349905,0.656591874,10
28195942_MinPolqaSfbRecording_cut.wav,2.7,0.948683298,0.588,10
27684289_MinPolqaSfbRecording_cut.wav,1.5,0.971825316,0.602343571,10
28514532_MinPolqaSfbRecording_cut.wav,2.0,1.054092553,0.653333333,10
28303524_MinPolqaSfbRecording_cut.wav,3.0,1.054092553,0.653333333,10
28321123_MinPolqaSfbRecording_cut.wav,2.5,0.971825316,0.602343571,10
28512130_MinPolqaSfbRecording_cut.wav,2.666666667,0.516397779,0.413204281,6
28480427_MinPolqaSfbRecording_cut.wav,3.166666667,0.40824829,0.326666667,6
28172988_MinPolqaSfbRecording_cut.wav,3.5,1.048808848,0.839221862,6
28071956_MinPolqaSfbRecording_cut.wav,2.333333333,0.816496581,0.653333333,6
27593282_MinPolqaSfbRecording_cut.wav,2.666666667,1.032795559,0.826408562,6
28154140_MinPolqaSfbRecording_cut.wav,4.333333333,0.516397779,0.413204281,6
28296662_MinPolqaSfbRecording_cut.wav,4.333333333,0.516397779,0.413204281,6
27950443_MinPolqaSfbRecording_cut.wav,2.0,1.095445115,0.876538647,6
28471319_MinPolqaSfbRecording_cut.wav,3.5,0.836660027,0.66946745,6
27551579_MinPolqaSfbRecording_cut.wav,1.777777778,0.971825316,0.634925873,9
27881032_MinPolqaSfbRecording_cut.wav,3.0,0.866025404,0.565803264,9
27963729_MinPolqaSfbRecording_cut.wav,3.555555556,1.130388331,0.738520376,9
28452063_MinPolqaSfbRecording_cut.wav,1.555555556,0.726483157,0.474635663,9
27689955_MinPolqaSfbRecording_cut.wav,1.444444444,0.527046277,0.344336901,9
28417407_MinPolqaSfbRecording_cut.wav,3.222222222,0.971825316,0.634925873,9
28505071_MinPolqaSfbRecording_cut.wav,1.888888889,0.78173596,0.510734161,9
28533219_MinPolqaSfbRecording_cut.wav,3.333333333,0.5,0.326666667,9
28526102_MinPolqaSfbRecording_cut.wav,2.666666667,1.414213562,0.923952861,9
28419923_MinPolqaSfbRecording_cut.wav,3.333333333,1.118033989,0.730448873,9
27695010_MinPolqaSfbRecording_cut.wav,3.714285714,0.951189731,0.704651214,7
28320845_MinPolqaSfbRecording_cut.wav,3.428571429,0.975900073,0.722956891,7
28493679_MinPolqaSfbRecording_cut.wav,3.571428571,0.786795792,0.58286648,7
28253720_MinPolqaSfbRecording_cut.wav,2.714285714,0.951189731,0.704651214,7
27765650_MinPolqaSfbRecording_cut.wav,4.142857143,0.690065559,0.51120772,7
28561349_MinPolqaSfbRecording_cut.wav,3.571428571,0.534522484,0.395979797,7
28245516_MinPolqaSfbRecording_cut.wav,1.714285714,1.112697281,0.824297681,7
27767401_MinPolqaSfbRecording_cut.wav,2.142857143,1.069044968,0.791959595,7
28317276_MinPolqaSfbRecording_cut.wav,2.428571429,0.786795792,0.58286648,7
28052160_MinPolqaSfbRecording_cut.wav,3.222222222,0.833333333,0.544444444,9
28467428_MinPolqaSfbRecording_cut.wav,4.333333333,0.707106781,0.46197643,9
28275918_MinPolqaSfbRecording_cut.wav,1.888888889,1.054092553,0.688673802,9
27852888_MinPolqaSfbRecording_cut.wav,2.222222222,1.092906421,0.714032195,9
27593700_MinPolqaSfbRecording_cut.wav,3.555555556,0.527046277,0.344336901,9
28417895_MinPolqaSfbRecording_cut.wav,4.111111111,0.78173596,0.510734161,9
27742781_MinPolqaSfbRecording_cut.wav,2.333333333,1.224744871,0.800166649,9
28368798_MinPolqaSfbRecording_cut.wav,3.777777778,0.971825316,0.634925873,9
27718109_MinPolqaSfbRecording_cut.wav,3.888888889,0.927960727,0.606267675,9
28477271_MinPolqaSfbRecording_cut.wav,3.666666667,1.0,0.653333333,9
27787388_MinPolqaSfbRecording_cut.wav,4.166666667,0.752772653,0.602343571,6
28026934_MinPolqaSfbRecording_cut.wav,1.666666667,1.211060142,0.969049936,6
27615695_MinPolqaSfbRecording_cut.wav,4.333333333,0.816496581,0.653333333,6
28477446_MinPolqaSfbRecording_cut.wav,4.333333333,0.516397779,0.413204281,6
27962278_MinPolqaSfbRecording_cut.wav,4.333333333,0.516397779,0.413204281,6
27918767_MinPolqaSfbRecording_cut.wav,4.166666667,0.98319208,0.786717512,6
28208912_MinPolqaSfbRecording_cut.wav,3.666666667,0.816496581,0.653333333,6
27794616_MinPolqaSfbRecording_cut.wav,4.166666667,0.752772653,0.602343571,6
28360108_MinPolqaSfbRecording_cut.wav,3.166666667,0.40824829,0.326666667,6
27633826_MinPolqaSfbRecording_cut.wav,4.125,0.353553391,0.245,8
27644393_MinPolqaSfbRecording_cut.wav,1.875,0.640869944,0.444100214,8
28296157_MinPolqaSfbRecording_cut.wav,1.75,0.707106781,0.49,8
27627867_MinPolqaSfbRecording_cut.wav,2.75,0.707106781,0.49,8
28446105_MinPolqaSfbRecording_cut.wav,2.0,0.534522484,0.370405184,8
27685580_MinPolqaSfbRecording_cut.wav,3.375,0.51754917,0.358643277,8
28452624_MinPolqaSfbRecording_cut.wav,3.375,1.060660172,0.735,8
28556239_MinPolqaSfbRecording_cut.wav,3.875,0.640869944,0.444100214,8
28484583_MinPolqaSfbRecording_cut.wav,3.375,0.744023809,0.515582195,8
27570357_MinPolqaSfbRecording_cut.wav,1.875,0.991031209,0.68674959,8
28519793_MinPolqaSfbRecording_cut.wav,2.5,0.836660027,0.66946745,6
27927245_MinPolqaSfbRecording_cut.wav,3.5,1.048808848,0.839221862,6
27958257_MinPolqaSfbRecording_cut.wav,1.5,0.836660027,0.66946745,6
28135773_MinPolqaSfbRecording_cut.wav,3.666666667,0.816496581,0.653333333,6
27900473_MinPolqaSfbRecording_cut.wav,4.0,0.894427191,0.715690808,6
28529261_MinPolqaSfbRecording_cut.wav,3.666666667,0.816496581,0.653333333,6
27948229_MinPolqaSfbRecording_cut.wav,2.5,1.516575089,1.213512807,6
28178536_MinPolqaSfbRecording_cut.wav,4.333333333,0.516397779,0.413204281,6
28359670_MinPolqaSfbRecording_cut.wav,3.833333333,0.752772653,0.602343571,6
27582801_MinPolqaSfbRecording_cut.wav,3.875,0.83452296,0.578294907,8
27868497_MinPolqaSfbRecording_cut.wav,2.25,0.707106781,0.49,8
28047152_MinPolqaSfbRecording_cut.wav,3.625,1.187734939,0.823058321,8
27838129_MinPolqaSfbRecording_cut.wav,2.625,0.744023809,0.515582195,8
27935835_MinPolqaSfbRecording_cut.wav,2.875,0.83452296,0.578294907,8
28301816_MinPolqaSfbRecording_cut.wav,3.625,1.187734939,0.823058321,8
28168118_MinPolqaSfbRecording_cut.wav,3.375,1.060660172,0.735,8
28508666_MinPolqaSfbRecording_cut.wav,3.75,0.707106781,0.49,8
27958838_MinPolqaSfbRecording_cut.wav,3.5,1.195228609,0.82825117,8
28056245_MinPolqaSfbRecording_cut.wav,2.875,0.991031209,0.68674959,8
28088832_MinPolqaSfbRecording_cut.wav,3.285714286,0.755928946,0.56,7
28089999_MinPolqaSfbRecording_cut.wav,2.571428571,1.133893419,0.84,7
28475876_MinPolqaSfbRecording_cut.wav,2.285714286,1.603567451,1.187939392,7
28443376_MinPolqaSfbRecording_cut.wav,3.857142857,0.377964473,0.28,7
27814943_MinPolqaSfbRecording_cut.wav,4.285714286,0.755928946,0.56,7
28303938_MinPolqaSfbRecording_cut.wav,3.857142857,0.690065559,0.51120772,7
27587591_MinPolqaSfbRecording_cut.wav,4.285714286,0.487950036,0.361478446,7
28462505_MinPolqaSfbRecording_cut.wav,3.571428571,1.397276262,1.035116741,7
28294772_MinPolqaSfbRecording_cut.wav,4.111111111,0.927960727,0.606267675,9
28272846_MinPolqaSfbRecording_cut.wav,1.888888889,1.269295518,0.829273072,9
28446103_MinPolqaSfbRecording_cut.wav,1.111111111,0.333333333,0.217777778,9
28237640_MinPolqaSfbRecording_cut.wav,4.555555556,0.527046277,0.344336901,9
28282130_MinPolqaSfbRecording_cut.wav,4.111111111,0.927960727,0.606267675,9
28515934_MinPolqaSfbRecording_cut.wav,3.777777778,0.440958552,0.288092921,9
28183861_MinPolqaSfbRecording_cut.wav,2.111111111,1.054092553,0.688673802,9
27559862_MinPolqaSfbRecording_cut.wav,1.428571429,0.534522484,0.395979797,7
27770340_MinPolqaSfbRecording_cut.wav,3.857142857,1.069044968,0.791959595,7
28467637_MinPolqaSfbRecording_cut.wav,2.285714286,0.951189731,0.704651214,7
28161962_MinPolqaSfbRecording_cut.wav,3.857142857,1.069044968,0.791959595,7
28417866_MinPolqaSfbRecording_cut.wav,3.428571429,0.975900073,0.722956891,7
27827930_MinPolqaSfbRecording_cut.wav,3.571428571,0.975900073,0.722956891,7
27934499_MinPolqaSfbRecording_cut.wav,3.571428571,0.975900073,0.722956891,7
27692864_MinPolqaSfbRecording_cut.wav,2.571428571,0.975900073,0.722956891,7
28318764_MinPolqaSfbRecording_cut.wav,3.6,0.843274043,0.522666667,10
28237904_MinPolqaSfbRecording_cut.wav,4.2,0.788810638,0.488909899,10
28224187_MinPolqaSfbRecording_cut.wav,1.8,1.032795559,0.640133319,10
28193238_MinPolqaSfbRecording_cut.wav,2.6,0.699205899,0.433372306,10
28516050_MinPolqaSfbRecording_cut.wav,3.6,0.699205899,0.433372306,10
28530525_MinPolqaSfbRecording_cut.wav,3.0,0.816496581,0.506069824,10
27618413_MinPolqaSfbRecording_cut.wav,1.7,0.823272602,0.510269645,10
28483612_MinPolqaSfbRecording_cut.wav,3.6,1.264911064,0.784,10
27553752_MinPolqaSfbRecording_cut.wav,2.666666667,1.118033989,0.730448873,9
28028636_MinPolqaSfbRecording_cut.wav,3.111111111,1.054092553,0.688673802,9
27750637_MinPolqaSfbRecording_cut.wav,1.888888889,0.78173596,0.510734161,9
28023681_MinPolqaSfbRecording_cut.wav,2.0,1.118033989,0.730448873,9
27704270_MinPolqaSfbRecording_cut.wav,3.777777778,0.971825316,0.634925873,9
27722274_MinPolqaSfbRecording_cut.wav,3.888888889,0.78173596,0.510734161,9
28101837_MinPolqaSfbRecording_cut.wav,2.333333333,1.224744871,0.800166649,9
27682229_MinPolqaSfbRecording_cut.wav,3.222222222,0.666666667,0.435555556,9
27896091_MinPolqaSfbRecording_cut.wav,3.0,0.866025404,0.565803264,9
27776091_MinPolqaSfbRecording_cut.wav,2.555555556,1.013793755,0.662345253,9
27947608_MinPolqaSfbRecording_cut.wav,4.0,1.0,0.653333333,9
28134716_MinPolqaSfbRecording_cut.wav,2.666666667,1.0,0.653333333,9
27969737_MinPolqaSfbRecording_cut.wav,1.777777778,1.092906421,0.714032195,9
28020925_MinPolqaSfbRecording_cut.wav,3.333333333,0.707106781,0.46197643,9
27648754_MinPolqaSfbRecording_cut.wav,2.222222222,1.201850425,0.785208944,9
28474510_MinPolqaSfbRecording_cut.wav,3.333333333,0.707106781,0.46197643,9
28462963_MinPolqaSfbRecording_cut.wav,3.5,0.9258201,0.641560597,8
28306842_MinPolqaSfbRecording_cut.wav,2.625,1.187734939,0.823058321,8
27813042_MinPolqaSfbRecording_cut.wav,3.625,0.744023809,0.515582195,8
27833152_MinPolqaSfbRecording_cut.wav,1.875,0.640869944,0.444100214,8
27818047_MinPolqaSfbRecording_cut.wav,2.625,1.187734939,0.823058321,8
28485368_MinPolqaSfbRecording_cut.wav,2.5,0.9258201,0.641560597,8
27655428_MinPolqaSfbRecording_cut.wav,4.0,0.534522484,0.370405184,8
28323361_MinPolqaSfbRecording_cut.wav,3.25,0.707106781,0.49,8
28368596_MinPolqaSfbRecording_cut.wav,4.25,0.707106781,0.49,8
28263510_MinPolqaSfbRecording_cut.wav,2.222222222,1.201850425,0.785208944,9
27818422_MinPolqaSfbRecording_cut.wav,3.666666667,1.224744871,0.800166649,9
28089333_MinPolqaSfbRecording_cut.wav,3.111111111,0.78173596,0.510734161,9
28528561_MinPolqaSfbRecording_cut.wav,2.222222222,1.092906421,0.714032195,9
27575088_MinPolqaSfbRecording_cut.wav,2.333333333,1.5,0.98,9
27806250_MinPolqaSfbRecording_cut.wav,4.333333333,0.5,0.326666667,9
28018071_MinPolqaSfbRecording_cut.wav,4.444444444,0.726483157,0.474635663,9
28119497_MinPolqaSfbRecording_cut.wav,2.666666667,0.707106781,0.46197643,9
28161461_MinPolqaSfbRecording_cut.wav,2.555555556,1.424000624,0.930347074,9
28526864_MinPolqaSfbRecording_cut.wav,4.555555556,0.726483157,0.474635663,9
28079036_MinPolqaSfbRecording_cut.wav,4.0,0.666666667,0.413204281,10
28017848_MinPolqaSfbRecording_cut.wav,3.3,1.059349905,0.656591874,10
28311788_MinPolqaSfbRecording_cut.wav,3.8,0.632455532,0.392,10
28041729_MinPolqaSfbRecording_cut.wav,3.3,0.674948558,0.41833745,10
28272923_MinPolqaSfbRecording_cut.wav,1.9,0.994428926,0.616353434,10
28469331_MinPolqaSfbRecording_cut.wav,1.3,0.948683298,0.588,10
27779410_MinPolqaSfbRecording_cut.wav,4.0,0.471404521,0.292179549,10
28527568_MinPolqaSfbRecording_cut.wav,4.125,0.640869944,0.444100214,8
28171007_MinPolqaSfbRecording_cut.wav,1.375,0.51754917,0.358643277,8
28089961_MinPolqaSfbRecording_cut.wav,2.875,0.640869944,0.444100214,8
27572421_MinPolqaSfbRecording_cut.wav,3.875,0.640869944,0.444100214,8
28105400_MinPolqaSfbRecording_cut.wav,3.375,0.51754917,0.358643277,8
27684628_MinPolqaSfbRecording_cut.wav,3.75,0.707106781,0.49,8
28460784_MinPolqaSfbRecording_cut.wav,4.375,0.744023809,0.515582195,8
28495340_MinPolqaSfbRecording_cut.wav,4.125,0.83452296,0.578294907,8
28547770_MinPolqaSfbRecording_cut.wav,4.1,0.567646212,0.351830767,10
28364525_MinPolqaSfbRecording_cut.wav,2.4,0.966091783,0.598789891,10
28444592_MinPolqaSfbRecording_cut.wav,2.2,1.032795559,0.640133319,10
28227100_MinPolqaSfbRecording_cut.wav,3.3,0.674948558,0.41833745,10
27816709_MinPolqaSfbRecording_cut.wav,2.4,1.0749677,0.666271883,10
28119716_MinPolqaSfbRecording_cut.wav,2.3,0.823272602,0.510269645,10
28067118_MinPolqaSfbRecording_cut.wav,3.8,1.135292424,0.703661535,10
28070184_MinPolqaSfbRecording_cut.wav,4.1,0.737864787,0.457333333,10
28316278_MinPolqaSfbRecording_cut.wav,4.0,1.054092553,0.653333333,10
28438606_MinPolqaSfbRecording_cut.wav,2.1,0.875595036,0.542699426,10
27685884_MinPolqaSfbRecording_cut.wav,4.0,1.414213562,0.876538647,10
27769595_MinPolqaSfbRecording_cut.wav,2.4,1.264911064,0.784,10
28169863_MinPolqaSfbRecording_cut.wav,2.3,1.159501809,0.718666667,10
27720433_MinPolqaSfbRecording_cut.wav,2.2,1.398411798,0.866744612,10
27820833_MinPolqaSfbRecording_cut.wav,3.9,1.197219,0.742044024,10
28244682_MinPolqaSfbRecording_cut.wav,4.1,1.197219,0.742044024,10
28161492_MinPolqaSfbRecording_cut.wav,4.6,0.516397779,0.32006666,10
28343069_MinPolqaSfbRecording_cut.wav,3.1,1.286683938,0.797494967,10
28419934_MinPolqaSfbRecording_cut.wav,3.5,1.178511302,0.730448873,10
28294618_MinPolqaSfbRecording_cut.wav,2.428571429,0.975900073,0.722956891,7
27699244_MinPolqaSfbRecording_cut.wav,3.0,0.816496581,0.604869132,7
28216693_MinPolqaSfbRecording_cut.wav,3.0,1.154700538,0.85541413,7
27900872_MinPolqaSfbRecording_cut.wav,4.142857143,0.690065559,0.51120772,7
28355737_MinPolqaSfbRecording_cut.wav,3.0,1.154700538,0.85541413,7
28553599_MinPolqaSfbRecording_cut.wav,4.0,0.816496581,0.604869132,7
27716667_MinPolqaSfbRecording_cut.wav,2.857142857,0.690065559,0.51120772,7
27981813_MinPolqaSfbRecording_cut.wav,4.285714286,0.755928946,0.56,7
27921612_MinPolqaSfbRecording_cut.wav,3.428571429,0.975900073,0.722956891,7
27606089_MinPolqaSfbRecording_cut.wav,1.666666667,0.816496581,0.653333333,6
28457865_MinPolqaSfbRecording_cut.wav,3.5,0.547722558,0.438269324,6
28367392_MinPolqaSfbRecording_cut.wav,3.666666667,1.032795559,0.826408562,6
27898319_MinPolqaSfbRecording_cut.wav,3.0,0.894427191,0.715690808,6
28486266_MinPolqaSfbRecording_cut.wav,1.166666667,0.40824829,0.326666667,6
28331231_MinPolqaSfbRecording_cut.wav,4.0,0.894427191,0.715690808,6
28584979_MinPolqaSfbRecording_cut.wav,2.833333333,1.329160136,1.063549612,6
28294799_MinPolqaSfbRecording_cut.wav,2.333333333,1.505545305,1.204687142,6
27556726_MinPolqaSfbRecording_cut.wav,3.666666667,0.516397779,0.413204281,6
27576573_MinPolqaSfbRecording_cut.wav,3.333333333,0.816496581,0.653333333,6
28111787_MinPolqaSfbRecording_cut.wav,3.625,0.51754917,0.358643277,8
28245873_MinPolqaSfbRecording_cut.wav,1.75,0.707106781,0.49,8
27601552_MinPolqaSfbRecording_cut.wav,2.625,0.916125381,0.6348425,8
28591181_MinPolqaSfbRecording_cut.wav,2.625,1.060660172,0.735,8
27600542_MinPolqaSfbRecording_cut.wav,1.875,1.642080562,1.137903774,8
27562946_MinPolqaSfbRecording_cut.wav,3.25,0.707106781,0.49,8
28164867_MinPolqaSfbRecording_cut.wav,3.75,0.707106781,0.49,8
28198338_MinPolqaSfbRecording_cut.wav,4.0,0.755928946,0.523832034,8
28355066_MinPolqaSfbRecording_cut.wav,2.444444444,1.013793755,0.662345253,9
28537976_MinPolqaSfbRecording_cut.wav,1.555555556,1.130388331,0.738520376,9
28347370_MinPolqaSfbRecording_cut.wav,3.444444444,0.881917104,0.576185841,9
28335877_MinPolqaSfbRecording_cut.wav,2.0,0.707106781,0.46197643,9
28515923_MinPolqaSfbRecording_cut.wav,2.444444444,0.881917104,0.576185841,9
28217084_MinPolqaSfbRecording_cut.wav,2.333333333,1.0,0.653333333,9
28174136_MinPolqaSfbRecording_cut.wav,1.777777778,0.833333333,0.544444444,9
27720155_MinPolqaSfbRecording_cut.wav,2.111111111,0.927960727,0.606267675,9
28073738_MinPolqaSfbRecording_cut.wav,3.555555556,1.236033081,0.807541613,9
28152121_MinPolqaSfbRecording_cut.wav,1.555555556,0.881917104,0.576185841,9
28001753_MinPolqaSfbRecording_cut.wav,2.9,0.737864787,0.457333333,10
28594130_MinPolqaSfbRecording_cut.wav,4.3,0.823272602,0.510269645,10
27695375_MinPolqaSfbRecording_cut.wav,1.8,0.918936583,0.569562795,10
28204016_MinPolqaSfbRecording_cut.wav,4.1,0.737864787,0.457333333,10
28194602_MinPolqaSfbRecording_cut.wav,3.2,0.632455532,0.392,10
27650441_MinPolqaSfbRecording_cut.wav,2.9,1.286683938,0.797494967,10
27666925_MinPolqaSfbRecording_cut.wav,2.1,1.197219,0.742044024,10
28340713_MinPolqaSfbRecording_cut.wav,3.8,0.421637021,0.261333333,10
28070053_MinPolqaSfbRecording_cut.wav,3.2,0.632455532,0.392,10
28332443_MinPolqaSfbRecording_cut.wav,2.9,0.737864787,0.457333333,10
28303425_MinPolqaSfbRecording_cut.wav,4.0,0.666666667,0.413204281,10
27961495_MinPolqaSfbRecording_cut.wav,3.9,0.567646212,0.351830767,10
27591271_MinPolqaSfbRecording_cut.wav,4.1,0.737864787,0.457333333,10
27571528_MinPolqaSfbRecording_cut.wav,3.3,0.823272602,0.510269645,10
27687037_MinPolqaSfbRecording_cut.wav,3.6,0.843274043,0.522666667,10
28004639_MinPolqaSfbRecording_cut.wav,3.3,0.823272602,0.510269645,10
27705401_MinPolqaSfbRecording_cut.wav,3.9,0.316227766,0.196,10
27587432_MinPolqaSfbRecording_cut.wav,1.6,1.0749677,0.666271883,10
28116812_MinPolqaSfbRecording_cut.wav,2.6,1.173787791,0.72752121,10
28504146_MinPolqaSfbRecording_cut.wav,2.4,0.843274043,0.522666667,10
28192101_MinPolqaSfbRecording_cut.wav,1.7,0.674948558,0.41833745,10
28307696_MinPolqaSfbRecording_cut.wav,4.2,0.632455532,0.392,10
28364276_MinPolqaSfbRecording_cut.wav,3.2,0.421637021,0.261333333,10
28327745_MinPolqaSfbRecording_cut.wav,3.1,0.737864787,0.457333333,10
28046786_MinPolqaSfbRecording_cut.wav,2.1,1.197219,0.742044024,10
28279766_MinPolqaSfbRecording_cut.wav,1.6,0.699205899,0.433372306,10
27517007_MinPolqaSfbRecording_cut.wav,1.7,1.251665557,0.77579035,10
27557677_MinPolqaSfbRecording_cut.wav,2.8,0.788810638,0.488909899,10
28239888_MinPolqaSfbRecording_cut.wav,1.6,0.843274043,0.522666667,10
28104438_MinPolqaSfbRecording_cut.wav,3.1,0.994428926,0.616353434,10
27903608_MinPolqaSfbRecording_cut.wav,3.7,1.159501809,0.718666667,10
27824160_MinPolqaSfbRecording_cut.wav,1.8,0.918936583,0.569562795,10
27935927_MinPolqaSfbRecording_cut.wav,3.4,0.966091783,0.598789891,10
27844725_MinPolqaSfbRecording_cut.wav,2.2,1.316561177,0.816013072,10
28452861_MinPolqaSfbRecording_cut.wav,4.3,0.823272602,0.510269645,10
27884102_MinPolqaSfbRecording_cut.wav,4.3,0.823272602,0.510269645,10
27570591_MinPolqaSfbRecording_cut.wav,3.9,0.737864787,0.457333333,10
27614898_MinPolqaSfbRecording_cut.wav,2.777777778,0.971825316,0.634925873,9
27970453_MinPolqaSfbRecording_cut.wav,4.0,0.5,0.326666667,9
28175619_MinPolqaSfbRecording_cut.wav,3.111111111,0.78173596,0.510734161,9
28085724_MinPolqaSfbRecording_cut.wav,3.888888889,0.600925213,0.392604472,9
28238763_MinPolqaSfbRecording_cut.wav,4.0,0.866025404,0.565803264,9
27794174_MinPolqaSfbRecording_cut.wav,4.111111111,0.927960727,0.606267675,9
28146267_MinPolqaSfbRecording_cut.wav,3.555555556,0.527046277,0.344336901,9
27565654_MinPolqaSfbRecording_cut.wav,3.222222222,0.971825316,0.634925873,9
28194629_MinPolqaSfbRecording_cut.wav,2.625,0.51754917,0.358643277,8
28417479_MinPolqaSfbRecording_cut.wav,3.625,0.744023809,0.515582195,8
28346836_MinPolqaSfbRecording_cut.wav,3.25,0.707106781,0.49,8
28278754_MinPolqaSfbRecording_cut.wav,1.5,0.534522484,0.370405184,8
28005623_MinPolqaSfbRecording_cut.wav,3.125,0.991031209,0.68674959,8
28444510_MinPolqaSfbRecording_cut.wav,2.25,0.707106781,0.49,8
27666442_MinPolqaSfbRecording_cut.wav,3.625,0.744023809,0.515582195,8
28315225_MinPolqaSfbRecording_cut.wav,2.25,0.88640526,0.614247507,8
27559778_MinPolqaSfbRecording_cut.wav,3.25,0.707106781,0.49,8
28196242_MinPolqaSfbRecording_cut.wav,2.375,0.916125381,0.6348425,8
27518240_MinPolqaSfbRecording_cut.wav,4.25,0.707106781,0.49,8
28467001_MinPolqaSfbRecording_cut.wav,2.5,1.069044968,0.740810367,8
27734026_MinPolqaSfbRecording_cut.wav,4.125,0.640869944,0.444100214,8
28162352_MinPolqaSfbRecording_cut.wav,2.25,1.035098339,0.717286554,8
28199641_MinPolqaSfbRecording_cut.wav,3.375,0.744023809,0.515582195,8
28449391_MinPolqaSfbRecording_cut.wav,1.0,0.0,0.0,8
28255515_MinPolqaSfbRecording_cut.wav,2.75,0.707106781,0.49,8
28489288_MinPolqaSfbRecording_cut.wav,3.125,0.353553391,0.245,8
28244829_MinPolqaSfbRecording_cut.wav,3.0,0.755928946,0.523832034,8
28286705_MinPolqaSfbRecording_cut.wav,2.666666667,0.866025404,0.565803264,9
28054607_MinPolqaSfbRecording_cut.wav,2.888888889,1.054092553,0.688673802,9
27960594_MinPolqaSfbRecording_cut.wav,3.0,1.414213562,0.923952861,9
27525702_MinPolqaSfbRecording_cut.wav,1.333333333,0.5,0.326666667,9
28534452_MinPolqaSfbRecording_cut.wav,3.666666667,0.866025404,0.565803264,9
28533692_MinPolqaSfbRecording_cut.wav,2.444444444,1.013793755,0.662345253,9
27860173_MinPolqaSfbRecording_cut.wav,2.777777778,0.971825316,0.634925873,9
28195358_MinPolqaSfbRecording_cut.wav,2.111111111,0.78173596,0.510734161,9
28154346_MinPolqaSfbRecording_cut.wav,3.777777778,0.833333333,0.544444444,9
27700710_MinPolqaSfbRecording_cut.wav,2.111111111,1.054092553,0.688673802,9
28256931_MinPolqaSfbRecording_cut.wav,1.9,0.875595036,0.542699426,10
27782485_MinPolqaSfbRecording_cut.wav,4.2,0.788810638,0.488909899,10
28460516_MinPolqaSfbRecording_cut.wav,4.2,0.632455532,0.392,10
28021954_MinPolqaSfbRecording_cut.wav,4.0,0.816496581,0.506069824,10
27708143_MinPolqaSfbRecording_cut.wav,2.4,1.0749677,0.666271883,10
27654135_MinPolqaSfbRecording_cut.wav,2.7,0.823272602,0.510269645,10
28344261_MinPolqaSfbRecording_cut.wav,3.8,0.918936583,0.569562795,10
27770712_MinPolqaSfbRecording_cut.wav,3.6,0.843274043,0.522666667,10
27736534_MinPolqaSfbRecording_cut.wav,3.333333333,0.5,0.326666667,9
27818736_MinPolqaSfbRecording_cut.wav,3.444444444,0.726483157,0.474635663,9
27551213_MinPolqaSfbRecording_cut.wav,1.888888889,0.927960727,0.606267675,9
27956415_MinPolqaSfbRecording_cut.wav,1.555555556,1.013793755,0.662345253,9
28495274_MinPolqaSfbRecording_cut.wav,4.333333333,0.707106781,0.46197643,9
27919814_MinPolqaSfbRecording_cut.wav,1.777777778,1.092906421,0.714032195,9
28433322_MinPolqaSfbRecording_cut.wav,1.222222222,0.440958552,0.288092921,9
28465695_MinPolqaSfbRecording_cut.wav,4.222222222,0.440958552,0.288092921,9
28491221_MinPolqaSfbRecording_cut.wav,2.444444444,0.881917104,0.576185841,9
28305090_MinPolqaSfbRecording_cut.wav,4.25,0.46291005,0.320780299,8
28235824_MinPolqaSfbRecording_cut.wav,4.75,0.46291005,0.320780299,8
28328976_MinPolqaSfbRecording_cut.wav,3.75,0.707106781,0.49,8
28251522_MinPolqaSfbRecording_cut.wav,2.75,0.707106781,0.49,8
28197780_MinPolqaSfbRecording_cut.wav,3.125,0.640869944,0.444100214,8
28560996_MinPolqaSfbRecording_cut.wav,3.0,0.534522484,0.370405184,8
27706688_MinPolqaSfbRecording_cut.wav,2.75,0.707106781,0.49,8
28076166_MinPolqaSfbRecording_cut.wav,4.5,0.755928946,0.523832034,8
28487362_MinPolqaSfbRecording_cut.wav,4.375,0.51754917,0.358643277,8
28008498_MinPolqaSfbRecording_cut.wav,3.5,0.534522484,0.370405184,8
27754559_MinPolqaSfbRecording_cut.wav,3.3,0.674948558,0.41833745,10
27806259_MinPolqaSfbRecording_cut.wav,1.9,0.994428926,0.616353434,10
28242084_MinPolqaSfbRecording_cut.wav,1.8,0.632455532,0.392,10
28008577_MinPolqaSfbRecording_cut.wav,3.8,0.632455532,0.392,10
28360237_MinPolqaSfbRecording_cut.wav,4.1,0.567646212,0.351830767,10
27755639_MinPolqaSfbRecording_cut.wav,4.2,0.421637021,0.261333333,10
28460526_MinPolqaSfbRecording_cut.wav,1.2,0.421637021,0.261333333,10
27715508_MinPolqaSfbRecording_cut.wav,4.1,0.567646212,0.351830767,10
27896912_MinPolqaSfbRecording_cut.wav,3.777777778,0.666666667,0.435555556,9
27549710_MinPolqaSfbRecording_cut.wav,1.555555556,0.881917104,0.576185841,9
27887532_MinPolqaSfbRecording_cut.wav,2.111111111,1.364225462,0.891293968,9
28145884_MinPolqaSfbRecording_cut.wav,2.222222222,1.301708279,0.850449409,9
27717015_MinPolqaSfbRecording_cut.wav,4.111111111,0.927960727,0.606267675,9
28143391_MinPolqaSfbRecording_cut.wav,3.777777778,0.833333333,0.544444444,9
27786800_MinPolqaSfbRecording_cut.wav,2.777777778,0.971825316,0.634925873,9
27850921_MinPolqaSfbRecording_cut.wav,2.111111111,1.364225462,0.891293968,9
27884311_MinPolqaSfbRecording_cut.wav,4.555555556,0.726483157,0.474635663,9
28326428_MinPolqaSfbRecording_cut.wav,2.666666667,0.707106781,0.46197643,9
28016622_MinPolqaSfbRecording_cut.wav,3.444444444,0.881917104,0.576185841,9
27794291_MinPolqaSfbRecording_cut.wav,4.333333333,0.707106781,0.46197643,9
27801710_MinPolqaSfbRecording_cut.wav,3.333333333,1.224744871,0.800166649,9
27834700_MinPolqaSfbRecording_cut.wav,3.333333333,1.322875656,0.864278762,9
27897044_MinPolqaSfbRecording_cut.wav,4.222222222,0.440958552,0.288092921,9
27969329_MinPolqaSfbRecording_cut.wav,3.0,0.816496581,0.604869132,7
27902755_MinPolqaSfbRecording_cut.wav,4.0,0.577350269,0.427707065,7
28526444_MinPolqaSfbRecording_cut.wav,3.571428571,0.975900073,0.722956891,7
28274589_MinPolqaSfbRecording_cut.wav,1.714285714,0.487950036,0.361478446,7
28535669_MinPolqaSfbRecording_cut.wav,4.285714286,0.755928946,0.56,7
28285326_MinPolqaSfbRecording_cut.wav,1.857142857,1.069044968,0.791959595,7
28514493_MinPolqaSfbRecording_cut.wav,2.875,0.83452296,0.578294907,8
28218468_MinPolqaSfbRecording_cut.wav,3.25,0.88640526,0.614247507,8
28006605_MinPolqaSfbRecording_cut.wav,3.0,0.534522484,0.370405184,8
28227749_MinPolqaSfbRecording_cut.wav,1.75,1.035098339,0.717286554,8
28063329_MinPolqaSfbRecording_cut.wav,2.875,0.991031209,0.68674959,8
27525893_MinPolqaSfbRecording_cut.wav,3.75,0.46291005,0.320780299,8
28025323_MinPolqaSfbRecording_cut.wav,3.0,0.755928946,0.523832034,8
27597718_MinPolqaSfbRecording_cut.wav,2.25,1.281739889,0.888200428,8
28103132_MinPolqaSfbRecording_cut.wav,2.333333333,1.118033989,0.730448873,9
28024813_MinPolqaSfbRecording_cut.wav,3.888888889,0.78173596,0.510734161,9
28073590_MinPolqaSfbRecording_cut.wav,2.111111111,1.269295518,0.829273072,9
28502955_MinPolqaSfbRecording_cut.wav,2.222222222,0.971825316,0.634925873,9
27742838_MinPolqaSfbRecording_cut.wav,3.777777778,0.971825316,0.634925873,9
27888089_MinPolqaSfbRecording_cut.wav,3.222222222,1.092906421,0.714032195,9
28553924_MinPolqaSfbRecording_cut.wav,3.666666667,0.707106781,0.46197643,9
28018666_MinPolqaSfbRecording_cut.wav,2.222222222,1.201850425,0.785208944,9
28134215_MinPolqaSfbRecording_cut.wav,3.555555556,0.726483157,0.474635663,9
28510507_MinPolqaSfbRecording_cut.wav,3.777777778,0.666666667,0.435555556,9
27984219_MinPolqaSfbRecording_cut.wav,4.25,0.707106781,0.49,8
28454158_MinPolqaSfbRecording_cut.wav,3.0,1.195228609,0.82825117,8
28056719_MinPolqaSfbRecording_cut.wav,1.875,0.83452296,0.578294907,8
28278990_MinPolqaSfbRecording_cut.wav,1.625,1.187734939,0.823058321,8
28169427_MinPolqaSfbRecording_cut.wav,3.375,0.744023809,0.515582195,8
27750618_MinPolqaSfbRecording_cut.wav,2.75,0.707106781,0.49,8
27657682_MinPolqaSfbRecording_cut.wav,4.0,0.755928946,0.523832034,8
27567754_MinPolqaSfbRecording_cut.wav,2.5,1.433720878,0.888629407,10
28273480_MinPolqaSfbRecording_cut.wav,3.7,0.823272602,0.510269645,10
27727241_MinPolqaSfbRecording_cut.wav,2.4,0.699205899,0.433372306,10
28284361_MinPolqaSfbRecording_cut.wav,3.8,1.032795559,0.640133319,10
28088340_MinPolqaSfbRecording_cut.wav,3.9,0.875595036,0.542699426,10
28432039_MinPolqaSfbRecording_cut.wav,1.9,0.994428926,0.616353434,10
27562759_MinPolqaSfbRecording_cut.wav,2.4,0.699205899,0.433372306,10
27786566_MinPolqaSfbRecording_cut.wav,2.2,0.788810638,0.488909899,10
28018982_MinPolqaSfbRecording_cut.wav,2.571428571,1.133893419,0.84,7
28103064_MinPolqaSfbRecording_cut.wav,4.142857143,0.899735411,0.66653332,7
27860350_MinPolqaSfbRecording_cut.wav,3.0,0.816496581,0.604869132,7
28520383_MinPolqaSfbRecording_cut.wav,3.428571429,0.786795792,0.58286648,7
28319946_MinPolqaSfbRecording_cut.wav,3.857142857,0.899735411,0.66653332,7
27777393_MinPolqaSfbRecording_cut.wav,2.0,1.154700538,0.85541413,7
27965906_MinPolqaSfbRecording_cut.wav,2.285714286,1.253566341,0.928654941,7
28152825_MinPolqaSfbRecording_cut.wav,3.428571429,0.786795792,0.58286648,7
28334224_MinPolqaSfbRecording_cut.wav,3.25,1.38873015,0.962340896,8
28304748_MinPolqaSfbRecording_cut.wav,2.25,1.035098339,0.717286554,8
27686593_MinPolqaSfbRecording_cut.wav,1.375,0.51754917,0.358643277,8
27705699_MinPolqaSfbRecording_cut.wav,2.375,1.060660172,0.735,8
28449063_MinPolqaSfbRecording_cut.wav,2.875,1.246423455,0.863727388,8
27806258_MinPolqaSfbRecording_cut.wav,1.5,0.755928946,0.523832034,8
28491783_MinPolqaSfbRecording_cut.wav,3.875,1.246423455,0.863727388,8
28428948_MinPolqaSfbRecording_cut.wav,1.875,0.83452296,0.578294907,8
27896146_MinPolqaSfbRecording_cut.wav,3.0,1.195228609,0.82825117,8
28210199_MinPolqaSfbRecording_cut.wav,2.25,1.035098339,0.717286554,8
28489701_MinPolqaSfbRecording_cut.wav,3.375,0.744023809,0.515582195,8
27785710_MinPolqaSfbRecording_cut.wav,4.625,0.51754917,0.358643277,8
28553057_MinPolqaSfbRecording_cut.wav,2.25,0.707106781,0.49,8
28081639_MinPolqaSfbRecording_cut.wav,2.25,0.46291005,0.320780299,8
27683123_MinPolqaSfbRecording_cut.wav,4.75,0.46291005,0.320780299,8
28168143_MinPolqaSfbRecording_cut.wav,3.375,0.51754917,0.358643277,8
28237696_MinPolqaSfbRecording_cut.wav,2.125,0.640869944,0.444100214,8
28232448_MinPolqaSfbRecording_cut.wav,4.25,0.707106781,0.49,8
28527471_MinPolqaSfbRecording_cut.wav,2.5,0.755928946,0.523832034,8
28295343_MinPolqaSfbRecording_cut.wav,3.25,0.707106781,0.49,8
28344594_MinPolqaSfbRecording_cut.wav,3.0,0.666666667,0.413204281,10
27797937_MinPolqaSfbRecording_cut.wav,4.3,1.059349905,0.656591874,10
28078812_MinPolqaSfbRecording_cut.wav,3.6,1.0749677,0.666271883,10
27628938_MinPolqaSfbRecording_cut.wav,4.0,0.816496581,0.506069824,10
27696477_MinPolqaSfbRecording_cut.wav,3.1,1.197219,0.742044024,10
27907590_MinPolqaSfbRecording_cut.wav,1.7,1.059349905,0.656591874,10
28336841_MinPolqaSfbRecording_cut.wav,3.9,0.994428926,0.616353434,10
27734842_MinPolqaSfbRecording_cut.wav,2.2,0.788810638,0.488909899,10
28127009_MinPolqaSfbRecording_cut.wav,3.1,0.875595036,0.542699426,10
28211838_MinPolqaSfbRecording_cut.wav,4.0,0.942809042,0.584359098,10
28153526_MinPolqaSfbRecording_cut.wav,3.888888889,0.600925213,0.392604472,9
27944542_MinPolqaSfbRecording_cut.wav,3.444444444,0.881917104,0.576185841,9
28244724_MinPolqaSfbRecording_cut.wav,2.333333333,1.118033989,0.730448873,9
27549561_MinPolqaSfbRecording_cut.wav,2.111111111,1.054092553,0.688673802,9
27982459_MinPolqaSfbRecording_cut.wav,3.777777778,0.666666667,0.435555556,9
27866960_MinPolqaSfbRecording_cut.wav,2.444444444,1.130388331,0.738520376,9
28007792_MinPolqaSfbRecording_cut.wav,3.444444444,0.527046277,0.344336901,9
27880171_MinPolqaSfbRecording_cut.wav,3.888888889,0.78173596,0.510734161,9
27564832_MinPolqaSfbRecording_cut.wav,3.444444444,0.527046277,0.344336901,9
28014960_MinPolqaSfbRecording_cut.wav,3.444444444,1.130388331,0.738520376,9
28493051_MinPolqaSfbRecording_cut.wav,1.333333333,0.707106781,0.46197643,9
28252185_MinPolqaSfbRecording_cut.wav,2.0,1.118033989,0.730448873,9
28047513_MinPolqaSfbRecording_cut.wav,2.0,1.0,0.653333333,9
28183365_MinPolqaSfbRecording_cut.wav,1.555555556,0.881917104,0.576185841,9
27580674_MinPolqaSfbRecording_cut.wav,1.333333333,0.707106781,0.46197643,9
27632742_MinPolqaSfbRecording_cut.wav,3.333333333,1.0,0.653333333,9
28170790_MinPolqaSfbRecording_cut.wav,2.0,0.866025404,0.565803264,9
28528155_MinPolqaSfbRecording_cut.wav,3.111111111,0.927960727,0.606267675,9
27552994_MinPolqaSfbRecording_cut.wav,2.222222222,1.394433378,0.911029807,9
27736619_MinPolqaSfbRecording_cut.wav,2.111111111,1.269295518,0.829273072,9
28467985_MinPolqaSfbRecording_cut.wav,4.0,0.707106781,0.46197643,9
28366855_MinPolqaSfbRecording_cut.wav,2.111111111,1.054092553,0.688673802,9
28513052_MinPolqaSfbRecording_cut.wav,2.111111111,1.054092553,0.688673802,9
28221565_MinPolqaSfbRecording_cut.wav,2.222222222,0.971825316,0.634925873,9
28148062_MinPolqaSfbRecording_cut.wav,3.555555556,1.130388331,0.738520376,9
27595506_MinPolqaSfbRecording_cut.wav,3.111111111,1.269295518,0.829273072,9
28319534_MinPolqaSfbRecording_cut.wav,3.888888889,0.78173596,0.510734161,9
28216343_MinPolqaSfbRecording_cut.wav,2.777777778,0.833333333,0.544444444,9
28226268_MinPolqaSfbRecording_cut.wav,3.111111111,0.78173596,0.510734161,9
28435174_MinPolqaSfbRecording_cut.wav,4.111111111,0.78173596,0.510734161,9
27903757_MinPolqaSfbRecording_cut.wav,3.333333333,0.707106781,0.46197643,9
28210752_MinPolqaSfbRecording_cut.wav,3.333333333,1.0,0.653333333,9
28521504_MinPolqaSfbRecording_cut.wav,3.888888889,0.927960727,0.606267675,9
28436240_MinPolqaSfbRecording_cut.wav,1.666666667,0.707106781,0.46197643,9
27939596_MinPolqaSfbRecording_cut.wav,1.666666667,0.707106781,0.46197643,9
28169856_MinPolqaSfbRecording_cut.wav,3.25,0.707106781,0.49,8
27646152_MinPolqaSfbRecording_cut.wav,4.375,0.744023809,0.515582195,8
27904111_MinPolqaSfbRecording_cut.wav,3.5,0.9258201,0.641560597,8
28594164_MinPolqaSfbRecording_cut.wav,3.75,0.46291005,0.320780299,8
28199832_MinPolqaSfbRecording_cut.wav,2.125,1.125991626,0.780272388,8
28147849_MinPolqaSfbRecording_cut.wav,2.125,0.991031209,0.68674959,8
27779805_MinPolqaSfbRecording_cut.wav,1.25,0.707106781,0.49,8
27682564_MinPolqaSfbRecording_cut.wav,2.375,0.51754917,0.358643277,8
28333936_MinPolqaSfbRecording_cut.wav,1.375,0.744023809,0.515582195,8
28127424_MinPolqaSfbRecording_cut.wav,3.25,1.035098339,0.717286554,8
28425009_MinPolqaSfbRecording_cut.wav,4.375,0.744023809,0.515582195,8
27806962_MinPolqaSfbRecording_cut.wav,3.5,0.755928946,0.523832034,8
27889038_MinPolqaSfbRecording_cut.wav,3.875,1.246423455,0.863727388,8
28556283_MinPolqaSfbRecording_cut.wav,4.0,0.9258201,0.641560597,8
28511989_MinPolqaSfbRecording_cut.wav,3.625,0.916125381,0.6348425,8
28288745_MinPolqaSfbRecording_cut.wav,4.0,0.755928946,0.523832034,8
27787507_MinPolqaSfbRecording_cut.wav,2.25,1.035098339,0.717286554,8
27777802_MinPolqaSfbRecording_cut.wav,4.125,0.991031209,0.68674959,8
27850829_MinPolqaSfbRecording_cut.wav,2.9,0.737864787,0.457333333,10
28131946_MinPolqaSfbRecording_cut.wav,3.8,0.632455532,0.392,10
28211172_MinPolqaSfbRecording_cut.wav,3.5,0.707106781,0.438269324,10
27517650_MinPolqaSfbRecording_cut.wav,2.9,0.737864787,0.457333333,10
27969736_MinPolqaSfbRecording_cut.wav,2.2,1.316561177,0.816013072,10
27583950_MinPolqaSfbRecording_cut.wav,2.7,0.823272602,0.510269645,10
28058890_MinPolqaSfbRecording_cut.wav,2.0,1.247219129,0.773034425,10
28546323_MinPolqaSfbRecording_cut.wav,4.2,0.788810638,0.488909899,10
27913176_MinPolqaSfbRecording_cut.wav,3.9,0.737864787,0.457333333,10
28037899_MinPolqaSfbRecording_cut.wav,4.125,0.83452296,0.578294907,8
28075926_MinPolqaSfbRecording_cut.wav,1.375,0.744023809,0.515582195,8
28316357_MinPolqaSfbRecording_cut.wav,3.75,0.707106781,0.49,8
27699850_MinPolqaSfbRecording_cut.wav,4.125,0.991031209,0.68674959,8
27769599_MinPolqaSfbRecording_cut.wav,1.75,1.164964745,0.807279382,8
27649383_MinPolqaSfbRecording_cut.wav,2.125,1.356202682,0.939800511,8
27730062_MinPolqaSfbRecording_cut.wav,1.875,0.640869944,0.444100214,8
28540976_MinPolqaSfbRecording_cut.wav,2.125,1.125991626,0.780272388,8
28322292_MinPolqaSfbRecording_cut.wav,1.375,0.51754917,0.358643277,8
27768868_MinPolqaSfbRecording_cut.wav,3.375,0.744023809,0.515582195,8
28155181_MinPolqaSfbRecording_cut.wav,3.875,0.83452296,0.578294907,8
27661942_MinPolqaSfbRecording_cut.wav,3.75,0.46291005,0.320780299,8
28180594_MinPolqaSfbRecording_cut.wav,2.0,1.069044968,0.740810367,8
27665367_MinPolqaSfbRecording_cut.wav,4.125,0.83452296,0.578294907,8
28442530_MinPolqaSfbRecording_cut.wav,3.0,0.9258201,0.641560597,8
28073032_MinPolqaSfbRecording_cut.wav,3.375,0.744023809,0.515582195,8
27554615_MinPolqaSfbRecording_cut.wav,2.375,1.187734939,0.823058321,8
28131909_MinPolqaSfbRecording_cut.wav,3.75,0.46291005,0.320780299,8
27737802_MinPolqaSfbRecording_cut.wav,3.888888889,0.927960727,0.606267675,9
28485292_MinPolqaSfbRecording_cut.wav,1.888888889,0.600925213,0.392604472,9
27857450_MinPolqaSfbRecording_cut.wav,4.0,1.0,0.653333333,9
27649454_MinPolqaSfbRecording_cut.wav,2.888888889,0.927960727,0.606267675,9
27896556_MinPolqaSfbRecording_cut.wav,2.0,0.707106781,0.46197643,9
27859825_MinPolqaSfbRecording_cut.wav,2.333333333,1.118033989,0.730448873,9
27874736_MinPolqaSfbRecording_cut.wav,2.333333333,1.224744871,0.800166649,9
28359698_MinPolqaSfbRecording_cut.wav,3.666666667,0.707106781,0.46197643,9
28362435_MinPolqaSfbRecording_cut.wav,2.222222222,1.301708279,0.850449409,9
28301721_MinPolqaSfbRecording_cut.wav,3.666666667,1.0,0.653333333,9
27744944_MinPolqaSfbRecording_cut.wav,4.111111111,0.600925213,0.392604472,9
28151697_MinPolqaSfbRecording_cut.wav,4.111111111,0.78173596,0.510734161,9
27930442_MinPolqaSfbRecording_cut.wav,3.888888889,0.600925213,0.392604472,9
27689928_MinPolqaSfbRecording_cut.wav,3.444444444,1.013793755,0.662345253,9
28358971_MinPolqaSfbRecording_cut.wav,3.555555556,0.527046277,0.344336901,9
28543044_MinPolqaSfbRecording_cut.wav,2.444444444,1.236033081,0.807541613,9
27860889_MinPolqaSfbRecording_cut.wav,4.0,0.5,0.326666667,9
28538896_MinPolqaSfbRecording_cut.wav,3.5,0.9258201,0.641560597,8
28120041_MinPolqaSfbRecording_cut.wav,3.625,0.744023809,0.515582195,8
27752835_MinPolqaSfbRecording_cut.wav,2.0,1.069044968,0.740810367,8
27698855_MinPolqaSfbRecording_cut.wav,1.5,0.534522484,0.370405184,8
28282154_MinPolqaSfbRecording_cut.wav,3.5,0.534522484,0.370405184,8
28326296_MinPolqaSfbRecording_cut.wav,2.0,0.755928946,0.523832034,8
27605062_MinPolqaSfbRecording_cut.wav,3.125,0.353553391,0.245,8
28438079_MinPolqaSfbRecording_cut.wav,2.0,0.942809042,0.584359098,10
27692837_MinPolqaSfbRecording_cut.wav,2.0,0.666666667,0.413204281,10
27861986_MinPolqaSfbRecording_cut.wav,3.6,0.843274043,0.522666667,10
27644396_MinPolqaSfbRecording_cut.wav,1.7,1.059349905,0.656591874,10
27650899_MinPolqaSfbRecording_cut.wav,1.6,0.843274043,0.522666667,10
28522548_MinPolqaSfbRecording_cut.wav,4.1,0.737864787,0.457333333,10
28480235_MinPolqaSfbRecording_cut.wav,3.7,0.674948558,0.41833745,10
28549583_MinPolqaSfbRecording_cut.wav,3.7,0.823272602,0.510269645,10
27969522_MinPolqaSfbRecording_cut.wav,1.8,1.316561177,0.816013072,10
28205660_MinPolqaSfbRecording_cut.wav,1.625,0.51754917,0.358643277,8
28238590_MinPolqaSfbRecording_cut.wav,4.25,0.88640526,0.614247507,8
28441111_MinPolqaSfbRecording_cut.wav,4.25,0.88640526,0.614247507,8
28156225_MinPolqaSfbRecording_cut.wav,3.875,0.83452296,0.578294907,8
28473802_MinPolqaSfbRecording_cut.wav,3.75,0.88640526,0.614247507,8
28178417_MinPolqaSfbRecording_cut.wav,4.25,0.707106781,0.49,8
28264231_MinPolqaSfbRecording_cut.wav,3.625,0.744023809,0.515582195,8
28149012_MinPolqaSfbRecording_cut.wav,3.25,0.707106781,0.49,8
28164962_MinPolqaSfbRecording_cut.wav,3.0,0.755928946,0.523832034,8
28143477_MinPolqaSfbRecording_cut.wav,2.125,1.356202682,0.939800511,8
28362376_MinPolqaSfbRecording_cut.wav,3.5,0.755928946,0.523832034,8
28253724_MinPolqaSfbRecording_cut.wav,2.5,0.534522484,0.370405184,8
28433416_MinPolqaSfbRecording_cut.wav,2.375,0.916125381,0.6348425,8
28432231_MinPolqaSfbRecording_cut.wav,3.75,0.88640526,0.614247507,8
28522825_MinPolqaSfbRecording_cut.wav,4.25,0.707106781,0.49,8
27907398_MinPolqaSfbRecording_cut.wav,4.333333333,0.866025404,0.565803264,9
28585433_MinPolqaSfbRecording_cut.wav,3.777777778,0.666666667,0.435555556,9
28002685_MinPolqaSfbRecording_cut.wav,3.888888889,0.78173596,0.510734161,9
28218436_MinPolqaSfbRecording_cut.wav,3.777777778,0.833333333,0.544444444,9
28352552_MinPolqaSfbRecording_cut.wav,3.222222222,0.666666667,0.435555556,9
28512761_MinPolqaSfbRecording_cut.wav,3.777777778,0.833333333,0.544444444,9
28584989_MinPolqaSfbRecording_cut.wav,3.777777778,0.833333333,0.544444444,9
27579024_MinPolqaSfbRecording_cut.wav,1.888888889,1.166666667,0.762222222,9
28259804_MinPolqaSfbRecording_cut.wav,4.111111111,0.78173596,0.510734161,9
28088892_MinPolqaSfbRecording_cut.wav,3.333333333,0.707106781,0.46197643,9
28318200_MinPolqaSfbRecording_cut.wav,1.777777778,0.666666667,0.435555556,9
28517819_MinPolqaSfbRecording_cut.wav,3.222222222,0.971825316,0.634925873,9
28436780_MinPolqaSfbRecording_cut.wav,4.666666667,0.5,0.326666667,9
28279402_MinPolqaSfbRecording_cut.wav,1.777777778,0.833333333,0.544444444,9
27866959_MinPolqaSfbRecording_cut.wav,1.857142857,1.214985793,0.900074071,7
28498806_MinPolqaSfbRecording_cut.wav,3.142857143,0.377964473,0.28,7
27712158_MinPolqaSfbRecording_cut.wav,2.428571429,0.534522484,0.395979797,7
27952685_MinPolqaSfbRecording_cut.wav,4.285714286,0.951189731,0.704651214,7
28134519_MinPolqaSfbRecording_cut.wav,3.857142857,0.690065559,0.51120772,7
28354900_MinPolqaSfbRecording_cut.wav,3.428571429,0.534522484,0.395979797,7
28000195_MinPolqaSfbRecording_cut.wav,3.857142857,0.899735411,0.66653332,7
27982015_MinPolqaSfbRecording_cut.wav,2.857142857,0.377964473,0.28,7
27570034_MinPolqaSfbRecording_cut.wav,1.833333333,1.169045194,0.935430976,6
28600135_MinPolqaSfbRecording_cut.wav,1.833333333,1.169045194,0.935430976,6
27918889_MinPolqaSfbRecording_cut.wav,3.666666667,0.816496581,0.653333333,6
27524784_MinPolqaSfbRecording_cut.wav,1.666666667,1.211060142,0.969049936,6
27890246_MinPolqaSfbRecording_cut.wav,1.833333333,1.169045194,0.935430976,6
28511491_MinPolqaSfbRecording_cut.wav,3.5,0.547722558,0.438269324,6
27827261_MinPolqaSfbRecording_cut.wav,3.5,0.836660027,0.66946745,6
28560603_MinPolqaSfbRecording_cut.wav,3.333333333,0.816496581,0.653333333,6
28087485_MinPolqaSfbRecording_cut.wav,3.0,0.577350269,0.427707065,7
28337705_MinPolqaSfbRecording_cut.wav,3.857142857,0.377964473,0.28,7
28469228_MinPolqaSfbRecording_cut.wav,2.285714286,1.112697281,0.824297681,7
28293830_MinPolqaSfbRecording_cut.wav,4.285714286,0.487950036,0.361478446,7
27811115_MinPolqaSfbRecording_cut.wav,4.0,0.816496581,0.604869132,7
27792588_MinPolqaSfbRecording_cut.wav,3.857142857,0.690065559,0.51120772,7
28092130_MinPolqaSfbRecording_cut.wav,2.571428571,0.786795792,0.58286648,7
27901250_MinPolqaSfbRecording_cut.wav,1.571428571,1.133893419,0.84,7
28015282_MinPolqaSfbRecording_cut.wav,3.0,0.816496581,0.506069824,10
27653290_MinPolqaSfbRecording_cut.wav,4.2,0.632455532,0.392,10
28289858_MinPolqaSfbRecording_cut.wav,3.2,0.918936583,0.569562795,10
27855406_MinPolqaSfbRecording_cut.wav,3.0,0.942809042,0.584359098,10
28364780_MinPolqaSfbRecording_cut.wav,4.4,0.699205899,0.433372306,10
27524979_MinPolqaSfbRecording_cut.wav,1.7,0.823272602,0.510269645,10
28162349_MinPolqaSfbRecording_cut.wav,2.6,0.699205899,0.433372306,10
27618236_MinPolqaSfbRecording_cut.wav,2.4,1.429840706,0.886224451,10
28499594_MinPolqaSfbRecording_cut.wav,1.5,0.707106781,0.438269324,10
28070804_MinPolqaSfbRecording_cut.wav,2.3,1.059349905,0.656591874,10
27962039_MinPolqaSfbRecording_cut.wav,2.4,0.843274043,0.522666667,10
27665045_MinPolqaSfbRecording_cut.wav,3.5,1.178511302,0.730448873,10
27818684_MinPolqaSfbRecording_cut.wav,3.5,1.08012345,0.66946745,10
28080203_MinPolqaSfbRecording_cut.wav,2.5,0.849836586,0.526734173,10
27727412_MinPolqaSfbRecording_cut.wav,2.5,0.849836586,0.526734173,10
28233905_MinPolqaSfbRecording_cut.wav,3.4,0.843274043,0.522666667,10
27561276_MinPolqaSfbRecording_cut.wav,3.8,1.032795559,0.640133319,10
27906416_MinPolqaSfbRecording_cut.wav,3.777777778,0.833333333,0.544444444,9
27808091_MinPolqaSfbRecording_cut.wav,1.777777778,0.971825316,0.634925873,9
28131685_MinPolqaSfbRecording_cut.wav,2.0,1.118033989,0.730448873,9
28321623_MinPolqaSfbRecording_cut.wav,3.111111111,1.054092553,0.688673802,9
28527018_MinPolqaSfbRecording_cut.wav,1.888888889,1.054092553,0.688673802,9
28209638_MinPolqaSfbRecording_cut.wav,3.444444444,1.130388331,0.738520376,9
28062239_MinPolqaSfbRecording_cut.wav,3.888888889,0.78173596,0.510734161,9
28524575_MinPolqaSfbRecording_cut.wav,3.777777778,0.833333333,0.544444444,9
27667436_MinPolqaSfbRecording_cut.wav,1.555555556,0.881917104,0.576185841,9
27551261_MinPolqaSfbRecording_cut.wav,3.111111111,0.927960727,0.606267675,9
28271375_MinPolqaSfbRecording_cut.wav,4.666666667,0.707106781,0.46197643,9
28245652_MinPolqaSfbRecording_cut.wav,3.0,1.0,0.653333333,9
28179088_MinPolqaSfbRecording_cut.wav,4.333333333,0.5,0.326666667,9
28596037_MinPolqaSfbRecording_cut.wav,2.333333333,0.707106781,0.46197643,9
28290480_MinPolqaSfbRecording_cut.wav,2.555555556,1.013793755,0.662345253,9
28031271_MinPolqaSfbRecording_cut.wav,4.111111111,0.78173596,0.510734161,9
27654134_MinPolqaSfbRecording_cut.wav,2.444444444,0.881917104,0.576185841,9
28080132_MinPolqaSfbRecording_cut.wav,4.222222222,0.666666667,0.435555556,9
28554938_MinPolqaSfbRecording_cut.wav,3.777777778,0.666666667,0.435555556,9
28522068_MinPolqaSfbRecording_cut.wav,3.666666667,0.5,0.326666667,9
28273698_MinPolqaSfbRecording_cut.wav,2.444444444,0.881917104,0.576185841,9
27664329_MinPolqaSfbRecording_cut.wav,4.0,0.707106781,0.46197643,9
28271791_MinPolqaSfbRecording_cut.wav,4.0,0.866025404,0.565803264,9
28583188_MinPolqaSfbRecording_cut.wav,2.777777778,0.833333333,0.544444444,9
28080499_MinPolqaSfbRecording_cut.wav,3.555555556,0.881917104,0.576185841,9
27661501_MinPolqaSfbRecording_cut.wav,3.333333333,0.707106781,0.46197643,9
27734400_MinPolqaSfbRecording_cut.wav,2.777777778,1.394433378,0.911029807,9
27686191_MinPolqaSfbRecording_cut.wav,3.222222222,1.092906421,0.714032195,9
28516747_MinPolqaSfbRecording_cut.wav,1.777777778,1.092906421,0.714032195,9
28181539_MinPolqaSfbRecording_cut.wav,3.0,0.866025404,0.565803264,9
27828071_MinPolqaSfbRecording_cut.wav,3.777777778,1.301708279,0.850449409,9
27660444_MinPolqaSfbRecording_cut.wav,3.0,0.707106781,0.46197643,9
28529800_MinPolqaSfbRecording_cut.wav,2.5,1.069044968,0.740810367,8
28314469_MinPolqaSfbRecording_cut.wav,1.5,1.069044968,0.740810367,8
28059966_MinPolqaSfbRecording_cut.wav,4.0,0.9258201,0.641560597,8
27636609_MinPolqaSfbRecording_cut.wav,2.625,1.187734939,0.823058321,8
28073975_MinPolqaSfbRecording_cut.wav,3.625,0.51754917,0.358643277,8
28363474_MinPolqaSfbRecording_cut.wav,2.875,0.991031209,0.68674959,8
28537017_MinPolqaSfbRecording_cut.wav,4.5,0.534522484,0.370405184,8
28200540_MinPolqaSfbRecording_cut.wav,2.75,1.035098339,0.717286554,8
27952322_MinPolqaSfbRecording_cut.wav,1.5,0.755928946,0.523832034,8
28300955_MinPolqaSfbRecording_cut.wav,4.375,0.51754917,0.358643277,8
28265837_MinPolqaSfbRecording_cut.wav,2.125,0.991031209,0.68674959,8
28295451_MinPolqaSfbRecording_cut.wav,3.125,0.991031209,0.68674959,8
28193702_MinPolqaSfbRecording_cut.wav,1.75,0.88640526,0.614247507,8
27555751_MinPolqaSfbRecording_cut.wav,3.125,1.125991626,0.780272388,8
28540738_MinPolqaSfbRecording_cut.wav,1.625,0.51754917,0.358643277,8
28307032_MinPolqaSfbRecording_cut.wav,2.625,0.916125381,0.6348425,8
28077275_MinPolqaSfbRecording_cut.wav,3.75,1.164964745,0.807279382,8
28170686_MinPolqaSfbRecording_cut.wav,2.125,0.83452296,0.578294907,8
28422924_MinPolqaSfbRecording_cut.wav,2.111111111,1.166666667,0.762222222,9
27981194_MinPolqaSfbRecording_cut.wav,4.0,0.707106781,0.46197643,9
28033989_MinPolqaSfbRecording_cut.wav,3.666666667,1.0,0.653333333,9
27570267_MinPolqaSfbRecording_cut.wav,3.777777778,0.440958552,0.288092921,9
27852271_MinPolqaSfbRecording_cut.wav,2.666666667,1.118033989,0.730448873,9
27721644_MinPolqaSfbRecording_cut.wav,3.888888889,0.600925213,0.392604472,9
28227113_MinPolqaSfbRecording_cut.wav,4.0,0.707106781,0.46197643,9
28109190_MinPolqaSfbRecording_cut.wav,2.666666667,1.118033989,0.730448873,9
27524550_MinPolqaSfbRecording_cut.wav,3.0,0.755928946,0.523832034,8
27902102_MinPolqaSfbRecording_cut.wav,2.5,0.755928946,0.523832034,8
27721166_MinPolqaSfbRecording_cut.wav,3.25,0.88640526,0.614247507,8
28072731_MinPolqaSfbRecording_cut.wav,3.125,0.83452296,0.578294907,8
28503094_MinPolqaSfbRecording_cut.wav,4.125,0.640869944,0.444100214,8
27555618_MinPolqaSfbRecording_cut.wav,3.5,0.534522484,0.370405184,8
27918406_MinPolqaSfbRecording_cut.wav,3.875,0.640869944,0.444100214,8
28206701_MinPolqaSfbRecording_cut.wav,3.125,0.353553391,0.245,8
28105325_MinPolqaSfbRecording_cut.wav,2.75,0.707106781,0.49,8
27583713_MinPolqaSfbRecording_cut.wav,2.5,1.309307341,0.907303698,8
28268089_MinPolqaSfbRecording_cut.wav,2.0,1.069044968,0.740810367,8
27631550_MinPolqaSfbRecording_cut.wav,4.125,0.991031209,0.68674959,8
28441162_MinPolqaSfbRecording_cut.wav,3.875,0.640869944,0.444100214,8
27548997_MinPolqaSfbRecording_cut.wav,2.0,1.511857892,1.047664068,8
28503559_MinPolqaSfbRecording_cut.wav,2.875,1.125991626,0.780272388,8
28425644_MinPolqaSfbRecording_cut.wav,4.125,0.640869944,0.444100214,8
28317463_MinPolqaSfbRecording_cut.wav,3.375,0.744023809,0.515582195,8
28057791_MinPolqaSfbRecording_cut.wav,2.25,0.88640526,0.614247507,8
27803127_MinPolqaSfbRecording_cut.wav,4.625,0.744023809,0.515582195,8
28105838_MinPolqaSfbRecording_cut.wav,4.5,0.534522484,0.370405184,8
27736615_MinPolqaSfbRecording_cut.wav,1.875,1.125991626,0.780272388,8
27798545_MinPolqaSfbRecording_cut.wav,3.125,0.83452296,0.578294907,8
28368513_MinPolqaSfbRecording_cut.wav,1.625,0.51754917,0.358643277,8
28535155_MinPolqaSfbRecording_cut.wav,3.25,0.88640526,0.614247507,8
27892497_MinPolqaSfbRecording_cut.wav,3.875,0.640869944,0.444100214,8
28196720_MinPolqaSfbRecording_cut.wav,3.625,0.744023809,0.515582195,8
27938870_MinPolqaSfbRecording_cut.wav,1.625,1.060660172,0.735,8
28295683_MinPolqaSfbRecording_cut.wav,2.333333333,0.866025404,0.565803264,9
28463655_MinPolqaSfbRecording_cut.wav,2.888888889,1.166666667,0.762222222,9
27661016_MinPolqaSfbRecording_cut.wav,4.333333333,0.5,0.326666667,9
27554854_MinPolqaSfbRecording_cut.wav,2.555555556,1.236033081,0.807541613,9
27750277_MinPolqaSfbRecording_cut.wav,2.555555556,0.881917104,0.576185841,9
28013566_MinPolqaSfbRecording_cut.wav,4.0,0.866025404,0.565803264,9
27551376_MinPolqaSfbRecording_cut.wav,3.666666667,1.118033989,0.730448873,9
27739549_MinPolqaSfbRecording_cut.wav,3.222222222,0.666666667,0.435555556,9
27976731_MinPolqaSfbRecording_cut.wav,4.222222222,0.833333333,0.544444444,9
28335048_MinPolqaSfbRecording_cut.wav,1.333333333,0.5,0.326666667,9
28509888_MinPolqaSfbRecording_cut.wav,3.555555556,1.013793755,0.662345253,9
28317672_MinPolqaSfbRecording_cut.wav,2.0,1.58113883,1.033010702,9
28286563_MinPolqaSfbRecording_cut.wav,2.444444444,1.424000624,0.930347074,9
27878601_MinPolqaSfbRecording_cut.wav,4.0,1.0,0.653333333,9
28538804_MinPolqaSfbRecording_cut.wav,3.222222222,0.971825316,0.634925873,9
27727724_MinPolqaSfbRecording_cut.wav,3.111111111,1.054092553,0.688673802,9
28305539_MinPolqaSfbRecording_cut.wav,1.777777778,0.833333333,0.544444444,9
28364052_MinPolqaSfbRecording_cut.wav,3.666666667,0.866025404,0.565803264,9
27963904_MinPolqaSfbRecording_cut.wav,1.142857143,0.377964473,0.28,7
27941814_MinPolqaSfbRecording_cut.wav,3.285714286,0.951189731,0.704651214,7
27766323_MinPolqaSfbRecording_cut.wav,3.571428571,1.397276262,1.035116741,7
27852487_MinPolqaSfbRecording_cut.wav,3.142857143,0.899735411,0.66653332,7
28101318_MinPolqaSfbRecording_cut.wav,3.428571429,0.786795792,0.58286648,7
27566235_MinPolqaSfbRecording_cut.wav,2.571428571,0.534522484,0.395979797,7
28122513_MinPolqaSfbRecording_cut.wav,3.0,0.816496581,0.604869132,7
28587601_MinPolqaSfbRecording_cut.wav,3.285714286,0.755928946,0.56,7
28514946_MinPolqaSfbRecording_cut.wav,2.857142857,0.690065559,0.51120772,7
28492892_MinPolqaSfbRecording_cut.wav,4.142857143,0.899735411,0.66653332,7
28265370_MinPolqaSfbRecording_cut.wav,3.571428571,0.534522484,0.395979797,7
28494802_MinPolqaSfbRecording_cut.wav,4.571428571,0.534522484,0.395979797,7
28332543_MinPolqaSfbRecording_cut.wav,4.285714286,0.487950036,0.361478446,7
28206733_MinPolqaSfbRecording_cut.wav,2.714285714,1.380131119,1.022415441,7
27630164_MinPolqaSfbRecording_cut.wav,3.285714286,0.487950036,0.361478446,7
28560773_MinPolqaSfbRecording_cut.wav,4.0,0.577350269,0.427707065,7
28538643_MinPolqaSfbRecording_cut.wav,2.75,1.38873015,0.962340896,8
27974315_MinPolqaSfbRecording_cut.wav,3.5,0.534522484,0.370405184,8
27857674_MinPolqaSfbRecording_cut.wav,3.0,1.069044968,0.740810367,8
28308307_MinPolqaSfbRecording_cut.wav,2.375,1.302470181,0.902565787,8
28062796_MinPolqaSfbRecording_cut.wav,3.125,0.83452296,0.578294907,8
28324920_MinPolqaSfbRecording_cut.wav,3.875,0.353553391,0.245,8
27765905_MinPolqaSfbRecording_cut.wav,2.875,1.246423455,0.863727388,8
28351844_MinPolqaSfbRecording_cut.wav,3.0,1.414213562,0.98,8
28345639_MinPolqaSfbRecording_cut.wav,2.0,0.9258201,0.641560597,8
27566869_MinPolqaSfbRecording_cut.wav,1.888888889,0.78173596,0.510734161,9
27547909_MinPolqaSfbRecording_cut.wav,2.222222222,1.092906421,0.714032195,9
28447614_MinPolqaSfbRecording_cut.wav,3.444444444,1.130388331,0.738520376,9
27523656_MinPolqaSfbRecording_cut.wav,3.777777778,0.971825316,0.634925873,9
28077050_MinPolqaSfbRecording_cut.wav,2.888888889,1.054092553,0.688673802,9
28062782_MinPolqaSfbRecording_cut.wav,2.444444444,1.236033081,0.807541613,9
28219772_MinPolqaSfbRecording_cut.wav,3.444444444,1.236033081,0.807541613,9
27983900_MinPolqaSfbRecording_cut.wav,2.888888889,1.166666667,0.762222222,9
28109322_MinPolqaSfbRecording_cut.wav,2.555555556,0.881917104,0.576185841,9
27752653_MinPolqaSfbRecording_cut.wav,3.5,0.755928946,0.523832034,8
28456462_MinPolqaSfbRecording_cut.wav,2.375,0.51754917,0.358643277,8
27678466_MinPolqaSfbRecording_cut.wav,3.75,0.88640526,0.614247507,8
27908782_MinPolqaSfbRecording_cut.wav,2.375,0.744023809,0.515582195,8
28426597_MinPolqaSfbRecording_cut.wav,3.75,0.707106781,0.49,8
28156305_MinPolqaSfbRecording_cut.wav,2.25,0.88640526,0.614247507,8
28125580_MinPolqaSfbRecording_cut.wav,3.375,0.744023809,0.515582195,8
28584787_MinPolqaSfbRecording_cut.wav,2.375,1.302470181,0.902565787,8
28284236_MinPolqaSfbRecording_cut.wav,3.555555556,0.527046277,0.344336901,9
28341324_MinPolqaSfbRecording_cut.wav,4.0,0.5,0.326666667,9
28142457_MinPolqaSfbRecording_cut.wav,3.222222222,0.833333333,0.544444444,9
27757556_MinPolqaSfbRecording_cut.wav,2.666666667,1.118033989,0.730448873,9
27936577_MinPolqaSfbRecording_cut.wav,2.555555556,0.726483157,0.474635663,9
28530197_MinPolqaSfbRecording_cut.wav,1.777777778,0.971825316,0.634925873,9
28073591_MinPolqaSfbRecording_cut.wav,2.333333333,0.866025404,0.565803264,9
27511537_MinPolqaSfbRecording_cut.wav,3.777777778,0.833333333,0.544444444,9
28512437_MinPolqaSfbRecording_cut.wav,1.333333333,0.5,0.326666667,9
27661786_MinPolqaSfbRecording_cut.wav,2.571428571,0.975900073,0.722956891,7
27624852_MinPolqaSfbRecording_cut.wav,3.714285714,1.253566341,0.928654941,7
28488321_MinPolqaSfbRecording_cut.wav,3.428571429,1.397276262,1.035116741,7
27896560_MinPolqaSfbRecording_cut.wav,2.0,0.816496581,0.604869132,7
27943718_MinPolqaSfbRecording_cut.wav,2.714285714,0.951189731,0.704651214,7
27906710_MinPolqaSfbRecording_cut.wav,2.428571429,1.133893419,0.84,7
28214651_MinPolqaSfbRecording_cut.wav,2.285714286,0.951189731,0.704651214,7
27939926_MinPolqaSfbRecording_cut.wav,2.714285714,1.112697281,0.824297681,7
28204576_MinPolqaSfbRecording_cut.wav,3.0,1.290994449,0.956382071,7
27771319_MinPolqaSfbRecording_cut.wav,4.142857143,0.690065559,0.51120772,7
28139740_MinPolqaSfbRecording_cut.wav,3.888888889,0.927960727,0.606267675,9
28438832_MinPolqaSfbRecording_cut.wav,3.111111111,0.600925213,0.392604472,9
27753920_MinPolqaSfbRecording_cut.wav,3.222222222,0.971825316,0.634925873,9
28041132_MinPolqaSfbRecording_cut.wav,2.555555556,0.881917104,0.576185841,9
28435332_MinPolqaSfbRecording_cut.wav,1.666666667,0.707106781,0.46197643,9
28425368_MinPolqaSfbRecording_cut.wav,2.555555556,0.527046277,0.344336901,9
27804495_MinPolqaSfbRecording_cut.wav,2.444444444,0.527046277,0.344336901,9
28035906_MinPolqaSfbRecording_cut.wav,1.777777778,1.092906421,0.714032195,9
28062780_MinPolqaSfbRecording_cut.wav,1.444444444,0.726483157,0.474635663,9
27923329_MinPolqaSfbRecording_cut.wav,3.666666667,0.707106781,0.46197643,9
28429377_MinPolqaSfbRecording_cut.wav,2.166666667,1.169045194,0.935430976,6
28297246_MinPolqaSfbRecording_cut.wav,2.333333333,0.816496581,0.653333333,6
28438354_MinPolqaSfbRecording_cut.wav,1.333333333,0.516397779,0.413204281,6
27819723_MinPolqaSfbRecording_cut.wav,3.666666667,1.032795559,0.826408562,6
27884366_MinPolqaSfbRecording_cut.wav,3.833333333,0.752772653,0.602343571,6
28309721_MinPolqaSfbRecording_cut.wav,3.5,0.547722558,0.438269324,6
28221154_MinPolqaSfbRecording_cut.wav,2.833333333,0.752772653,0.602343571,6
28265690_MinPolqaSfbRecording_cut.wav,4.166666667,0.40824829,0.326666667,6
28324066_MinPolqaSfbRecording_cut.wav,3.833333333,0.752772653,0.602343571,6
28253194_MinPolqaSfbRecording_cut.wav,3.1,0.737864787,0.457333333,10
27549211_MinPolqaSfbRecording_cut.wav,3.0,0.816496581,0.506069824,10
28500264_MinPolqaSfbRecording_cut.wav,3.4,0.699205899,0.433372306,10
27617220_MinPolqaSfbRecording_cut.wav,2.2,1.032795559,0.640133319,10
27826316_MinPolqaSfbRecording_cut.wav,3.8,0.632455532,0.392,10
28538747_MinPolqaSfbRecording_cut.wav,4.2,0.632455532,0.392,10
28596265_MinPolqaSfbRecording_cut.wav,2.4,1.264911064,0.784,10
27800033_MinPolqaSfbRecording_cut.wav,3.0,0.816496581,0.506069824,10
28537308_MinPolqaSfbRecording_cut.wav,3.7,0.674948558,0.41833745,10
28324409_MinPolqaSfbRecording_cut.wav,3.5,0.534522484,0.370405184,8
27973107_MinPolqaSfbRecording_cut.wav,3.375,0.51754917,0.358643277,8
28257475_MinPolqaSfbRecording_cut.wav,2.75,1.035098339,0.717286554,8
27795252_MinPolqaSfbRecording_cut.wav,3.125,0.353553391,0.245,8
27904759_MinPolqaSfbRecording_cut.wav,3.75,0.707106781,0.49,8
27625021_MinPolqaSfbRecording_cut.wav,3.875,0.991031209,0.68674959,8
28019375_MinPolqaSfbRecording_cut.wav,2.125,0.83452296,0.578294907,8
28102414_MinPolqaSfbRecording_cut.wav,3.0,1.069044968,0.740810367,8
28310618_MinPolqaSfbRecording_cut.wav,3.75,0.707106781,0.49,8
28317600_MinPolqaSfbRecording_cut.wav,3.5,0.971825316,0.602343571,10
27799315_MinPolqaSfbRecording_cut.wav,3.6,0.843274043,0.522666667,10
28509887_MinPolqaSfbRecording_cut.wav,3.2,1.229272594,0.761911048,10
28516315_MinPolqaSfbRecording_cut.wav,4.2,0.788810638,0.488909899,10
28007437_MinPolqaSfbRecording_cut.wav,3.2,0.632455532,0.392,10
27622513_MinPolqaSfbRecording_cut.wav,2.8,1.032795559,0.640133319,10
28070315_MinPolqaSfbRecording_cut.wav,1.7,1.059349905,0.656591874,10
27718214_MinPolqaSfbRecording_cut.wav,3.5,0.707106781,0.438269324,10
28417382_MinPolqaSfbRecording_cut.wav,3.666666667,0.866025404,0.565803264,9
28432942_MinPolqaSfbRecording_cut.wav,1.888888889,0.78173596,0.510734161,9
27730254_MinPolqaSfbRecording_cut.wav,4.444444444,0.881917104,0.576185841,9
28515674_MinPolqaSfbRecording_cut.wav,1.666666667,0.707106781,0.46197643,9
27760616_MinPolqaSfbRecording_cut.wav,3.777777778,0.971825316,0.634925873,9
28435700_MinPolqaSfbRecording_cut.wav,2.666666667,0.866025404,0.565803264,9
27693586_MinPolqaSfbRecording_cut.wav,3.888888889,0.927960727,0.606267675,9
27636161_MinPolqaSfbRecording_cut.wav,4.333333333,0.866025404,0.565803264,9
28198146_MinPolqaSfbRecording_cut.wav,3.666666667,0.707106781,0.46197643,9
27557681_MinPolqaSfbRecording_cut.wav,2.25,1.035098339,0.717286554,8
27915178_MinPolqaSfbRecording_cut.wav,3.0,0.755928946,0.523832034,8
27681555_MinPolqaSfbRecording_cut.wav,3.375,0.744023809,0.515582195,8
27524990_MinPolqaSfbRecording_cut.wav,3.875,0.83452296,0.578294907,8
28462592_MinPolqaSfbRecording_cut.wav,1.5,1.069044968,0.740810367,8
27955178_MinPolqaSfbRecording_cut.wav,3.625,1.060660172,0.735,8
27644362_MinPolqaSfbRecording_cut.wav,3.375,0.51754917,0.358643277,8
28267931_MinPolqaSfbRecording_cut.wav,1.5,1.069044968,0.740810367,8
28150905_MinPolqaSfbRecording_cut.wav,1.625,0.744023809,0.515582195,8
27648756_MinPolqaSfbRecording_cut.wav,3.4,1.0749677,0.666271883,10
27748406_MinPolqaSfbRecording_cut.wav,2.0,0.942809042,0.584359098,10
27746310_MinPolqaSfbRecording_cut.wav,3.7,1.159501809,0.718666667,10
27587431_MinPolqaSfbRecording_cut.wav,1.7,1.33749351,0.828987066,10
27636178_MinPolqaSfbRecording_cut.wav,3.8,1.229272594,0.761911048,10
28366136_MinPolqaSfbRecording_cut.wav,2.4,0.966091783,0.598789891,10
27777253_MinPolqaSfbRecording_cut.wav,4.0,0.816496581,0.506069824,10
28443385_MinPolqaSfbRecording_cut.wav,2.7,1.159501809,0.718666667,10
27641986_MinPolqaSfbRecording_cut.wav,3.625,1.187734939,0.823058321,8
28252949_MinPolqaSfbRecording_cut.wav,4.0,0.9258201,0.641560597,8
28026924_MinPolqaSfbRecording_cut.wav,1.375,0.744023809,0.515582195,8
28299837_MinPolqaSfbRecording_cut.wav,4.375,0.744023809,0.515582195,8
27518583_MinPolqaSfbRecording_cut.wav,3.625,0.916125381,0.6348425,8
27775963_MinPolqaSfbRecording_cut.wav,3.875,0.991031209,0.68674959,8
28544904_MinPolqaSfbRecording_cut.wav,4.25,0.707106781,0.49,8
27719594_MinPolqaSfbRecording_cut.wav,4.375,0.744023809,0.515582195,8
28157740_MinPolqaSfbRecording_cut.wav,4.125,0.83452296,0.578294907,8
28224416_MinPolqaSfbRecording_cut.wav,1.142857143,0.377964473,0.28,7
27885355_MinPolqaSfbRecording_cut.wav,3.142857143,1.069044968,0.791959595,7
28433765_MinPolqaSfbRecording_cut.wav,3.571428571,0.786795792,0.58286648,7
28326686_MinPolqaSfbRecording_cut.wav,3.857142857,0.899735411,0.66653332,7
28348447_MinPolqaSfbRecording_cut.wav,3.571428571,0.786795792,0.58286648,7
27771925_MinPolqaSfbRecording_cut.wav,1.571428571,0.786795792,0.58286648,7
27745710_MinPolqaSfbRecording_cut.wav,2.0,0.816496581,0.604869132,7
28221471_MinPolqaSfbRecording_cut.wav,3.0,1.414213562,1.047664068,7
27951718_MinPolqaSfbRecording_cut.wav,4.142857143,0.899735411,0.66653332,7
28298846_MinPolqaSfbRecording_cut.wav,4.0,1.0,0.740810367,7
28332213_MinPolqaSfbRecording_cut.wav,4.0,0.577350269,0.427707065,7
27579328_MinPolqaSfbRecording_cut.wav,3.714285714,0.487950036,0.361478446,7
28180681_MinPolqaSfbRecording_cut.wav,4.0,0.577350269,0.427707065,7
28519774_MinPolqaSfbRecording_cut.wav,3.857142857,0.690065559,0.51120772,7
27894826_MinPolqaSfbRecording_cut.wav,3.571428571,0.786795792,0.58286648,7
28506554_MinPolqaSfbRecording_cut.wav,3.571428571,0.975900073,0.722956891,7
28219255_MinPolqaSfbRecording_cut.wav,4.0,0.816496581,0.604869132,7
28249076_MinPolqaSfbRecording_cut.wav,3.0,0.5,0.326666667,9
28365151_MinPolqaSfbRecording_cut.wav,3.555555556,0.527046277,0.344336901,9
27784162_MinPolqaSfbRecording_cut.wav,3.222222222,0.666666667,0.435555556,9
28202293_MinPolqaSfbRecording_cut.wav,2.888888889,0.600925213,0.392604472,9
28090200_MinPolqaSfbRecording_cut.wav,3.888888889,0.600925213,0.392604472,9
27770973_MinPolqaSfbRecording_cut.wav,2.333333333,0.707106781,0.46197643,9
27961301_MinPolqaSfbRecording_cut.wav,2.555555556,0.881917104,0.576185841,9
28262091_MinPolqaSfbRecording_cut.wav,3.857142857,0.690065559,0.51120772,7
28067281_MinPolqaSfbRecording_cut.wav,3.714285714,0.755928946,0.56,7
27983258_MinPolqaSfbRecording_cut.wav,4.142857143,0.690065559,0.51120772,7
27570774_MinPolqaSfbRecording_cut.wav,2.857142857,0.377964473,0.28,7
28112781_MinPolqaSfbRecording_cut.wav,1.714285714,0.487950036,0.361478446,7
27762025_MinPolqaSfbRecording_cut.wav,1.571428571,0.786795792,0.58286648,7
27609294_MinPolqaSfbRecording_cut.wav,1.285714286,0.487950036,0.361478446,7
27955147_MinPolqaSfbRecording_cut.wav,2.777777778,0.666666667,0.435555556,9
28153611_MinPolqaSfbRecording_cut.wav,2.555555556,0.527046277,0.344336901,9
28040390_MinPolqaSfbRecording_cut.wav,1.777777778,1.092906421,0.714032195,9
28321552_MinPolqaSfbRecording_cut.wav,1.222222222,0.440958552,0.288092921,9
27875271_MinPolqaSfbRecording_cut.wav,2.0,1.118033989,0.730448873,9
27864181_MinPolqaSfbRecording_cut.wav,3.777777778,0.833333333,0.544444444,9
28031634_MinPolqaSfbRecording_cut.wav,1.555555556,0.726483157,0.474635663,9
27958252_MinPolqaSfbRecording_cut.wav,4.111111111,1.054092553,0.688673802,9
27772901_MinPolqaSfbRecording_cut.wav,2.555555556,1.130388331,0.738520376,9
27580671_MinPolqaSfbRecording_cut.wav,1.666666667,0.707106781,0.46197643,9
28174606_MinPolqaSfbRecording_cut.wav,3.0,1.322875656,0.864278762,9
28331084_MinPolqaSfbRecording_cut.wav,3.0,1.118033989,0.730448873,9
27793055_MinPolqaSfbRecording_cut.wav,3.111111111,0.78173596,0.510734161,9
28463786_MinPolqaSfbRecording_cut.wav,4.0,0.5,0.326666667,9
28292767_MinPolqaSfbRecording_cut.wav,1.666666667,0.707106781,0.46197643,9
27637152_MinPolqaSfbRecording_cut.wav,1.888888889,0.78173596,0.510734161,9
27857527_MinPolqaSfbRecording_cut.wav,3.666666667,0.707106781,0.46197643,9
27654008_MinPolqaSfbRecording_cut.wav,2.111111111,1.054092553,0.688673802,9
28143531_MinPolqaSfbRecording_cut.wav,4.111111111,0.927960727,0.606267675,9
28274098_MinPolqaSfbRecording_cut.wav,3.111111111,0.600925213,0.392604472,9
27643715_MinPolqaSfbRecording_cut.wav,3.666666667,1.0,0.653333333,9
27662769_MinPolqaSfbRecording_cut.wav,3.0,0.866025404,0.565803264,9
28073745_MinPolqaSfbRecording_cut.wav,3.111111111,0.600925213,0.392604472,9
28329050_MinPolqaSfbRecording_cut.wav,3.222222222,0.971825316,0.634925873,9
28224414_MinPolqaSfbRecording_cut.wav,1.888888889,0.927960727,0.606267675,9
27635633_MinPolqaSfbRecording_cut.wav,2.0,1.118033989,0.730448873,9
27786563_MinPolqaSfbRecording_cut.wav,2.888888889,1.054092553,0.688673802,9
28451643_MinPolqaSfbRecording_cut.wav,2.333333333,0.816496581,0.653333333,6
28473512_MinPolqaSfbRecording_cut.wav,3.333333333,0.516397779,0.413204281,6
28044306_MinPolqaSfbRecording_cut.wav,3.833333333,0.40824829,0.326666667,6
27568695_MinPolqaSfbRecording_cut.wav,1.833333333,1.169045194,0.935430976,6
27914959_MinPolqaSfbRecording_cut.wav,4.166666667,0.752772653,0.602343571,6
28318024_MinPolqaSfbRecording_cut.wav,3.833333333,0.40824829,0.326666667,6
28499659_MinPolqaSfbRecording_cut.wav,2.333333333,1.505545305,1.204687142,6
28560719_MinPolqaSfbRecording_cut.wav,4.333333333,0.516397779,0.413204281,6
28244101_MinPolqaSfbRecording_cut.wav,3.5,0.836660027,0.66946745,6
27606473_MinPolqaSfbRecording_cut.wav,4.0,0.755928946,0.523832034,8
28146508_MinPolqaSfbRecording_cut.wav,1.875,0.991031209,0.68674959,8
28220159_MinPolqaSfbRecording_cut.wav,2.875,0.83452296,0.578294907,8
27942048_MinPolqaSfbRecording_cut.wav,2.125,0.991031209,0.68674959,8
28041561_MinPolqaSfbRecording_cut.wav,3.625,0.916125381,0.6348425,8
27768787_MinPolqaSfbRecording_cut.wav,3.0,0.9258201,0.641560597,8
28356822_MinPolqaSfbRecording_cut.wav,3.25,0.88640526,0.614247507,8
28283704_MinPolqaSfbRecording_cut.wav,2.625,0.916125381,0.6348425,8
27710851_MinPolqaSfbRecording_cut.wav,3.444444444,0.527046277,0.344336901,9
28597377_MinPolqaSfbRecording_cut.wav,2.111111111,0.927960727,0.606267675,9
28486835_MinPolqaSfbRecording_cut.wav,4.333333333,0.866025404,0.565803264,9
28159738_MinPolqaSfbRecording_cut.wav,2.333333333,0.866025404,0.565803264,9
28454498_MinPolqaSfbRecording_cut.wav,4.0,0.707106781,0.46197643,9
27922227_MinPolqaSfbRecording_cut.wav,4.111111111,0.78173596,0.510734161,9
27685337_MinPolqaSfbRecording_cut.wav,4.111111111,1.054092553,0.688673802,9
28450247_MinPolqaSfbRecording_cut.wav,3.222222222,1.481365736,0.967825614,9
27627579_MinPolqaSfbRecording_cut.wav,1.8,0.788810638,0.488909899,10
28231405_MinPolqaSfbRecording_cut.wav,3.4,0.966091783,0.598789891,10
28524728_MinPolqaSfbRecording_cut.wav,3.6,0.966091783,0.598789891,10
27690966_MinPolqaSfbRecording_cut.wav,1.9,0.737864787,0.457333333,10
27659262_MinPolqaSfbRecording_cut.wav,3.6,0.966091783,0.598789891,10
28293888_MinPolqaSfbRecording_cut.wav,2.2,0.918936583,0.569562795,10
27628217_MinPolqaSfbRecording_cut.wav,2.3,0.948683298,0.588,10
28239689_MinPolqaSfbRecording_cut.wav,3.285714286,0.487950036,0.361478446,7
27551137_MinPolqaSfbRecording_cut.wav,3.571428571,0.786795792,0.58286648,7
28292633_MinPolqaSfbRecording_cut.wav,1.714285714,0.951189731,0.704651214,7
27666876_MinPolqaSfbRecording_cut.wav,3.857142857,0.690065559,0.51120772,7
27639556_MinPolqaSfbRecording_cut.wav,4.571428571,0.534522484,0.395979797,7
28083068_MinPolqaSfbRecording_cut.wav,3.571428571,0.786795792,0.58286648,7
27941247_MinPolqaSfbRecording_cut.wav,3.571428571,0.534522484,0.395979797,7
27901414_MinPolqaSfbRecording_cut.wav,2.571428571,1.272418021,0.942620461,7
28160444_MinPolqaSfbRecording_cut.wav,2.666666667,0.866025404,0.565803264,9
27590319_MinPolqaSfbRecording_cut.wav,3.444444444,0.726483157,0.474635663,9
27902930_MinPolqaSfbRecording_cut.wav,2.111111111,0.600925213,0.392604472,9
28084885_MinPolqaSfbRecording_cut.wav,2.777777778,0.666666667,0.435555556,9
27687783_MinPolqaSfbRecording_cut.wav,3.888888889,0.78173596,0.510734161,9
28212128_MinPolqaSfbRecording_cut.wav,2.777777778,0.833333333,0.544444444,9
28517798_MinPolqaSfbRecording_cut.wav,1.444444444,0.527046277,0.344336901,9
27609320_MinPolqaSfbRecording_cut.wav,1.222222222,0.666666667,0.435555556,9
27552963_MinPolqaSfbRecording_cut.wav,2.555555556,0.527046277,0.344336901,9
27955942_MinPolqaSfbRecording_cut.wav,4.555555556,0.527046277,0.344336901,9
27897482_MinPolqaSfbRecording_cut.wav,2.1,1.197219,0.742044024,10
28299437_MinPolqaSfbRecording_cut.wav,3.4,0.516397779,0.32006666,10
27930967_MinPolqaSfbRecording_cut.wav,2.5,0.849836586,0.526734173,10
28432717_MinPolqaSfbRecording_cut.wav,4.0,0.666666667,0.413204281,10
27747809_MinPolqaSfbRecording_cut.wav,3.8,0.421637021,0.261333333,10
28486267_MinPolqaSfbRecording_cut.wav,2.2,0.788810638,0.488909899,10
27640096_MinPolqaSfbRecording_cut.wav,3.7,0.674948558,0.41833745,10
28561054_MinPolqaSfbRecording_cut.wav,3.4,0.843274043,0.522666667,10
27569609_MinPolqaSfbRecording_cut.wav,2.3,0.823272602,0.510269645,10
28440304_MinPolqaSfbRecording_cut.wav,2.666666667,0.866025404,0.565803264,9
27873881_MinPolqaSfbRecording_cut.wav,3.333333333,0.707106781,0.46197643,9
28511055_MinPolqaSfbRecording_cut.wav,1.888888889,1.054092553,0.688673802,9
27798221_MinPolqaSfbRecording_cut.wav,3.333333333,0.866025404,0.565803264,9
28586999_MinPolqaSfbRecording_cut.wav,2.222222222,1.481365736,0.967825614,9
28491869_MinPolqaSfbRecording_cut.wav,3.0,0.866025404,0.565803264,9
27846983_MinPolqaSfbRecording_cut.wav,3.444444444,0.726483157,0.474635663,9
27698332_MinPolqaSfbRecording_cut.wav,2.222222222,0.833333333,0.544444444,9
28322794_MinPolqaSfbRecording_cut.wav,3.666666667,1.118033989,0.730448873,9
28005289_MinPolqaSfbRecording_cut.wav,3.222222222,0.666666667,0.435555556,9
27567311_MinPolqaSfbRecording_cut.wav,3.777777778,0.971825316,0.634925873,9
28157613_MinPolqaSfbRecording_cut.wav,3.888888889,0.927960727,0.606267675,9
28436822_MinPolqaSfbRecording_cut.wav,2.0,0.707106781,0.46197643,9
27841813_MinPolqaSfbRecording_cut.wav,3.666666667,1.0,0.653333333,9
28267933_MinPolqaSfbRecording_cut.wav,2.444444444,0.881917104,0.576185841,9
27739550_MinPolqaSfbRecording_cut.wav,3.0,0.707106781,0.46197643,9
27600685_MinPolqaSfbRecording_cut.wav,1.444444444,0.527046277,0.344336901,9
27954920_MinPolqaSfbRecording_cut.wav,2.875,0.640869944,0.444100214,8
28198332_MinPolqaSfbRecording_cut.wav,2.75,0.707106781,0.49,8
27758526_MinPolqaSfbRecording_cut.wav,4.125,0.83452296,0.578294907,8
28170341_MinPolqaSfbRecording_cut.wav,3.5,0.9258201,0.641560597,8
28288233_MinPolqaSfbRecording_cut.wav,3.0,0.9258201,0.641560597,8
27771280_MinPolqaSfbRecording_cut.wav,1.875,1.356202682,0.939800511,8
27557972_MinPolqaSfbRecording_cut.wav,1.875,0.640869944,0.444100214,8
28322906_MinPolqaSfbRecording_cut.wav,2.125,0.83452296,0.578294907,8
27550724_MinPolqaSfbRecording_cut.wav,1.5,0.534522484,0.370405184,8
27801950_MinPolqaSfbRecording_cut.wav,1.875,0.83452296,0.578294907,8
28256864_MinPolqaSfbRecording_cut.wav,3.8,0.836660027,0.733364848,5
28220737_MinPolqaSfbRecording_cut.wav,2.6,1.341640786,1.176,5
27554697_MinPolqaSfbRecording_cut.wav,3.6,0.547722558,0.48009999,5
27859167_MinPolqaSfbRecording_cut.wav,3.4,1.140175425,0.999407825,5
27608713_MinPolqaSfbRecording_cut.wav,1.0,0.0,0.0,5
28210891_MinPolqaSfbRecording_cut.wav,4.0,0.707106781,0.619806421,5
27556264_MinPolqaSfbRecording_cut.wav,4.0,0.707106781,0.619806421,5
28158318_MinPolqaSfbRecording_cut.wav,3.8,0.836660027,0.733364848,5
28334948_MinPolqaSfbRecording_cut.wav,3.6,0.547722558,0.48009999,5
28221703_MinPolqaSfbRecording_cut.wav,3.444444444,0.881917104,0.576185841,9
28209010_MinPolqaSfbRecording_cut.wav,3.666666667,0.707106781,0.46197643,9
27894718_MinPolqaSfbRecording_cut.wav,3.555555556,0.726483157,0.474635663,9
28158479_MinPolqaSfbRecording_cut.wav,2.444444444,0.726483157,0.474635663,9
27827744_MinPolqaSfbRecording_cut.wav,2.333333333,0.5,0.326666667,9
28508792_MinPolqaSfbRecording_cut.wav,3.0,0.5,0.326666667,9
27751071_MinPolqaSfbRecording_cut.wav,4.222222222,0.833333333,0.544444444,9
27685970_MinPolqaSfbRecording_cut.wav,2.333333333,0.866025404,0.565803264,9
27673143_MinPolqaSfbRecording_cut.wav,3.888888889,0.78173596,0.510734161,9
28023081_MinPolqaSfbRecording_cut.wav,4.111111111,0.78173596,0.510734161,9
27881876_MinPolqaSfbRecording_cut.wav,4.111111111,0.78173596,0.510734161,9
27824498_MinPolqaSfbRecording_cut.wav,4.0,0.866025404,0.565803264,9
28300946_MinPolqaSfbRecording_cut.wav,4.0,0.866025404,0.565803264,9
27772771_MinPolqaSfbRecording_cut.wav,2.333333333,0.707106781,0.46197643,9
27587251_MinPolqaSfbRecording_cut.wav,4.0,0.707106781,0.46197643,9
27735560_MinPolqaSfbRecording_cut.wav,2.75,0.707106781,0.49,8
27676990_MinPolqaSfbRecording_cut.wav,3.25,0.46291005,0.320780299,8
27794233_MinPolqaSfbRecording_cut.wav,1.625,1.060660172,0.735,8
28252945_MinPolqaSfbRecording_cut.wav,4.0,0.534522484,0.370405184,8
27882432_MinPolqaSfbRecording_cut.wav,4.5,0.534522484,0.370405184,8
27951539_MinPolqaSfbRecording_cut.wav,4.125,0.640869944,0.444100214,8
27832025_MinPolqaSfbRecording_cut.wav,3.375,0.51754917,0.358643277,8
28046357_MinPolqaSfbRecording_cut.wav,3.857142857,0.899735411,0.66653332,7
28279686_MinPolqaSfbRecording_cut.wav,3.142857143,0.899735411,0.66653332,7
27615615_MinPolqaSfbRecording_cut.wav,3.714285714,0.755928946,0.56,7
28020348_MinPolqaSfbRecording_cut.wav,3.142857143,0.690065559,0.51120772,7
27893595_MinPolqaSfbRecording_cut.wav,3.714285714,0.755928946,0.56,7
27784728_MinPolqaSfbRecording_cut.wav,3.142857143,0.690065559,0.51120772,7
27547617_MinPolqaSfbRecording_cut.wav,3.428571429,0.786795792,0.58286648,7
27765858_MinPolqaSfbRecording_cut.wav,3.285714286,0.951189731,0.704651214,7
28159512_MinPolqaSfbRecording_cut.wav,3.857142857,1.069044968,0.791959595,7
28442926_MinPolqaSfbRecording_cut.wav,3.428571429,0.975900073,0.722956891,7
28031847_MinPolqaSfbRecording_cut.wav,2.571428571,1.133893419,0.84,7
27629960_MinPolqaSfbRecording_cut.wav,3.0,1.414213562,1.047664068,7
28260413_MinPolqaSfbRecording_cut.wav,3.142857143,1.069044968,0.791959595,7
27977147_MinPolqaSfbRecording_cut.wav,2.0,1.154700538,0.85541413,7
27703495_MinPolqaSfbRecording_cut.wav,2.0,1.732050808,1.283121195,7
28066566_MinPolqaSfbRecording_cut.wav,3.428571429,0.975900073,0.722956891,7
27937168_MinPolqaSfbRecording_cut.wav,4.111111111,0.600925213,0.392604472,9
28013576_MinPolqaSfbRecording_cut.wav,2.222222222,1.301708279,0.850449409,9
28488112_MinPolqaSfbRecording_cut.wav,3.666666667,0.5,0.326666667,9
28440301_MinPolqaSfbRecording_cut.wav,3.0,0.707106781,0.46197643,9
27551967_MinPolqaSfbRecording_cut.wav,2.777777778,0.666666667,0.435555556,9
27656363_MinPolqaSfbRecording_cut.wav,2.777777778,0.666666667,0.435555556,9
28298322_MinPolqaSfbRecording_cut.wav,1.777777778,0.666666667,0.435555556,9
27664232_MinPolqaSfbRecording_cut.wav,2.222222222,1.092906421,0.714032195,9
28291786_MinPolqaSfbRecording_cut.wav,3.111111111,0.78173596,0.510734161,9
28059128_MinPolqaSfbRecording_cut.wav,2.333333333,0.866025404,0.565803264,9
28128961_MinPolqaSfbRecording_cut.wav,4.222222222,0.666666667,0.435555556,9
28277126_MinPolqaSfbRecording_cut.wav,3.111111111,0.78173596,0.510734161,9
27596728_MinPolqaSfbRecording_cut.wav,2.888888889,0.927960727,0.606267675,9
28224285_MinPolqaSfbRecording_cut.wav,3.666666667,0.5,0.326666667,9
28268090_MinPolqaSfbRecording_cut.wav,2.444444444,1.333333333,0.871111111,9
28161902_MinPolqaSfbRecording_cut.wav,4.555555556,0.527046277,0.344336901,9
28433365_MinPolqaSfbRecording_cut.wav,4.222222222,0.440958552,0.288092921,9
27710361_MinPolqaSfbRecording_cut.wav,3.142857143,0.899735411,0.66653332,7
28167728_MinPolqaSfbRecording_cut.wav,3.285714286,0.755928946,0.56,7
28026023_MinPolqaSfbRecording_cut.wav,4.0,0.577350269,0.427707065,7
28086544_MinPolqaSfbRecording_cut.wav,3.714285714,0.487950036,0.361478446,7
28134575_MinPolqaSfbRecording_cut.wav,2.285714286,0.487950036,0.361478446,7
28270219_MinPolqaSfbRecording_cut.wav,2.428571429,1.133893419,0.84,7
28502158_MinPolqaSfbRecording_cut.wav,3.571428571,0.534522484,0.395979797,7
28211820_MinPolqaSfbRecording_cut.wav,3.285714286,0.487950036,0.361478446,7
27710651_MinPolqaSfbRecording_cut.wav,3.285714286,0.487950036,0.361478446,7
28597381_MinPolqaSfbRecording_cut.wav,1.888888889,0.78173596,0.510734161,9
27743836_MinPolqaSfbRecording_cut.wav,3.666666667,1.322875656,0.864278762,9
28159692_MinPolqaSfbRecording_cut.wav,1.555555556,0.881917104,0.576185841,9
27775082_MinPolqaSfbRecording_cut.wav,3.777777778,1.481365736,0.967825614,9
28019370_MinPolqaSfbRecording_cut.wav,1.666666667,0.866025404,0.565803264,9
27925943_MinPolqaSfbRecording_cut.wav,3.555555556,1.013793755,0.662345253,9
28111616_MinPolqaSfbRecording_cut.wav,1.333333333,0.5,0.326666667,9
28583203_MinPolqaSfbRecording_cut.wav,2.777777778,1.481365736,0.967825614,9
28164412_MinPolqaSfbRecording_cut.wav,1.777777778,0.833333333,0.544444444,9
27744006_MinPolqaSfbRecording_cut.wav,1.555555556,0.527046277,0.344336901,9
27615719_MinPolqaSfbRecording_cut.wav,2.75,1.164964745,0.807279382,8
28271106_MinPolqaSfbRecording_cut.wav,2.875,0.83452296,0.578294907,8
28432492_MinPolqaSfbRecording_cut.wav,1.375,1.060660172,0.735,8
27521810_MinPolqaSfbRecording_cut.wav,2.5,0.755928946,0.523832034,8
27787525_MinPolqaSfbRecording_cut.wav,3.0,0.755928946,0.523832034,8
28199667_MinPolqaSfbRecording_cut.wav,3.375,1.060660172,0.735,8
28446280_MinPolqaSfbRecording_cut.wav,2.625,0.744023809,0.515582195,8
28273950_MinPolqaSfbRecording_cut.wav,3.125,0.640869944,0.444100214,8
28352024_MinPolqaSfbRecording_cut.wav,3.75,0.46291005,0.320780299,8
28485475_MinPolqaSfbRecording_cut.wav,3.142857143,0.899735411,0.66653332,7
27620752_MinPolqaSfbRecording_cut.wav,3.857142857,0.899735411,0.66653332,7
27886210_MinPolqaSfbRecording_cut.wav,4.142857143,0.690065559,0.51120772,7
27725124_MinPolqaSfbRecording_cut.wav,3.857142857,0.899735411,0.66653332,7
27561266_MinPolqaSfbRecording_cut.wav,3.857142857,0.377964473,0.28,7
28104399_MinPolqaSfbRecording_cut.wav,3.285714286,0.755928946,0.56,7
27678033_MinPolqaSfbRecording_cut.wav,3.857142857,0.377964473,0.28,7
27731204_MinPolqaSfbRecording_cut.wav,4.714285714,0.755928946,0.56,7
28150748_MinPolqaSfbRecording_cut.wav,3.714285714,0.755928946,0.56,7
27906885_MinPolqaSfbRecording_cut.wav,3.571428571,0.534522484,0.395979797,7
28112841_MinPolqaSfbRecording_cut.wav,2.555555556,0.881917104,0.576185841,9
28108478_MinPolqaSfbRecording_cut.wav,3.222222222,0.666666667,0.435555556,9
28524908_MinPolqaSfbRecording_cut.wav,3.555555556,0.527046277,0.344336901,9
28081675_MinPolqaSfbRecording_cut.wav,3.777777778,0.440958552,0.288092921,9
28101514_MinPolqaSfbRecording_cut.wav,2.0,1.0,0.653333333,9
28329570_MinPolqaSfbRecording_cut.wav,2.666666667,0.707106781,0.46197643,9
28477600_MinPolqaSfbRecording_cut.wav,1.555555556,0.726483157,0.474635663,9
28219447_MinPolqaSfbRecording_cut.wav,2.333333333,0.707106781,0.46197643,9
27703991_MinPolqaSfbRecording_cut.wav,1.777777778,0.666666667,0.435555556,9
28340824_MinPolqaSfbRecording_cut.wav,3.444444444,0.527046277,0.344336901,9
28538961_MinPolqaSfbRecording_cut.wav,3.4,0.966091783,0.598789891,10
28114094_MinPolqaSfbRecording_cut.wav,3.7,0.674948558,0.41833745,10
28322767_MinPolqaSfbRecording_cut.wav,4.1,0.737864787,0.457333333,10
28008859_MinPolqaSfbRecording_cut.wav,1.5,0.707106781,0.438269324,10
27554666_MinPolqaSfbRecording_cut.wav,1.6,0.516397779,0.32006666,10
28026079_MinPolqaSfbRecording_cut.wav,3.0,0.666666667,0.413204281,10
27551959_MinPolqaSfbRecording_cut.wav,2.4,0.966091783,0.598789891,10
27568243_MinPolqaSfbRecording_cut.wav,1.888888889,1.166666667,0.762222222,9
27768976_MinPolqaSfbRecording_cut.wav,3.888888889,0.600925213,0.392604472,9
27622654_MinPolqaSfbRecording_cut.wav,2.111111111,1.166666667,0.762222222,9
27740150_MinPolqaSfbRecording_cut.wav,3.777777778,0.833333333,0.544444444,9
27583521_MinPolqaSfbRecording_cut.wav,4.333333333,0.5,0.326666667,9
27876995_MinPolqaSfbRecording_cut.wav,3.888888889,0.927960727,0.606267675,9
28025440_MinPolqaSfbRecording_cut.wav,3.666666667,0.707106781,0.46197643,9
27822282_MinPolqaSfbRecording_cut.wav,3.111111111,0.600925213,0.392604472,9
28302801_MinPolqaSfbRecording_cut.wav,3.714285714,0.755928946,0.56,7
27720177_MinPolqaSfbRecording_cut.wav,2.857142857,0.899735411,0.66653332,7
28199393_MinPolqaSfbRecording_cut.wav,4.285714286,0.755928946,0.56,7
28195642_MinPolqaSfbRecording_cut.wav,4.285714286,0.487950036,0.361478446,7
27549385_MinPolqaSfbRecording_cut.wav,3.428571429,0.786795792,0.58286648,7
27979940_MinPolqaSfbRecording_cut.wav,2.714285714,0.951189731,0.704651214,7
27629523_MinPolqaSfbRecording_cut.wav,2.428571429,1.133893419,0.84,7
28236830_MinPolqaSfbRecording_cut.wav,3.571428571,0.534522484,0.395979797,7
28298862_MinPolqaSfbRecording_cut.wav,3.0,1.290994449,0.956382071,7
28279669_MinPolqaSfbRecording_cut.wav,3.285714286,1.380131119,1.022415441,7
28182479_MinPolqaSfbRecording_cut.wav,2.333333333,1.032795559,0.826408562,6
27662157_MinPolqaSfbRecording_cut.wav,2.5,1.378404875,1.10295361,6
27953427_MinPolqaSfbRecording_cut.wav,3.666666667,0.516397779,0.413204281,6
27607428_MinPolqaSfbRecording_cut.wav,4.0,0.0,0.0,6
27957242_MinPolqaSfbRecording_cut.wav,3.833333333,0.752772653,0.602343571,6
28034339_MinPolqaSfbRecording_cut.wav,2.833333333,0.752772653,0.602343571,6
28510169_MinPolqaSfbRecording_cut.wav,1.166666667,0.40824829,0.326666667,6
27973122_MinPolqaSfbRecording_cut.wav,3.666666667,0.816496581,0.653333333,6
27766100_MinPolqaSfbRecording_cut.wav,2.5,0.836660027,0.66946745,6
28204283_MinPolqaSfbRecording_cut.wav,2.222222222,0.666666667,0.435555556,9
28149565_MinPolqaSfbRecording_cut.wav,1.888888889,0.78173596,0.510734161,9
27728719_MinPolqaSfbRecording_cut.wav,3.444444444,0.726483157,0.474635663,9
28199413_MinPolqaSfbRecording_cut.wav,3.666666667,0.707106781,0.46197643,9
27628650_MinPolqaSfbRecording_cut.wav,3.777777778,0.833333333,0.544444444,9
28217909_MinPolqaSfbRecording_cut.wav,4.0,0.707106781,0.46197643,9
27928803_MinPolqaSfbRecording_cut.wav,3.333333333,0.707106781,0.46197643,9
27752147_MinPolqaSfbRecording_cut.wav,2.875,0.640869944,0.444100214,8
27555619_MinPolqaSfbRecording_cut.wav,2.5,0.9258201,0.641560597,8
27791854_MinPolqaSfbRecording_cut.wav,3.125,0.83452296,0.578294907,8
28057954_MinPolqaSfbRecording_cut.wav,2.5,0.534522484,0.370405184,8
28210064_MinPolqaSfbRecording_cut.wav,2.625,0.744023809,0.515582195,8
28001305_MinPolqaSfbRecording_cut.wav,3.375,0.916125381,0.6348425,8
27800736_MinPolqaSfbRecording_cut.wav,3.875,0.640869944,0.444100214,8
28157377_MinPolqaSfbRecording_cut.wav,3.5,0.755928946,0.523832034,8
27804584_MinPolqaSfbRecording_cut.wav,1.857142857,1.069044968,0.791959595,7
27602351_MinPolqaSfbRecording_cut.wav,2.0,0.816496581,0.604869132,7
27580358_MinPolqaSfbRecording_cut.wav,2.571428571,1.511857892,1.12,7
28034086_MinPolqaSfbRecording_cut.wav,3.0,1.414213562,1.047664068,7
28266205_MinPolqaSfbRecording_cut.wav,4.142857143,0.690065559,0.51120772,7
28459120_MinPolqaSfbRecording_cut.wav,1.0,0.0,0.0,7
28302474_MinPolqaSfbRecording_cut.wav,3.285714286,1.253566341,0.928654941,7
27512892_MinPolqaSfbRecording_cut.wav,1.285714286,0.487950036,0.361478446,7
27700931_MinPolqaSfbRecording_cut.wav,4.0,0.816496581,0.604869132,7
27843050_MinPolqaSfbRecording_cut.wav,4.222222222,0.833333333,0.544444444,9
28059660_MinPolqaSfbRecording_cut.wav,3.888888889,0.78173596,0.510734161,9
28432281_MinPolqaSfbRecording_cut.wav,2.777777778,1.56347192,1.021468321,9
28333667_MinPolqaSfbRecording_cut.wav,4.111111111,0.78173596,0.510734161,9
28505783_MinPolqaSfbRecording_cut.wav,4.0,0.866025404,0.565803264,9
28171152_MinPolqaSfbRecording_cut.wav,3.777777778,0.833333333,0.544444444,9
28501715_MinPolqaSfbRecording_cut.wav,2.888888889,0.927960727,0.606267675,9
27814655_MinPolqaSfbRecording_cut.wav,4.555555556,0.527046277,0.344336901,9
28245146_MinPolqaSfbRecording_cut.wav,3.333333333,0.866025404,0.565803264,9
28477585_MinPolqaSfbRecording_cut.wav,4.0,0.866025404,0.565803264,9
28023917_MinPolqaSfbRecording_cut.wav,3.444444444,0.881917104,0.576185841,9
27527119_MinPolqaSfbRecording_cut.wav,3.555555556,1.130388331,0.738520376,9
27637793_MinPolqaSfbRecording_cut.wav,4.444444444,0.527046277,0.344336901,9
27797504_MinPolqaSfbRecording_cut.wav,4.333333333,0.5,0.326666667,9
28126124_MinPolqaSfbRecording_cut.wav,2.111111111,1.452966315,0.949271325,9
27736630_MinPolqaSfbRecording_cut.wav,4.166666667,0.40824829,0.326666667,6
27706014_MinPolqaSfbRecording_cut.wav,3.333333333,0.816496581,0.653333333,6
28368270_MinPolqaSfbRecording_cut.wav,4.166666667,0.40824829,0.326666667,6
27949329_MinPolqaSfbRecording_cut.wav,3.5,0.547722558,0.438269324,6
27879071_MinPolqaSfbRecording_cut.wav,2.833333333,1.169045194,0.935430976,6
27746897_MinPolqaSfbRecording_cut.wav,4.333333333,0.516397779,0.413204281,6
27861636_MinPolqaSfbRecording_cut.wav,3.833333333,0.40824829,0.326666667,6
27703397_MinPolqaSfbRecording_cut.wav,2.75,1.035098339,0.717286554,8
27896785_MinPolqaSfbRecording_cut.wav,3.0,0.755928946,0.523832034,8
27569889_MinPolqaSfbRecording_cut.wav,3.5,1.069044968,0.740810367,8
27632196_MinPolqaSfbRecording_cut.wav,1.875,0.640869944,0.444100214,8
28157315_MinPolqaSfbRecording_cut.wav,2.0,1.309307341,0.907303698,8
28285570_MinPolqaSfbRecording_cut.wav,3.625,0.916125381,0.6348425,8
28423154_MinPolqaSfbRecording_cut.wav,2.375,1.187734939,0.823058321,8
28526042_MinPolqaSfbRecording_cut.wav,3.875,0.991031209,0.68674959,8
27572327_MinPolqaSfbRecording_cut.wav,3.0,0.755928946,0.523832034,8
28215557_MinPolqaSfbRecording_cut.wav,3.444444444,0.881917104,0.576185841,9
27999934_MinPolqaSfbRecording_cut.wav,2.444444444,1.236033081,0.807541613,9
27587379_MinPolqaSfbRecording_cut.wav,3.666666667,1.0,0.653333333,9
28582668_MinPolqaSfbRecording_cut.wav,2.333333333,1.118033989,0.730448873,9
28561417_MinPolqaSfbRecording_cut.wav,3.111111111,1.269295518,0.829273072,9
27700319_MinPolqaSfbRecording_cut.wav,3.888888889,0.600925213,0.392604472,9
27638657_MinPolqaSfbRecording_cut.wav,2.0,1.118033989,0.730448873,9
27589848_MinPolqaSfbRecording_cut.wav,4.0,0.866025404,0.565803264,9
28452896_MinPolqaSfbRecording_cut.wav,3.777777778,0.666666667,0.435555556,9
28281379_MinPolqaSfbRecording_cut.wav,1.666666667,0.707106781,0.46197643,9
27770191_MinPolqaSfbRecording_cut.wav,2.666666667,0.5,0.326666667,9
28438078_MinPolqaSfbRecording_cut.wav,1.777777778,0.666666667,0.435555556,9
27894500_MinPolqaSfbRecording_cut.wav,3.111111111,0.927960727,0.606267675,9
27914283_MinPolqaSfbRecording_cut.wav,1.888888889,0.927960727,0.606267675,9
28070323_MinPolqaSfbRecording_cut.wav,3.333333333,1.0,0.653333333,9
27799526_MinPolqaSfbRecording_cut.wav,3.666666667,0.707106781,0.46197643,9
27640515_MinPolqaSfbRecording_cut.wav,3.777777778,0.971825316,0.634925873,9
27796417_MinPolqaSfbRecording_cut.wav,2.666666667,0.707106781,0.46197643,9
28143130_MinPolqaSfbRecording_cut.wav,3.555555556,1.013793755,0.662345253,9
27522772_MinPolqaSfbRecording_cut.wav,4.222222222,0.833333333,0.544444444,9
27567753_MinPolqaSfbRecording_cut.wav,1.444444444,0.726483157,0.474635663,9
27553609_MinPolqaSfbRecording_cut.wav,2.222222222,0.833333333,0.544444444,9
27716625_MinPolqaSfbRecording_cut.wav,1.777777778,0.971825316,0.634925873,9
28511267_MinPolqaSfbRecording_cut.wav,3.666666667,0.707106781,0.46197643,9
27894685_MinPolqaSfbRecording_cut.wav,1.777777778,0.666666667,0.435555556,9
27846579_MinPolqaSfbRecording_cut.wav,4.333333333,0.866025404,0.565803264,9
28037041_MinPolqaSfbRecording_cut.wav,4.0,0.9258201,0.641560597,8
28358192_MinPolqaSfbRecording_cut.wav,3.375,0.744023809,0.515582195,8
28201230_MinPolqaSfbRecording_cut.wav,4.375,0.51754917,0.358643277,8
28173465_MinPolqaSfbRecording_cut.wav,1.75,0.707106781,0.49,8
27628608_MinPolqaSfbRecording_cut.wav,4.0,0.534522484,0.370405184,8
28541192_MinPolqaSfbRecording_cut.wav,2.875,0.83452296,0.578294907,8
28107945_MinPolqaSfbRecording_cut.wav,2.625,0.51754917,0.358643277,8
28203667_MinPolqaSfbRecording_cut.wav,3.125,0.83452296,0.578294907,8
28341748_MinPolqaSfbRecording_cut.wav,3.25,1.035098339,0.717286554,8
27555732_MinPolqaSfbRecording_cut.wav,2.444444444,1.333333333,0.871111111,9
27569610_MinPolqaSfbRecording_cut.wav,2.111111111,1.269295518,0.829273072,9
27920220_MinPolqaSfbRecording_cut.wav,2.666666667,1.118033989,0.730448873,9
27916898_MinPolqaSfbRecording_cut.wav,2.333333333,1.118033989,0.730448873,9
28536623_MinPolqaSfbRecording_cut.wav,3.888888889,0.927960727,0.606267675,9
27860287_MinPolqaSfbRecording_cut.wav,3.555555556,0.527046277,0.344336901,9
28343389_MinPolqaSfbRecording_cut.wav,3.0,0.707106781,0.46197643,9
27552209_MinPolqaSfbRecording_cut.wav,3.444444444,0.726483157,0.474635663,9
27818650_MinPolqaSfbRecording_cut.wav,2.222222222,1.092906421,0.714032195,9
28344440_MinPolqaSfbRecording_cut.wav,1.666666667,1.0,0.653333333,9
28243690_MinPolqaSfbRecording_cut.wav,4.0,1.0,0.653333333,9
27556645_MinPolqaSfbRecording_cut.wav,1.555555556,0.527046277,0.344336901,9
27732822_MinPolqaSfbRecording_cut.wav,1.444444444,1.013793755,0.662345253,9
28492734_MinPolqaSfbRecording_cut.wav,1.666666667,0.866025404,0.565803264,9
27878595_MinPolqaSfbRecording_cut.wav,2.111111111,0.927960727,0.606267675,9
28493110_MinPolqaSfbRecording_cut.wav,3.0,1.414213562,0.923952861,9
27789228_MinPolqaSfbRecording_cut.wav,3.888888889,1.054092553,0.688673802,9
28273431_MinPolqaSfbRecording_cut.wav,2.333333333,1.032795559,0.826408562,6
28599773_MinPolqaSfbRecording_cut.wav,2.333333333,1.032795559,0.826408562,6
27514323_MinPolqaSfbRecording_cut.wav,3.166666667,0.752772653,0.602343571,6
27645556_MinPolqaSfbRecording_cut.wav,3.833333333,0.40824829,0.326666667,6
27659375_MinPolqaSfbRecording_cut.wav,1.166666667,0.40824829,0.326666667,6
27689476_MinPolqaSfbRecording_cut.wav,1.333333333,0.516397779,0.413204281,6
27903067_MinPolqaSfbRecording_cut.wav,3.333333333,1.032795559,0.826408562,6
28086514_MinPolqaSfbRecording_cut.wav,2.666666667,0.516397779,0.413204281,6
27799547_MinPolqaSfbRecording_cut.wav,3.666666667,1.224744871,0.800166649,9
28209769_MinPolqaSfbRecording_cut.wav,2.666666667,1.118033989,0.730448873,9
27710363_MinPolqaSfbRecording_cut.wav,1.777777778,1.201850425,0.785208944,9
28249954_MinPolqaSfbRecording_cut.wav,3.111111111,0.78173596,0.510734161,9
28101587_MinPolqaSfbRecording_cut.wav,1.666666667,0.707106781,0.46197643,9
28084636_MinPolqaSfbRecording_cut.wav,3.333333333,1.322875656,0.864278762,9
27523362_MinPolqaSfbRecording_cut.wav,4.111111111,0.927960727,0.606267675,9
27985391_MinPolqaSfbRecording_cut.wav,1.777777778,1.092906421,0.714032195,9
28492883_MinPolqaSfbRecording_cut.wav,2.375,1.187734939,0.823058321,8
28041003_MinPolqaSfbRecording_cut.wav,3.25,1.164964745,0.807279382,8
27526526_MinPolqaSfbRecording_cut.wav,2.625,1.060660172,0.735,8
28247723_MinPolqaSfbRecording_cut.wav,3.625,1.060660172,0.735,8
27728673_MinPolqaSfbRecording_cut.wav,3.75,1.281739889,0.888200428,8
28509892_MinPolqaSfbRecording_cut.wav,3.0,1.069044968,0.740810367,8
28013266_MinPolqaSfbRecording_cut.wav,2.5,1.195228609,0.82825117,8
27747309_MinPolqaSfbRecording_cut.wav,1.875,0.991031209,0.68674959,8
27880959_MinPolqaSfbRecording_cut.wav,3.875,1.125991626,0.780272388,8
27890337_MinPolqaSfbRecording_cut.wav,3.857142857,0.690065559,0.51120772,7
28433697_MinPolqaSfbRecording_cut.wav,3.571428571,0.786795792,0.58286648,7
28477408_MinPolqaSfbRecording_cut.wav,4.0,0.577350269,0.427707065,7
28332409_MinPolqaSfbRecording_cut.wav,3.857142857,0.690065559,0.51120772,7
28104007_MinPolqaSfbRecording_cut.wav,3.428571429,0.534522484,0.395979797,7
28501766_MinPolqaSfbRecording_cut.wav,3.714285714,0.487950036,0.361478446,7
27677709_MinPolqaSfbRecording_cut.wav,4.0,0.577350269,0.427707065,7
27571527_MinPolqaSfbRecording_cut.wav,3.428571429,0.786795792,0.58286648,7
27731902_MinPolqaSfbRecording_cut.wav,2.857142857,1.214985793,0.900074071,7
27647617_MinPolqaSfbRecording_cut.wav,1.625,0.744023809,0.515582195,8
28278512_MinPolqaSfbRecording_cut.wav,2.25,0.46291005,0.320780299,8
27606988_MinPolqaSfbRecording_cut.wav,2.0,0.755928946,0.523832034,8
27653515_MinPolqaSfbRecording_cut.wav,2.875,0.640869944,0.444100214,8
27563101_MinPolqaSfbRecording_cut.wav,3.875,0.640869944,0.444100214,8
27936046_MinPolqaSfbRecording_cut.wav,4.625,0.744023809,0.515582195,8
27871976_MinPolqaSfbRecording_cut.wav,2.5,1.309307341,0.907303698,8
28069874_MinPolqaSfbRecording_cut.wav,4.5,0.534522484,0.370405184,8
28418091_MinPolqaSfbRecording_cut.wav,1.375,0.51754917,0.358643277,8
28140620_MinPolqaSfbRecording_cut.wav,2.625,0.51754917,0.358643277,8
28514237_MinPolqaSfbRecording_cut.wav,2.625,0.744023809,0.515582195,8
27717714_MinPolqaSfbRecording_cut.wav,4.25,0.707106781,0.49,8
28482326_MinPolqaSfbRecording_cut.wav,3.5,0.755928946,0.523832034,8
27970371_MinPolqaSfbRecording_cut.wav,3.5,0.9258201,0.641560597,8
27857405_MinPolqaSfbRecording_cut.wav,3.875,0.83452296,0.578294907,8
27910291_MinPolqaSfbRecording_cut.wav,3.75,0.88640526,0.614247507,8
28158152_MinPolqaSfbRecording_cut.wav,3.375,0.916125381,0.6348425,8
27816424_MinPolqaSfbRecording_cut.wav,4.0,0.471404521,0.292179549,10
27951111_MinPolqaSfbRecording_cut.wav,3.3,0.823272602,0.510269645,10
27947935_MinPolqaSfbRecording_cut.wav,3.1,0.737864787,0.457333333,10
28327978_MinPolqaSfbRecording_cut.wav,3.6,1.173787791,0.72752121,10
27983952_MinPolqaSfbRecording_cut.wav,4.0,1.054092553,0.653333333,10
27944323_MinPolqaSfbRecording_cut.wav,2.2,1.398411798,0.866744612,10
28037750_MinPolqaSfbRecording_cut.wav,4.1,0.567646212,0.351830767,10
28274431_MinPolqaSfbRecording_cut.wav,1.7,0.483045892,0.299394945,10
28224519_MinPolqaSfbRecording_cut.wav,2.9,0.567646212,0.351830767,10
28081647_MinPolqaSfbRecording_cut.wav,1.7,0.674948558,0.41833745,10
27526024_MinPolqaSfbRecording_cut.wav,2.8,0.788810638,0.488909899,10
28166644_MinPolqaSfbRecording_cut.wav,4.0,0.816496581,0.506069824,10
28202925_MinPolqaSfbRecording_cut.wav,3.2,0.632455532,0.392,10
27960751_MinPolqaSfbRecording_cut.wav,3.3,0.823272602,0.510269645,10
28124750_MinPolqaSfbRecording_cut.wav,1.7,0.483045892,0.299394945,10
28137776_MinPolqaSfbRecording_cut.wav,3.6,0.699205899,0.433372306,10
28222423_MinPolqaSfbRecording_cut.wav,1.7,1.059349905,0.656591874,10
28090178_MinPolqaSfbRecording_cut.wav,3.666666667,0.5,0.326666667,9
27693096_MinPolqaSfbRecording_cut.wav,3.666666667,0.866025404,0.565803264,9
27921260_MinPolqaSfbRecording_cut.wav,2.222222222,1.092906421,0.714032195,9
28129774_MinPolqaSfbRecording_cut.wav,2.555555556,1.013793755,0.662345253,9
28179176_MinPolqaSfbRecording_cut.wav,3.555555556,0.527046277,0.344336901,9
28316720_MinPolqaSfbRecording_cut.wav,3.444444444,0.527046277,0.344336901,9
27839045_MinPolqaSfbRecording_cut.wav,2.222222222,0.833333333,0.544444444,9
28357384_MinPolqaSfbRecording_cut.wav,3.333333333,0.5,0.326666667,9
27732823_MinPolqaSfbRecording_cut.wav,2.555555556,1.236033081,0.807541613,9
28227095_MinPolqaSfbRecording_cut.wav,3.0,1.0,0.653333333,9
28241596_MinPolqaSfbRecording_cut.wav,4.0,0.707106781,0.46197643,9
27549761_MinPolqaSfbRecording_cut.wav,3.0,1.118033989,0.730448873,9
27747286_MinPolqaSfbRecording_cut.wav,1.777777778,0.833333333,0.544444444,9
28326068_MinPolqaSfbRecording_cut.wav,1.888888889,0.78173596,0.510734161,9
27609124_MinPolqaSfbRecording_cut.wav,3.666666667,0.5,0.326666667,9
28484907_MinPolqaSfbRecording_cut.wav,3.555555556,0.726483157,0.474635663,9
28309130_MinPolqaSfbRecording_cut.wav,2.875,0.640869944,0.444100214,8
28102309_MinPolqaSfbRecording_cut.wav,1.5,1.069044968,0.740810367,8
27560871_MinPolqaSfbRecording_cut.wav,1.875,1.125991626,0.780272388,8
28357912_MinPolqaSfbRecording_cut.wav,2.125,1.246423455,0.863727388,8
27739825_MinPolqaSfbRecording_cut.wav,3.0,0.755928946,0.523832034,8
27819266_MinPolqaSfbRecording_cut.wav,2.75,0.707106781,0.49,8
28176004_MinPolqaSfbRecording_cut.wav,2.0,1.069044968,0.740810367,8
28208869_MinPolqaSfbRecording_cut.wav,2.75,1.035098339,0.717286554,8
28339285_MinPolqaSfbRecording_cut.wav,2.125,0.991031209,0.68674959,8
28532144_MinPolqaSfbRecording_cut.wav,2.444444444,1.236033081,0.807541613,9
27892609_MinPolqaSfbRecording_cut.wav,3.111111111,1.054092553,0.688673802,9
27585846_MinPolqaSfbRecording_cut.wav,2.333333333,1.224744871,0.800166649,9
27852593_MinPolqaSfbRecording_cut.wav,4.444444444,0.726483157,0.474635663,9
27890100_MinPolqaSfbRecording_cut.wav,2.555555556,0.881917104,0.576185841,9
27899727_MinPolqaSfbRecording_cut.wav,3.888888889,0.333333333,0.217777778,9
27729319_MinPolqaSfbRecording_cut.wav,3.0,1.0,0.653333333,9
28077216_MinPolqaSfbRecording_cut.wav,3.222222222,0.666666667,0.435555556,9
28441518_MinPolqaSfbRecording_cut.wav,1.555555556,1.013793755,0.662345253,9
28174059_MinPolqaSfbRecording_cut.wav,2.625,0.916125381,0.6348425,8
28052713_MinPolqaSfbRecording_cut.wav,1.75,1.035098339,0.717286554,8
28042628_MinPolqaSfbRecording_cut.wav,1.625,0.744023809,0.515582195,8
27913118_MinPolqaSfbRecording_cut.wav,3.375,1.060660172,0.735,8
28505416_MinPolqaSfbRecording_cut.wav,2.875,0.991031209,0.68674959,8
28527805_MinPolqaSfbRecording_cut.wav,1.75,0.88640526,0.614247507,8
28554529_MinPolqaSfbRecording_cut.wav,4.0,0.534522484,0.370405184,8
27900795_MinPolqaSfbRecording_cut.wav,3.75,0.88640526,0.614247507,8
27602978_MinPolqaSfbRecording_cut.wav,3.0,0.894427191,0.715690808,6
27906956_MinPolqaSfbRecording_cut.wav,4.166666667,0.752772653,0.602343571,6
28191360_MinPolqaSfbRecording_cut.wav,3.5,0.547722558,0.438269324,6
28018296_MinPolqaSfbRecording_cut.wav,4.166666667,0.40824829,0.326666667,6
27809964_MinPolqaSfbRecording_cut.wav,3.333333333,0.516397779,0.413204281,6
27982338_MinPolqaSfbRecording_cut.wav,3.833333333,0.40824829,0.326666667,6
28255870_MinPolqaSfbRecording_cut.wav,2.666666667,0.516397779,0.413204281,6
28164769_MinPolqaSfbRecording_cut.wav,4.0,0.0,0.0,6
28082244_MinPolqaSfbRecording_cut.wav,3.5,0.547722558,0.438269324,6
28323210_MinPolqaSfbRecording_cut.wav,1.666666667,0.816496581,0.653333333,6
27619839_MinPolqaSfbRecording_cut.wav,3.555555556,0.527046277,0.344336901,9
28294355_MinPolqaSfbRecording_cut.wav,3.666666667,0.707106781,0.46197643,9
28332104_MinPolqaSfbRecording_cut.wav,3.111111111,0.600925213,0.392604472,9
27692796_MinPolqaSfbRecording_cut.wav,3.777777778,0.833333333,0.544444444,9
28032656_MinPolqaSfbRecording_cut.wav,4.0,0.5,0.326666667,9
28511494_MinPolqaSfbRecording_cut.wav,3.888888889,0.927960727,0.606267675,9
28080486_MinPolqaSfbRecording_cut.wav,3.0,0.866025404,0.565803264,9
27771277_MinPolqaSfbRecording_cut.wav,2.222222222,0.971825316,0.634925873,9
28161657_MinPolqaSfbRecording_cut.wav,3.777777778,1.301708279,0.850449409,9
28529231_MinPolqaSfbRecording_cut.wav,3.888888889,1.054092553,0.688673802,9
28202325_MinPolqaSfbRecording_cut.wav,3.222222222,1.092906421,0.714032195,9
28440841_MinPolqaSfbRecording_cut.wav,1.666666667,0.866025404,0.565803264,9
27558314_MinPolqaSfbRecording_cut.wav,2.888888889,1.269295518,0.829273072,9
28105410_MinPolqaSfbRecording_cut.wav,2.333333333,1.118033989,0.730448873,9
27727888_MinPolqaSfbRecording_cut.wav,3.0,0.866025404,0.565803264,9
28351316_MinPolqaSfbRecording_cut.wav,2.111111111,0.927960727,0.606267675,9
27510648_MinPolqaSfbRecording_cut.wav,2.25,0.88640526,0.614247507,8
28478836_MinPolqaSfbRecording_cut.wav,1.125,0.353553391,0.245,8
27873572_MinPolqaSfbRecording_cut.wav,4.0,0.755928946,0.523832034,8
27670388_MinPolqaSfbRecording_cut.wav,4.0,1.309307341,0.907303698,8
27929334_MinPolqaSfbRecording_cut.wav,3.75,0.707106781,0.49,8
27969653_MinPolqaSfbRecording_cut.wav,3.125,0.83452296,0.578294907,8
27845949_MinPolqaSfbRecording_cut.wav,4.125,0.640869944,0.444100214,8
28047020_MinPolqaSfbRecording_cut.wav,4.142857143,0.690065559,0.51120772,7
28204801_MinPolqaSfbRecording_cut.wav,3.571428571,0.534522484,0.395979797,7
27609127_MinPolqaSfbRecording_cut.wav,1.857142857,1.069044968,0.791959595,7
27641272_MinPolqaSfbRecording_cut.wav,3.714285714,0.487950036,0.361478446,7
28194106_MinPolqaSfbRecording_cut.wav,3.0,0.577350269,0.427707065,7
27521555_MinPolqaSfbRecording_cut.wav,3.285714286,0.487950036,0.361478446,7
28430069_MinPolqaSfbRecording_cut.wav,2.285714286,0.487950036,0.361478446,7
28448884_MinPolqaSfbRecording_cut.wav,1.428571429,0.534522484,0.395979797,7
28049244_MinPolqaSfbRecording_cut.wav,3.571428571,0.786795792,0.58286648,7
28599658_MinPolqaSfbRecording_cut.wav,3.857142857,0.690065559,0.51120772,7
27831211_MinPolqaSfbRecording_cut.wav,4.6,0.547722558,0.48009999,5
28234288_MinPolqaSfbRecording_cut.wav,4.0,0.707106781,0.619806421,5
27950444_MinPolqaSfbRecording_cut.wav,2.6,1.140175425,0.999407825,5
27956114_MinPolqaSfbRecording_cut.wav,3.4,0.547722558,0.48009999,5
27635602_MinPolqaSfbRecording_cut.wav,4.0,0.707106781,0.619806421,5
28138517_MinPolqaSfbRecording_cut.wav,3.8,0.836660027,0.733364848,5
27903725_MinPolqaSfbRecording_cut.wav,2.0,0.707106781,0.619806421,5
27754020_MinPolqaSfbRecording_cut.wav,4.0,0.0,0.0,5
28151268_MinPolqaSfbRecording_cut.wav,4.375,0.744023809,0.515582195,8
28165795_MinPolqaSfbRecording_cut.wav,2.75,1.164964745,0.807279382,8
27953532_MinPolqaSfbRecording_cut.wav,1.875,0.83452296,0.578294907,8
28105990_MinPolqaSfbRecording_cut.wav,2.875,1.246423455,0.863727388,8
28419735_MinPolqaSfbRecording_cut.wav,2.125,0.83452296,0.578294907,8
28536878_MinPolqaSfbRecording_cut.wav,1.875,0.83452296,0.578294907,8
28480828_MinPolqaSfbRecording_cut.wav,3.375,0.51754917,0.358643277,8
28345711_MinPolqaSfbRecording_cut.wav,2.75,0.88640526,0.614247507,8
27564621_MinPolqaSfbRecording_cut.wav,3.875,0.640869944,0.444100214,8
28433809_MinPolqaSfbRecording_cut.wav,2.0,0.666666667,0.413204281,10
27632413_MinPolqaSfbRecording_cut.wav,3.7,0.823272602,0.510269645,10
27818974_MinPolqaSfbRecording_cut.wav,1.4,0.699205899,0.433372306,10
28108706_MinPolqaSfbRecording_cut.wav,2.1,0.994428926,0.616353434,10
27716671_MinPolqaSfbRecording_cut.wav,3.2,1.135292424,0.703661535,10
28285030_MinPolqaSfbRecording_cut.wav,2.7,0.823272602,0.510269645,10
28418035_MinPolqaSfbRecording_cut.wav,4.0,0.816496581,0.506069824,10
28092146_MinPolqaSfbRecording_cut.wav,2.7,0.948683298,0.588,10
28159213_MinPolqaSfbRecording_cut.wav,4.2,0.788810638,0.488909899,10
28089955_MinPolqaSfbRecording_cut.wav,3.4,0.843274043,0.522666667,10
28317311_MinPolqaSfbRecording_cut.wav,2.888888889,0.78173596,0.510734161,9
28007444_MinPolqaSfbRecording_cut.wav,1.777777778,1.092906421,0.714032195,9
28491192_MinPolqaSfbRecording_cut.wav,1.888888889,1.269295518,0.829273072,9
28012508_MinPolqaSfbRecording_cut.wav,4.0,0.866025404,0.565803264,9
28192945_MinPolqaSfbRecording_cut.wav,4.111111111,0.600925213,0.392604472,9
28083452_MinPolqaSfbRecording_cut.wav,2.111111111,1.054092553,0.688673802,9
28080043_MinPolqaSfbRecording_cut.wav,3.333333333,0.707106781,0.46197643,9
28231030_MinPolqaSfbRecording_cut.wav,4.333333333,0.5,0.326666667,9
28325109_MinPolqaSfbRecording_cut.wav,4.125,0.991031209,0.68674959,8
27875857_MinPolqaSfbRecording_cut.wav,3.75,0.88640526,0.614247507,8
28467989_MinPolqaSfbRecording_cut.wav,3.0,0.755928946,0.523832034,8
27980884_MinPolqaSfbRecording_cut.wav,3.875,0.640869944,0.444100214,8
27656138_MinPolqaSfbRecording_cut.wav,3.75,1.035098339,0.717286554,8
28307540_MinPolqaSfbRecording_cut.wav,3.0,0.534522484,0.370405184,8
27942416_MinPolqaSfbRecording_cut.wav,1.625,0.744023809,0.515582195,8
27951576_MinPolqaSfbRecording_cut.wav,4.125,0.640869944,0.444100214,8
28089870_MinPolqaSfbRecording_cut.wav,2.222222222,0.833333333,0.544444444,9
28343906_MinPolqaSfbRecording_cut.wav,4.222222222,0.666666667,0.435555556,9
27619867_MinPolqaSfbRecording_cut.wav,3.222222222,0.666666667,0.435555556,9
28163561_MinPolqaSfbRecording_cut.wav,1.777777778,0.666666667,0.435555556,9
28587548_MinPolqaSfbRecording_cut.wav,3.333333333,1.0,0.653333333,9
27773892_MinPolqaSfbRecording_cut.wav,3.333333333,0.707106781,0.46197643,9
28280708_MinPolqaSfbRecording_cut.wav,3.888888889,0.600925213,0.392604472,9
28439001_MinPolqaSfbRecording_cut.wav,3.777777778,0.666666667,0.435555556,9
27737434_MinPolqaSfbRecording_cut.wav,3.0,1.118033989,0.730448873,9
28149076_MinPolqaSfbRecording_cut.wav,3.0,0.5,0.326666667,9
27739552_MinPolqaSfbRecording_cut.wav,2.555555556,0.527046277,0.344336901,9
28432902_MinPolqaSfbRecording_cut.wav,3.111111111,0.600925213,0.392604472,9
28174616_MinPolqaSfbRecording_cut.wav,3.0,0.707106781,0.46197643,9
27673511_MinPolqaSfbRecording_cut.wav,3.555555556,0.726483157,0.474635663,9
27812678_MinPolqaSfbRecording_cut.wav,3.222222222,0.833333333,0.544444444,9
27781850_MinPolqaSfbRecording_cut.wav,3.888888889,0.333333333,0.217777778,9
28282698_MinPolqaSfbRecording_cut.wav,2.0,1.224744871,0.800166649,9
28183701_MinPolqaSfbRecording_cut.wav,3.0,0.5,0.326666667,9
27796882_MinPolqaSfbRecording_cut.wav,3.777777778,0.971825316,0.634925873,9
28065454_MinPolqaSfbRecording_cut.wav,3.857142857,0.377964473,0.28,7
27576659_MinPolqaSfbRecording_cut.wav,3.714285714,0.951189731,0.704651214,7
27660843_MinPolqaSfbRecording_cut.wav,2.714285714,0.951189731,0.704651214,7
27985175_MinPolqaSfbRecording_cut.wav,2.285714286,1.380131119,1.022415441,7
28354751_MinPolqaSfbRecording_cut.wav,3.714285714,0.487950036,0.361478446,7
28083795_MinPolqaSfbRecording_cut.wav,2.714285714,1.112697281,0.824297681,7
28128377_MinPolqaSfbRecording_cut.wav,3.714285714,0.755928946,0.56,7
27807455_MinPolqaSfbRecording_cut.wav,4.0,0.577350269,0.427707065,7
28211687_MinPolqaSfbRecording_cut.wav,3.555555556,0.881917104,0.576185841,9
28309455_MinPolqaSfbRecording_cut.wav,3.111111111,0.600925213,0.392604472,9
27722001_MinPolqaSfbRecording_cut.wav,4.222222222,0.833333333,0.544444444,9
28091972_MinPolqaSfbRecording_cut.wav,2.111111111,0.600925213,0.392604472,9
28532978_MinPolqaSfbRecording_cut.wav,1.666666667,0.707106781,0.46197643,9
28513055_MinPolqaSfbRecording_cut.wav,1.888888889,0.600925213,0.392604472,9
28204282_MinPolqaSfbRecording_cut.wav,1.666666667,0.5,0.326666667,9
28142253_MinPolqaSfbRecording_cut.wav,3.333333333,0.5,0.326666667,9
28593219_MinPolqaSfbRecording_cut.wav,1.5,0.534522484,0.370405184,8
27886286_MinPolqaSfbRecording_cut.wav,2.875,0.83452296,0.578294907,8
28073942_MinPolqaSfbRecording_cut.wav,2.375,0.744023809,0.515582195,8
28293206_MinPolqaSfbRecording_cut.wav,3.875,0.83452296,0.578294907,8
27897137_MinPolqaSfbRecording_cut.wav,4.375,0.744023809,0.515582195,8
28060132_MinPolqaSfbRecording_cut.wav,3.0,0.755928946,0.523832034,8
28502954_MinPolqaSfbRecording_cut.wav,2.142857143,0.690065559,0.51120772,7
27618277_MinPolqaSfbRecording_cut.wav,3.142857143,0.899735411,0.66653332,7
28113960_MinPolqaSfbRecording_cut.wav,3.0,1.0,0.740810367,7
27983741_MinPolqaSfbRecording_cut.wav,2.714285714,0.951189731,0.704651214,7
28011015_MinPolqaSfbRecording_cut.wav,3.714285714,0.487950036,0.361478446,7
27549679_MinPolqaSfbRecording_cut.wav,2.857142857,0.899735411,0.66653332,7
27821031_MinPolqaSfbRecording_cut.wav,3.0,1.0,0.740810367,7
28171125_MinPolqaSfbRecording_cut.wav,3.571428571,0.975900073,0.722956891,7
27698886_MinPolqaSfbRecording_cut.wav,2.142857143,1.345185418,0.996527304,7
27616029_MinPolqaSfbRecording_cut.wav,2.0,1.069044968,0.740810367,8
28197468_MinPolqaSfbRecording_cut.wav,3.875,0.991031209,0.68674959,8
28190101_MinPolqaSfbRecording_cut.wav,4.125,0.83452296,0.578294907,8
27590783_MinPolqaSfbRecording_cut.wav,1.375,0.744023809,0.515582195,8
27847797_MinPolqaSfbRecording_cut.wav,3.125,0.991031209,0.68674959,8
27859183_MinPolqaSfbRecording_cut.wav,2.875,0.991031209,0.68674959,8
28225033_MinPolqaSfbRecording_cut.wav,3.625,1.060660172,0.735,8
28540100_MinPolqaSfbRecording_cut.wav,3.25,1.035098339,0.717286554,8
27647891_MinPolqaSfbRecording_cut.wav,4.625,0.51754917,0.358643277,8
27817351_MinPolqaSfbRecording_cut.wav,2.5,1.195228609,0.82825117,8
27630320_MinPolqaSfbRecording_cut.wav,3.888888889,0.333333333,0.217777778,9
27978832_MinPolqaSfbRecording_cut.wav,4.222222222,0.440958552,0.288092921,9
28504502_MinPolqaSfbRecording_cut.wav,3.111111111,0.600925213,0.392604472,9
27839227_MinPolqaSfbRecording_cut.wav,3.777777778,0.666666667,0.435555556,9
27658770_MinPolqaSfbRecording_cut.wav,4.111111111,0.600925213,0.392604472,9
27851104_MinPolqaSfbRecording_cut.wav,3.777777778,0.833333333,0.544444444,9
27661519_MinPolqaSfbRecording_cut.wav,1.666666667,1.0,0.653333333,9
28333059_MinPolqaSfbRecording_cut.wav,3.333333333,0.707106781,0.46197643,9
27514564_MinPolqaSfbRecording_cut.wav,2.142857143,1.214985793,0.900074071,7
28201214_MinPolqaSfbRecording_cut.wav,3.142857143,0.690065559,0.51120772,7
28537439_MinPolqaSfbRecording_cut.wav,1.714285714,0.755928946,0.56,7
28552472_MinPolqaSfbRecording_cut.wav,2.714285714,1.112697281,0.824297681,7
28357127_MinPolqaSfbRecording_cut.wav,3.0,0.816496581,0.604869132,7
27953171_MinPolqaSfbRecording_cut.wav,4.285714286,0.755928946,0.56,7
27548043_MinPolqaSfbRecording_cut.wav,2.285714286,1.380131119,1.022415441,7
28177010_MinPolqaSfbRecording_cut.wav,3.444444444,1.013793755,0.662345253,9
28600855_MinPolqaSfbRecording_cut.wav,2.222222222,1.394433378,0.911029807,9
28599668_MinPolqaSfbRecording_cut.wav,2.777777778,1.394433378,0.911029807,9
27928980_MinPolqaSfbRecording_cut.wav,3.777777778,0.971825316,0.634925873,9
28266981_MinPolqaSfbRecording_cut.wav,2.0,1.0,0.653333333,9
27680979_MinPolqaSfbRecording_cut.wav,1.777777778,0.833333333,0.544444444,9
27826332_MinPolqaSfbRecording_cut.wav,4.0,1.118033989,0.730448873,9
27680628_MinPolqaSfbRecording_cut.wav,4.555555556,0.726483157,0.474635663,9
27660860_MinPolqaSfbRecording_cut.wav,2.777777778,0.971825316,0.634925873,9
27594309_MinPolqaSfbRecording_cut.wav,1.777777778,0.833333333,0.544444444,9
28012727_MinPolqaSfbRecording_cut.wav,2.444444444,1.236033081,0.807541613,9
27693778_MinPolqaSfbRecording_cut.wav,3.555555556,0.726483157,0.474635663,9
28203819_MinPolqaSfbRecording_cut.wav,2.111111111,1.269295518,0.829273072,9
28164506_MinPolqaSfbRecording_cut.wav,3.333333333,1.0,0.653333333,9
28045924_MinPolqaSfbRecording_cut.wav,3.444444444,0.881917104,0.576185841,9
27518271_MinPolqaSfbRecording_cut.wav,2.555555556,0.881917104,0.576185841,9
28133648_MinPolqaSfbRecording_cut.wav,3.222222222,0.971825316,0.634925873,9
28238075_MinPolqaSfbRecording_cut.wav,3.444444444,0.881917104,0.576185841,9
28159190_MinPolqaSfbRecording_cut.wav,4.428571429,0.786795792,0.58286648,7
28221354_MinPolqaSfbRecording_cut.wav,3.285714286,0.951189731,0.704651214,7
27620702_MinPolqaSfbRecording_cut.wav,3.857142857,1.069044968,0.791959595,7
27610346_MinPolqaSfbRecording_cut.wav,3.285714286,0.755928946,0.56,7
28322492_MinPolqaSfbRecording_cut.wav,2.714285714,0.951189731,0.704651214,7
27520185_MinPolqaSfbRecording_cut.wav,2.571428571,1.272418021,0.942620461,7
27527092_MinPolqaSfbRecording_cut.wav,2.0,1.154700538,0.85541413,7
28364407_MinPolqaSfbRecording_cut.wav,3.555555556,1.130388331,0.738520376,9
27966519_MinPolqaSfbRecording_cut.wav,4.111111111,0.927960727,0.606267675,9
28319915_MinPolqaSfbRecording_cut.wav,3.777777778,0.833333333,0.544444444,9
28113454_MinPolqaSfbRecording_cut.wav,4.333333333,0.866025404,0.565803264,9
27833498_MinPolqaSfbRecording_cut.wav,4.0,0.866025404,0.565803264,9
27923878_MinPolqaSfbRecording_cut.wav,4.333333333,0.866025404,0.565803264,9
28446430_MinPolqaSfbRecording_cut.wav,2.444444444,1.013793755,0.662345253,9
27806461_MinPolqaSfbRecording_cut.wav,1.666666667,1.118033989,0.730448873,9
28092044_MinPolqaSfbRecording_cut.wav,2.555555556,1.013793755,0.662345253,9
28502073_MinPolqaSfbRecording_cut.wav,3.555555556,0.726483157,0.474635663,9
27619019_MinPolqaSfbRecording_cut.wav,3.111111111,0.78173596,0.510734161,9
28197529_MinPolqaSfbRecording_cut.wav,2.222222222,0.971825316,0.634925873,9
28281574_MinPolqaSfbRecording_cut.wav,2.111111111,1.054092553,0.688673802,9
28360353_MinPolqaSfbRecording_cut.wav,3.333333333,1.0,0.653333333,9
27571214_MinPolqaSfbRecording_cut.wav,1.666666667,0.866025404,0.565803264,9
27945567_MinPolqaSfbRecording_cut.wav,1.777777778,0.833333333,0.544444444,9
27903229_MinPolqaSfbRecording_cut.wav,2.333333333,0.707106781,0.46197643,9
27632183_MinPolqaSfbRecording_cut.wav,3.888888889,1.054092553,0.688673802,9
27981329_MinPolqaSfbRecording_cut.wav,2.142857143,0.899735411,0.66653332,7
28155185_MinPolqaSfbRecording_cut.wav,1.428571429,0.786795792,0.58286648,7
27624227_MinPolqaSfbRecording_cut.wav,1.571428571,0.786795792,0.58286648,7
27673788_MinPolqaSfbRecording_cut.wav,1.428571429,0.786795792,0.58286648,7
28144349_MinPolqaSfbRecording_cut.wav,4.285714286,0.755928946,0.56,7
28251350_MinPolqaSfbRecording_cut.wav,3.714285714,0.755928946,0.56,7
28256975_MinPolqaSfbRecording_cut.wav,4.428571429,0.534522484,0.395979797,7
28206698_MinPolqaSfbRecording_cut.wav,2.4,0.843274043,0.522666667,10
27648546_MinPolqaSfbRecording_cut.wav,4.2,0.918936583,0.569562795,10
28019405_MinPolqaSfbRecording_cut.wav,3.3,0.674948558,0.41833745,10
27794131_MinPolqaSfbRecording_cut.wav,3.6,0.699205899,0.433372306,10
28000920_MinPolqaSfbRecording_cut.wav,3.8,0.788810638,0.488909899,10
28030016_MinPolqaSfbRecording_cut.wav,2.1,1.100504935,0.682100025,10
28553689_MinPolqaSfbRecording_cut.wav,1.3,0.674948558,0.41833745,10
28263911_MinPolqaSfbRecording_cut.wav,2.6,0.843274043,0.522666667,10
28083650_MinPolqaSfbRecording_cut.wav,3.7,0.948683298,0.588,10
28165363_MinPolqaSfbRecording_cut.wav,2.0,1.58113883,1.033010702,9
28083543_MinPolqaSfbRecording_cut.wav,3.555555556,1.236033081,0.807541613,9
27515691_MinPolqaSfbRecording_cut.wav,4.0,0.707106781,0.46197643,9
27551577_MinPolqaSfbRecording_cut.wav,1.777777778,0.971825316,0.634925873,9
27566667_MinPolqaSfbRecording_cut.wav,2.111111111,1.269295518,0.829273072,9
28305921_MinPolqaSfbRecording_cut.wav,2.111111111,0.927960727,0.606267675,9
27753968_MinPolqaSfbRecording_cut.wav,1.777777778,1.301708279,0.850449409,9
28013832_MinPolqaSfbRecording_cut.wav,2.888888889,1.166666667,0.762222222,9
27692047_MinPolqaSfbRecording_cut.wav,3.5,0.849836586,0.526734173,10
27932317_MinPolqaSfbRecording_cut.wav,2.6,0.843274043,0.522666667,10
28475533_MinPolqaSfbRecording_cut.wav,1.6,0.966091783,0.598789891,10
27583712_MinPolqaSfbRecording_cut.wav,2.3,1.418136492,0.878970104,10
28475251_MinPolqaSfbRecording_cut.wav,3.5,0.707106781,0.438269324,10
27801316_MinPolqaSfbRecording_cut.wav,4.1,0.737864787,0.457333333,10
28594941_MinPolqaSfbRecording_cut.wav,2.2,0.918936583,0.569562795,10
28558471_MinPolqaSfbRecording_cut.wav,3.6,0.843274043,0.522666667,10
28439577_MinPolqaSfbRecording_cut.wav,2.0,1.054092553,0.653333333,10
27930980_MinPolqaSfbRecording_cut.wav,3.9,0.737864787,0.457333333,10
27568227_MinPolqaSfbRecording_cut.wav,2.375,1.302470181,0.902565787,8
27746329_MinPolqaSfbRecording_cut.wav,2.5,0.9258201,0.641560597,8
28023381_MinPolqaSfbRecording_cut.wav,3.0,0.9258201,0.641560597,8
28529796_MinPolqaSfbRecording_cut.wav,2.75,1.035098339,0.717286554,8
28084590_MinPolqaSfbRecording_cut.wav,4.125,0.353553391,0.245,8
27818980_MinPolqaSfbRecording_cut.wav,2.75,1.035098339,0.717286554,8
27842748_MinPolqaSfbRecording_cut.wav,3.375,0.744023809,0.515582195,8
28039505_MinPolqaSfbRecording_cut.wav,3.25,0.707106781,0.49,8
28164835_MinPolqaSfbRecording_cut.wav,3.714285714,0.487950036,0.361478446,7
28362431_MinPolqaSfbRecording_cut.wav,3.285714286,1.253566341,0.928654941,7
27809219_MinPolqaSfbRecording_cut.wav,1.857142857,0.690065559,0.51120772,7
27809477_MinPolqaSfbRecording_cut.wav,3.285714286,0.755928946,0.56,7
27623565_MinPolqaSfbRecording_cut.wav,2.571428571,0.786795792,0.58286648,7
28174880_MinPolqaSfbRecording_cut.wav,3.0,1.154700538,0.85541413,7
28500875_MinPolqaSfbRecording_cut.wav,3.857142857,1.069044968,0.791959595,7
27986303_MinPolqaSfbRecording_cut.wav,3.571428571,0.786795792,0.58286648,7
28176006_MinPolqaSfbRecording_cut.wav,1.571428571,0.786795792,0.58286648,7
28525012_MinPolqaSfbRecording_cut.wav,2.375,0.916125381,0.6348425,8
28112693_MinPolqaSfbRecording_cut.wav,3.5,0.755928946,0.523832034,8
28280804_MinPolqaSfbRecording_cut.wav,4.25,0.707106781,0.49,8
28077391_MinPolqaSfbRecording_cut.wav,1.75,0.46291005,0.320780299,8
28021508_MinPolqaSfbRecording_cut.wav,4.0,0.0,0.0,8
27634492_MinPolqaSfbRecording_cut.wav,2.125,0.640869944,0.444100214,8
28193184_MinPolqaSfbRecording_cut.wav,2.375,0.744023809,0.515582195,8
28103180_MinPolqaSfbRecording_cut.wav,3.125,0.640869944,0.444100214,8
28028109_MinPolqaSfbRecording_cut.wav,3.75,1.035098339,0.717286554,8
28534136_MinPolqaSfbRecording_cut.wav,3.25,0.707106781,0.49,8
28254624_MinPolqaSfbRecording_cut.wav,1.25,0.46291005,0.320780299,8
27522240_MinPolqaSfbRecording_cut.wav,1.125,0.353553391,0.245,8
28040877_MinPolqaSfbRecording_cut.wav,3.625,0.916125381,0.6348425,8
27920333_MinPolqaSfbRecording_cut.wav,3.375,0.744023809,0.515582195,8
28242559_MinPolqaSfbRecording_cut.wav,1.375,0.744023809,0.515582195,8
28350142_MinPolqaSfbRecording_cut.wav,1.125,0.353553391,0.245,8
27914715_MinPolqaSfbRecording_cut.wav,3.0,0.755928946,0.523832034,8
28251497_MinPolqaSfbRecording_cut.wav,2.0,0.9258201,0.641560597,8
27922157_MinPolqaSfbRecording_cut.wav,4.833333333,0.40824829,0.326666667,6
28028094_MinPolqaSfbRecording_cut.wav,2.5,1.516575089,1.213512807,6
28280217_MinPolqaSfbRecording_cut.wav,3.833333333,0.752772653,0.602343571,6
28266067_MinPolqaSfbRecording_cut.wav,3.166666667,1.329160136,1.063549612,6
27714536_MinPolqaSfbRecording_cut.wav,4.166666667,0.752772653,0.602343571,6
27627398_MinPolqaSfbRecording_cut.wav,3.166666667,0.752772653,0.602343571,6
28300989_MinPolqaSfbRecording_cut.wav,4.666666667,0.516397779,0.413204281,6
27869342_MinPolqaSfbRecording_cut.wav,3.666666667,0.516397779,0.413204281,6
27565280_MinPolqaSfbRecording_cut.wav,2.666666667,1.505545305,1.204687142,6
28031935_MinPolqaSfbRecording_cut.wav,2.5,1.378404875,1.10295361,6
27514566_MinPolqaSfbRecording_cut.wav,2.0,0.9258201,0.641560597,8
28146907_MinPolqaSfbRecording_cut.wav,3.75,0.46291005,0.320780299,8
27970620_MinPolqaSfbRecording_cut.wav,3.125,0.353553391,0.245,8
28307206_MinPolqaSfbRecording_cut.wav,1.875,0.640869944,0.444100214,8
28005875_MinPolqaSfbRecording_cut.wav,3.5,0.755928946,0.523832034,8
27849031_MinPolqaSfbRecording_cut.wav,3.125,0.640869944,0.444100214,8
28069499_MinPolqaSfbRecording_cut.wav,2.5,0.755928946,0.523832034,8
28558560_MinPolqaSfbRecording_cut.wav,1.25,0.46291005,0.320780299,8
27886987_MinPolqaSfbRecording_cut.wav,2.625,0.916125381,0.6348425,8
27622027_MinPolqaSfbRecording_cut.wav,2.125,0.640869944,0.444100214,8
27874661_MinPolqaSfbRecording_cut.wav,4.333333333,0.5,0.326666667,9
27806657_MinPolqaSfbRecording_cut.wav,3.888888889,0.78173596,0.510734161,9
28586744_MinPolqaSfbRecording_cut.wav,2.111111111,0.78173596,0.510734161,9
28509749_MinPolqaSfbRecording_cut.wav,2.555555556,1.130388331,0.738520376,9
27864943_MinPolqaSfbRecording_cut.wav,3.0,0.707106781,0.46197643,9
28022683_MinPolqaSfbRecording_cut.wav,2.444444444,0.881917104,0.576185841,9
28444492_MinPolqaSfbRecording_cut.wav,4.333333333,0.707106781,0.46197643,9
27937575_MinPolqaSfbRecording_cut.wav,3.444444444,0.527046277,0.344336901,9
28463376_MinPolqaSfbRecording_cut.wav,3.333333333,0.816496581,0.653333333,6
28081596_MinPolqaSfbRecording_cut.wav,4.166666667,0.40824829,0.326666667,6
28456712_MinPolqaSfbRecording_cut.wav,1.166666667,0.40824829,0.326666667,6
28250765_MinPolqaSfbRecording_cut.wav,4.5,0.547722558,0.438269324,6
27677635_MinPolqaSfbRecording_cut.wav,4.0,0.894427191,0.715690808,6
28200829_MinPolqaSfbRecording_cut.wav,2.166666667,0.752772653,0.602343571,6
27745844_MinPolqaSfbRecording_cut.wav,3.333333333,0.816496581,0.653333333,6
27886477_MinPolqaSfbRecording_cut.wav,3.666666667,0.816496581,0.653333333,6
27518794_MinPolqaSfbRecording_cut.wav,1.833333333,0.752772653,0.602343571,6
28116272_MinPolqaSfbRecording_cut.wav,4.166666667,0.40824829,0.326666667,6
28250845_MinPolqaSfbRecording_cut.wav,2.875,0.83452296,0.578294907,8
27809633_MinPolqaSfbRecording_cut.wav,3.25,0.46291005,0.320780299,8
27555660_MinPolqaSfbRecording_cut.wav,2.125,0.640869944,0.444100214,8
28447495_MinPolqaSfbRecording_cut.wav,3.0,1.069044968,0.740810367,8
27596758_MinPolqaSfbRecording_cut.wav,3.5,0.755928946,0.523832034,8
28073237_MinPolqaSfbRecording_cut.wav,3.875,0.640869944,0.444100214,8
27732829_MinPolqaSfbRecording_cut.wav,1.875,1.125991626,0.780272388,8
27659724_MinPolqaSfbRecording_cut.wav,1.666666667,0.866025404,0.565803264,9
28332448_MinPolqaSfbRecording_cut.wav,3.0,0.5,0.326666667,9
28430597_MinPolqaSfbRecording_cut.wav,3.0,0.5,0.326666667,9
27609720_MinPolqaSfbRecording_cut.wav,2.888888889,0.78173596,0.510734161,9
27698290_MinPolqaSfbRecording_cut.wav,3.555555556,0.527046277,0.344336901,9
27625796_MinPolqaSfbRecording_cut.wav,1.888888889,0.78173596,0.510734161,9
27882345_MinPolqaSfbRecording_cut.wav,3.666666667,0.5,0.326666667,9
28258107_MinPolqaSfbRecording_cut.wav,3.0,1.054092553,0.653333333,10
27631391_MinPolqaSfbRecording_cut.wav,4.2,0.421637021,0.261333333,10
27782829_MinPolqaSfbRecording_cut.wav,3.8,0.788810638,0.488909899,10
27816341_MinPolqaSfbRecording_cut.wav,3.6,0.966091783,0.598789891,10
28134998_MinPolqaSfbRecording_cut.wav,2.2,1.032795559,0.640133319,10
27548608_MinPolqaSfbRecording_cut.wav,2.5,1.08012345,0.66946745,10
28318880_MinPolqaSfbRecording_cut.wav,3.7,0.823272602,0.510269645,10
28067192_MinPolqaSfbRecording_cut.wav,3.9,0.737864787,0.457333333,10
27984216_MinPolqaSfbRecording_cut.wav,4.3,0.823272602,0.510269645,10
28238687_MinPolqaSfbRecording_cut.wav,3.8,0.632455532,0.392,10
27799641_MinPolqaSfbRecording_cut.wav,2.625,0.916125381,0.6348425,8
28075267_MinPolqaSfbRecording_cut.wav,2.875,0.83452296,0.578294907,8
28491383_MinPolqaSfbRecording_cut.wav,3.5,0.534522484,0.370405184,8
27640196_MinPolqaSfbRecording_cut.wav,1.25,0.707106781,0.49,8
27948228_MinPolqaSfbRecording_cut.wav,3.5,0.9258201,0.641560597,8
28282088_MinPolqaSfbRecording_cut.wav,1.375,0.744023809,0.515582195,8
27728659_MinPolqaSfbRecording_cut.wav,2.25,0.88640526,0.614247507,8
28238866_MinPolqaSfbRecording_cut.wav,2.125,0.991031209,0.68674959,8
27610585_MinPolqaSfbRecording_cut.wav,1.222222222,0.440958552,0.288092921,9
28042269_MinPolqaSfbRecording_cut.wav,2.888888889,0.600925213,0.392604472,9
27853792_MinPolqaSfbRecording_cut.wav,3.888888889,0.927960727,0.606267675,9
28295349_MinPolqaSfbRecording_cut.wav,3.222222222,0.666666667,0.435555556,9
28440741_MinPolqaSfbRecording_cut.wav,2.111111111,0.600925213,0.392604472,9
28086682_MinPolqaSfbRecording_cut.wav,3.777777778,0.833333333,0.544444444,9
28542858_MinPolqaSfbRecording_cut.wav,2.888888889,0.78173596,0.510734161,9
28138916_MinPolqaSfbRecording_cut.wav,2.444444444,0.726483157,0.474635663,9
27625281_MinPolqaSfbRecording_cut.wav,2.666666667,0.5,0.326666667,9
28006498_MinPolqaSfbRecording_cut.wav,3.0,0.5,0.326666667,9
28112567_MinPolqaSfbRecording_cut.wav,3.25,0.46291005,0.320780299,8
28427675_MinPolqaSfbRecording_cut.wav,1.25,0.46291005,0.320780299,8
28003402_MinPolqaSfbRecording_cut.wav,2.625,0.744023809,0.515582195,8
28225204_MinPolqaSfbRecording_cut.wav,3.875,0.991031209,0.68674959,8
27728759_MinPolqaSfbRecording_cut.wav,2.375,1.505940617,1.043563606,8
28025957_MinPolqaSfbRecording_cut.wav,3.5,0.755928946,0.523832034,8
28353429_MinPolqaSfbRecording_cut.wav,4.0,0.9258201,0.641560597,8
28066203_MinPolqaSfbRecording_cut.wav,3.5,0.755928946,0.523832034,8
27743964_MinPolqaSfbRecording_cut.wav,2.125,1.125991626,0.780272388,8
28071553_MinPolqaSfbRecording_cut.wav,1.875,0.83452296,0.578294907,8
27551335_MinPolqaSfbRecording_cut.wav,3.375,0.51754917,0.358643277,8
28220741_MinPolqaSfbRecording_cut.wav,1.625,0.744023809,0.515582195,8
28505150_MinPolqaSfbRecording_cut.wav,2.0,1.195228609,0.82825117,8
28076942_MinPolqaSfbRecording_cut.wav,1.875,0.640869944,0.444100214,8
28496308_MinPolqaSfbRecording_cut.wav,3.7,1.159501809,0.718666667,10
28558516_MinPolqaSfbRecording_cut.wav,4.3,0.674948558,0.41833745,10
27639756_MinPolqaSfbRecording_cut.wav,2.4,1.264911064,0.784,10
27645735_MinPolqaSfbRecording_cut.wav,3.6,1.173787791,0.72752121,10
28439722_MinPolqaSfbRecording_cut.wav,1.7,1.159501809,0.718666667,10
27964776_MinPolqaSfbRecording_cut.wav,3.6,0.699205899,0.433372306,10
28043349_MinPolqaSfbRecording_cut.wav,2.7,1.418136492,0.878970104,10
28237989_MinPolqaSfbRecording_cut.wav,4.0,1.0,0.653333333,9
28324462_MinPolqaSfbRecording_cut.wav,2.555555556,1.013793755,0.662345253,9
27833573_MinPolqaSfbRecording_cut.wav,4.111111111,0.78173596,0.510734161,9
27933469_MinPolqaSfbRecording_cut.wav,3.888888889,0.78173596,0.510734161,9
27812615_MinPolqaSfbRecording_cut.wav,3.222222222,0.666666667,0.435555556,9
27820239_MinPolqaSfbRecording_cut.wav,2.111111111,1.166666667,0.762222222,9
28161988_MinPolqaSfbRecording_cut.wav,2.444444444,1.333333333,0.871111111,9
28456710_MinPolqaSfbRecording_cut.wav,2.0,0.707106781,0.46197643,9
27776990_MinPolqaSfbRecording_cut.wav,3.111111111,0.927960727,0.606267675,9
28222289_MinPolqaSfbRecording_cut.wav,2.444444444,0.527046277,0.344336901,9
28277414_MinPolqaSfbRecording_cut.wav,3.444444444,0.726483157,0.474635663,9
28298555_MinPolqaSfbRecording_cut.wav,2.666666667,0.707106781,0.46197643,9
28303566_MinPolqaSfbRecording_cut.wav,3.222222222,0.971825316,0.634925873,9
28127593_MinPolqaSfbRecording_cut.wav,3.333333333,1.118033989,0.730448873,9
27985703_MinPolqaSfbRecording_cut.wav,1.0,0.0,0.0,9
27866410_MinPolqaSfbRecording_cut.wav,2.666666667,0.707106781,0.46197643,9
28241214_MinPolqaSfbRecording_cut.wav,4.444444444,0.726483157,0.474635663,9
28051044_MinPolqaSfbRecording_cut.wav,3.285714286,0.487950036,0.361478446,7
27938709_MinPolqaSfbRecording_cut.wav,3.571428571,0.534522484,0.395979797,7
28365018_MinPolqaSfbRecording_cut.wav,2.428571429,0.786795792,0.58286648,7
27788117_MinPolqaSfbRecording_cut.wav,3.857142857,0.690065559,0.51120772,7
28040534_MinPolqaSfbRecording_cut.wav,3.142857143,0.377964473,0.28,7
28489925_MinPolqaSfbRecording_cut.wav,3.428571429,0.534522484,0.395979797,7
28226319_MinPolqaSfbRecording_cut.wav,3.285714286,0.487950036,0.361478446,7
28001953_MinPolqaSfbRecording_cut.wav,3.142857143,0.377964473,0.28,7
27784770_MinPolqaSfbRecording_cut.wav,2.857142857,0.377964473,0.28,7
28021915_MinPolqaSfbRecording_cut.wav,3.375,0.51754917,0.358643277,8
27560546_MinPolqaSfbRecording_cut.wav,3.25,0.46291005,0.320780299,8
28358443_MinPolqaSfbRecording_cut.wav,2.5,1.195228609,0.82825117,8
28492369_MinPolqaSfbRecording_cut.wav,4.0,0.755928946,0.523832034,8
28009807_MinPolqaSfbRecording_cut.wav,2.75,1.035098339,0.717286554,8
27951627_MinPolqaSfbRecording_cut.wav,3.0,0.755928946,0.523832034,8
28057943_MinPolqaSfbRecording_cut.wav,3.375,0.51754917,0.358643277,8
28315512_MinPolqaSfbRecording_cut.wav,2.375,1.187734939,0.823058321,8
28108234_MinPolqaSfbRecording_cut.wav,3.625,0.744023809,0.515582195,8
27712619_MinPolqaSfbRecording_cut.wav,4.4,0.516397779,0.32006666,10
28352280_MinPolqaSfbRecording_cut.wav,3.0,0.666666667,0.413204281,10
27956564_MinPolqaSfbRecording_cut.wav,3.3,0.674948558,0.41833745,10
28329116_MinPolqaSfbRecording_cut.wav,2.4,1.0749677,0.666271883,10
28535174_MinPolqaSfbRecording_cut.wav,3.1,1.100504935,0.682100025,10
28331117_MinPolqaSfbRecording_cut.wav,4.1,0.737864787,0.457333333,10
28168581_MinPolqaSfbRecording_cut.wav,3.8,0.788810638,0.488909899,10
28559448_MinPolqaSfbRecording_cut.wav,4.1,0.737864787,0.457333333,10
28132786_MinPolqaSfbRecording_cut.wav,2.0,1.154700538,0.715690808,10
28003526_MinPolqaSfbRecording_cut.wav,3.5,0.849836586,0.526734173,10
27557345_MinPolqaSfbRecording_cut.wav,3.0,1.195228609,0.82825117,8
28200075_MinPolqaSfbRecording_cut.wav,2.5,0.9258201,0.641560597,8
27555215_MinPolqaSfbRecording_cut.wav,3.375,1.060660172,0.735,8
28200875_MinPolqaSfbRecording_cut.wav,2.375,1.060660172,0.735,8
27580414_MinPolqaSfbRecording_cut.wav,2.625,1.060660172,0.735,8
28353020_MinPolqaSfbRecording_cut.wav,1.75,0.88640526,0.614247507,8
27789561_MinPolqaSfbRecording_cut.wav,4.25,0.88640526,0.614247507,8
27650775_MinPolqaSfbRecording_cut.wav,3.0,1.309307341,0.907303698,8
28029040_MinPolqaSfbRecording_cut.wav,1.625,0.916125381,0.6348425,8
27587893_MinPolqaSfbRecording_cut.wav,1.625,0.916125381,0.6348425,8
27588905_MinPolqaSfbRecording_cut.wav,3.0,0.534522484,0.370405184,8
28153472_MinPolqaSfbRecording_cut.wav,2.25,1.281739889,0.888200428,8
27662369_MinPolqaSfbRecording_cut.wav,3.625,0.51754917,0.358643277,8
28204991_MinPolqaSfbRecording_cut.wav,4.125,0.353553391,0.245,8
27633500_MinPolqaSfbRecording_cut.wav,2.5,1.309307341,0.907303698,8
28319122_MinPolqaSfbRecording_cut.wav,2.75,0.707106781,0.49,8
27903921_MinPolqaSfbRecording_cut.wav,4.25,0.46291005,0.320780299,8
27723344_MinPolqaSfbRecording_cut.wav,3.25,0.46291005,0.320780299,8
27970938_MinPolqaSfbRecording_cut.wav,4.0,0.0,0.0,8
28472882_MinPolqaSfbRecording_cut.wav,4.125,0.353553391,0.245,8
28130842_MinPolqaSfbRecording_cut.wav,3.0,0.866025404,0.565803264,9
27635632_MinPolqaSfbRecording_cut.wav,2.111111111,1.166666667,0.762222222,9
28428923_MinPolqaSfbRecording_cut.wav,1.777777778,0.833333333,0.544444444,9
27849463_MinPolqaSfbRecording_cut.wav,3.0,0.707106781,0.46197643,9
27896939_MinPolqaSfbRecording_cut.wav,4.111111111,0.600925213,0.392604472,9
28519418_MinPolqaSfbRecording_cut.wav,4.444444444,0.527046277,0.344336901,9
27650661_MinPolqaSfbRecording_cut.wav,3.222222222,0.440958552,0.288092921,9
27947534_MinPolqaSfbRecording_cut.wav,2.555555556,1.130388331,0.738520376,9
28271511_MinPolqaSfbRecording_cut.wav,2.777777778,1.092906421,0.714032195,9
27520829_MinPolqaSfbRecording_cut.wav,2.888888889,0.78173596,0.510734161,9
28035558_MinPolqaSfbRecording_cut.wav,2.444444444,1.013793755,0.662345253,9
28152385_MinPolqaSfbRecording_cut.wav,4.111111111,0.78173596,0.510734161,9
28055894_MinPolqaSfbRecording_cut.wav,3.444444444,1.130388331,0.738520376,9
28134069_MinPolqaSfbRecording_cut.wav,4.0,0.0,0.0,9
27869218_MinPolqaSfbRecording_cut.wav,2.0,1.224744871,0.800166649,9
27649111_MinPolqaSfbRecording_cut.wav,2.444444444,1.013793755,0.662345253,9
27859873_MinPolqaSfbRecording_cut.wav,4.333333333,0.516397779,0.413204281,6
27985074_MinPolqaSfbRecording_cut.wav,2.166666667,0.98319208,0.786717512,6
27561326_MinPolqaSfbRecording_cut.wav,1.666666667,0.516397779,0.413204281,6
27561423_MinPolqaSfbRecording_cut.wav,1.833333333,1.329160136,1.063549612,6
28245819_MinPolqaSfbRecording_cut.wav,3.0,0.632455532,0.506069824,6
28137247_MinPolqaSfbRecording_cut.wav,3.833333333,1.169045194,0.935430976,6
28220078_MinPolqaSfbRecording_cut.wav,1.666666667,0.516397779,0.413204281,6
28080821_MinPolqaSfbRecording_cut.wav,4.333333333,0.516397779,0.413204281,6
28596009_MinPolqaSfbRecording_cut.wav,3.444444444,0.527046277,0.344336901,9
28535178_MinPolqaSfbRecording_cut.wav,1.444444444,0.726483157,0.474635663,9
27737045_MinPolqaSfbRecording_cut.wav,2.333333333,0.707106781,0.46197643,9
28515771_MinPolqaSfbRecording_cut.wav,4.444444444,0.726483157,0.474635663,9
28484105_MinPolqaSfbRecording_cut.wav,2.555555556,0.881917104,0.576185841,9
27806565_MinPolqaSfbRecording_cut.wav,3.111111111,0.600925213,0.392604472,9
28356891_MinPolqaSfbRecording_cut.wav,1.333333333,0.707106781,0.46197643,9
28042730_MinPolqaSfbRecording_cut.wav,3.222222222,0.440958552,0.288092921,9
27629465_MinPolqaSfbRecording_cut.wav,1.333333333,0.5,0.326666667,9
27944628_MinPolqaSfbRecording_cut.wav,3.888888889,0.927960727,0.606267675,9
28227418_MinPolqaSfbRecording_cut.wav,3.125,0.991031209,0.68674959,8
28531529_MinPolqaSfbRecording_cut.wav,3.5,0.755928946,0.523832034,8
28124029_MinPolqaSfbRecording_cut.wav,2.0,0.9258201,0.641560597,8
27570622_MinPolqaSfbRecording_cut.wav,3.625,0.744023809,0.515582195,8
28146818_MinPolqaSfbRecording_cut.wav,3.375,1.060660172,0.735,8
28146688_MinPolqaSfbRecording_cut.wav,2.125,0.640869944,0.444100214,8
28112861_MinPolqaSfbRecording_cut.wav,3.875,0.83452296,0.578294907,8
27952891_MinPolqaSfbRecording_cut.wav,2.75,1.035098339,0.717286554,8
28042283_MinPolqaSfbRecording_cut.wav,2.333333333,0.816496581,0.653333333,6
27630921_MinPolqaSfbRecording_cut.wav,1.333333333,0.516397779,0.413204281,6
28286991_MinPolqaSfbRecording_cut.wav,4.0,0.894427191,0.715690808,6
28420134_MinPolqaSfbRecording_cut.wav,4.0,0.894427191,0.715690808,6
28149194_MinPolqaSfbRecording_cut.wav,2.166666667,0.98319208,0.786717512,6
27881077_MinPolqaSfbRecording_cut.wav,3.833333333,1.169045194,0.935430976,6
27836313_MinPolqaSfbRecording_cut.wav,1.666666667,0.816496581,0.653333333,6
27656383_MinPolqaSfbRecording_cut.wav,1.0,0.0,0.0,6
28003468_MinPolqaSfbRecording_cut.wav,3.333333333,1.211060142,0.969049936,6
27604904_MinPolqaSfbRecording_cut.wav,2.666666667,0.866025404,0.565803264,9
28255329_MinPolqaSfbRecording_cut.wav,3.333333333,0.707106781,0.46197643,9
27566664_MinPolqaSfbRecording_cut.wav,2.666666667,1.322875656,0.864278762,9
28027846_MinPolqaSfbRecording_cut.wav,3.777777778,0.440958552,0.288092921,9
27666074_MinPolqaSfbRecording_cut.wav,3.0,0.5,0.326666667,9
28287244_MinPolqaSfbRecording_cut.wav,2.333333333,1.118033989,0.730448873,9
28243558_MinPolqaSfbRecording_cut.wav,3.444444444,0.527046277,0.344336901,9
27672017_MinPolqaSfbRecording_cut.wav,3.0,1.224744871,0.800166649,9
28448980_MinPolqaSfbRecording_cut.wav,2.777777778,1.201850425,0.785208944,9
27643380_MinPolqaSfbRecording_cut.wav,3.555555556,0.726483157,0.474635663,9
28259712_MinPolqaSfbRecording_cut.wav,3.888888889,0.78173596,0.510734161,9
28434834_MinPolqaSfbRecording_cut.wav,2.888888889,0.78173596,0.510734161,9
28141812_MinPolqaSfbRecording_cut.wav,2.444444444,1.424000624,0.930347074,9
28028195_MinPolqaSfbRecording_cut.wav,3.777777778,1.092906421,0.714032195,9
28327416_MinPolqaSfbRecording_cut.wav,3.111111111,0.600925213,0.392604472,9
28069061_MinPolqaSfbRecording_cut.wav,4.111111111,0.600925213,0.392604472,9
27795234_MinPolqaSfbRecording_cut.wav,1.888888889,0.78173596,0.510734161,9
28168126_MinPolqaSfbRecording_cut.wav,4.0,0.866025404,0.565803264,9
28473033_MinPolqaSfbRecording_cut.wav,2.777777778,1.394433378,0.911029807,9
28425859_MinPolqaSfbRecording_cut.wav,2.333333333,1.224744871,0.800166649,9
28182562_MinPolqaSfbRecording_cut.wav,2.444444444,0.527046277,0.344336901,9
27645000_MinPolqaSfbRecording_cut.wav,2.333333333,1.0,0.653333333,9
27685406_MinPolqaSfbRecording_cut.wav,4.222222222,0.833333333,0.544444444,9
28192222_MinPolqaSfbRecording_cut.wav,4.111111111,0.927960727,0.606267675,9
28137411_MinPolqaSfbRecording_cut.wav,2.222222222,0.833333333,0.544444444,9
28103422_MinPolqaSfbRecording_cut.wav,4.0,0.707106781,0.46197643,9
27704718_MinPolqaSfbRecording_cut.wav,3.333333333,0.707106781,0.46197643,9
28271313_MinPolqaSfbRecording_cut.wav,3.666666667,0.707106781,0.46197643,9
28419274_MinPolqaSfbRecording_cut.wav,1.777777778,0.666666667,0.435555556,9
28468552_MinPolqaSfbRecording_cut.wav,3.888888889,0.78173596,0.510734161,9
27579650_MinPolqaSfbRecording_cut.wav,2.555555556,0.726483157,0.474635663,9
27905979_MinPolqaSfbRecording_cut.wav,3.444444444,0.881917104,0.576185841,9
27553315_MinPolqaSfbRecording_cut.wav,2.777777778,0.833333333,0.544444444,9
28435591_MinPolqaSfbRecording_cut.wav,1.666666667,0.866025404,0.565803264,9
28337744_MinPolqaSfbRecording_cut.wav,3.555555556,0.881917104,0.576185841,9
28226243_MinPolqaSfbRecording_cut.wav,4.111111111,0.600925213,0.392604472,9
27915993_MinPolqaSfbRecording_cut.wav,2.222222222,1.481365736,0.967825614,9
27801302_MinPolqaSfbRecording_cut.wav,3.666666667,0.5,0.326666667,9
28105208_MinPolqaSfbRecording_cut.wav,2.222222222,1.201850425,0.785208944,9
27702768_MinPolqaSfbRecording_cut.wav,4.0,0.816496581,0.604869132,7
27714048_MinPolqaSfbRecording_cut.wav,4.285714286,0.755928946,0.56,7
28531639_MinPolqaSfbRecording_cut.wav,3.857142857,1.069044968,0.791959595,7
27659447_MinPolqaSfbRecording_cut.wav,2.0,1.414213562,1.047664068,7
28593796_MinPolqaSfbRecording_cut.wav,1.285714286,0.755928946,0.56,7
27985108_MinPolqaSfbRecording_cut.wav,3.571428571,0.786795792,0.58286648,7
28016648_MinPolqaSfbRecording_cut.wav,2.142857143,1.214985793,0.900074071,7
27573203_MinPolqaSfbRecording_cut.wav,4.142857143,0.690065559,0.51120772,7
27645396_MinPolqaSfbRecording_cut.wav,1.857142857,1.214985793,0.900074071,7
27891177_MinPolqaSfbRecording_cut.wav,3.333333333,0.866025404,0.565803264,9
27866070_MinPolqaSfbRecording_cut.wav,2.777777778,0.833333333,0.544444444,9
27595714_MinPolqaSfbRecording_cut.wav,4.111111111,0.333333333,0.217777778,9
27547980_MinPolqaSfbRecording_cut.wav,3.222222222,1.092906421,0.714032195,9
28351816_MinPolqaSfbRecording_cut.wav,3.666666667,0.5,0.326666667,9
27699537_MinPolqaSfbRecording_cut.wav,1.888888889,1.054092553,0.688673802,9
27809474_MinPolqaSfbRecording_cut.wav,3.888888889,0.78173596,0.510734161,9
28128987_MinPolqaSfbRecording_cut.wav,3.666666667,0.707106781,0.46197643,9
27567037_MinPolqaSfbRecording_cut.wav,3.555555556,0.527046277,0.344336901,9
28125749_MinPolqaSfbRecording_cut.wav,2.555555556,1.236033081,0.807541613,9
28586641_MinPolqaSfbRecording_cut.wav,3.666666667,0.707106781,0.46197643,9
28420148_MinPolqaSfbRecording_cut.wav,3.666666667,0.866025404,0.565803264,9
28539497_MinPolqaSfbRecording_cut.wav,2.555555556,1.013793755,0.662345253,9
28143472_MinPolqaSfbRecording_cut.wav,1.555555556,1.013793755,0.662345253,9
28195065_MinPolqaSfbRecording_cut.wav,2.666666667,0.707106781,0.46197643,9
28495191_MinPolqaSfbRecording_cut.wav,3.333333333,0.5,0.326666667,9
27919708_MinPolqaSfbRecording_cut.wav,3.555555556,1.013793755,0.662345253,9
27656590_MinPolqaSfbRecording_cut.wav,4.0,0.707106781,0.46197643,9
27868132_MinPolqaSfbRecording_cut.wav,3.333333333,1.118033989,0.730448873,9
27582743_MinPolqaSfbRecording_cut.wav,3.555555556,0.881917104,0.576185841,9
27882766_MinPolqaSfbRecording_cut.wav,3.875,0.353553391,0.245,8
28089892_MinPolqaSfbRecording_cut.wav,2.0,1.069044968,0.740810367,8
28308003_MinPolqaSfbRecording_cut.wav,2.625,1.187734939,0.823058321,8
27914284_MinPolqaSfbRecording_cut.wav,2.125,1.125991626,0.780272388,8
27564283_MinPolqaSfbRecording_cut.wav,1.875,1.356202682,0.939800511,8
28044313_MinPolqaSfbRecording_cut.wav,2.375,1.685018016,1.167657912,8
28348835_MinPolqaSfbRecording_cut.wav,3.375,0.51754917,0.358643277,8
28155006_MinPolqaSfbRecording_cut.wav,3.875,0.83452296,0.578294907,8
27549586_MinPolqaSfbRecording_cut.wav,2.125,1.125991626,0.780272388,8
28101314_MinPolqaSfbRecording_cut.wav,2.25,1.035098339,0.717286554,8
27571641_MinPolqaSfbRecording_cut.wav,2.111111111,0.927960727,0.606267675,9
27831386_MinPolqaSfbRecording_cut.wav,3.666666667,0.707106781,0.46197643,9
28005146_MinPolqaSfbRecording_cut.wav,2.111111111,1.166666667,0.762222222,9
28034338_MinPolqaSfbRecording_cut.wav,3.222222222,0.833333333,0.544444444,9
27584405_MinPolqaSfbRecording_cut.wav,3.555555556,0.726483157,0.474635663,9
27840233_MinPolqaSfbRecording_cut.wav,3.777777778,0.971825316,0.634925873,9
28213068_MinPolqaSfbRecording_cut.wav,3.777777778,0.666666667,0.435555556,9
27869215_MinPolqaSfbRecording_cut.wav,2.25,1.164964745,0.807279382,8
28591822_MinPolqaSfbRecording_cut.wav,1.875,0.83452296,0.578294907,8
27914883_MinPolqaSfbRecording_cut.wav,3.5,0.9258201,0.641560597,8
27680379_MinPolqaSfbRecording_cut.wav,3.875,0.83452296,0.578294907,8
27966726_MinPolqaSfbRecording_cut.wav,3.0,1.069044968,0.740810367,8
28225174_MinPolqaSfbRecording_cut.wav,3.5,0.9258201,0.641560597,8
27723485_MinPolqaSfbRecording_cut.wav,2.25,1.035098339,0.717286554,8
27817813_MinPolqaSfbRecording_cut.wav,1.875,0.83452296,0.578294907,8
27737748_MinPolqaSfbRecording_cut.wav,2.0,0.9258201,0.641560597,8
27581005_MinPolqaSfbRecording_cut.wav,2.625,1.060660172,0.735,8
27923785_MinPolqaSfbRecording_cut.wav,1.666666667,0.707106781,0.46197643,9
27659250_MinPolqaSfbRecording_cut.wav,2.0,1.118033989,0.730448873,9
28544950_MinPolqaSfbRecording_cut.wav,4.111111111,0.600925213,0.392604472,9
27651069_MinPolqaSfbRecording_cut.wav,3.0,0.5,0.326666667,9
28335237_MinPolqaSfbRecording_cut.wav,2.777777778,0.833333333,0.544444444,9
28493566_MinPolqaSfbRecording_cut.wav,3.777777778,0.440958552,0.288092921,9
27674084_MinPolqaSfbRecording_cut.wav,4.222222222,0.666666667,0.435555556,9
27758314_MinPolqaSfbRecording_cut.wav,3.777777778,0.666666667,0.435555556,9
28043142_MinPolqaSfbRecording_cut.wav,4.0,0.5,0.326666667,9
27709851_MinPolqaSfbRecording_cut.wav,3.3,0.674948558,0.41833745,10
28428919_MinPolqaSfbRecording_cut.wav,1.1,0.316227766,0.196,10
27617553_MinPolqaSfbRecording_cut.wav,1.5,0.527046277,0.326666667,10
27985701_MinPolqaSfbRecording_cut.wav,1.5,1.08012345,0.66946745,10
27745791_MinPolqaSfbRecording_cut.wav,3.7,0.483045892,0.299394945,10
27559731_MinPolqaSfbRecording_cut.wav,2.1,0.994428926,0.616353434,10
27951035_MinPolqaSfbRecording_cut.wav,3.9,0.875595036,0.542699426,10
27898007_MinPolqaSfbRecording_cut.wav,4.0,1.054092553,0.653333333,10
28247018_MinPolqaSfbRecording_cut.wav,1.9,0.875595036,0.542699426,10
27795475_MinPolqaSfbRecording_cut.wav,2.5,0.534522484,0.370405184,8
27880894_MinPolqaSfbRecording_cut.wav,3.75,0.707106781,0.49,8
27790220_MinPolqaSfbRecording_cut.wav,4.125,0.991031209,0.68674959,8
28062207_MinPolqaSfbRecording_cut.wav,4.625,0.51754917,0.358643277,8
27625085_MinPolqaSfbRecording_cut.wav,2.5,0.9258201,0.641560597,8
28169081_MinPolqaSfbRecording_cut.wav,3.375,0.744023809,0.515582195,8
28306604_MinPolqaSfbRecording_cut.wav,4.25,0.88640526,0.614247507,8
28296876_MinPolqaSfbRecording_cut.wav,2.125,0.991031209,0.68674959,8
27577194_MinPolqaSfbRecording_cut.wav,2.5,0.755928946,0.523832034,8
28285823_MinPolqaSfbRecording_cut.wav,4.0,0.755928946,0.523832034,8
27982951_MinPolqaSfbRecording_cut.wav,4.25,0.707106781,0.49,8
27581429_MinPolqaSfbRecording_cut.wav,2.375,0.51754917,0.358643277,8
28183856_MinPolqaSfbRecording_cut.wav,2.125,0.991031209,0.68674959,8
28008793_MinPolqaSfbRecording_cut.wav,2.5,1.309307341,0.907303698,8
27666265_MinPolqaSfbRecording_cut.wav,2.75,0.707106781,0.49,8
27925848_MinPolqaSfbRecording_cut.wav,4.0,0.816496581,0.506069824,10
28290680_MinPolqaSfbRecording_cut.wav,2.9,0.737864787,0.457333333,10
27869909_MinPolqaSfbRecording_cut.wav,3.3,0.674948558,0.41833745,10
28437539_MinPolqaSfbRecording_cut.wav,4.2,0.788810638,0.488909899,10
28196984_MinPolqaSfbRecording_cut.wav,3.7,0.823272602,0.510269645,10
28270533_MinPolqaSfbRecording_cut.wav,2.7,0.674948558,0.41833745,10
28496303_MinPolqaSfbRecording_cut.wav,3.6,0.516397779,0.32006666,10
27923788_MinPolqaSfbRecording_cut.wav,2.9,1.100504935,0.682100025,10
28217895_MinPolqaSfbRecording_cut.wav,2.5,1.178511302,0.730448873,10
28484395_MinPolqaSfbRecording_cut.wav,3.571428571,0.786795792,0.58286648,7
27871409_MinPolqaSfbRecording_cut.wav,3.571428571,0.786795792,0.58286648,7
27619233_MinPolqaSfbRecording_cut.wav,1.857142857,0.899735411,0.66653332,7
28195521_MinPolqaSfbRecording_cut.wav,3.142857143,0.690065559,0.51120772,7
28140768_MinPolqaSfbRecording_cut.wav,4.285714286,0.951189731,0.704651214,7
28036975_MinPolqaSfbRecording_cut.wav,3.428571429,0.786795792,0.58286648,7
27564282_MinPolqaSfbRecording_cut.wav,1.857142857,0.899735411,0.66653332,7
28167734_MinPolqaSfbRecording_cut.wav,2.333333333,1.032795559,0.826408562,6
28141199_MinPolqaSfbRecording_cut.wav,2.5,1.224744871,0.98,6
27708768_MinPolqaSfbRecording_cut.wav,4.333333333,0.516397779,0.413204281,6
28459445_MinPolqaSfbRecording_cut.wav,1.833333333,0.98319208,0.786717512,6
27753447_MinPolqaSfbRecording_cut.wav,2.333333333,1.032795559,0.826408562,6
28314941_MinPolqaSfbRecording_cut.wav,3.0,0.894427191,0.715690808,6
27785827_MinPolqaSfbRecording_cut.wav,4.0,0.632455532,0.506069824,6
28178693_MinPolqaSfbRecording_cut.wav,3.0,0.632455532,0.506069824,6
27807988_MinPolqaSfbRecording_cut.wav,4.166666667,0.752772653,0.602343571,6
28519773_MinPolqaSfbRecording_cut.wav,1.6,0.547722558,0.48009999,5
28291551_MinPolqaSfbRecording_cut.wav,1.4,0.547722558,0.48009999,5
27660455_MinPolqaSfbRecording_cut.wav,4.0,0.707106781,0.619806421,5
28112838_MinPolqaSfbRecording_cut.wav,1.2,0.447213595,0.392,5
27565597_MinPolqaSfbRecording_cut.wav,2.0,0.707106781,0.619806421,5
28321042_MinPolqaSfbRecording_cut.wav,1.8,0.447213595,0.392,5
27600464_MinPolqaSfbRecording_cut.wav,3.2,0.447213595,0.392,5
27780153_MinPolqaSfbRecording_cut.wav,3.2,0.447213595,0.392,5
27905948_MinPolqaSfbRecording_cut.wav,4.0,0.707106781,0.619806421,5
28053325_MinPolqaSfbRecording_cut.wav,4.0,0.707106781,0.619806421,5
28022879_MinPolqaSfbRecording_cut.wav,3.333333333,0.866025404,0.565803264,9
28289768_MinPolqaSfbRecording_cut.wav,3.0,0.866025404,0.565803264,9
28069702_MinPolqaSfbRecording_cut.wav,3.555555556,0.726483157,0.474635663,9
28530686_MinPolqaSfbRecording_cut.wav,2.0,0.866025404,0.565803264,9
28460917_MinPolqaSfbRecording_cut.wav,4.222222222,0.666666667,0.435555556,9
28155751_MinPolqaSfbRecording_cut.wav,2.444444444,1.130388331,0.738520376,9
28281383_MinPolqaSfbRecording_cut.wav,2.444444444,1.013793755,0.662345253,9
28267712_MinPolqaSfbRecording_cut.wav,3.444444444,0.726483157,0.474635663,9
27706714_MinPolqaSfbRecording_cut.wav,2.857142857,1.069044968,0.791959595,7
28298470_MinPolqaSfbRecording_cut.wav,4.285714286,0.951189731,0.704651214,7
27861175_MinPolqaSfbRecording_cut.wav,2.714285714,0.951189731,0.704651214,7
28349629_MinPolqaSfbRecording_cut.wav,1.428571429,0.534522484,0.395979797,7
28514894_MinPolqaSfbRecording_cut.wav,3.142857143,1.214985793,0.900074071,7
27947920_MinPolqaSfbRecording_cut.wav,1.0,0.0,0.0,7
28490751_MinPolqaSfbRecording_cut.wav,4.0,1.154700538,0.85541413,7
28092048_MinPolqaSfbRecording_cut.wav,3.571428571,0.786795792,0.58286648,7
27804177_MinPolqaSfbRecording_cut.wav,1.285714286,0.487950036,0.361478446,7
27959013_MinPolqaSfbRecording_cut.wav,2.857142857,1.069044968,0.791959595,7
28535804_MinPolqaSfbRecording_cut.wav,1.8,0.788810638,0.488909899,10
28003521_MinPolqaSfbRecording_cut.wav,4.0,0.666666667,0.413204281,10
28593461_MinPolqaSfbRecording_cut.wav,3.8,0.918936583,0.569562795,10
27984973_MinPolqaSfbRecording_cut.wav,2.2,0.788810638,0.488909899,10
27747739_MinPolqaSfbRecording_cut.wav,3.4,0.699205899,0.433372306,10
28438075_MinPolqaSfbRecording_cut.wav,2.2,0.788810638,0.488909899,10
27667075_MinPolqaSfbRecording_cut.wav,3.2,0.421637021,0.261333333,10
28341633_MinPolqaSfbRecording_cut.wav,1.7,0.674948558,0.41833745,10
28333956_MinPolqaSfbRecording_cut.wav,3.6,0.843274043,0.522666667,10
28474168_MinPolqaSfbRecording_cut.wav,2.375,0.916125381,0.6348425,8
28195385_MinPolqaSfbRecording_cut.wav,2.25,0.88640526,0.614247507,8
27805120_MinPolqaSfbRecording_cut.wav,2.25,0.88640526,0.614247507,8
27739492_MinPolqaSfbRecording_cut.wav,4.375,0.744023809,0.515582195,8
28175583_MinPolqaSfbRecording_cut.wav,2.625,0.744023809,0.515582195,8
28211009_MinPolqaSfbRecording_cut.wav,1.375,0.51754917,0.358643277,8
27921401_MinPolqaSfbRecording_cut.wav,4.125,0.640869944,0.444100214,8
28454484_MinPolqaSfbRecording_cut.wav,1.625,0.51754917,0.358643277,8
28432197_MinPolqaSfbRecording_cut.wav,1.5,0.755928946,0.523832034,8
27563188_MinPolqaSfbRecording_cut.wav,4.125,0.83452296,0.578294907,8
27790656_MinPolqaSfbRecording_cut.wav,3.5,0.9258201,0.641560597,8
28485916_MinPolqaSfbRecording_cut.wav,4.0,0.9258201,0.641560597,8
27917863_MinPolqaSfbRecording_cut.wav,3.25,0.707106781,0.49,8
27650897_MinPolqaSfbRecording_cut.wav,2.0,0.9258201,0.641560597,8
27820241_MinPolqaSfbRecording_cut.wav,1.625,0.916125381,0.6348425,8
27627510_MinPolqaSfbRecording_cut.wav,3.0,0.755928946,0.523832034,8
28280097_MinPolqaSfbRecording_cut.wav,2.0,0.534522484,0.370405184,8
28224267_MinPolqaSfbRecording_cut.wav,3.571428571,0.534522484,0.395979797,7
27853739_MinPolqaSfbRecording_cut.wav,4.571428571,0.534522484,0.395979797,7
28161934_MinPolqaSfbRecording_cut.wav,4.0,0.0,0.0,7
28442874_MinPolqaSfbRecording_cut.wav,4.142857143,0.690065559,0.51120772,7
27907050_MinPolqaSfbRecording_cut.wav,3.857142857,1.069044968,0.791959595,7
28327288_MinPolqaSfbRecording_cut.wav,4.142857143,0.690065559,0.51120772,7
28251236_MinPolqaSfbRecording_cut.wav,2.888888889,0.600925213,0.392604472,9
27942721_MinPolqaSfbRecording_cut.wav,4.111111111,0.600925213,0.392604472,9
27875289_MinPolqaSfbRecording_cut.wav,1.777777778,0.971825316,0.634925873,9
28205676_MinPolqaSfbRecording_cut.wav,2.888888889,1.054092553,0.688673802,9
27836897_MinPolqaSfbRecording_cut.wav,4.111111111,0.78173596,0.510734161,9
27660864_MinPolqaSfbRecording_cut.wav,2.666666667,1.118033989,0.730448873,9
28000968_MinPolqaSfbRecording_cut.wav,3.222222222,0.666666667,0.435555556,9
27606390_MinPolqaSfbRecording_cut.wav,4.222222222,0.971825316,0.634925873,9
28055001_MinPolqaSfbRecording_cut.wav,3.444444444,0.527046277,0.344336901,9
27677650_MinPolqaSfbRecording_cut.wav,2.444444444,0.726483157,0.474635663,9
28463190_MinPolqaSfbRecording_cut.wav,3.444444444,0.726483157,0.474635663,9
28193903_MinPolqaSfbRecording_cut.wav,3.444444444,0.881917104,0.576185841,9
28494761_MinPolqaSfbRecording_cut.wav,2.333333333,0.707106781,0.46197643,9
28301567_MinPolqaSfbRecording_cut.wav,1.777777778,0.971825316,0.634925873,9
28026387_MinPolqaSfbRecording_cut.wav,4.333333333,0.5,0.326666667,9
28201084_MinPolqaSfbRecording_cut.wav,3.111111111,0.600925213,0.392604472,9
27551572_MinPolqaSfbRecording_cut.wav,1.777777778,0.440958552,0.288092921,9
27646767_MinPolqaSfbRecording_cut.wav,4.222222222,0.666666667,0.435555556,9
28271783_MinPolqaSfbRecording_cut.wav,2.625,0.744023809,0.515582195,8
27973914_MinPolqaSfbRecording_cut.wav,4.25,0.707106781,0.49,8
28282106_MinPolqaSfbRecording_cut.wav,4.125,0.640869944,0.444100214,8
27749026_MinPolqaSfbRecording_cut.wav,2.75,1.035098339,0.717286554,8
27769038_MinPolqaSfbRecording_cut.wav,4.25,0.707106781,0.49,8
27818732_MinPolqaSfbRecording_cut.wav,3.75,0.88640526,0.614247507,8
28217585_MinPolqaSfbRecording_cut.wav,2.625,0.916125381,0.6348425,8
27565774_MinPolqaSfbRecording_cut.wav,2.0,0.9258201,0.641560597,8
27900918_MinPolqaSfbRecording_cut.wav,4.625,0.51754917,0.358643277,8
28250293_MinPolqaSfbRecording_cut.wav,4.0,0.666666667,0.413204281,10
28107409_MinPolqaSfbRecording_cut.wav,3.9,0.567646212,0.351830767,10
27753491_MinPolqaSfbRecording_cut.wav,3.6,0.699205899,0.433372306,10
27679758_MinPolqaSfbRecording_cut.wav,2.5,0.707106781,0.438269324,10
28134708_MinPolqaSfbRecording_cut.wav,2.9,0.737864787,0.457333333,10
27810764_MinPolqaSfbRecording_cut.wav,2.8,0.632455532,0.392,10
28339596_MinPolqaSfbRecording_cut.wav,3.8,0.632455532,0.392,10
28117319_MinPolqaSfbRecording_cut.wav,3.8,0.421637021,0.261333333,10
27733877_MinPolqaSfbRecording_cut.wav,3.6,0.516397779,0.32006666,10
28283925_MinPolqaSfbRecording_cut.wav,2.9,0.567646212,0.351830767,10
27590530_MinPolqaSfbRecording_cut.wav,3.222222222,0.971825316,0.634925873,9
28220740_MinPolqaSfbRecording_cut.wav,2.222222222,0.971825316,0.634925873,9
28005336_MinPolqaSfbRecording_cut.wav,3.777777778,0.666666667,0.435555556,9
28287240_MinPolqaSfbRecording_cut.wav,2.222222222,0.666666667,0.435555556,9
28510800_MinPolqaSfbRecording_cut.wav,2.666666667,0.866025404,0.565803264,9
27675834_MinPolqaSfbRecording_cut.wav,3.777777778,0.666666667,0.435555556,9
28524087_MinPolqaSfbRecording_cut.wav,1.222222222,0.440958552,0.288092921,9
27817433_MinPolqaSfbRecording_cut.wav,4.444444444,0.527046277,0.344336901,9
28069922_MinPolqaSfbRecording_cut.wav,2.333333333,0.707106781,0.46197643,9
27767400_MinPolqaSfbRecording_cut.wav,2.4,1.264911064,0.784,10
27762938_MinPolqaSfbRecording_cut.wav,3.5,0.707106781,0.438269324,10
27666363_MinPolqaSfbRecording_cut.wav,2.0,1.490711985,0.923952861,10
27904234_MinPolqaSfbRecording_cut.wav,3.3,0.823272602,0.510269645,10
28291719_MinPolqaSfbRecording_cut.wav,3.3,0.948683298,0.588,10
27721480_MinPolqaSfbRecording_cut.wav,3.7,0.948683298,0.588,10
27625038_MinPolqaSfbRecording_cut.wav,2.7,0.823272602,0.510269645,10
28592111_MinPolqaSfbRecording_cut.wav,1.3,0.674948558,0.41833745,10
27745027_MinPolqaSfbRecording_cut.wav,2.4,1.264911064,0.784,10
28271244_MinPolqaSfbRecording_cut.wav,3.111111111,0.927960727,0.606267675,9
28301694_MinPolqaSfbRecording_cut.wav,3.666666667,0.707106781,0.46197643,9
27844186_MinPolqaSfbRecording_cut.wav,4.0,0.707106781,0.46197643,9
27862315_MinPolqaSfbRecording_cut.wav,3.666666667,0.707106781,0.46197643,9
28147096_MinPolqaSfbRecording_cut.wav,2.222222222,1.201850425,0.785208944,9
28349049_MinPolqaSfbRecording_cut.wav,2.666666667,1.118033989,0.730448873,9
28480191_MinPolqaSfbRecording_cut.wav,3.0,0.866025404,0.565803264,9
27567755_MinPolqaSfbRecording_cut.wav,2.111111111,1.054092553,0.688673802,9
28547897_MinPolqaSfbRecording_cut.wav,4.25,0.88640526,0.614247507,8
27928149_MinPolqaSfbRecording_cut.wav,3.75,0.88640526,0.614247507,8
27679294_MinPolqaSfbRecording_cut.wav,3.5,0.534522484,0.370405184,8
27604682_MinPolqaSfbRecording_cut.wav,4.375,0.916125381,0.6348425,8
27960411_MinPolqaSfbRecording_cut.wav,4.25,0.707106781,0.49,8
28147812_MinPolqaSfbRecording_cut.wav,3.375,0.51754917,0.358643277,8
27668917_MinPolqaSfbRecording_cut.wav,4.0,0.534522484,0.370405184,8
28532682_MinPolqaSfbRecording_cut.wav,2.2,1.135292424,0.703661535,10
28189575_MinPolqaSfbRecording_cut.wav,2.7,0.823272602,0.510269645,10
28143978_MinPolqaSfbRecording_cut.wav,4.1,0.737864787,0.457333333,10
27923809_MinPolqaSfbRecording_cut.wav,3.6,0.516397779,0.32006666,10
28586998_MinPolqaSfbRecording_cut.wav,2.2,1.032795559,0.640133319,10
28203816_MinPolqaSfbRecording_cut.wav,2.3,0.948683298,0.588,10
27554651_MinPolqaSfbRecording_cut.wav,2.6,0.843274043,0.522666667,10
28247925_MinPolqaSfbRecording_cut.wav,3.5,0.707106781,0.438269324,10
28194614_MinPolqaSfbRecording_cut.wav,3.1,0.567646212,0.351830767,10
28148363_MinPolqaSfbRecording_cut.wav,3.8,0.788810638,0.488909899,10
28525199_MinPolqaSfbRecording_cut.wav,4.3,0.674948558,0.41833745,10
28135408_MinPolqaSfbRecording_cut.wav,3.7,0.823272602,0.510269645,10
27974702_MinPolqaSfbRecording_cut.wav,2.6,0.516397779,0.32006666,10
27596339_MinPolqaSfbRecording_cut.wav,4.3,0.674948558,0.41833745,10
27888071_MinPolqaSfbRecording_cut.wav,1.555555556,0.726483157,0.474635663,9
28003585_MinPolqaSfbRecording_cut.wav,3.888888889,0.78173596,0.510734161,9
28467489_MinPolqaSfbRecording_cut.wav,2.0,0.5,0.326666667,9
28238668_MinPolqaSfbRecording_cut.wav,2.555555556,1.013793755,0.662345253,9
28272623_MinPolqaSfbRecording_cut.wav,1.888888889,0.600925213,0.392604472,9
28424591_MinPolqaSfbRecording_cut.wav,1.222222222,0.440958552,0.288092921,9
28469817_MinPolqaSfbRecording_cut.wav,3.333333333,0.707106781,0.46197643,9
28163823_MinPolqaSfbRecording_cut.wav,2.222222222,1.201850425,0.785208944,9
27756219_MinPolqaSfbRecording_cut.wav,3.444444444,1.013793755,0.662345253,9
27625070_MinPolqaSfbRecording_cut.wav,1.9,0.737864787,0.457333333,10
27750659_MinPolqaSfbRecording_cut.wav,4.6,0.699205899,0.433372306,10
27863806_MinPolqaSfbRecording_cut.wav,3.3,0.674948558,0.41833745,10
27686332_MinPolqaSfbRecording_cut.wav,3.5,0.527046277,0.326666667,10
27939045_MinPolqaSfbRecording_cut.wav,2.0,0.816496581,0.506069824,10
28498523_MinPolqaSfbRecording_cut.wav,4.3,0.483045892,0.299394945,10
28554510_MinPolqaSfbRecording_cut.wav,1.9,0.994428926,0.616353434,10
27657641_MinPolqaSfbRecording_cut.wav,2.3,0.823272602,0.510269645,10
28331198_MinPolqaSfbRecording_cut.wav,3.5,0.527046277,0.326666667,10
28308801_MinPolqaSfbRecording_cut.wav,1.888888889,1.054092553,0.688673802,9
28221009_MinPolqaSfbRecording_cut.wav,1.444444444,0.527046277,0.344336901,9
27594012_MinPolqaSfbRecording_cut.wav,1.444444444,0.527046277,0.344336901,9
27828158_MinPolqaSfbRecording_cut.wav,3.222222222,0.971825316,0.634925873,9
28083354_MinPolqaSfbRecording_cut.wav,3.888888889,0.78173596,0.510734161,9
27766255_MinPolqaSfbRecording_cut.wav,3.888888889,0.600925213,0.392604472,9
28062742_MinPolqaSfbRecording_cut.wav,2.777777778,0.440958552,0.288092921,9
28031849_MinPolqaSfbRecording_cut.wav,2.222222222,0.971825316,0.634925873,9
27985388_MinPolqaSfbRecording_cut.wav,1.9,1.100504935,0.682100025,10
28331054_MinPolqaSfbRecording_cut.wav,3.1,0.994428926,0.616353434,10
28527045_MinPolqaSfbRecording_cut.wav,4.1,0.737864787,0.457333333,10
28024375_MinPolqaSfbRecording_cut.wav,3.7,0.948683298,0.588,10
27639956_MinPolqaSfbRecording_cut.wav,3.5,0.707106781,0.438269324,10
28108708_MinPolqaSfbRecording_cut.wav,1.8,0.918936583,0.569562795,10
28004839_MinPolqaSfbRecording_cut.wav,4.3,0.674948558,0.41833745,10
28124222_MinPolqaSfbRecording_cut.wav,3.8,0.788810638,0.488909899,10
28326123_MinPolqaSfbRecording_cut.wav,2.2,0.632455532,0.392,10
28509174_MinPolqaSfbRecording_cut.wav,3.333333333,1.032795559,0.826408562,6
28432489_MinPolqaSfbRecording_cut.wav,1.5,1.224744871,0.98,6
27703292_MinPolqaSfbRecording_cut.wav,2.666666667,0.816496581,0.653333333,6
27745025_MinPolqaSfbRecording_cut.wav,1.833333333,1.329160136,1.063549612,6
27555519_MinPolqaSfbRecording_cut.wav,4.0,0.894427191,0.715690808,6
27818284_MinPolqaSfbRecording_cut.wav,4.166666667,0.752772653,0.602343571,6
28074932_MinPolqaSfbRecording_cut.wav,2.0,1.095445115,0.876538647,6
28007874_MinPolqaSfbRecording_cut.wav,2.333333333,0.866025404,0.565803264,9
28006432_MinPolqaSfbRecording_cut.wav,3.555555556,0.726483157,0.474635663,9
28443387_MinPolqaSfbRecording_cut.wav,2.222222222,0.833333333,0.544444444,9
27968309_MinPolqaSfbRecording_cut.wav,3.222222222,0.666666667,0.435555556,9
27576809_MinPolqaSfbRecording_cut.wav,2.0,0.866025404,0.565803264,9
27816766_MinPolqaSfbRecording_cut.wav,2.0,1.0,0.653333333,9
28107994_MinPolqaSfbRecording_cut.wav,1.888888889,0.78173596,0.510734161,9
28029541_MinPolqaSfbRecording_cut.wav,2.333333333,0.866025404,0.565803264,9
27889468_MinPolqaSfbRecording_cut.wav,3.777777778,0.666666667,0.435555556,9
27580601_MinPolqaSfbRecording_cut.wav,3.666666667,0.866025404,0.565803264,9
28547169_MinPolqaSfbRecording_cut.wav,3.0,0.707106781,0.46197643,9
27708145_MinPolqaSfbRecording_cut.wav,1.777777778,1.092906421,0.714032195,9
28010485_MinPolqaSfbRecording_cut.wav,3.555555556,0.726483157,0.474635663,9
27518017_MinPolqaSfbRecording_cut.wav,1.555555556,0.726483157,0.474635663,9
27645562_MinPolqaSfbRecording_cut.wav,1.333333333,0.5,0.326666667,9
27915897_MinPolqaSfbRecording_cut.wav,3.111111111,0.600925213,0.392604472,9
28280199_MinPolqaSfbRecording_cut.wav,3.4,0.843274043,0.522666667,10
27663641_MinPolqaSfbRecording_cut.wav,3.4,0.966091783,0.598789891,10
27662610_MinPolqaSfbRecording_cut.wav,2.3,1.159501809,0.718666667,10
27917582_MinPolqaSfbRecording_cut.wav,3.2,0.632455532,0.392,10
28534249_MinPolqaSfbRecording_cut.wav,1.7,0.948683298,0.588,10
28591095_MinPolqaSfbRecording_cut.wav,1.6,0.843274043,0.522666667,10
27745130_MinPolqaSfbRecording_cut.wav,2.2,1.135292424,0.703661535,10
27603584_MinPolqaSfbRecording_cut.wav,1.8,0.632455532,0.392,10
28479096_MinPolqaSfbRecording_cut.wav,3.9,0.737864787,0.457333333,10
28002067_MinPolqaSfbRecording_cut.wav,2.9,1.197219,0.742044024,10
27683718_MinPolqaSfbRecording_cut.wav,4.0,0.666666667,0.413204281,10
28304062_MinPolqaSfbRecording_cut.wav,3.8,0.632455532,0.392,10
27714483_MinPolqaSfbRecording_cut.wav,4.0,0.666666667,0.413204281,10
27924656_MinPolqaSfbRecording_cut.wav,3.0,0.816496581,0.506069824,10
27631842_MinPolqaSfbRecording_cut.wav,4.0,0.942809042,0.584359098,10
27630565_MinPolqaSfbRecording_cut.wav,4.1,0.875595036,0.542699426,10
27656114_MinPolqaSfbRecording_cut.wav,3.7,0.823272602,0.510269645,10
28348335_MinPolqaSfbRecording_cut.wav,2.2,1.229272594,0.761911048,10
27906441_MinPolqaSfbRecording_cut.wav,4.5,0.527046277,0.326666667,10
28457972_MinPolqaSfbRecording_cut.wav,4.111111111,0.927960727,0.606267675,9
27768291_MinPolqaSfbRecording_cut.wav,2.333333333,1.224744871,0.800166649,9
28120894_MinPolqaSfbRecording_cut.wav,1.444444444,0.726483157,0.474635663,9
28367248_MinPolqaSfbRecording_cut.wav,2.333333333,1.0,0.653333333,9
28103891_MinPolqaSfbRecording_cut.wav,3.0,0.866025404,0.565803264,9
27671470_MinPolqaSfbRecording_cut.wav,2.0,1.322875656,0.864278762,9
27910446_MinPolqaSfbRecording_cut.wav,4.111111111,0.927960727,0.606267675,9
28164948_MinPolqaSfbRecording_cut.wav,3.0,1.224744871,0.800166649,9
27814037_MinPolqaSfbRecording_cut.wav,3.111111111,1.054092553,0.688673802,9
27708483_MinPolqaSfbRecording_cut.wav,3.222222222,1.201850425,0.785208944,9
28212839_MinPolqaSfbRecording_cut.wav,4.111111111,1.054092553,0.688673802,9
27742671_MinPolqaSfbRecording_cut.wav,2.222222222,0.833333333,0.544444444,9
28273602_MinPolqaSfbRecording_cut.wav,2.222222222,1.301708279,0.850449409,9
27875784_MinPolqaSfbRecording_cut.wav,4.555555556,0.726483157,0.474635663,9
27715884_MinPolqaSfbRecording_cut.wav,1.555555556,1.013793755,0.662345253,9
28117983_MinPolqaSfbRecording_cut.wav,1.777777778,0.833333333,0.544444444,9
27579512_MinPolqaSfbRecording_cut.wav,2.666666667,0.707106781,0.46197643,9
28120957_MinPolqaSfbRecording_cut.wav,4.0,0.534522484,0.370405184,8
28178055_MinPolqaSfbRecording_cut.wav,2.75,0.707106781,0.49,8
28158719_MinPolqaSfbRecording_cut.wav,3.625,0.51754917,0.358643277,8
28515316_MinPolqaSfbRecording_cut.wav,4.125,0.640869944,0.444100214,8
27694245_MinPolqaSfbRecording_cut.wav,3.5,0.534522484,0.370405184,8
27837578_MinPolqaSfbRecording_cut.wav,3.5,0.534522484,0.370405184,8
28508086_MinPolqaSfbRecording_cut.wav,4.0,0.0,0.0,8
27731185_MinPolqaSfbRecording_cut.wav,3.625,0.51754917,0.358643277,8
28448630_MinPolqaSfbRecording_cut.wav,3.222222222,0.666666667,0.435555556,9
28262498_MinPolqaSfbRecording_cut.wav,3.444444444,1.013793755,0.662345253,9
27927249_MinPolqaSfbRecording_cut.wav,2.333333333,1.0,0.653333333,9
28456663_MinPolqaSfbRecording_cut.wav,4.0,1.118033989,0.730448873,9
28310603_MinPolqaSfbRecording_cut.wav,4.0,0.707106781,0.46197643,9
27572140_MinPolqaSfbRecording_cut.wav,3.333333333,0.866025404,0.565803264,9
27571210_MinPolqaSfbRecording_cut.wav,1.444444444,1.013793755,0.662345253,9
28321889_MinPolqaSfbRecording_cut.wav,3.333333333,0.707106781,0.46197643,9
27918252_MinPolqaSfbRecording_cut.wav,4.0,0.755928946,0.523832034,8
28108057_MinPolqaSfbRecording_cut.wav,4.25,0.46291005,0.320780299,8
28509805_MinPolqaSfbRecording_cut.wav,2.375,1.505940617,1.043563606,8
27661967_MinPolqaSfbRecording_cut.wav,3.5,0.755928946,0.523832034,8
28288766_MinPolqaSfbRecording_cut.wav,1.875,0.640869944,0.444100214,8
28025986_MinPolqaSfbRecording_cut.wav,1.875,1.125991626,0.780272388,8
28289984_MinPolqaSfbRecording_cut.wav,3.75,0.707106781,0.49,8
28294778_MinPolqaSfbRecording_cut.wav,3.625,0.744023809,0.515582195,8
28197753_MinPolqaSfbRecording_cut.wav,1.375,1.060660172,0.735,8
27553106_MinPolqaSfbRecording_cut.wav,1.714285714,1.112697281,0.824297681,7
28195027_MinPolqaSfbRecording_cut.wav,2.428571429,0.975900073,0.722956891,7
27971410_MinPolqaSfbRecording_cut.wav,4.0,0.816496581,0.604869132,7
27554821_MinPolqaSfbRecording_cut.wav,3.0,1.0,0.740810367,7
28363857_MinPolqaSfbRecording_cut.wav,4.0,0.816496581,0.604869132,7
28233213_MinPolqaSfbRecording_cut.wav,3.714285714,0.755928946,0.56,7
27661504_MinPolqaSfbRecording_cut.wav,3.857142857,0.377964473,0.28,7
28114454_MinPolqaSfbRecording_cut.wav,3.428571429,0.786795792,0.58286648,7
28365829_MinPolqaSfbRecording_cut.wav,4.0,0.816496581,0.604869132,7
28472362_MinPolqaSfbRecording_cut.wav,3.714285714,0.755928946,0.56,7
27889758_MinPolqaSfbRecording_cut.wav,3.714285714,0.487950036,0.361478446,7
28445499_MinPolqaSfbRecording_cut.wav,3.428571429,0.534522484,0.395979797,7
27858089_MinPolqaSfbRecording_cut.wav,4.142857143,0.690065559,0.51120772,7
27772905_MinPolqaSfbRecording_cut.wav,2.428571429,0.975900073,0.722956891,7
28481389_MinPolqaSfbRecording_cut.wav,3.428571429,0.534522484,0.395979797,7
27789952_MinPolqaSfbRecording_cut.wav,2.142857143,1.463850109,1.084435337,7
28532069_MinPolqaSfbRecording_cut.wav,3.714285714,0.755928946,0.56,7
28460298_MinPolqaSfbRecording_cut.wav,3.285714286,0.951189731,0.704651214,7
28215864_MinPolqaSfbRecording_cut.wav,3.5,0.755928946,0.523832034,8
28475503_MinPolqaSfbRecording_cut.wav,1.625,0.744023809,0.515582195,8
27747869_MinPolqaSfbRecording_cut.wav,3.375,0.744023809,0.515582195,8
28226800_MinPolqaSfbRecording_cut.wav,3.875,0.991031209,0.68674959,8
27951707_MinPolqaSfbRecording_cut.wav,4.25,0.88640526,0.614247507,8
28485090_MinPolqaSfbRecording_cut.wav,2.125,1.246423455,0.863727388,8
27567874_MinPolqaSfbRecording_cut.wav,3.5,1.195228609,0.82825117,8
28129857_MinPolqaSfbRecording_cut.wav,3.75,0.707106781,0.49,8
28221151_MinPolqaSfbRecording_cut.wav,3.125,0.83452296,0.578294907,8
27856712_MinPolqaSfbRecording_cut.wav,3.25,0.707106781,0.49,8
27776673_MinPolqaSfbRecording_cut.wav,4.25,0.707106781,0.49,8
27940398_MinPolqaSfbRecording_cut.wav,4.0,0.755928946,0.523832034,8
28066540_MinPolqaSfbRecording_cut.wav,3.875,0.83452296,0.578294907,8
28211742_MinPolqaSfbRecording_cut.wav,3.875,0.640869944,0.444100214,8
28503080_MinPolqaSfbRecording_cut.wav,4.0,0.534522484,0.370405184,8
28066479_MinPolqaSfbRecording_cut.wav,3.375,0.744023809,0.515582195,8
27652675_MinPolqaSfbRecording_cut.wav,4.125,0.83452296,0.578294907,8
28190035_MinPolqaSfbRecording_cut.wav,3.0,0.866025404,0.565803264,9
27696614_MinPolqaSfbRecording_cut.wav,4.111111111,0.600925213,0.392604472,9
27618135_MinPolqaSfbRecording_cut.wav,2.0,1.0,0.653333333,9
28052721_MinPolqaSfbRecording_cut.wav,3.444444444,0.726483157,0.474635663,9
28294223_MinPolqaSfbRecording_cut.wav,3.444444444,0.726483157,0.474635663,9
27791371_MinPolqaSfbRecording_cut.wav,3.666666667,0.5,0.326666667,9
27739880_MinPolqaSfbRecording_cut.wav,3.111111111,0.78173596,0.510734161,9
28460574_MinPolqaSfbRecording_cut.wav,2.0,1.0,0.653333333,9
28074484_MinPolqaSfbRecording_cut.wav,3.777777778,0.666666667,0.435555556,9
27836393_MinPolqaSfbRecording_cut.wav,3.8,0.788810638,0.488909899,10
28360804_MinPolqaSfbRecording_cut.wav,2.5,0.849836586,0.526734173,10
27895243_MinPolqaSfbRecording_cut.wav,1.7,0.948683298,0.588,10
27909939_MinPolqaSfbRecording_cut.wav,2.6,0.966091783,0.598789891,10
27650804_MinPolqaSfbRecording_cut.wav,3.8,1.032795559,0.640133319,10
27632662_MinPolqaSfbRecording_cut.wav,1.8,0.788810638,0.488909899,10
27984256_MinPolqaSfbRecording_cut.wav,3.4,0.966091783,0.598789891,10
27575366_MinPolqaSfbRecording_cut.wav,1.2,0.421637021,0.261333333,10
27899793_MinPolqaSfbRecording_cut.wav,2.8,0.788810638,0.488909899,10
28551241_MinPolqaSfbRecording_cut.wav,3.1,0.875595036,0.542699426,10
28593666_MinPolqaSfbRecording_cut.wav,2.0,0.666666667,0.413204281,10
27647234_MinPolqaSfbRecording_cut.wav,3.1,0.567646212,0.351830767,10
27936610_MinPolqaSfbRecording_cut.wav,1.6,0.699205899,0.433372306,10
28594944_MinPolqaSfbRecording_cut.wav,1.4,0.843274043,0.522666667,10
28561834_MinPolqaSfbRecording_cut.wav,3.3,0.674948558,0.41833745,10
28323937_MinPolqaSfbRecording_cut.wav,4.1,0.737864787,0.457333333,10
28004982_MinPolqaSfbRecording_cut.wav,3.3,0.823272602,0.510269645,10
28102477_MinPolqaSfbRecording_cut.wav,2.4,0.843274043,0.522666667,10
28212941_MinPolqaSfbRecording_cut.wav,2.9,0.737864787,0.457333333,10
27807585_MinPolqaSfbRecording_cut.wav,3.8,0.788810638,0.488909899,10
27653189_MinPolqaSfbRecording_cut.wav,3.3,0.823272602,0.510269645,10
27753896_MinPolqaSfbRecording_cut.wav,3.5,1.08012345,0.66946745,10
28039179_MinPolqaSfbRecording_cut.wav,4.1,0.737864787,0.457333333,10
27783493_MinPolqaSfbRecording_cut.wav,3.9,0.875595036,0.542699426,10
28208828_MinPolqaSfbRecording_cut.wav,3.3,0.823272602,0.510269645,10
28279767_MinPolqaSfbRecording_cut.wav,2.2,0.632455532,0.392,10
28488933_MinPolqaSfbRecording_cut.wav,3.8,0.918936583,0.569562795,10
27981611_MinPolqaSfbRecording_cut.wav,4.1,0.737864787,0.457333333,10
27675873_MinPolqaSfbRecording_cut.wav,3.6,0.699205899,0.433372306,10
28308570_MinPolqaSfbRecording_cut.wav,2.0,0.666666667,0.413204281,10
27741624_MinPolqaSfbRecording_cut.wav,4.2,0.788810638,0.488909899,10
28553260_MinPolqaSfbRecording_cut.wav,2.1,1.100504935,0.682100025,10
27866957_MinPolqaSfbRecording_cut.wav,2.5,1.509230856,0.935430976,10
28423553_MinPolqaSfbRecording_cut.wav,3.5,0.971825316,0.602343571,10
27560648_MinPolqaSfbRecording_cut.wav,3.6,0.699205899,0.433372306,10
27618627_MinPolqaSfbRecording_cut.wav,3.1,0.737864787,0.457333333,10
27570867_MinPolqaSfbRecording_cut.wav,2.6,1.173787791,0.72752121,10
27734095_MinPolqaSfbRecording_cut.wav,3.6,0.699205899,0.433372306,10
28483146_MinPolqaSfbRecording_cut.wav,3.9,0.567646212,0.351830767,10
27898362_MinPolqaSfbRecording_cut.wav,3.0,1.247219129,0.773034425,10
27799138_MinPolqaSfbRecording_cut.wav,3.8,0.632455532,0.392,10
28105411_MinPolqaSfbRecording_cut.wav,1.8,1.229272594,0.761911048,10
27866722_MinPolqaSfbRecording_cut.wav,3.8,0.788810638,0.488909899,10
27600581_MinPolqaSfbRecording_cut.wav,3.4,0.843274043,0.522666667,10
27839211_MinPolqaSfbRecording_cut.wav,3.5,0.971825316,0.602343571,10
28216215_MinPolqaSfbRecording_cut.wav,1.5,0.707106781,0.438269324,10
27551952_MinPolqaSfbRecording_cut.wav,2.5,1.354006401,0.839221862,10
27638203_MinPolqaSfbRecording_cut.wav,2.5,1.08012345,0.66946745,10
27919002_MinPolqaSfbRecording_cut.wav,3.2,0.788810638,0.488909899,10
28423518_MinPolqaSfbRecording_cut.wav,1.1,0.316227766,0.196,10
28423648_MinPolqaSfbRecording_cut.wav,1.8,0.918936583,0.569562795,10
27619760_MinPolqaSfbRecording_cut.wav,2.6,0.966091783,0.598789891,10
28161669_MinPolqaSfbRecording_cut.wav,2.9,0.994428926,0.616353434,10
28503744_MinPolqaSfbRecording_cut.wav,4.142857143,0.690065559,0.51120772,7
27690677_MinPolqaSfbRecording_cut.wav,3.428571429,0.534522484,0.395979797,7
28009074_MinPolqaSfbRecording_cut.wav,2.428571429,0.786795792,0.58286648,7
27979334_MinPolqaSfbRecording_cut.wav,3.571428571,0.534522484,0.395979797,7
28443592_MinPolqaSfbRecording_cut.wav,3.285714286,0.951189731,0.704651214,7
28559019_MinPolqaSfbRecording_cut.wav,4.285714286,0.487950036,0.361478446,7
28197179_MinPolqaSfbRecording_cut.wav,3.0,1.0,0.740810367,7
28549562_MinPolqaSfbRecording_cut.wav,2.857142857,0.690065559,0.51120772,7
27906520_MinPolqaSfbRecording_cut.wav,4.285714286,0.487950036,0.361478446,7
28116226_MinPolqaSfbRecording_cut.wav,2.2,0.788810638,0.488909899,10
27834322_MinPolqaSfbRecording_cut.wav,4.1,0.567646212,0.351830767,10
28489724_MinPolqaSfbRecording_cut.wav,4.2,0.632455532,0.392,10
27668797_MinPolqaSfbRecording_cut.wav,4.1,0.567646212,0.351830767,10
28131868_MinPolqaSfbRecording_cut.wav,1.5,1.08012345,0.66946745,10
28595780_MinPolqaSfbRecording_cut.wav,3.7,0.674948558,0.41833745,10
28031932_MinPolqaSfbRecording_cut.wav,2.0,1.247219129,0.773034425,10
28294865_MinPolqaSfbRecording_cut.wav,1.777777778,0.971825316,0.634925873,9
27563865_MinPolqaSfbRecording_cut.wav,2.0,1.118033989,0.730448873,9
27576992_MinPolqaSfbRecording_cut.wav,4.111111111,0.600925213,0.392604472,9
27813461_MinPolqaSfbRecording_cut.wav,2.555555556,1.013793755,0.662345253,9
27868994_MinPolqaSfbRecording_cut.wav,3.777777778,0.971825316,0.634925873,9
28283674_MinPolqaSfbRecording_cut.wav,3.444444444,0.726483157,0.474635663,9
28070213_MinPolqaSfbRecording_cut.wav,3.0,0.707106781,0.46197643,9
28272396_MinPolqaSfbRecording_cut.wav,1.666666667,0.866025404,0.565803264,9
28252014_MinPolqaSfbRecording_cut.wav,4.25,0.707106781,0.49,8
27860974_MinPolqaSfbRecording_cut.wav,3.625,0.744023809,0.515582195,8
27755896_MinPolqaSfbRecording_cut.wav,2.25,0.707106781,0.49,8
27723088_MinPolqaSfbRecording_cut.wav,4.375,0.744023809,0.515582195,8
27692025_MinPolqaSfbRecording_cut.wav,1.875,1.356202682,0.939800511,8
28172604_MinPolqaSfbRecording_cut.wav,4.0,0.755928946,0.523832034,8
27884085_MinPolqaSfbRecording_cut.wav,2.25,1.035098339,0.717286554,8
28525566_MinPolqaSfbRecording_cut.wav,3.428571429,0.786795792,0.58286648,7
28467608_MinPolqaSfbRecording_cut.wav,3.714285714,0.755928946,0.56,7
27801313_MinPolqaSfbRecording_cut.wav,3.428571429,0.786795792,0.58286648,7
27554801_MinPolqaSfbRecording_cut.wav,3.0,0.577350269,0.427707065,7
27549565_MinPolqaSfbRecording_cut.wav,2.714285714,1.112697281,0.824297681,7
27888018_MinPolqaSfbRecording_cut.wav,3.714285714,0.951189731,0.704651214,7
27618233_MinPolqaSfbRecording_cut.wav,2.142857143,0.690065559,0.51120772,7
27840979_MinPolqaSfbRecording_cut.wav,3.714285714,0.487950036,0.361478446,7
27668775_MinPolqaSfbRecording_cut.wav,4.5,0.755928946,0.523832034,8
28102407_MinPolqaSfbRecording_cut.wav,3.875,0.991031209,0.68674959,8
28284752_MinPolqaSfbRecording_cut.wav,2.0,1.069044968,0.740810367,8
27610368_MinPolqaSfbRecording_cut.wav,3.5,1.309307341,0.907303698,8
27835430_MinPolqaSfbRecording_cut.wav,2.875,0.83452296,0.578294907,8
27784226_MinPolqaSfbRecording_cut.wav,2.75,0.88640526,0.614247507,8
27749454_MinPolqaSfbRecording_cut.wav,3.625,1.187734939,0.823058321,8
28130477_MinPolqaSfbRecording_cut.wav,2.875,1.125991626,0.780272388,8
27979082_MinPolqaSfbRecording_cut.wav,2.3,0.948683298,0.588,10
28364838_MinPolqaSfbRecording_cut.wav,2.5,0.707106781,0.438269324,10
28588789_MinPolqaSfbRecording_cut.wav,3.8,1.032795559,0.640133319,10
28281446_MinPolqaSfbRecording_cut.wav,3.6,0.699205899,0.433372306,10
28541001_MinPolqaSfbRecording_cut.wav,4.3,0.674948558,0.41833745,10
28181393_MinPolqaSfbRecording_cut.wav,1.9,0.737864787,0.457333333,10
28054245_MinPolqaSfbRecording_cut.wav,3.7,1.059349905,0.656591874,10
27579025_MinPolqaSfbRecording_cut.wav,1.7,0.948683298,0.588,10
27697117_MinPolqaSfbRecording_cut.wav,3.4,0.516397779,0.32006666,10
27698775_MinPolqaSfbRecording_cut.wav,4.1,0.567646212,0.351830767,10
28443868_MinPolqaSfbRecording_cut.wav,1.6,1.0749677,0.666271883,10
27824552_MinPolqaSfbRecording_cut.wav,4.0,0.816496581,0.506069824,10
27971572_MinPolqaSfbRecording_cut.wav,3.5,0.971825316,0.602343571,10
27598284_MinPolqaSfbRecording_cut.wav,4.5,0.527046277,0.326666667,10
27725643_MinPolqaSfbRecording_cut.wav,3.8,0.788810638,0.488909899,10
27911575_MinPolqaSfbRecording_cut.wav,4.1,0.875595036,0.542699426,10
27836204_MinPolqaSfbRecording_cut.wav,2.2,0.788810638,0.488909899,10
28273643_MinPolqaSfbRecording_cut.wav,4.333333333,0.707106781,0.46197643,9
28353486_MinPolqaSfbRecording_cut.wav,4.111111111,0.600925213,0.392604472,9
28165348_MinPolqaSfbRecording_cut.wav,2.555555556,0.527046277,0.344336901,9
28458107_MinPolqaSfbRecording_cut.wav,1.777777778,0.833333333,0.544444444,9
28587842_MinPolqaSfbRecording_cut.wav,3.888888889,0.78173596,0.510734161,9
27915415_MinPolqaSfbRecording_cut.wav,3.555555556,0.726483157,0.474635663,9
27828488_MinPolqaSfbRecording_cut.wav,2.111111111,0.927960727,0.606267675,9
27571215_MinPolqaSfbRecording_cut.wav,1.666666667,1.118033989,0.730448873,9
28047741_MinPolqaSfbRecording_cut.wav,3.777777778,0.833333333,0.544444444,9
28437301_MinPolqaSfbRecording_cut.wav,4.222222222,0.666666667,0.435555556,9
27874471_MinPolqaSfbRecording_cut.wav,4.333333333,0.707106781,0.46197643,9
27967500_MinPolqaSfbRecording_cut.wav,4.222222222,0.440958552,0.288092921,9
27743753_MinPolqaSfbRecording_cut.wav,2.444444444,0.881917104,0.576185841,9
27633354_MinPolqaSfbRecording_cut.wav,2.888888889,1.166666667,0.762222222,9
28126400_MinPolqaSfbRecording_cut.wav,3.666666667,0.866025404,0.565803264,9
28448682_MinPolqaSfbRecording_cut.wav,4.111111111,0.78173596,0.510734161,9
27904507_MinPolqaSfbRecording_cut.wav,2.666666667,0.866025404,0.565803264,9
28348269_MinPolqaSfbRecording_cut.wav,3.888888889,0.78173596,0.510734161,9
28489918_MinPolqaSfbRecording_cut.wav,2.222222222,1.092906421,0.714032195,9
27729604_MinPolqaSfbRecording_cut.wav,3.444444444,1.236033081,0.807541613,9
28287210_MinPolqaSfbRecording_cut.wav,2.888888889,0.927960727,0.606267675,9
27845849_MinPolqaSfbRecording_cut.wav,3.666666667,0.707106781,0.46197643,9
27669161_MinPolqaSfbRecording_cut.wav,3.777777778,0.440958552,0.288092921,9
27776163_MinPolqaSfbRecording_cut.wav,3.555555556,0.726483157,0.474635663,9
27677321_MinPolqaSfbRecording_cut.wav,2.333333333,1.118033989,0.730448873,9
27915929_MinPolqaSfbRecording_cut.wav,3.888888889,0.927960727,0.606267675,9
28077677_MinPolqaSfbRecording_cut.wav,4.285714286,0.951189731,0.704651214,7
27643489_MinPolqaSfbRecording_cut.wav,3.714285714,0.755928946,0.56,7
28443588_MinPolqaSfbRecording_cut.wav,2.857142857,1.345185418,0.996527304,7
27751791_MinPolqaSfbRecording_cut.wav,4.0,0.577350269,0.427707065,7
27557278_MinPolqaSfbRecording_cut.wav,4.0,0.816496581,0.604869132,7
28234054_MinPolqaSfbRecording_cut.wav,3.714285714,0.755928946,0.56,7
28470512_MinPolqaSfbRecording_cut.wav,4.142857143,0.377964473,0.28,7
28190641_MinPolqaSfbRecording_cut.wav,4.0,0.866025404,0.565803264,9
28018526_MinPolqaSfbRecording_cut.wav,4.555555556,0.527046277,0.344336901,9
28284999_MinPolqaSfbRecording_cut.wav,3.444444444,0.881917104,0.576185841,9
28462035_MinPolqaSfbRecording_cut.wav,3.0,0.707106781,0.46197643,9
27691131_MinPolqaSfbRecording_cut.wav,2.111111111,0.927960727,0.606267675,9
27728388_MinPolqaSfbRecording_cut.wav,3.0,1.322875656,0.864278762,9
27758914_MinPolqaSfbRecording_cut.wav,4.222222222,0.666666667,0.435555556,9
27760351_MinPolqaSfbRecording_cut.wav,1.666666667,0.866025404,0.565803264,9
27512625_MinPolqaSfbRecording_cut.wav,4.222222222,0.666666667,0.435555556,9
27845491_MinPolqaSfbRecording_cut.wav,3.625,0.51754917,0.358643277,8
28228594_MinPolqaSfbRecording_cut.wav,1.75,1.164964745,0.807279382,8
28473281_MinPolqaSfbRecording_cut.wav,2.75,0.707106781,0.49,8
27821716_MinPolqaSfbRecording_cut.wav,3.625,0.744023809,0.515582195,8
27839354_MinPolqaSfbRecording_cut.wav,3.375,0.744023809,0.515582195,8
27635456_MinPolqaSfbRecording_cut.wav,1.375,0.51754917,0.358643277,8
28022687_MinPolqaSfbRecording_cut.wav,3.375,0.744023809,0.515582195,8
27937360_MinPolqaSfbRecording_cut.wav,2.625,0.916125381,0.6348425,8
27733427_MinPolqaSfbRecording_cut.wav,4.125,0.83452296,0.578294907,8
28206998_MinPolqaSfbRecording_cut.wav,2.75,0.88640526,0.614247507,8
27648757_MinPolqaSfbRecording_cut.wav,2.5,0.9258201,0.641560597,8
27683779_MinPolqaSfbRecording_cut.wav,3.5,0.755928946,0.523832034,8
28457118_MinPolqaSfbRecording_cut.wav,1.75,1.164964745,0.807279382,8
28446473_MinPolqaSfbRecording_cut.wav,2.75,0.88640526,0.614247507,8
28332531_MinPolqaSfbRecording_cut.wav,2.375,0.916125381,0.6348425,8
27916899_MinPolqaSfbRecording_cut.wav,1.875,0.83452296,0.578294907,8
28220216_MinPolqaSfbRecording_cut.wav,3.625,1.060660172,0.735,8
28024776_MinPolqaSfbRecording_cut.wav,4.0,0.755928946,0.523832034,8
27833096_MinPolqaSfbRecording_cut.wav,3.875,0.640869944,0.444100214,8
27951131_MinPolqaSfbRecording_cut.wav,3.555555556,0.881917104,0.576185841,9
27791018_MinPolqaSfbRecording_cut.wav,2.888888889,1.166666667,0.762222222,9
28035660_MinPolqaSfbRecording_cut.wav,3.222222222,0.666666667,0.435555556,9
27685277_MinPolqaSfbRecording_cut.wav,3.666666667,0.707106781,0.46197643,9
28286514_MinPolqaSfbRecording_cut.wav,2.111111111,1.054092553,0.688673802,9
27736919_MinPolqaSfbRecording_cut.wav,3.777777778,0.666666667,0.435555556,9
28041915_MinPolqaSfbRecording_cut.wav,2.333333333,1.0,0.653333333,9
27771612_MinPolqaSfbRecording_cut.wav,3.111111111,1.054092553,0.688673802,9
28460835_MinPolqaSfbRecording_cut.wav,2.6,0.966091783,0.598789891,10
28167731_MinPolqaSfbRecording_cut.wav,2.3,0.823272602,0.510269645,10
27904504_MinPolqaSfbRecording_cut.wav,2.6,0.966091783,0.598789891,10
27772808_MinPolqaSfbRecording_cut.wav,3.9,0.567646212,0.351830767,10
27979012_MinPolqaSfbRecording_cut.wav,1.6,0.699205899,0.433372306,10
28136951_MinPolqaSfbRecording_cut.wav,2.0,0.471404521,0.292179549,10
28230085_MinPolqaSfbRecording_cut.wav,4.2,0.632455532,0.392,10
27611996_MinPolqaSfbRecording_cut.wav,3.0,0.666666667,0.413204281,10
28449212_MinPolqaSfbRecording_cut.wav,4.666666667,0.5,0.326666667,9
28252088_MinPolqaSfbRecording_cut.wav,4.222222222,0.666666667,0.435555556,9
28273604_MinPolqaSfbRecording_cut.wav,1.333333333,1.0,0.653333333,9
28312215_MinPolqaSfbRecording_cut.wav,2.888888889,0.333333333,0.217777778,9
28509162_MinPolqaSfbRecording_cut.wav,3.555555556,0.881917104,0.576185841,9
28432103_MinPolqaSfbRecording_cut.wav,4.333333333,0.866025404,0.565803264,9
27874730_MinPolqaSfbRecording_cut.wav,3.555555556,1.236033081,0.807541613,9
27795323_MinPolqaSfbRecording_cut.wav,3.666666667,1.0,0.653333333,9
28483465_MinPolqaSfbRecording_cut.wav,4.111111111,1.054092553,0.688673802,9
28427951_MinPolqaSfbRecording_cut.wav,3.111111111,0.78173596,0.510734161,9
27603588_MinPolqaSfbRecording_cut.wav,1.555555556,1.130388331,0.738520376,9
28136732_MinPolqaSfbRecording_cut.wav,2.333333333,0.866025404,0.565803264,9
27592329_MinPolqaSfbRecording_cut.wav,3.777777778,0.666666667,0.435555556,9
27579243_MinPolqaSfbRecording_cut.wav,4.222222222,0.440958552,0.288092921,9
28512044_MinPolqaSfbRecording_cut.wav,3.666666667,0.707106781,0.46197643,9
28282882_MinPolqaSfbRecording_cut.wav,2.333333333,1.118033989,0.730448873,9
28056570_MinPolqaSfbRecording_cut.wav,3.0,1.0,0.653333333,9
28252993_MinPolqaSfbRecording_cut.wav,4.333333333,0.866025404,0.565803264,9
28072348_MinPolqaSfbRecording_cut.wav,2.222222222,1.301708279,0.850449409,9
27868861_MinPolqaSfbRecording_cut.wav,2.7,0.948683298,0.588,10
28204069_MinPolqaSfbRecording_cut.wav,3.8,0.918936583,0.569562795,10
28241871_MinPolqaSfbRecording_cut.wav,2.7,0.483045892,0.299394945,10
27636434_MinPolqaSfbRecording_cut.wav,2.2,0.632455532,0.392,10
27655102_MinPolqaSfbRecording_cut.wav,1.9,0.737864787,0.457333333,10
27662649_MinPolqaSfbRecording_cut.wav,4.1,1.100504935,0.682100025,10
27623776_MinPolqaSfbRecording_cut.wav,3.7,0.823272602,0.510269645,10
27675178_MinPolqaSfbRecording_cut.wav,1.5,0.527046277,0.326666667,10
28013986_MinPolqaSfbRecording_cut.wav,3.7,0.823272602,0.510269645,10
28110925_MinPolqaSfbRecording_cut.wav,2.7,0.674948558,0.41833745,10
27691492_MinPolqaSfbRecording_cut.wav,3.6,0.516397779,0.32006666,10
27642083_MinPolqaSfbRecording_cut.wav,1.4,0.699205899,0.433372306,10
27720139_MinPolqaSfbRecording_cut.wav,2.5,0.707106781,0.438269324,10
28084678_MinPolqaSfbRecording_cut.wav,3.7,0.674948558,0.41833745,10
27579742_MinPolqaSfbRecording_cut.wav,1.5,0.707106781,0.438269324,10
28527247_MinPolqaSfbRecording_cut.wav,1.6,0.843274043,0.522666667,10
28520592_MinPolqaSfbRecording_cut.wav,3.1,0.316227766,0.196,10
28150646_MinPolqaSfbRecording_cut.wav,3.9,0.875595036,0.542699426,10
27806953_MinPolqaSfbRecording_cut.wav,3.1,0.737864787,0.457333333,10
28108030_MinPolqaSfbRecording_cut.wav,3.0,0.942809042,0.584359098,10
28012500_MinPolqaSfbRecording_cut.wav,4.0,0.755928946,0.523832034,8
28227502_MinPolqaSfbRecording_cut.wav,3.875,0.640869944,0.444100214,8
27645563_MinPolqaSfbRecording_cut.wav,2.625,1.597989809,1.107350441,8
28153069_MinPolqaSfbRecording_cut.wav,4.25,0.707106781,0.49,8
27761021_MinPolqaSfbRecording_cut.wav,4.0,0.534522484,0.370405184,8
28198652_MinPolqaSfbRecording_cut.wav,3.75,0.707106781,0.49,8
28068223_MinPolqaSfbRecording_cut.wav,4.5,0.534522484,0.370405184,8
27879971_MinPolqaSfbRecording_cut.wav,3.0,0.707106781,0.46197643,9
27724157_MinPolqaSfbRecording_cut.wav,3.777777778,0.666666667,0.435555556,9
28219445_MinPolqaSfbRecording_cut.wav,2.111111111,0.600925213,0.392604472,9
27865690_MinPolqaSfbRecording_cut.wav,3.0,0.866025404,0.565803264,9
27840066_MinPolqaSfbRecording_cut.wav,2.777777778,0.666666667,0.435555556,9
27773438_MinPolqaSfbRecording_cut.wav,3.777777778,0.666666667,0.435555556,9
27981740_MinPolqaSfbRecording_cut.wav,3.0,0.707106781,0.46197643,9
27683156_MinPolqaSfbRecording_cut.wav,4.0,0.5,0.326666667,9
27691608_MinPolqaSfbRecording_cut.wav,3.222222222,0.666666667,0.435555556,9
28600776_MinPolqaSfbRecording_cut.wav,2.111111111,0.78173596,0.510734161,9
28600920_MinPolqaSfbRecording_cut.wav,2.777777778,0.666666667,0.435555556,9
28143028_MinPolqaSfbRecording_cut.wav,4.333333333,1.0,0.653333333,9
27592577_MinPolqaSfbRecording_cut.wav,2.444444444,0.726483157,0.474635663,9
28049235_MinPolqaSfbRecording_cut.wav,4.111111111,0.927960727,0.606267675,9
28341303_MinPolqaSfbRecording_cut.wav,3.888888889,0.78173596,0.510734161,9
28205920_MinPolqaSfbRecording_cut.wav,3.222222222,1.092906421,0.714032195,9
27519682_MinPolqaSfbRecording_cut.wav,3.222222222,0.666666667,0.435555556,9
27669785_MinPolqaSfbRecording_cut.wav,4.0,0.866025404,0.565803264,9
28550418_MinPolqaSfbRecording_cut.wav,3.666666667,0.707106781,0.46197643,9
28321646_MinPolqaSfbRecording_cut.wav,3.111111111,1.054092553,0.688673802,9
27886469_MinPolqaSfbRecording_cut.wav,2.333333333,1.224744871,0.800166649,9
28082840_MinPolqaSfbRecording_cut.wav,3.222222222,0.833333333,0.544444444,9
27558479_MinPolqaSfbRecording_cut.wav,3.0,0.866025404,0.565803264,9
27958175_MinPolqaSfbRecording_cut.wav,2.444444444,1.333333333,0.871111111,9
27718346_MinPolqaSfbRecording_cut.wav,4.0,0.5,0.326666667,9
28080680_MinPolqaSfbRecording_cut.wav,3.6,0.516397779,0.32006666,10
27844336_MinPolqaSfbRecording_cut.wav,2.5,0.849836586,0.526734173,10
27676422_MinPolqaSfbRecording_cut.wav,3.2,0.632455532,0.392,10
27554649_MinPolqaSfbRecording_cut.wav,3.6,0.699205899,0.433372306,10
28017381_MinPolqaSfbRecording_cut.wav,2.1,0.994428926,0.616353434,10
28149516_MinPolqaSfbRecording_cut.wav,2.8,0.632455532,0.392,10
28464983_MinPolqaSfbRecording_cut.wav,2.6,1.264911064,0.784,10
28125725_MinPolqaSfbRecording_cut.wav,3.7,0.483045892,0.299394945,10
27792029_MinPolqaSfbRecording_cut.wav,4.0,0.534522484,0.370405184,8
27731927_MinPolqaSfbRecording_cut.wav,2.75,0.88640526,0.614247507,8
28160296_MinPolqaSfbRecording_cut.wav,3.75,0.88640526,0.614247507,8
28290990_MinPolqaSfbRecording_cut.wav,2.5,0.9258201,0.641560597,8
28125138_MinPolqaSfbRecording_cut.wav,3.75,0.707106781,0.49,8
28008855_MinPolqaSfbRecording_cut.wav,2.25,0.88640526,0.614247507,8
28022015_MinPolqaSfbRecording_cut.wav,4.0,0.534522484,0.370405184,8
28079755_MinPolqaSfbRecording_cut.wav,4.125,0.640869944,0.444100214,8
28251336_MinPolqaSfbRecording_cut.wav,4.0,0.755928946,0.523832034,8
28500746_MinPolqaSfbRecording_cut.wav,4.0,0.866025404,0.565803264,9
28368514_MinPolqaSfbRecording_cut.wav,2.333333333,0.866025404,0.565803264,9
27599813_MinPolqaSfbRecording_cut.wav,4.444444444,0.726483157,0.474635663,9
27682388_MinPolqaSfbRecording_cut.wav,4.666666667,0.5,0.326666667,9
27984831_MinPolqaSfbRecording_cut.wav,2.111111111,1.054092553,0.688673802,9
28218634_MinPolqaSfbRecording_cut.wav,3.666666667,0.707106781,0.46197643,9
28555917_MinPolqaSfbRecording_cut.wav,1.444444444,1.013793755,0.662345253,9
28067630_MinPolqaSfbRecording_cut.wav,3.777777778,0.833333333,0.544444444,9
28011329_MinPolqaSfbRecording_cut.wav,3.666666667,0.866025404,0.565803264,9
28081884_MinPolqaSfbRecording_cut.wav,4.0,0.866025404,0.565803264,9
27932781_MinPolqaSfbRecording_cut.wav,3.333333333,1.0,0.653333333,9
27825369_MinPolqaSfbRecording_cut.wav,4.222222222,0.833333333,0.544444444,9
28206791_MinPolqaSfbRecording_cut.wav,3.777777778,0.971825316,0.634925873,9
28107268_MinPolqaSfbRecording_cut.wav,2.333333333,1.224744871,0.800166649,9
28352342_MinPolqaSfbRecording_cut.wav,2.777777778,0.971825316,0.634925873,9
28523610_MinPolqaSfbRecording_cut.wav,3.777777778,1.201850425,0.785208944,9
28125343_MinPolqaSfbRecording_cut.wav,2.777777778,1.394433378,0.911029807,9
27887534_MinPolqaSfbRecording_cut.wav,1.714285714,0.487950036,0.361478446,7
28192243_MinPolqaSfbRecording_cut.wav,3.285714286,0.755928946,0.56,7
27786275_MinPolqaSfbRecording_cut.wav,4.285714286,0.755928946,0.56,7
28190854_MinPolqaSfbRecording_cut.wav,2.285714286,0.755928946,0.56,7
28176009_MinPolqaSfbRecording_cut.wav,1.714285714,0.755928946,0.56,7
27800915_MinPolqaSfbRecording_cut.wav,1.142857143,0.377964473,0.28,7
28167203_MinPolqaSfbRecording_cut.wav,3.857142857,0.690065559,0.51120772,7
28513258_MinPolqaSfbRecording_cut.wav,3.714285714,0.755928946,0.56,7
27736616_MinPolqaSfbRecording_cut.wav,1.428571429,0.534522484,0.395979797,7
27686947_MinPolqaSfbRecording_cut.wav,4.0,1.0,0.740810367,7
27617778_MinPolqaSfbRecording_cut.wav,4.0,0.816496581,0.604869132,7
28086944_MinPolqaSfbRecording_cut.wav,3.0,1.154700538,0.85541413,7
27657678_MinPolqaSfbRecording_cut.wav,2.428571429,1.272418021,0.942620461,7
28468609_MinPolqaSfbRecording_cut.wav,3.142857143,1.345185418,0.996527304,7
27752526_MinPolqaSfbRecording_cut.wav,3.0,1.0,0.740810367,7
28046561_MinPolqaSfbRecording_cut.wav,2.142857143,1.214985793,0.900074071,7
28479691_MinPolqaSfbRecording_cut.wav,4.285714286,0.755928946,0.56,7
28115907_MinPolqaSfbRecording_cut.wav,3.714285714,1.112697281,0.824297681,7
28527493_MinPolqaSfbRecording_cut.wav,4.125,0.640869944,0.444100214,8
27616458_MinPolqaSfbRecording_cut.wav,3.625,0.51754917,0.358643277,8
28519374_MinPolqaSfbRecording_cut.wav,3.375,0.51754917,0.358643277,8
28160918_MinPolqaSfbRecording_cut.wav,4.375,0.51754917,0.358643277,8
28448948_MinPolqaSfbRecording_cut.wav,4.0,0.534522484,0.370405184,8
28270844_MinPolqaSfbRecording_cut.wav,3.125,1.125991626,0.780272388,8
27663167_MinPolqaSfbRecording_cut.wav,2.375,0.744023809,0.515582195,8
28026030_MinPolqaSfbRecording_cut.wav,3.75,0.46291005,0.320780299,8
28139145_MinPolqaSfbRecording_cut.wav,3.5,0.534522484,0.370405184,8
28517033_MinPolqaSfbRecording_cut.wav,2.0,1.154700538,0.85541413,7
27928269_MinPolqaSfbRecording_cut.wav,3.285714286,0.755928946,0.56,7
28135955_MinPolqaSfbRecording_cut.wav,2.714285714,1.112697281,0.824297681,7
28304146_MinPolqaSfbRecording_cut.wav,3.428571429,0.975900073,0.722956891,7
27581430_MinPolqaSfbRecording_cut.wav,1.857142857,1.214985793,0.900074071,7
28429381_MinPolqaSfbRecording_cut.wav,1.857142857,1.214985793,0.900074071,7
28086945_MinPolqaSfbRecording_cut.wav,2.285714286,1.380131119,1.022415441,7
27740476_MinPolqaSfbRecording_cut.wav,3.428571429,0.786795792,0.58286648,7
27755899_MinPolqaSfbRecording_cut.wav,2.0,1.414213562,1.047664068,7
28150908_MinPolqaSfbRecording_cut.wav,2.142857143,1.069044968,0.791959595,7
28116198_MinPolqaSfbRecording_cut.wav,4.0,0.577350269,0.427707065,7
28288355_MinPolqaSfbRecording_cut.wav,3.428571429,0.534522484,0.395979797,7
27806260_MinPolqaSfbRecording_cut.wav,2.428571429,0.975900073,0.722956891,7
28050448_MinPolqaSfbRecording_cut.wav,2.0,1.154700538,0.85541413,7
28136777_MinPolqaSfbRecording_cut.wav,2.857142857,1.069044968,0.791959595,7
27775689_MinPolqaSfbRecording_cut.wav,2.142857143,1.345185418,0.996527304,7
28024256_MinPolqaSfbRecording_cut.wav,3.857142857,0.899735411,0.66653332,7
28541935_MinPolqaSfbRecording_cut.wav,3.285714286,0.487950036,0.361478446,7
28190959_MinPolqaSfbRecording_cut.wav,2.428571429,1.133893419,0.84,7
28475879_MinPolqaSfbRecording_cut.wav,3.25,0.707106781,0.49,8
27920246_MinPolqaSfbRecording_cut.wav,3.75,0.707106781,0.49,8
28079096_MinPolqaSfbRecording_cut.wav,3.5,0.534522484,0.370405184,8
28448502_MinPolqaSfbRecording_cut.wav,4.125,0.640869944,0.444100214,8
28252475_MinPolqaSfbRecording_cut.wav,1.75,1.035098339,0.717286554,8
28059450_MinPolqaSfbRecording_cut.wav,4.25,0.707106781,0.49,8
27514562_MinPolqaSfbRecording_cut.wav,2.25,0.707106781,0.49,8
28352459_MinPolqaSfbRecording_cut.wav,4.25,0.707106781,0.49,8
28290738_MinPolqaSfbRecording_cut.wav,2.375,0.744023809,0.515582195,8
27654845_MinPolqaSfbRecording_cut.wav,4.0,0.534522484,0.370405184,8
27517647_MinPolqaSfbRecording_cut.wav,3.8,0.632455532,0.392,10
27583868_MinPolqaSfbRecording_cut.wav,4.2,0.632455532,0.392,10
27722056_MinPolqaSfbRecording_cut.wav,3.8,0.788810638,0.488909899,10
27554746_MinPolqaSfbRecording_cut.wav,2.3,1.159501809,0.718666667,10
28216851_MinPolqaSfbRecording_cut.wav,4.1,0.567646212,0.351830767,10
28038104_MinPolqaSfbRecording_cut.wav,2.2,1.398411798,0.866744612,10
28092131_MinPolqaSfbRecording_cut.wav,1.9,1.100504935,0.682100025,10
28108311_MinPolqaSfbRecording_cut.wav,1.7,0.823272602,0.510269645,10
28588072_MinPolqaSfbRecording_cut.wav,3.8,0.918936583,0.569562795,10
27985125_MinPolqaSfbRecording_cut.wav,3.7,0.674948558,0.41833745,10
28071081_MinPolqaSfbRecording_cut.wav,3.75,1.164964745,0.807279382,8
28016138_MinPolqaSfbRecording_cut.wav,4.25,0.707106781,0.49,8
28024436_MinPolqaSfbRecording_cut.wav,3.75,0.88640526,0.614247507,8
28312313_MinPolqaSfbRecording_cut.wav,4.375,0.744023809,0.515582195,8
27574016_MinPolqaSfbRecording_cut.wav,4.125,0.991031209,0.68674959,8
28484711_MinPolqaSfbRecording_cut.wav,4.25,0.88640526,0.614247507,8
28362559_MinPolqaSfbRecording_cut.wav,3.25,0.46291005,0.320780299,8
27870720_MinPolqaSfbRecording_cut.wav,4.125,0.83452296,0.578294907,8
27745707_MinPolqaSfbRecording_cut.wav,3.375,0.916125381,0.6348425,8
27869249_MinPolqaSfbRecording_cut.wav,4.125,0.640869944,0.444100214,8
27630665_MinPolqaSfbRecording_cut.wav,3.875,0.640869944,0.444100214,8
27932048_MinPolqaSfbRecording_cut.wav,2.5,0.9258201,0.641560597,8
27558861_MinPolqaSfbRecording_cut.wav,2.625,0.916125381,0.6348425,8
28424093_MinPolqaSfbRecording_cut.wav,3.375,0.744023809,0.515582195,8
28111805_MinPolqaSfbRecording_cut.wav,3.375,0.744023809,0.515582195,8
28301550_MinPolqaSfbRecording_cut.wav,3.875,0.640869944,0.444100214,8
27749839_MinPolqaSfbRecording_cut.wav,3.75,0.46291005,0.320780299,8
28315821_MinPolqaSfbRecording_cut.wav,2.625,1.060660172,0.735,8
28179847_MinPolqaSfbRecording_cut.wav,1.875,1.125991626,0.780272388,8
27636619_MinPolqaSfbRecording_cut.wav,1.75,0.88640526,0.614247507,8
28288857_MinPolqaSfbRecording_cut.wav,2.5,0.9258201,0.641560597,8
28438300_MinPolqaSfbRecording_cut.wav,2.75,0.88640526,0.614247507,8
28122587_MinPolqaSfbRecording_cut.wav,3.125,0.640869944,0.444100214,8
28215604_MinPolqaSfbRecording_cut.wav,2.125,0.991031209,0.68674959,8
28110818_MinPolqaSfbRecording_cut.wav,1.5,0.755928946,0.523832034,8
28231597_MinPolqaSfbRecording_cut.wav,3.0,0.755928946,0.523832034,8
28217586_MinPolqaSfbRecording_cut.wav,2.5,1.069044968,0.740810367,8
28244721_MinPolqaSfbRecording_cut.wav,2.625,1.597989809,1.107350441,8
27627255_MinPolqaSfbRecording_cut.wav,2.25,1.035098339,0.717286554,8
28473279_MinPolqaSfbRecording_cut.wav,2.625,1.187734939,0.823058321,8
27773486_MinPolqaSfbRecording_cut.wav,3.5,0.534522484,0.370405184,8
28232360_MinPolqaSfbRecording_cut.wav,3.125,1.125991626,0.780272388,8
27981900_MinPolqaSfbRecording_cut.wav,3.625,0.51754917,0.358643277,8
28433397_MinPolqaSfbRecording_cut.wav,3.571428571,0.534522484,0.395979797,7
27651029_MinPolqaSfbRecording_cut.wav,3.857142857,0.690065559,0.51120772,7
28352757_MinPolqaSfbRecording_cut.wav,1.428571429,1.133893419,0.84,7
28071264_MinPolqaSfbRecording_cut.wav,2.285714286,0.951189731,0.704651214,7
28456775_MinPolqaSfbRecording_cut.wav,3.857142857,0.690065559,0.51120772,7
27673626_MinPolqaSfbRecording_cut.wav,2.0,0.816496581,0.604869132,7
27738350_MinPolqaSfbRecording_cut.wav,4.0,0.816496581,0.604869132,7
27757242_MinPolqaSfbRecording_cut.wav,1.714285714,0.755928946,0.56,7
27807086_MinPolqaSfbRecording_cut.wav,2.428571429,0.786795792,0.58286648,7
28432301_MinPolqaSfbRecording_cut.wav,2.428571429,0.534522484,0.395979797,7
27516066_MinPolqaSfbRecording_cut.wav,4.0,0.0,0.0,6
27787576_MinPolqaSfbRecording_cut.wav,2.333333333,0.816496581,0.653333333,6
27518019_MinPolqaSfbRecording_cut.wav,1.666666667,0.816496581,0.653333333,6
27585501_MinPolqaSfbRecording_cut.wav,2.0,0.894427191,0.715690808,6
28259195_MinPolqaSfbRecording_cut.wav,2.833333333,1.329160136,1.063549612,6
28101584_MinPolqaSfbRecording_cut.wav,2.166666667,1.169045194,0.935430976,6
28304436_MinPolqaSfbRecording_cut.wav,4.166666667,0.40824829,0.326666667,6
28192615_MinPolqaSfbRecording_cut.wav,3.5,0.547722558,0.438269324,6
28417868_MinPolqaSfbRecording_cut.wav,2.5,1.224744871,0.98,6
27616035_MinPolqaSfbRecording_cut.wav,2.1,0.994428926,0.616353434,10
28052583_MinPolqaSfbRecording_cut.wav,4.1,0.737864787,0.457333333,10
27576808_MinPolqaSfbRecording_cut.wav,2.3,1.059349905,0.656591874,10
28430812_MinPolqaSfbRecording_cut.wav,1.6,0.699205899,0.433372306,10
28356916_MinPolqaSfbRecording_cut.wav,3.9,0.567646212,0.351830767,10
27818044_MinPolqaSfbRecording_cut.wav,2.0,0.942809042,0.584359098,10
28424478_MinPolqaSfbRecording_cut.wav,3.1,0.737864787,0.457333333,10
28513790_MinPolqaSfbRecording_cut.wav,4.3,0.674948558,0.41833745,10
28493411_MinPolqaSfbRecording_cut.wav,4.1,0.737864787,0.457333333,10
27610307_MinPolqaSfbRecording_cut.wav,2.0,0.755928946,0.523832034,8
28471396_MinPolqaSfbRecording_cut.wav,3.625,1.187734939,0.823058321,8
27651326_MinPolqaSfbRecording_cut.wav,1.875,0.640869944,0.444100214,8
28260010_MinPolqaSfbRecording_cut.wav,2.375,1.060660172,0.735,8
27628664_MinPolqaSfbRecording_cut.wav,1.375,0.744023809,0.515582195,8
28500307_MinPolqaSfbRecording_cut.wav,3.5,1.309307341,0.907303698,8
27636707_MinPolqaSfbRecording_cut.wav,4.125,1.356202682,0.939800511,8
28585386_MinPolqaSfbRecording_cut.wav,1.875,0.991031209,0.68674959,8
27864874_MinPolqaSfbRecording_cut.wav,3.875,1.125991626,0.780272388,8
27742785_MinPolqaSfbRecording_cut.wav,2.125,1.356202682,0.939800511,8
28301787_MinPolqaSfbRecording_cut.wav,2.571428571,0.786795792,0.58286648,7
27970366_MinPolqaSfbRecording_cut.wav,2.714285714,0.487950036,0.361478446,7
27654550_MinPolqaSfbRecording_cut.wav,2.428571429,0.975900073,0.722956891,7
28265901_MinPolqaSfbRecording_cut.wav,1.857142857,0.377964473,0.28,7
28108029_MinPolqaSfbRecording_cut.wav,2.857142857,0.899735411,0.66653332,7
28353351_MinPolqaSfbRecording_cut.wav,1.714285714,0.487950036,0.361478446,7
28273465_MinPolqaSfbRecording_cut.wav,3.714285714,0.487950036,0.361478446,7
28120166_MinPolqaSfbRecording_cut.wav,3.0,0.816496581,0.604869132,7
28280489_MinPolqaSfbRecording_cut.wav,3.571428571,0.786795792,0.58286648,7
28423815_MinPolqaSfbRecording_cut.wav,1.142857143,0.377964473,0.28,7
28493902_MinPolqaSfbRecording_cut.wav,2.285714286,1.112697281,0.824297681,7
28072847_MinPolqaSfbRecording_cut.wav,2.285714286,1.380131119,1.022415441,7
27572142_MinPolqaSfbRecording_cut.wav,3.571428571,0.975900073,0.722956891,7
28465255_MinPolqaSfbRecording_cut.wav,2.857142857,1.069044968,0.791959595,7
27713282_MinPolqaSfbRecording_cut.wav,4.0,0.577350269,0.427707065,7
28508661_MinPolqaSfbRecording_cut.wav,3.571428571,0.975900073,0.722956891,7
27862688_MinPolqaSfbRecording_cut.wav,4.571428571,0.786795792,0.58286648,7
28050921_MinPolqaSfbRecording_cut.wav,4.0,0.707106781,0.46197643,9
28328366_MinPolqaSfbRecording_cut.wav,4.222222222,0.440958552,0.288092921,9
28319983_MinPolqaSfbRecording_cut.wav,2.222222222,1.201850425,0.785208944,9
28515336_MinPolqaSfbRecording_cut.wav,2.333333333,0.707106781,0.46197643,9
28177295_MinPolqaSfbRecording_cut.wav,3.777777778,0.666666667,0.435555556,9
28107693_MinPolqaSfbRecording_cut.wav,1.888888889,1.054092553,0.688673802,9
28155492_MinPolqaSfbRecording_cut.wav,2.333333333,1.0,0.653333333,9
27703494_MinPolqaSfbRecording_cut.wav,1.111111111,0.333333333,0.217777778,9
27884097_MinPolqaSfbRecording_cut.wav,3.666666667,0.816496581,0.653333333,6
27803602_MinPolqaSfbRecording_cut.wav,3.0,0.0,0.0,6
28328570_MinPolqaSfbRecording_cut.wav,1.833333333,1.169045194,0.935430976,6
27732769_MinPolqaSfbRecording_cut.wav,2.833333333,1.169045194,0.935430976,6
27525704_MinPolqaSfbRecording_cut.wav,2.166666667,0.752772653,0.602343571,6
27518294_MinPolqaSfbRecording_cut.wav,3.333333333,1.032795559,0.826408562,6
28441080_MinPolqaSfbRecording_cut.wav,3.333333333,1.032795559,0.826408562,6
28174715_MinPolqaSfbRecording_cut.wav,4.166666667,0.752772653,0.602343571,6
27646631_MinPolqaSfbRecording_cut.wav,2.5,0.547722558,0.438269324,6
28296495_MinPolqaSfbRecording_cut.wav,4.428571429,0.975900073,0.722956891,7
27851990_MinPolqaSfbRecording_cut.wav,3.285714286,0.755928946,0.56,7
27690490_MinPolqaSfbRecording_cut.wav,4.285714286,0.487950036,0.361478446,7
28341972_MinPolqaSfbRecording_cut.wav,2.714285714,0.755928946,0.56,7
28195592_MinPolqaSfbRecording_cut.wav,2.285714286,0.755928946,0.56,7
28106377_MinPolqaSfbRecording_cut.wav,2.428571429,0.786795792,0.58286648,7
28337059_MinPolqaSfbRecording_cut.wav,2.285714286,0.755928946,0.56,7
28432302_MinPolqaSfbRecording_cut.wav,4.142857143,0.690065559,0.51120772,7
27842671_MinPolqaSfbRecording_cut.wav,3.714285714,0.951189731,0.704651214,7
27855656_MinPolqaSfbRecording_cut.wav,3.857142857,0.899735411,0.66653332,7
27971611_MinPolqaSfbRecording_cut.wav,3.9,0.737864787,0.457333333,10
27901413_MinPolqaSfbRecording_cut.wav,2.7,1.33749351,0.828987066,10
28447138_MinPolqaSfbRecording_cut.wav,1.5,0.971825316,0.602343571,10
27630922_MinPolqaSfbRecording_cut.wav,1.5,1.08012345,0.66946745,10
28455836_MinPolqaSfbRecording_cut.wav,1.7,1.059349905,0.656591874,10
28428808_MinPolqaSfbRecording_cut.wav,2.1,0.875595036,0.542699426,10
27957079_MinPolqaSfbRecording_cut.wav,3.0,0.942809042,0.584359098,10
28280374_MinPolqaSfbRecording_cut.wav,2.5,1.354006401,0.839221862,10
27960798_MinPolqaSfbRecording_cut.wav,2.6,1.0749677,0.666271883,10
27790862_MinPolqaSfbRecording_cut.wav,3.8,0.836660027,0.733364848,5
28530888_MinPolqaSfbRecording_cut.wav,4.0,1.0,0.876538647,5
28221634_MinPolqaSfbRecording_cut.wav,3.0,1.58113883,1.385929291,5
28360326_MinPolqaSfbRecording_cut.wav,4.0,1.0,0.876538647,5
27660517_MinPolqaSfbRecording_cut.wav,3.6,1.140175425,0.999407825,5
27877052_MinPolqaSfbRecording_cut.wav,4.2,0.836660027,0.733364848,5
28004750_MinPolqaSfbRecording_cut.wav,3.6,0.894427191,0.784,5
28049250_MinPolqaSfbRecording_cut.wav,4.4,0.894427191,0.784,5
28552809_MinPolqaSfbRecording_cut.wav,4.0,0.707106781,0.619806421,5
27605841_MinPolqaSfbRecording_cut.wav,4.0,0.707106781,0.619806421,5
27828859_MinPolqaSfbRecording_cut.wav,2.75,1.035098339,0.717286554,8
28142399_MinPolqaSfbRecording_cut.wav,3.375,0.916125381,0.6348425,8
27854444_MinPolqaSfbRecording_cut.wav,2.25,0.707106781,0.49,8
28174539_MinPolqaSfbRecording_cut.wav,2.375,0.51754917,0.358643277,8
27654912_MinPolqaSfbRecording_cut.wav,1.75,0.46291005,0.320780299,8
28104128_MinPolqaSfbRecording_cut.wav,3.625,0.916125381,0.6348425,8
27597394_MinPolqaSfbRecording_cut.wav,2.25,0.88640526,0.614247507,8
28221008_MinPolqaSfbRecording_cut.wav,2.625,1.187734939,0.823058321,8
28152812_MinPolqaSfbRecording_cut.wav,3.625,0.744023809,0.515582195,8
27715041_MinPolqaSfbRecording_cut.wav,3.25,0.88640526,0.614247507,8
28153727_MinPolqaSfbRecording_cut.wav,4.0,0.9258201,0.641560597,8
27809084_MinPolqaSfbRecording_cut.wav,4.125,0.83452296,0.578294907,8
27723384_MinPolqaSfbRecording_cut.wav,3.75,0.707106781,0.49,8
28335255_MinPolqaSfbRecording_cut.wav,3.5,0.755928946,0.523832034,8
28241242_MinPolqaSfbRecording_cut.wav,3.333333333,0.866025404,0.565803264,9
28209227_MinPolqaSfbRecording_cut.wav,2.333333333,0.866025404,0.565803264,9
28195547_MinPolqaSfbRecording_cut.wav,2.444444444,1.130388331,0.738520376,9
28013770_MinPolqaSfbRecording_cut.wav,2.333333333,1.224744871,0.800166649,9
28126195_MinPolqaSfbRecording_cut.wav,3.0,1.0,0.653333333,9
28472143_MinPolqaSfbRecording_cut.wav,3.333333333,0.866025404,0.565803264,9
27677797_MinPolqaSfbRecording_cut.wav,3.222222222,0.833333333,0.544444444,9
27565199_MinPolqaSfbRecording_cut.wav,2.111111111,1.364225462,0.891293968,9
27553991_MinPolqaSfbRecording_cut.wav,2.25,1.488047618,1.03116439,8
28277066_MinPolqaSfbRecording_cut.wav,3.25,1.035098339,0.717286554,8
28289304_MinPolqaSfbRecording_cut.wav,3.0,0.9258201,0.641560597,8
28534181_MinPolqaSfbRecording_cut.wav,2.25,1.281739889,0.888200428,8
27903851_MinPolqaSfbRecording_cut.wav,2.25,1.281739889,0.888200428,8
28182439_MinPolqaSfbRecording_cut.wav,2.875,0.991031209,0.68674959,8
28307801_MinPolqaSfbRecording_cut.wav,4.125,0.640869944,0.444100214,8
27638773_MinPolqaSfbRecording_cut.wav,3.5,1.069044968,0.740810367,8
27606993_MinPolqaSfbRecording_cut.wav,1.7,1.059349905,0.656591874,10
28174333_MinPolqaSfbRecording_cut.wav,2.8,1.135292424,0.703661535,10
27789640_MinPolqaSfbRecording_cut.wav,2.5,0.707106781,0.438269324,10
28198544_MinPolqaSfbRecording_cut.wav,2.7,1.159501809,0.718666667,10
28155669_MinPolqaSfbRecording_cut.wav,1.8,1.032795559,0.640133319,10
27720432_MinPolqaSfbRecording_cut.wav,1.9,0.994428926,0.616353434,10
27675960_MinPolqaSfbRecording_cut.wav,4.2,0.788810638,0.488909899,10
27512821_MinPolqaSfbRecording_cut.wav,4.0,0.9258201,0.641560597,8
27910361_MinPolqaSfbRecording_cut.wav,3.5,0.9258201,0.641560597,8
28336361_MinPolqaSfbRecording_cut.wav,3.5,1.069044968,0.740810367,8
28274412_MinPolqaSfbRecording_cut.wav,3.375,0.916125381,0.6348425,8
28278635_MinPolqaSfbRecording_cut.wav,3.25,1.035098339,0.717286554,8
28128464_MinPolqaSfbRecording_cut.wav,4.75,0.46291005,0.320780299,8
27623833_MinPolqaSfbRecording_cut.wav,4.375,0.744023809,0.515582195,8
28597555_MinPolqaSfbRecording_cut.wav,3.75,1.035098339,0.717286554,8
28190861_MinPolqaSfbRecording_cut.wav,2.5,1.069044968,0.740810367,8
27523093_MinPolqaSfbRecording_cut.wav,1.5,0.755928946,0.523832034,8
28013922_MinPolqaSfbRecording_cut.wav,3.25,0.88640526,0.614247507,8
28133067_MinPolqaSfbRecording_cut.wav,1.875,0.640869944,0.444100214,8
27923023_MinPolqaSfbRecording_cut.wav,3.125,0.353553391,0.245,8
28266562_MinPolqaSfbRecording_cut.wav,2.625,0.51754917,0.358643277,8
27739482_MinPolqaSfbRecording_cut.wav,3.625,0.51754917,0.358643277,8
28427635_MinPolqaSfbRecording_cut.wav,3.125,0.991031209,0.68674959,8
28439045_MinPolqaSfbRecording_cut.wav,3.375,0.744023809,0.515582195,8
27819890_MinPolqaSfbRecording_cut.wav,3.125,0.83452296,0.578294907,8
28049622_MinPolqaSfbRecording_cut.wav,2.875,0.991031209,0.68674959,8
28143667_MinPolqaSfbRecording_cut.wav,3.125,0.640869944,0.444100214,8
27932594_MinPolqaSfbRecording_cut.wav,3.5,0.534522484,0.370405184,8
28086924_MinPolqaSfbRecording_cut.wav,3.75,0.707106781,0.49,8
27939835_MinPolqaSfbRecording_cut.wav,3.0,0.534522484,0.370405184,8
28018036_MinPolqaSfbRecording_cut.wav,2.0,0.755928946,0.523832034,8
27760667_MinPolqaSfbRecording_cut.wav,3.625,0.744023809,0.515582195,8
27885110_MinPolqaSfbRecording_cut.wav,4.0,0.534522484,0.370405184,8
28002385_MinPolqaSfbRecording_cut.wav,3.0,0.816496581,0.604869132,7
28450046_MinPolqaSfbRecording_cut.wav,3.714285714,1.253566341,0.928654941,7
28527833_MinPolqaSfbRecording_cut.wav,2.714285714,1.112697281,0.824297681,7
27572834_MinPolqaSfbRecording_cut.wav,2.142857143,1.069044968,0.791959595,7
28020914_MinPolqaSfbRecording_cut.wav,4.285714286,0.755928946,0.56,7
28312746_MinPolqaSfbRecording_cut.wav,2.714285714,1.380131119,1.022415441,7
28183057_MinPolqaSfbRecording_cut.wav,3.142857143,0.899735411,0.66653332,7
27838068_MinPolqaSfbRecording_cut.wav,4.285714286,0.755928946,0.56,7
28174194_MinPolqaSfbRecording_cut.wav,3.857142857,1.069044968,0.791959595,7
27831511_MinPolqaSfbRecording_cut.wav,4.3,0.823272602,0.510269645,10
27870554_MinPolqaSfbRecording_cut.wav,3.1,0.994428926,0.616353434,10
28066515_MinPolqaSfbRecording_cut.wav,3.7,0.823272602,0.510269645,10
27666170_MinPolqaSfbRecording_cut.wav,4.2,0.788810638,0.488909899,10
28026885_MinPolqaSfbRecording_cut.wav,3.9,0.737864787,0.457333333,10
27886133_MinPolqaSfbRecording_cut.wav,3.0,0.816496581,0.506069824,10
28292014_MinPolqaSfbRecording_cut.wav,3.9,0.994428926,0.616353434,10
27879053_MinPolqaSfbRecording_cut.wav,3.5,0.755928946,0.523832034,8
27884089_MinPolqaSfbRecording_cut.wav,1.5,0.534522484,0.370405184,8
28048812_MinPolqaSfbRecording_cut.wav,1.875,0.991031209,0.68674959,8
28051143_MinPolqaSfbRecording_cut.wav,3.875,0.991031209,0.68674959,8
28056484_MinPolqaSfbRecording_cut.wav,3.625,1.407885953,0.975615191,8
27736836_MinPolqaSfbRecording_cut.wav,3.125,0.640869944,0.444100214,8
28456782_MinPolqaSfbRecording_cut.wav,3.875,0.353553391,0.245,8
27679971_MinPolqaSfbRecording_cut.wav,3.875,0.83452296,0.578294907,8
27630607_MinPolqaSfbRecording_cut.wav,3.0,0.755928946,0.523832034,8
28598248_MinPolqaSfbRecording_cut.wav,2.777777778,0.833333333,0.544444444,9
28455775_MinPolqaSfbRecording_cut.wav,4.111111111,0.333333333,0.217777778,9
28446448_MinPolqaSfbRecording_cut.wav,4.333333333,0.5,0.326666667,9
27725371_MinPolqaSfbRecording_cut.wav,2.666666667,0.866025404,0.565803264,9
28435123_MinPolqaSfbRecording_cut.wav,4.444444444,0.881917104,0.576185841,9
27999615_MinPolqaSfbRecording_cut.wav,4.0,0.707106781,0.46197643,9
27757561_MinPolqaSfbRecording_cut.wav,2.555555556,0.881917104,0.576185841,9
27731151_MinPolqaSfbRecording_cut.wav,3.666666667,0.707106781,0.46197643,9
28042637_MinPolqaSfbRecording_cut.wav,2.222222222,1.201850425,0.785208944,9
27693211_MinPolqaSfbRecording_cut.wav,4.444444444,0.726483157,0.474635663,9
28294449_MinPolqaSfbRecording_cut.wav,2.888888889,1.054092553,0.688673802,9
27895593_MinPolqaSfbRecording_cut.wav,1.222222222,0.440958552,0.288092921,9
27968796_MinPolqaSfbRecording_cut.wav,4.555555556,1.013793755,0.662345253,9
28549566_MinPolqaSfbRecording_cut.wav,3.0,1.224744871,0.800166649,9
28137998_MinPolqaSfbRecording_cut.wav,2.222222222,0.833333333,0.544444444,9
28224623_MinPolqaSfbRecording_cut.wav,2.333333333,1.224744871,0.800166649,9
27555253_MinPolqaSfbRecording_cut.wav,3.666666667,1.414213562,0.923952861,9
28354060_MinPolqaSfbRecording_cut.wav,2.375,0.744023809,0.515582195,8
27600348_MinPolqaSfbRecording_cut.wav,3.875,0.640869944,0.444100214,8
28004384_MinPolqaSfbRecording_cut.wav,2.5,1.414213562,0.98,8
28121670_MinPolqaSfbRecording_cut.wav,4.25,1.035098339,0.717286554,8
27670215_MinPolqaSfbRecording_cut.wav,4.125,0.83452296,0.578294907,8
27890493_MinPolqaSfbRecording_cut.wav,4.25,0.707106781,0.49,8
28350126_MinPolqaSfbRecording_cut.wav,2.125,1.125991626,0.780272388,8
28330263_MinPolqaSfbRecording_cut.wav,3.5,0.534522484,0.370405184,8
27854988_MinPolqaSfbRecording_cut.wav,3.75,0.707106781,0.49,8
28137920_MinPolqaSfbRecording_cut.wav,2.625,0.744023809,0.515582195,8
28544906_MinPolqaSfbRecording_cut.wav,4.625,0.744023809,0.515582195,8
27696563_MinPolqaSfbRecording_cut.wav,3.0,0.9258201,0.641560597,8
27609700_MinPolqaSfbRecording_cut.wav,1.875,1.356202682,0.939800511,8
28002180_MinPolqaSfbRecording_cut.wav,2.75,0.88640526,0.614247507,8
28149014_MinPolqaSfbRecording_cut.wav,3.25,0.707106781,0.49,8
28473087_MinPolqaSfbRecording_cut.wav,4.0,0.755928946,0.523832034,8
28012675_MinPolqaSfbRecording_cut.wav,3.875,0.640869944,0.444100214,8
28346668_MinPolqaSfbRecording_cut.wav,4.0,0.755928946,0.523832034,8
28318372_MinPolqaSfbRecording_cut.wav,2.625,1.302470181,0.902565787,8
27653824_MinPolqaSfbRecording_cut.wav,3.625,0.51754917,0.358643277,8
28162210_MinPolqaSfbRecording_cut.wav,3.75,0.707106781,0.49,8
28476411_MinPolqaSfbRecording_cut.wav,3.875,0.353553391,0.245,8
27867145_MinPolqaSfbRecording_cut.wav,3.0,0.755928946,0.523832034,8
28272529_MinPolqaSfbRecording_cut.wav,4.0,0.755928946,0.523832034,8
28334039_MinPolqaSfbRecording_cut.wav,2.125,0.991031209,0.68674959,8
28545264_MinPolqaSfbRecording_cut.wav,2.5,0.9258201,0.641560597,8
27770210_MinPolqaSfbRecording_cut.wav,3.5,0.755928946,0.523832034,8
27633353_MinPolqaSfbRecording_cut.wav,1.333333333,0.516397779,0.413204281,6
27763855_MinPolqaSfbRecording_cut.wav,3.0,0.632455532,0.506069824,6
28489720_MinPolqaSfbRecording_cut.wav,2.5,0.547722558,0.438269324,6
28518712_MinPolqaSfbRecording_cut.wav,3.5,0.547722558,0.438269324,6
28335016_MinPolqaSfbRecording_cut.wav,3.833333333,0.40824829,0.326666667,6
27710784_MinPolqaSfbRecording_cut.wav,3.0,0.632455532,0.506069824,6
27715585_MinPolqaSfbRecording_cut.wav,3.666666667,0.816496581,0.653333333,6
28135228_MinPolqaSfbRecording_cut.wav,2.5,0.836660027,0.66946745,6
27712258_MinPolqaSfbRecording_cut.wav,3.5,0.836660027,0.66946745,6
28072207_MinPolqaSfbRecording_cut.wav,4.166666667,0.752772653,0.602343571,6
28189387_MinPolqaSfbRecording_cut.wav,1.777777778,1.301708279,0.850449409,9
28061346_MinPolqaSfbRecording_cut.wav,2.666666667,0.866025404,0.565803264,9
28179640_MinPolqaSfbRecording_cut.wav,3.777777778,0.833333333,0.544444444,9
28233472_MinPolqaSfbRecording_cut.wav,3.111111111,1.054092553,0.688673802,9
28176047_MinPolqaSfbRecording_cut.wav,3.444444444,1.013793755,0.662345253,9
27703756_MinPolqaSfbRecording_cut.wav,3.555555556,1.333333333,0.871111111,9
28363789_MinPolqaSfbRecording_cut.wav,4.222222222,0.833333333,0.544444444,9
27870801_MinPolqaSfbRecording_cut.wav,3.555555556,1.013793755,0.662345253,9
28363481_MinPolqaSfbRecording_cut.wav,1.888888889,0.927960727,0.606267675,9
27908030_MinPolqaSfbRecording_cut.wav,3.222222222,0.666666667,0.435555556,9
27744790_MinPolqaSfbRecording_cut.wav,3.888888889,0.927960727,0.606267675,9
27633167_MinPolqaSfbRecording_cut.wav,1.444444444,0.527046277,0.344336901,9
28126620_MinPolqaSfbRecording_cut.wav,3.777777778,0.666666667,0.435555556,9
27733570_MinPolqaSfbRecording_cut.wav,3.555555556,0.527046277,0.344336901,9
27619230_MinPolqaSfbRecording_cut.wav,1.111111111,0.333333333,0.217777778,9
28347317_MinPolqaSfbRecording_cut.wav,3.222222222,0.440958552,0.288092921,9
28214704_MinPolqaSfbRecording_cut.wav,3.555555556,0.726483157,0.474635663,9
28289607_MinPolqaSfbRecording_cut.wav,2.222222222,0.833333333,0.544444444,9
27804172_MinPolqaSfbRecording_cut.wav,1.888888889,1.166666667,0.762222222,9
27649384_MinPolqaSfbRecording_cut.wav,2.444444444,1.130388331,0.738520376,9
27768688_MinPolqaSfbRecording_cut.wav,2.222222222,0.833333333,0.544444444,9
27977128_MinPolqaSfbRecording_cut.wav,1.888888889,0.927960727,0.606267675,9
27780083_MinPolqaSfbRecording_cut.wav,3.0,0.707106781,0.46197643,9
27768420_MinPolqaSfbRecording_cut.wav,3.444444444,0.881917104,0.576185841,9
27596205_MinPolqaSfbRecording_cut.wav,1.444444444,0.726483157,0.474635663,9
27984434_MinPolqaSfbRecording_cut.wav,4.285714286,0.755928946,0.56,7
28423095_MinPolqaSfbRecording_cut.wav,3.857142857,0.690065559,0.51120772,7
28250378_MinPolqaSfbRecording_cut.wav,2.714285714,0.755928946,0.56,7
28068239_MinPolqaSfbRecording_cut.wav,2.571428571,0.975900073,0.722956891,7
28277921_MinPolqaSfbRecording_cut.wav,1.571428571,0.786795792,0.58286648,7
27609243_MinPolqaSfbRecording_cut.wav,2.0,0.577350269,0.427707065,7
27587062_MinPolqaSfbRecording_cut.wav,3.375,0.916125381,0.6348425,8
27878883_MinPolqaSfbRecording_cut.wav,3.5,0.9258201,0.641560597,8
27907123_MinPolqaSfbRecording_cut.wav,2.375,0.744023809,0.515582195,8
27717116_MinPolqaSfbRecording_cut.wav,2.375,0.916125381,0.6348425,8
27549590_MinPolqaSfbRecording_cut.wav,2.625,1.302470181,0.902565787,8
28346577_MinPolqaSfbRecording_cut.wav,2.375,0.744023809,0.515582195,8
27669415_MinPolqaSfbRecording_cut.wav,4.0,0.755928946,0.523832034,8
28008528_MinPolqaSfbRecording_cut.wav,3.375,0.916125381,0.6348425,8
28062755_MinPolqaSfbRecording_cut.wav,2.375,1.060660172,0.735,8
28324139_MinPolqaSfbRecording_cut.wav,2.125,0.83452296,0.578294907,8
28237366_MinPolqaSfbRecording_cut.wav,4.0,0.755928946,0.523832034,8
27711075_MinPolqaSfbRecording_cut.wav,2.625,0.916125381,0.6348425,8
27870010_MinPolqaSfbRecording_cut.wav,3.375,0.744023809,0.515582195,8
27642775_MinPolqaSfbRecording_cut.wav,2.375,1.187734939,0.823058321,8
28365257_MinPolqaSfbRecording_cut.wav,1.75,0.707106781,0.49,8
27690708_MinPolqaSfbRecording_cut.wav,1.0,0.0,0.0,8
28130685_MinPolqaSfbRecording_cut.wav,3.0,0.755928946,0.523832034,8
28501939_MinPolqaSfbRecording_cut.wav,3.25,0.88640526,0.614247507,8
28195740_MinPolqaSfbRecording_cut.wav,4.428571429,0.534522484,0.395979797,7
28124639_MinPolqaSfbRecording_cut.wav,3.714285714,0.951189731,0.704651214,7
28138493_MinPolqaSfbRecording_cut.wav,3.571428571,0.786795792,0.58286648,7
28500929_MinPolqaSfbRecording_cut.wav,3.571428571,0.534522484,0.395979797,7
28460575_MinPolqaSfbRecording_cut.wav,4.0,0.816496581,0.604869132,7
28354001_MinPolqaSfbRecording_cut.wav,2.571428571,1.133893419,0.84,7
27717751_MinPolqaSfbRecording_cut.wav,2.142857143,1.069044968,0.791959595,7
28217227_MinPolqaSfbRecording_cut.wav,3.857142857,0.690065559,0.51120772,7
28323662_MinPolqaSfbRecording_cut.wav,3.142857143,1.069044968,0.791959595,7
27634875_MinPolqaSfbRecording_cut.wav,3.888888889,0.78173596,0.510734161,9
27782614_MinPolqaSfbRecording_cut.wav,2.888888889,0.927960727,0.606267675,9
28116220_MinPolqaSfbRecording_cut.wav,2.111111111,0.78173596,0.510734161,9
28261331_MinPolqaSfbRecording_cut.wav,3.666666667,1.0,0.653333333,9
28322127_MinPolqaSfbRecording_cut.wav,3.777777778,0.666666667,0.435555556,9
28309116_MinPolqaSfbRecording_cut.wav,3.555555556,0.726483157,0.474635663,9
27752132_MinPolqaSfbRecording_cut.wav,3.666666667,1.0,0.653333333,9
28453536_MinPolqaSfbRecording_cut.wav,1.333333333,0.5,0.326666667,9
28428918_MinPolqaSfbRecording_cut.wav,1.0,0.0,0.0,9
28205283_MinPolqaSfbRecording_cut.wav,3.555555556,0.726483157,0.474635663,9
28254768_MinPolqaSfbRecording_cut.wav,2.111111111,0.78173596,0.510734161,9
28222779_MinPolqaSfbRecording_cut.wav,3.666666667,1.0,0.653333333,9
28344554_MinPolqaSfbRecording_cut.wav,4.222222222,0.833333333,0.544444444,9
27662081_MinPolqaSfbRecording_cut.wav,4.0,0.866025404,0.565803264,9
28513925_MinPolqaSfbRecording_cut.wav,4.222222222,0.833333333,0.544444444,9
28004890_MinPolqaSfbRecording_cut.wav,4.111111111,0.78173596,0.510734161,9
27649418_MinPolqaSfbRecording_cut.wav,1.777777778,0.833333333,0.544444444,9
27834831_MinPolqaSfbRecording_cut.wav,3.888888889,1.054092553,0.688673802,9
28045643_MinPolqaSfbRecording_cut.wav,1.555555556,0.726483157,0.474635663,9
28291110_MinPolqaSfbRecording_cut.wav,2.111111111,1.054092553,0.688673802,9
28546595_MinPolqaSfbRecording_cut.wav,1.888888889,0.600925213,0.392604472,9
27759000_MinPolqaSfbRecording_cut.wav,3.777777778,0.971825316,0.634925873,9
27657151_MinPolqaSfbRecording_cut.wav,2.222222222,0.666666667,0.435555556,9
28194606_MinPolqaSfbRecording_cut.wav,3.888888889,1.166666667,0.762222222,9
27838611_MinPolqaSfbRecording_cut.wav,1.75,0.707106781,0.49,8
27739842_MinPolqaSfbRecording_cut.wav,2.875,0.640869944,0.444100214,8
28303796_MinPolqaSfbRecording_cut.wav,2.875,0.640869944,0.444100214,8
27793629_MinPolqaSfbRecording_cut.wav,4.25,0.88640526,0.614247507,8
28527357_MinPolqaSfbRecording_cut.wav,2.375,0.744023809,0.515582195,8
27981008_MinPolqaSfbRecording_cut.wav,3.0,0.534522484,0.370405184,8
27631150_MinPolqaSfbRecording_cut.wav,2.333333333,0.866025404,0.565803264,9
27741945_MinPolqaSfbRecording_cut.wav,2.111111111,0.927960727,0.606267675,9
28074840_MinPolqaSfbRecording_cut.wav,3.444444444,0.881917104,0.576185841,9
27887779_MinPolqaSfbRecording_cut.wav,1.555555556,0.527046277,0.344336901,9
28291279_MinPolqaSfbRecording_cut.wav,2.0,0.866025404,0.565803264,9
27617187_MinPolqaSfbRecording_cut.wav,4.111111111,0.78173596,0.510734161,9
28287312_MinPolqaSfbRecording_cut.wav,3.444444444,0.881917104,0.576185841,9
28089070_MinPolqaSfbRecording_cut.wav,3.857142857,0.690065559,0.51120772,7
28312279_MinPolqaSfbRecording_cut.wav,2.857142857,0.899735411,0.66653332,7
28494951_MinPolqaSfbRecording_cut.wav,3.714285714,0.487950036,0.361478446,7
27780579_MinPolqaSfbRecording_cut.wav,2.571428571,0.534522484,0.395979797,7
27765922_MinPolqaSfbRecording_cut.wav,3.857142857,0.690065559,0.51120772,7
28288709_MinPolqaSfbRecording_cut.wav,2.571428571,0.534522484,0.395979797,7
27670710_MinPolqaSfbRecording_cut.wav,4.0,0.816496581,0.604869132,7
28222060_MinPolqaSfbRecording_cut.wav,2.111111111,0.333333333,0.217777778,9
27625415_MinPolqaSfbRecording_cut.wav,1.555555556,0.527046277,0.344336901,9
27935948_MinPolqaSfbRecording_cut.wav,3.888888889,0.600925213,0.392604472,9
27510379_MinPolqaSfbRecording_cut.wav,4.111111111,0.600925213,0.392604472,9
27853036_MinPolqaSfbRecording_cut.wav,3.888888889,0.78173596,0.510734161,9
27619961_MinPolqaSfbRecording_cut.wav,1.777777778,0.833333333,0.544444444,9
27957625_MinPolqaSfbRecording_cut.wav,3.222222222,0.440958552,0.288092921,9
27625025_MinPolqaSfbRecording_cut.wav,2.777777778,1.56347192,1.021468321,9
28114938_MinPolqaSfbRecording_cut.wav,4.111111111,0.600925213,0.392604472,9
28542732_MinPolqaSfbRecording_cut.wav,4.222222222,0.666666667,0.435555556,9
28514011_MinPolqaSfbRecording_cut.wav,3.555555556,0.726483157,0.474635663,9
28081079_MinPolqaSfbRecording_cut.wav,2.222222222,1.301708279,0.850449409,9
28530648_MinPolqaSfbRecording_cut.wav,1.777777778,1.56347192,1.021468321,9
27794549_MinPolqaSfbRecording_cut.wav,3.888888889,0.78173596,0.510734161,9
28009973_MinPolqaSfbRecording_cut.wav,2.9,1.286683938,0.797494967,10
28104846_MinPolqaSfbRecording_cut.wav,3.9,0.875595036,0.542699426,10
27555431_MinPolqaSfbRecording_cut.wav,2.8,1.032795559,0.640133319,10
27763466_MinPolqaSfbRecording_cut.wav,2.6,0.843274043,0.522666667,10
28368806_MinPolqaSfbRecording_cut.wav,2.7,0.948683298,0.588,10
28259277_MinPolqaSfbRecording_cut.wav,2.6,1.0749677,0.666271883,10
28447756_MinPolqaSfbRecording_cut.wav,1.9,0.875595036,0.542699426,10
27948813_MinPolqaSfbRecording_cut.wav,2.875,0.640869944,0.444100214,8
27777985_MinPolqaSfbRecording_cut.wav,2.0,1.195228609,0.82825117,8
28193181_MinPolqaSfbRecording_cut.wav,2.25,1.035098339,0.717286554,8
27984395_MinPolqaSfbRecording_cut.wav,2.625,1.060660172,0.735,8
27850240_MinPolqaSfbRecording_cut.wav,2.333333333,1.211060142,0.969049936,6
27519063_MinPolqaSfbRecording_cut.wav,3.5,0.547722558,0.438269324,6
28126302_MinPolqaSfbRecording_cut.wav,3.0,0.894427191,0.715690808,6
28424272_MinPolqaSfbRecording_cut.wav,2.0,1.264911064,1.012139648,6
28180945_MinPolqaSfbRecording_cut.wav,1.833333333,1.169045194,0.935430976,6
28500220_MinPolqaSfbRecording_cut.wav,3.666666667,1.032795559,0.826408562,6
28496841_MinPolqaSfbRecording_cut.wav,3.833333333,0.98319208,0.786717512,6
28076388_MinPolqaSfbRecording_cut.wav,3.333333333,1.211060142,0.969049936,6
27524516_MinPolqaSfbRecording_cut.wav,3.5,0.547722558,0.438269324,6
28197745_MinPolqaSfbRecording_cut.wav,2.125,1.246423455,0.863727388,8
28312378_MinPolqaSfbRecording_cut.wav,3.75,1.164964745,0.807279382,8
27700196_MinPolqaSfbRecording_cut.wav,3.75,0.88640526,0.614247507,8
28143103_MinPolqaSfbRecording_cut.wav,2.25,0.707106781,0.49,8
27758870_MinPolqaSfbRecording_cut.wav,3.125,1.246423455,0.863727388,8
27922230_MinPolqaSfbRecording_cut.wav,3.5,1.195228609,0.82825117,8
28017710_MinPolqaSfbRecording_cut.wav,4.125,1.457737974,1.010160878,8
27965099_MinPolqaSfbRecording_cut.wav,3.125,1.246423455,0.863727388,8
28301340_MinPolqaSfbRecording_cut.wav,2.5,0.9258201,0.641560597,8
27842815_MinPolqaSfbRecording_cut.wav,2.444444444,0.881917104,0.576185841,9
28001535_MinPolqaSfbRecording_cut.wav,2.777777778,0.833333333,0.544444444,9
28047519_MinPolqaSfbRecording_cut.wav,2.222222222,0.971825316,0.634925873,9
27520274_MinPolqaSfbRecording_cut.wav,3.111111111,0.78173596,0.510734161,9
28368078_MinPolqaSfbRecording_cut.wav,2.111111111,0.927960727,0.606267675,9
28147017_MinPolqaSfbRecording_cut.wav,3.333333333,1.0,0.653333333,9
28178691_MinPolqaSfbRecording_cut.wav,1.777777778,0.666666667,0.435555556,9
28513038_MinPolqaSfbRecording_cut.wav,3.777777778,0.666666667,0.435555556,9
28451748_MinPolqaSfbRecording_cut.wav,3.555555556,0.726483157,0.474635663,9
28236934_MinPolqaSfbRecording_cut.wav,3.666666667,0.707106781,0.46197643,9
27847225_MinPolqaSfbRecording_cut.wav,3.9,0.737864787,0.457333333,10
27703583_MinPolqaSfbRecording_cut.wav,2.9,1.286683938,0.797494967,10
27694817_MinPolqaSfbRecording_cut.wav,3.6,0.966091783,0.598789891,10
28290981_MinPolqaSfbRecording_cut.wav,4.2,0.632455532,0.392,10
28028381_MinPolqaSfbRecording_cut.wav,4.0,0.816496581,0.506069824,10
28215135_MinPolqaSfbRecording_cut.wav,4.1,0.875595036,0.542699426,10
27697400_MinPolqaSfbRecording_cut.wav,2.5,0.849836586,0.526734173,10
27891493_MinPolqaSfbRecording_cut.wav,3.2,0.788810638,0.488909899,10
28151558_MinPolqaSfbRecording_cut.wav,3.111111111,0.927960727,0.606267675,9
27938366_MinPolqaSfbRecording_cut.wav,4.111111111,0.600925213,0.392604472,9
27692029_MinPolqaSfbRecording_cut.wav,1.888888889,1.269295518,0.829273072,9
28422928_MinPolqaSfbRecording_cut.wav,1.888888889,1.054092553,0.688673802,9
27788526_MinPolqaSfbRecording_cut.wav,2.444444444,1.013793755,0.662345253,9
28057924_MinPolqaSfbRecording_cut.wav,3.444444444,0.726483157,0.474635663,9
27617005_MinPolqaSfbRecording_cut.wav,1.888888889,1.054092553,0.688673802,9
27931199_MinPolqaSfbRecording_cut.wav,2.888888889,1.269295518,0.829273072,9
27785875_MinPolqaSfbRecording_cut.wav,1.888888889,1.269295518,0.829273072,9
28024345_MinPolqaSfbRecording_cut.wav,3.222222222,0.666666667,0.435555556,9
28190980_MinPolqaSfbRecording_cut.wav,2.111111111,1.054092553,0.688673802,9
27840781_MinPolqaSfbRecording_cut.wav,1.888888889,0.927960727,0.606267675,9
28283075_MinPolqaSfbRecording_cut.wav,2.222222222,0.971825316,0.634925873,9
28051064_MinPolqaSfbRecording_cut.wav,3.888888889,0.600925213,0.392604472,9
28133348_MinPolqaSfbRecording_cut.wav,3.666666667,0.866025404,0.565803264,9
27706661_MinPolqaSfbRecording_cut.wav,3.555555556,0.881917104,0.576185841,9
28326715_MinPolqaSfbRecording_cut.wav,3.444444444,0.881917104,0.576185841,9
28354101_MinPolqaSfbRecording_cut.wav,2.333333333,1.0,0.653333333,9
27970397_MinPolqaSfbRecording_cut.wav,4.222222222,0.833333333,0.544444444,9
27552740_MinPolqaSfbRecording_cut.wav,2.666666667,1.224744871,0.800166649,9
28420208_MinPolqaSfbRecording_cut.wav,1.555555556,0.726483157,0.474635663,9
28447580_MinPolqaSfbRecording_cut.wav,3.666666667,0.866025404,0.565803264,9
27616120_MinPolqaSfbRecording_cut.wav,2.555555556,0.726483157,0.474635663,9
28303315_MinPolqaSfbRecording_cut.wav,2.888888889,0.78173596,0.510734161,9
27552736_MinPolqaSfbRecording_cut.wav,2.333333333,0.707106781,0.46197643,9
27636934_MinPolqaSfbRecording_cut.wav,3.777777778,0.666666667,0.435555556,9
27562179_MinPolqaSfbRecording_cut.wav,3.777777778,1.092906421,0.714032195,9
27552462_MinPolqaSfbRecording_cut.wav,2.125,0.640869944,0.444100214,8
28041899_MinPolqaSfbRecording_cut.wav,2.875,0.991031209,0.68674959,8
28202120_MinPolqaSfbRecording_cut.wav,1.625,0.51754917,0.358643277,8
27780872_MinPolqaSfbRecording_cut.wav,2.0,1.195228609,0.82825117,8
27810584_MinPolqaSfbRecording_cut.wav,3.75,0.88640526,0.614247507,8
28222425_MinPolqaSfbRecording_cut.wav,3.5,0.755928946,0.523832034,8
28561134_MinPolqaSfbRecording_cut.wav,3.125,1.246423455,0.863727388,8
28302103_MinPolqaSfbRecording_cut.wav,3.75,0.88640526,0.614247507,8
27628323_MinPolqaSfbRecording_cut.wav,3.375,0.744023809,0.515582195,8
28140774_MinPolqaSfbRecording_cut.wav,2.888888889,1.166666667,0.762222222,9
27701564_MinPolqaSfbRecording_cut.wav,4.444444444,0.726483157,0.474635663,9
27727205_MinPolqaSfbRecording_cut.wav,4.0,0.866025404,0.565803264,9
28494968_MinPolqaSfbRecording_cut.wav,4.111111111,0.78173596,0.510734161,9
27850445_MinPolqaSfbRecording_cut.wav,4.222222222,0.440958552,0.288092921,9
27872450_MinPolqaSfbRecording_cut.wav,4.111111111,0.927960727,0.606267675,9
27944321_MinPolqaSfbRecording_cut.wav,2.222222222,1.092906421,0.714032195,9
28290263_MinPolqaSfbRecording_cut.wav,3.111111111,1.166666667,0.762222222,9
28470721_MinPolqaSfbRecording_cut.wav,4.0,0.707106781,0.46197643,9
28582847_MinPolqaSfbRecording_cut.wav,3.0,0.577350269,0.427707065,7
28475181_MinPolqaSfbRecording_cut.wav,1.857142857,0.690065559,0.51120772,7
28142224_MinPolqaSfbRecording_cut.wav,3.285714286,1.253566341,0.928654941,7
28069603_MinPolqaSfbRecording_cut.wav,3.142857143,1.345185418,0.996527304,7
27804725_MinPolqaSfbRecording_cut.wav,3.142857143,1.069044968,0.791959595,7
27517010_MinPolqaSfbRecording_cut.wav,1.714285714,0.951189731,0.704651214,7
28584405_MinPolqaSfbRecording_cut.wav,3.285714286,0.755928946,0.56,7
27771323_MinPolqaSfbRecording_cut.wav,2.571428571,0.786795792,0.58286648,7
28053511_MinPolqaSfbRecording_cut.wav,3.0,0.816496581,0.604869132,7
28442780_MinPolqaSfbRecording_cut.wav,1.428571429,0.534522484,0.395979797,7
28447975_MinPolqaSfbRecording_cut.wav,4.285714286,0.755928946,0.56,7
28250715_MinPolqaSfbRecording_cut.wav,3.428571429,0.534522484,0.395979797,7
27860380_MinPolqaSfbRecording_cut.wav,4.285714286,0.755928946,0.56,7
28182967_MinPolqaSfbRecording_cut.wav,4.142857143,0.899735411,0.66653332,7
28422911_MinPolqaSfbRecording_cut.wav,3.428571429,0.534522484,0.395979797,7
27579505_MinPolqaSfbRecording_cut.wav,2.714285714,1.112697281,0.824297681,7
27809394_MinPolqaSfbRecording_cut.wav,3.857142857,0.377964473,0.28,7
28138745_MinPolqaSfbRecording_cut.wav,3.285714286,0.487950036,0.361478446,7
28306409_MinPolqaSfbRecording_cut.wav,2.571428571,0.534522484,0.395979797,7
27606669_MinPolqaSfbRecording_cut.wav,3.375,1.060660172,0.735,8
27630255_MinPolqaSfbRecording_cut.wav,1.875,0.640869944,0.444100214,8
28467434_MinPolqaSfbRecording_cut.wav,3.875,0.640869944,0.444100214,8
27805817_MinPolqaSfbRecording_cut.wav,4.125,0.640869944,0.444100214,8
27910332_MinPolqaSfbRecording_cut.wav,4.625,0.51754917,0.358643277,8
27937481_MinPolqaSfbRecording_cut.wav,4.0,0.755928946,0.523832034,8
28536740_MinPolqaSfbRecording_cut.wav,4.125,0.640869944,0.444100214,8
28266010_MinPolqaSfbRecording_cut.wav,4.375,0.744023809,0.515582195,8
28049007_MinPolqaSfbRecording_cut.wav,3.444444444,0.881917104,0.576185841,9
27648359_MinPolqaSfbRecording_cut.wav,3.222222222,1.301708279,0.850449409,9
27909171_MinPolqaSfbRecording_cut.wav,3.888888889,0.600925213,0.392604472,9
28072660_MinPolqaSfbRecording_cut.wav,2.555555556,1.130388331,0.738520376,9
27798065_MinPolqaSfbRecording_cut.wav,2.888888889,0.600925213,0.392604472,9
28506332_MinPolqaSfbRecording_cut.wav,3.666666667,0.866025404,0.565803264,9
28122440_MinPolqaSfbRecording_cut.wav,3.777777778,0.833333333,0.544444444,9
27903825_MinPolqaSfbRecording_cut.wav,2.666666667,0.707106781,0.46197643,9
27761795_MinPolqaSfbRecording_cut.wav,3.666666667,0.707106781,0.46197643,9
28173467_MinPolqaSfbRecording_cut.wav,4.111111111,0.600925213,0.392604472,9
28033946_MinPolqaSfbRecording_cut.wav,4.222222222,0.666666667,0.435555556,9
27889545_MinPolqaSfbRecording_cut.wav,4.333333333,0.707106781,0.46197643,9
27891350_MinPolqaSfbRecording_cut.wav,3.666666667,0.707106781,0.46197643,9
28049495_MinPolqaSfbRecording_cut.wav,1.444444444,0.527046277,0.344336901,9
28126823_MinPolqaSfbRecording_cut.wav,3.666666667,0.866025404,0.565803264,9
27984994_MinPolqaSfbRecording_cut.wav,3.375,0.51754917,0.358643277,8
28360078_MinPolqaSfbRecording_cut.wav,2.5,0.9258201,0.641560597,8
27607869_MinPolqaSfbRecording_cut.wav,3.125,0.640869944,0.444100214,8
28166937_MinPolqaSfbRecording_cut.wav,2.0,1.195228609,0.82825117,8
28224660_MinPolqaSfbRecording_cut.wav,3.125,0.640869944,0.444100214,8
28590708_MinPolqaSfbRecording_cut.wav,2.875,0.640869944,0.444100214,8
27765672_MinPolqaSfbRecording_cut.wav,3.125,0.640869944,0.444100214,8
27692162_MinPolqaSfbRecording_cut.wav,3.625,0.51754917,0.358643277,8
27899455_MinPolqaSfbRecording_cut.wav,3.75,0.707106781,0.49,8
28329006_MinPolqaSfbRecording_cut.wav,3.8,0.632455532,0.392,10
28595863_MinPolqaSfbRecording_cut.wav,3.7,0.674948558,0.41833745,10
28264158_MinPolqaSfbRecording_cut.wav,3.8,0.918936583,0.569562795,10
27611913_MinPolqaSfbRecording_cut.wav,2.9,0.994428926,0.616353434,10
27655822_MinPolqaSfbRecording_cut.wav,3.5,0.707106781,0.438269324,10
27588587_MinPolqaSfbRecording_cut.wav,4.0,0.666666667,0.413204281,10
28033540_MinPolqaSfbRecording_cut.wav,3.7,0.823272602,0.510269645,10
28135004_MinPolqaSfbRecording_cut.wav,2.571428571,1.133893419,0.84,7
27886085_MinPolqaSfbRecording_cut.wav,3.285714286,0.951189731,0.704651214,7
27957996_MinPolqaSfbRecording_cut.wav,3.714285714,0.951189731,0.704651214,7
28213751_MinPolqaSfbRecording_cut.wav,3.714285714,1.112697281,0.824297681,7
28487595_MinPolqaSfbRecording_cut.wav,3.0,1.154700538,0.85541413,7
27923308_MinPolqaSfbRecording_cut.wav,3.571428571,1.272418021,0.942620461,7
28523586_MinPolqaSfbRecording_cut.wav,2.714285714,0.487950036,0.361478446,7
27647347_MinPolqaSfbRecording_cut.wav,3.444444444,1.013793755,0.662345253,9
27620290_MinPolqaSfbRecording_cut.wav,3.666666667,0.866025404,0.565803264,9
28050321_MinPolqaSfbRecording_cut.wav,3.333333333,0.866025404,0.565803264,9
28252564_MinPolqaSfbRecording_cut.wav,3.777777778,0.440958552,0.288092921,9
27834701_MinPolqaSfbRecording_cut.wav,2.444444444,1.333333333,0.871111111,9
27518797_MinPolqaSfbRecording_cut.wav,2.222222222,1.201850425,0.785208944,9
27665810_MinPolqaSfbRecording_cut.wav,2.666666667,0.707106781,0.46197643,9
28364747_MinPolqaSfbRecording_cut.wav,2.222222222,1.092906421,0.714032195,9
27663820_MinPolqaSfbRecording_cut.wav,3.444444444,1.013793755,0.662345253,9
28519496_MinPolqaSfbRecording_cut.wav,3.5,0.755928946,0.523832034,8
27775829_MinPolqaSfbRecording_cut.wav,4.375,0.744023809,0.515582195,8
27591993_MinPolqaSfbRecording_cut.wav,2.625,0.744023809,0.515582195,8
28145691_MinPolqaSfbRecording_cut.wav,3.875,0.83452296,0.578294907,8
28153159_MinPolqaSfbRecording_cut.wav,4.5,0.755928946,0.523832034,8
28423243_MinPolqaSfbRecording_cut.wav,2.25,0.88640526,0.614247507,8
27694282_MinPolqaSfbRecording_cut.wav,4.375,0.744023809,0.515582195,8
27763070_MinPolqaSfbRecording_cut.wav,3.875,0.640869944,0.444100214,8
27907991_MinPolqaSfbRecording_cut.wav,3.666666667,0.816496581,0.653333333,6
27812095_MinPolqaSfbRecording_cut.wav,3.0,0.632455532,0.506069824,6
28014380_MinPolqaSfbRecording_cut.wav,3.5,0.547722558,0.438269324,6
28192555_MinPolqaSfbRecording_cut.wav,2.666666667,0.516397779,0.413204281,6
27700419_MinPolqaSfbRecording_cut.wav,1.5,0.836660027,0.66946745,6
27845603_MinPolqaSfbRecording_cut.wav,2.666666667,0.516397779,0.413204281,6
28526975_MinPolqaSfbRecording_cut.wav,2.5,0.547722558,0.438269324,6
28301283_MinPolqaSfbRecording_cut.wav,3.166666667,0.752772653,0.602343571,6
27979326_MinPolqaSfbRecording_cut.wav,2.833333333,0.98319208,0.786717512,6
28171847_MinPolqaSfbRecording_cut.wav,2.222222222,0.971825316,0.634925873,9
28542250_MinPolqaSfbRecording_cut.wav,3.333333333,0.5,0.326666667,9
28210422_MinPolqaSfbRecording_cut.wav,1.111111111,0.333333333,0.217777778,9
28298188_MinPolqaSfbRecording_cut.wav,3.444444444,0.726483157,0.474635663,9
28540777_MinPolqaSfbRecording_cut.wav,2.555555556,0.527046277,0.344336901,9
27844536_MinPolqaSfbRecording_cut.wav,2.111111111,0.600925213,0.392604472,9
28461231_MinPolqaSfbRecording_cut.wav,2.111111111,0.600925213,0.392604472,9
28126119_MinPolqaSfbRecording_cut.wav,1.444444444,0.527046277,0.344336901,9
27792728_MinPolqaSfbRecording_cut.wav,3.1,0.737864787,0.457333333,10
27721003_MinPolqaSfbRecording_cut.wav,3.3,0.674948558,0.41833745,10
28254175_MinPolqaSfbRecording_cut.wav,2.7,0.483045892,0.299394945,10
28263029_MinPolqaSfbRecording_cut.wav,2.2,1.398411798,0.866744612,10
28077359_MinPolqaSfbRecording_cut.wav,3.1,0.567646212,0.351830767,10
27737075_MinPolqaSfbRecording_cut.wav,3.0,0.471404521,0.292179549,10
27626653_MinPolqaSfbRecording_cut.wav,4.0,0.471404521,0.292179549,10
27570648_MinPolqaSfbRecording_cut.wav,3.7,0.483045892,0.299394945,10
28527473_MinPolqaSfbRecording_cut.wav,2.3,0.674948558,0.41833745,10
28070410_MinPolqaSfbRecording_cut.wav,1.6,0.516397779,0.32006666,10
28562399_MinPolqaSfbRecording_cut.wav,4.142857143,0.899735411,0.66653332,7
28365555_MinPolqaSfbRecording_cut.wav,3.714285714,0.951189731,0.704651214,7
27637956_MinPolqaSfbRecording_cut.wav,3.285714286,1.112697281,0.824297681,7
27821982_MinPolqaSfbRecording_cut.wav,4.142857143,0.899735411,0.66653332,7
27900952_MinPolqaSfbRecording_cut.wav,3.714285714,0.755928946,0.56,7
27736076_MinPolqaSfbRecording_cut.wav,3.857142857,0.690065559,0.51120772,7
27654450_MinPolqaSfbRecording_cut.wav,4.142857143,0.899735411,0.66653332,7
28447453_MinPolqaSfbRecording_cut.wav,3.142857143,0.899735411,0.66653332,7
27679359_MinPolqaSfbRecording_cut.wav,3.0,0.707106781,0.46197643,9
27626876_MinPolqaSfbRecording_cut.wav,3.555555556,1.130388331,0.738520376,9
27911673_MinPolqaSfbRecording_cut.wav,3.111111111,1.269295518,0.829273072,9
28069335_MinPolqaSfbRecording_cut.wav,3.333333333,1.0,0.653333333,9
27947681_MinPolqaSfbRecording_cut.wav,3.888888889,0.600925213,0.392604472,9
27821361_MinPolqaSfbRecording_cut.wav,3.0,0.707106781,0.46197643,9
27583625_MinPolqaSfbRecording_cut.wav,3.444444444,1.013793755,0.662345253,9
28215497_MinPolqaSfbRecording_cut.wav,2.444444444,0.726483157,0.474635663,9
27568426_MinPolqaSfbRecording_cut.wav,3.6,0.699205899,0.433372306,10
28232489_MinPolqaSfbRecording_cut.wav,2.6,0.516397779,0.32006666,10
27619133_MinPolqaSfbRecording_cut.wav,3.3,0.823272602,0.510269645,10
28459080_MinPolqaSfbRecording_cut.wav,3.3,0.674948558,0.41833745,10
27737378_MinPolqaSfbRecording_cut.wav,3.0,0.666666667,0.413204281,10
27644958_MinPolqaSfbRecording_cut.wav,2.9,0.567646212,0.351830767,10
28141366_MinPolqaSfbRecording_cut.wav,1.5,0.707106781,0.438269324,10
28352289_MinPolqaSfbRecording_cut.wav,2.2,0.788810638,0.488909899,10
28352464_MinPolqaSfbRecording_cut.wav,4.0,0.707106781,0.46197643,9
27939440_MinPolqaSfbRecording_cut.wav,3.555555556,0.726483157,0.474635663,9
28189906_MinPolqaSfbRecording_cut.wav,3.0,0.707106781,0.46197643,9
28479583_MinPolqaSfbRecording_cut.wav,3.666666667,1.0,0.653333333,9
27557126_MinPolqaSfbRecording_cut.wav,2.666666667,0.5,0.326666667,9
27931577_MinPolqaSfbRecording_cut.wav,3.444444444,0.527046277,0.344336901,9
28022723_MinPolqaSfbRecording_cut.wav,1.777777778,0.833333333,0.544444444,9
27881585_MinPolqaSfbRecording_cut.wav,4.0,0.707106781,0.46197643,9
27596380_MinPolqaSfbRecording_cut.wav,3.444444444,0.726483157,0.474635663,9
28346100_MinPolqaSfbRecording_cut.wav,3.333333333,0.5,0.326666667,9
28106953_MinPolqaSfbRecording_cut.wav,2.0,0.866025404,0.565803264,9
27937890_MinPolqaSfbRecording_cut.wav,3.555555556,0.726483157,0.474635663,9
27690393_MinPolqaSfbRecording_cut.wav,4.222222222,0.666666667,0.435555556,9
27939879_MinPolqaSfbRecording_cut.wav,1.777777778,0.971825316,0.634925873,9
27856643_MinPolqaSfbRecording_cut.wav,4.333333333,0.866025404,0.565803264,9
28276503_MinPolqaSfbRecording_cut.wav,2.888888889,0.927960727,0.606267675,9
28092127_MinPolqaSfbRecording_cut.wav,3.555555556,0.726483157,0.474635663,9
28593330_MinPolqaSfbRecording_cut.wav,1.777777778,0.833333333,0.544444444,9
28202423_MinPolqaSfbRecording_cut.wav,3.444444444,0.527046277,0.344336901,9
27844728_MinPolqaSfbRecording_cut.wav,2.142857143,1.214985793,0.900074071,7
27759574_MinPolqaSfbRecording_cut.wav,2.285714286,0.951189731,0.704651214,7
28007081_MinPolqaSfbRecording_cut.wav,4.0,0.816496581,0.604869132,7
28449633_MinPolqaSfbRecording_cut.wav,1.857142857,1.069044968,0.791959595,7
27527117_MinPolqaSfbRecording_cut.wav,2.0,0.577350269,0.427707065,7
27606615_MinPolqaSfbRecording_cut.wav,3.0,1.290994449,0.956382071,7
28486313_MinPolqaSfbRecording_cut.wav,3.571428571,0.534522484,0.395979797,7
27887842_MinPolqaSfbRecording_cut.wav,1.285714286,0.755928946,0.56,7
28592070_MinPolqaSfbRecording_cut.wav,2.0,0.816496581,0.604869132,7
28012350_MinPolqaSfbRecording_cut.wav,1.714285714,0.951189731,0.704651214,7
27902103_MinPolqaSfbRecording_cut.wav,1.285714286,0.487950036,0.361478446,7
28207290_MinPolqaSfbRecording_cut.wav,2.714285714,0.755928946,0.56,7
28038117_MinPolqaSfbRecording_cut.wav,3.714285714,0.755928946,0.56,7
28345018_MinPolqaSfbRecording_cut.wav,2.142857143,0.690065559,0.51120772,7
27629877_MinPolqaSfbRecording_cut.wav,3.142857143,0.690065559,0.51120772,7
27553986_MinPolqaSfbRecording_cut.wav,2.4,0.699205899,0.433372306,10
27806065_MinPolqaSfbRecording_cut.wav,4.3,0.823272602,0.510269645,10
28436238_MinPolqaSfbRecording_cut.wav,2.4,0.966091783,0.598789891,10
28280367_MinPolqaSfbRecording_cut.wav,3.0,0.816496581,0.506069824,10
27699342_MinPolqaSfbRecording_cut.wav,3.4,1.0749677,0.666271883,10
28560361_MinPolqaSfbRecording_cut.wav,1.3,0.674948558,0.41833745,10
28445697_MinPolqaSfbRecording_cut.wav,3.5,0.755928946,0.523832034,8
27574939_MinPolqaSfbRecording_cut.wav,3.125,0.83452296,0.578294907,8
28597771_MinPolqaSfbRecording_cut.wav,2.75,0.46291005,0.320780299,8
28081746_MinPolqaSfbRecording_cut.wav,1.875,1.125991626,0.780272388,8
28469528_MinPolqaSfbRecording_cut.wav,3.875,0.83452296,0.578294907,8
28433805_MinPolqaSfbRecording_cut.wav,1.625,0.51754917,0.358643277,8
27871924_MinPolqaSfbRecording_cut.wav,3.5,0.9258201,0.641560597,8
28104650_MinPolqaSfbRecording_cut.wav,1.875,0.83452296,0.578294907,8
28284084_MinPolqaSfbRecording_cut.wav,3.333333333,0.866025404,0.565803264,9
28216237_MinPolqaSfbRecording_cut.wav,3.777777778,0.666666667,0.435555556,9
27618164_MinPolqaSfbRecording_cut.wav,2.777777778,1.092906421,0.714032195,9
27647078_MinPolqaSfbRecording_cut.wav,3.222222222,0.833333333,0.544444444,9
28125137_MinPolqaSfbRecording_cut.wav,2.444444444,1.740051085,1.136833375,9
27589959_MinPolqaSfbRecording_cut.wav,1.444444444,1.013793755,0.662345253,9
28491825_MinPolqaSfbRecording_cut.wav,1.888888889,1.364225462,0.891293968,9
28468033_MinPolqaSfbRecording_cut.wav,3.333333333,0.707106781,0.46197643,9
28422537_MinPolqaSfbRecording_cut.wav,3.888888889,0.600925213,0.392604472,9
27865472_MinPolqaSfbRecording_cut.wav,3.888888889,0.600925213,0.392604472,9
27549457_MinPolqaSfbRecording_cut.wav,2.333333333,1.414213562,0.923952861,9
27981062_MinPolqaSfbRecording_cut.wav,3.888888889,0.600925213,0.392604472,9
27914981_MinPolqaSfbRecording_cut.wav,4.0,0.707106781,0.46197643,9
27677320_MinPolqaSfbRecording_cut.wav,2.222222222,1.092906421,0.714032195,9
27821433_MinPolqaSfbRecording_cut.wav,2.111111111,0.927960727,0.606267675,9
28257481_MinPolqaSfbRecording_cut.wav,4.222222222,0.666666667,0.435555556,9
28559924_MinPolqaSfbRecording_cut.wav,3.0,0.866025404,0.565803264,9
28001656_MinPolqaSfbRecording_cut.wav,1.777777778,0.971825316,0.634925873,9
27939804_MinPolqaSfbRecording_cut.wav,3.444444444,0.726483157,0.474635663,9
28525517_MinPolqaSfbRecording_cut.wav,4.0,0.707106781,0.46197643,9
27958174_MinPolqaSfbRecording_cut.wav,2.444444444,1.589898669,1.038733797,9
28355014_MinPolqaSfbRecording_cut.wav,2.0,1.118033989,0.730448873,9
28367432_MinPolqaSfbRecording_cut.wav,4.444444444,0.527046277,0.344336901,9
27848331_MinPolqaSfbRecording_cut.wav,2.555555556,1.130388331,0.738520376,9
28522503_MinPolqaSfbRecording_cut.wav,3.428571429,0.786795792,0.58286648,7
28133460_MinPolqaSfbRecording_cut.wav,1.857142857,0.690065559,0.51120772,7
28141153_MinPolqaSfbRecording_cut.wav,3.714285714,0.755928946,0.56,7
28434601_MinPolqaSfbRecording_cut.wav,4.0,0.816496581,0.604869132,7
28134281_MinPolqaSfbRecording_cut.wav,3.857142857,0.690065559,0.51120772,7
28428509_MinPolqaSfbRecording_cut.wav,3.142857143,1.069044968,0.791959595,7
28177076_MinPolqaSfbRecording_cut.wav,4.285714286,0.487950036,0.361478446,7
27784315_MinPolqaSfbRecording_cut.wav,1.857142857,0.899735411,0.66653332,7
27859750_MinPolqaSfbRecording_cut.wav,3.375,0.51754917,0.358643277,8
28221980_MinPolqaSfbRecording_cut.wav,3.75,0.88640526,0.614247507,8
28526471_MinPolqaSfbRecording_cut.wav,3.625,0.51754917,0.358643277,8
28286747_MinPolqaSfbRecording_cut.wav,2.875,0.83452296,0.578294907,8
27816233_MinPolqaSfbRecording_cut.wav,3.75,0.707106781,0.49,8
27836993_MinPolqaSfbRecording_cut.wav,3.875,0.991031209,0.68674959,8
28273430_MinPolqaSfbRecording_cut.wav,2.875,0.991031209,0.68674959,8
28326834_MinPolqaSfbRecording_cut.wav,1.875,0.83452296,0.578294907,8
27701038_MinPolqaSfbRecording_cut.wav,4.25,0.707106781,0.49,8
28359720_MinPolqaSfbRecording_cut.wav,2.9,0.737864787,0.457333333,10
28479210_MinPolqaSfbRecording_cut.wav,4.0,0.666666667,0.413204281,10
28347564_MinPolqaSfbRecording_cut.wav,3.4,0.516397779,0.32006666,10
28169211_MinPolqaSfbRecording_cut.wav,4.1,0.737864787,0.457333333,10
28149568_MinPolqaSfbRecording_cut.wav,1.7,1.059349905,0.656591874,10
27927597_MinPolqaSfbRecording_cut.wav,1.7,1.059349905,0.656591874,10
28177484_MinPolqaSfbRecording_cut.wav,3.1,0.994428926,0.616353434,10
27663102_MinPolqaSfbRecording_cut.wav,4.0,0.666666667,0.413204281,10
27957130_MinPolqaSfbRecording_cut.wav,3.375,0.51754917,0.358643277,8
27624248_MinPolqaSfbRecording_cut.wav,3.875,0.83452296,0.578294907,8
27888131_MinPolqaSfbRecording_cut.wav,3.375,0.744023809,0.515582195,8
27575084_MinPolqaSfbRecording_cut.wav,2.625,1.060660172,0.735,8
28501336_MinPolqaSfbRecording_cut.wav,4.375,0.744023809,0.515582195,8
28306794_MinPolqaSfbRecording_cut.wav,4.25,0.707106781,0.49,8
27868495_MinPolqaSfbRecording_cut.wav,2.75,0.46291005,0.320780299,8
27569819_MinPolqaSfbRecording_cut.wav,3.625,0.51754917,0.358643277,8
28221563_MinPolqaSfbRecording_cut.wav,2.625,0.51754917,0.358643277,8
27724489_MinPolqaSfbRecording_cut.wav,2.25,1.035098339,0.717286554,8
27753437_MinPolqaSfbRecording_cut.wav,2.625,1.767766953,1.225,8
28320396_MinPolqaSfbRecording_cut.wav,2.125,0.83452296,0.578294907,8
27709844_MinPolqaSfbRecording_cut.wav,3.375,0.744023809,0.515582195,8
28483558_MinPolqaSfbRecording_cut.wav,3.5,0.755928946,0.523832034,8
27583122_MinPolqaSfbRecording_cut.wav,3.5,0.755928946,0.523832034,8
27919844_MinPolqaSfbRecording_cut.wav,2.75,0.88640526,0.614247507,8
27573741_MinPolqaSfbRecording_cut.wav,2.75,0.88640526,0.614247507,8
27839364_MinPolqaSfbRecording_cut.wav,4.625,0.51754917,0.358643277,8
27715687_MinPolqaSfbRecording_cut.wav,3.25,0.88640526,0.614247507,8
28278039_MinPolqaSfbRecording_cut.wav,2.375,0.744023809,0.515582195,8
28244723_MinPolqaSfbRecording_cut.wav,4.625,0.51754917,0.358643277,8
28003272_MinPolqaSfbRecording_cut.wav,2.75,0.707106781,0.49,8
28260768_MinPolqaSfbRecording_cut.wav,1.875,1.356202682,0.939800511,8
28490006_MinPolqaSfbRecording_cut.wav,3.75,0.46291005,0.320780299,8
28065530_MinPolqaSfbRecording_cut.wav,3.666666667,0.5,0.326666667,9
27977690_MinPolqaSfbRecording_cut.wav,1.888888889,1.269295518,0.829273072,9
28255709_MinPolqaSfbRecording_cut.wav,2.666666667,0.5,0.326666667,9
28102894_MinPolqaSfbRecording_cut.wav,4.111111111,0.600925213,0.392604472,9
28463793_MinPolqaSfbRecording_cut.wav,2.888888889,0.78173596,0.510734161,9
28202118_MinPolqaSfbRecording_cut.wav,2.111111111,1.269295518,0.829273072,9
28145048_MinPolqaSfbRecording_cut.wav,4.0,0.707106781,0.46197643,9
28124099_MinPolqaSfbRecording_cut.wav,2.555555556,1.013793755,0.662345253,9
28081137_MinPolqaSfbRecording_cut.wav,3.5,0.9258201,0.641560597,8
28223411_MinPolqaSfbRecording_cut.wav,2.25,0.707106781,0.49,8
27981109_MinPolqaSfbRecording_cut.wav,3.125,1.246423455,0.863727388,8
28139154_MinPolqaSfbRecording_cut.wav,2.625,0.744023809,0.515582195,8
28078829_MinPolqaSfbRecording_cut.wav,1.625,0.744023809,0.515582195,8
28449815_MinPolqaSfbRecording_cut.wav,2.5,0.755928946,0.523832034,8
28258866_MinPolqaSfbRecording_cut.wav,2.875,0.83452296,0.578294907,8
28101359_MinPolqaSfbRecording_cut.wav,3.75,0.707106781,0.49,8
28449983_MinPolqaSfbRecording_cut.wav,3.75,0.707106781,0.49,8
28513963_MinPolqaSfbRecording_cut.wav,3.25,0.88640526,0.614247507,8
28126907_MinPolqaSfbRecording_cut.wav,4.0,0.5,0.326666667,9
28193852_MinPolqaSfbRecording_cut.wav,3.333333333,1.0,0.653333333,9
28493606_MinPolqaSfbRecording_cut.wav,4.333333333,0.707106781,0.46197643,9
27630057_MinPolqaSfbRecording_cut.wav,3.111111111,0.600925213,0.392604472,9
27792010_MinPolqaSfbRecording_cut.wav,3.222222222,0.666666667,0.435555556,9
27843361_MinPolqaSfbRecording_cut.wav,3.222222222,0.833333333,0.544444444,9
28178355_MinPolqaSfbRecording_cut.wav,3.714285714,0.951189731,0.704651214,7
28323325_MinPolqaSfbRecording_cut.wav,4.142857143,0.899735411,0.66653332,7
28214110_MinPolqaSfbRecording_cut.wav,3.0,1.0,0.740810367,7
28059468_MinPolqaSfbRecording_cut.wav,3.714285714,0.755928946,0.56,7
27769451_MinPolqaSfbRecording_cut.wav,3.285714286,0.755928946,0.56,7
27553982_MinPolqaSfbRecording_cut.wav,1.714285714,0.951189731,0.704651214,7
27710364_MinPolqaSfbRecording_cut.wav,2.571428571,1.511857892,1.12,7
28113940_MinPolqaSfbRecording_cut.wav,3.714285714,1.112697281,0.824297681,7
27564280_MinPolqaSfbRecording_cut.wav,2.1,0.994428926,0.616353434,10
28236346_MinPolqaSfbRecording_cut.wav,3.4,0.516397779,0.32006666,10
28090370_MinPolqaSfbRecording_cut.wav,3.9,0.567646212,0.351830767,10
27956191_MinPolqaSfbRecording_cut.wav,3.6,0.843274043,0.522666667,10
28113676_MinPolqaSfbRecording_cut.wav,2.7,0.948683298,0.588,10
28177206_MinPolqaSfbRecording_cut.wav,3.9,0.737864787,0.457333333,10
28419992_MinPolqaSfbRecording_cut.wav,2.3,1.159501809,0.718666667,10
27552808_MinPolqaSfbRecording_cut.wav,4.1,0.737864787,0.457333333,10
28312952_MinPolqaSfbRecording_cut.wav,1.9,0.737864787,0.457333333,10
27916130_MinPolqaSfbRecording_cut.wav,3.5,0.527046277,0.326666667,10
27597720_MinPolqaSfbRecording_cut.wav,2.6,0.966091783,0.598789891,10
28116761_MinPolqaSfbRecording_cut.wav,4.1,0.737864787,0.457333333,10
28192236_MinPolqaSfbRecording_cut.wav,2.5,1.178511302,0.730448873,10
28219609_MinPolqaSfbRecording_cut.wav,3.8,0.788810638,0.488909899,10
27936077_MinPolqaSfbRecording_cut.wav,4.0,0.471404521,0.292179549,10
28425099_MinPolqaSfbRecording_cut.wav,1.4,0.843274043,0.522666667,10
28529976_MinPolqaSfbRecording_cut.wav,2.3,1.059349905,0.656591874,10
28288150_MinPolqaSfbRecording_cut.wav,3.5,1.08012345,0.66946745,10
28359879_MinPolqaSfbRecording_cut.wav,3.571428571,1.272418021,0.942620461,7
28248866_MinPolqaSfbRecording_cut.wav,4.142857143,0.690065559,0.51120772,7
27696292_MinPolqaSfbRecording_cut.wav,3.571428571,0.786795792,0.58286648,7
28296558_MinPolqaSfbRecording_cut.wav,2.0,0.816496581,0.604869132,7
27955790_MinPolqaSfbRecording_cut.wav,2.571428571,0.786795792,0.58286648,7
28126406_MinPolqaSfbRecording_cut.wav,3.428571429,0.786795792,0.58286648,7
28109822_MinPolqaSfbRecording_cut.wav,3.428571429,1.133893419,0.84,7
27704152_MinPolqaSfbRecording_cut.wav,3.714285714,0.951189731,0.704651214,7
27886381_MinPolqaSfbRecording_cut.wav,3.428571429,1.272418021,0.942620461,7
27638790_MinPolqaSfbRecording_cut.wav,3.222222222,0.833333333,0.544444444,9
27512455_MinPolqaSfbRecording_cut.wav,1.444444444,0.726483157,0.474635663,9
28090001_MinPolqaSfbRecording_cut.wav,2.666666667,1.224744871,0.800166649,9
27831984_MinPolqaSfbRecording_cut.wav,2.888888889,0.78173596,0.510734161,9
28512250_MinPolqaSfbRecording_cut.wav,1.555555556,0.726483157,0.474635663,9
28101751_MinPolqaSfbRecording_cut.wav,2.111111111,0.927960727,0.606267675,9
27549529_MinPolqaSfbRecording_cut.wav,3.111111111,0.78173596,0.510734161,9
28110062_MinPolqaSfbRecording_cut.wav,3.666666667,1.0,0.653333333,9
28177264_MinPolqaSfbRecording_cut.wav,1.777777778,0.833333333,0.544444444,9
28512599_MinPolqaSfbRecording_cut.wav,2.333333333,1.0,0.653333333,9
28339016_MinPolqaSfbRecording_cut.wav,3.125,0.640869944,0.444100214,8
27554466_MinPolqaSfbRecording_cut.wav,2.25,0.88640526,0.614247507,8
28023680_MinPolqaSfbRecording_cut.wav,1.75,1.164964745,0.807279382,8
27708443_MinPolqaSfbRecording_cut.wav,3.125,0.640869944,0.444100214,8
28517603_MinPolqaSfbRecording_cut.wav,2.625,1.060660172,0.735,8
28419037_MinPolqaSfbRecording_cut.wav,3.5,0.755928946,0.523832034,8
27910725_MinPolqaSfbRecording_cut.wav,2.25,1.035098339,0.717286554,8
27902063_MinPolqaSfbRecording_cut.wav,3.875,0.991031209,0.68674959,8
28316661_MinPolqaSfbRecording_cut.wav,2.25,1.035098339,0.717286554,8
28175737_MinPolqaSfbRecording_cut.wav,4.111111111,0.78173596,0.510734161,9
28443412_MinPolqaSfbRecording_cut.wav,3.555555556,0.527046277,0.344336901,9
28125384_MinPolqaSfbRecording_cut.wav,3.222222222,0.666666667,0.435555556,9
28129127_MinPolqaSfbRecording_cut.wav,2.333333333,1.118033989,0.730448873,9
27763173_MinPolqaSfbRecording_cut.wav,2.888888889,1.054092553,0.688673802,9
28254194_MinPolqaSfbRecording_cut.wav,2.0,1.118033989,0.730448873,9
28087293_MinPolqaSfbRecording_cut.wav,2.777777778,1.481365736,0.967825614,9
28237943_MinPolqaSfbRecording_cut.wav,3.444444444,0.881917104,0.576185841,9
28129584_MinPolqaSfbRecording_cut.wav,3.222222222,0.666666667,0.435555556,9
28584619_MinPolqaSfbRecording_cut.wav,1.333333333,0.5,0.326666667,9
27632203_MinPolqaSfbRecording_cut.wav,1.111111111,0.333333333,0.217777778,9
28425588_MinPolqaSfbRecording_cut.wav,4.0,0.866025404,0.565803264,9
27699017_MinPolqaSfbRecording_cut.wav,3.0,0.866025404,0.565803264,9
28541329_MinPolqaSfbRecording_cut.wav,3.666666667,0.707106781,0.46197643,9
27913738_MinPolqaSfbRecording_cut.wav,1.111111111,0.333333333,0.217777778,9
27549734_MinPolqaSfbRecording_cut.wav,2.666666667,0.866025404,0.565803264,9
27515049_MinPolqaSfbRecording_cut.wav,1.444444444,0.527046277,0.344336901,9
27689881_MinPolqaSfbRecording_cut.wav,4.0,0.707106781,0.46197643,9
27957200_MinPolqaSfbRecording_cut.wav,4.285714286,0.755928946,0.56,7
28291823_MinPolqaSfbRecording_cut.wav,2.571428571,0.534522484,0.395979797,7
27846710_MinPolqaSfbRecording_cut.wav,2.285714286,0.951189731,0.704651214,7
28198063_MinPolqaSfbRecording_cut.wav,4.285714286,0.755928946,0.56,7
27560510_MinPolqaSfbRecording_cut.wav,3.142857143,0.690065559,0.51120772,7
27945516_MinPolqaSfbRecording_cut.wav,4.285714286,0.755928946,0.56,7
27958719_MinPolqaSfbRecording_cut.wav,3.142857143,0.899735411,0.66653332,7
27510900_MinPolqaSfbRecording_cut.wav,2.3,1.33749351,0.828987066,10
28508699_MinPolqaSfbRecording_cut.wav,2.1,0.994428926,0.616353434,10
27852115_MinPolqaSfbRecording_cut.wav,4.1,0.567646212,0.351830767,10
28338256_MinPolqaSfbRecording_cut.wav,1.6,1.0749677,0.666271883,10
27717843_MinPolqaSfbRecording_cut.wav,3.2,1.032795559,0.640133319,10
28337735_MinPolqaSfbRecording_cut.wav,2.6,0.843274043,0.522666667,10
28209258_MinPolqaSfbRecording_cut.wav,3.6,0.843274043,0.522666667,10
28308795_MinPolqaSfbRecording_cut.wav,1.888888889,0.78173596,0.510734161,9
28462233_MinPolqaSfbRecording_cut.wav,4.111111111,0.78173596,0.510734161,9
28193929_MinPolqaSfbRecording_cut.wav,4.444444444,0.726483157,0.474635663,9
27661765_MinPolqaSfbRecording_cut.wav,4.0,0.866025404,0.565803264,9
28146303_MinPolqaSfbRecording_cut.wav,4.111111111,0.600925213,0.392604472,9
27893040_MinPolqaSfbRecording_cut.wav,4.0,0.5,0.326666667,9
28158149_MinPolqaSfbRecording_cut.wav,2.777777778,1.092906421,0.714032195,9
28302059_MinPolqaSfbRecording_cut.wav,1.444444444,1.013793755,0.662345253,9
28351832_MinPolqaSfbRecording_cut.wav,1.857142857,0.690065559,0.51120772,7
28241247_MinPolqaSfbRecording_cut.wav,3.571428571,0.975900073,0.722956891,7
28322700_MinPolqaSfbRecording_cut.wav,3.142857143,0.690065559,0.51120772,7
27769216_MinPolqaSfbRecording_cut.wav,3.428571429,0.534522484,0.395979797,7
27599996_MinPolqaSfbRecording_cut.wav,3.571428571,0.975900073,0.722956891,7
28046560_MinPolqaSfbRecording_cut.wav,3.0,1.290994449,0.956382071,7
28355114_MinPolqaSfbRecording_cut.wav,2.857142857,1.069044968,0.791959595,7
27739356_MinPolqaSfbRecording_cut.wav,4.142857143,0.690065559,0.51120772,7
28258641_MinPolqaSfbRecording_cut.wav,3.714285714,0.951189731,0.704651214,7
27609429_MinPolqaSfbRecording_cut.wav,3.428571429,1.133893419,0.84,7
28293112_MinPolqaSfbRecording_cut.wav,3.571428571,0.786795792,0.58286648,7
28008692_MinPolqaSfbRecording_cut.wav,3.571428571,0.786795792,0.58286648,7
27940159_MinPolqaSfbRecording_cut.wav,3.0,0.816496581,0.604869132,7
28521611_MinPolqaSfbRecording_cut.wav,4.142857143,0.899735411,0.66653332,7
28514793_MinPolqaSfbRecording_cut.wav,3.714285714,0.755928946,0.56,7
28286182_MinPolqaSfbRecording_cut.wav,2.571428571,1.272418021,0.942620461,7
27679696_MinPolqaSfbRecording_cut.wav,3.428571429,0.975900073,0.722956891,7
27910726_MinPolqaSfbRecording_cut.wav,1.714285714,0.755928946,0.56,7
28006362_MinPolqaSfbRecording_cut.wav,3.285714286,0.951189731,0.704651214,7
28232863_MinPolqaSfbRecording_cut.wav,3.428571429,0.534522484,0.395979797,7
28590382_MinPolqaSfbRecording_cut.wav,2.142857143,0.377964473,0.28,7
27984217_MinPolqaSfbRecording_cut.wav,1.857142857,0.690065559,0.51120772,7
27910477_MinPolqaSfbRecording_cut.wav,4.285714286,0.755928946,0.56,7
27582406_MinPolqaSfbRecording_cut.wav,1.714285714,0.487950036,0.361478446,7
27864157_MinPolqaSfbRecording_cut.wav,4.142857143,0.899735411,0.66653332,7
27940528_MinPolqaSfbRecording_cut.wav,3.571428571,0.534522484,0.395979797,7
28430728_MinPolqaSfbRecording_cut.wav,3.875,0.83452296,0.578294907,8
27561495_MinPolqaSfbRecording_cut.wav,1.625,0.51754917,0.358643277,8
28011146_MinPolqaSfbRecording_cut.wav,4.25,0.707106781,0.49,8
28499596_MinPolqaSfbRecording_cut.wav,2.625,0.916125381,0.6348425,8
27864865_MinPolqaSfbRecording_cut.wav,2.75,1.035098339,0.717286554,8
28154703_MinPolqaSfbRecording_cut.wav,3.875,0.83452296,0.578294907,8
27761687_MinPolqaSfbRecording_cut.wav,3.75,0.88640526,0.614247507,8
28211530_MinPolqaSfbRecording_cut.wav,4.125,0.83452296,0.578294907,8
27795807_MinPolqaSfbRecording_cut.wav,1.555555556,1.013793755,0.662345253,9
27664062_MinPolqaSfbRecording_cut.wav,3.666666667,1.0,0.653333333,9
28125739_MinPolqaSfbRecording_cut.wav,4.0,0.866025404,0.565803264,9
27780655_MinPolqaSfbRecording_cut.wav,3.555555556,0.527046277,0.344336901,9
28476943_MinPolqaSfbRecording_cut.wav,4.333333333,0.866025404,0.565803264,9
28498503_MinPolqaSfbRecording_cut.wav,1.888888889,1.364225462,0.891293968,9
27884087_MinPolqaSfbRecording_cut.wav,1.777777778,0.833333333,0.544444444,9
28291288_MinPolqaSfbRecording_cut.wav,2.666666667,1.0,0.653333333,9
28529797_MinPolqaSfbRecording_cut.wav,1.777777778,0.971825316,0.634925873,9
27642988_MinPolqaSfbRecording_cut.wav,3.666666667,1.118033989,0.730448873,9
27594584_MinPolqaSfbRecording_cut.wav,2.888888889,1.054092553,0.688673802,9
27759777_MinPolqaSfbRecording_cut.wav,3.222222222,0.971825316,0.634925873,9
28540612_MinPolqaSfbRecording_cut.wav,2.333333333,0.866025404,0.565803264,9
28085401_MinPolqaSfbRecording_cut.wav,3.0,0.707106781,0.46197643,9
27945441_MinPolqaSfbRecording_cut.wav,3.666666667,1.224744871,0.800166649,9
27717481_MinPolqaSfbRecording_cut.wav,3.0,0.707106781,0.46197643,9
28554017_MinPolqaSfbRecording_cut.wav,2.777777778,1.201850425,0.785208944,9
27948650_MinPolqaSfbRecording_cut.wav,3.888888889,0.600925213,0.392604472,9
27581428_MinPolqaSfbRecording_cut.wav,1.666666667,0.866025404,0.565803264,9
28149399_MinPolqaSfbRecording_cut.wav,2.555555556,1.333333333,0.871111111,9
28144000_MinPolqaSfbRecording_cut.wav,4.444444444,0.726483157,0.474635663,9
28229194_MinPolqaSfbRecording_cut.wav,4.222222222,0.440958552,0.288092921,9
28192860_MinPolqaSfbRecording_cut.wav,4.555555556,0.527046277,0.344336901,9
28034048_MinPolqaSfbRecording_cut.wav,3.888888889,0.78173596,0.510734161,9
27790658_MinPolqaSfbRecording_cut.wav,4.0,1.0,0.653333333,9
27598945_MinPolqaSfbRecording_cut.wav,3.111111111,0.927960727,0.606267675,9
27570945_MinPolqaSfbRecording_cut.wav,1.333333333,0.707106781,0.46197643,9
28533156_MinPolqaSfbRecording_cut.wav,3.555555556,0.726483157,0.474635663,9
28258523_MinPolqaSfbRecording_cut.wav,3.111111111,1.054092553,0.688673802,9
27646482_MinPolqaSfbRecording_cut.wav,2.111111111,1.054092553,0.688673802,9
28204047_MinPolqaSfbRecording_cut.wav,3.888888889,1.166666667,0.762222222,9
28513448_MinPolqaSfbRecording_cut.wav,3.777777778,1.201850425,0.785208944,9
28220556_MinPolqaSfbRecording_cut.wav,2.0,0.755928946,0.523832034,8
28109903_MinPolqaSfbRecording_cut.wav,3.125,0.991031209,0.68674959,8
28267326_MinPolqaSfbRecording_cut.wav,3.5,0.534522484,0.370405184,8
28504552_MinPolqaSfbRecording_cut.wav,3.375,0.744023809,0.515582195,8
28520334_MinPolqaSfbRecording_cut.wav,4.0,0.534522484,0.370405184,8
27557124_MinPolqaSfbRecording_cut.wav,3.0,0.9258201,0.641560597,8
28282699_MinPolqaSfbRecording_cut.wav,2.125,1.125991626,0.780272388,8
28235286_MinPolqaSfbRecording_cut.wav,4.0,0.534522484,0.370405184,8
27569319_MinPolqaSfbRecording_cut.wav,2.0,0.755928946,0.523832034,8
27633962_MinPolqaSfbRecording_cut.wav,4.125,0.83452296,0.578294907,8
28506108_MinPolqaSfbRecording_cut.wav,3.625,0.744023809,0.515582195,8
28153436_MinPolqaSfbRecording_cut.wav,4.625,0.744023809,0.515582195,8
27697877_MinPolqaSfbRecording_cut.wav,3.375,1.060660172,0.735,8
28492349_MinPolqaSfbRecording_cut.wav,3.375,0.916125381,0.6348425,8
28247131_MinPolqaSfbRecording_cut.wav,4.125,0.640869944,0.444100214,8
28103966_MinPolqaSfbRecording_cut.wav,3.875,0.640869944,0.444100214,8
28107967_MinPolqaSfbRecording_cut.wav,4.125,0.83452296,0.578294907,8
28434639_MinPolqaSfbRecording_cut.wav,4.25,0.46291005,0.320780299,8
27910303_MinPolqaSfbRecording_cut.wav,3.625,0.744023809,0.515582195,8
27512893_MinPolqaSfbRecording_cut.wav,1.625,0.916125381,0.6348425,8
27893036_MinPolqaSfbRecording_cut.wav,3.875,0.640869944,0.444100214,8
27720030_MinPolqaSfbRecording_cut.wav,4.375,0.744023809,0.515582195,8
27615482_MinPolqaSfbRecording_cut.wav,2.0,1.414213562,0.98,8
27705845_MinPolqaSfbRecording_cut.wav,2.5,1.069044968,0.740810367,8
28287621_MinPolqaSfbRecording_cut.wav,4.25,0.707106781,0.49,8
28293119_MinPolqaSfbRecording_cut.wav,2.125,0.991031209,0.68674959,8
27945632_MinPolqaSfbRecording_cut.wav,4.222222222,0.666666667,0.435555556,9
28241423_MinPolqaSfbRecording_cut.wav,3.444444444,0.726483157,0.474635663,9
28532170_MinPolqaSfbRecording_cut.wav,3.555555556,0.527046277,0.344336901,9
27726610_MinPolqaSfbRecording_cut.wav,4.444444444,0.527046277,0.344336901,9
27873047_MinPolqaSfbRecording_cut.wav,2.666666667,1.224744871,0.800166649,9
27711568_MinPolqaSfbRecording_cut.wav,4.0,0.866025404,0.565803264,9
28043960_MinPolqaSfbRecording_cut.wav,3.333333333,0.5,0.326666667,9
27922874_MinPolqaSfbRecording_cut.wav,2.111111111,0.78173596,0.510734161,9
27551520_MinPolqaSfbRecording_cut.wav,2.333333333,0.866025404,0.565803264,9
27880851_MinPolqaSfbRecording_cut.wav,3.888888889,1.054092553,0.688673802,9
28216511_MinPolqaSfbRecording_cut.wav,3.25,1.035098339,0.717286554,8
28240233_MinPolqaSfbRecording_cut.wav,3.125,0.991031209,0.68674959,8
28280501_MinPolqaSfbRecording_cut.wav,2.5,0.755928946,0.523832034,8
28269254_MinPolqaSfbRecording_cut.wav,2.25,0.88640526,0.614247507,8
27917612_MinPolqaSfbRecording_cut.wav,4.25,1.035098339,0.717286554,8
27765218_MinPolqaSfbRecording_cut.wav,3.625,0.744023809,0.515582195,8
28545263_MinPolqaSfbRecording_cut.wav,2.125,0.991031209,0.68674959,8
28260566_MinPolqaSfbRecording_cut.wav,3.375,0.51754917,0.358643277,8
28018037_MinPolqaSfbRecording_cut.wav,1.625,0.744023809,0.515582195,8
28513715_MinPolqaSfbRecording_cut.wav,1.875,0.83452296,0.578294907,8
28013722_MinPolqaSfbRecording_cut.wav,4.0,0.755928946,0.523832034,8
28530189_MinPolqaSfbRecording_cut.wav,1.875,0.83452296,0.578294907,8
27851591_MinPolqaSfbRecording_cut.wav,3.5,1.069044968,0.740810367,8
27879917_MinPolqaSfbRecording_cut.wav,2.625,0.916125381,0.6348425,8
28218734_MinPolqaSfbRecording_cut.wav,1.625,0.744023809,0.515582195,8
28543753_MinPolqaSfbRecording_cut.wav,3.625,0.51754917,0.358643277,8
28120675_MinPolqaSfbRecording_cut.wav,3.0,0.9258201,0.641560597,8
28422253_MinPolqaSfbRecording_cut.wav,3.4,0.966091783,0.598789891,10
27737292_MinPolqaSfbRecording_cut.wav,1.4,0.516397779,0.32006666,10
27578114_MinPolqaSfbRecording_cut.wav,1.3,0.674948558,0.41833745,10
27775041_MinPolqaSfbRecording_cut.wav,2.4,0.699205899,0.433372306,10
27904474_MinPolqaSfbRecording_cut.wav,3.6,0.843274043,0.522666667,10
28278166_MinPolqaSfbRecording_cut.wav,2.8,0.632455532,0.392,10
27525596_MinPolqaSfbRecording_cut.wav,1.8,0.632455532,0.392,10
27921645_MinPolqaSfbRecording_cut.wav,4.0,0.816496581,0.506069824,10
28440641_MinPolqaSfbRecording_cut.wav,3.7,0.674948558,0.41833745,10
27965430_MinPolqaSfbRecording_cut.wav,4.333333333,0.707106781,0.46197643,9
27943438_MinPolqaSfbRecording_cut.wav,3.777777778,0.971825316,0.634925873,9
27977692_MinPolqaSfbRecording_cut.wav,1.777777778,1.092906421,0.714032195,9
28222134_MinPolqaSfbRecording_cut.wav,3.777777778,0.833333333,0.544444444,9
28194127_MinPolqaSfbRecording_cut.wav,4.333333333,0.866025404,0.565803264,9
28169118_MinPolqaSfbRecording_cut.wav,1.0,0.0,0.0,9
28532873_MinPolqaSfbRecording_cut.wav,3.111111111,0.78173596,0.510734161,9
27937901_MinPolqaSfbRecording_cut.wav,2.888888889,0.600925213,0.392604472,9
27691287_MinPolqaSfbRecording_cut.wav,1.666666667,0.707106781,0.46197643,9
27606991_MinPolqaSfbRecording_cut.wav,1.625,1.060660172,0.735,8
27785313_MinPolqaSfbRecording_cut.wav,3.375,0.744023809,0.515582195,8
27913735_MinPolqaSfbRecording_cut.wav,1.75,1.164964745,0.807279382,8
28192387_MinPolqaSfbRecording_cut.wav,3.5,0.534522484,0.370405184,8
27922719_MinPolqaSfbRecording_cut.wav,3.875,0.640869944,0.444100214,8
27689321_MinPolqaSfbRecording_cut.wav,2.0,0.9258201,0.641560597,8
28072241_MinPolqaSfbRecording_cut.wav,3.25,0.707106781,0.49,8
27656890_MinPolqaSfbRecording_cut.wav,4.125,0.83452296,0.578294907,8
28246730_MinPolqaSfbRecording_cut.wav,3.125,0.640869944,0.444100214,8
27525327_MinPolqaSfbRecording_cut.wav,4.1,0.875595036,0.542699426,10
27522233_MinPolqaSfbRecording_cut.wav,1.7,1.059349905,0.656591874,10
27805917_MinPolqaSfbRecording_cut.wav,3.3,0.948683298,0.588,10
28206995_MinPolqaSfbRecording_cut.wav,2.0,0.816496581,0.506069824,10
27513810_MinPolqaSfbRecording_cut.wav,2.1,0.875595036,0.542699426,10
28257260_MinPolqaSfbRecording_cut.wav,3.5,0.707106781,0.438269324,10
28062910_MinPolqaSfbRecording_cut.wav,3.9,0.737864787,0.457333333,10
28593975_MinPolqaSfbRecording_cut.wav,2.3,0.823272602,0.510269645,10
28325501_MinPolqaSfbRecording_cut.wav,4.0,0.5,0.326666667,9
28493906_MinPolqaSfbRecording_cut.wav,2.333333333,0.866025404,0.565803264,9
28461386_MinPolqaSfbRecording_cut.wav,3.111111111,0.600925213,0.392604472,9
28513116_MinPolqaSfbRecording_cut.wav,2.888888889,0.600925213,0.392604472,9
28015993_MinPolqaSfbRecording_cut.wav,3.0,0.5,0.326666667,9
28364789_MinPolqaSfbRecording_cut.wav,3.111111111,0.78173596,0.510734161,9
27742192_MinPolqaSfbRecording_cut.wav,3.0,0.707106781,0.46197643,9
28091915_MinPolqaSfbRecording_cut.wav,4.222222222,0.666666667,0.435555556,9
28103083_MinPolqaSfbRecording_cut.wav,4.285714286,0.755928946,0.56,7
27919495_MinPolqaSfbRecording_cut.wav,3.571428571,0.534522484,0.395979797,7
27948728_MinPolqaSfbRecording_cut.wav,4.571428571,0.534522484,0.395979797,7
28002668_MinPolqaSfbRecording_cut.wav,2.714285714,0.755928946,0.56,7
28447062_MinPolqaSfbRecording_cut.wav,2.714285714,0.755928946,0.56,7
27662584_MinPolqaSfbRecording_cut.wav,3.571428571,0.786795792,0.58286648,7
28299332_MinPolqaSfbRecording_cut.wav,3.428571429,0.534522484,0.395979797,7
28114524_MinPolqaSfbRecording_cut.wav,3.444444444,0.527046277,0.344336901,9
27977462_MinPolqaSfbRecording_cut.wav,1.444444444,0.527046277,0.344336901,9
28552425_MinPolqaSfbRecording_cut.wav,1.111111111,0.333333333,0.217777778,9
28023241_MinPolqaSfbRecording_cut.wav,2.222222222,0.440958552,0.288092921,9
28107678_MinPolqaSfbRecording_cut.wav,1.444444444,0.726483157,0.474635663,9
28444077_MinPolqaSfbRecording_cut.wav,3.444444444,0.726483157,0.474635663,9
27738230_MinPolqaSfbRecording_cut.wav,3.875,0.640869944,0.444100214,8
27938190_MinPolqaSfbRecording_cut.wav,4.125,0.640869944,0.444100214,8
28331780_MinPolqaSfbRecording_cut.wav,3.375,0.51754917,0.358643277,8
27732635_MinPolqaSfbRecording_cut.wav,4.25,0.46291005,0.320780299,8
28528744_MinPolqaSfbRecording_cut.wav,3.625,0.744023809,0.515582195,8
27928562_MinPolqaSfbRecording_cut.wav,3.25,0.46291005,0.320780299,8
27551073_MinPolqaSfbRecording_cut.wav,3.875,0.991031209,0.68674959,8
28227101_MinPolqaSfbRecording_cut.wav,3.375,0.51754917,0.358643277,8
28424636_MinPolqaSfbRecording_cut.wav,3.75,0.707106781,0.49,8
28484653_MinPolqaSfbRecording_cut.wav,4.0,0.707106781,0.46197643,9
28277923_MinPolqaSfbRecording_cut.wav,1.666666667,0.866025404,0.565803264,9
28262636_MinPolqaSfbRecording_cut.wav,3.222222222,0.971825316,0.634925873,9
28423185_MinPolqaSfbRecording_cut.wav,3.111111111,0.78173596,0.510734161,9
28046480_MinPolqaSfbRecording_cut.wav,3.777777778,0.666666667,0.435555556,9
28046447_MinPolqaSfbRecording_cut.wav,4.111111111,0.600925213,0.392604472,9
28008634_MinPolqaSfbRecording_cut.wav,4.111111111,0.78173596,0.510734161,9
28441761_MinPolqaSfbRecording_cut.wav,3.0,0.866025404,0.565803264,9
28040391_MinPolqaSfbRecording_cut.wav,2.111111111,1.054092553,0.688673802,9
28299931_MinPolqaSfbRecording_cut.wav,3.875,0.353553391,0.245,8
27745153_MinPolqaSfbRecording_cut.wav,3.375,0.51754917,0.358643277,8
27777389_MinPolqaSfbRecording_cut.wav,2.5,1.069044968,0.740810367,8
28255502_MinPolqaSfbRecording_cut.wav,3.125,0.353553391,0.245,8
28105911_MinPolqaSfbRecording_cut.wav,3.25,0.46291005,0.320780299,8
28359030_MinPolqaSfbRecording_cut.wav,3.25,0.46291005,0.320780299,8
27616575_MinPolqaSfbRecording_cut.wav,4.375,0.51754917,0.358643277,8
27603586_MinPolqaSfbRecording_cut.wav,3.125,0.640869944,0.444100214,8
28285974_MinPolqaSfbRecording_cut.wav,3.0,1.0,0.653333333,9
27805021_MinPolqaSfbRecording_cut.wav,3.0,0.866025404,0.565803264,9
27838609_MinPolqaSfbRecording_cut.wav,2.555555556,0.726483157,0.474635663,9
27735437_MinPolqaSfbRecording_cut.wav,4.444444444,0.726483157,0.474635663,9
27525101_MinPolqaSfbRecording_cut.wav,3.555555556,1.509230856,0.986030826,9
28273689_MinPolqaSfbRecording_cut.wav,3.444444444,0.881917104,0.576185841,9
28293472_MinPolqaSfbRecording_cut.wav,3.222222222,0.833333333,0.544444444,9
27694052_MinPolqaSfbRecording_cut.wav,3.0,0.866025404,0.565803264,9
28314304_MinPolqaSfbRecording_cut.wav,2.777777778,0.971825316,0.634925873,9
28549407_MinPolqaSfbRecording_cut.wav,3.571428571,1.133893419,0.84,7
27666267_MinPolqaSfbRecording_cut.wav,2.428571429,0.975900073,0.722956891,7
28353566_MinPolqaSfbRecording_cut.wav,3.142857143,1.069044968,0.791959595,7
28230178_MinPolqaSfbRecording_cut.wav,3.571428571,1.133893419,0.84,7
27678177_MinPolqaSfbRecording_cut.wav,3.0,1.290994449,0.956382071,7
28277225_MinPolqaSfbRecording_cut.wav,1.857142857,1.463850109,1.084435337,7
28534875_MinPolqaSfbRecording_cut.wav,4.142857143,0.899735411,0.66653332,7
28305709_MinPolqaSfbRecording_cut.wav,3.571428571,0.975900073,0.722956891,7
27673300_MinPolqaSfbRecording_cut.wav,3.428571429,0.786795792,0.58286648,7
28197477_MinPolqaSfbRecording_cut.wav,3.142857143,0.690065559,0.51120772,7
28011459_MinPolqaSfbRecording_cut.wav,4.0,0.577350269,0.427707065,7
28451465_MinPolqaSfbRecording_cut.wav,3.142857143,0.899735411,0.66653332,7
28318820_MinPolqaSfbRecording_cut.wav,2.571428571,1.272418021,0.942620461,7
27640707_MinPolqaSfbRecording_cut.wav,2.285714286,1.112697281,0.824297681,7
27550418_MinPolqaSfbRecording_cut.wav,3.142857143,1.214985793,0.900074071,7
27675852_MinPolqaSfbRecording_cut.wav,3.8,0.788810638,0.488909899,10
28521121_MinPolqaSfbRecording_cut.wav,2.8,1.032795559,0.640133319,10
28277493_MinPolqaSfbRecording_cut.wav,3.3,0.823272602,0.510269645,10
28467933_MinPolqaSfbRecording_cut.wav,3.0,1.154700538,0.715690808,10
27855819_MinPolqaSfbRecording_cut.wav,3.5,1.178511302,0.730448873,10
27708146_MinPolqaSfbRecording_cut.wav,1.8,1.316561177,0.816013072,10
27836447_MinPolqaSfbRecording_cut.wav,3.8,0.788810638,0.488909899,10
28557266_MinPolqaSfbRecording_cut.wav,3.444444444,0.527046277,0.344336901,9
28133373_MinPolqaSfbRecording_cut.wav,2.222222222,1.394433378,0.911029807,9
27573254_MinPolqaSfbRecording_cut.wav,4.0,0.5,0.326666667,9
28109665_MinPolqaSfbRecording_cut.wav,3.666666667,0.866025404,0.565803264,9
27597556_MinPolqaSfbRecording_cut.wav,4.222222222,0.440958552,0.288092921,9
28062155_MinPolqaSfbRecording_cut.wav,3.555555556,0.527046277,0.344336901,9
28137839_MinPolqaSfbRecording_cut.wav,4.111111111,0.600925213,0.392604472,9
27853109_MinPolqaSfbRecording_cut.wav,3.444444444,0.881917104,0.576185841,9
28284710_MinPolqaSfbRecording_cut.wav,3.625,0.916125381,0.6348425,8
28234594_MinPolqaSfbRecording_cut.wav,3.875,0.640869944,0.444100214,8
28593608_MinPolqaSfbRecording_cut.wav,2.25,1.281739889,0.888200428,8
28102895_MinPolqaSfbRecording_cut.wav,2.875,1.552647509,1.07592983,8
28429448_MinPolqaSfbRecording_cut.wav,2.625,0.916125381,0.6348425,8
28437148_MinPolqaSfbRecording_cut.wav,2.0,1.195228609,0.82825117,8
27897199_MinPolqaSfbRecording_cut.wav,1.5,1.069044968,0.740810367,8
28593393_MinPolqaSfbRecording_cut.wav,3.125,1.246423455,0.863727388,8
28272397_MinPolqaSfbRecording_cut.wav,2.142857143,0.899735411,0.66653332,7
28353207_MinPolqaSfbRecording_cut.wav,2.428571429,0.534522484,0.395979797,7
27672241_MinPolqaSfbRecording_cut.wav,4.0,0.577350269,0.427707065,7
27978258_MinPolqaSfbRecording_cut.wav,4.428571429,0.786795792,0.58286648,7
27636344_MinPolqaSfbRecording_cut.wav,3.714285714,0.951189731,0.704651214,7
28480874_MinPolqaSfbRecording_cut.wav,4.428571429,1.133893419,0.84,7
28461925_MinPolqaSfbRecording_cut.wav,2.285714286,0.755928946,0.56,7
28106811_MinPolqaSfbRecording_cut.wav,3.857142857,0.690065559,0.51120772,7
27712448_MinPolqaSfbRecording_cut.wav,3.857142857,0.690065559,0.51120772,7
27720697_MinPolqaSfbRecording_cut.wav,4.111111111,0.333333333,0.217777778,9
27664103_MinPolqaSfbRecording_cut.wav,2.888888889,0.600925213,0.392604472,9
28507447_MinPolqaSfbRecording_cut.wav,2.777777778,0.666666667,0.435555556,9
27612165_MinPolqaSfbRecording_cut.wav,1.555555556,0.527046277,0.344336901,9
28215396_MinPolqaSfbRecording_cut.wav,4.666666667,0.5,0.326666667,9
28282425_MinPolqaSfbRecording_cut.wav,2.111111111,0.78173596,0.510734161,9
28174603_MinPolqaSfbRecording_cut.wav,3.111111111,1.054092553,0.688673802,9
28177241_MinPolqaSfbRecording_cut.wav,1.444444444,0.527046277,0.344336901,9
27718687_MinPolqaSfbRecording_cut.wav,4.222222222,0.833333333,0.544444444,9
27965907_MinPolqaSfbRecording_cut.wav,1.555555556,0.527046277,0.344336901,9
28443138_MinPolqaSfbRecording_cut.wav,2.714285714,1.112697281,0.824297681,7
27881621_MinPolqaSfbRecording_cut.wav,3.428571429,0.975900073,0.722956891,7
27743532_MinPolqaSfbRecording_cut.wav,3.857142857,0.690065559,0.51120772,7
28106482_MinPolqaSfbRecording_cut.wav,3.714285714,0.755928946,0.56,7
27706476_MinPolqaSfbRecording_cut.wav,4.142857143,0.690065559,0.51120772,7
28177409_MinPolqaSfbRecording_cut.wav,2.571428571,1.133893419,0.84,7
28558761_MinPolqaSfbRecording_cut.wav,3.285714286,0.755928946,0.56,7
28133072_MinPolqaSfbRecording_cut.wav,2.714285714,0.755928946,0.56,7
28211203_MinPolqaSfbRecording_cut.wav,3.428571429,0.534522484,0.395979797,7
27907454_MinPolqaSfbRecording_cut.wav,4.142857143,0.899735411,0.66653332,7
28198670_MinPolqaSfbRecording_cut.wav,3.714285714,0.755928946,0.56,7
28513747_MinPolqaSfbRecording_cut.wav,4.285714286,0.755928946,0.56,7
28278709_MinPolqaSfbRecording_cut.wav,4.0,0.816496581,0.604869132,7
28118173_MinPolqaSfbRecording_cut.wav,1.571428571,0.786795792,0.58286648,7
28283900_MinPolqaSfbRecording_cut.wav,2.571428571,0.786795792,0.58286648,7
27643570_MinPolqaSfbRecording_cut.wav,4.428571429,0.786795792,0.58286648,7
27868125_MinPolqaSfbRecording_cut.wav,3.714285714,0.755928946,0.56,7
27780576_MinPolqaSfbRecording_cut.wav,2.714285714,1.112697281,0.824297681,7
28429969_MinPolqaSfbRecording_cut.wav,1.285714286,0.487950036,0.361478446,7
27604955_MinPolqaSfbRecording_cut.wav,4.285714286,0.755928946,0.56,7
27636615_MinPolqaSfbRecording_cut.wav,1.0,0.0,0.0,8
28441101_MinPolqaSfbRecording_cut.wav,1.875,0.640869944,0.444100214,8
28254315_MinPolqaSfbRecording_cut.wav,4.5,0.755928946,0.523832034,8
28515095_MinPolqaSfbRecording_cut.wav,3.75,0.88640526,0.614247507,8
28532542_MinPolqaSfbRecording_cut.wav,4.0,0.755928946,0.523832034,8
27555728_MinPolqaSfbRecording_cut.wav,1.75,0.707106781,0.49,8
27876972_MinPolqaSfbRecording_cut.wav,4.125,0.83452296,0.578294907,8
27548083_MinPolqaSfbRecording_cut.wav,1.666666667,0.816496581,0.653333333,6
27673780_MinPolqaSfbRecording_cut.wav,4.0,0.632455532,0.506069824,6
28518321_MinPolqaSfbRecording_cut.wav,1.5,0.836660027,0.66946745,6
27919898_MinPolqaSfbRecording_cut.wav,4.166666667,0.752772653,0.602343571,6
27526284_MinPolqaSfbRecording_cut.wav,4.0,0.632455532,0.506069824,6
28255339_MinPolqaSfbRecording_cut.wav,3.5,0.836660027,0.66946745,6
28023083_MinPolqaSfbRecording_cut.wav,3.833333333,0.40824829,0.326666667,6
28298714_MinPolqaSfbRecording_cut.wav,2.0,1.095445115,0.876538647,6
27618744_MinPolqaSfbRecording_cut.wav,4.333333333,0.516397779,0.413204281,6
27617115_MinPolqaSfbRecording_cut.wav,4.0,0.632455532,0.506069824,6
27515813_MinPolqaSfbRecording_cut.wav,3.222222222,1.092906421,0.714032195,9
27834133_MinPolqaSfbRecording_cut.wav,4.222222222,0.440958552,0.288092921,9
28278018_MinPolqaSfbRecording_cut.wav,2.444444444,0.881917104,0.576185841,9
27547978_MinPolqaSfbRecording_cut.wav,3.666666667,0.866025404,0.565803264,9
28137406_MinPolqaSfbRecording_cut.wav,1.222222222,0.440958552,0.288092921,9
27661466_MinPolqaSfbRecording_cut.wav,4.333333333,0.5,0.326666667,9
27713320_MinPolqaSfbRecording_cut.wav,1.666666667,0.5,0.326666667,9
28022511_MinPolqaSfbRecording_cut.wav,3.111111111,1.054092553,0.688673802,9
28282121_MinPolqaSfbRecording_cut.wav,3.111111111,1.054092553,0.688673802,9
28234455_MinPolqaSfbRecording_cut.wav,2.111111111,0.600925213,0.392604472,9
28274719_MinPolqaSfbRecording_cut.wav,2.8,0.788810638,0.488909899,10
28030750_MinPolqaSfbRecording_cut.wav,3.3,0.674948558,0.41833745,10
28002936_MinPolqaSfbRecording_cut.wav,2.2,1.032795559,0.640133319,10
28259659_MinPolqaSfbRecording_cut.wav,3.2,0.632455532,0.392,10
27756432_MinPolqaSfbRecording_cut.wav,2.0,1.154700538,0.715690808,10
28242082_MinPolqaSfbRecording_cut.wav,2.5,0.971825316,0.602343571,10
28323736_MinPolqaSfbRecording_cut.wav,2.2,0.788810638,0.488909899,10
27513667_MinPolqaSfbRecording_cut.wav,2.2,0.788810638,0.488909899,10
27834859_MinPolqaSfbRecording_cut.wav,4.2,0.421637021,0.261333333,10
28435710_MinPolqaSfbRecording_cut.wav,3.888888889,0.78173596,0.510734161,9
28339515_MinPolqaSfbRecording_cut.wav,4.0,0.866025404,0.565803264,9
28343330_MinPolqaSfbRecording_cut.wav,3.888888889,0.600925213,0.392604472,9
28261203_MinPolqaSfbRecording_cut.wav,3.0,1.0,0.653333333,9
27871833_MinPolqaSfbRecording_cut.wav,3.777777778,0.833333333,0.544444444,9
27677075_MinPolqaSfbRecording_cut.wav,4.555555556,0.527046277,0.344336901,9
28484110_MinPolqaSfbRecording_cut.wav,1.777777778,0.833333333,0.544444444,9
28302376_MinPolqaSfbRecording_cut.wav,2.666666667,1.322875656,0.864278762,9
27880013_MinPolqaSfbRecording_cut.wav,4.333333333,0.5,0.326666667,9
27551283_MinPolqaSfbRecording_cut.wav,2.666666667,1.322875656,0.864278762,9
28323739_MinPolqaSfbRecording_cut.wav,4.333333333,0.5,0.326666667,9
28039876_MinPolqaSfbRecording_cut.wav,4.111111111,0.600925213,0.392604472,9
28301344_MinPolqaSfbRecording_cut.wav,2.555555556,0.881917104,0.576185841,9
27577183_MinPolqaSfbRecording_cut.wav,3.333333333,0.866025404,0.565803264,9
27845303_MinPolqaSfbRecording_cut.wav,3.555555556,1.130388331,0.738520376,9
27734804_MinPolqaSfbRecording_cut.wav,4.222222222,0.666666667,0.435555556,9
28439368_MinPolqaSfbRecording_cut.wav,1.111111111,0.333333333,0.217777778,9
28502507_MinPolqaSfbRecording_cut.wav,2.714285714,0.755928946,0.56,7
28586878_MinPolqaSfbRecording_cut.wav,4.142857143,0.899735411,0.66653332,7
28582680_MinPolqaSfbRecording_cut.wav,3.142857143,0.690065559,0.51120772,7
28038584_MinPolqaSfbRecording_cut.wav,2.142857143,1.069044968,0.791959595,7
28600854_MinPolqaSfbRecording_cut.wav,2.142857143,1.069044968,0.791959595,7
27933322_MinPolqaSfbRecording_cut.wav,2.857142857,0.690065559,0.51120772,7
27857773_MinPolqaSfbRecording_cut.wav,3.714285714,0.755928946,0.56,7
27859826_MinPolqaSfbRecording_cut.wav,2.714285714,0.755928946,0.56,7
28140640_MinPolqaSfbRecording_cut.wav,3.142857143,0.690065559,0.51120772,7
27719795_MinPolqaSfbRecording_cut.wav,4.2,0.836660027,0.733364848,5
28332177_MinPolqaSfbRecording_cut.wav,2.2,1.303840481,1.142866571,5
28240146_MinPolqaSfbRecording_cut.wav,4.0,0.707106781,0.619806421,5
28140773_MinPolqaSfbRecording_cut.wav,2.4,1.341640786,1.176,5
28354579_MinPolqaSfbRecording_cut.wav,2.4,0.894427191,0.784,5
27869660_MinPolqaSfbRecording_cut.wav,4.2,0.447213595,0.392,5
28355006_MinPolqaSfbRecording_cut.wav,4.4,0.547722558,0.48009999,5
28052774_MinPolqaSfbRecording_cut.wav,4.2,1.303840481,1.142866571,5
27554490_MinPolqaSfbRecording_cut.wav,3.5,0.971825316,0.602343571,10
27604362_MinPolqaSfbRecording_cut.wav,1.7,0.674948558,0.41833745,10
27966306_MinPolqaSfbRecording_cut.wav,4.2,0.788810638,0.488909899,10
28077314_MinPolqaSfbRecording_cut.wav,2.7,0.823272602,0.510269645,10
28504921_MinPolqaSfbRecording_cut.wav,3.9,0.737864787,0.457333333,10
28364528_MinPolqaSfbRecording_cut.wav,1.3,0.674948558,0.41833745,10
27521334_MinPolqaSfbRecording_cut.wav,1.2,0.421637021,0.261333333,10
27924911_MinPolqaSfbRecording_cut.wav,3.3,1.059349905,0.656591874,10
27965505_MinPolqaSfbRecording_cut.wav,1.4,0.699205899,0.433372306,10
28355067_MinPolqaSfbRecording_cut.wav,3.777777778,0.440958552,0.288092921,9
28137408_MinPolqaSfbRecording_cut.wav,1.666666667,0.866025404,0.565803264,9
27943324_MinPolqaSfbRecording_cut.wav,3.888888889,0.78173596,0.510734161,9
27667794_MinPolqaSfbRecording_cut.wav,2.555555556,0.881917104,0.576185841,9
27586370_MinPolqaSfbRecording_cut.wav,1.444444444,0.726483157,0.474635663,9
27751553_MinPolqaSfbRecording_cut.wav,3.0,0.5,0.326666667,9
27837375_MinPolqaSfbRecording_cut.wav,1.444444444,0.527046277,0.344336901,9
27952079_MinPolqaSfbRecording_cut.wav,4.111111111,0.927960727,0.606267675,9
27610601_MinPolqaSfbRecording_cut.wav,2.222222222,0.666666667,0.435555556,9
28210989_MinPolqaSfbRecording_cut.wav,4.111111111,0.600925213,0.392604472,9
27941656_MinPolqaSfbRecording_cut.wav,3.571428571,0.534522484,0.395979797,7
28494624_MinPolqaSfbRecording_cut.wav,3.428571429,0.534522484,0.395979797,7
28012752_MinPolqaSfbRecording_cut.wav,2.857142857,0.899735411,0.66653332,7
28315490_MinPolqaSfbRecording_cut.wav,3.571428571,1.511857892,1.12,7
27755898_MinPolqaSfbRecording_cut.wav,2.428571429,0.786795792,0.58286648,7
27940319_MinPolqaSfbRecording_cut.wav,3.714285714,0.487950036,0.361478446,7
28170043_MinPolqaSfbRecording_cut.wav,3.571428571,0.534522484,0.395979797,7
28468026_MinPolqaSfbRecording_cut.wav,3.714285714,1.112697281,0.824297681,7
28132518_MinPolqaSfbRecording_cut.wav,3.428571429,0.786795792,0.58286648,7
28144895_MinPolqaSfbRecording_cut.wav,2.625,1.060660172,0.735,8
28126121_MinPolqaSfbRecording_cut.wav,1.5,1.069044968,0.740810367,8
27886992_MinPolqaSfbRecording_cut.wav,3.375,1.302470181,0.902565787,8
28267550_MinPolqaSfbRecording_cut.wav,4.5,0.534522484,0.370405184,8
28210652_MinPolqaSfbRecording_cut.wav,3.25,0.707106781,0.49,8
27672166_MinPolqaSfbRecording_cut.wav,4.0,1.069044968,0.740810367,8
27978942_MinPolqaSfbRecording_cut.wav,4.0,0.755928946,0.523832034,8
28302922_MinPolqaSfbRecording_cut.wav,3.875,0.83452296,0.578294907,8
28260357_MinPolqaSfbRecording_cut.wav,1.75,1.035098339,0.717286554,8
28438339_MinPolqaSfbRecording_cut.wav,1.777777778,1.092906421,0.714032195,9
28207909_MinPolqaSfbRecording_cut.wav,1.666666667,0.866025404,0.565803264,9
28180992_MinPolqaSfbRecording_cut.wav,4.222222222,0.666666667,0.435555556,9
27627210_MinPolqaSfbRecording_cut.wav,2.111111111,1.166666667,0.762222222,9
27973850_MinPolqaSfbRecording_cut.wav,3.111111111,0.927960727,0.606267675,9
28587159_MinPolqaSfbRecording_cut.wav,4.222222222,0.666666667,0.435555556,9
27912180_MinPolqaSfbRecording_cut.wav,3.444444444,0.881917104,0.576185841,9
28018698_MinPolqaSfbRecording_cut.wav,4.0,0.707106781,0.46197643,9
28511724_MinPolqaSfbRecording_cut.wav,2.222222222,0.971825316,0.634925873,9
27977820_MinPolqaSfbRecording_cut.wav,3.5,0.527046277,0.326666667,10
27904556_MinPolqaSfbRecording_cut.wav,3.5,0.849836586,0.526734173,10
28200453_MinPolqaSfbRecording_cut.wav,3.7,0.823272602,0.510269645,10
28127597_MinPolqaSfbRecording_cut.wav,2.8,0.918936583,0.569562795,10
27612167_MinPolqaSfbRecording_cut.wav,1.2,0.421637021,0.261333333,10
27819287_MinPolqaSfbRecording_cut.wav,1.5,0.527046277,0.326666667,10
28016064_MinPolqaSfbRecording_cut.wav,3.111111111,0.600925213,0.392604472,9
28154284_MinPolqaSfbRecording_cut.wav,3.111111111,0.78173596,0.510734161,9
27788220_MinPolqaSfbRecording_cut.wav,3.555555556,0.527046277,0.344336901,9
28305181_MinPolqaSfbRecording_cut.wav,2.777777778,0.833333333,0.544444444,9
28054926_MinPolqaSfbRecording_cut.wav,2.666666667,1.118033989,0.730448873,9
28338611_MinPolqaSfbRecording_cut.wav,3.222222222,0.833333333,0.544444444,9
28445147_MinPolqaSfbRecording_cut.wav,3.555555556,0.527046277,0.344336901,9
27896948_MinPolqaSfbRecording_cut.wav,3.222222222,0.666666667,0.435555556,9
28138957_MinPolqaSfbRecording_cut.wav,4.111111111,0.600925213,0.392604472,9
28015163_MinPolqaSfbRecording_cut.wav,2.625,1.597989809,1.107350441,8
27765374_MinPolqaSfbRecording_cut.wav,4.25,0.88640526,0.614247507,8
28444965_MinPolqaSfbRecording_cut.wav,2.5,1.603567451,1.111215551,8
28518528_MinPolqaSfbRecording_cut.wav,2.375,1.407885953,0.975615191,8
28307154_MinPolqaSfbRecording_cut.wav,3.625,0.744023809,0.515582195,8
28527819_MinPolqaSfbRecording_cut.wav,4.0,0.755928946,0.523832034,8
28324136_MinPolqaSfbRecording_cut.wav,2.375,1.407885953,0.975615191,8
27956005_MinPolqaSfbRecording_cut.wav,3.0,0.534522484,0.370405184,8
28108031_MinPolqaSfbRecording_cut.wav,2.75,1.035098339,0.717286554,8
27973667_MinPolqaSfbRecording_cut.wav,3.777777778,0.833333333,0.544444444,9
28326724_MinPolqaSfbRecording_cut.wav,3.777777778,0.833333333,0.544444444,9
28063338_MinPolqaSfbRecording_cut.wav,3.333333333,1.0,0.653333333,9
27666258_MinPolqaSfbRecording_cut.wav,2.444444444,0.527046277,0.344336901,9
27550197_MinPolqaSfbRecording_cut.wav,2.222222222,0.971825316,0.634925873,9
28247813_MinPolqaSfbRecording_cut.wav,2.333333333,1.224744871,0.800166649,9
27813984_MinPolqaSfbRecording_cut.wav,3.444444444,1.013793755,0.662345253,9
27682212_MinPolqaSfbRecording_cut.wav,2.555555556,0.726483157,0.474635663,9
28294787_MinPolqaSfbRecording_cut.wav,3.555555556,0.726483157,0.474635663,9
28230902_MinPolqaSfbRecording_cut.wav,1.666666667,0.816496581,0.653333333,6
27552111_MinPolqaSfbRecording_cut.wav,2.666666667,1.632993162,1.306666667,6
28522589_MinPolqaSfbRecording_cut.wav,3.333333333,0.516397779,0.413204281,6
28432328_MinPolqaSfbRecording_cut.wav,3.666666667,0.816496581,0.653333333,6
28202580_MinPolqaSfbRecording_cut.wav,4.333333333,0.816496581,0.653333333,6
27697705_MinPolqaSfbRecording_cut.wav,1.333333333,0.516397779,0.413204281,6
28270419_MinPolqaSfbRecording_cut.wav,1.666666667,0.816496581,0.653333333,6
27804575_MinPolqaSfbRecording_cut.wav,1.166666667,0.40824829,0.326666667,6
28245861_MinPolqaSfbRecording_cut.wav,4.0,0.632455532,0.506069824,6
27578278_MinPolqaSfbRecording_cut.wav,3.166666667,0.40824829,0.326666667,6
28272785_MinPolqaSfbRecording_cut.wav,4.125,0.83452296,0.578294907,8
28545776_MinPolqaSfbRecording_cut.wav,3.125,0.640869944,0.444100214,8
27587496_MinPolqaSfbRecording_cut.wav,2.75,1.164964745,0.807279382,8
27562875_MinPolqaSfbRecording_cut.wav,4.5,0.534522484,0.370405184,8
28071874_MinPolqaSfbRecording_cut.wav,3.625,0.744023809,0.515582195,8
27722950_MinPolqaSfbRecording_cut.wav,4.375,0.916125381,0.6348425,8
28053138_MinPolqaSfbRecording_cut.wav,3.375,0.744023809,0.515582195,8
27935653_MinPolqaSfbRecording_cut.wav,3.4,0.966091783,0.598789891,10
27786201_MinPolqaSfbRecording_cut.wav,3.7,0.948683298,0.588,10
28027620_MinPolqaSfbRecording_cut.wav,4.0,0.942809042,0.584359098,10
28210624_MinPolqaSfbRecording_cut.wav,3.7,0.948683298,0.588,10
27640705_MinPolqaSfbRecording_cut.wav,2.8,1.316561177,0.816013072,10
28360412_MinPolqaSfbRecording_cut.wav,1.5,1.08012345,0.66946745,10
27820226_MinPolqaSfbRecording_cut.wav,3.1,1.197219,0.742044024,10
27518796_MinPolqaSfbRecording_cut.wav,1.5,0.971825316,0.602343571,10
28508714_MinPolqaSfbRecording_cut.wav,4.1,0.737864787,0.457333333,10
27884345_MinPolqaSfbRecording_cut.wav,1.6,0.966091783,0.598789891,10
27607883_MinPolqaSfbRecording_cut.wav,2.2,1.032795559,0.640133319,10
28549779_MinPolqaSfbRecording_cut.wav,2.5,0.849836586,0.526734173,10
28440102_MinPolqaSfbRecording_cut.wav,3.8,0.632455532,0.392,10
27841832_MinPolqaSfbRecording_cut.wav,4.2,0.632455532,0.392,10
27605619_MinPolqaSfbRecording_cut.wav,3.6,0.843274043,0.522666667,10
28240714_MinPolqaSfbRecording_cut.wav,3.7,1.059349905,0.656591874,10
27874758_MinPolqaSfbRecording_cut.wav,3.9,0.737864787,0.457333333,10
27826453_MinPolqaSfbRecording_cut.wav,3.3,0.948683298,0.588,10
28473277_MinPolqaSfbRecording_cut.wav,2.8,0.632455532,0.392,10
27889580_MinPolqaSfbRecording_cut.wav,3.111111111,0.600925213,0.392604472,9
27730037_MinPolqaSfbRecording_cut.wav,4.444444444,0.527046277,0.344336901,9
27668521_MinPolqaSfbRecording_cut.wav,1.555555556,1.013793755,0.662345253,9
27668643_MinPolqaSfbRecording_cut.wav,3.888888889,1.054092553,0.688673802,9
28269643_MinPolqaSfbRecording_cut.wav,2.0,0.707106781,0.46197643,9
27779874_MinPolqaSfbRecording_cut.wav,4.0,0.866025404,0.565803264,9
28473876_MinPolqaSfbRecording_cut.wav,4.111111111,0.600925213,0.392604472,9
27804176_MinPolqaSfbRecording_cut.wav,1.666666667,0.866025404,0.565803264,9
27636424_MinPolqaSfbRecording_cut.wav,2.222222222,0.971825316,0.634925873,9
28133178_MinPolqaSfbRecording_cut.wav,2.3,1.059349905,0.656591874,10
28257859_MinPolqaSfbRecording_cut.wav,4.3,0.823272602,0.510269645,10
28068908_MinPolqaSfbRecording_cut.wav,3.8,1.032795559,0.640133319,10
27774176_MinPolqaSfbRecording_cut.wav,3.1,1.370320319,0.849333333,10
27561949_MinPolqaSfbRecording_cut.wav,4.3,0.674948558,0.41833745,10
28163598_MinPolqaSfbRecording_cut.wav,3.8,0.918936583,0.569562795,10
27819171_MinPolqaSfbRecording_cut.wav,4.1,0.737864787,0.457333333,10
28311321_MinPolqaSfbRecording_cut.wav,3.8,0.918936583,0.569562795,10
27929075_MinPolqaSfbRecording_cut.wav,4.0,1.054092553,0.653333333,10
27927642_MinPolqaSfbRecording_cut.wav,5.0,0.0,0.0,8
28290539_MinPolqaSfbRecording_cut.wav,4.625,0.51754917,0.358643277,8
28247926_MinPolqaSfbRecording_cut.wav,3.375,1.060660172,0.735,8
27675402_MinPolqaSfbRecording_cut.wav,4.0,0.534522484,0.370405184,8
28205152_MinPolqaSfbRecording_cut.wav,3.75,1.035098339,0.717286554,8
28157312_MinPolqaSfbRecording_cut.wav,1.875,1.356202682,0.939800511,8
28508240_MinPolqaSfbRecording_cut.wav,4.125,0.640869944,0.444100214,8
27760794_MinPolqaSfbRecording_cut.wav,3.875,1.125991626,0.780272388,8
28547415_MinPolqaSfbRecording_cut.wav,3.75,1.035098339,0.717286554,8
28001554_MinPolqaSfbRecording_cut.wav,1.7,0.948683298,0.588,10
28443590_MinPolqaSfbRecording_cut.wav,2.8,0.918936583,0.569562795,10
27716330_MinPolqaSfbRecording_cut.wav,3.6,0.699205899,0.433372306,10
28018131_MinPolqaSfbRecording_cut.wav,4.3,0.674948558,0.41833745,10
27814134_MinPolqaSfbRecording_cut.wav,1.9,1.100504935,0.682100025,10
28136171_MinPolqaSfbRecording_cut.wav,4.3,0.483045892,0.299394945,10
28512691_MinPolqaSfbRecording_cut.wav,2.2,0.788810638,0.488909899,10
27867538_MinPolqaSfbRecording_cut.wav,4.0,0.816496581,0.506069824,10
28173519_MinPolqaSfbRecording_cut.wav,2.5,0.707106781,0.438269324,10
28172392_MinPolqaSfbRecording_cut.wav,2.444444444,0.881917104,0.576185841,9
27550725_MinPolqaSfbRecording_cut.wav,1.555555556,1.013793755,0.662345253,9
28033175_MinPolqaSfbRecording_cut.wav,2.222222222,0.971825316,0.634925873,9
28486749_MinPolqaSfbRecording_cut.wav,3.666666667,0.866025404,0.565803264,9
27632756_MinPolqaSfbRecording_cut.wav,3.222222222,0.666666667,0.435555556,9
27999639_MinPolqaSfbRecording_cut.wav,3.888888889,0.78173596,0.510734161,9
28446167_MinPolqaSfbRecording_cut.wav,4.111111111,0.333333333,0.217777778,9
28107147_MinPolqaSfbRecording_cut.wav,2.111111111,0.927960727,0.606267675,9
28073592_MinPolqaSfbRecording_cut.wav,1.777777778,0.440958552,0.288092921,9
28228180_MinPolqaSfbRecording_cut.wav,3.222222222,0.971825316,0.634925873,9
27953285_MinPolqaSfbRecording_cut.wav,3.2,0.632455532,0.392,10
28037424_MinPolqaSfbRecording_cut.wav,3.4,0.843274043,0.522666667,10
27692580_MinPolqaSfbRecording_cut.wav,3.0,0.666666667,0.413204281,10
28509258_MinPolqaSfbRecording_cut.wav,3.4,0.516397779,0.32006666,10
28207588_MinPolqaSfbRecording_cut.wav,3.5,0.527046277,0.326666667,10
28085350_MinPolqaSfbRecording_cut.wav,3.2,0.788810638,0.488909899,10
27702061_MinPolqaSfbRecording_cut.wav,3.4,0.516397779,0.32006666,10
27886556_MinPolqaSfbRecording_cut.wav,1.5,0.534522484,0.370405184,8
27560720_MinPolqaSfbRecording_cut.wav,1.625,0.51754917,0.358643277,8
28238517_MinPolqaSfbRecording_cut.wav,3.0,0.755928946,0.523832034,8
28503298_MinPolqaSfbRecording_cut.wav,3.125,0.640869944,0.444100214,8
28110405_MinPolqaSfbRecording_cut.wav,1.375,0.51754917,0.358643277,8
28504294_MinPolqaSfbRecording_cut.wav,4.25,0.707106781,0.49,8
28212920_MinPolqaSfbRecording_cut.wav,3.125,0.83452296,0.578294907,8
28053116_MinPolqaSfbRecording_cut.wav,1.0,0.0,0.0,8
28183373_MinPolqaSfbRecording_cut.wav,2.875,0.83452296,0.578294907,8
28009486_MinPolqaSfbRecording_cut.wav,3.75,0.88640526,0.614247507,8
27636617_MinPolqaSfbRecording_cut.wav,1.875,0.83452296,0.578294907,8
28499205_MinPolqaSfbRecording_cut.wav,3.875,0.640869944,0.444100214,8
27913917_MinPolqaSfbRecording_cut.wav,4.25,0.707106781,0.49,8
28436377_MinPolqaSfbRecording_cut.wav,3.125,0.83452296,0.578294907,8
27655463_MinPolqaSfbRecording_cut.wav,4.125,0.83452296,0.578294907,8
28190799_MinPolqaSfbRecording_cut.wav,4.125,0.991031209,0.68674959,8
27804115_MinPolqaSfbRecording_cut.wav,4.0,0.755928946,0.523832034,8
28600187_MinPolqaSfbRecording_cut.wav,3.777777778,0.833333333,0.544444444,9
28104207_MinPolqaSfbRecording_cut.wav,1.333333333,0.5,0.326666667,9
27679346_MinPolqaSfbRecording_cut.wav,4.333333333,0.707106781,0.46197643,9
28323906_MinPolqaSfbRecording_cut.wav,2.777777778,1.201850425,0.785208944,9
28008025_MinPolqaSfbRecording_cut.wav,2.333333333,0.707106781,0.46197643,9
28076212_MinPolqaSfbRecording_cut.wav,4.111111111,0.78173596,0.510734161,9
28135729_MinPolqaSfbRecording_cut.wav,3.444444444,0.726483157,0.474635663,9
28180794_MinPolqaSfbRecording_cut.wav,2.777777778,0.666666667,0.435555556,9
28291284_MinPolqaSfbRecording_cut.wav,2.5,0.849836586,0.526734173,10
28121329_MinPolqaSfbRecording_cut.wav,3.3,0.823272602,0.510269645,10
27603896_MinPolqaSfbRecording_cut.wav,3.8,0.632455532,0.392,10
28341274_MinPolqaSfbRecording_cut.wav,3.5,0.527046277,0.326666667,10
27716054_MinPolqaSfbRecording_cut.wav,3.4,0.699205899,0.433372306,10
28309133_MinPolqaSfbRecording_cut.wav,2.8,0.918936583,0.569562795,10
27875817_MinPolqaSfbRecording_cut.wav,3.8,0.632455532,0.392,10
27906863_MinPolqaSfbRecording_cut.wav,4.1,0.994428926,0.616353434,10
28475554_MinPolqaSfbRecording_cut.wav,3.6,0.699205899,0.433372306,10
28219656_MinPolqaSfbRecording_cut.wav,4.222222222,0.971825316,0.634925873,9
28295491_MinPolqaSfbRecording_cut.wav,4.555555556,0.527046277,0.344336901,9
28010459_MinPolqaSfbRecording_cut.wav,4.333333333,0.707106781,0.46197643,9
28271747_MinPolqaSfbRecording_cut.wav,3.222222222,0.833333333,0.544444444,9
27818977_MinPolqaSfbRecording_cut.wav,2.888888889,0.600925213,0.392604472,9
28067921_MinPolqaSfbRecording_cut.wav,3.444444444,0.527046277,0.344336901,9
28427319_MinPolqaSfbRecording_cut.wav,3.666666667,0.707106781,0.46197643,9
28494996_MinPolqaSfbRecording_cut.wav,4.222222222,0.833333333,0.544444444,9
27522236_MinPolqaSfbRecording_cut.wav,2.1,0.994428926,0.616353434,10
27689431_MinPolqaSfbRecording_cut.wav,1.6,0.516397779,0.32006666,10
28296579_MinPolqaSfbRecording_cut.wav,3.0,0.666666667,0.413204281,10
27983144_MinPolqaSfbRecording_cut.wav,4.5,0.707106781,0.438269324,10
28145791_MinPolqaSfbRecording_cut.wav,4.4,0.843274043,0.522666667,10
28118009_MinPolqaSfbRecording_cut.wav,3.9,0.737864787,0.457333333,10
28244668_MinPolqaSfbRecording_cut.wav,3.0,0.816496581,0.506069824,10
28345152_MinPolqaSfbRecording_cut.wav,3.7,0.948683298,0.588,10
28053310_MinPolqaSfbRecording_cut.wav,3.8,0.918936583,0.569562795,10
28073598_MinPolqaSfbRecording_cut.wav,3.333333333,1.0,0.653333333,9
27766214_MinPolqaSfbRecording_cut.wav,3.555555556,0.726483157,0.474635663,9
27606091_MinPolqaSfbRecording_cut.wav,1.0,0.0,0.0,9
28229837_MinPolqaSfbRecording_cut.wav,2.444444444,0.527046277,0.344336901,9
27662233_MinPolqaSfbRecording_cut.wav,3.444444444,0.881917104,0.576185841,9
27829101_MinPolqaSfbRecording_cut.wav,3.333333333,0.866025404,0.565803264,9
27568241_MinPolqaSfbRecording_cut.wav,1.444444444,0.726483157,0.474635663,9
28081104_MinPolqaSfbRecording_cut.wav,3.555555556,1.013793755,0.662345253,9
28158841_MinPolqaSfbRecording_cut.wav,4.0,0.816496581,0.604869132,7
28366446_MinPolqaSfbRecording_cut.wav,3.428571429,0.534522484,0.395979797,7
27618229_MinPolqaSfbRecording_cut.wav,2.714285714,1.112697281,0.824297681,7
28546452_MinPolqaSfbRecording_cut.wav,2.142857143,0.377964473,0.28,7
27916407_MinPolqaSfbRecording_cut.wav,2.285714286,0.951189731,0.704651214,7
28297079_MinPolqaSfbRecording_cut.wav,3.714285714,0.951189731,0.704651214,7
28206465_MinPolqaSfbRecording_cut.wav,3.571428571,0.534522484,0.395979797,7
28329705_MinPolqaSfbRecording_cut.wav,3.375,0.916125381,0.6348425,8
28064478_MinPolqaSfbRecording_cut.wav,4.125,0.83452296,0.578294907,8
27714910_MinPolqaSfbRecording_cut.wav,3.5,0.534522484,0.370405184,8
28085636_MinPolqaSfbRecording_cut.wav,3.875,0.353553391,0.245,8
27827534_MinPolqaSfbRecording_cut.wav,1.375,0.744023809,0.515582195,8
27709822_MinPolqaSfbRecording_cut.wav,4.0,0.534522484,0.370405184,8
28129343_MinPolqaSfbRecording_cut.wav,2.0,1.069044968,0.740810367,8
28127737_MinPolqaSfbRecording_cut.wav,2.625,1.302470181,0.902565787,8
27556482_MinPolqaSfbRecording_cut.wav,3.875,0.353553391,0.245,8
27558821_MinPolqaSfbRecording_cut.wav,2.857142857,0.899735411,0.66653332,7
27763745_MinPolqaSfbRecording_cut.wav,2.142857143,1.069044968,0.791959595,7
27949688_MinPolqaSfbRecording_cut.wav,1.571428571,0.786795792,0.58286648,7
27782751_MinPolqaSfbRecording_cut.wav,3.428571429,0.786795792,0.58286648,7
28039800_MinPolqaSfbRecording_cut.wav,4.285714286,0.487950036,0.361478446,7
27826436_MinPolqaSfbRecording_cut.wav,2.428571429,0.534522484,0.395979797,7
27880343_MinPolqaSfbRecording_cut.wav,3.857142857,0.899735411,0.66653332,7
28315443_MinPolqaSfbRecording_cut.wav,3.714285714,0.755928946,0.56,7
28101273_MinPolqaSfbRecording_cut.wav,2.5,1.069044968,0.740810367,8
28060991_MinPolqaSfbRecording_cut.wav,3.125,0.83452296,0.578294907,8
28214147_MinPolqaSfbRecording_cut.wav,3.625,0.916125381,0.6348425,8
28455372_MinPolqaSfbRecording_cut.wav,1.75,0.707106781,0.49,8
27841896_MinPolqaSfbRecording_cut.wav,3.625,1.060660172,0.735,8
28233296_MinPolqaSfbRecording_cut.wav,4.0,0.755928946,0.523832034,8
27803061_MinPolqaSfbRecording_cut.wav,4.125,0.83452296,0.578294907,8
27635759_MinPolqaSfbRecording_cut.wav,2.75,0.707106781,0.49,8
28342259_MinPolqaSfbRecording_cut.wav,2.75,0.707106781,0.49,8
28334703_MinPolqaSfbRecording_cut.wav,3.5,1.048808848,0.839221862,6
27892121_MinPolqaSfbRecording_cut.wav,4.0,0.894427191,0.715690808,6
28275401_MinPolqaSfbRecording_cut.wav,3.833333333,0.752772653,0.602343571,6
28519795_MinPolqaSfbRecording_cut.wav,2.0,1.264911064,1.012139648,6
27627577_MinPolqaSfbRecording_cut.wav,1.5,0.836660027,0.66946745,6
27697505_MinPolqaSfbRecording_cut.wav,4.0,0.894427191,0.715690808,6
28134677_MinPolqaSfbRecording_cut.wav,3.0,1.264911064,1.012139648,6
28079743_MinPolqaSfbRecording_cut.wav,2.833333333,0.98319208,0.786717512,6
28152582_MinPolqaSfbRecording_cut.wav,3.6,0.843274043,0.522666667,10
28528627_MinPolqaSfbRecording_cut.wav,2.9,0.875595036,0.542699426,10
28424545_MinPolqaSfbRecording_cut.wav,1.2,0.421637021,0.261333333,10
28078370_MinPolqaSfbRecording_cut.wav,3.3,0.948683298,0.588,10
28551097_MinPolqaSfbRecording_cut.wav,4.4,0.843274043,0.522666667,10
28101589_MinPolqaSfbRecording_cut.wav,1.8,0.788810638,0.488909899,10
28522779_MinPolqaSfbRecording_cut.wav,3.5,0.971825316,0.602343571,10
27736020_MinPolqaSfbRecording_cut.wav,3.7,0.948683298,0.588,10
28441375_MinPolqaSfbRecording_cut.wav,3.222222222,0.666666667,0.435555556,9
27652743_MinPolqaSfbRecording_cut.wav,3.333333333,0.5,0.326666667,9
28263579_MinPolqaSfbRecording_cut.wav,2.0,0.707106781,0.46197643,9
27677630_MinPolqaSfbRecording_cut.wav,3.777777778,0.440958552,0.288092921,9
27973742_MinPolqaSfbRecording_cut.wav,3.555555556,0.527046277,0.344336901,9
28320425_MinPolqaSfbRecording_cut.wav,3.555555556,0.881917104,0.576185841,9
28202375_MinPolqaSfbRecording_cut.wav,1.666666667,0.5,0.326666667,9
28545120_MinPolqaSfbRecording_cut.wav,3.333333333,0.5,0.326666667,9
27560331_MinPolqaSfbRecording_cut.wav,4.0,0.5,0.326666667,9
28071285_MinPolqaSfbRecording_cut.wav,3.333333333,0.5,0.326666667,9
28534757_MinPolqaSfbRecording_cut.wav,2.8,0.918936583,0.569562795,10
28073369_MinPolqaSfbRecording_cut.wav,2.0,1.054092553,0.653333333,10
28356885_MinPolqaSfbRecording_cut.wav,1.8,1.135292424,0.703661535,10
28315436_MinPolqaSfbRecording_cut.wav,2.0,1.054092553,0.653333333,10
27900825_MinPolqaSfbRecording_cut.wav,4.0,0.666666667,0.413204281,10
27846942_MinPolqaSfbRecording_cut.wav,4.1,0.875595036,0.542699426,10
28307856_MinPolqaSfbRecording_cut.wav,2.3,1.251665557,0.77579035,10
28451713_MinPolqaSfbRecording_cut.wav,4.0,0.816496581,0.506069824,10
27610268_MinPolqaSfbRecording_cut.wav,4.4,0.699205899,0.433372306,10
27924341_MinPolqaSfbRecording_cut.wav,4.0,0.666666667,0.413204281,10
28013785_MinPolqaSfbRecording_cut.wav,3.6,0.966091783,0.598789891,10
28284381_MinPolqaSfbRecording_cut.wav,3.0,0.816496581,0.506069824,10
28105433_MinPolqaSfbRecording_cut.wav,2.6,0.699205899,0.433372306,10
28259728_MinPolqaSfbRecording_cut.wav,3.0,0.666666667,0.413204281,10
27745161_MinPolqaSfbRecording_cut.wav,3.6,0.516397779,0.32006666,10
27585847_MinPolqaSfbRecording_cut.wav,2.1,0.567646212,0.351830767,10
27690591_MinPolqaSfbRecording_cut.wav,1.3,0.674948558,0.41833745,10
28004414_MinPolqaSfbRecording_cut.wav,1.4,0.516397779,0.32006666,10
27800337_MinPolqaSfbRecording_cut.wav,1.888888889,1.269295518,0.829273072,9
27734264_MinPolqaSfbRecording_cut.wav,1.888888889,0.78173596,0.510734161,9
28516643_MinPolqaSfbRecording_cut.wav,4.666666667,0.5,0.326666667,9
28215847_MinPolqaSfbRecording_cut.wav,4.222222222,0.666666667,0.435555556,9
28115288_MinPolqaSfbRecording_cut.wav,4.777777778,0.440958552,0.288092921,9
28055392_MinPolqaSfbRecording_cut.wav,4.111111111,0.600925213,0.392604472,9
28028696_MinPolqaSfbRecording_cut.wav,2.444444444,1.013793755,0.662345253,9
28582912_MinPolqaSfbRecording_cut.wav,2.888888889,0.78173596,0.510734161,9
28278200_MinPolqaSfbRecording_cut.wav,2.777777778,1.092906421,0.714032195,9
28484990_MinPolqaSfbRecording_cut.wav,3.285714286,0.951189731,0.704651214,7
28486189_MinPolqaSfbRecording_cut.wav,2.285714286,1.253566341,0.928654941,7
27663060_MinPolqaSfbRecording_cut.wav,4.0,0.816496581,0.604869132,7
28436200_MinPolqaSfbRecording_cut.wav,4.0,0.816496581,0.604869132,7
28190019_MinPolqaSfbRecording_cut.wav,2.142857143,1.214985793,0.900074071,7
28342097_MinPolqaSfbRecording_cut.wav,2.0,1.414213562,1.047664068,7
28110806_MinPolqaSfbRecording_cut.wav,4.142857143,0.690065559,0.51120772,7
28124407_MinPolqaSfbRecording_cut.wav,3.428571429,1.133893419,0.84,7
27907587_MinPolqaSfbRecording_cut.wav,2.142857143,1.214985793,0.900074071,7
28487687_MinPolqaSfbRecording_cut.wav,3.714285714,0.487950036,0.361478446,7
28590573_MinPolqaSfbRecording_cut.wav,4.142857143,0.377964473,0.28,7
28432386_MinPolqaSfbRecording_cut.wav,2.285714286,1.112697281,0.824297681,7
28158393_MinPolqaSfbRecording_cut.wav,3.571428571,0.786795792,0.58286648,7
27925528_MinPolqaSfbRecording_cut.wav,4.0,0.816496581,0.604869132,7
28451207_MinPolqaSfbRecording_cut.wav,3.857142857,0.899735411,0.66653332,7
28200908_MinPolqaSfbRecording_cut.wav,3.285714286,0.487950036,0.361478446,7
27586104_MinPolqaSfbRecording_cut.wav,3.714285714,0.487950036,0.361478446,7
27864448_MinPolqaSfbRecording_cut.wav,1.6,0.843274043,0.522666667,10
27574894_MinPolqaSfbRecording_cut.wav,3.2,0.918936583,0.569562795,10
28423402_MinPolqaSfbRecording_cut.wav,1.0,0.0,0.0,10
27825677_MinPolqaSfbRecording_cut.wav,4.5,0.707106781,0.438269324,10
28112832_MinPolqaSfbRecording_cut.wav,2.0,0.666666667,0.413204281,10
28243546_MinPolqaSfbRecording_cut.wav,4.1,0.737864787,0.457333333,10
27559324_MinPolqaSfbRecording_cut.wav,3.7,0.948683298,0.588,10
27523095_MinPolqaSfbRecording_cut.wav,1.6,0.843274043,0.522666667,10
28121837_MinPolqaSfbRecording_cut.wav,4.4,0.699205899,0.433372306,10
27871257_MinPolqaSfbRecording_cut.wav,3.5,0.971825316,0.602343571,10
27979968_MinPolqaSfbRecording_cut.wav,4.3,0.483045892,0.299394945,10
28560621_MinPolqaSfbRecording_cut.wav,3.9,0.875595036,0.542699426,10
28226142_MinPolqaSfbRecording_cut.wav,1.8,1.316561177,0.816013072,10
28104190_MinPolqaSfbRecording_cut.wav,4.2,0.632455532,0.392,10
28212438_MinPolqaSfbRecording_cut.wav,3.9,0.737864787,0.457333333,10
28224348_MinPolqaSfbRecording_cut.wav,1.9,0.875595036,0.542699426,10
28304979_MinPolqaSfbRecording_cut.wav,3.3,0.948683298,0.588,10
27838612_MinPolqaSfbRecording_cut.wav,2.125,1.125991626,0.780272388,8
28489702_MinPolqaSfbRecording_cut.wav,2.25,1.38873015,0.962340896,8
28527474_MinPolqaSfbRecording_cut.wav,2.75,1.035098339,0.717286554,8
27782541_MinPolqaSfbRecording_cut.wav,4.125,0.640869944,0.444100214,8
28190602_MinPolqaSfbRecording_cut.wav,4.125,0.353553391,0.245,8
28182200_MinPolqaSfbRecording_cut.wav,2.5,1.195228609,0.82825117,8
27639503_MinPolqaSfbRecording_cut.wav,3.125,0.640869944,0.444100214,8
28354058_MinPolqaSfbRecording_cut.wav,2.0,0.755928946,0.523832034,8
27785071_MinPolqaSfbRecording_cut.wav,2.375,1.060660172,0.735,8
27786753_MinPolqaSfbRecording_cut.wav,2.7,0.674948558,0.41833745,10
27747909_MinPolqaSfbRecording_cut.wav,4.1,0.567646212,0.351830767,10
28441968_MinPolqaSfbRecording_cut.wav,1.3,0.674948558,0.41833745,10
28359265_MinPolqaSfbRecording_cut.wav,3.5,0.527046277,0.326666667,10
27882018_MinPolqaSfbRecording_cut.wav,3.8,0.632455532,0.392,10
27881408_MinPolqaSfbRecording_cut.wav,3.4,0.516397779,0.32006666,10
27591016_MinPolqaSfbRecording_cut.wav,2.25,1.035098339,0.717286554,8
27912159_MinPolqaSfbRecording_cut.wav,3.625,0.51754917,0.358643277,8
27973036_MinPolqaSfbRecording_cut.wav,4.0,0.534522484,0.370405184,8
28267415_MinPolqaSfbRecording_cut.wav,2.25,1.164964745,0.807279382,8
28468171_MinPolqaSfbRecording_cut.wav,3.25,0.46291005,0.320780299,8
28449151_MinPolqaSfbRecording_cut.wav,3.0,0.755928946,0.523832034,8
28062783_MinPolqaSfbRecording_cut.wav,2.375,1.187734939,0.823058321,8
28212650_MinPolqaSfbRecording_cut.wav,2.625,0.744023809,0.515582195,8
27910396_MinPolqaSfbRecording_cut.wav,3.5,0.534522484,0.370405184,8
27642316_MinPolqaSfbRecording_cut.wav,3.625,1.060660172,0.735,8
28311697_MinPolqaSfbRecording_cut.wav,2.857142857,0.377964473,0.28,7
27551290_MinPolqaSfbRecording_cut.wav,2.0,1.154700538,0.85541413,7
28145945_MinPolqaSfbRecording_cut.wav,3.285714286,0.755928946,0.56,7
27578851_MinPolqaSfbRecording_cut.wav,2.285714286,0.951189731,0.704651214,7
28229219_MinPolqaSfbRecording_cut.wav,3.857142857,0.690065559,0.51120772,7
27655406_MinPolqaSfbRecording_cut.wav,2.285714286,1.380131119,1.022415441,7
27619564_MinPolqaSfbRecording_cut.wav,4.428571429,0.786795792,0.58286648,7
28002937_MinPolqaSfbRecording_cut.wav,2.285714286,1.380131119,1.022415441,7
28536014_MinPolqaSfbRecording_cut.wav,3.857142857,0.690065559,0.51120772,7
28592132_MinPolqaSfbRecording_cut.wav,3.571428571,0.975900073,0.722956891,7
27806460_MinPolqaSfbRecording_cut.wav,2.0,1.069044968,0.740810367,8
28140775_MinPolqaSfbRecording_cut.wav,1.5,1.069044968,0.740810367,8
27735756_MinPolqaSfbRecording_cut.wav,2.0,0.755928946,0.523832034,8
28342380_MinPolqaSfbRecording_cut.wav,3.5,0.9258201,0.641560597,8
28500647_MinPolqaSfbRecording_cut.wav,2.0,0.755928946,0.523832034,8
28065589_MinPolqaSfbRecording_cut.wav,4.375,0.744023809,0.515582195,8
27663704_MinPolqaSfbRecording_cut.wav,1.375,0.744023809,0.515582195,8
27741576_MinPolqaSfbRecording_cut.wav,3.5,0.755928946,0.523832034,8
28518019_MinPolqaSfbRecording_cut.wav,3.625,0.916125381,0.6348425,8
28417953_MinPolqaSfbRecording_cut.wav,1.6,0.966091783,0.598789891,10
28319391_MinPolqaSfbRecording_cut.wav,3.3,0.483045892,0.299394945,10
28468058_MinPolqaSfbRecording_cut.wav,1.3,0.948683298,0.588,10
27611431_MinPolqaSfbRecording_cut.wav,1.7,1.059349905,0.656591874,10
28129556_MinPolqaSfbRecording_cut.wav,1.8,1.229272594,0.761911048,10
27888396_MinPolqaSfbRecording_cut.wav,4.1,0.567646212,0.351830767,10
28002570_MinPolqaSfbRecording_cut.wav,4.4,0.516397779,0.32006666,10
28042503_MinPolqaSfbRecording_cut.wav,4.4,0.516397779,0.32006666,10
27618820_MinPolqaSfbRecording_cut.wav,1.9,0.737864787,0.457333333,10
27628515_MinPolqaSfbRecording_cut.wav,1.7,0.823272602,0.510269645,10
27764921_MinPolqaSfbRecording_cut.wav,2.7,1.159501809,0.718666667,10
28451244_MinPolqaSfbRecording_cut.wav,1.7,0.674948558,0.41833745,10
28247667_MinPolqaSfbRecording_cut.wav,3.7,0.823272602,0.510269645,10
28547221_MinPolqaSfbRecording_cut.wav,4.0,0.666666667,0.413204281,10
28592746_MinPolqaSfbRecording_cut.wav,2.7,1.059349905,0.656591874,10
28557072_MinPolqaSfbRecording_cut.wav,3.625,1.505940617,1.043563606,8
27578448_MinPolqaSfbRecording_cut.wav,3.5,0.534522484,0.370405184,8
27968405_MinPolqaSfbRecording_cut.wav,1.375,0.51754917,0.358643277,8
28232330_MinPolqaSfbRecording_cut.wav,3.125,0.991031209,0.68674959,8
28587894_MinPolqaSfbRecording_cut.wav,1.75,0.707106781,0.49,8
27621421_MinPolqaSfbRecording_cut.wav,2.375,0.916125381,0.6348425,8
28143346_MinPolqaSfbRecording_cut.wav,3.625,0.744023809,0.515582195,8
28425863_MinPolqaSfbRecording_cut.wav,1.75,0.707106781,0.49,8
27606331_MinPolqaSfbRecording_cut.wav,3.125,0.640869944,0.444100214,8
28317195_MinPolqaSfbRecording_cut.wav,3.333333333,0.866025404,0.565803264,9
27865778_MinPolqaSfbRecording_cut.wav,3.777777778,0.440958552,0.288092921,9
27692401_MinPolqaSfbRecording_cut.wav,2.666666667,0.866025404,0.565803264,9
27578915_MinPolqaSfbRecording_cut.wav,3.222222222,0.971825316,0.634925873,9
27951509_MinPolqaSfbRecording_cut.wav,3.333333333,0.707106781,0.46197643,9
28238165_MinPolqaSfbRecording_cut.wav,3.777777778,0.440958552,0.288092921,9
28346578_MinPolqaSfbRecording_cut.wav,2.666666667,1.0,0.653333333,9
27645017_MinPolqaSfbRecording_cut.wav,3.666666667,0.707106781,0.46197643,9
28110404_MinPolqaSfbRecording_cut.wav,1.6,0.699205899,0.433372306,10
27904386_MinPolqaSfbRecording_cut.wav,3.8,0.632455532,0.392,10
27788100_MinPolqaSfbRecording_cut.wav,2.2,1.316561177,0.816013072,10
27620169_MinPolqaSfbRecording_cut.wav,2.3,1.159501809,0.718666667,10
27757801_MinPolqaSfbRecording_cut.wav,3.3,1.159501809,0.718666667,10
28029160_MinPolqaSfbRecording_cut.wav,2.8,0.788810638,0.488909899,10
27974483_MinPolqaSfbRecording_cut.wav,2.8,1.032795559,0.640133319,10
28206700_MinPolqaSfbRecording_cut.wav,2.7,0.948683298,0.588,10
28263391_MinPolqaSfbRecording_cut.wav,4.2,0.788810638,0.488909899,10
28476846_MinPolqaSfbRecording_cut.wav,4.4,0.699205899,0.433372306,10
28104646_MinPolqaSfbRecording_cut.wav,1.6,0.699205899,0.433372306,10
28122385_MinPolqaSfbRecording_cut.wav,3.3,0.948683298,0.588,10
28539075_MinPolqaSfbRecording_cut.wav,1.1,0.316227766,0.196,10
28288674_MinPolqaSfbRecording_cut.wav,3.5,0.849836586,0.526734173,10
28294567_MinPolqaSfbRecording_cut.wav,1.2,0.421637021,0.261333333,10
27984944_MinPolqaSfbRecording_cut.wav,2.8,1.135292424,0.703661535,10
27946079_MinPolqaSfbRecording_cut.wav,1.555555556,1.013793755,0.662345253,9
27756835_MinPolqaSfbRecording_cut.wav,2.777777778,0.666666667,0.435555556,9
28268706_MinPolqaSfbRecording_cut.wav,3.555555556,0.726483157,0.474635663,9
28263507_MinPolqaSfbRecording_cut.wav,2.111111111,0.78173596,0.510734161,9
28448389_MinPolqaSfbRecording_cut.wav,3.222222222,0.666666667,0.435555556,9
27688203_MinPolqaSfbRecording_cut.wav,2.888888889,0.78173596,0.510734161,9
28435402_MinPolqaSfbRecording_cut.wav,1.666666667,0.707106781,0.46197643,9
27850923_MinPolqaSfbRecording_cut.wav,1.555555556,0.881917104,0.576185841,9
28194647_MinPolqaSfbRecording_cut.wav,1.444444444,0.726483157,0.474635663,9
28544710_MinPolqaSfbRecording_cut.wav,3.444444444,0.881917104,0.576185841,9
28047204_MinPolqaSfbRecording_cut.wav,3.888888889,1.166666667,0.762222222,9
28140055_MinPolqaSfbRecording_cut.wav,2.222222222,0.971825316,0.634925873,9
28026931_MinPolqaSfbRecording_cut.wav,1.777777778,0.666666667,0.435555556,9
27623562_MinPolqaSfbRecording_cut.wav,2.111111111,0.927960727,0.606267675,9
27887716_MinPolqaSfbRecording_cut.wav,3.0,1.224744871,0.800166649,9
28598379_MinPolqaSfbRecording_cut.wav,2.555555556,0.881917104,0.576185841,9
27686743_MinPolqaSfbRecording_cut.wav,3.444444444,0.726483157,0.474635663,9
27711373_MinPolqaSfbRecording_cut.wav,4.0,0.707106781,0.46197643,9
28165914_MinPolqaSfbRecording_cut.wav,1.888888889,1.269295518,0.829273072,9
27889376_MinPolqaSfbRecording_cut.wav,2.666666667,0.866025404,0.565803264,9
27940649_MinPolqaSfbRecording_cut.wav,3.333333333,0.866025404,0.565803264,9
28209654_MinPolqaSfbRecording_cut.wav,3.888888889,0.600925213,0.392604472,9
28444964_MinPolqaSfbRecording_cut.wav,2.111111111,0.927960727,0.606267675,9
27849403_MinPolqaSfbRecording_cut.wav,3.444444444,0.527046277,0.344336901,9
28432287_MinPolqaSfbRecording_cut.wav,2.375,1.187734939,0.823058321,8
28124564_MinPolqaSfbRecording_cut.wav,4.0,0.9258201,0.641560597,8
27637648_MinPolqaSfbRecording_cut.wav,3.375,0.916125381,0.6348425,8
28430733_MinPolqaSfbRecording_cut.wav,2.75,1.281739889,0.888200428,8
27517637_MinPolqaSfbRecording_cut.wav,3.75,1.035098339,0.717286554,8
28141202_MinPolqaSfbRecording_cut.wav,1.875,0.83452296,0.578294907,8
27709413_MinPolqaSfbRecording_cut.wav,2.111111111,0.927960727,0.606267675,9
27753381_MinPolqaSfbRecording_cut.wav,4.111111111,0.78173596,0.510734161,9
28593979_MinPolqaSfbRecording_cut.wav,2.666666667,1.118033989,0.730448873,9
27885244_MinPolqaSfbRecording_cut.wav,3.888888889,0.600925213,0.392604472,9
28059994_MinPolqaSfbRecording_cut.wav,4.111111111,0.600925213,0.392604472,9
28540973_MinPolqaSfbRecording_cut.wav,2.333333333,1.118033989,0.730448873,9
27608500_MinPolqaSfbRecording_cut.wav,2.555555556,0.881917104,0.576185841,9
28199513_MinPolqaSfbRecording_cut.wav,3.555555556,0.527046277,0.344336901,9
27681069_MinPolqaSfbRecording_cut.wav,3.666666667,0.5,0.326666667,9
28453772_MinPolqaSfbRecording_cut.wav,4.111111111,0.78173596,0.510734161,9
27890522_MinPolqaSfbRecording_cut.wav,2.555555556,0.527046277,0.344336901,9
27977196_MinPolqaSfbRecording_cut.wav,1.555555556,0.726483157,0.474635663,9
27552458_MinPolqaSfbRecording_cut.wav,1.555555556,0.726483157,0.474635663,9
28417494_MinPolqaSfbRecording_cut.wav,1.555555556,0.527046277,0.344336901,9
28519093_MinPolqaSfbRecording_cut.wav,3.888888889,0.600925213,0.392604472,9
28435243_MinPolqaSfbRecording_cut.wav,2.444444444,1.333333333,0.871111111,9
28418442_MinPolqaSfbRecording_cut.wav,2.888888889,0.78173596,0.510734161,9
27973071_MinPolqaSfbRecording_cut.wav,4.375,0.744023809,0.515582195,8
28302893_MinPolqaSfbRecording_cut.wav,3.5,0.9258201,0.641560597,8
28356886_MinPolqaSfbRecording_cut.wav,1.625,0.744023809,0.515582195,8
27977319_MinPolqaSfbRecording_cut.wav,3.75,1.035098339,0.717286554,8
28532145_MinPolqaSfbRecording_cut.wav,3.625,0.916125381,0.6348425,8
28219647_MinPolqaSfbRecording_cut.wav,4.25,0.46291005,0.320780299,8
28011944_MinPolqaSfbRecording_cut.wav,3.375,0.916125381,0.6348425,8
28281501_MinPolqaSfbRecording_cut.wav,3.125,1.125991626,0.780272388,8
28288933_MinPolqaSfbRecording_cut.wav,2.375,0.916125381,0.6348425,8
28161729_MinPolqaSfbRecording_cut.wav,4.125,0.83452296,0.578294907,8
28207386_MinPolqaSfbRecording_cut.wav,3.5,0.534522484,0.370405184,8
28061958_MinPolqaSfbRecording_cut.wav,3.125,0.640869944,0.444100214,8
28554504_MinPolqaSfbRecording_cut.wav,2.25,0.88640526,0.614247507,8
27977917_MinPolqaSfbRecording_cut.wav,4.375,0.916125381,0.6348425,8
27954886_MinPolqaSfbRecording_cut.wav,3.375,1.060660172,0.735,8
28297273_MinPolqaSfbRecording_cut.wav,1.875,0.991031209,0.68674959,8
28173587_MinPolqaSfbRecording_cut.wav,2.375,0.744023809,0.515582195,8
28296268_MinPolqaSfbRecording_cut.wav,2.333333333,1.032795559,0.826408562,6
28146180_MinPolqaSfbRecording_cut.wav,3.666666667,1.211060142,0.969049936,6
27625180_MinPolqaSfbRecording_cut.wav,4.166666667,0.752772653,0.602343571,6
28292588_MinPolqaSfbRecording_cut.wav,4.166666667,0.752772653,0.602343571,6
27516586_MinPolqaSfbRecording_cut.wav,3.666666667,1.032795559,0.826408562,6
27936272_MinPolqaSfbRecording_cut.wav,4.0,1.095445115,0.876538647,6
28046559_MinPolqaSfbRecording_cut.wav,2.0,1.095445115,0.876538647,6
27935627_MinPolqaSfbRecording_cut.wav,3.333333333,1.366260102,1.093235768,6
28290953_MinPolqaSfbRecording_cut.wav,2.333333333,0.816496581,0.653333333,6
27683528_MinPolqaSfbRecording_cut.wav,2.833333333,1.329160136,1.063549612,6
28155152_MinPolqaSfbRecording_cut.wav,4.111111111,0.333333333,0.217777778,9
28177154_MinPolqaSfbRecording_cut.wav,2.333333333,1.118033989,0.730448873,9
28139622_MinPolqaSfbRecording_cut.wav,3.555555556,0.527046277,0.344336901,9
28194002_MinPolqaSfbRecording_cut.wav,3.777777778,0.440958552,0.288092921,9
27602839_MinPolqaSfbRecording_cut.wav,1.777777778,0.440958552,0.288092921,9
27714503_MinPolqaSfbRecording_cut.wav,3.777777778,0.833333333,0.544444444,9
28428810_MinPolqaSfbRecording_cut.wav,2.666666667,1.224744871,0.800166649,9
27842524_MinPolqaSfbRecording_cut.wav,3.333333333,0.707106781,0.46197643,9
27983193_MinPolqaSfbRecording_cut.wav,4.111111111,0.333333333,0.217777778,9
28514249_MinPolqaSfbRecording_cut.wav,2.625,1.060660172,0.735,8
28193993_MinPolqaSfbRecording_cut.wav,3.25,0.707106781,0.49,8
28444970_MinPolqaSfbRecording_cut.wav,1.125,0.353553391,0.245,8
27718391_MinPolqaSfbRecording_cut.wav,2.625,0.744023809,0.515582195,8
28106249_MinPolqaSfbRecording_cut.wav,3.875,0.640869944,0.444100214,8
28006864_MinPolqaSfbRecording_cut.wav,3.625,1.060660172,0.735,8
27662007_MinPolqaSfbRecording_cut.wav,3.0,0.9258201,0.641560597,8
27687189_MinPolqaSfbRecording_cut.wav,2.0,0.9258201,0.641560597,8
28107987_MinPolqaSfbRecording_cut.wav,3.625,1.060660172,0.735,8
28262629_MinPolqaSfbRecording_cut.wav,2.5,0.755928946,0.523832034,8
28106394_MinPolqaSfbRecording_cut.wav,3.833333333,0.752772653,0.602343571,6
28540448_MinPolqaSfbRecording_cut.wav,3.833333333,0.98319208,0.786717512,6
28355777_MinPolqaSfbRecording_cut.wav,3.666666667,0.516397779,0.413204281,6
28104178_MinPolqaSfbRecording_cut.wav,3.5,1.048808848,0.839221862,6
28366144_MinPolqaSfbRecording_cut.wav,3.333333333,1.366260102,1.093235768,6
27862672_MinPolqaSfbRecording_cut.wav,4.5,0.547722558,0.438269324,6
28499179_MinPolqaSfbRecording_cut.wav,4.0,0.894427191,0.715690808,6
27817461_MinPolqaSfbRecording_cut.wav,1.375,0.51754917,0.358643277,8
27595702_MinPolqaSfbRecording_cut.wav,1.875,0.83452296,0.578294907,8
27643107_MinPolqaSfbRecording_cut.wav,3.875,0.83452296,0.578294907,8
28482046_MinPolqaSfbRecording_cut.wav,3.375,0.744023809,0.515582195,8
27960468_MinPolqaSfbRecording_cut.wav,1.875,0.83452296,0.578294907,8
27817709_MinPolqaSfbRecording_cut.wav,3.25,0.46291005,0.320780299,8
28173506_MinPolqaSfbRecording_cut.wav,4.125,0.83452296,0.578294907,8
27795808_MinPolqaSfbRecording_cut.wav,1.75,0.88640526,0.614247507,8
28475049_MinPolqaSfbRecording_cut.wav,1.75,0.707106781,0.49,8
28191215_MinPolqaSfbRecording_cut.wav,2.875,0.640869944,0.444100214,8
28431288_MinPolqaSfbRecording_cut.wav,1.3,0.674948558,0.41833745,10
28361872_MinPolqaSfbRecording_cut.wav,3.9,0.875595036,0.542699426,10
27525700_MinPolqaSfbRecording_cut.wav,1.8,1.032795559,0.640133319,10
27602101_MinPolqaSfbRecording_cut.wav,3.1,0.737864787,0.457333333,10
27885329_MinPolqaSfbRecording_cut.wav,2.1,0.737864787,0.457333333,10
27749419_MinPolqaSfbRecording_cut.wav,3.6,0.966091783,0.598789891,10
27675176_MinPolqaSfbRecording_cut.wav,2.5,1.178511302,0.730448873,10
28274022_MinPolqaSfbRecording_cut.wav,2.9,0.737864787,0.457333333,10
27934465_MinPolqaSfbRecording_cut.wav,3.714285714,0.755928946,0.56,7
27629921_MinPolqaSfbRecording_cut.wav,4.0,0.577350269,0.427707065,7
28477493_MinPolqaSfbRecording_cut.wav,3.285714286,0.487950036,0.361478446,7
28013461_MinPolqaSfbRecording_cut.wav,2.0,0.816496581,0.604869132,7
28317493_MinPolqaSfbRecording_cut.wav,4.0,0.816496581,0.604869132,7
27808752_MinPolqaSfbRecording_cut.wav,2.0,1.154700538,0.85541413,7
27797467_MinPolqaSfbRecording_cut.wav,3.714285714,0.755928946,0.56,7
28263246_MinPolqaSfbRecording_cut.wav,2.142857143,0.690065559,0.51120772,7
27794593_MinPolqaSfbRecording_cut.wav,3.571428571,0.786795792,0.58286648,7
28156857_MinPolqaSfbRecording_cut.wav,2.714285714,0.755928946,0.56,7
28024615_MinPolqaSfbRecording_cut.wav,2.0,1.154700538,0.85541413,7
28437497_MinPolqaSfbRecording_cut.wav,1.857142857,0.690065559,0.51120772,7
27593925_MinPolqaSfbRecording_cut.wav,3.428571429,0.975900073,0.722956891,7
28175187_MinPolqaSfbRecording_cut.wav,4.714285714,0.487950036,0.361478446,7
27517475_MinPolqaSfbRecording_cut.wav,3.857142857,0.899735411,0.66653332,7
27770975_MinPolqaSfbRecording_cut.wav,2.0,1.0,0.740810367,7
28467897_MinPolqaSfbRecording_cut.wav,4.0,0.816496581,0.604869132,7
28030045_MinPolqaSfbRecording_cut.wav,3.285714286,0.755928946,0.56,7
27891673_MinPolqaSfbRecording_cut.wav,3.142857143,0.377964473,0.28,7
28600138_MinPolqaSfbRecording_cut.wav,2.142857143,0.899735411,0.66653332,7
28244900_MinPolqaSfbRecording_cut.wav,2.857142857,0.690065559,0.51120772,7
28018494_MinPolqaSfbRecording_cut.wav,3.857142857,0.377964473,0.28,7
28494925_MinPolqaSfbRecording_cut.wav,1.142857143,0.377964473,0.28,7
28279466_MinPolqaSfbRecording_cut.wav,4.285714286,0.755928946,0.56,7
27681010_MinPolqaSfbRecording_cut.wav,3.714285714,0.755928946,0.56,7
28117239_MinPolqaSfbRecording_cut.wav,1.714285714,0.487950036,0.361478446,7
28360837_MinPolqaSfbRecording_cut.wav,2.142857143,0.377964473,0.28,7
27780864_MinPolqaSfbRecording_cut.wav,3.142857143,0.377964473,0.28,7
28429385_MinPolqaSfbRecording_cut.wav,2.1,1.197219,0.742044024,10
28454112_MinPolqaSfbRecording_cut.wav,3.3,0.483045892,0.299394945,10
27562329_MinPolqaSfbRecording_cut.wav,1.8,1.229272594,0.761911048,10
28588807_MinPolqaSfbRecording_cut.wav,3.8,0.788810638,0.488909899,10
27520960_MinPolqaSfbRecording_cut.wav,3.9,0.567646212,0.351830767,10
27686427_MinPolqaSfbRecording_cut.wav,3.6,0.516397779,0.32006666,10
27599990_MinPolqaSfbRecording_cut.wav,2.3,1.159501809,0.718666667,10
28196198_MinPolqaSfbRecording_cut.wav,3.4,1.0749677,0.666271883,10
28107601_MinPolqaSfbRecording_cut.wav,3.3,0.483045892,0.299394945,10
27654131_MinPolqaSfbRecording_cut.wav,2.555555556,0.726483157,0.474635663,9
28443440_MinPolqaSfbRecording_cut.wav,4.111111111,0.78173596,0.510734161,9
28452291_MinPolqaSfbRecording_cut.wav,4.555555556,0.527046277,0.344336901,9
27653130_MinPolqaSfbRecording_cut.wav,2.0,0.707106781,0.46197643,9
28151281_MinPolqaSfbRecording_cut.wav,4.333333333,0.5,0.326666667,9
27552054_MinPolqaSfbRecording_cut.wav,2.111111111,1.054092553,0.688673802,9
27601115_MinPolqaSfbRecording_cut.wav,2.666666667,1.5,0.98,9
27800186_MinPolqaSfbRecording_cut.wav,4.111111111,0.927960727,0.606267675,9
28471866_MinPolqaSfbRecording_cut.wav,4.222222222,0.666666667,0.435555556,9
27727210_MinPolqaSfbRecording_cut.wav,3.75,0.46291005,0.320780299,8
28079916_MinPolqaSfbRecording_cut.wav,2.5,0.755928946,0.523832034,8
27880236_MinPolqaSfbRecording_cut.wav,1.75,0.46291005,0.320780299,8
28089442_MinPolqaSfbRecording_cut.wav,4.25,0.707106781,0.49,8
28285072_MinPolqaSfbRecording_cut.wav,2.125,0.991031209,0.68674959,8
28308572_MinPolqaSfbRecording_cut.wav,2.375,0.744023809,0.515582195,8
28451018_MinPolqaSfbRecording_cut.wav,4.375,0.744023809,0.515582195,8
28418034_MinPolqaSfbRecording_cut.wav,2.25,1.164964745,0.807279382,8
28481204_MinPolqaSfbRecording_cut.wav,2.5,1.309307341,0.907303698,8
28263264_MinPolqaSfbRecording_cut.wav,3.625,0.51754917,0.358643277,8
28156885_MinPolqaSfbRecording_cut.wav,3.0,0.534522484,0.370405184,8
27924367_MinPolqaSfbRecording_cut.wav,3.75,0.707106781,0.49,8
27644391_MinPolqaSfbRecording_cut.wav,2.25,0.46291005,0.320780299,8
27780740_MinPolqaSfbRecording_cut.wav,3.875,0.353553391,0.245,8
28480212_MinPolqaSfbRecording_cut.wav,3.875,0.640869944,0.444100214,8
27550551_MinPolqaSfbRecording_cut.wav,3.25,0.88640526,0.614247507,8
27842106_MinPolqaSfbRecording_cut.wav,3.25,0.88640526,0.614247507,8
27854799_MinPolqaSfbRecording_cut.wav,1.625,0.744023809,0.515582195,8
27575368_MinPolqaSfbRecording_cut.wav,1.875,0.640869944,0.444100214,8
28101235_MinPolqaSfbRecording_cut.wav,2.75,0.46291005,0.320780299,8
27799326_MinPolqaSfbRecording_cut.wav,3.25,0.46291005,0.320780299,8
27685977_MinPolqaSfbRecording_cut.wav,1.625,0.744023809,0.515582195,8
28014772_MinPolqaSfbRecording_cut.wav,3.5,0.755928946,0.523832034,8
28291165_MinPolqaSfbRecording_cut.wav,1.5,0.755928946,0.523832034,8
28209280_MinPolqaSfbRecording_cut.wav,2.75,0.46291005,0.320780299,8
28161317_MinPolqaSfbRecording_cut.wav,1.125,0.353553391,0.245,8
28122773_MinPolqaSfbRecording_cut.wav,3.444444444,0.527046277,0.344336901,9
28049048_MinPolqaSfbRecording_cut.wav,3.777777778,0.440958552,0.288092921,9
27875850_MinPolqaSfbRecording_cut.wav,3.888888889,0.333333333,0.217777778,9
28058997_MinPolqaSfbRecording_cut.wav,3.888888889,0.78173596,0.510734161,9
27844254_MinPolqaSfbRecording_cut.wav,1.666666667,1.0,0.653333333,9
27920118_MinPolqaSfbRecording_cut.wav,4.333333333,0.707106781,0.46197643,9
27759070_MinPolqaSfbRecording_cut.wav,3.666666667,0.707106781,0.46197643,9
28131798_MinPolqaSfbRecording_cut.wav,3.333333333,0.5,0.326666667,9
27715586_MinPolqaSfbRecording_cut.wav,3.111111111,0.600925213,0.392604472,9
28001804_MinPolqaSfbRecording_cut.wav,4.222222222,0.666666667,0.435555556,9
27730115_MinPolqaSfbRecording_cut.wav,4.444444444,0.527046277,0.344336901,9
28241604_MinPolqaSfbRecording_cut.wav,3.666666667,0.866025404,0.565803264,9
27704944_MinPolqaSfbRecording_cut.wav,4.444444444,0.726483157,0.474635663,9
27650950_MinPolqaSfbRecording_cut.wav,4.111111111,0.600925213,0.392604472,9
27575674_MinPolqaSfbRecording_cut.wav,4.222222222,0.666666667,0.435555556,9
27616054_MinPolqaSfbRecording_cut.wav,3.444444444,0.527046277,0.344336901,9
28155130_MinPolqaSfbRecording_cut.wav,4.555555556,0.527046277,0.344336901,9
28120354_MinPolqaSfbRecording_cut.wav,4.0,0.534522484,0.370405184,8
28597072_MinPolqaSfbRecording_cut.wav,4.375,0.916125381,0.6348425,8
27902791_MinPolqaSfbRecording_cut.wav,3.5,0.534522484,0.370405184,8
28225880_MinPolqaSfbRecording_cut.wav,3.0,0.9258201,0.641560597,8
28480392_MinPolqaSfbRecording_cut.wav,3.875,0.83452296,0.578294907,8
27628961_MinPolqaSfbRecording_cut.wav,2.5,0.755928946,0.523832034,8
28110135_MinPolqaSfbRecording_cut.wav,3.125,0.991031209,0.68674959,8
28190096_MinPolqaSfbRecording_cut.wav,4.125,0.640869944,0.444100214,8
28221122_MinPolqaSfbRecording_cut.wav,2.125,0.83452296,0.578294907,8
28593834_MinPolqaSfbRecording_cut.wav,1.777777778,0.971825316,0.634925873,9
28443382_MinPolqaSfbRecording_cut.wav,2.222222222,1.301708279,0.850449409,9
28204380_MinPolqaSfbRecording_cut.wav,3.111111111,0.78173596,0.510734161,9
27580235_MinPolqaSfbRecording_cut.wav,3.0,0.707106781,0.46197643,9
28301293_MinPolqaSfbRecording_cut.wav,2.111111111,1.054092553,0.688673802,9
27697872_MinPolqaSfbRecording_cut.wav,3.111111111,0.600925213,0.392604472,9
27927256_MinPolqaSfbRecording_cut.wav,3.333333333,1.118033989,0.730448873,9
28069285_MinPolqaSfbRecording_cut.wav,3.888888889,0.333333333,0.217777778,9
27652992_MinPolqaSfbRecording_cut.wav,3.625,0.51754917,0.358643277,8
28230242_MinPolqaSfbRecording_cut.wav,2.25,1.035098339,0.717286554,8
27677309_MinPolqaSfbRecording_cut.wav,4.5,0.755928946,0.523832034,8
27974502_MinPolqaSfbRecording_cut.wav,4.125,0.640869944,0.444100214,8
28530016_MinPolqaSfbRecording_cut.wav,3.375,0.51754917,0.358643277,8
28252356_MinPolqaSfbRecording_cut.wav,2.875,0.640869944,0.444100214,8
28282614_MinPolqaSfbRecording_cut.wav,3.75,0.707106781,0.49,8
28224054_MinPolqaSfbRecording_cut.wav,4.125,0.353553391,0.245,8
27961540_MinPolqaSfbRecording_cut.wav,3.333333333,0.866025404,0.565803264,9
28453854_MinPolqaSfbRecording_cut.wav,1.888888889,0.600925213,0.392604472,9
27743476_MinPolqaSfbRecording_cut.wav,4.444444444,0.726483157,0.474635663,9
28422725_MinPolqaSfbRecording_cut.wav,1.0,0.0,0.0,9
28167053_MinPolqaSfbRecording_cut.wav,3.666666667,0.866025404,0.565803264,9
28528002_MinPolqaSfbRecording_cut.wav,3.333333333,0.5,0.326666667,9
28325810_MinPolqaSfbRecording_cut.wav,3.333333333,0.707106781,0.46197643,9
27847269_MinPolqaSfbRecording_cut.wav,3.111111111,1.054092553,0.688673802,9
28448573_MinPolqaSfbRecording_cut.wav,3.555555556,0.726483157,0.474635663,9
27808603_MinPolqaSfbRecording_cut.wav,4.0,0.577350269,0.427707065,7
27679763_MinPolqaSfbRecording_cut.wav,2.0,0.816496581,0.604869132,7
28326626_MinPolqaSfbRecording_cut.wav,3.0,0.577350269,0.427707065,7
28182204_MinPolqaSfbRecording_cut.wav,3.285714286,0.755928946,0.56,7
28590257_MinPolqaSfbRecording_cut.wav,4.142857143,0.899735411,0.66653332,7
27659304_MinPolqaSfbRecording_cut.wav,3.428571429,0.534522484,0.395979797,7
28115111_MinPolqaSfbRecording_cut.wav,4.0,0.0,0.0,7
28295373_MinPolqaSfbRecording_cut.wav,3.857142857,0.690065559,0.51120772,7
28499597_MinPolqaSfbRecording_cut.wav,2.111111111,1.054092553,0.688673802,9
28171389_MinPolqaSfbRecording_cut.wav,2.222222222,0.833333333,0.544444444,9
28529175_MinPolqaSfbRecording_cut.wav,3.111111111,0.600925213,0.392604472,9
27932381_MinPolqaSfbRecording_cut.wav,3.555555556,0.726483157,0.474635663,9
27712421_MinPolqaSfbRecording_cut.wav,3.777777778,0.666666667,0.435555556,9
28224417_MinPolqaSfbRecording_cut.wav,1.444444444,1.013793755,0.662345253,9
28423512_MinPolqaSfbRecording_cut.wav,2.888888889,0.333333333,0.217777778,9
28090138_MinPolqaSfbRecording_cut.wav,4.285714286,0.951189731,0.704651214,7
27696079_MinPolqaSfbRecording_cut.wav,4.142857143,0.899735411,0.66653332,7
28123487_MinPolqaSfbRecording_cut.wav,1.714285714,0.951189731,0.704651214,7
27832501_MinPolqaSfbRecording_cut.wav,4.285714286,0.951189731,0.704651214,7
27847977_MinPolqaSfbRecording_cut.wav,4.285714286,0.755928946,0.56,7
27666600_MinPolqaSfbRecording_cut.wav,4.142857143,0.899735411,0.66653332,7
28222214_MinPolqaSfbRecording_cut.wav,2.0,0.816496581,0.604869132,7
28598061_MinPolqaSfbRecording_cut.wav,3.571428571,1.397276262,1.035116741,7
28548948_MinPolqaSfbRecording_cut.wav,3.333333333,0.5,0.326666667,9
28424818_MinPolqaSfbRecording_cut.wav,4.111111111,0.78173596,0.510734161,9
27646260_MinPolqaSfbRecording_cut.wav,3.777777778,0.833333333,0.544444444,9
28128125_MinPolqaSfbRecording_cut.wav,4.0,0.707106781,0.46197643,9
28209090_MinPolqaSfbRecording_cut.wav,4.0,0.707106781,0.46197643,9
28016558_MinPolqaSfbRecording_cut.wav,2.555555556,1.013793755,0.662345253,9
27886468_MinPolqaSfbRecording_cut.wav,2.666666667,1.224744871,0.800166649,9
28326774_MinPolqaSfbRecording_cut.wav,4.111111111,0.78173596,0.510734161,9
27972056_MinPolqaSfbRecording_cut.wav,2.444444444,1.130388331,0.738520376,9
27981646_MinPolqaSfbRecording_cut.wav,3.5,0.755928946,0.523832034,8
28337014_MinPolqaSfbRecording_cut.wav,2.875,0.640869944,0.444100214,8
28321038_MinPolqaSfbRecording_cut.wav,2.25,0.88640526,0.614247507,8
28309132_MinPolqaSfbRecording_cut.wav,2.5,0.755928946,0.523832034,8
27675816_MinPolqaSfbRecording_cut.wav,3.5,0.534522484,0.370405184,8
28101429_MinPolqaSfbRecording_cut.wav,2.5,0.755928946,0.523832034,8
28327758_MinPolqaSfbRecording_cut.wav,2.25,0.88640526,0.614247507,8
27807579_MinPolqaSfbRecording_cut.wav,3.375,0.744023809,0.515582195,8
27828083_MinPolqaSfbRecording_cut.wav,3.625,0.51754917,0.358643277,8
28472878_MinPolqaSfbRecording_cut.wav,3.375,0.51754917,0.358643277,8
27759622_MinPolqaSfbRecording_cut.wav,2.375,1.060660172,0.735,8
27713165_MinPolqaSfbRecording_cut.wav,3.875,0.640869944,0.444100214,8
28153471_MinPolqaSfbRecording_cut.wav,1.375,0.51754917,0.358643277,8
28446109_MinPolqaSfbRecording_cut.wav,2.25,1.164964745,0.807279382,8
28232857_MinPolqaSfbRecording_cut.wav,2.5,1.069044968,0.740810367,8
27654168_MinPolqaSfbRecording_cut.wav,4.0,0.755928946,0.523832034,8
28104111_MinPolqaSfbRecording_cut.wav,1.625,0.51754917,0.358643277,8
27523446_MinPolqaSfbRecording_cut.wav,2.888888889,0.78173596,0.510734161,9
27853726_MinPolqaSfbRecording_cut.wav,3.888888889,0.78173596,0.510734161,9
27516120_MinPolqaSfbRecording_cut.wav,3.777777778,0.833333333,0.544444444,9
27656088_MinPolqaSfbRecording_cut.wav,1.111111111,0.333333333,0.217777778,9
28532605_MinPolqaSfbRecording_cut.wav,1.888888889,0.78173596,0.510734161,9
28590944_MinPolqaSfbRecording_cut.wav,3.333333333,0.707106781,0.46197643,9
27693838_MinPolqaSfbRecording_cut.wav,3.444444444,0.726483157,0.474635663,9
28457195_MinPolqaSfbRecording_cut.wav,1.0,0.0,0.0,9
27675956_MinPolqaSfbRecording_cut.wav,1.444444444,0.527046277,0.344336901,9
27901204_MinPolqaSfbRecording_cut.wav,1.777777778,0.440958552,0.288092921,9
27723243_MinPolqaSfbRecording_cut.wav,3.444444444,0.527046277,0.344336901,9
27655405_MinPolqaSfbRecording_cut.wav,2.444444444,1.130388331,0.738520376,9
28205601_MinPolqaSfbRecording_cut.wav,2.777777778,0.971825316,0.634925873,9
28076091_MinPolqaSfbRecording_cut.wav,4.0,0.5,0.326666667,9
28510824_MinPolqaSfbRecording_cut.wav,4.555555556,0.527046277,0.344336901,9
28545082_MinPolqaSfbRecording_cut.wav,2.777777778,0.971825316,0.634925873,9
28239584_MinPolqaSfbRecording_cut.wav,4.111111111,0.78173596,0.510734161,9
27953695_MinPolqaSfbRecording_cut.wav,4.0,0.5,0.326666667,9
27901617_MinPolqaSfbRecording_cut.wav,4.222222222,0.833333333,0.544444444,9
27849291_MinPolqaSfbRecording_cut.wav,4.0,0.5,0.326666667,9
28279584_MinPolqaSfbRecording_cut.wav,3.666666667,0.707106781,0.46197643,9
28314864_MinPolqaSfbRecording_cut.wav,4.0,0.707106781,0.46197643,9
28554585_MinPolqaSfbRecording_cut.wav,4.111111111,0.78173596,0.510734161,9
28600857_MinPolqaSfbRecording_cut.wav,2.111111111,0.78173596,0.510734161,9
27889335_MinPolqaSfbRecording_cut.wav,3.777777778,0.971825316,0.634925873,9
27948364_MinPolqaSfbRecording_cut.wav,4.222222222,0.666666667,0.435555556,9
28430853_MinPolqaSfbRecording_cut.wav,1.0,0.0,0.0,9
27561750_MinPolqaSfbRecording_cut.wav,2.0,0.866025404,0.565803264,9
27870936_MinPolqaSfbRecording_cut.wav,4.0,0.666666667,0.413204281,10
27933178_MinPolqaSfbRecording_cut.wav,2.9,0.567646212,0.351830767,10
28295354_MinPolqaSfbRecording_cut.wav,4.2,0.632455532,0.392,10
27780578_MinPolqaSfbRecording_cut.wav,2.8,0.632455532,0.392,10
28523403_MinPolqaSfbRecording_cut.wav,4.2,0.632455532,0.392,10
28159086_MinPolqaSfbRecording_cut.wav,2.1,1.197219,0.742044024,10
28303804_MinPolqaSfbRecording_cut.wav,1.666666667,0.866025404,0.565803264,9
28549391_MinPolqaSfbRecording_cut.wav,4.222222222,0.833333333,0.544444444,9
27648356_MinPolqaSfbRecording_cut.wav,2.888888889,0.600925213,0.392604472,9
28311853_MinPolqaSfbRecording_cut.wav,3.222222222,0.833333333,0.544444444,9
27965373_MinPolqaSfbRecording_cut.wav,3.777777778,0.833333333,0.544444444,9
28438607_MinPolqaSfbRecording_cut.wav,1.555555556,0.726483157,0.474635663,9
28367153_MinPolqaSfbRecording_cut.wav,3.666666667,0.707106781,0.46197643,9
28510658_MinPolqaSfbRecording_cut.wav,3.444444444,0.881917104,0.576185841,9
27881319_MinPolqaSfbRecording_cut.wav,3.444444444,0.726483157,0.474635663,9
27639754_MinPolqaSfbRecording_cut.wav,2.625,0.916125381,0.6348425,8
27783774_MinPolqaSfbRecording_cut.wav,3.625,0.744023809,0.515582195,8
27919210_MinPolqaSfbRecording_cut.wav,4.25,0.707106781,0.49,8
28003675_MinPolqaSfbRecording_cut.wav,2.75,1.281739889,0.888200428,8
28319237_MinPolqaSfbRecording_cut.wav,3.0,0.755928946,0.523832034,8
27829935_MinPolqaSfbRecording_cut.wav,3.75,0.707106781,0.49,8
28011350_MinPolqaSfbRecording_cut.wav,1.75,1.164964745,0.807279382,8
27704878_MinPolqaSfbRecording_cut.wav,3.875,0.83452296,0.578294907,8
28520345_MinPolqaSfbRecording_cut.wav,2.375,0.916125381,0.6348425,8
27700304_MinPolqaSfbRecording_cut.wav,1.75,1.164964745,0.807279382,8
28030573_MinPolqaSfbRecording_cut.wav,2.666666667,0.707106781,0.46197643,9
27777271_MinPolqaSfbRecording_cut.wav,4.222222222,0.833333333,0.544444444,9
27600186_MinPolqaSfbRecording_cut.wav,4.0,0.707106781,0.46197643,9
27640548_MinPolqaSfbRecording_cut.wav,3.666666667,0.707106781,0.46197643,9
27784552_MinPolqaSfbRecording_cut.wav,4.111111111,0.927960727,0.606267675,9
28059810_MinPolqaSfbRecording_cut.wav,2.888888889,1.054092553,0.688673802,9
27692582_MinPolqaSfbRecording_cut.wav,4.111111111,0.78173596,0.510734161,9
28532166_MinPolqaSfbRecording_cut.wav,3.333333333,0.707106781,0.46197643,9
27948226_MinPolqaSfbRecording_cut.wav,2.111111111,1.166666667,0.762222222,9
28509728_MinPolqaSfbRecording_cut.wav,4.333333333,0.707106781,0.46197643,9
27810637_MinPolqaSfbRecording_cut.wav,3.888888889,0.78173596,0.510734161,9
28069418_MinPolqaSfbRecording_cut.wav,3.777777778,0.971825316,0.634925873,9
27953717_MinPolqaSfbRecording_cut.wav,4.0,0.5,0.326666667,9
28321460_MinPolqaSfbRecording_cut.wav,3.222222222,1.201850425,0.785208944,9
28014644_MinPolqaSfbRecording_cut.wav,2.777777778,0.833333333,0.544444444,9
27960108_MinPolqaSfbRecording_cut.wav,3.666666667,0.866025404,0.565803264,9
27569785_MinPolqaSfbRecording_cut.wav,2.222222222,1.201850425,0.785208944,9
28133070_MinPolqaSfbRecording_cut.wav,2.111111111,0.78173596,0.510734161,9
28175009_MinPolqaSfbRecording_cut.wav,3.666666667,0.5,0.326666667,9
27803629_MinPolqaSfbRecording_cut.wav,1.777777778,1.301708279,0.850449409,9
28459564_MinPolqaSfbRecording_cut.wav,3.888888889,0.78173596,0.510734161,9
27851739_MinPolqaSfbRecording_cut.wav,3.666666667,0.5,0.326666667,9
28170388_MinPolqaSfbRecording_cut.wav,4.333333333,0.707106781,0.46197643,9
28127448_MinPolqaSfbRecording_cut.wav,2.555555556,0.726483157,0.474635663,9
27516396_MinPolqaSfbRecording_cut.wav,1.888888889,1.054092553,0.688673802,9
27623528_MinPolqaSfbRecording_cut.wav,3.333333333,0.866025404,0.565803264,9
28526258_MinPolqaSfbRecording_cut.wav,1.888888889,0.600925213,0.392604472,9
27551777_MinPolqaSfbRecording_cut.wav,1.777777778,0.666666667,0.435555556,9
28117849_MinPolqaSfbRecording_cut.wav,2.888888889,0.927960727,0.606267675,9
27693111_MinPolqaSfbRecording_cut.wav,2.888888889,0.600925213,0.392604472,9
28592639_MinPolqaSfbRecording_cut.wav,1.111111111,0.333333333,0.217777778,9
27714319_MinPolqaSfbRecording_cut.wav,2.666666667,0.866025404,0.565803264,9
28211446_MinPolqaSfbRecording_cut.wav,3.555555556,1.013793755,0.662345253,9
28495215_MinPolqaSfbRecording_cut.wav,1.666666667,0.707106781,0.46197643,9
28071241_MinPolqaSfbRecording_cut.wav,3.888888889,0.600925213,0.392604472,9
28518646_MinPolqaSfbRecording_cut.wav,2.875,0.83452296,0.578294907,8
28356208_MinPolqaSfbRecording_cut.wav,2.875,0.640869944,0.444100214,8
27915581_MinPolqaSfbRecording_cut.wav,2.25,1.035098339,0.717286554,8
27512309_MinPolqaSfbRecording_cut.wav,3.375,0.744023809,0.515582195,8
28423821_MinPolqaSfbRecording_cut.wav,2.75,0.707106781,0.49,8
28423394_MinPolqaSfbRecording_cut.wav,1.625,0.916125381,0.6348425,8
27574005_MinPolqaSfbRecording_cut.wav,3.125,1.125991626,0.780272388,8
27649379_MinPolqaSfbRecording_cut.wav,4.0,0.534522484,0.370405184,8
27557672_MinPolqaSfbRecording_cut.wav,3.75,0.707106781,0.49,8
27586371_MinPolqaSfbRecording_cut.wav,2.0,0.942809042,0.584359098,10
28163560_MinPolqaSfbRecording_cut.wav,2.8,1.398411798,0.866744612,10
27610315_MinPolqaSfbRecording_cut.wav,1.8,1.032795559,0.640133319,10
27711337_MinPolqaSfbRecording_cut.wav,1.6,0.699205899,0.433372306,10
28592076_MinPolqaSfbRecording_cut.wav,2.1,0.994428926,0.616353434,10
27732647_MinPolqaSfbRecording_cut.wav,3.8,0.788810638,0.488909899,10
28490659_MinPolqaSfbRecording_cut.wav,3.8,0.918936583,0.569562795,10
28134816_MinPolqaSfbRecording_cut.wav,4.1,0.994428926,0.616353434,10
28165476_MinPolqaSfbRecording_cut.wav,2.3,1.159501809,0.718666667,10
28497053_MinPolqaSfbRecording_cut.wav,2.3,1.251665557,0.77579035,10
28263026_MinPolqaSfbRecording_cut.wav,2.0,1.118033989,0.730448873,9
27866373_MinPolqaSfbRecording_cut.wav,4.222222222,0.666666667,0.435555556,9
27968727_MinPolqaSfbRecording_cut.wav,4.333333333,0.707106781,0.46197643,9
28544353_MinPolqaSfbRecording_cut.wav,3.888888889,0.600925213,0.392604472,9
28282001_MinPolqaSfbRecording_cut.wav,2.666666667,0.707106781,0.46197643,9
28051960_MinPolqaSfbRecording_cut.wav,3.777777778,0.666666667,0.435555556,9
27550690_MinPolqaSfbRecording_cut.wav,3.0,0.5,0.326666667,9
28327801_MinPolqaSfbRecording_cut.wav,4.111111111,0.927960727,0.606267675,9
27906537_MinPolqaSfbRecording_cut.wav,2.333333333,0.707106781,0.46197643,9
27578852_MinPolqaSfbRecording_cut.wav,2.777777778,0.666666667,0.435555556,9
28163827_MinPolqaSfbRecording_cut.wav,2.444444444,1.130388331,0.738520376,9
27915868_MinPolqaSfbRecording_cut.wav,3.777777778,0.666666667,0.435555556,9
27762236_MinPolqaSfbRecording_cut.wav,3.555555556,0.527046277,0.344336901,9
27831533_MinPolqaSfbRecording_cut.wav,3.444444444,0.527046277,0.344336901,9
28274612_MinPolqaSfbRecording_cut.wav,3.666666667,0.707106781,0.46197643,9
28178344_MinPolqaSfbRecording_cut.wav,3.333333333,0.866025404,0.565803264,9
27960467_MinPolqaSfbRecording_cut.wav,1.8,1.032795559,0.640133319,10
28142066_MinPolqaSfbRecording_cut.wav,3.8,0.918936583,0.569562795,10
27795156_MinPolqaSfbRecording_cut.wav,4.1,0.737864787,0.457333333,10
28475116_MinPolqaSfbRecording_cut.wav,2.4,1.173787791,0.72752121,10
28246328_MinPolqaSfbRecording_cut.wav,3.6,1.173787791,0.72752121,10
28435699_MinPolqaSfbRecording_cut.wav,1.7,0.674948558,0.41833745,10
27636425_MinPolqaSfbRecording_cut.wav,2.1,0.737864787,0.457333333,10
27631191_MinPolqaSfbRecording_cut.wav,1.7,1.251665557,0.77579035,10
27567563_MinPolqaSfbRecording_cut.wav,3.7,0.674948558,0.41833745,10
28558997_MinPolqaSfbRecording_cut.wav,3.2,0.788810638,0.488909899,10
28160389_MinPolqaSfbRecording_cut.wav,4.1,0.567646212,0.351830767,10
27813797_MinPolqaSfbRecording_cut.wav,2.9,0.567646212,0.351830767,10
28367289_MinPolqaSfbRecording_cut.wav,3.3,0.823272602,0.510269645,10
28148466_MinPolqaSfbRecording_cut.wav,3.2,0.788810638,0.488909899,10
27776941_MinPolqaSfbRecording_cut.wav,4.3,0.823272602,0.510269645,10
27712392_MinPolqaSfbRecording_cut.wav,2.4,0.699205899,0.433372306,10
27563110_MinPolqaSfbRecording_cut.wav,4.3,0.823272602,0.510269645,10
27686501_MinPolqaSfbRecording_cut.wav,3.9,0.737864787,0.457333333,10
28113714_MinPolqaSfbRecording_cut.wav,3.375,0.744023809,0.515582195,8
28555870_MinPolqaSfbRecording_cut.wav,3.875,0.640869944,0.444100214,8
28158006_MinPolqaSfbRecording_cut.wav,4.0,0.534522484,0.370405184,8
28337751_MinPolqaSfbRecording_cut.wav,3.875,0.640869944,0.444100214,8
28078403_MinPolqaSfbRecording_cut.wav,2.625,0.916125381,0.6348425,8
28140639_MinPolqaSfbRecording_cut.wav,3.375,0.916125381,0.6348425,8
27669948_MinPolqaSfbRecording_cut.wav,4.0,0.755928946,0.523832034,8
28176351_MinPolqaSfbRecording_cut.wav,1.375,1.060660172,0.735,8
27719346_MinPolqaSfbRecording_cut.wav,3.625,0.916125381,0.6348425,8
27907673_MinPolqaSfbRecording_cut.wav,4.222222222,0.440958552,0.288092921,9
28176296_MinPolqaSfbRecording_cut.wav,3.555555556,0.527046277,0.344336901,9
28334759_MinPolqaSfbRecording_cut.wav,1.777777778,0.666666667,0.435555556,9
27770965_MinPolqaSfbRecording_cut.wav,2.666666667,0.866025404,0.565803264,9
27664287_MinPolqaSfbRecording_cut.wav,3.666666667,0.5,0.326666667,9
27911466_MinPolqaSfbRecording_cut.wav,1.555555556,0.527046277,0.344336901,9
28525928_MinPolqaSfbRecording_cut.wav,3.222222222,0.666666667,0.435555556,9
28267169_MinPolqaSfbRecording_cut.wav,3.444444444,0.527046277,0.344336901,9
28591688_MinPolqaSfbRecording_cut.wav,3.333333333,0.707106781,0.46197643,9
27556393_MinPolqaSfbRecording_cut.wav,2.222222222,1.092906421,0.714032195,9
27611544_MinPolqaSfbRecording_cut.wav,1.333333333,1.0,0.653333333,9
27710501_MinPolqaSfbRecording_cut.wav,3.555555556,1.013793755,0.662345253,9
27630196_MinPolqaSfbRecording_cut.wav,2.888888889,0.600925213,0.392604472,9
27959986_MinPolqaSfbRecording_cut.wav,4.555555556,0.726483157,0.474635663,9
28261636_MinPolqaSfbRecording_cut.wav,3.555555556,0.726483157,0.474635663,9
27556601_MinPolqaSfbRecording_cut.wav,2.444444444,1.130388331,0.738520376,9
28425979_MinPolqaSfbRecording_cut.wav,3.222222222,1.092906421,0.714032195,9
28263700_MinPolqaSfbRecording_cut.wav,4.111111111,0.78173596,0.510734161,9
27832562_MinPolqaSfbRecording_cut.wav,4.0,0.866025404,0.565803264,9
28447371_MinPolqaSfbRecording_cut.wav,1.375,0.51754917,0.358643277,8
28493575_MinPolqaSfbRecording_cut.wav,3.625,0.51754917,0.358643277,8
27696562_MinPolqaSfbRecording_cut.wav,2.25,0.46291005,0.320780299,8
28537727_MinPolqaSfbRecording_cut.wav,2.375,0.744023809,0.515582195,8
28051273_MinPolqaSfbRecording_cut.wav,3.125,0.640869944,0.444100214,8
28334390_MinPolqaSfbRecording_cut.wav,3.625,0.51754917,0.358643277,8
28324276_MinPolqaSfbRecording_cut.wav,3.5,0.534522484,0.370405184,8
27558320_MinPolqaSfbRecording_cut.wav,1.875,0.640869944,0.444100214,8
28191331_MinPolqaSfbRecording_cut.wav,4.25,0.707106781,0.49,8
28509804_MinPolqaSfbRecording_cut.wav,2.142857143,1.345185418,0.996527304,7
27965981_MinPolqaSfbRecording_cut.wav,3.428571429,0.534522484,0.395979797,7
27596458_MinPolqaSfbRecording_cut.wav,3.285714286,0.951189731,0.704651214,7
28237289_MinPolqaSfbRecording_cut.wav,4.285714286,0.487950036,0.361478446,7
28259892_MinPolqaSfbRecording_cut.wav,2.428571429,0.975900073,0.722956891,7
27699398_MinPolqaSfbRecording_cut.wav,3.0,1.0,0.740810367,7
27718419_MinPolqaSfbRecording_cut.wav,2.285714286,1.253566341,0.928654941,7
28452562_MinPolqaSfbRecording_cut.wav,2.857142857,0.690065559,0.51120772,7
28120616_MinPolqaSfbRecording_cut.wav,3.714285714,0.487950036,0.361478446,7
27715785_MinPolqaSfbRecording_cut.wav,3.285714286,0.755928946,0.56,7
27820245_MinPolqaSfbRecording_cut.wav,2.6,0.516397779,0.32006666,10
28062191_MinPolqaSfbRecording_cut.wav,4.2,0.788810638,0.488909899,10
27525183_MinPolqaSfbRecording_cut.wav,4.4,0.516397779,0.32006666,10
28126781_MinPolqaSfbRecording_cut.wav,4.6,0.516397779,0.32006666,10
27684175_MinPolqaSfbRecording_cut.wav,3.3,0.483045892,0.299394945,10
28428771_MinPolqaSfbRecording_cut.wav,3.9,0.316227766,0.196,10
28209530_MinPolqaSfbRecording_cut.wav,4.3,0.483045892,0.299394945,10
28497651_MinPolqaSfbRecording_cut.wav,4.5,0.527046277,0.326666667,10
27710113_MinPolqaSfbRecording_cut.wav,2.857142857,0.899735411,0.66653332,7
27944334_MinPolqaSfbRecording_cut.wav,3.714285714,0.755928946,0.56,7
27725993_MinPolqaSfbRecording_cut.wav,4.142857143,0.899735411,0.66653332,7
28424016_MinPolqaSfbRecording_cut.wav,4.0,1.0,0.740810367,7
27560642_MinPolqaSfbRecording_cut.wav,4.285714286,0.755928946,0.56,7
27683280_MinPolqaSfbRecording_cut.wav,4.142857143,0.690065559,0.51120772,7
27676481_MinPolqaSfbRecording_cut.wav,4.142857143,0.899735411,0.66653332,7
27715435_MinPolqaSfbRecording_cut.wav,3.444444444,0.527046277,0.344336901,9
27704624_MinPolqaSfbRecording_cut.wav,3.222222222,0.833333333,0.544444444,9
27557271_MinPolqaSfbRecording_cut.wav,2.111111111,1.054092553,0.688673802,9
28592098_MinPolqaSfbRecording_cut.wav,2.222222222,0.833333333,0.544444444,9
27873715_MinPolqaSfbRecording_cut.wav,4.333333333,0.707106781,0.46197643,9
28473495_MinPolqaSfbRecording_cut.wav,4.333333333,0.5,0.326666667,9
28042656_MinPolqaSfbRecording_cut.wav,1.777777778,0.833333333,0.544444444,9
28291824_MinPolqaSfbRecording_cut.wav,2.333333333,0.5,0.326666667,9
27981567_MinPolqaSfbRecording_cut.wav,4.0,0.707106781,0.46197643,9
28341552_MinPolqaSfbRecording_cut.wav,4.5,0.755928946,0.523832034,8
28063425_MinPolqaSfbRecording_cut.wav,3.875,0.83452296,0.578294907,8
27636270_MinPolqaSfbRecording_cut.wav,2.625,0.51754917,0.358643277,8
28466562_MinPolqaSfbRecording_cut.wav,1.5,0.534522484,0.370405184,8
27790469_MinPolqaSfbRecording_cut.wav,2.0,0.0,0.0,8
27586545_MinPolqaSfbRecording_cut.wav,3.75,0.707106781,0.49,8
27878449_MinPolqaSfbRecording_cut.wav,3.125,0.353553391,0.245,8
28272058_MinPolqaSfbRecording_cut.wav,2.5,0.755928946,0.523832034,8
28004224_MinPolqaSfbRecording_cut.wav,3.0,0.9258201,0.641560597,8
27756815_MinPolqaSfbRecording_cut.wav,4.5,0.534522484,0.370405184,8
28330469_MinPolqaSfbRecording_cut.wav,3.714285714,0.487950036,0.361478446,7
28078505_MinPolqaSfbRecording_cut.wav,2.571428571,0.786795792,0.58286648,7
28269865_MinPolqaSfbRecording_cut.wav,3.142857143,1.214985793,0.900074071,7
27889354_MinPolqaSfbRecording_cut.wav,4.285714286,0.487950036,0.361478446,7
28203208_MinPolqaSfbRecording_cut.wav,2.142857143,0.377964473,0.28,7
27638614_MinPolqaSfbRecording_cut.wav,1.285714286,0.755928946,0.56,7
27763992_MinPolqaSfbRecording_cut.wav,3.428571429,0.534522484,0.395979797,7
28045605_MinPolqaSfbRecording_cut.wav,3.555555556,0.726483157,0.474635663,9
28144941_MinPolqaSfbRecording_cut.wav,2.222222222,0.833333333,0.544444444,9
27620581_MinPolqaSfbRecording_cut.wav,4.444444444,0.881917104,0.576185841,9
28257615_MinPolqaSfbRecording_cut.wav,4.0,0.707106781,0.46197643,9
27862684_MinPolqaSfbRecording_cut.wav,3.777777778,0.666666667,0.435555556,9
28284702_MinPolqaSfbRecording_cut.wav,3.888888889,0.78173596,0.510734161,9
28163176_MinPolqaSfbRecording_cut.wav,3.555555556,0.881917104,0.576185841,9
27561748_MinPolqaSfbRecording_cut.wav,2.444444444,0.881917104,0.576185841,9
27788527_MinPolqaSfbRecording_cut.wav,2.285714286,0.755928946,0.56,7
27887856_MinPolqaSfbRecording_cut.wav,3.285714286,0.487950036,0.361478446,7
28508785_MinPolqaSfbRecording_cut.wav,4.285714286,0.487950036,0.361478446,7
27955043_MinPolqaSfbRecording_cut.wav,2.142857143,1.069044968,0.791959595,7
28111961_MinPolqaSfbRecording_cut.wav,2.285714286,0.951189731,0.704651214,7
27625653_MinPolqaSfbRecording_cut.wav,4.285714286,0.755928946,0.56,7
27632326_MinPolqaSfbRecording_cut.wav,3.428571429,0.534522484,0.395979797,7
27976860_MinPolqaSfbRecording_cut.wav,4.142857143,0.690065559,0.51120772,7
27716462_MinPolqaSfbRecording_cut.wav,4.0,0.0,0.0,7
27633169_MinPolqaSfbRecording_cut.wav,1.0,0.0,0.0,7
28462443_MinPolqaSfbRecording_cut.wav,2.428571429,0.975900073,0.722956891,7
28439040_MinPolqaSfbRecording_cut.wav,3.714285714,0.951189731,0.704651214,7
27522520_MinPolqaSfbRecording_cut.wav,2.857142857,0.690065559,0.51120772,7
28069984_MinPolqaSfbRecording_cut.wav,4.142857143,0.690065559,0.51120772,7
28160711_MinPolqaSfbRecording_cut.wav,4.142857143,0.690065559,0.51120772,7
27814129_MinPolqaSfbRecording_cut.wav,2.285714286,1.253566341,0.928654941,7
27817913_MinPolqaSfbRecording_cut.wav,3.714285714,0.487950036,0.361478446,7
28271208_MinPolqaSfbRecording_cut.wav,1.714285714,1.112697281,0.824297681,7
27691399_MinPolqaSfbRecording_cut.wav,3.9,0.567646212,0.351830767,10
27687338_MinPolqaSfbRecording_cut.wav,3.1,0.737864787,0.457333333,10
27552970_MinPolqaSfbRecording_cut.wav,2.5,1.08012345,0.66946745,10
27520096_MinPolqaSfbRecording_cut.wav,1.6,0.843274043,0.522666667,10
28482498_MinPolqaSfbRecording_cut.wav,3.5,0.707106781,0.438269324,10
28255754_MinPolqaSfbRecording_cut.wav,2.8,0.918936583,0.569562795,10
28590779_MinPolqaSfbRecording_cut.wav,2.6,1.264911064,0.784,10
28531829_MinPolqaSfbRecording_cut.wav,4.125,0.640869944,0.444100214,8
27556642_MinPolqaSfbRecording_cut.wav,1.375,0.51754917,0.358643277,8
27662970_MinPolqaSfbRecording_cut.wav,1.75,0.46291005,0.320780299,8
28471918_MinPolqaSfbRecording_cut.wav,3.75,0.88640526,0.614247507,8
27778873_MinPolqaSfbRecording_cut.wav,3.875,0.353553391,0.245,8
28023690_MinPolqaSfbRecording_cut.wav,3.75,1.164964745,0.807279382,8
28111464_MinPolqaSfbRecording_cut.wav,3.75,0.88640526,0.614247507,8
28169050_MinPolqaSfbRecording_cut.wav,3.875,0.640869944,0.444100214,8
28234139_MinPolqaSfbRecording_cut.wav,4.125,0.83452296,0.578294907,8
27655105_MinPolqaSfbRecording_cut.wav,2.125,0.991031209,0.68674959,8
27907589_MinPolqaSfbRecording_cut.wav,1.875,0.83452296,0.578294907,8
27869138_MinPolqaSfbRecording_cut.wav,2.875,0.83452296,0.578294907,8
28126213_MinPolqaSfbRecording_cut.wav,3.25,0.707106781,0.49,8
28141757_MinPolqaSfbRecording_cut.wav,3.25,0.88640526,0.614247507,8
28209126_MinPolqaSfbRecording_cut.wav,2.375,0.916125381,0.6348425,8
28071149_MinPolqaSfbRecording_cut.wav,2.0,0.9258201,0.641560597,8
28506494_MinPolqaSfbRecording_cut.wav,2.75,1.281739889,0.888200428,8
27720301_MinPolqaSfbRecording_cut.wav,2.666666667,1.032795559,0.826408562,6
27792918_MinPolqaSfbRecording_cut.wav,3.5,0.836660027,0.66946745,6
28487903_MinPolqaSfbRecording_cut.wav,3.333333333,0.816496581,0.653333333,6
28545817_MinPolqaSfbRecording_cut.wav,3.166666667,0.752772653,0.602343571,6
28043446_MinPolqaSfbRecording_cut.wav,2.666666667,0.816496581,0.653333333,6
27869589_MinPolqaSfbRecording_cut.wav,4.333333333,0.816496581,0.653333333,6
28528419_MinPolqaSfbRecording_cut.wav,2.666666667,1.032795559,0.826408562,6
27637740_MinPolqaSfbRecording_cut.wav,3.166666667,0.40824829,0.326666667,6
28239887_MinPolqaSfbRecording_cut.wav,2.25,0.707106781,0.49,8
27924581_MinPolqaSfbRecording_cut.wav,1.875,0.991031209,0.68674959,8
28289714_MinPolqaSfbRecording_cut.wav,3.875,0.640869944,0.444100214,8
27552457_MinPolqaSfbRecording_cut.wav,1.375,0.744023809,0.515582195,8
27981667_MinPolqaSfbRecording_cut.wav,2.375,0.916125381,0.6348425,8
28131723_MinPolqaSfbRecording_cut.wav,3.428571429,0.534522484,0.395979797,7
28343831_MinPolqaSfbRecording_cut.wav,4.285714286,0.487950036,0.361478446,7
27775643_MinPolqaSfbRecording_cut.wav,3.428571429,0.534522484,0.395979797,7
27652192_MinPolqaSfbRecording_cut.wav,4.0,0.577350269,0.427707065,7
28291984_MinPolqaSfbRecording_cut.wav,2.285714286,0.755928946,0.56,7
27872221_MinPolqaSfbRecording_cut.wav,3.428571429,0.534522484,0.395979797,7
27563259_MinPolqaSfbRecording_cut.wav,2.857142857,0.690065559,0.51120772,7
28040392_MinPolqaSfbRecording_cut.wav,1.428571429,0.534522484,0.395979797,7
28005715_MinPolqaSfbRecording_cut.wav,2.8,1.303840481,1.142866571,5
28079771_MinPolqaSfbRecording_cut.wav,3.2,0.447213595,0.392,5
28254748_MinPolqaSfbRecording_cut.wav,4.2,0.836660027,0.733364848,5
27509587_MinPolqaSfbRecording_cut.wav,4.0,0.0,0.0,5
28474365_MinPolqaSfbRecording_cut.wav,4.4,0.894427191,0.784,5
27632952_MinPolqaSfbRecording_cut.wav,1.4,0.547722558,0.48009999,5
28584357_MinPolqaSfbRecording_cut.wav,1.2,0.447213595,0.392,5
28301284_MinPolqaSfbRecording_cut.wav,3.4,0.547722558,0.48009999,5
27742782_MinPolqaSfbRecording_cut.wav,1.666666667,1.0,0.653333333,9
27912680_MinPolqaSfbRecording_cut.wav,3.777777778,0.666666667,0.435555556,9
28163003_MinPolqaSfbRecording_cut.wav,3.444444444,0.726483157,0.474635663,9
27638003_MinPolqaSfbRecording_cut.wav,2.0,0.866025404,0.565803264,9
28266887_MinPolqaSfbRecording_cut.wav,1.111111111,0.333333333,0.217777778,9
27580022_MinPolqaSfbRecording_cut.wav,3.0,0.707106781,0.46197643,9
27744436_MinPolqaSfbRecording_cut.wav,3.888888889,0.78173596,0.510734161,9
28282554_MinPolqaSfbRecording_cut.wav,2.555555556,0.726483157,0.474635663,9
27685973_MinPolqaSfbRecording_cut.wav,2.111111111,1.364225462,0.891293968,9
27615183_MinPolqaSfbRecording_cut.wav,3.777777778,0.666666667,0.435555556,9
28498713_MinPolqaSfbRecording_cut.wav,3.888888889,0.78173596,0.510734161,9
27850924_MinPolqaSfbRecording_cut.wav,2.0,1.322875656,0.864278762,9
27760784_MinPolqaSfbRecording_cut.wav,3.666666667,0.707106781,0.46197643,9
28441969_MinPolqaSfbRecording_cut.wav,1.333333333,1.0,0.653333333,9
27934840_MinPolqaSfbRecording_cut.wav,4.333333333,0.707106781,0.46197643,9
28172053_MinPolqaSfbRecording_cut.wav,2.222222222,0.666666667,0.435555556,9
28472899_MinPolqaSfbRecording_cut.wav,3.9,0.567646212,0.351830767,10
27861424_MinPolqaSfbRecording_cut.wav,3.9,0.737864787,0.457333333,10
27856094_MinPolqaSfbRecording_cut.wav,4.2,0.788810638,0.488909899,10
28050580_MinPolqaSfbRecording_cut.wav,4.4,0.516397779,0.32006666,10
27919817_MinPolqaSfbRecording_cut.wav,2.2,1.135292424,0.703661535,10
28172590_MinPolqaSfbRecording_cut.wav,4.0,0.942809042,0.584359098,10
28555130_MinPolqaSfbRecording_cut.wav,2.7,0.674948558,0.41833745,10
28114054_MinPolqaSfbRecording_cut.wav,3.6,0.699205899,0.433372306,10
27909186_MinPolqaSfbRecording_cut.wav,4.2,0.788810638,0.488909899,10
28548803_MinPolqaSfbRecording_cut.wav,4.0,0.707106781,0.46197643,9
27645470_MinPolqaSfbRecording_cut.wav,4.0,0.5,0.326666667,9
27783489_MinPolqaSfbRecording_cut.wav,4.222222222,0.666666667,0.435555556,9
28454768_MinPolqaSfbRecording_cut.wav,1.777777778,0.833333333,0.544444444,9
28440256_MinPolqaSfbRecording_cut.wav,2.666666667,0.5,0.326666667,9
27563937_MinPolqaSfbRecording_cut.wav,3.111111111,0.600925213,0.392604472,9
27708789_MinPolqaSfbRecording_cut.wav,4.111111111,0.600925213,0.392604472,9
27725037_MinPolqaSfbRecording_cut.wav,3.555555556,0.881917104,0.576185841,9
28460247_MinPolqaSfbRecording_cut.wav,1.888888889,0.78173596,0.510734161,9
28057819_MinPolqaSfbRecording_cut.wav,3.25,0.707106781,0.49,8
27638846_MinPolqaSfbRecording_cut.wav,3.625,0.744023809,0.515582195,8
28484106_MinPolqaSfbRecording_cut.wav,2.625,1.060660172,0.735,8
27691990_MinPolqaSfbRecording_cut.wav,3.5,0.534522484,0.370405184,8
28149571_MinPolqaSfbRecording_cut.wav,2.125,1.356202682,0.939800511,8
27600949_MinPolqaSfbRecording_cut.wav,3.625,0.51754917,0.358643277,8
28600471_MinPolqaSfbRecording_cut.wav,2.5,0.755928946,0.523832034,8
28451196_MinPolqaSfbRecording_cut.wav,4.0,0.666666667,0.413204281,10
28052840_MinPolqaSfbRecording_cut.wav,4.1,0.567646212,0.351830767,10
28009372_MinPolqaSfbRecording_cut.wav,3.6,0.843274043,0.522666667,10
28448330_MinPolqaSfbRecording_cut.wav,1.6,1.349897115,0.8366749,10
28144220_MinPolqaSfbRecording_cut.wav,3.3,0.674948558,0.41833745,10
28283711_MinPolqaSfbRecording_cut.wav,3.6,0.966091783,0.598789891,10
27573743_MinPolqaSfbRecording_cut.wav,2.4,1.0749677,0.666271883,10
27820728_MinPolqaSfbRecording_cut.wav,4.2,0.632455532,0.392,10
27615136_MinPolqaSfbRecording_cut.wav,3.333333333,0.5,0.326666667,9
28474943_MinPolqaSfbRecording_cut.wav,3.666666667,0.707106781,0.46197643,9
27604828_MinPolqaSfbRecording_cut.wav,2.555555556,0.527046277,0.344336901,9
28042135_MinPolqaSfbRecording_cut.wav,1.666666667,0.707106781,0.46197643,9
28273619_MinPolqaSfbRecording_cut.wav,2.888888889,0.78173596,0.510734161,9
28239589_MinPolqaSfbRecording_cut.wav,3.444444444,0.726483157,0.474635663,9
28103887_MinPolqaSfbRecording_cut.wav,2.111111111,0.333333333,0.217777778,9
28344895_MinPolqaSfbRecording_cut.wav,2.777777778,0.833333333,0.544444444,9
28089568_MinPolqaSfbRecording_cut.wav,2.142857143,1.069044968,0.791959595,7
27713059_MinPolqaSfbRecording_cut.wav,1.0,0.0,0.0,7
28262121_MinPolqaSfbRecording_cut.wav,3.857142857,0.899735411,0.66653332,7
28141486_MinPolqaSfbRecording_cut.wav,1.571428571,1.133893419,0.84,7
28265998_MinPolqaSfbRecording_cut.wav,2.142857143,1.069044968,0.791959595,7
27517012_MinPolqaSfbRecording_cut.wav,1.571428571,0.534522484,0.395979797,7
27712188_MinPolqaSfbRecording_cut.wav,2.0,1.414213562,1.047664068,7
27703311_MinPolqaSfbRecording_cut.wav,1.571428571,1.133893419,0.84,7
28488719_MinPolqaSfbRecording_cut.wav,1.625,0.51754917,0.358643277,8
27617887_MinPolqaSfbRecording_cut.wav,2.0,0.534522484,0.370405184,8
28244838_MinPolqaSfbRecording_cut.wav,4.0,0.9258201,0.641560597,8
28293031_MinPolqaSfbRecording_cut.wav,2.125,0.83452296,0.578294907,8
28530096_MinPolqaSfbRecording_cut.wav,3.625,0.51754917,0.358643277,8
27935982_MinPolqaSfbRecording_cut.wav,1.75,1.164964745,0.807279382,8
28140318_MinPolqaSfbRecording_cut.wav,2.875,0.353553391,0.245,8
27625173_MinPolqaSfbRecording_cut.wav,3.75,0.88640526,0.614247507,8
27927180_MinPolqaSfbRecording_cut.wav,3.6,0.843274043,0.522666667,10
27574357_MinPolqaSfbRecording_cut.wav,1.4,0.699205899,0.433372306,10
27598590_MinPolqaSfbRecording_cut.wav,3.4,0.843274043,0.522666667,10
28540361_MinPolqaSfbRecording_cut.wav,1.9,0.875595036,0.542699426,10
28427155_MinPolqaSfbRecording_cut.wav,3.7,0.823272602,0.510269645,10
27916685_MinPolqaSfbRecording_cut.wav,4.2,0.788810638,0.488909899,10
28294648_MinPolqaSfbRecording_cut.wav,1.8,0.788810638,0.488909899,10
27889895_MinPolqaSfbRecording_cut.wav,3.888888889,0.600925213,0.392604472,9
27855069_MinPolqaSfbRecording_cut.wav,2.888888889,1.054092553,0.688673802,9
28476177_MinPolqaSfbRecording_cut.wav,3.666666667,0.707106781,0.46197643,9
28366143_MinPolqaSfbRecording_cut.wav,3.111111111,0.600925213,0.392604472,9
27579260_MinPolqaSfbRecording_cut.wav,4.0,0.707106781,0.46197643,9
28560546_MinPolqaSfbRecording_cut.wav,4.0,0.707106781,0.46197643,9
28291579_MinPolqaSfbRecording_cut.wav,2.888888889,1.054092553,0.688673802,9
28001454_MinPolqaSfbRecording_cut.wav,4.222222222,0.440958552,0.288092921,9
27643197_MinPolqaSfbRecording_cut.wav,3.555555556,0.726483157,0.474635663,9
28253890_MinPolqaSfbRecording_cut.wav,4.444444444,0.527046277,0.344336901,9
27809593_MinPolqaSfbRecording_cut.wav,2.333333333,0.707106781,0.46197643,9
27634732_MinPolqaSfbRecording_cut.wav,1.888888889,1.054092553,0.688673802,9
27657948_MinPolqaSfbRecording_cut.wav,4.222222222,0.666666667,0.435555556,9
28203629_MinPolqaSfbRecording_cut.wav,3.777777778,0.440958552,0.288092921,9
28419193_MinPolqaSfbRecording_cut.wav,3.0,0.707106781,0.46197643,9
27793111_MinPolqaSfbRecording_cut.wav,3.555555556,0.726483157,0.474635663,9
27908761_MinPolqaSfbRecording_cut.wav,4.111111111,0.927960727,0.606267675,9
28010396_MinPolqaSfbRecording_cut.wav,3.3,0.823272602,0.510269645,10
27525312_MinPolqaSfbRecording_cut.wav,3.9,0.567646212,0.351830767,10
28338332_MinPolqaSfbRecording_cut.wav,2.3,1.059349905,0.656591874,10
28428828_MinPolqaSfbRecording_cut.wav,4.1,0.567646212,0.351830767,10
28044310_MinPolqaSfbRecording_cut.wav,2.4,0.966091783,0.598789891,10
28047517_MinPolqaSfbRecording_cut.wav,1.8,0.918936583,0.569562795,10
27633620_MinPolqaSfbRecording_cut.wav,3.9,0.994428926,0.616353434,10
27645560_MinPolqaSfbRecording_cut.wav,2.0,1.154700538,0.715690808,10
28255901_MinPolqaSfbRecording_cut.wav,4.6,0.516397779,0.32006666,10
28317000_MinPolqaSfbRecording_cut.wav,3.0,1.118033989,0.730448873,9
28113617_MinPolqaSfbRecording_cut.wav,3.555555556,0.881917104,0.576185841,9
28067834_MinPolqaSfbRecording_cut.wav,4.222222222,0.666666667,0.435555556,9
27872679_MinPolqaSfbRecording_cut.wav,2.0,1.0,0.653333333,9
27656364_MinPolqaSfbRecording_cut.wav,2.888888889,1.166666667,0.762222222,9
28283733_MinPolqaSfbRecording_cut.wav,2.333333333,1.0,0.653333333,9
27956506_MinPolqaSfbRecording_cut.wav,4.0,0.707106781,0.46197643,9
28040240_MinPolqaSfbRecording_cut.wav,4.222222222,0.666666667,0.435555556,9
28528558_MinPolqaSfbRecording_cut.wav,2.666666667,1.118033989,0.730448873,9
28141220_MinPolqaSfbRecording_cut.wav,4.111111111,0.600925213,0.392604472,9
28311263_MinPolqaSfbRecording_cut.wav,3.888888889,0.927960727,0.606267675,9
28216893_MinPolqaSfbRecording_cut.wav,3.555555556,0.881917104,0.576185841,9
28180496_MinPolqaSfbRecording_cut.wav,3.555555556,0.726483157,0.474635663,9
27583599_MinPolqaSfbRecording_cut.wav,2.666666667,1.224744871,0.800166649,9
28439663_MinPolqaSfbRecording_cut.wav,3.444444444,0.726483157,0.474635663,9
28316562_MinPolqaSfbRecording_cut.wav,3.222222222,0.666666667,0.435555556,9
27779621_MinPolqaSfbRecording_cut.wav,2.666666667,1.322875656,0.864278762,9
27980114_MinPolqaSfbRecording_cut.wav,2.888888889,0.927960727,0.606267675,9
28345456_MinPolqaSfbRecording_cut.wav,2.555555556,1.013793755,0.662345253,9
28206408_MinPolqaSfbRecording_cut.wav,3.0,0.866025404,0.565803264,9
27829639_MinPolqaSfbRecording_cut.wav,3.333333333,1.0,0.653333333,9
28015847_MinPolqaSfbRecording_cut.wav,2.888888889,1.452966315,0.949271325,9
27583948_MinPolqaSfbRecording_cut.wav,2.222222222,0.833333333,0.544444444,9
28069924_MinPolqaSfbRecording_cut.wav,3.444444444,0.881917104,0.576185841,9
27574359_MinPolqaSfbRecording_cut.wav,1.777777778,0.440958552,0.288092921,9
28450780_MinPolqaSfbRecording_cut.wav,2.0,0.5,0.326666667,9
28074847_MinPolqaSfbRecording_cut.wav,1.888888889,0.927960727,0.606267675,9
28509802_MinPolqaSfbRecording_cut.wav,2.0,1.0,0.653333333,9
28015803_MinPolqaSfbRecording_cut.wav,3.666666667,0.707106781,0.46197643,9
28434628_MinPolqaSfbRecording_cut.wav,1.666666667,0.707106781,0.46197643,9
28461792_MinPolqaSfbRecording_cut.wav,2.777777778,0.833333333,0.544444444,9
27748978_MinPolqaSfbRecording_cut.wav,2.222222222,0.971825316,0.634925873,9
28073479_MinPolqaSfbRecording_cut.wav,2.222222222,0.971825316,0.634925873,9
27982210_MinPolqaSfbRecording_cut.wav,3.333333333,1.0,0.653333333,9
28065071_MinPolqaSfbRecording_cut.wav,2.0,1.0,0.653333333,9
28104503_MinPolqaSfbRecording_cut.wav,4.333333333,0.707106781,0.46197643,9
28475180_MinPolqaSfbRecording_cut.wav,2.333333333,0.866025404,0.565803264,9
28026721_MinPolqaSfbRecording_cut.wav,3.555555556,0.726483157,0.474635663,9
28431932_MinPolqaSfbRecording_cut.wav,2.222222222,0.666666667,0.435555556,9
27957784_MinPolqaSfbRecording_cut.wav,4.444444444,0.881917104,0.576185841,9
27737171_MinPolqaSfbRecording_cut.wav,2.333333333,1.414213562,0.923952861,9
27709750_MinPolqaSfbRecording_cut.wav,2.222222222,0.971825316,0.634925873,9
27945475_MinPolqaSfbRecording_cut.wav,4.0,0.707106781,0.46197643,9
28588157_MinPolqaSfbRecording_cut.wav,3.888888889,0.78173596,0.510734161,9
27569840_MinPolqaSfbRecording_cut.wav,4.333333333,0.707106781,0.46197643,9
27699163_MinPolqaSfbRecording_cut.wav,4.25,0.46291005,0.320780299,8
27813206_MinPolqaSfbRecording_cut.wav,2.25,0.88640526,0.614247507,8
27979449_MinPolqaSfbRecording_cut.wav,1.875,0.991031209,0.68674959,8
27804189_MinPolqaSfbRecording_cut.wav,1.625,0.744023809,0.515582195,8
27708433_MinPolqaSfbRecording_cut.wav,3.75,0.707106781,0.49,8
27522637_MinPolqaSfbRecording_cut.wav,3.625,0.744023809,0.515582195,8
27576064_MinPolqaSfbRecording_cut.wav,2.625,0.916125381,0.6348425,8
28126751_MinPolqaSfbRecording_cut.wav,3.125,0.353553391,0.245,8
28004383_MinPolqaSfbRecording_cut.wav,3.125,0.640869944,0.444100214,8
28486193_MinPolqaSfbRecording_cut.wav,2.125,1.125991626,0.780272388,8
27779141_MinPolqaSfbRecording_cut.wav,3.75,0.46291005,0.320780299,8
27562358_MinPolqaSfbRecording_cut.wav,3.125,0.640869944,0.444100214,8
28024617_MinPolqaSfbRecording_cut.wav,2.375,1.060660172,0.735,8
27558818_MinPolqaSfbRecording_cut.wav,2.375,0.916125381,0.6348425,8
27667020_MinPolqaSfbRecording_cut.wav,2.125,1.125991626,0.780272388,8
27595760_MinPolqaSfbRecording_cut.wav,2.875,0.640869944,0.444100214,8
28354615_MinPolqaSfbRecording_cut.wav,2.666666667,0.707106781,0.46197643,9
28246369_MinPolqaSfbRecording_cut.wav,2.666666667,0.5,0.326666667,9
27905809_MinPolqaSfbRecording_cut.wav,3.555555556,0.881917104,0.576185841,9
27552159_MinPolqaSfbRecording_cut.wav,3.888888889,0.600925213,0.392604472,9
28343694_MinPolqaSfbRecording_cut.wav,3.111111111,0.927960727,0.606267675,9
28001617_MinPolqaSfbRecording_cut.wav,2.0,0.707106781,0.46197643,9
27937538_MinPolqaSfbRecording_cut.wav,3.555555556,0.527046277,0.344336901,9
27569118_MinPolqaSfbRecording_cut.wav,3.333333333,0.707106781,0.46197643,9
27769323_MinPolqaSfbRecording_cut.wav,2.888888889,0.78173596,0.510734161,9
28024649_MinPolqaSfbRecording_cut.wav,2.666666667,0.5,0.326666667,9
27665982_MinPolqaSfbRecording_cut.wav,3.666666667,0.707106781,0.46197643,9
27784801_MinPolqaSfbRecording_cut.wav,4.222222222,0.833333333,0.544444444,9
28464471_MinPolqaSfbRecording_cut.wav,4.111111111,0.927960727,0.606267675,9
28170977_MinPolqaSfbRecording_cut.wav,1.888888889,0.78173596,0.510734161,9
27944635_MinPolqaSfbRecording_cut.wav,1.222222222,0.440958552,0.288092921,9
28058937_MinPolqaSfbRecording_cut.wav,3.3,1.159501809,0.718666667,10
28355580_MinPolqaSfbRecording_cut.wav,3.9,0.737864787,0.457333333,10
28424543_MinPolqaSfbRecording_cut.wav,2.1,1.100504935,0.682100025,10
28228712_MinPolqaSfbRecording_cut.wav,2.1,0.994428926,0.616353434,10
28337507_MinPolqaSfbRecording_cut.wav,3.3,1.159501809,0.718666667,10
27554618_MinPolqaSfbRecording_cut.wav,3.1,0.875595036,0.542699426,10
27661094_MinPolqaSfbRecording_cut.wav,3.2,1.032795559,0.640133319,10
28070585_MinPolqaSfbRecording_cut.wav,3.7,1.159501809,0.718666667,10
28271784_MinPolqaSfbRecording_cut.wav,2.3,1.33749351,0.828987066,10
28492029_MinPolqaSfbRecording_cut.wav,3.8,0.632455532,0.392,10
27608594_MinPolqaSfbRecording_cut.wav,2.777777778,1.092906421,0.714032195,9
27929888_MinPolqaSfbRecording_cut.wav,4.222222222,0.833333333,0.544444444,9
28130636_MinPolqaSfbRecording_cut.wav,3.888888889,0.927960727,0.606267675,9
27906680_MinPolqaSfbRecording_cut.wav,1.888888889,1.054092553,0.688673802,9
27949858_MinPolqaSfbRecording_cut.wav,3.666666667,1.118033989,0.730448873,9
27927765_MinPolqaSfbRecording_cut.wav,4.111111111,1.269295518,0.829273072,9
27709754_MinPolqaSfbRecording_cut.wav,2.444444444,1.013793755,0.662345253,9
27823431_MinPolqaSfbRecording_cut.wav,3.555555556,1.424000624,0.930347074,9
28303415_MinPolqaSfbRecording_cut.wav,4.5,0.707106781,0.438269324,10
28319115_MinPolqaSfbRecording_cut.wav,2.0,1.054092553,0.653333333,10
28089979_MinPolqaSfbRecording_cut.wav,4.0,0.816496581,0.506069824,10
28240688_MinPolqaSfbRecording_cut.wav,3.9,0.994428926,0.616353434,10
27554612_MinPolqaSfbRecording_cut.wav,2.2,0.788810638,0.488909899,10
28260790_MinPolqaSfbRecording_cut.wav,4.3,0.823272602,0.510269645,10
28197748_MinPolqaSfbRecording_cut.wav,1.9,0.875595036,0.542699426,10
28140864_MinPolqaSfbRecording_cut.wav,3.5,0.849836586,0.526734173,10
27900489_MinPolqaSfbRecording_cut.wav,3.8,0.788810638,0.488909899,10
27968908_MinPolqaSfbRecording_cut.wav,2.3,1.33749351,0.828987066,10
27610130_MinPolqaSfbRecording_cut.wav,2.6,0.966091783,0.598789891,10
28213653_MinPolqaSfbRecording_cut.wav,4.0,0.471404521,0.292179549,10
27816411_MinPolqaSfbRecording_cut.wav,1.6,0.843274043,0.522666667,10
27832574_MinPolqaSfbRecording_cut.wav,3.3,0.948683298,0.588,10
28512685_MinPolqaSfbRecording_cut.wav,1.6,0.516397779,0.32006666,10
28596517_MinPolqaSfbRecording_cut.wav,2.0,0.816496581,0.506069824,10
27937734_MinPolqaSfbRecording_cut.wav,4.111111111,0.78173596,0.510734161,9
28230075_MinPolqaSfbRecording_cut.wav,2.666666667,0.866025404,0.565803264,9
27687699_MinPolqaSfbRecording_cut.wav,2.222222222,0.666666667,0.435555556,9
28351838_MinPolqaSfbRecording_cut.wav,3.777777778,0.440958552,0.288092921,9
27645642_MinPolqaSfbRecording_cut.wav,3.777777778,0.440958552,0.288092921,9
28589591_MinPolqaSfbRecording_cut.wav,3.111111111,0.600925213,0.392604472,9
27697550_MinPolqaSfbRecording_cut.wav,4.111111111,0.600925213,0.392604472,9
28103162_MinPolqaSfbRecording_cut.wav,3.222222222,0.666666667,0.435555556,9
28471530_MinPolqaSfbRecording_cut.wav,4.0,0.5,0.326666667,9
28504141_MinPolqaSfbRecording_cut.wav,2.125,0.83452296,0.578294907,8
28001600_MinPolqaSfbRecording_cut.wav,2.375,1.060660172,0.735,8
27962213_MinPolqaSfbRecording_cut.wav,3.5,0.9258201,0.641560597,8
27733780_MinPolqaSfbRecording_cut.wav,4.125,0.640869944,0.444100214,8
28246654_MinPolqaSfbRecording_cut.wav,2.125,1.125991626,0.780272388,8
28498193_MinPolqaSfbRecording_cut.wav,4.375,0.744023809,0.515582195,8
28309065_MinPolqaSfbRecording_cut.wav,3.375,0.744023809,0.515582195,8
27891477_MinPolqaSfbRecording_cut.wav,4.0,0.534522484,0.370405184,8
27774681_MinPolqaSfbRecording_cut.wav,4.25,0.88640526,0.614247507,8
28533442_MinPolqaSfbRecording_cut.wav,4.25,0.707106781,0.49,8
27579020_MinPolqaSfbRecording_cut.wav,1.375,0.744023809,0.515582195,8
28533958_MinPolqaSfbRecording_cut.wav,3.25,0.707106781,0.49,8
28474416_MinPolqaSfbRecording_cut.wav,3.125,0.83452296,0.578294907,8
27570362_MinPolqaSfbRecording_cut.wav,2.375,1.187734939,0.823058321,8
28021652_MinPolqaSfbRecording_cut.wav,3.375,0.744023809,0.515582195,8
28013363_MinPolqaSfbRecording_cut.wav,1.75,0.707106781,0.49,8
28151930_MinPolqaSfbRecording_cut.wav,2.625,1.060660172,0.735,8
27783121_MinPolqaSfbRecording_cut.wav,3.625,1.060660172,0.735,8
27593094_MinPolqaSfbRecording_cut.wav,1.625,0.744023809,0.515582195,8
28584287_MinPolqaSfbRecording_cut.wav,4.0,0.9258201,0.641560597,8
27595867_MinPolqaSfbRecording_cut.wav,4.25,0.46291005,0.320780299,8
27593415_MinPolqaSfbRecording_cut.wav,3.625,1.060660172,0.735,8
27553416_MinPolqaSfbRecording_cut.wav,3.5,0.755928946,0.523832034,8
28036252_MinPolqaSfbRecording_cut.wav,4.0,0.534522484,0.370405184,8
28010960_MinPolqaSfbRecording_cut.wav,4.0,0.755928946,0.523832034,8
27655920_MinPolqaSfbRecording_cut.wav,4.25,0.46291005,0.320780299,8
28075816_MinPolqaSfbRecording_cut.wav,3.5,0.534522484,0.370405184,8
28290391_MinPolqaSfbRecording_cut.wav,4.0,0.534522484,0.370405184,8
28273957_MinPolqaSfbRecording_cut.wav,2.875,0.83452296,0.578294907,8
28137618_MinPolqaSfbRecording_cut.wav,3.625,0.744023809,0.515582195,8
28237699_MinPolqaSfbRecording_cut.wav,2.25,0.46291005,0.320780299,8
27614844_MinPolqaSfbRecording_cut.wav,4.125,0.83452296,0.578294907,8
28122629_MinPolqaSfbRecording_cut.wav,2.5,0.534522484,0.370405184,8
28450018_MinPolqaSfbRecording_cut.wav,3.75,0.707106781,0.49,8
27977193_MinPolqaSfbRecording_cut.wav,2.625,1.407885953,0.975615191,8
28196946_MinPolqaSfbRecording_cut.wav,2.75,1.035098339,0.717286554,8
27643086_MinPolqaSfbRecording_cut.wav,3.75,0.46291005,0.320780299,8
28505473_MinPolqaSfbRecording_cut.wav,4.0,0.755928946,0.523832034,8
28314451_MinPolqaSfbRecording_cut.wav,4.125,0.640869944,0.444100214,8
28299530_MinPolqaSfbRecording_cut.wav,3.125,0.991031209,0.68674959,8
27568240_MinPolqaSfbRecording_cut.wav,1.555555556,0.527046277,0.344336901,9
28514251_MinPolqaSfbRecording_cut.wav,2.0,0.707106781,0.46197643,9
28539869_MinPolqaSfbRecording_cut.wav,2.555555556,0.881917104,0.576185841,9
27554616_MinPolqaSfbRecording_cut.wav,1.666666667,0.5,0.326666667,9
28011568_MinPolqaSfbRecording_cut.wav,4.0,0.5,0.326666667,9
28275881_MinPolqaSfbRecording_cut.wav,2.666666667,0.707106781,0.46197643,9
27592258_MinPolqaSfbRecording_cut.wav,1.8,1.032795559,0.640133319,10
28011446_MinPolqaSfbRecording_cut.wav,3.9,0.567646212,0.351830767,10
28545188_MinPolqaSfbRecording_cut.wav,4.1,0.567646212,0.351830767,10
27915924_MinPolqaSfbRecording_cut.wav,4.4,0.699205899,0.433372306,10
28462818_MinPolqaSfbRecording_cut.wav,3.4,0.699205899,0.433372306,10
27919022_MinPolqaSfbRecording_cut.wav,2.1,0.994428926,0.616353434,10
28133960_MinPolqaSfbRecording_cut.wav,3.0,0.816496581,0.604869132,7
28520340_MinPolqaSfbRecording_cut.wav,3.0,0.577350269,0.427707065,7
28595049_MinPolqaSfbRecording_cut.wav,3.428571429,0.534522484,0.395979797,7
27974518_MinPolqaSfbRecording_cut.wav,1.428571429,0.534522484,0.395979797,7
28476886_MinPolqaSfbRecording_cut.wav,3.714285714,0.951189731,0.704651214,7
28364995_MinPolqaSfbRecording_cut.wav,2.857142857,0.690065559,0.51120772,7
27776168_MinPolqaSfbRecording_cut.wav,3.428571429,0.975900073,0.722956891,7
27771671_MinPolqaSfbRecording_cut.wav,3.571428571,0.786795792,0.58286648,7
27824080_MinPolqaSfbRecording_cut.wav,1.714285714,1.112697281,0.824297681,7
28437893_MinPolqaSfbRecording_cut.wav,4.428571429,0.786795792,0.58286648,7
28183355_MinPolqaSfbRecording_cut.wav,3.857142857,0.690065559,0.51120772,7
27701656_MinPolqaSfbRecording_cut.wav,2.571428571,1.133893419,0.84,7
27722120_MinPolqaSfbRecording_cut.wav,4.428571429,0.534522484,0.395979797,7
28431017_MinPolqaSfbRecording_cut.wav,4.428571429,0.534522484,0.395979797,7
28027643_MinPolqaSfbRecording_cut.wav,4.428571429,0.534522484,0.395979797,7
28315974_MinPolqaSfbRecording_cut.wav,3.714285714,0.755928946,0.56,7
27742203_MinPolqaSfbRecording_cut.wav,4.285714286,0.755928946,0.56,7
28512317_MinPolqaSfbRecording_cut.wav,3.142857143,1.214985793,0.900074071,7
28189686_MinPolqaSfbRecording_cut.wav,2.875,0.991031209,0.68674959,8
27760075_MinPolqaSfbRecording_cut.wav,1.625,0.51754917,0.358643277,8
28527643_MinPolqaSfbRecording_cut.wav,2.125,0.83452296,0.578294907,8
27668700_MinPolqaSfbRecording_cut.wav,4.0,0.0,0.0,8
28317675_MinPolqaSfbRecording_cut.wav,1.875,1.125991626,0.780272388,8
27937572_MinPolqaSfbRecording_cut.wav,4.25,0.707106781,0.49,8
27955937_MinPolqaSfbRecording_cut.wav,4.25,0.707106781,0.49,8
28316121_MinPolqaSfbRecording_cut.wav,4.0,0.534522484,0.370405184,8
28132458_MinPolqaSfbRecording_cut.wav,3.5,0.755928946,0.523832034,8
27772340_MinPolqaSfbRecording_cut.wav,3.4,1.0749677,0.666271883,10
27983324_MinPolqaSfbRecording_cut.wav,4.0,0.666666667,0.413204281,10
28158470_MinPolqaSfbRecording_cut.wav,3.5,1.178511302,0.730448873,10
27771295_MinPolqaSfbRecording_cut.wav,4.4,0.699205899,0.433372306,10
28280774_MinPolqaSfbRecording_cut.wav,1.7,0.674948558,0.41833745,10
28235478_MinPolqaSfbRecording_cut.wav,3.0,0.666666667,0.413204281,10
28016609_MinPolqaSfbRecording_cut.wav,3.7,0.674948558,0.41833745,10
27642181_MinPolqaSfbRecording_cut.wav,3.625,0.744023809,0.515582195,8
27814450_MinPolqaSfbRecording_cut.wav,3.25,0.707106781,0.49,8
28498500_MinPolqaSfbRecording_cut.wav,1.75,0.46291005,0.320780299,8
27899182_MinPolqaSfbRecording_cut.wav,3.875,0.353553391,0.245,8
27673779_MinPolqaSfbRecording_cut.wav,1.75,0.707106781,0.49,8
28085070_MinPolqaSfbRecording_cut.wav,3.625,0.744023809,0.515582195,8
27931972_MinPolqaSfbRecording_cut.wav,1.75,0.707106781,0.49,8
28466787_MinPolqaSfbRecording_cut.wav,3.625,0.744023809,0.515582195,8
28434907_MinPolqaSfbRecording_cut.wav,1.4,0.966091783,0.598789891,10
27752380_MinPolqaSfbRecording_cut.wav,3.9,0.567646212,0.351830767,10
28295939_MinPolqaSfbRecording_cut.wav,4.1,0.567646212,0.351830767,10
28291985_MinPolqaSfbRecording_cut.wav,2.8,0.632455532,0.392,10
27850877_MinPolqaSfbRecording_cut.wav,3.7,0.674948558,0.41833745,10
27520052_MinPolqaSfbRecording_cut.wav,3.8,0.788810638,0.488909899,10
27815401_MinPolqaSfbRecording_cut.wav,2.4,0.699205899,0.433372306,10
28153334_MinPolqaSfbRecording_cut.wav,2.5,0.849836586,0.526734173,10
27548178_MinPolqaSfbRecording_cut.wav,2.3,0.948683298,0.588,10
27619679_MinPolqaSfbRecording_cut.wav,4.4,0.699205899,0.433372306,10
27665584_MinPolqaSfbRecording_cut.wav,3.571428571,0.786795792,0.58286648,7
27689215_MinPolqaSfbRecording_cut.wav,4.0,0.577350269,0.427707065,7
28101305_MinPolqaSfbRecording_cut.wav,4.142857143,0.377964473,0.28,7
27571019_MinPolqaSfbRecording_cut.wav,4.0,0.816496581,0.604869132,7
27848411_MinPolqaSfbRecording_cut.wav,4.142857143,0.690065559,0.51120772,7
27638223_MinPolqaSfbRecording_cut.wav,4.142857143,0.377964473,0.28,7
27928869_MinPolqaSfbRecording_cut.wav,3.0,0.577350269,0.427707065,7
27792409_MinPolqaSfbRecording_cut.wav,4.142857143,0.690065559,0.51120772,7
28192884_MinPolqaSfbRecording_cut.wav,1.5,0.755928946,0.523832034,8
28269053_MinPolqaSfbRecording_cut.wav,2.625,1.407885953,0.975615191,8
28006529_MinPolqaSfbRecording_cut.wav,2.0,1.309307341,0.907303698,8
27550168_MinPolqaSfbRecording_cut.wav,3.625,0.744023809,0.515582195,8
28166421_MinPolqaSfbRecording_cut.wav,2.25,0.88640526,0.614247507,8
28432493_MinPolqaSfbRecording_cut.wav,1.5,1.069044968,0.740810367,8
27749070_MinPolqaSfbRecording_cut.wav,3.125,0.83452296,0.578294907,8
27558833_MinPolqaSfbRecording_cut.wav,3.0,0.755928946,0.523832034,8
27552661_MinPolqaSfbRecording_cut.wav,2.5,1.069044968,0.740810367,8
27551953_MinPolqaSfbRecording_cut.wav,3.714285714,0.755928946,0.56,7
27743757_MinPolqaSfbRecording_cut.wav,1.571428571,0.786795792,0.58286648,7
27888867_MinPolqaSfbRecording_cut.wav,3.142857143,0.899735411,0.66653332,7
28221564_MinPolqaSfbRecording_cut.wav,2.142857143,0.690065559,0.51120772,7
27864146_MinPolqaSfbRecording_cut.wav,3.0,0.577350269,0.427707065,7
28428327_MinPolqaSfbRecording_cut.wav,2.428571429,1.272418021,0.942620461,7
27844727_MinPolqaSfbRecording_cut.wav,2.428571429,1.397276262,1.035116741,7
28118176_MinPolqaSfbRecording_cut.wav,1.714285714,0.487950036,0.361478446,7
27693255_MinPolqaSfbRecording_cut.wav,3.25,0.707106781,0.49,8
27556326_MinPolqaSfbRecording_cut.wav,2.125,0.991031209,0.68674959,8
28106507_MinPolqaSfbRecording_cut.wav,2.5,0.9258201,0.641560597,8
28489920_MinPolqaSfbRecording_cut.wav,2.625,0.916125381,0.6348425,8
27866381_MinPolqaSfbRecording_cut.wav,3.5,1.195228609,0.82825117,8
28325784_MinPolqaSfbRecording_cut.wav,2.375,0.916125381,0.6348425,8
27833723_MinPolqaSfbRecording_cut.wav,3.25,0.88640526,0.614247507,8
28333577_MinPolqaSfbRecording_cut.wav,3.75,1.035098339,0.717286554,8
28452534_MinPolqaSfbRecording_cut.wav,2.375,0.916125381,0.6348425,8
27674720_MinPolqaSfbRecording_cut.wav,3.777777778,0.833333333,0.544444444,9
27586314_MinPolqaSfbRecording_cut.wav,3.333333333,0.707106781,0.46197643,9
28242558_MinPolqaSfbRecording_cut.wav,3.888888889,0.927960727,0.606267675,9
28211177_MinPolqaSfbRecording_cut.wav,3.444444444,0.527046277,0.344336901,9
28280105_MinPolqaSfbRecording_cut.wav,2.222222222,0.833333333,0.544444444,9
27577468_MinPolqaSfbRecording_cut.wav,3.777777778,0.666666667,0.435555556,9
28591072_MinPolqaSfbRecording_cut.wav,3.888888889,0.78173596,0.510734161,9
28084784_MinPolqaSfbRecording_cut.wav,1.222222222,0.440958552,0.288092921,9
27772826_MinPolqaSfbRecording_cut.wav,3.444444444,0.881917104,0.576185841,9
28200773_MinPolqaSfbRecording_cut.wav,4.222222222,0.666666667,0.435555556,9
28296542_MinPolqaSfbRecording_cut.wav,2.666666667,0.866025404,0.565803264,9
28309412_MinPolqaSfbRecording_cut.wav,4.0,0.866025404,0.565803264,9
28521568_MinPolqaSfbRecording_cut.wav,3.666666667,0.707106781,0.46197643,9
28230162_MinPolqaSfbRecording_cut.wav,3.777777778,0.971825316,0.634925873,9
27766682_MinPolqaSfbRecording_cut.wav,3.777777778,0.666666667,0.435555556,9
27785080_MinPolqaSfbRecording_cut.wav,3.777777778,0.666666667,0.435555556,9
27658702_MinPolqaSfbRecording_cut.wav,4.444444444,0.527046277,0.344336901,9
27686641_MinPolqaSfbRecording_cut.wav,2.111111111,1.166666667,0.762222222,9
28354461_MinPolqaSfbRecording_cut.wav,2.444444444,1.236033081,0.807541613,9
27753014_MinPolqaSfbRecording_cut.wav,2.777777778,0.666666667,0.435555556,9
27826081_MinPolqaSfbRecording_cut.wav,3.555555556,0.726483157,0.474635663,9
28593050_MinPolqaSfbRecording_cut.wav,4.0,0.5,0.326666667,9
27656933_MinPolqaSfbRecording_cut.wav,3.333333333,0.866025404,0.565803264,9
27676514_MinPolqaSfbRecording_cut.wav,3.111111111,0.78173596,0.510734161,9
28298741_MinPolqaSfbRecording_cut.wav,4.111111111,0.78173596,0.510734161,9
28029349_MinPolqaSfbRecording_cut.wav,4.0,0.707106781,0.46197643,9
27638554_MinPolqaSfbRecording_cut.wav,2.777777778,0.666666667,0.435555556,9
27730661_MinPolqaSfbRecording_cut.wav,1.666666667,1.0,0.653333333,9
27615459_MinPolqaSfbRecording_cut.wav,2.666666667,0.5,0.326666667,9
27964334_MinPolqaSfbRecording_cut.wav,3.888888889,0.600925213,0.392604472,9
28068026_MinPolqaSfbRecording_cut.wav,3.666666667,0.707106781,0.46197643,9
28313487_MinPolqaSfbRecording_cut.wav,3.555555556,0.881917104,0.576185841,9
28511087_MinPolqaSfbRecording_cut.wav,2.888888889,0.927960727,0.606267675,9
28087457_MinPolqaSfbRecording_cut.wav,3.777777778,0.666666667,0.435555556,9
27679756_MinPolqaSfbRecording_cut.wav,2.0,1.0,0.653333333,9
27617750_MinPolqaSfbRecording_cut.wav,2.0,0.5,0.326666667,9
28025690_MinPolqaSfbRecording_cut.wav,1.428571429,0.534522484,0.395979797,7
27910075_MinPolqaSfbRecording_cut.wav,1.857142857,1.069044968,0.791959595,7
27933316_MinPolqaSfbRecording_cut.wav,3.0,1.154700538,0.85541413,7
28329919_MinPolqaSfbRecording_cut.wav,2.0,0.816496581,0.604869132,7
28072503_MinPolqaSfbRecording_cut.wav,2.714285714,0.487950036,0.361478446,7
27675913_MinPolqaSfbRecording_cut.wav,2.571428571,0.975900073,0.722956891,7
28102762_MinPolqaSfbRecording_cut.wav,2.142857143,0.690065559,0.51120772,7
28323417_MinPolqaSfbRecording_cut.wav,3.857142857,0.690065559,0.51120772,7
27891962_MinPolqaSfbRecording_cut.wav,2.5,0.849836586,0.526734173,10
27929925_MinPolqaSfbRecording_cut.wav,2.5,1.08012345,0.66946745,10
27897073_MinPolqaSfbRecording_cut.wav,4.3,0.674948558,0.41833745,10
28145639_MinPolqaSfbRecording_cut.wav,3.2,0.632455532,0.392,10
28195543_MinPolqaSfbRecording_cut.wav,3.8,0.788810638,0.488909899,10
27624681_MinPolqaSfbRecording_cut.wav,3.2,0.632455532,0.392,10
28105416_MinPolqaSfbRecording_cut.wav,2.2,0.788810638,0.488909899,10
27673777_MinPolqaSfbRecording_cut.wav,3.8,0.421637021,0.261333333,10
27700722_MinPolqaSfbRecording_cut.wav,3.0,0.5,0.326666667,9
27556896_MinPolqaSfbRecording_cut.wav,1.222222222,0.440958552,0.288092921,9
27617601_MinPolqaSfbRecording_cut.wav,2.444444444,0.726483157,0.474635663,9
28232452_MinPolqaSfbRecording_cut.wav,1.111111111,0.333333333,0.217777778,9
28464280_MinPolqaSfbRecording_cut.wav,3.222222222,0.833333333,0.544444444,9
27750275_MinPolqaSfbRecording_cut.wav,2.222222222,0.833333333,0.544444444,9
28431637_MinPolqaSfbRecording_cut.wav,1.333333333,1.0,0.653333333,9
28433415_MinPolqaSfbRecording_cut.wav,2.444444444,0.726483157,0.474635663,9
27970437_MinPolqaSfbRecording_cut.wav,4.111111111,0.600925213,0.392604472,9
28199294_MinPolqaSfbRecording_cut.wav,3.375,0.916125381,0.6348425,8
28247374_MinPolqaSfbRecording_cut.wav,2.25,1.164964745,0.807279382,8
28135022_MinPolqaSfbRecording_cut.wav,4.0,0.9258201,0.641560597,8
28236425_MinPolqaSfbRecording_cut.wav,3.875,0.640869944,0.444100214,8
27695008_MinPolqaSfbRecording_cut.wav,4.125,0.640869944,0.444100214,8
28020240_MinPolqaSfbRecording_cut.wav,3.875,0.83452296,0.578294907,8
28062300_MinPolqaSfbRecording_cut.wav,3.5,0.755928946,0.523832034,8
28297061_MinPolqaSfbRecording_cut.wav,2.25,1.281739889,0.888200428,8
28312531_MinPolqaSfbRecording_cut.wav,3.125,0.83452296,0.578294907,8
27723487_MinPolqaSfbRecording_cut.wav,2.25,1.035098339,0.717286554,8
27684509_MinPolqaSfbRecording_cut.wav,4.1,0.875595036,0.542699426,10
28025511_MinPolqaSfbRecording_cut.wav,2.3,0.948683298,0.588,10
28516529_MinPolqaSfbRecording_cut.wav,3.8,0.918936583,0.569562795,10
28062441_MinPolqaSfbRecording_cut.wav,3.6,0.699205899,0.433372306,10
28226614_MinPolqaSfbRecording_cut.wav,2.1,0.875595036,0.542699426,10
28233583_MinPolqaSfbRecording_cut.wav,4.4,0.699205899,0.433372306,10
27629046_MinPolqaSfbRecording_cut.wav,3.3,0.674948558,0.41833745,10
28364423_MinPolqaSfbRecording_cut.wav,2.9,0.875595036,0.542699426,10
28102557_MinPolqaSfbRecording_cut.wav,2.3,0.483045892,0.299394945,10
28013864_MinPolqaSfbRecording_cut.wav,2.7,0.823272602,0.510269645,10
27642450_MinPolqaSfbRecording_cut.wav,2.444444444,0.881917104,0.576185841,9
28059533_MinPolqaSfbRecording_cut.wav,4.0,0.5,0.326666667,9
27699241_MinPolqaSfbRecording_cut.wav,3.666666667,0.707106781,0.46197643,9
28004626_MinPolqaSfbRecording_cut.wav,2.777777778,1.092906421,0.714032195,9
27624893_MinPolqaSfbRecording_cut.wav,4.222222222,0.440958552,0.288092921,9
27620964_MinPolqaSfbRecording_cut.wav,2.222222222,1.092906421,0.714032195,9
28116484_MinPolqaSfbRecording_cut.wav,3.444444444,0.881917104,0.576185841,9
27702785_MinPolqaSfbRecording_cut.wav,2.6,0.843274043,0.522666667,10
28182935_MinPolqaSfbRecording_cut.wav,3.7,0.823272602,0.510269645,10
27550527_MinPolqaSfbRecording_cut.wav,1.5,0.707106781,0.438269324,10
27549593_MinPolqaSfbRecording_cut.wav,2.1,1.100504935,0.682100025,10
28048815_MinPolqaSfbRecording_cut.wav,2.3,1.418136492,0.878970104,10
27932913_MinPolqaSfbRecording_cut.wav,4.0,0.471404521,0.292179549,10
28035296_MinPolqaSfbRecording_cut.wav,3.75,0.46291005,0.320780299,8
28154201_MinPolqaSfbRecording_cut.wav,3.625,0.744023809,0.515582195,8
27647616_MinPolqaSfbRecording_cut.wav,2.0,0.755928946,0.523832034,8
27977433_MinPolqaSfbRecording_cut.wav,2.25,0.707106781,0.49,8
28024648_MinPolqaSfbRecording_cut.wav,4.125,0.83452296,0.578294907,8
28320033_MinPolqaSfbRecording_cut.wav,1.0,0.0,0.0,8
28273017_MinPolqaSfbRecording_cut.wav,3.25,0.88640526,0.614247507,8
28233662_MinPolqaSfbRecording_cut.wav,3.875,0.991031209,0.68674959,8
28428798_MinPolqaSfbRecording_cut.wav,4.2,0.788810638,0.488909899,10
28422919_MinPolqaSfbRecording_cut.wav,3.8,0.632455532,0.392,10
27586038_MinPolqaSfbRecording_cut.wav,3.7,1.059349905,0.656591874,10
27621540_MinPolqaSfbRecording_cut.wav,3.5,0.707106781,0.438269324,10
28287684_MinPolqaSfbRecording_cut.wav,3.6,0.843274043,0.522666667,10
28257051_MinPolqaSfbRecording_cut.wav,3.2,0.918936583,0.569562795,10
28023111_MinPolqaSfbRecording_cut.wav,4.0,0.666666667,0.413204281,10
27597715_MinPolqaSfbRecording_cut.wav,2.7,0.823272602,0.510269645,10
27677120_MinPolqaSfbRecording_cut.wav,4.3,0.948683298,0.588,10
28315995_MinPolqaSfbRecording_cut.wav,4.125,0.83452296,0.578294907,8
28273409_MinPolqaSfbRecording_cut.wav,2.5,1.195228609,0.82825117,8
27844531_MinPolqaSfbRecording_cut.wav,2.625,0.51754917,0.358643277,8
28543306_MinPolqaSfbRecording_cut.wav,3.25,0.46291005,0.320780299,8
27935503_MinPolqaSfbRecording_cut.wav,3.0,0.755928946,0.523832034,8
28015164_MinPolqaSfbRecording_cut.wav,1.875,1.125991626,0.780272388,8
27619228_MinPolqaSfbRecording_cut.wav,1.25,0.46291005,0.320780299,8
27828557_MinPolqaSfbRecording_cut.wav,3.375,0.744023809,0.515582195,8
27663860_MinPolqaSfbRecording_cut.wav,4.25,0.707106781,0.49,8
28126538_MinPolqaSfbRecording_cut.wav,2.714285714,0.755928946,0.56,7
27930090_MinPolqaSfbRecording_cut.wav,3.857142857,1.345185418,0.996527304,7
27985390_MinPolqaSfbRecording_cut.wav,1.857142857,1.069044968,0.791959595,7
28363118_MinPolqaSfbRecording_cut.wav,3.571428571,0.975900073,0.722956891,7
27705347_MinPolqaSfbRecording_cut.wav,3.714285714,0.951189731,0.704651214,7
27598494_MinPolqaSfbRecording_cut.wav,1.285714286,0.755928946,0.56,7
27739678_MinPolqaSfbRecording_cut.wav,2.857142857,0.690065559,0.51120772,7
28234784_MinPolqaSfbRecording_cut.wav,2.666666667,1.0,0.653333333,9
28287182_MinPolqaSfbRecording_cut.wav,3.111111111,0.600925213,0.392604472,9
27750475_MinPolqaSfbRecording_cut.wav,4.333333333,0.5,0.326666667,9
28275819_MinPolqaSfbRecording_cut.wav,2.333333333,1.118033989,0.730448873,9
28205190_MinPolqaSfbRecording_cut.wav,4.0,0.5,0.326666667,9
27906616_MinPolqaSfbRecording_cut.wav,4.0,0.866025404,0.565803264,9
27849774_MinPolqaSfbRecording_cut.wav,4.333333333,0.5,0.326666667,9
27570033_MinPolqaSfbRecording_cut.wav,2.111111111,1.054092553,0.688673802,9
28101784_MinPolqaSfbRecording_cut.wav,1.9,0.737864787,0.457333333,10
28442211_MinPolqaSfbRecording_cut.wav,3.8,0.632455532,0.392,10
28588873_MinPolqaSfbRecording_cut.wav,3.2,0.632455532,0.392,10
27874069_MinPolqaSfbRecording_cut.wav,3.8,0.788810638,0.488909899,10
27904888_MinPolqaSfbRecording_cut.wav,3.5,0.971825316,0.602343571,10
28152914_MinPolqaSfbRecording_cut.wav,2.1,1.197219,0.742044024,10
27720864_MinPolqaSfbRecording_cut.wav,2.9,0.567646212,0.351830767,10
27645590_MinPolqaSfbRecording_cut.wav,3.2,0.918936583,0.569562795,10
27940956_MinPolqaSfbRecording_cut.wav,3.888888889,0.927960727,0.606267675,9
28106798_MinPolqaSfbRecording_cut.wav,3.888888889,0.927960727,0.606267675,9
28368979_MinPolqaSfbRecording_cut.wav,3.222222222,0.971825316,0.634925873,9
27589610_MinPolqaSfbRecording_cut.wav,4.444444444,0.726483157,0.474635663,9
27598000_MinPolqaSfbRecording_cut.wav,4.444444444,0.726483157,0.474635663,9
28542371_MinPolqaSfbRecording_cut.wav,3.666666667,1.118033989,0.730448873,9
27685424_MinPolqaSfbRecording_cut.wav,4.0,0.866025404,0.565803264,9
28540969_MinPolqaSfbRecording_cut.wav,3.111111111,1.054092553,0.688673802,9
27791280_MinPolqaSfbRecording_cut.wav,3.0,0.866025404,0.565803264,9
28283756_MinPolqaSfbRecording_cut.wav,2.666666667,0.707106781,0.46197643,9
27847596_MinPolqaSfbRecording_cut.wav,3.555555556,0.881917104,0.576185841,9
27822286_MinPolqaSfbRecording_cut.wav,3.0,1.0,0.653333333,9
27708257_MinPolqaSfbRecording_cut.wav,3.333333333,0.5,0.326666667,9
28301983_MinPolqaSfbRecording_cut.wav,3.666666667,0.707106781,0.46197643,9
27887172_MinPolqaSfbRecording_cut.wav,4.111111111,0.78173596,0.510734161,9
28358738_MinPolqaSfbRecording_cut.wav,1.888888889,0.78173596,0.510734161,9
28085834_MinPolqaSfbRecording_cut.wav,3.222222222,0.971825316,0.634925873,9
28420373_MinPolqaSfbRecording_cut.wav,2.888888889,0.78173596,0.510734161,9
27777296_MinPolqaSfbRecording_cut.wav,3.888888889,0.927960727,0.606267675,9
28272849_MinPolqaSfbRecording_cut.wav,1.444444444,0.726483157,0.474635663,9
28342756_MinPolqaSfbRecording_cut.wav,3.777777778,0.971825316,0.634925873,9
27581365_MinPolqaSfbRecording_cut.wav,3.0,0.707106781,0.46197643,9
27561747_MinPolqaSfbRecording_cut.wav,1.666666667,0.5,0.326666667,9
28303360_MinPolqaSfbRecording_cut.wav,3.777777778,0.833333333,0.544444444,9
27741049_MinPolqaSfbRecording_cut.wav,3.555555556,0.527046277,0.344336901,9
28300122_MinPolqaSfbRecording_cut.wav,1.333333333,0.5,0.326666667,9
27711192_MinPolqaSfbRecording_cut.wav,4.0,0.816496581,0.506069824,10
27894935_MinPolqaSfbRecording_cut.wav,1.5,0.527046277,0.326666667,10
28356895_MinPolqaSfbRecording_cut.wav,3.9,0.875595036,0.542699426,10
28512900_MinPolqaSfbRecording_cut.wav,2.9,0.994428926,0.616353434,10
28221124_MinPolqaSfbRecording_cut.wav,1.8,0.918936583,0.569562795,10
27605118_MinPolqaSfbRecording_cut.wav,2.9,1.100504935,0.682100025,10
28250242_MinPolqaSfbRecording_cut.wav,3.8,0.918936583,0.569562795,10
27782296_MinPolqaSfbRecording_cut.wav,3.5,0.849836586,0.526734173,10
28348917_MinPolqaSfbRecording_cut.wav,4.3,0.948683298,0.588,10
27896555_MinPolqaSfbRecording_cut.wav,2.714285714,0.755928946,0.56,7
28363776_MinPolqaSfbRecording_cut.wav,3.714285714,0.755928946,0.56,7
28164280_MinPolqaSfbRecording_cut.wav,4.285714286,0.755928946,0.56,7
28275251_MinPolqaSfbRecording_cut.wav,2.714285714,1.112697281,0.824297681,7
28103706_MinPolqaSfbRecording_cut.wav,3.714285714,0.487950036,0.361478446,7
27623929_MinPolqaSfbRecording_cut.wav,2.571428571,1.272418021,0.942620461,7
27934028_MinPolqaSfbRecording_cut.wav,3.5,0.9258201,0.641560597,8
27902335_MinPolqaSfbRecording_cut.wav,3.0,0.534522484,0.370405184,8
28460167_MinPolqaSfbRecording_cut.wav,4.0,0.755928946,0.523832034,8
28141487_MinPolqaSfbRecording_cut.wav,1.5,1.069044968,0.740810367,8
27710549_MinPolqaSfbRecording_cut.wav,3.875,0.640869944,0.444100214,8
28074549_MinPolqaSfbRecording_cut.wav,3.25,0.707106781,0.49,8
28226145_MinPolqaSfbRecording_cut.wav,1.875,1.125991626,0.780272388,8
28482933_MinPolqaSfbRecording_cut.wav,4.0,0.534522484,0.370405184,8
28267686_MinPolqaSfbRecording_cut.wav,4.375,0.51754917,0.358643277,8
27656367_MinPolqaSfbRecording_cut.wav,2.25,1.035098339,0.717286554,8
27736284_MinPolqaSfbRecording_cut.wav,3.444444444,0.881917104,0.576185841,9
27638312_MinPolqaSfbRecording_cut.wav,4.0,0.5,0.326666667,9
28302166_MinPolqaSfbRecording_cut.wav,3.333333333,0.866025404,0.565803264,9
27696558_MinPolqaSfbRecording_cut.wav,2.666666667,0.707106781,0.46197643,9
28116937_MinPolqaSfbRecording_cut.wav,4.333333333,0.707106781,0.46197643,9
27600831_MinPolqaSfbRecording_cut.wav,3.888888889,0.927960727,0.606267675,9
27679576_MinPolqaSfbRecording_cut.wav,4.222222222,0.666666667,0.435555556,9
28007121_MinPolqaSfbRecording_cut.wav,3.666666667,0.866025404,0.565803264,9
27527094_MinPolqaSfbRecording_cut.wav,2.0,1.322875656,0.864278762,9
27647179_MinPolqaSfbRecording_cut.wav,4.0,0.707106781,0.46197643,9
28513716_MinPolqaSfbRecording_cut.wav,4.0,0.0,0.0,9
27735001_MinPolqaSfbRecording_cut.wav,2.222222222,1.201850425,0.785208944,9
27791449_MinPolqaSfbRecording_cut.wav,4.111111111,0.600925213,0.392604472,9
27629689_MinPolqaSfbRecording_cut.wav,3.111111111,0.78173596,0.510734161,9
27917498_MinPolqaSfbRecording_cut.wav,4.0,1.0,0.653333333,9
28444585_MinPolqaSfbRecording_cut.wav,2.222222222,1.481365736,0.967825614,9
28064706_MinPolqaSfbRecording_cut.wav,3.6,0.699205899,0.433372306,10
28292385_MinPolqaSfbRecording_cut.wav,4.1,0.737864787,0.457333333,10
27712988_MinPolqaSfbRecording_cut.wav,1.8,0.632455532,0.392,10
28289374_MinPolqaSfbRecording_cut.wav,3.6,0.843274043,0.522666667,10
28227006_MinPolqaSfbRecording_cut.wav,3.1,0.737864787,0.457333333,10
28014688_MinPolqaSfbRecording_cut.wav,4.4,0.699205899,0.433372306,10
27721338_MinPolqaSfbRecording_cut.wav,3.7,0.674948558,0.41833745,10
27837560_MinPolqaSfbRecording_cut.wav,4.3,0.483045892,0.299394945,10
28488149_MinPolqaSfbRecording_cut.wav,2.6,0.966091783,0.598789891,10
27794064_MinPolqaSfbRecording_cut.wav,3.9,0.875595036,0.542699426,10
28244879_MinPolqaSfbRecording_cut.wav,3.2,0.788810638,0.488909899,10
27769166_MinPolqaSfbRecording_cut.wav,2.9,0.737864787,0.457333333,10
27621621_MinPolqaSfbRecording_cut.wav,3.8,1.135292424,0.703661535,10
28562058_MinPolqaSfbRecording_cut.wav,3.4,0.699205899,0.433372306,10
27722613_MinPolqaSfbRecording_cut.wav,4.2,0.918936583,0.569562795,10
28517328_MinPolqaSfbRecording_cut.wav,2.4,0.966091783,0.598789891,10
28293536_MinPolqaSfbRecording_cut.wav,3.777777778,1.092906421,0.714032195,9
28550723_MinPolqaSfbRecording_cut.wav,2.333333333,0.866025404,0.565803264,9
28350112_MinPolqaSfbRecording_cut.wav,4.444444444,0.726483157,0.474635663,9
28275810_MinPolqaSfbRecording_cut.wav,3.111111111,1.452966315,0.949271325,9
28205219_MinPolqaSfbRecording_cut.wav,4.0,0.866025404,0.565803264,9
27553130_MinPolqaSfbRecording_cut.wav,1.666666667,0.866025404,0.565803264,9
27588928_MinPolqaSfbRecording_cut.wav,3.777777778,1.301708279,0.850449409,9
27767448_MinPolqaSfbRecording_cut.wav,4.222222222,0.971825316,0.634925873,9
28529075_MinPolqaSfbRecording_cut.wav,2.111111111,0.927960727,0.606267675,9
27767398_MinPolqaSfbRecording_cut.wav,2.0,1.0,0.653333333,9
27670860_MinPolqaSfbRecording_cut.wav,2.777777778,0.971825316,0.634925873,9
28142835_MinPolqaSfbRecording_cut.wav,3.666666667,0.5,0.326666667,9
27713478_MinPolqaSfbRecording_cut.wav,3.555555556,0.527046277,0.344336901,9
28004167_MinPolqaSfbRecording_cut.wav,2.777777778,0.971825316,0.634925873,9
27892276_MinPolqaSfbRecording_cut.wav,3.555555556,0.527046277,0.344336901,9
28276941_MinPolqaSfbRecording_cut.wav,2.888888889,0.78173596,0.510734161,9
27961469_MinPolqaSfbRecording_cut.wav,3.111111111,0.600925213,0.392604472,9
27553749_MinPolqaSfbRecording_cut.wav,2.888888889,0.78173596,0.510734161,9
28041913_MinPolqaSfbRecording_cut.wav,2.666666667,0.516397779,0.413204281,6
27626083_MinPolqaSfbRecording_cut.wav,3.166666667,0.752772653,0.602343571,6
28523551_MinPolqaSfbRecording_cut.wav,3.833333333,0.752772653,0.602343571,6
28493460_MinPolqaSfbRecording_cut.wav,2.5,1.516575089,1.213512807,6
27966330_MinPolqaSfbRecording_cut.wav,3.166666667,0.98319208,0.786717512,6
27927648_MinPolqaSfbRecording_cut.wav,3.666666667,0.816496581,0.653333333,6
28446227_MinPolqaSfbRecording_cut.wav,3.833333333,0.98319208,0.786717512,6
28193842_MinPolqaSfbRecording_cut.wav,2.166666667,1.169045194,0.935430976,6
27902638_MinPolqaSfbRecording_cut.wav,4.166666667,0.752772653,0.602343571,6
27764669_MinPolqaSfbRecording_cut.wav,4.8,0.421637021,0.261333333,10
28132968_MinPolqaSfbRecording_cut.wav,4.1,0.875595036,0.542699426,10
27828890_MinPolqaSfbRecording_cut.wav,3.9,0.994428926,0.616353434,10
28332787_MinPolqaSfbRecording_cut.wav,3.9,0.567646212,0.351830767,10
27937352_MinPolqaSfbRecording_cut.wav,2.0,0.471404521,0.292179549,10
27787095_MinPolqaSfbRecording_cut.wav,3.6,0.966091783,0.598789891,10
28089420_MinPolqaSfbRecording_cut.wav,2.7,0.674948558,0.41833745,10
27791216_MinPolqaSfbRecording_cut.wav,3.555555556,1.013793755,0.662345253,9
27909742_MinPolqaSfbRecording_cut.wav,2.333333333,1.118033989,0.730448873,9
27872912_MinPolqaSfbRecording_cut.wav,2.666666667,1.414213562,0.923952861,9
27510578_MinPolqaSfbRecording_cut.wav,4.222222222,0.666666667,0.435555556,9
27780645_MinPolqaSfbRecording_cut.wav,4.111111111,0.600925213,0.392604472,9
28171578_MinPolqaSfbRecording_cut.wav,3.333333333,0.707106781,0.46197643,9
27640645_MinPolqaSfbRecording_cut.wav,4.0,0.707106781,0.46197643,9
27812588_MinPolqaSfbRecording_cut.wav,2.666666667,1.322875656,0.864278762,9
27866412_MinPolqaSfbRecording_cut.wav,2.666666667,0.707106781,0.46197643,9
28173888_MinPolqaSfbRecording_cut.wav,1.875,0.640869944,0.444100214,8
27653172_MinPolqaSfbRecording_cut.wav,3.75,0.707106781,0.49,8
28475453_MinPolqaSfbRecording_cut.wav,1.0,0.0,0.0,8
28107153_MinPolqaSfbRecording_cut.wav,2.0,0.755928946,0.523832034,8
27552947_MinPolqaSfbRecording_cut.wav,1.375,0.51754917,0.358643277,8
28180460_MinPolqaSfbRecording_cut.wav,4.25,0.707106781,0.49,8
27931237_MinPolqaSfbRecording_cut.wav,3.25,0.46291005,0.320780299,8
28451401_MinPolqaSfbRecording_cut.wav,3.333333333,0.707106781,0.46197643,9
27565362_MinPolqaSfbRecording_cut.wav,4.0,0.707106781,0.46197643,9
28464963_MinPolqaSfbRecording_cut.wav,1.111111111,0.333333333,0.217777778,9
28443463_MinPolqaSfbRecording_cut.wav,3.888888889,0.333333333,0.217777778,9
27711203_MinPolqaSfbRecording_cut.wav,2.222222222,0.833333333,0.544444444,9
28209348_MinPolqaSfbRecording_cut.wav,3.888888889,0.927960727,0.606267675,9
28502058_MinPolqaSfbRecording_cut.wav,3.444444444,0.527046277,0.344336901,9
28240262_MinPolqaSfbRecording_cut.wav,3.888888889,0.600925213,0.392604472,9
27965250_MinPolqaSfbRecording_cut.wav,3.333333333,0.707106781,0.46197643,9
28592064_MinPolqaSfbRecording_cut.wav,2.166666667,0.98319208,0.786717512,6
28293389_MinPolqaSfbRecording_cut.wav,4.0,0.894427191,0.715690808,6
28117985_MinPolqaSfbRecording_cut.wav,3.166666667,0.98319208,0.786717512,6
28583902_MinPolqaSfbRecording_cut.wav,4.166666667,0.752772653,0.602343571,6
28307360_MinPolqaSfbRecording_cut.wav,4.333333333,0.816496581,0.653333333,6
28476423_MinPolqaSfbRecording_cut.wav,4.333333333,0.516397779,0.413204281,6
27667579_MinPolqaSfbRecording_cut.wav,3.333333333,0.816496581,0.653333333,6
27724367_MinPolqaSfbRecording_cut.wav,2.333333333,1.414213562,0.923952861,9
28004689_MinPolqaSfbRecording_cut.wav,3.111111111,0.927960727,0.606267675,9
27591690_MinPolqaSfbRecording_cut.wav,1.444444444,0.527046277,0.344336901,9
27684440_MinPolqaSfbRecording_cut.wav,4.0,0.707106781,0.46197643,9
27743673_MinPolqaSfbRecording_cut.wav,2.777777778,0.666666667,0.435555556,9
28060944_MinPolqaSfbRecording_cut.wav,3.111111111,0.333333333,0.217777778,9
28009302_MinPolqaSfbRecording_cut.wav,3.444444444,1.130388331,0.738520376,9
28229142_MinPolqaSfbRecording_cut.wav,3.222222222,0.833333333,0.544444444,9
27875947_MinPolqaSfbRecording_cut.wav,4.375,0.916125381,0.6348425,8
28528081_MinPolqaSfbRecording_cut.wav,3.875,0.83452296,0.578294907,8
28139159_MinPolqaSfbRecording_cut.wav,2.875,0.83452296,0.578294907,8
27890441_MinPolqaSfbRecording_cut.wav,3.25,0.707106781,0.49,8
27634064_MinPolqaSfbRecording_cut.wav,3.0,0.534522484,0.370405184,8
28311676_MinPolqaSfbRecording_cut.wav,4.125,0.83452296,0.578294907,8
27757560_MinPolqaSfbRecording_cut.wav,2.5,0.534522484,0.370405184,8
27624433_MinPolqaSfbRecording_cut.wav,1.875,0.83452296,0.578294907,8
28011523_MinPolqaSfbRecording_cut.wav,3.4,1.173787791,0.72752121,10
28493086_MinPolqaSfbRecording_cut.wav,3.9,1.100504935,0.682100025,10
27759989_MinPolqaSfbRecording_cut.wav,4.1,0.567646212,0.351830767,10
28050862_MinPolqaSfbRecording_cut.wav,4.3,0.674948558,0.41833745,10
28461519_MinPolqaSfbRecording_cut.wav,3.8,0.788810638,0.488909899,10
27631011_MinPolqaSfbRecording_cut.wav,4.2,0.918936583,0.569562795,10
28433284_MinPolqaSfbRecording_cut.wav,3.8,0.918936583,0.569562795,10
27720431_MinPolqaSfbRecording_cut.wav,2.8,1.229272594,0.761911048,10
28196864_MinPolqaSfbRecording_cut.wav,3.0,1.0,0.653333333,9
28126539_MinPolqaSfbRecording_cut.wav,2.444444444,0.726483157,0.474635663,9
27830792_MinPolqaSfbRecording_cut.wav,2.555555556,0.726483157,0.474635663,9
28137309_MinPolqaSfbRecording_cut.wav,2.222222222,1.092906421,0.714032195,9
27566643_MinPolqaSfbRecording_cut.wav,4.555555556,0.726483157,0.474635663,9
27550795_MinPolqaSfbRecording_cut.wav,2.333333333,1.224744871,0.800166649,9
27966968_MinPolqaSfbRecording_cut.wav,3.111111111,0.927960727,0.606267675,9
28278757_MinPolqaSfbRecording_cut.wav,2.0,0.866025404,0.565803264,9
28355738_MinPolqaSfbRecording_cut.wav,2.666666667,0.707106781,0.46197643,9
27549615_MinPolqaSfbRecording_cut.wav,3.444444444,0.881917104,0.576185841,9
27829643_MinPolqaSfbRecording_cut.wav,3.666666667,0.866025404,0.565803264,9
28262346_MinPolqaSfbRecording_cut.wav,2.333333333,0.866025404,0.565803264,9
27608904_MinPolqaSfbRecording_cut.wav,1.0,0.0,0.0,9
27828531_MinPolqaSfbRecording_cut.wav,1.555555556,0.726483157,0.474635663,9
28214436_MinPolqaSfbRecording_cut.wav,3.2,0.632455532,0.392,10
28436152_MinPolqaSfbRecording_cut.wav,2.6,0.699205899,0.433372306,10
28441307_MinPolqaSfbRecording_cut.wav,3.5,0.527046277,0.326666667,10
27595699_MinPolqaSfbRecording_cut.wav,2.0,1.247219129,0.773034425,10
28080250_MinPolqaSfbRecording_cut.wav,3.1,0.875595036,0.542699426,10
28283193_MinPolqaSfbRecording_cut.wav,4.2,0.632455532,0.392,10
28164763_MinPolqaSfbRecording_cut.wav,2.2,1.032795559,0.640133319,10
27813605_MinPolqaSfbRecording_cut.wav,4.555555556,0.527046277,0.344336901,9
27848621_MinPolqaSfbRecording_cut.wav,1.777777778,0.666666667,0.435555556,9
28535921_MinPolqaSfbRecording_cut.wav,2.111111111,0.600925213,0.392604472,9
27913044_MinPolqaSfbRecording_cut.wav,2.111111111,0.78173596,0.510734161,9
28177310_MinPolqaSfbRecording_cut.wav,3.888888889,0.927960727,0.606267675,9
27522726_MinPolqaSfbRecording_cut.wav,1.444444444,0.527046277,0.344336901,9
27888093_MinPolqaSfbRecording_cut.wav,3.444444444,0.527046277,0.344336901,9
27722379_MinPolqaSfbRecording_cut.wav,2.555555556,0.726483157,0.474635663,9
28546980_MinPolqaSfbRecording_cut.wav,2.222222222,0.666666667,0.435555556,9
27824693_MinPolqaSfbRecording_cut.wav,3.333333333,0.707106781,0.46197643,9
27892437_MinPolqaSfbRecording_cut.wav,1.3,0.483045892,0.299394945,10
28532792_MinPolqaSfbRecording_cut.wav,3.4,0.843274043,0.522666667,10
27580317_MinPolqaSfbRecording_cut.wav,4.0,1.054092553,0.653333333,10
27965233_MinPolqaSfbRecording_cut.wav,3.3,0.823272602,0.510269645,10
27552778_MinPolqaSfbRecording_cut.wav,4.0,0.942809042,0.584359098,10
28207298_MinPolqaSfbRecording_cut.wav,4.0,1.154700538,0.715690808,10
27674592_MinPolqaSfbRecording_cut.wav,4.1,0.737864787,0.457333333,10
27611430_MinPolqaSfbRecording_cut.wav,1.4,0.516397779,0.32006666,10
27927476_MinPolqaSfbRecording_cut.wav,1.9,0.737864787,0.457333333,10
28323895_MinPolqaSfbRecording_cut.wav,1.666666667,1.0,0.653333333,9
28448116_MinPolqaSfbRecording_cut.wav,3.0,1.414213562,0.923952861,9
27814379_MinPolqaSfbRecording_cut.wav,3.222222222,0.833333333,0.544444444,9
28341640_MinPolqaSfbRecording_cut.wav,1.333333333,0.5,0.326666667,9
27658859_MinPolqaSfbRecording_cut.wav,3.888888889,0.78173596,0.510734161,9
28277945_MinPolqaSfbRecording_cut.wav,3.0,1.0,0.653333333,9
28449835_MinPolqaSfbRecording_cut.wav,1.888888889,0.927960727,0.606267675,9
27655860_MinPolqaSfbRecording_cut.wav,4.333333333,0.866025404,0.565803264,9
28053684_MinPolqaSfbRecording_cut.wav,3.444444444,0.527046277,0.344336901,9
28592744_MinPolqaSfbRecording_cut.wav,2.875,0.640869944,0.444100214,8
27976848_MinPolqaSfbRecording_cut.wav,2.875,0.640869944,0.444100214,8
28057551_MinPolqaSfbRecording_cut.wav,3.75,0.707106781,0.49,8
27575270_MinPolqaSfbRecording_cut.wav,3.875,0.83452296,0.578294907,8
28319506_MinPolqaSfbRecording_cut.wav,3.875,0.640869944,0.444100214,8
27890969_MinPolqaSfbRecording_cut.wav,4.0,0.755928946,0.523832034,8
28587115_MinPolqaSfbRecording_cut.wav,2.25,0.46291005,0.320780299,8
27608902_MinPolqaSfbRecording_cut.wav,1.875,0.353553391,0.245,8
28074687_MinPolqaSfbRecording_cut.wav,3.625,0.916125381,0.6348425,8
28197619_MinPolqaSfbRecording_cut.wav,2.375,1.060660172,0.735,8
28548343_MinPolqaSfbRecording_cut.wav,3.125,1.246423455,0.863727388,8
27792703_MinPolqaSfbRecording_cut.wav,4.125,0.991031209,0.68674959,8
28523207_MinPolqaSfbRecording_cut.wav,4.25,0.46291005,0.320780299,8
27843123_MinPolqaSfbRecording_cut.wav,3.875,0.991031209,0.68674959,8
28279048_MinPolqaSfbRecording_cut.wav,4.125,0.83452296,0.578294907,8
28507031_MinPolqaSfbRecording_cut.wav,3.25,0.707106781,0.49,8
28288916_MinPolqaSfbRecording_cut.wav,1.5,1.069044968,0.740810367,8
27968061_MinPolqaSfbRecording_cut.wav,2.25,0.88640526,0.614247507,8
27967772_MinPolqaSfbRecording_cut.wav,3.875,0.353553391,0.245,8
27823418_MinPolqaSfbRecording_cut.wav,3.5,0.534522484,0.370405184,8
27951154_MinPolqaSfbRecording_cut.wav,3.875,0.353553391,0.245,8
27548045_MinPolqaSfbRecording_cut.wav,1.833333333,0.752772653,0.602343571,6
28239936_MinPolqaSfbRecording_cut.wav,2.333333333,0.816496581,0.653333333,6
27548754_MinPolqaSfbRecording_cut.wav,1.166666667,0.40824829,0.326666667,6
28254938_MinPolqaSfbRecording_cut.wav,2.333333333,0.816496581,0.653333333,6
27819557_MinPolqaSfbRecording_cut.wav,3.833333333,0.752772653,0.602343571,6
28288860_MinPolqaSfbRecording_cut.wav,1.833333333,1.169045194,0.935430976,6
27918858_MinPolqaSfbRecording_cut.wav,2.5,0.836660027,0.66946745,6
28520317_MinPolqaSfbRecording_cut.wav,3.666666667,0.816496581,0.653333333,6
28111868_MinPolqaSfbRecording_cut.wav,2.5,0.547722558,0.438269324,6
27572134_MinPolqaSfbRecording_cut.wav,3.333333333,0.516397779,0.413204281,6
27834969_MinPolqaSfbRecording_cut.wav,3.333333333,0.516397779,0.413204281,6
27634048_MinPolqaSfbRecording_cut.wav,2.5,1.048808848,0.839221862,6
28265337_MinPolqaSfbRecording_cut.wav,3.666666667,0.516397779,0.413204281,6
27799765_MinPolqaSfbRecording_cut.wav,3.833333333,0.40824829,0.326666667,6
27804188_MinPolqaSfbRecording_cut.wav,2.166666667,1.169045194,0.935430976,6
27553949_MinPolqaSfbRecording_cut.wav,3.166666667,1.169045194,0.935430976,6
28216212_MinPolqaSfbRecording_cut.wav,2.833333333,1.169045194,0.935430976,6
28254679_MinPolqaSfbRecording_cut.wav,4.333333333,0.707106781,0.46197643,9
28133835_MinPolqaSfbRecording_cut.wav,4.111111111,0.78173596,0.510734161,9
28458144_MinPolqaSfbRecording_cut.wav,3.333333333,1.0,0.653333333,9
27919815_MinPolqaSfbRecording_cut.wav,2.0,1.224744871,0.800166649,9
28315738_MinPolqaSfbRecording_cut.wav,3.333333333,0.707106781,0.46197643,9
27861705_MinPolqaSfbRecording_cut.wav,3.555555556,0.881917104,0.576185841,9
28288636_MinPolqaSfbRecording_cut.wav,3.777777778,0.833333333,0.544444444,9
27933090_MinPolqaSfbRecording_cut.wav,2.111111111,0.927960727,0.606267675,9
28428233_MinPolqaSfbRecording_cut.wav,4.222222222,0.833333333,0.544444444,9
27917891_MinPolqaSfbRecording_cut.wav,3.555555556,0.527046277,0.344336901,9
27939344_MinPolqaSfbRecording_cut.wav,3.375,0.916125381,0.6348425,8
28497184_MinPolqaSfbRecording_cut.wav,4.0,0.755928946,0.523832034,8
27763469_MinPolqaSfbRecording_cut.wav,2.25,1.035098339,0.717286554,8
28289367_MinPolqaSfbRecording_cut.wav,2.75,1.164964745,0.807279382,8
28209045_MinPolqaSfbRecording_cut.wav,3.375,1.187734939,0.823058321,8
28324887_MinPolqaSfbRecording_cut.wav,3.25,0.88640526,0.614247507,8
27886988_MinPolqaSfbRecording_cut.wav,2.25,1.035098339,0.717286554,8
28141768_MinPolqaSfbRecording_cut.wav,2.25,0.707106781,0.49,8
27610193_MinPolqaSfbRecording_cut.wav,2.0,0.816496581,0.604869132,7
28543160_MinPolqaSfbRecording_cut.wav,4.428571429,0.534522484,0.395979797,7
27947923_MinPolqaSfbRecording_cut.wav,2.142857143,1.069044968,0.791959595,7
27765769_MinPolqaSfbRecording_cut.wav,3.142857143,0.690065559,0.51120772,7
27832770_MinPolqaSfbRecording_cut.wav,2.571428571,0.975900073,0.722956891,7
27569770_MinPolqaSfbRecording_cut.wav,3.428571429,0.786795792,0.58286648,7
28540747_MinPolqaSfbRecording_cut.wav,4.222222222,0.833333333,0.544444444,9
27571204_MinPolqaSfbRecording_cut.wav,3.555555556,1.013793755,0.662345253,9
27554317_MinPolqaSfbRecording_cut.wav,4.222222222,0.833333333,0.544444444,9
28195384_MinPolqaSfbRecording_cut.wav,2.333333333,0.707106781,0.46197643,9
28329902_MinPolqaSfbRecording_cut.wav,3.222222222,0.833333333,0.544444444,9
28161117_MinPolqaSfbRecording_cut.wav,1.888888889,0.927960727,0.606267675,9
28172963_MinPolqaSfbRecording_cut.wav,2.222222222,0.833333333,0.544444444,9
27510805_MinPolqaSfbRecording_cut.wav,3.444444444,0.881917104,0.576185841,9
27808555_MinPolqaSfbRecording_cut.wav,3.0,0.707106781,0.46197643,9
27836203_MinPolqaSfbRecording_cut.wav,2.444444444,0.881917104,0.576185841,9
27598899_MinPolqaSfbRecording_cut.wav,4.3,0.674948558,0.41833745,10
28147978_MinPolqaSfbRecording_cut.wav,2.4,0.699205899,0.433372306,10
27556721_MinPolqaSfbRecording_cut.wav,3.0,0.666666667,0.413204281,10
27856026_MinPolqaSfbRecording_cut.wav,4.1,0.737864787,0.457333333,10
28037180_MinPolqaSfbRecording_cut.wav,2.4,0.699205899,0.433372306,10
28070530_MinPolqaSfbRecording_cut.wav,2.2,0.918936583,0.569562795,10
27980187_MinPolqaSfbRecording_cut.wav,3.2,0.632455532,0.392,10
27897473_MinPolqaSfbRecording_cut.wav,4.0,0.666666667,0.413204281,10
28056058_MinPolqaSfbRecording_cut.wav,1.9,0.994428926,0.616353434,10
27771519_MinPolqaSfbRecording_cut.wav,3.2,0.788810638,0.488909899,10
27845602_MinPolqaSfbRecording_cut.wav,2.6,0.699205899,0.433372306,10
27548181_MinPolqaSfbRecording_cut.wav,1.5,0.971825316,0.602343571,10
28329907_MinPolqaSfbRecording_cut.wav,2.2,0.918936583,0.569562795,10
28437147_MinPolqaSfbRecording_cut.wav,1.4,0.966091783,0.598789891,10
27946988_MinPolqaSfbRecording_cut.wav,3.7,0.948683298,0.588,10
28168089_MinPolqaSfbRecording_cut.wav,2.5,1.08012345,0.66946745,10
27861498_MinPolqaSfbRecording_cut.wav,4.375,0.744023809,0.515582195,8
28034731_MinPolqaSfbRecording_cut.wav,4.25,0.707106781,0.49,8
28023725_MinPolqaSfbRecording_cut.wav,3.625,0.51754917,0.358643277,8
27910833_MinPolqaSfbRecording_cut.wav,3.5,0.755928946,0.523832034,8
28112806_MinPolqaSfbRecording_cut.wav,4.25,0.88640526,0.614247507,8
27979448_MinPolqaSfbRecording_cut.wav,2.25,1.281739889,0.888200428,8
27513519_MinPolqaSfbRecording_cut.wav,2.375,0.51754917,0.358643277,8
28440781_MinPolqaSfbRecording_cut.wav,4.375,0.744023809,0.515582195,8
27588273_MinPolqaSfbRecording_cut.wav,3.6,0.843274043,0.522666667,10
27826640_MinPolqaSfbRecording_cut.wav,1.1,0.316227766,0.196,10
28190139_MinPolqaSfbRecording_cut.wav,3.9,0.567646212,0.351830767,10
28019613_MinPolqaSfbRecording_cut.wav,2.5,1.08012345,0.66946745,10
27629820_MinPolqaSfbRecording_cut.wav,2.4,0.843274043,0.522666667,10
28066141_MinPolqaSfbRecording_cut.wav,3.8,0.788810638,0.488909899,10
28053360_MinPolqaSfbRecording_cut.wav,3.3,0.674948558,0.41833745,10
28318513_MinPolqaSfbRecording_cut.wav,3.9,0.567646212,0.351830767,10
27552078_MinPolqaSfbRecording_cut.wav,2.1,0.994428926,0.616353434,10
28120155_MinPolqaSfbRecording_cut.wav,2.375,1.060660172,0.735,8
27940488_MinPolqaSfbRecording_cut.wav,3.875,0.640869944,0.444100214,8
27624966_MinPolqaSfbRecording_cut.wav,4.0,0.9258201,0.641560597,8
28283735_MinPolqaSfbRecording_cut.wav,2.375,1.302470181,0.902565787,8
27790164_MinPolqaSfbRecording_cut.wav,4.375,0.51754917,0.358643277,8
27779626_MinPolqaSfbRecording_cut.wav,2.625,1.060660172,0.735,8
28550637_MinPolqaSfbRecording_cut.wav,2.25,0.707106781,0.49,8
28266880_MinPolqaSfbRecording_cut.wav,3.375,0.916125381,0.6348425,8
28050395_MinPolqaSfbRecording_cut.wav,3.625,0.51754917,0.358643277,8
28136076_MinPolqaSfbRecording_cut.wav,2.5,1.195228609,0.82825117,8
28300335_MinPolqaSfbRecording_cut.wav,2.0,1.069044968,0.740810367,8
28166420_MinPolqaSfbRecording_cut.wav,3.625,0.51754917,0.358643277,8
28036862_MinPolqaSfbRecording_cut.wav,4.125,0.83452296,0.578294907,8
27847541_MinPolqaSfbRecording_cut.wav,3.625,0.51754917,0.358643277,8
28164461_MinPolqaSfbRecording_cut.wav,3.625,0.51754917,0.358643277,8
27722627_MinPolqaSfbRecording_cut.wav,4.0,0.534522484,0.370405184,8
27787934_MinPolqaSfbRecording_cut.wav,3.5,0.707106781,0.438269324,10
28429927_MinPolqaSfbRecording_cut.wav,3.4,0.966091783,0.598789891,10
27580672_MinPolqaSfbRecording_cut.wav,1.2,0.421637021,0.261333333,10
27548821_MinPolqaSfbRecording_cut.wav,2.4,1.0749677,0.666271883,10
28436648_MinPolqaSfbRecording_cut.wav,2.3,1.159501809,0.718666667,10
28292243_MinPolqaSfbRecording_cut.wav,4.3,0.674948558,0.41833745,10
28362498_MinPolqaSfbRecording_cut.wav,3.5,0.971825316,0.602343571,10
27518015_MinPolqaSfbRecording_cut.wav,2.0,0.816496581,0.506069824,10
27814145_MinPolqaSfbRecording_cut.wav,3.9,0.875595036,0.542699426,10
28110152_MinPolqaSfbRecording_cut.wav,3.0,1.414213562,0.876538647,10
28157917_MinPolqaSfbRecording_cut.wav,2.555555556,1.013793755,0.662345253,9
28491296_MinPolqaSfbRecording_cut.wav,3.777777778,0.971825316,0.634925873,9
28162072_MinPolqaSfbRecording_cut.wav,4.333333333,0.5,0.326666667,9
28139158_MinPolqaSfbRecording_cut.wav,3.777777778,0.666666667,0.435555556,9
28018062_MinPolqaSfbRecording_cut.wav,2.222222222,0.971825316,0.634925873,9
28111549_MinPolqaSfbRecording_cut.wav,4.444444444,0.527046277,0.344336901,9
28191634_MinPolqaSfbRecording_cut.wav,2.777777778,0.833333333,0.544444444,9
28137922_MinPolqaSfbRecording_cut.wav,2.875,0.640869944,0.444100214,8
27721637_MinPolqaSfbRecording_cut.wav,4.25,0.88640526,0.614247507,8
28047083_MinPolqaSfbRecording_cut.wav,4.5,0.534522484,0.370405184,8
28141891_MinPolqaSfbRecording_cut.wav,4.125,0.640869944,0.444100214,8
27597156_MinPolqaSfbRecording_cut.wav,4.5,0.534522484,0.370405184,8
27690493_MinPolqaSfbRecording_cut.wav,2.375,0.51754917,0.358643277,8
28048813_MinPolqaSfbRecording_cut.wav,2.25,1.164964745,0.807279382,8
28257477_MinPolqaSfbRecording_cut.wav,2.555555556,0.881917104,0.576185841,9
28253162_MinPolqaSfbRecording_cut.wav,3.888888889,0.78173596,0.510734161,9
28082326_MinPolqaSfbRecording_cut.wav,3.333333333,0.5,0.326666667,9
28546750_MinPolqaSfbRecording_cut.wav,4.111111111,0.78173596,0.510734161,9
28485993_MinPolqaSfbRecording_cut.wav,2.333333333,0.5,0.326666667,9
28258589_MinPolqaSfbRecording_cut.wav,1.333333333,0.5,0.326666667,9
27622698_MinPolqaSfbRecording_cut.wav,3.666666667,0.5,0.326666667,9
28018190_MinPolqaSfbRecording_cut.wav,3.666666667,0.707106781,0.46197643,9
27636544_MinPolqaSfbRecording_cut.wav,4.0,0.707106781,0.46197643,9
28259657_MinPolqaSfbRecording_cut.wav,2.8,1.032795559,0.640133319,10
28430512_MinPolqaSfbRecording_cut.wav,1.8,0.632455532,0.392,10
28544335_MinPolqaSfbRecording_cut.wav,2.3,1.059349905,0.656591874,10
28321035_MinPolqaSfbRecording_cut.wav,2.5,0.971825316,0.602343571,10
28495840_MinPolqaSfbRecording_cut.wav,4.2,0.632455532,0.392,10
27596731_MinPolqaSfbRecording_cut.wav,1.8,0.788810638,0.488909899,10
27881968_MinPolqaSfbRecording_cut.wav,2.4,0.843274043,0.522666667,10
28228591_MinPolqaSfbRecording_cut.wav,2.3,1.251665557,0.77579035,10
27805902_MinPolqaSfbRecording_cut.wav,4.25,0.707106781,0.49,8
28017173_MinPolqaSfbRecording_cut.wav,3.75,1.164964745,0.807279382,8
28333371_MinPolqaSfbRecording_cut.wav,4.125,0.83452296,0.578294907,8
28163826_MinPolqaSfbRecording_cut.wav,4.125,0.83452296,0.578294907,8
27553011_MinPolqaSfbRecording_cut.wav,2.0,1.414213562,0.98,8
27824124_MinPolqaSfbRecording_cut.wav,2.875,1.125991626,0.780272388,8
28437152_MinPolqaSfbRecording_cut.wav,1.625,1.060660172,0.735,8
28473139_MinPolqaSfbRecording_cut.wav,3.2,0.632455532,0.392,10
28510435_MinPolqaSfbRecording_cut.wav,4.2,0.788810638,0.488909899,10
27763446_MinPolqaSfbRecording_cut.wav,4.2,0.788810638,0.488909899,10
28212104_MinPolqaSfbRecording_cut.wav,3.2,0.632455532,0.392,10
28448737_MinPolqaSfbRecording_cut.wav,1.8,0.632455532,0.392,10
28250930_MinPolqaSfbRecording_cut.wav,2.1,0.875595036,0.542699426,10
28224647_MinPolqaSfbRecording_cut.wav,2.4,1.349897115,0.8366749,10
28206945_MinPolqaSfbRecording_cut.wav,2.8,1.032795559,0.640133319,10
28145548_MinPolqaSfbRecording_cut.wav,2.3,0.948683298,0.588,10
27674831_MinPolqaSfbRecording_cut.wav,3.1,0.737864787,0.457333333,10
27816689_MinPolqaSfbRecording_cut.wav,4.0,0.816496581,0.506069824,10
28167888_MinPolqaSfbRecording_cut.wav,4.0,0.942809042,0.584359098,10
28214732_MinPolqaSfbRecording_cut.wav,3.6,0.843274043,0.522666667,10
28223249_MinPolqaSfbRecording_cut.wav,2.4,0.843274043,0.522666667,10
27663000_MinPolqaSfbRecording_cut.wav,3.8,0.788810638,0.488909899,10
28278488_MinPolqaSfbRecording_cut.wav,2.2,0.918936583,0.569562795,10
28448501_MinPolqaSfbRecording_cut.wav,4.0,0.534522484,0.370405184,8
28067818_MinPolqaSfbRecording_cut.wav,3.875,0.353553391,0.245,8
28284534_MinPolqaSfbRecording_cut.wav,3.625,0.744023809,0.515582195,8
27548280_MinPolqaSfbRecording_cut.wav,3.375,0.51754917,0.358643277,8
27563497_MinPolqaSfbRecording_cut.wav,2.0,0.9258201,0.641560597,8
27874610_MinPolqaSfbRecording_cut.wav,4.0,0.534522484,0.370405184,8
28081986_MinPolqaSfbRecording_cut.wav,3.5,0.534522484,0.370405184,8
27852062_MinPolqaSfbRecording_cut.wav,4.0,0.866025404,0.565803264,9
28453096_MinPolqaSfbRecording_cut.wav,3.444444444,1.013793755,0.662345253,9
28267563_MinPolqaSfbRecording_cut.wav,3.444444444,0.881917104,0.576185841,9
27578116_MinPolqaSfbRecording_cut.wav,2.444444444,0.726483157,0.474635663,9
27574521_MinPolqaSfbRecording_cut.wav,3.0,0.707106781,0.46197643,9
27942569_MinPolqaSfbRecording_cut.wav,4.0,0.866025404,0.565803264,9
28489705_MinPolqaSfbRecording_cut.wav,3.0,1.0,0.653333333,9
27820228_MinPolqaSfbRecording_cut.wav,4.444444444,0.726483157,0.474635663,9
28363055_MinPolqaSfbRecording_cut.wav,3.875,0.991031209,0.68674959,8
27668195_MinPolqaSfbRecording_cut.wav,1.25,0.46291005,0.320780299,8
28005230_MinPolqaSfbRecording_cut.wav,2.75,0.707106781,0.49,8
28595228_MinPolqaSfbRecording_cut.wav,3.375,0.51754917,0.358643277,8
27670370_MinPolqaSfbRecording_cut.wav,3.75,0.46291005,0.320780299,8
27547908_MinPolqaSfbRecording_cut.wav,1.875,0.991031209,0.68674959,8
27794099_MinPolqaSfbRecording_cut.wav,1.375,0.51754917,0.358643277,8
28206857_MinPolqaSfbRecording_cut.wav,3.125,0.640869944,0.444100214,8
28454963_MinPolqaSfbRecording_cut.wav,1.0,0.0,0.0,8
28123910_MinPolqaSfbRecording_cut.wav,3.25,0.707106781,0.49,8
28010382_MinPolqaSfbRecording_cut.wav,3.333333333,1.366260102,1.093235768,6
28452893_MinPolqaSfbRecording_cut.wav,2.5,1.378404875,1.10295361,6
27756718_MinPolqaSfbRecording_cut.wav,4.333333333,0.816496581,0.653333333,6
27527004_MinPolqaSfbRecording_cut.wav,4.0,0.632455532,0.506069824,6
28178301_MinPolqaSfbRecording_cut.wav,2.333333333,1.211060142,0.969049936,6
28484236_MinPolqaSfbRecording_cut.wav,2.166666667,0.98319208,0.786717512,6
27523612_MinPolqaSfbRecording_cut.wav,3.333333333,0.516397779,0.413204281,6
27929242_MinPolqaSfbRecording_cut.wav,3.666666667,0.516397779,0.413204281,6
28101531_MinPolqaSfbRecording_cut.wav,1.9,0.994428926,0.616353434,10
27672108_MinPolqaSfbRecording_cut.wav,2.7,0.823272602,0.510269645,10
28455605_MinPolqaSfbRecording_cut.wav,3.1,1.100504935,0.682100025,10
27809783_MinPolqaSfbRecording_cut.wav,2.4,0.843274043,0.522666667,10
27756525_MinPolqaSfbRecording_cut.wav,1.0,0.0,0.0,10
28110277_MinPolqaSfbRecording_cut.wav,3.6,0.843274043,0.522666667,10
27665349_MinPolqaSfbRecording_cut.wav,3.3,0.823272602,0.510269645,10
28109449_MinPolqaSfbRecording_cut.wav,2.5,1.08012345,0.66946745,10
27873362_MinPolqaSfbRecording_cut.wav,4.285714286,0.487950036,0.361478446,7
27641142_MinPolqaSfbRecording_cut.wav,2.285714286,1.253566341,0.928654941,7
27654928_MinPolqaSfbRecording_cut.wav,4.0,0.577350269,0.427707065,7
28225739_MinPolqaSfbRecording_cut.wav,3.714285714,0.951189731,0.704651214,7
27673575_MinPolqaSfbRecording_cut.wav,3.285714286,0.951189731,0.704651214,7
27743755_MinPolqaSfbRecording_cut.wav,2.0,0.816496581,0.604869132,7
28284645_MinPolqaSfbRecording_cut.wav,1.714285714,0.755928946,0.56,7
27753438_MinPolqaSfbRecording_cut.wav,2.333333333,1.0,0.653333333,9
28534250_MinPolqaSfbRecording_cut.wav,2.666666667,0.866025404,0.565803264,9
28469059_MinPolqaSfbRecording_cut.wav,3.555555556,0.881917104,0.576185841,9
28262611_MinPolqaSfbRecording_cut.wav,3.333333333,0.707106781,0.46197643,9
27571640_MinPolqaSfbRecording_cut.wav,1.888888889,0.78173596,0.510734161,9
27551090_MinPolqaSfbRecording_cut.wav,3.777777778,0.833333333,0.544444444,9
28496879_MinPolqaSfbRecording_cut.wav,3.777777778,0.666666667,0.435555556,9
27607784_MinPolqaSfbRecording_cut.wav,4.111111111,0.78173596,0.510734161,9
27760072_MinPolqaSfbRecording_cut.wav,3.444444444,0.881917104,0.576185841,9
27885772_MinPolqaSfbRecording_cut.wav,4.222222222,0.833333333,0.544444444,9
28183426_MinPolqaSfbRecording_cut.wav,2.777777778,0.971825316,0.634925873,9
28343396_MinPolqaSfbRecording_cut.wav,3.333333333,1.322875656,0.864278762,9
28321239_MinPolqaSfbRecording_cut.wav,3.888888889,1.166666667,0.762222222,9
28005149_MinPolqaSfbRecording_cut.wav,2.222222222,1.092906421,0.714032195,9
28462977_MinPolqaSfbRecording_cut.wav,1.333333333,1.0,0.653333333,9
27732205_MinPolqaSfbRecording_cut.wav,4.111111111,0.600925213,0.392604472,9
27918628_MinPolqaSfbRecording_cut.wav,4.0,0.534522484,0.370405184,8
27690191_MinPolqaSfbRecording_cut.wav,3.0,0.9258201,0.641560597,8
27609481_MinPolqaSfbRecording_cut.wav,2.125,0.991031209,0.68674959,8
27926632_MinPolqaSfbRecording_cut.wav,4.125,0.83452296,0.578294907,8
27785481_MinPolqaSfbRecording_cut.wav,3.625,0.744023809,0.515582195,8
28365972_MinPolqaSfbRecording_cut.wav,4.5,0.534522484,0.370405184,8
27909734_MinPolqaSfbRecording_cut.wav,4.375,0.51754917,0.358643277,8
27818148_MinPolqaSfbRecording_cut.wav,4.0,0.534522484,0.370405184,8
28206248_MinPolqaSfbRecording_cut.wav,2.0,1.118033989,0.730448873,9
28498912_MinPolqaSfbRecording_cut.wav,4.0,0.5,0.326666667,9
27626067_MinPolqaSfbRecording_cut.wav,4.0,0.707106781,0.46197643,9
27600365_MinPolqaSfbRecording_cut.wav,2.111111111,1.054092553,0.688673802,9
28250310_MinPolqaSfbRecording_cut.wav,3.444444444,0.726483157,0.474635663,9
28076746_MinPolqaSfbRecording_cut.wav,3.222222222,0.666666667,0.435555556,9
28245176_MinPolqaSfbRecording_cut.wav,2.888888889,0.600925213,0.392604472,9
27950702_MinPolqaSfbRecording_cut.wav,3.444444444,0.726483157,0.474635663,9
28045277_MinPolqaSfbRecording_cut.wav,3.375,0.744023809,0.515582195,8
28022680_MinPolqaSfbRecording_cut.wav,2.375,0.744023809,0.515582195,8
28053130_MinPolqaSfbRecording_cut.wav,4.0,0.9258201,0.641560597,8
27526268_MinPolqaSfbRecording_cut.wav,4.25,0.707106781,0.49,8
28228656_MinPolqaSfbRecording_cut.wav,4.25,0.707106781,0.49,8
27640882_MinPolqaSfbRecording_cut.wav,3.75,0.707106781,0.49,8
28176741_MinPolqaSfbRecording_cut.wav,2.625,0.744023809,0.515582195,8
27728257_MinPolqaSfbRecording_cut.wav,2.25,0.88640526,0.614247507,8
28035721_MinPolqaSfbRecording_cut.wav,4.375,0.744023809,0.515582195,8
30173071_MinPolqaSfbRecording_cut.wav,3.4,0.547722558,0.48009999,5
30263934_MinPolqaSfbRecording_cut.wav,3.6,0.547722558,0.48009999,5
30149097_MinPolqaSfbRecording_cut.wav,3.0,0.0,0.0,5
30096728_MinPolqaSfbRecording_cut.wav,1.6,0.547722558,0.48009999,5
30194924_MinPolqaSfbRecording_cut.wav,2.0,0.707106781,0.619806421,5
29539812_MinPolqaSfbRecording_cut.wav,3.2,0.447213595,0.392,5
30134411_MinPolqaSfbRecording_cut.wav,3.0,0.0,0.0,4
29536389_MinPolqaSfbRecording_cut.wav,2.0,0.816496581,0.800166649,4
30135462_MinPolqaSfbRecording_cut.wav,3.0,0.816496581,0.800166649,4
30092125_MinPolqaSfbRecording_cut.wav,2.0,0.816496581,0.800166649,4
30123432_MinPolqaSfbRecording_cut.wav,3.5,0.577350269,0.565803264,4
30189677_MinPolqaSfbRecording_cut.wav,3.25,0.5,0.49,4
30136995_MinPolqaSfbRecording_cut.wav,3.25,0.5,0.49,4
30090391_MinPolqaSfbRecording_cut.wav,1.0,0.0,0.0,4
30078580_MinPolqaSfbRecording_cut.wav,3.25,0.5,0.49,4
30144442_MinPolqaSfbRecording_cut.wav,2.75,0.957427108,0.938278566,4
30084958_MinPolqaSfbRecording_cut.wav,3.5,1.0,0.98,4
30143798_MinPolqaSfbRecording_cut.wav,3.5,1.0,0.98,4
30207211_MinPolqaSfbRecording_cut.wav,2.25,1.258305739,1.233139624,4
30096172_MinPolqaSfbRecording_cut.wav,4.25,0.957427108,0.938278566,4
30205509_MinPolqaSfbRecording_cut.wav,3.0,0.816496581,0.800166649,4
30157511_MinPolqaSfbRecording_cut.wav,3.25,1.258305739,1.233139624,4
29533480_MinPolqaSfbRecording_cut.wav,4.25,0.5,0.49,4
30093188_MinPolqaSfbRecording_cut.wav,2.75,0.957427108,0.938278566,4
30173782_MinPolqaSfbRecording_cut.wav,3.25,0.5,0.49,4
30258022_MinPolqaSfbRecording_cut.wav,2.5,0.577350269,0.565803264,4
30156069_MinPolqaSfbRecording_cut.wav,2.25,1.258305739,1.233139624,4
30073655_MinPolqaSfbRecording_cut.wav,2.0,1.414213562,1.385929291,4
30125661_MinPolqaSfbRecording_cut.wav,4.25,0.5,0.49,4
30163508_MinPolqaSfbRecording_cut.wav,2.75,0.957427108,0.938278566,4
30091895_MinPolqaSfbRecording_cut.wav,2.75,1.5,1.47,4
30090780_MinPolqaSfbRecording_cut.wav,3.75,0.957427108,0.938278566,4
30206725_MinPolqaSfbRecording_cut.wav,3.0,1.414213562,1.385929291,4
30058543_MinPolqaSfbRecording_cut.wav,2.25,0.957427108,0.938278566,4
29540028_MinPolqaSfbRecording_cut.wav,1.25,0.5,0.49,4
30262402_MinPolqaSfbRecording_cut.wav,3.75,0.957427108,0.938278566,4
30259996_MinPolqaSfbRecording_cut.wav,2.0,1.414213562,1.385929291,4
30086146_MinPolqaSfbRecording_cut.wav,2.25,1.258305739,1.233139624,4
30146064_MinPolqaSfbRecording_cut.wav,2.5,0.707106781,0.98,2
30129655_MinPolqaSfbRecording_cut.wav,3.0,0.0,0.0,2
30165997_MinPolqaSfbRecording_cut.wav,3.0,0.0,0.0,2
29537059_MinPolqaSfbRecording_cut.wav,4.0,0.0,0.0,2
30169664_MinPolqaSfbRecording_cut.wav,4.5,0.707106781,0.98,2
30204994_MinPolqaSfbRecording_cut.wav,3.5,0.707106781,0.98,2
30071493_MinPolqaSfbRecording_cut.wav,4.0,0.0,0.0,2
30263171_MinPolqaSfbRecording_cut.wav,3.0,1.414213562,1.96,2
30073296_MinPolqaSfbRecording_cut.wav,3.0,0.0,0.0,4
30149621_MinPolqaSfbRecording_cut.wav,3.5,1.0,0.98,4
30257457_MinPolqaSfbRecording_cut.wav,2.5,1.732050808,1.697409791,4
30142928_MinPolqaSfbRecording_cut.wav,2.25,0.957427108,0.938278566,4
30173694_MinPolqaSfbRecording_cut.wav,2.0,0.816496581,0.800166649,4
30079736_MinPolqaSfbRecording_cut.wav,3.0,0.816496581,0.800166649,4
30106591_MinPolqaSfbRecording_cut.wav,3.75,0.957427108,0.938278566,4
30162283_MinPolqaSfbRecording_cut.wav,1.5,0.577350269,0.565803264,4
30183903_MinPolqaSfbRecording_cut.wav,2.75,1.258305739,1.233139624,4
30195319_MinPolqaSfbRecording_cut.wav,2.75,1.258305739,1.233139624,4
30259277_MinPolqaSfbRecording_cut.wav,2.5,1.0,0.98,4
30205061_MinPolqaSfbRecording_cut.wav,4.0,0.816496581,0.800166649,4
30188835_MinPolqaSfbRecording_cut.wav,3.25,0.957427108,0.938278566,4
30106324_MinPolqaSfbRecording_cut.wav,3.25,0.957427108,0.938278566,4
30192684_MinPolqaSfbRecording_cut.wav,3.25,1.5,1.47,4
30105033_MinPolqaSfbRecording_cut.wav,2.5,1.290994449,1.26517456,4
30070395_MinPolqaSfbRecording_cut.wav,2.5,1.290994449,1.26517456,4
30264389_MinPolqaSfbRecording_cut.wav,3.25,0.5,0.49,4
30119336_MinPolqaSfbRecording_cut.wav,2.75,0.957427108,0.938278566,4
29538671_MinPolqaSfbRecording_cut.wav,2.25,1.258305739,1.233139624,4
29533328_MinPolqaSfbRecording_cut.wav,1.25,0.5,0.49,4
30101242_MinPolqaSfbRecording_cut.wav,2.25,0.957427108,0.938278566,4
30205027_MinPolqaSfbRecording_cut.wav,3.25,0.5,0.49,4
30202000_MinPolqaSfbRecording_cut.wav,3.25,0.957427108,0.938278566,4
30122876_MinPolqaSfbRecording_cut.wav,2.75,1.258305739,1.233139624,4
30181190_MinPolqaSfbRecording_cut.wav,4.0,0.816496581,0.800166649,4
30201076_MinPolqaSfbRecording_cut.wav,4.0,1.154700538,1.131606528,4
30142701_MinPolqaSfbRecording_cut.wav,1.2,0.447213595,0.392,5
30264205_MinPolqaSfbRecording_cut.wav,3.8,1.095445115,0.960199979,5
30080788_MinPolqaSfbRecording_cut.wav,2.6,0.547722558,0.48009999,5
30109186_MinPolqaSfbRecording_cut.wav,3.2,0.836660027,0.733364848,5
30201063_MinPolqaSfbRecording_cut.wav,3.0,0.0,0.0,5
29534013_MinPolqaSfbRecording_cut.wav,3.8,0.836660027,0.733364848,5
30137989_MinPolqaSfbRecording_cut.wav,3.0,0.707106781,0.619806421,5
30156205_MinPolqaSfbRecording_cut.wav,3.2,0.836660027,0.733364848,5
30172205_MinPolqaSfbRecording_cut.wav,2.4,0.547722558,0.48009999,5
30196400_MinPolqaSfbRecording_cut.wav,4.4,0.547722558,0.48009999,5
29537212_MinPolqaSfbRecording_cut.wav,2.8,0.836660027,0.733364848,5
30210837_MinPolqaSfbRecording_cut.wav,3.4,0.547722558,0.48009999,5
30260730_MinPolqaSfbRecording_cut.wav,3.0,0.707106781,0.619806421,5
30122332_MinPolqaSfbRecording_cut.wav,2.0,1.224744871,1.073536213,5
30100783_MinPolqaSfbRecording_cut.wav,4.0,0.707106781,0.619806421,5
30254578_MinPolqaSfbRecording_cut.wav,2.2,1.643167673,1.440299969,5
30155640_MinPolqaSfbRecording_cut.wav,1.75,0.5,0.49,4
30261266_MinPolqaSfbRecording_cut.wav,3.75,0.5,0.49,4
30065879_MinPolqaSfbRecording_cut.wav,3.75,0.5,0.49,4
30078450_MinPolqaSfbRecording_cut.wav,2.75,0.5,0.49,4
30147425_MinPolqaSfbRecording_cut.wav,2.25,0.5,0.49,4
30257103_MinPolqaSfbRecording_cut.wav,3.25,0.5,0.49,4
29541060_MinPolqaSfbRecording_cut.wav,4.0,0.816496581,0.800166649,4
30257427_MinPolqaSfbRecording_cut.wav,2.25,0.957427108,0.938278566,4
30183127_MinPolqaSfbRecording_cut.wav,4.25,0.957427108,0.938278566,4
30141488_MinPolqaSfbRecording_cut.wav,3.5,1.0,0.98,4
30106162_MinPolqaSfbRecording_cut.wav,4.25,0.957427108,0.938278566,4
30145281_MinPolqaSfbRecording_cut.wav,4.0,0.816496581,0.800166649,4
30071732_MinPolqaSfbRecording_cut.wav,3.25,0.957427108,0.938278566,4
30105718_MinPolqaSfbRecording_cut.wav,3.5,1.290994449,1.26517456,4
30250016_MinPolqaSfbRecording_cut.wav,4.0,0.816496581,0.800166649,4
30071852_MinPolqaSfbRecording_cut.wav,3.5,1.0,0.98,4
30112802_MinPolqaSfbRecording_cut.wav,2.333333333,0.577350269,0.653333333,3
30153887_MinPolqaSfbRecording_cut.wav,3.666666667,0.577350269,0.653333333,3
30092835_MinPolqaSfbRecording_cut.wav,3.333333333,0.577350269,0.653333333,3
30198785_MinPolqaSfbRecording_cut.wav,2.333333333,0.577350269,0.653333333,3
30151625_MinPolqaSfbRecording_cut.wav,3.666666667,0.577350269,0.653333333,3
29537445_MinPolqaSfbRecording_cut.wav,3.666666667,0.577350269,0.653333333,3
30147889_MinPolqaSfbRecording_cut.wav,2.333333333,1.154700538,1.306666667,3
29536352_MinPolqaSfbRecording_cut.wav,3.333333333,0.577350269,0.653333333,3
30089862_MinPolqaSfbRecording_cut.wav,3.333333333,0.577350269,0.653333333,3
30199701_MinPolqaSfbRecording_cut.wav,3.6,0.547722558,0.48009999,5
30138426_MinPolqaSfbRecording_cut.wav,3.0,1.224744871,1.073536213,5
29538381_MinPolqaSfbRecording_cut.wav,2.8,0.836660027,0.733364848,5
30250036_MinPolqaSfbRecording_cut.wav,3.4,0.547722558,0.48009999,5
30174122_MinPolqaSfbRecording_cut.wav,3.2,0.447213595,0.392,5
30060819_MinPolqaSfbRecording_cut.wav,3.0,0.707106781,0.619806421,5
30130835_MinPolqaSfbRecording_cut.wav,3.8,0.447213595,0.392,5
30176285_MinPolqaSfbRecording_cut.wav,2.0,1.224744871,1.073536213,5
30199467_MinPolqaSfbRecording_cut.wav,2.0,0.0,0.0,4
30079356_MinPolqaSfbRecording_cut.wav,1.75,0.5,0.49,4
30067241_MinPolqaSfbRecording_cut.wav,4.5,0.577350269,0.565803264,4
30120962_MinPolqaSfbRecording_cut.wav,2.25,0.957427108,0.938278566,4
30138997_MinPolqaSfbRecording_cut.wav,1.25,0.5,0.49,4
30093193_MinPolqaSfbRecording_cut.wav,3.25,0.5,0.49,4
30137665_MinPolqaSfbRecording_cut.wav,1.75,0.5,0.49,4
30155144_MinPolqaSfbRecording_cut.wav,2.25,0.5,0.49,4
30194792_MinPolqaSfbRecording_cut.wav,4.333333333,0.577350269,0.653333333,3
30262010_MinPolqaSfbRecording_cut.wav,4.0,0.0,0.0,3
30125081_MinPolqaSfbRecording_cut.wav,1.0,0.0,0.0,3
30249385_MinPolqaSfbRecording_cut.wav,3.333333333,0.577350269,0.653333333,3
30199829_MinPolqaSfbRecording_cut.wav,2.333333333,0.577350269,0.653333333,3
30132612_MinPolqaSfbRecording_cut.wav,1.0,0.0,0.0,3
30121048_MinPolqaSfbRecording_cut.wav,3.333333333,0.577350269,0.653333333,3
30106949_MinPolqaSfbRecording_cut.wav,1.0,0.0,0.0,3
30119843_MinPolqaSfbRecording_cut.wav,3.333333333,0.577350269,0.653333333,3
30250461_MinPolqaSfbRecording_cut.wav,3.333333333,0.577350269,0.653333333,3
29544947_MinPolqaSfbRecording_cut.wav,2.25,0.5,0.49,4
30078786_MinPolqaSfbRecording_cut.wav,2.75,0.5,0.49,4
30129013_MinPolqaSfbRecording_cut.wav,1.0,0.0,0.0,4
30158626_MinPolqaSfbRecording_cut.wav,3.0,0.816496581,0.800166649,4
30143348_MinPolqaSfbRecording_cut.wav,4.0,1.414213562,1.385929291,4
30123421_MinPolqaSfbRecording_cut.wav,3.75,0.5,0.49,4
29529367_MinPolqaSfbRecording_cut.wav,2.75,0.5,0.49,4
30168553_MinPolqaSfbRecording_cut.wav,2.333333333,0.577350269,0.653333333,3
30090448_MinPolqaSfbRecording_cut.wav,2.0,1.0,1.131606528,3
30180674_MinPolqaSfbRecording_cut.wav,3.666666667,0.577350269,0.653333333,3
30197927_MinPolqaSfbRecording_cut.wav,1.666666667,0.577350269,0.653333333,3
30108205_MinPolqaSfbRecording_cut.wav,2.333333333,1.154700538,1.306666667,3
30084886_MinPolqaSfbRecording_cut.wav,3.666666667,0.577350269,0.653333333,3
29545106_MinPolqaSfbRecording_cut.wav,1.333333333,0.577350269,0.653333333,3
30157959_MinPolqaSfbRecording_cut.wav,2.25,0.957427108,0.938278566,4
29540668_MinPolqaSfbRecording_cut.wav,2.5,1.0,0.98,4
30205272_MinPolqaSfbRecording_cut.wav,3.0,1.414213562,1.385929291,4
30185080_MinPolqaSfbRecording_cut.wav,3.25,0.957427108,0.938278566,4
30260850_MinPolqaSfbRecording_cut.wav,2.75,1.258305739,1.233139624,4
30199423_MinPolqaSfbRecording_cut.wav,1.0,0.0,0.0,4
30186038_MinPolqaSfbRecording_cut.wav,3.5,1.0,0.98,4
30061840_MinPolqaSfbRecording_cut.wav,3.25,1.5,1.47,4
30132483_MinPolqaSfbRecording_cut.wav,2.25,1.5,1.47,4
30255465_MinPolqaSfbRecording_cut.wav,1.0,0.0,0.0,4
30162401_MinPolqaSfbRecording_cut.wav,3.75,0.5,0.49,4
30097647_MinPolqaSfbRecording_cut.wav,2.25,1.258305739,1.233139624,4
30195386_MinPolqaSfbRecording_cut.wav,3.25,0.5,0.49,4
30143501_MinPolqaSfbRecording_cut.wav,4.0,0.816496581,0.800166649,4
30096392_MinPolqaSfbRecording_cut.wav,4.0,0.0,0.0,4
30204108_MinPolqaSfbRecording_cut.wav,4.0,0.816496581,0.800166649,4
30133098_MinPolqaSfbRecording_cut.wav,4.0,0.0,0.0,4
30070534_MinPolqaSfbRecording_cut.wav,2.5,0.577350269,0.565803264,4
30150949_MinPolqaSfbRecording_cut.wav,3.0,0.816496581,0.800166649,4
30156030_MinPolqaSfbRecording_cut.wav,2.0,1.414213562,1.385929291,4
30162891_MinPolqaSfbRecording_cut.wav,1.5,0.707106781,0.98,2
30060672_MinPolqaSfbRecording_cut.wav,3.5,0.707106781,0.98,2
30104065_MinPolqaSfbRecording_cut.wav,3.0,0.0,0.0,2
30076135_MinPolqaSfbRecording_cut.wav,4.0,0.0,0.0,2
30091790_MinPolqaSfbRecording_cut.wav,3.5,0.707106781,0.98,2
30212783_MinPolqaSfbRecording_cut.wav,1.0,0.0,0.0,2
30161329_MinPolqaSfbRecording_cut.wav,3.0,0.0,0.0,2
30065136_MinPolqaSfbRecording_cut.wav,3.5,0.707106781,0.98,2
30064883_MinPolqaSfbRecording_cut.wav,1.75,0.5,0.49,4
30067712_MinPolqaSfbRecording_cut.wav,1.0,0.0,0.0,4
30080381_MinPolqaSfbRecording_cut.wav,2.25,0.957427108,0.938278566,4
29542594_MinPolqaSfbRecording_cut.wav,2.25,0.957427108,0.938278566,4
30175976_MinPolqaSfbRecording_cut.wav,2.0,0.816496581,0.800166649,4
30085973_MinPolqaSfbRecording_cut.wav,1.0,0.0,0.0,4
30113226_MinPolqaSfbRecording_cut.wav,3.25,0.957427108,0.938278566,4
30193814_MinPolqaSfbRecording_cut.wav,1.0,0.0,0.0,4
30128638_MinPolqaSfbRecording_cut.wav,3.25,0.957427108,0.938278566,4
30137791_MinPolqaSfbRecording_cut.wav,1.0,0.0,0.0,5
30194660_MinPolqaSfbRecording_cut.wav,4.0,0.707106781,0.619806421,5
30065632_MinPolqaSfbRecording_cut.wav,2.6,0.547722558,0.48009999,5
30142940_MinPolqaSfbRecording_cut.wav,3.8,0.836660027,0.733364848,5
30178877_MinPolqaSfbRecording_cut.wav,2.0,0.707106781,0.619806421,5
30136138_MinPolqaSfbRecording_cut.wav,1.4,0.547722558,0.48009999,5
29536104_MinPolqaSfbRecording_cut.wav,2.4,0.547722558,0.48009999,5
30107179_MinPolqaSfbRecording_cut.wav,2.6,0.547722558,0.48009999,5
30107167_MinPolqaSfbRecording_cut.wav,2.8,0.447213595,0.392,5
30091676_MinPolqaSfbRecording_cut.wav,2.8,0.836660027,0.733364848,5
30065666_MinPolqaSfbRecording_cut.wav,5.0,0.0,0.0,5
30136103_MinPolqaSfbRecording_cut.wav,1.2,0.447213595,0.392,5
30169115_MinPolqaSfbRecording_cut.wav,2.6,1.341640786,1.176,5
30077160_MinPolqaSfbRecording_cut.wav,2.8,0.836660027,0.733364848,5
30178493_MinPolqaSfbRecording_cut.wav,1.4,0.547722558,0.48009999,5
30125516_MinPolqaSfbRecording_cut.wav,2.2,1.303840481,1.142866571,5
30195601_MinPolqaSfbRecording_cut.wav,3.0,1.224744871,1.073536213,5
30104246_MinPolqaSfbRecording_cut.wav,3.333333333,0.577350269,0.653333333,3
30070771_MinPolqaSfbRecording_cut.wav,1.666666667,0.577350269,0.653333333,3
30072669_MinPolqaSfbRecording_cut.wav,3.666666667,0.577350269,0.653333333,3
29530982_MinPolqaSfbRecording_cut.wav,2.0,1.0,1.131606528,3
29542190_MinPolqaSfbRecording_cut.wav,3.333333333,0.577350269,0.653333333,3
30063543_MinPolqaSfbRecording_cut.wav,1.333333333,0.577350269,0.653333333,3
30210779_MinPolqaSfbRecording_cut.wav,3.666666667,0.577350269,0.653333333,3
30210891_MinPolqaSfbRecording_cut.wav,2.8,0.836660027,0.733364848,5
30155646_MinPolqaSfbRecording_cut.wav,2.0,0.707106781,0.619806421,5
30137572_MinPolqaSfbRecording_cut.wav,3.0,0.707106781,0.619806421,5
30107934_MinPolqaSfbRecording_cut.wav,3.4,0.894427191,0.784,5
30121819_MinPolqaSfbRecording_cut.wav,3.8,0.447213595,0.392,5
30096045_MinPolqaSfbRecording_cut.wav,3.8,0.447213595,0.392,5
30061538_MinPolqaSfbRecording_cut.wav,1.8,1.303840481,1.142866571,5
30084668_MinPolqaSfbRecording_cut.wav,2.6,0.894427191,0.784,5
30093336_MinPolqaSfbRecording_cut.wav,3.4,0.547722558,0.48009999,5
30185417_MinPolqaSfbRecording_cut.wav,2.2,0.836660027,0.733364848,5
30133111_MinPolqaSfbRecording_cut.wav,4.8,0.447213595,0.392,5
29535231_MinPolqaSfbRecording_cut.wav,3.2,1.095445115,0.960199979,5
30089981_MinPolqaSfbRecording_cut.wav,4.4,0.894427191,0.784,5
30136446_MinPolqaSfbRecording_cut.wav,3.4,0.894427191,0.784,5
30096632_MinPolqaSfbRecording_cut.wav,1.8,1.303840481,1.142866571,5
30184223_MinPolqaSfbRecording_cut.wav,2.2,1.095445115,0.960199979,5
30069920_MinPolqaSfbRecording_cut.wav,2.8,0.447213595,0.392,5
30258602_MinPolqaSfbRecording_cut.wav,3.0,0.707106781,0.619806421,5
30088834_MinPolqaSfbRecording_cut.wav,3.4,0.894427191,0.784,5
29536226_MinPolqaSfbRecording_cut.wav,1.6,0.547722558,0.48009999,5
30098330_MinPolqaSfbRecording_cut.wav,2.6,0.894427191,0.784,5
30208982_MinPolqaSfbRecording_cut.wav,3.2,0.447213595,0.392,5
30211046_MinPolqaSfbRecording_cut.wav,1.8,0.836660027,0.733364848,5
30147877_MinPolqaSfbRecording_cut.wav,1.8,0.836660027,0.733364848,5
30095558_MinPolqaSfbRecording_cut.wav,4.0,0.707106781,0.619806421,5
30174783_MinPolqaSfbRecording_cut.wav,3.8,0.836660027,0.733364848,5
30189137_MinPolqaSfbRecording_cut.wav,4.4,0.547722558,0.48009999,5
30092722_MinPolqaSfbRecording_cut.wav,3.75,0.5,0.49,4
30071292_MinPolqaSfbRecording_cut.wav,4.5,0.577350269,0.565803264,4
30078018_MinPolqaSfbRecording_cut.wav,2.0,1.414213562,1.385929291,4
30089659_MinPolqaSfbRecording_cut.wav,2.25,0.957427108,0.938278566,4
30071361_MinPolqaSfbRecording_cut.wav,2.5,1.290994449,1.26517456,4
30178617_MinPolqaSfbRecording_cut.wav,4.0,0.0,0.0,4
30143367_MinPolqaSfbRecording_cut.wav,4.25,0.5,0.49,4
30081815_MinPolqaSfbRecording_cut.wav,3.25,0.957427108,0.938278566,4
30135155_MinPolqaSfbRecording_cut.wav,2.75,1.5,1.47,4
30261456_MinPolqaSfbRecording_cut.wav,3.75,0.957427108,0.938278566,4
30169220_MinPolqaSfbRecording_cut.wav,4.25,0.957427108,0.938278566,4
30156428_MinPolqaSfbRecording_cut.wav,4.5,0.577350269,0.565803264,4
30060793_MinPolqaSfbRecording_cut.wav,3.25,0.5,0.49,4
30188887_MinPolqaSfbRecording_cut.wav,3.0,0.816496581,0.800166649,4
30075807_MinPolqaSfbRecording_cut.wav,3.25,1.258305739,1.233139624,4
30182286_MinPolqaSfbRecording_cut.wav,3.25,0.5,0.49,4
30162155_MinPolqaSfbRecording_cut.wav,2.75,1.707825128,1.673668625,4
30178985_MinPolqaSfbRecording_cut.wav,1.75,0.957427108,0.938278566,4
29542353_MinPolqaSfbRecording_cut.wav,2.5,1.732050808,1.697409791,4
30152163_MinPolqaSfbRecording_cut.wav,1.0,0.0,0.0,4
30083838_MinPolqaSfbRecording_cut.wav,2.0,1.414213562,1.385929291,4
29543079_MinPolqaSfbRecording_cut.wav,3.75,0.957427108,0.938278566,4
29537558_MinPolqaSfbRecording_cut.wav,2.75,1.5,1.47,4
29533252_MinPolqaSfbRecording_cut.wav,2.5,1.0,0.98,4
30211967_MinPolqaSfbRecording_cut.wav,4.5,0.577350269,0.565803264,4
29539758_MinPolqaSfbRecording_cut.wav,1.5,0.577350269,0.565803264,4
30253592_MinPolqaSfbRecording_cut.wav,1.0,0.0,0.0,4
30214026_MinPolqaSfbRecording_cut.wav,1.5,0.577350269,0.565803264,4
30146156_MinPolqaSfbRecording_cut.wav,3.0,0.816496581,0.800166649,4
29535940_MinPolqaSfbRecording_cut.wav,2.5,0.577350269,0.565803264,4
30078472_MinPolqaSfbRecording_cut.wav,1.25,0.5,0.49,4
30085306_MinPolqaSfbRecording_cut.wav,2.25,0.957427108,0.938278566,4
30180988_MinPolqaSfbRecording_cut.wav,2.75,0.5,0.49,4
30080908_MinPolqaSfbRecording_cut.wav,2.25,0.5,0.49,4
30144605_MinPolqaSfbRecording_cut.wav,1.75,0.5,0.49,4
30195446_MinPolqaSfbRecording_cut.wav,3.0,0.816496581,0.800166649,4
30119436_MinPolqaSfbRecording_cut.wav,2.75,1.5,1.47,4
30101111_MinPolqaSfbRecording_cut.wav,4.25,0.5,0.49,4
30174794_MinPolqaSfbRecording_cut.wav,4.0,0.0,0.0,4
30083461_MinPolqaSfbRecording_cut.wav,2.75,1.5,1.47,4
30100848_MinPolqaSfbRecording_cut.wav,4.0,0.816496581,0.800166649,4
30107733_MinPolqaSfbRecording_cut.wav,2.75,1.258305739,1.233139624,4
30195050_MinPolqaSfbRecording_cut.wav,1.5,0.577350269,0.565803264,4
30108625_MinPolqaSfbRecording_cut.wav,3.2,0.447213595,0.392,5
30169589_MinPolqaSfbRecording_cut.wav,2.4,0.894427191,0.784,5
30163093_MinPolqaSfbRecording_cut.wav,1.8,1.303840481,1.142866571,5
30168290_MinPolqaSfbRecording_cut.wav,4.0,0.707106781,0.619806421,5
30100954_MinPolqaSfbRecording_cut.wav,2.6,0.894427191,0.784,5
30125231_MinPolqaSfbRecording_cut.wav,2.8,0.836660027,0.733364848,5
30108458_MinPolqaSfbRecording_cut.wav,2.8,0.836660027,0.733364848,5
30175030_MinPolqaSfbRecording_cut.wav,3.8,0.836660027,0.733364848,5
30071785_MinPolqaSfbRecording_cut.wav,4.4,0.547722558,0.48009999,5
30161009_MinPolqaSfbRecording_cut.wav,3.0,0.0,0.0,2
30134288_MinPolqaSfbRecording_cut.wav,3.0,0.0,0.0,2
30087188_MinPolqaSfbRecording_cut.wav,2.5,0.707106781,0.98,2
30186149_MinPolqaSfbRecording_cut.wav,3.5,0.707106781,0.98,2
30085214_MinPolqaSfbRecording_cut.wav,2.5,0.707106781,0.98,2
30122397_MinPolqaSfbRecording_cut.wav,5.0,0.0,0.0,2
30105943_MinPolqaSfbRecording_cut.wav,4.0,0.0,0.0,2
30259479_MinPolqaSfbRecording_cut.wav,2.5,0.707106781,0.98,2
30172184_MinPolqaSfbRecording_cut.wav,1.6,1.341640786,1.176,5
30139024_MinPolqaSfbRecording_cut.wav,3.0,1.0,0.876538647,5
30182510_MinPolqaSfbRecording_cut.wav,3.8,0.836660027,0.733364848,5
30166541_MinPolqaSfbRecording_cut.wav,3.4,0.547722558,0.48009999,5
30181307_MinPolqaSfbRecording_cut.wav,1.6,1.341640786,1.176,5
30060645_MinPolqaSfbRecording_cut.wav,3.4,0.894427191,0.784,5
30060135_MinPolqaSfbRecording_cut.wav,2.4,1.140175425,0.999407825,5
30066236_MinPolqaSfbRecording_cut.wav,4.0,0.0,0.0,5
30100584_MinPolqaSfbRecording_cut.wav,4.25,0.5,0.49,4
30177824_MinPolqaSfbRecording_cut.wav,1.25,0.5,0.49,4
30095500_MinPolqaSfbRecording_cut.wav,4.75,0.5,0.49,4
30138615_MinPolqaSfbRecording_cut.wav,2.25,1.892969449,1.85511006,4
29540179_MinPolqaSfbRecording_cut.wav,4.0,0.816496581,0.800166649,4
30213676_MinPolqaSfbRecording_cut.wav,1.5,1.0,0.98,4
30172993_MinPolqaSfbRecording_cut.wav,5.0,0.0,0.0,4
30085233_MinPolqaSfbRecording_cut.wav,3.75,1.258305739,1.233139624,4
30181876_MinPolqaSfbRecording_cut.wav,3.75,0.5,0.49,4
30179771_MinPolqaSfbRecording_cut.wav,2.75,0.5,0.49,4
30249763_MinPolqaSfbRecording_cut.wav,2.0,0.816496581,0.800166649,4
30182042_MinPolqaSfbRecording_cut.wav,4.0,0.0,0.0,4
30126403_MinPolqaSfbRecording_cut.wav,1.75,0.957427108,0.938278566,4
30109818_MinPolqaSfbRecording_cut.wav,3.0,0.0,0.0,4
30173998_MinPolqaSfbRecording_cut.wav,4.25,0.5,0.49,4
30260802_MinPolqaSfbRecording_cut.wav,4.25,0.5,0.49,4
30108501_MinPolqaSfbRecording_cut.wav,3.0,0.707106781,0.619806421,5
29539446_MinPolqaSfbRecording_cut.wav,3.0,1.224744871,1.073536213,5
29530651_MinPolqaSfbRecording_cut.wav,1.6,0.894427191,0.784,5
30156511_MinPolqaSfbRecording_cut.wav,3.2,0.836660027,0.733364848,5
30090833_MinPolqaSfbRecording_cut.wav,2.4,0.894427191,0.784,5
30256438_MinPolqaSfbRecording_cut.wav,2.0,0.707106781,0.619806421,5
30070949_MinPolqaSfbRecording_cut.wav,1.8,0.836660027,0.733364848,5
30198249_MinPolqaSfbRecording_cut.wav,2.0,1.0,0.876538647,5
30252539_MinPolqaSfbRecording_cut.wav,2.2,0.836660027,0.733364848,5
30212654_MinPolqaSfbRecording_cut.wav,3.0,0.707106781,0.619806421,5
30200065_MinPolqaSfbRecording_cut.wav,2.2,1.303840481,1.142866571,5
29543530_MinPolqaSfbRecording_cut.wav,3.4,1.341640786,1.176,5
30251277_MinPolqaSfbRecording_cut.wav,2.6,1.140175425,0.999407825,5
30081939_MinPolqaSfbRecording_cut.wav,3.4,0.894427191,0.784,5
30082579_MinPolqaSfbRecording_cut.wav,3.0,1.414213562,1.239612843,5
30100834_MinPolqaSfbRecording_cut.wav,3.6,1.140175425,0.999407825,5
30137399_MinPolqaSfbRecording_cut.wav,2.6,1.140175425,0.999407825,5
30104037_MinPolqaSfbRecording_cut.wav,3.2,0.836660027,0.733364848,5
29536281_MinPolqaSfbRecording_cut.wav,2.75,1.258305739,1.233139624,4
30121196_MinPolqaSfbRecording_cut.wav,2.25,1.5,1.47,4
30193329_MinPolqaSfbRecording_cut.wav,3.5,0.577350269,0.565803264,4
30126367_MinPolqaSfbRecording_cut.wav,3.25,0.5,0.49,4
30103711_MinPolqaSfbRecording_cut.wav,2.0,1.154700538,1.131606528,4
30250733_MinPolqaSfbRecording_cut.wav,2.75,1.5,1.47,4
30156617_MinPolqaSfbRecording_cut.wav,3.5,0.577350269,0.565803264,4
30201430_MinPolqaSfbRecording_cut.wav,3.25,0.5,0.49,4
30212859_MinPolqaSfbRecording_cut.wav,3.75,0.957427108,0.938278566,4
30068657_MinPolqaSfbRecording_cut.wav,3.666666667,0.577350269,0.653333333,3
29535694_MinPolqaSfbRecording_cut.wav,1.333333333,0.577350269,0.653333333,3
30078888_MinPolqaSfbRecording_cut.wav,2.333333333,0.577350269,0.653333333,3
30082042_MinPolqaSfbRecording_cut.wav,3.666666667,0.577350269,0.653333333,3
30114133_MinPolqaSfbRecording_cut.wav,4.0,0.0,0.0,3
30191853_MinPolqaSfbRecording_cut.wav,2.666666667,0.577350269,0.653333333,3
30100502_MinPolqaSfbRecording_cut.wav,2.0,0.0,0.0,3
30061723_MinPolqaSfbRecording_cut.wav,3.0,0.0,0.0,3
30060654_MinPolqaSfbRecording_cut.wav,3.333333333,0.577350269,0.653333333,3
30177400_MinPolqaSfbRecording_cut.wav,3.0,0.0,0.0,3
30185374_MinPolqaSfbRecording_cut.wav,2.5,0.577350269,0.565803264,4
30156005_MinPolqaSfbRecording_cut.wav,2.5,0.577350269,0.565803264,4
29535275_MinPolqaSfbRecording_cut.wav,3.0,0.0,0.0,4
30135909_MinPolqaSfbRecording_cut.wav,1.5,0.577350269,0.565803264,4
30128634_MinPolqaSfbRecording_cut.wav,2.75,0.957427108,0.938278566,4
30257971_MinPolqaSfbRecording_cut.wav,3.75,0.5,0.49,4
30068482_MinPolqaSfbRecording_cut.wav,3.5,1.290994449,1.26517456,4
30120919_MinPolqaSfbRecording_cut.wav,3.5,0.577350269,0.565803264,4
30189424_MinPolqaSfbRecording_cut.wav,3.75,0.5,0.49,4
30260419_MinPolqaSfbRecording_cut.wav,3.25,0.5,0.49,4
30076613_MinPolqaSfbRecording_cut.wav,3.0,0.816496581,0.800166649,4
30084367_MinPolqaSfbRecording_cut.wav,3.75,0.5,0.49,4
29541033_MinPolqaSfbRecording_cut.wav,3.75,0.5,0.49,4
30087448_MinPolqaSfbRecording_cut.wav,4.0,0.816496581,0.800166649,4
30155235_MinPolqaSfbRecording_cut.wav,2.25,1.258305739,1.233139624,4
30166288_MinPolqaSfbRecording_cut.wav,3.5,0.577350269,0.565803264,4
30199971_MinPolqaSfbRecording_cut.wav,2.0,0.816496581,0.800166649,4
30118496_MinPolqaSfbRecording_cut.wav,3.0,0.816496581,0.800166649,4
30174417_MinPolqaSfbRecording_cut.wav,3.2,1.483239697,1.300116918,5
30202714_MinPolqaSfbRecording_cut.wav,3.4,1.140175425,0.999407825,5
30152373_MinPolqaSfbRecording_cut.wav,3.2,0.836660027,0.733364848,5
29538499_MinPolqaSfbRecording_cut.wav,2.0,1.414213562,1.239612843,5
30251337_MinPolqaSfbRecording_cut.wav,3.4,0.894427191,0.784,5
30179079_MinPolqaSfbRecording_cut.wav,3.6,0.894427191,0.784,5
30163071_MinPolqaSfbRecording_cut.wav,3.6,1.516575089,1.329336677,5
30165039_MinPolqaSfbRecording_cut.wav,3.8,1.643167673,1.440299969,5
30126200_MinPolqaSfbRecording_cut.wav,3.6,0.547722558,0.48009999,5
30103228_MinPolqaSfbRecording_cut.wav,3.2,1.483239697,1.300116918,5
30194307_MinPolqaSfbRecording_cut.wav,3.5,0.577350269,0.565803264,4
30129796_MinPolqaSfbRecording_cut.wav,2.25,0.5,0.49,4
30129156_MinPolqaSfbRecording_cut.wav,3.0,0.0,0.0,4
30147549_MinPolqaSfbRecording_cut.wav,4.25,0.5,0.49,4
30119773_MinPolqaSfbRecording_cut.wav,3.0,0.0,0.0,4
30085583_MinPolqaSfbRecording_cut.wav,4.25,0.5,0.49,4
30093250_MinPolqaSfbRecording_cut.wav,3.0,0.0,0.0,4
30179367_MinPolqaSfbRecording_cut.wav,2.25,0.5,0.49,4
30209280_MinPolqaSfbRecording_cut.wav,2.75,0.5,0.49,4
30162709_MinPolqaSfbRecording_cut.wav,2.5,0.577350269,0.565803264,4
30153863_MinPolqaSfbRecording_cut.wav,3.0,0.0,0.0,4
30137900_MinPolqaSfbRecording_cut.wav,3.75,0.5,0.49,4
30059772_MinPolqaSfbRecording_cut.wav,2.25,0.957427108,0.938278566,4
30068076_MinPolqaSfbRecording_cut.wav,3.25,0.5,0.49,4
30264405_MinPolqaSfbRecording_cut.wav,4.25,0.5,0.49,4
30150593_MinPolqaSfbRecording_cut.wav,2.0,0.0,0.0,4
29535841_MinPolqaSfbRecording_cut.wav,3.6,0.547722558,0.48009999,5
30059422_MinPolqaSfbRecording_cut.wav,1.8,0.836660027,0.733364848,5
30252295_MinPolqaSfbRecording_cut.wav,3.2,0.836660027,0.733364848,5
29543839_MinPolqaSfbRecording_cut.wav,2.4,1.140175425,0.999407825,5
30140986_MinPolqaSfbRecording_cut.wav,3.6,0.547722558,0.48009999,5
30089208_MinPolqaSfbRecording_cut.wav,3.6,0.547722558,0.48009999,5
30063252_MinPolqaSfbRecording_cut.wav,4.0,0.0,0.0,5
30163025_MinPolqaSfbRecording_cut.wav,3.4,0.547722558,0.48009999,5
30182824_MinPolqaSfbRecording_cut.wav,3.6,0.894427191,0.784,5
30084502_MinPolqaSfbRecording_cut.wav,2.0,0.0,0.0,5
30083670_MinPolqaSfbRecording_cut.wav,2.0,0.707106781,0.619806421,5
30122157_MinPolqaSfbRecording_cut.wav,4.2,0.447213595,0.392,5
30162875_MinPolqaSfbRecording_cut.wav,3.2,0.447213595,0.392,5
30179024_MinPolqaSfbRecording_cut.wav,3.6,0.894427191,0.784,5
30062161_MinPolqaSfbRecording_cut.wav,2.4,0.547722558,0.48009999,5
30096966_MinPolqaSfbRecording_cut.wav,2.6,0.547722558,0.48009999,5
30063153_MinPolqaSfbRecording_cut.wav,3.4,0.894427191,0.784,5
30090455_MinPolqaSfbRecording_cut.wav,4.0,,,1
30062865_MinPolqaSfbRecording_cut.wav,3.0,,,1
30081459_MinPolqaSfbRecording_cut.wav,2.0,,,1
30159584_MinPolqaSfbRecording_cut.wav,4.0,,,1
30147917_MinPolqaSfbRecording_cut.wav,2.0,,,1
29538457_MinPolqaSfbRecording_cut.wav,3.0,,,1
30091724_MinPolqaSfbRecording_cut.wav,2.0,,,1
30183048_MinPolqaSfbRecording_cut.wav,4.0,,,1
30249962_MinPolqaSfbRecording_cut.wav,3.0,,,1
29529690_MinPolqaSfbRecording_cut.wav,3.0,,,1
30153899_MinPolqaSfbRecording_cut.wav,3.0,0.0,0.0,3
30194228_MinPolqaSfbRecording_cut.wav,2.666666667,1.154700538,1.306666667,3
30208905_MinPolqaSfbRecording_cut.wav,3.666666667,1.154700538,1.306666667,3
30178338_MinPolqaSfbRecording_cut.wav,3.666666667,0.577350269,0.653333333,3
29537393_MinPolqaSfbRecording_cut.wav,3.333333333,1.154700538,1.306666667,3
30141188_MinPolqaSfbRecording_cut.wav,2.0,1.0,1.131606528,3
30177440_MinPolqaSfbRecording_cut.wav,2.333333333,0.577350269,0.653333333,3
30160050_MinPolqaSfbRecording_cut.wav,3.333333333,0.577350269,0.653333333,3
29535307_MinPolqaSfbRecording_cut.wav,1.5,0.577350269,0.565803264,4
30068217_MinPolqaSfbRecording_cut.wav,2.25,0.5,0.49,4
30207637_MinPolqaSfbRecording_cut.wav,3.75,0.5,0.49,4
30256896_MinPolqaSfbRecording_cut.wav,3.0,0.816496581,0.800166649,4
30200782_MinPolqaSfbRecording_cut.wav,3.75,0.957427108,0.938278566,4
30257654_MinPolqaSfbRecording_cut.wav,1.75,0.5,0.49,4
30150807_MinPolqaSfbRecording_cut.wav,3.5,0.577350269,0.565803264,4
30107271_MinPolqaSfbRecording_cut.wav,1.0,0.0,0.0,4
29537891_MinPolqaSfbRecording_cut.wav,3.75,0.5,0.49,4
30208601_MinPolqaSfbRecording_cut.wav,2.6,0.894427191,0.784,5
30189711_MinPolqaSfbRecording_cut.wav,4.0,1.0,0.876538647,5
30118687_MinPolqaSfbRecording_cut.wav,3.4,0.894427191,0.784,5
30127090_MinPolqaSfbRecording_cut.wav,3.8,0.836660027,0.733364848,5
30109319_MinPolqaSfbRecording_cut.wav,4.4,0.547722558,0.48009999,5
30096804_MinPolqaSfbRecording_cut.wav,1.6,0.547722558,0.48009999,5
30067044_MinPolqaSfbRecording_cut.wav,3.4,0.894427191,0.784,5
29542456_MinPolqaSfbRecording_cut.wav,3.4,0.547722558,0.48009999,5
30092823_MinPolqaSfbRecording_cut.wav,4.0,1.0,1.131606528,3
29541521_MinPolqaSfbRecording_cut.wav,1.333333333,0.577350269,0.653333333,3
30195698_MinPolqaSfbRecording_cut.wav,3.666666667,0.577350269,0.653333333,3
29532925_MinPolqaSfbRecording_cut.wav,2.0,1.0,1.131606528,3
30247688_MinPolqaSfbRecording_cut.wav,4.333333333,1.154700538,1.306666667,3
30128870_MinPolqaSfbRecording_cut.wav,1.666666667,0.577350269,0.653333333,3
30098099_MinPolqaSfbRecording_cut.wav,3.333333333,0.577350269,0.653333333,3
30082362_MinPolqaSfbRecording_cut.wav,1.333333333,0.577350269,0.653333333,3
29538585_MinPolqaSfbRecording_cut.wav,2.5,1.0,0.98,4
30063951_MinPolqaSfbRecording_cut.wav,3.0,0.816496581,0.800166649,4
30093418_MinPolqaSfbRecording_cut.wav,2.75,1.5,1.47,4
30059018_MinPolqaSfbRecording_cut.wav,2.75,0.957427108,0.938278566,4
30132436_MinPolqaSfbRecording_cut.wav,2.5,0.577350269,0.565803264,4
30171509_MinPolqaSfbRecording_cut.wav,4.5,1.0,0.98,4
30149224_MinPolqaSfbRecording_cut.wav,3.0,0.816496581,0.800166649,4
30159580_MinPolqaSfbRecording_cut.wav,1.5,0.577350269,0.565803264,4
30090621_MinPolqaSfbRecording_cut.wav,3.25,1.5,1.47,4
30132176_MinPolqaSfbRecording_cut.wav,2.2,0.836660027,0.733364848,5
30151234_MinPolqaSfbRecording_cut.wav,2.4,1.140175425,0.999407825,5
30090630_MinPolqaSfbRecording_cut.wav,2.6,1.140175425,0.999407825,5
30162111_MinPolqaSfbRecording_cut.wav,2.8,0.447213595,0.392,5
29530524_MinPolqaSfbRecording_cut.wav,1.8,1.095445115,0.960199979,5
30135699_MinPolqaSfbRecording_cut.wav,1.4,0.547722558,0.48009999,5
30162123_MinPolqaSfbRecording_cut.wav,2.4,1.341640786,1.176,5
30140501_MinPolqaSfbRecording_cut.wav,2.8,1.095445115,0.960199979,5
30175285_MinPolqaSfbRecording_cut.wav,3.4,0.894427191,0.784,5
30119657_MinPolqaSfbRecording_cut.wav,2.0,0.707106781,0.619806421,5
29543580_MinPolqaSfbRecording_cut.wav,4.0,1.0,1.131606528,3
30125291_MinPolqaSfbRecording_cut.wav,4.0,1.0,1.131606528,3
30106791_MinPolqaSfbRecording_cut.wav,1.333333333,0.577350269,0.653333333,3
29531691_MinPolqaSfbRecording_cut.wav,4.0,1.0,1.131606528,3
30172265_MinPolqaSfbRecording_cut.wav,4.0,1.0,1.131606528,3
30255200_MinPolqaSfbRecording_cut.wav,4.333333333,0.577350269,0.653333333,3
29530128_MinPolqaSfbRecording_cut.wav,2.333333333,0.577350269,0.653333333,3
30113004_MinPolqaSfbRecording_cut.wav,1.333333333,0.577350269,0.653333333,3
30084091_MinPolqaSfbRecording_cut.wav,3.666666667,1.154700538,1.306666667,3
29536198_MinPolqaSfbRecording_cut.wav,4.0,,,1
30083812_MinPolqaSfbRecording_cut.wav,1.0,,,1
30119873_MinPolqaSfbRecording_cut.wav,3.0,,,1
30109096_MinPolqaSfbRecording_cut.wav,2.0,,,1
30178934_MinPolqaSfbRecording_cut.wav,4.0,,,1
30097569_MinPolqaSfbRecording_cut.wav,4.0,,,1
30136962_MinPolqaSfbRecording_cut.wav,4.0,,,1
30091539_MinPolqaSfbRecording_cut.wav,1.0,,,1
30206845_MinPolqaSfbRecording_cut.wav,3.0,,,1
30086278_MinPolqaSfbRecording_cut.wav,2.2,0.836660027,0.733364848,5
30165288_MinPolqaSfbRecording_cut.wav,4.2,0.447213595,0.392,5
30200898_MinPolqaSfbRecording_cut.wav,4.0,0.707106781,0.619806421,5
30147197_MinPolqaSfbRecording_cut.wav,3.4,0.894427191,0.784,5
30170948_MinPolqaSfbRecording_cut.wav,1.8,0.447213595,0.392,5
30088701_MinPolqaSfbRecording_cut.wav,2.8,0.836660027,0.733364848,5
30182698_MinPolqaSfbRecording_cut.wav,1.6,0.894427191,0.784,5
30123332_MinPolqaSfbRecording_cut.wav,1.8,0.836660027,0.733364848,5
30134434_MinPolqaSfbRecording_cut.wav,3.4,0.894427191,0.784,5
30117320_MinPolqaSfbRecording_cut.wav,2.8,0.836660027,0.733364848,5
30188976_MinPolqaSfbRecording_cut.wav,2.666666667,0.577350269,0.653333333,3
30097232_MinPolqaSfbRecording_cut.wav,2.333333333,0.577350269,0.653333333,3
30155969_MinPolqaSfbRecording_cut.wav,3.666666667,0.577350269,0.653333333,3
30065233_MinPolqaSfbRecording_cut.wav,3.666666667,0.577350269,0.653333333,3
30201104_MinPolqaSfbRecording_cut.wav,3.333333333,0.577350269,0.653333333,3
30064634_MinPolqaSfbRecording_cut.wav,1.333333333,0.577350269,0.653333333,3
30097207_MinPolqaSfbRecording_cut.wav,4.0,1.0,1.131606528,3
30131746_MinPolqaSfbRecording_cut.wav,3.75,0.5,0.49,4
30071860_MinPolqaSfbRecording_cut.wav,5.0,0.0,0.0,4
30151089_MinPolqaSfbRecording_cut.wav,3.75,0.5,0.49,4
30153911_MinPolqaSfbRecording_cut.wav,3.5,0.577350269,0.565803264,4
30132461_MinPolqaSfbRecording_cut.wav,4.25,0.957427108,0.938278566,4
30210863_MinPolqaSfbRecording_cut.wav,4.5,0.577350269,0.565803264,4
30262304_MinPolqaSfbRecording_cut.wav,3.5,0.577350269,0.565803264,4
30208847_MinPolqaSfbRecording_cut.wav,1.6,0.547722558,0.48009999,5
30214048_MinPolqaSfbRecording_cut.wav,3.2,0.447213595,0.392,5
30166214_MinPolqaSfbRecording_cut.wav,1.8,0.447213595,0.392,5
30210901_MinPolqaSfbRecording_cut.wav,2.8,0.447213595,0.392,5
29532762_MinPolqaSfbRecording_cut.wav,3.2,0.447213595,0.392,5
30202432_MinPolqaSfbRecording_cut.wav,4.2,0.447213595,0.392,5
30133517_MinPolqaSfbRecording_cut.wav,3.0,0.0,0.0,5
30193572_MinPolqaSfbRecording_cut.wav,2.5,0.577350269,0.565803264,4
30212045_MinPolqaSfbRecording_cut.wav,3.5,0.577350269,0.565803264,4
29542602_MinPolqaSfbRecording_cut.wav,2.75,0.957427108,0.938278566,4
30263831_MinPolqaSfbRecording_cut.wav,3.5,0.577350269,0.565803264,4
30201923_MinPolqaSfbRecording_cut.wav,1.5,0.577350269,0.565803264,4
30260716_MinPolqaSfbRecording_cut.wav,2.5,0.577350269,0.565803264,4
30078527_MinPolqaSfbRecording_cut.wav,3.5,1.0,0.98,4
30177382_MinPolqaSfbRecording_cut.wav,3.25,0.5,0.49,4
30136195_MinPolqaSfbRecording_cut.wav,4.0,1.0,1.131606528,3
30253978_MinPolqaSfbRecording_cut.wav,3.666666667,0.577350269,0.653333333,3
30073103_MinPolqaSfbRecording_cut.wav,2.666666667,0.577350269,0.653333333,3
30205167_MinPolqaSfbRecording_cut.wav,3.333333333,1.527525232,1.728557523,3
30144709_MinPolqaSfbRecording_cut.wav,2.333333333,0.577350269,0.653333333,3
30111656_MinPolqaSfbRecording_cut.wav,4.0,1.0,1.131606528,3
30119829_MinPolqaSfbRecording_cut.wav,4.0,1.0,1.131606528,3
30159280_MinPolqaSfbRecording_cut.wav,2.666666667,0.577350269,0.653333333,3
29535400_MinPolqaSfbRecording_cut.wav,1.666666667,1.154700538,1.306666667,3
30197226_MinPolqaSfbRecording_cut.wav,3.333333333,0.577350269,0.653333333,3
30199892_MinPolqaSfbRecording_cut.wav,2.0,1.732050808,1.96,3
30129749_MinPolqaSfbRecording_cut.wav,2.333333333,1.527525232,1.728557523,3
30113719_MinPolqaSfbRecording_cut.wav,2.333333333,1.527525232,1.728557523,3
30264288_MinPolqaSfbRecording_cut.wav,2.666666667,0.577350269,0.653333333,3
29538264_MinPolqaSfbRecording_cut.wav,3.333333333,0.577350269,0.653333333,3
29534618_MinPolqaSfbRecording_cut.wav,4.0,0.0,0.0,3
30200642_MinPolqaSfbRecording_cut.wav,2.0,1.0,0.876538647,5
30207610_MinPolqaSfbRecording_cut.wav,3.0,0.707106781,0.619806421,5
30156159_MinPolqaSfbRecording_cut.wav,2.8,1.095445115,0.960199979,5
30124802_MinPolqaSfbRecording_cut.wav,2.4,0.547722558,0.48009999,5
30158913_MinPolqaSfbRecording_cut.wav,2.4,0.547722558,0.48009999,5
30100596_MinPolqaSfbRecording_cut.wav,1.4,0.894427191,0.784,5
30061917_MinPolqaSfbRecording_cut.wav,3.8,0.836660027,0.733364848,5
30262464_MinPolqaSfbRecording_cut.wav,2.4,0.894427191,0.784,5
30260936_MinPolqaSfbRecording_cut.wav,1.5,0.707106781,0.98,2
30128979_MinPolqaSfbRecording_cut.wav,4.5,0.707106781,0.98,2
30251183_MinPolqaSfbRecording_cut.wav,4.5,0.707106781,0.98,2
30176489_MinPolqaSfbRecording_cut.wav,2.0,0.0,0.0,2
30130820_MinPolqaSfbRecording_cut.wav,3.0,0.0,0.0,2
30108654_MinPolqaSfbRecording_cut.wav,3.5,0.707106781,0.98,2
30154022_MinPolqaSfbRecording_cut.wav,1.5,0.707106781,0.98,2
30202034_MinPolqaSfbRecording_cut.wav,2.5,0.707106781,0.98,2
30073372_MinPolqaSfbRecording_cut.wav,2.666666667,0.577350269,0.653333333,3
30182853_MinPolqaSfbRecording_cut.wav,3.0,1.0,1.131606528,3
30263886_MinPolqaSfbRecording_cut.wav,2.666666667,0.577350269,0.653333333,3
30165934_MinPolqaSfbRecording_cut.wav,3.333333333,0.577350269,0.653333333,3
30193600_MinPolqaSfbRecording_cut.wav,3.666666667,1.527525232,1.728557523,3
30150689_MinPolqaSfbRecording_cut.wav,2.0,0.0,0.0,3
30147969_MinPolqaSfbRecording_cut.wav,2.333333333,0.577350269,0.653333333,3
30159366_MinPolqaSfbRecording_cut.wav,3.666666667,1.154700538,1.306666667,3
29543608_MinPolqaSfbRecording_cut.wav,2.666666667,0.577350269,0.653333333,3
30199910_MinPolqaSfbRecording_cut.wav,2.666666667,1.527525232,1.728557523,3
30178055_MinPolqaSfbRecording_cut.wav,2.333333333,0.577350269,0.653333333,3
30125638_MinPolqaSfbRecording_cut.wav,3.0,0.0,0.0,3
30164388_MinPolqaSfbRecording_cut.wav,3.333333333,0.577350269,0.653333333,3
29542500_MinPolqaSfbRecording_cut.wav,1.0,0.0,0.0,3
30252692_MinPolqaSfbRecording_cut.wav,2.333333333,0.577350269,0.653333333,3
30119041_MinPolqaSfbRecording_cut.wav,1.0,0.0,0.0,3
30114165_MinPolqaSfbRecording_cut.wav,1.0,0.0,0.0,3
30133349_MinPolqaSfbRecording_cut.wav,3.0,0.0,0.0,3
30192471_MinPolqaSfbRecording_cut.wav,4.666666667,0.577350269,0.653333333,3
30062676_MinPolqaSfbRecording_cut.wav,2.333333333,0.577350269,0.653333333,3
30066786_MinPolqaSfbRecording_cut.wav,2.333333333,0.577350269,0.653333333,3
30157973_MinPolqaSfbRecording_cut.wav,4.333333333,0.577350269,0.653333333,3
30157483_MinPolqaSfbRecording_cut.wav,4.333333333,0.577350269,0.653333333,3
30202277_MinPolqaSfbRecording_cut.wav,3.666666667,0.577350269,0.653333333,3
30251801_MinPolqaSfbRecording_cut.wav,2.25,0.957427108,0.938278566,4
30260028_MinPolqaSfbRecording_cut.wav,2.75,1.5,1.47,4
29537497_MinPolqaSfbRecording_cut.wav,3.5,1.290994449,1.26517456,4
30175269_MinPolqaSfbRecording_cut.wav,3.0,1.414213562,1.385929291,4
30183419_MinPolqaSfbRecording_cut.wav,2.75,1.258305739,1.233139624,4
30141812_MinPolqaSfbRecording_cut.wav,2.25,1.258305739,1.233139624,4
30169697_MinPolqaSfbRecording_cut.wav,3.25,0.5,0.49,4
30103654_MinPolqaSfbRecording_cut.wav,2.5,0.577350269,0.565803264,4
30086955_MinPolqaSfbRecording_cut.wav,2.5,0.577350269,0.565803264,4
30095446_MinPolqaSfbRecording_cut.wav,2.0,0.0,0.0,4
30110140_MinPolqaSfbRecording_cut.wav,2.0,0.0,0.0,4
29530898_MinPolqaSfbRecording_cut.wav,1.25,0.5,0.49,4
29539655_MinPolqaSfbRecording_cut.wav,2.25,0.5,0.49,4
30058451_MinPolqaSfbRecording_cut.wav,4.75,0.5,0.49,4
30171835_MinPolqaSfbRecording_cut.wav,1.75,0.5,0.49,4
29538058_MinPolqaSfbRecording_cut.wav,3.333333333,0.577350269,0.653333333,3
30082018_MinPolqaSfbRecording_cut.wav,1.333333333,0.577350269,0.653333333,3
30130799_MinPolqaSfbRecording_cut.wav,3.333333333,0.577350269,0.653333333,3
30259703_MinPolqaSfbRecording_cut.wav,3.666666667,0.577350269,0.653333333,3
30185982_MinPolqaSfbRecording_cut.wav,3.0,0.0,0.0,3
30063530_MinPolqaSfbRecording_cut.wav,3.666666667,0.577350269,0.653333333,3
30154213_MinPolqaSfbRecording_cut.wav,2.8,0.836660027,0.733364848,5
30255646_MinPolqaSfbRecording_cut.wav,2.6,0.547722558,0.48009999,5
30257379_MinPolqaSfbRecording_cut.wav,3.4,0.547722558,0.48009999,5
30262570_MinPolqaSfbRecording_cut.wav,4.0,0.0,0.0,5
30096148_MinPolqaSfbRecording_cut.wav,3.2,0.447213595,0.392,5
30148869_MinPolqaSfbRecording_cut.wav,3.6,0.547722558,0.48009999,5
29538928_MinPolqaSfbRecording_cut.wav,2.0,1.224744871,1.073536213,5
30213325_MinPolqaSfbRecording_cut.wav,3.0,1.224744871,1.073536213,5
30134397_MinPolqaSfbRecording_cut.wav,3.2,1.303840481,1.142866571,5
30083895_MinPolqaSfbRecording_cut.wav,3.4,0.894427191,0.784,5
30092021_MinPolqaSfbRecording_cut.wav,2.4,1.140175425,0.999407825,5
30197799_MinPolqaSfbRecording_cut.wav,3.8,1.095445115,0.960199979,5
29542716_MinPolqaSfbRecording_cut.wav,2.4,1.140175425,0.999407825,5
29530579_MinPolqaSfbRecording_cut.wav,3.2,1.303840481,1.142866571,5
30147996_MinPolqaSfbRecording_cut.wav,3.4,1.140175425,0.999407825,5
30179055_MinPolqaSfbRecording_cut.wav,2.25,0.957427108,0.938278566,4
30249706_MinPolqaSfbRecording_cut.wav,2.5,1.0,0.98,4
30157395_MinPolqaSfbRecording_cut.wav,2.25,1.258305739,1.233139624,4
29530225_MinPolqaSfbRecording_cut.wav,2.0,1.154700538,1.131606528,4
30085097_MinPolqaSfbRecording_cut.wav,1.75,0.957427108,0.938278566,4
30108141_MinPolqaSfbRecording_cut.wav,3.0,0.816496581,0.800166649,4
30150638_MinPolqaSfbRecording_cut.wav,1.5,0.577350269,0.565803264,4
30253634_MinPolqaSfbRecording_cut.wav,3.2,0.836660027,0.733364848,5
30070843_MinPolqaSfbRecording_cut.wav,3.8,1.095445115,0.960199979,5
30160154_MinPolqaSfbRecording_cut.wav,2.6,0.547722558,0.48009999,5
30089066_MinPolqaSfbRecording_cut.wav,3.2,1.095445115,0.960199979,5
30257982_MinPolqaSfbRecording_cut.wav,3.0,0.707106781,0.619806421,5
30096592_MinPolqaSfbRecording_cut.wav,2.4,0.547722558,0.48009999,5
30211162_MinPolqaSfbRecording_cut.wav,3.0,0.0,0.0,5
30150748_MinPolqaSfbRecording_cut.wav,3.0,0.707106781,0.619806421,5
30168571_MinPolqaSfbRecording_cut.wav,3.6,0.547722558,0.48009999,5
30192592_MinPolqaSfbRecording_cut.wav,4.0,0.707106781,0.619806421,5
30145654_MinPolqaSfbRecording_cut.wav,2.666666667,0.577350269,0.653333333,3
30250085_MinPolqaSfbRecording_cut.wav,2.666666667,0.577350269,0.653333333,3
30157468_MinPolqaSfbRecording_cut.wav,3.333333333,0.577350269,0.653333333,3
30128282_MinPolqaSfbRecording_cut.wav,1.666666667,1.154700538,1.306666667,3
30194432_MinPolqaSfbRecording_cut.wav,3.0,1.0,1.131606528,3
30126905_MinPolqaSfbRecording_cut.wav,2.0,0.0,0.0,3
30068721_MinPolqaSfbRecording_cut.wav,1.333333333,0.577350269,0.653333333,3
30149448_MinPolqaSfbRecording_cut.wav,2.333333333,0.577350269,0.653333333,3
29538981_MinPolqaSfbRecording_cut.wav,3.333333333,0.577350269,0.653333333,3
30213334_MinPolqaSfbRecording_cut.wav,3.333333333,0.577350269,0.653333333,3
29533805_MinPolqaSfbRecording_cut.wav,3.0,1.0,1.131606528,3
30085531_MinPolqaSfbRecording_cut.wav,2.333333333,0.577350269,0.653333333,3
29533816_MinPolqaSfbRecording_cut.wav,4.0,0.0,0.0,3
30159014_MinPolqaSfbRecording_cut.wav,3.333333333,0.577350269,0.653333333,3
30193205_MinPolqaSfbRecording_cut.wav,2.333333333,0.577350269,0.653333333,3
30124766_MinPolqaSfbRecording_cut.wav,4.333333333,0.577350269,0.653333333,3
30260894_MinPolqaSfbRecording_cut.wav,1.333333333,0.577350269,0.653333333,3
30154103_MinPolqaSfbRecording_cut.wav,3.666666667,1.154700538,1.306666667,3
30117860_MinPolqaSfbRecording_cut.wav,3.333333333,0.577350269,0.653333333,3
29532266_MinPolqaSfbRecording_cut.wav,4.0,1.0,1.131606528,3
30082627_MinPolqaSfbRecording_cut.wav,3.333333333,0.577350269,0.653333333,3
30176797_MinPolqaSfbRecording_cut.wav,4.0,1.0,1.131606528,3
30195195_MinPolqaSfbRecording_cut.wav,4.0,1.0,1.131606528,3
30091835_MinPolqaSfbRecording_cut.wav,4.333333333,0.577350269,0.653333333,3
30148902_MinPolqaSfbRecording_cut.wav,4.0,0.0,0.0,3
30156272_MinPolqaSfbRecording_cut.wav,3.333333333,1.527525232,1.728557523,3
30213308_MinPolqaSfbRecording_cut.wav,3.0,0.0,0.0,5
30149607_MinPolqaSfbRecording_cut.wav,2.2,0.447213595,0.392,5
30163281_MinPolqaSfbRecording_cut.wav,2.6,0.547722558,0.48009999,5
30260886_MinPolqaSfbRecording_cut.wav,2.8,0.447213595,0.392,5
30121842_MinPolqaSfbRecording_cut.wav,2.6,0.547722558,0.48009999,5
30092536_MinPolqaSfbRecording_cut.wav,3.0,0.0,0.0,5
30095660_MinPolqaSfbRecording_cut.wav,1.6,0.547722558,0.48009999,5
30163682_MinPolqaSfbRecording_cut.wav,2.6,0.547722558,0.48009999,5
30096807_MinPolqaSfbRecording_cut.wav,2.4,0.547722558,0.48009999,5
30178596_MinPolqaSfbRecording_cut.wav,3.75,0.5,0.49,4
30211869_MinPolqaSfbRecording_cut.wav,3.75,0.5,0.49,4
30197913_MinPolqaSfbRecording_cut.wav,3.25,0.5,0.49,4
30253180_MinPolqaSfbRecording_cut.wav,2.0,0.816496581,0.800166649,4
30168479_MinPolqaSfbRecording_cut.wav,3.25,0.5,0.49,4
30155081_MinPolqaSfbRecording_cut.wav,1.5,0.577350269,0.565803264,4
30072794_MinPolqaSfbRecording_cut.wav,1.25,0.5,0.49,4
30144875_MinPolqaSfbRecording_cut.wav,4.0,0.816496581,0.800166649,4
30091920_MinPolqaSfbRecording_cut.wav,3.0,0.707106781,0.619806421,5
29533583_MinPolqaSfbRecording_cut.wav,4.2,0.447213595,0.392,5
30262871_MinPolqaSfbRecording_cut.wav,3.4,0.547722558,0.48009999,5
30256351_MinPolqaSfbRecording_cut.wav,3.0,0.707106781,0.619806421,5
30258506_MinPolqaSfbRecording_cut.wav,4.0,1.0,0.876538647,5
30206424_MinPolqaSfbRecording_cut.wav,2.8,0.447213595,0.392,5
30252305_MinPolqaSfbRecording_cut.wav,2.6,0.547722558,0.48009999,5
30111708_MinPolqaSfbRecording_cut.wav,1.4,0.547722558,0.48009999,5
30085151_MinPolqaSfbRecording_cut.wav,2.0,0.0,0.0,5
30142694_MinPolqaSfbRecording_cut.wav,3.25,0.957427108,0.938278566,4
30070552_MinPolqaSfbRecording_cut.wav,2.5,1.0,0.98,4
30213013_MinPolqaSfbRecording_cut.wav,4.5,0.577350269,0.565803264,4
30172724_MinPolqaSfbRecording_cut.wav,2.25,0.957427108,0.938278566,4
30151808_MinPolqaSfbRecording_cut.wav,2.25,0.5,0.49,4
30075110_MinPolqaSfbRecording_cut.wav,3.5,0.577350269,0.565803264,4
30119954_MinPolqaSfbRecording_cut.wav,2.75,0.5,0.49,4
29529736_MinPolqaSfbRecording_cut.wav,3.0,0.816496581,0.800166649,4
30207675_MinPolqaSfbRecording_cut.wav,1.5,0.577350269,0.565803264,4
30121873_MinPolqaSfbRecording_cut.wav,3.0,0.816496581,0.800166649,4
30063006_MinPolqaSfbRecording_cut.wav,2.75,0.5,0.49,4
30259585_MinPolqaSfbRecording_cut.wav,1.75,0.5,0.49,4
30151460_MinPolqaSfbRecording_cut.wav,1.0,0.0,0.0,4
30185884_MinPolqaSfbRecording_cut.wav,1.0,0.0,0.0,4
30260863_MinPolqaSfbRecording_cut.wav,1.5,0.577350269,0.565803264,4
30113518_MinPolqaSfbRecording_cut.wav,2.25,0.957427108,0.938278566,4
30075324_MinPolqaSfbRecording_cut.wav,4.0,0.0,0.0,4
30178465_MinPolqaSfbRecording_cut.wav,4.75,0.5,0.49,4
30071637_MinPolqaSfbRecording_cut.wav,2.0,1.414213562,1.385929291,4
30088798_MinPolqaSfbRecording_cut.wav,2.75,0.957427108,0.938278566,4
30211842_MinPolqaSfbRecording_cut.wav,2.25,1.5,1.47,4
30132156_MinPolqaSfbRecording_cut.wav,3.25,1.258305739,1.233139624,4
30107711_MinPolqaSfbRecording_cut.wav,4.5,0.577350269,0.565803264,4
30200195_MinPolqaSfbRecording_cut.wav,4.5,0.577350269,0.565803264,4
30125648_MinPolqaSfbRecording_cut.wav,4.0,1.154700538,1.131606528,4
30255077_MinPolqaSfbRecording_cut.wav,4.25,0.957427108,0.938278566,4
30064931_MinPolqaSfbRecording_cut.wav,2.4,0.547722558,0.48009999,5
30262723_MinPolqaSfbRecording_cut.wav,4.4,0.547722558,0.48009999,5
30166727_MinPolqaSfbRecording_cut.wav,2.4,0.547722558,0.48009999,5
30062110_MinPolqaSfbRecording_cut.wav,4.4,0.547722558,0.48009999,5
30125615_MinPolqaSfbRecording_cut.wav,3.8,0.447213595,0.392,5
30211379_MinPolqaSfbRecording_cut.wav,3.8,0.447213595,0.392,5
30194343_MinPolqaSfbRecording_cut.wav,2.4,0.547722558,0.48009999,5
30101959_MinPolqaSfbRecording_cut.wav,1.8,0.447213595,0.392,5
30069301_MinPolqaSfbRecording_cut.wav,2.6,0.547722558,0.48009999,5
30204439_MinPolqaSfbRecording_cut.wav,3.75,0.957427108,0.938278566,4
30199679_MinPolqaSfbRecording_cut.wav,3.5,1.290994449,1.26517456,4
30174611_MinPolqaSfbRecording_cut.wav,3.0,0.816496581,0.800166649,4
30070798_MinPolqaSfbRecording_cut.wav,3.0,1.414213562,1.385929291,4
30201602_MinPolqaSfbRecording_cut.wav,3.75,0.5,0.49,4
30212072_MinPolqaSfbRecording_cut.wav,3.25,0.5,0.49,4
30199953_MinPolqaSfbRecording_cut.wav,2.25,0.957427108,0.938278566,4
30100999_MinPolqaSfbRecording_cut.wav,2.5,1.0,0.98,4
29539535_MinPolqaSfbRecording_cut.wav,3.0,0.0,0.0,4
30253418_MinPolqaSfbRecording_cut.wav,3.0,0.0,0.0,4
30149650_MinPolqaSfbRecording_cut.wav,1.25,0.5,0.49,4
30085900_MinPolqaSfbRecording_cut.wav,3.25,0.957427108,0.938278566,4
30100821_MinPolqaSfbRecording_cut.wav,1.0,0.0,0.0,4
30126488_MinPolqaSfbRecording_cut.wav,3.0,0.0,0.0,4
30195145_MinPolqaSfbRecording_cut.wav,1.75,0.957427108,0.938278566,4
30148545_MinPolqaSfbRecording_cut.wav,4.0,0.816496581,0.800166649,4
30199755_MinPolqaSfbRecording_cut.wav,3.0,0.816496581,0.800166649,4
30068464_MinPolqaSfbRecording_cut.wav,3.0,0.0,0.0,4
29530204_MinPolqaSfbRecording_cut.wav,2.25,0.5,0.49,4
30066127_MinPolqaSfbRecording_cut.wav,3.25,0.5,0.49,4
30256776_MinPolqaSfbRecording_cut.wav,4.0,0.816496581,0.800166649,4
30064592_MinPolqaSfbRecording_cut.wav,2.75,0.5,0.49,4
30207712_MinPolqaSfbRecording_cut.wav,1.25,0.5,0.49,4
30166386_MinPolqaSfbRecording_cut.wav,2.75,0.957427108,0.938278566,4
30200971_MinPolqaSfbRecording_cut.wav,2.0,0.816496581,0.800166649,4
30198471_MinPolqaSfbRecording_cut.wav,1.5,0.577350269,0.565803264,4
30133846_MinPolqaSfbRecording_cut.wav,3.25,0.5,0.49,4
30098623_MinPolqaSfbRecording_cut.wav,2.25,0.5,0.49,4
30092446_MinPolqaSfbRecording_cut.wav,3.75,0.5,0.49,4
30145855_MinPolqaSfbRecording_cut.wav,2.0,0.816496581,0.800166649,4
30210950_MinPolqaSfbRecording_cut.wav,3.5,0.707106781,0.98,2
30172859_MinPolqaSfbRecording_cut.wav,2.0,0.0,0.0,2
30085394_MinPolqaSfbRecording_cut.wav,2.0,1.414213562,1.96,2
30100056_MinPolqaSfbRecording_cut.wav,3.5,0.707106781,0.98,2
30081384_MinPolqaSfbRecording_cut.wav,4.0,0.0,0.0,2
30148496_MinPolqaSfbRecording_cut.wav,1.0,0.0,0.0,2
30123204_MinPolqaSfbRecording_cut.wav,3.5,0.707106781,0.98,2
30156381_MinPolqaSfbRecording_cut.wav,2.5,0.707106781,0.98,2
29543846_MinPolqaSfbRecording_cut.wav,1.2,0.447213595,0.392,5
29531635_MinPolqaSfbRecording_cut.wav,2.0,0.707106781,0.619806421,5
30144288_MinPolqaSfbRecording_cut.wav,2.2,0.836660027,0.733364848,5
30214068_MinPolqaSfbRecording_cut.wav,2.2,1.095445115,0.960199979,5
30176859_MinPolqaSfbRecording_cut.wav,1.8,0.447213595,0.392,5
30155286_MinPolqaSfbRecording_cut.wav,2.4,0.547722558,0.48009999,5
30142905_MinPolqaSfbRecording_cut.wav,2.6,0.547722558,0.48009999,5
30135771_MinPolqaSfbRecording_cut.wav,2.8,0.447213595,0.392,5
30104104_MinPolqaSfbRecording_cut.wav,3.2,0.447213595,0.392,5
30112021_MinPolqaSfbRecording_cut.wav,2.0,0.0,0.0,2
30164977_MinPolqaSfbRecording_cut.wav,1.0,0.0,0.0,2
30202683_MinPolqaSfbRecording_cut.wav,2.5,0.707106781,0.98,2
30123547_MinPolqaSfbRecording_cut.wav,5.0,0.0,0.0,2
30149594_MinPolqaSfbRecording_cut.wav,1.5,0.707106781,0.98,2
30213227_MinPolqaSfbRecording_cut.wav,4.0,0.0,0.0,2
30120561_MinPolqaSfbRecording_cut.wav,3.5,0.707106781,0.98,2
30182905_MinPolqaSfbRecording_cut.wav,1.5,0.707106781,0.98,2
30137044_MinPolqaSfbRecording_cut.wav,2.5,0.707106781,0.98,2
30150617_MinPolqaSfbRecording_cut.wav,1.8,1.303840481,1.142866571,5
30117516_MinPolqaSfbRecording_cut.wav,2.2,1.095445115,0.960199979,5
30255911_MinPolqaSfbRecording_cut.wav,3.4,0.547722558,0.48009999,5
30091510_MinPolqaSfbRecording_cut.wav,3.2,0.447213595,0.392,5
30092630_MinPolqaSfbRecording_cut.wav,2.0,1.224744871,1.073536213,5
30128119_MinPolqaSfbRecording_cut.wav,3.8,0.836660027,0.733364848,5
29539723_MinPolqaSfbRecording_cut.wav,2.2,0.836660027,0.733364848,5
30117781_MinPolqaSfbRecording_cut.wav,2.0,1.224744871,1.073536213,5
30144324_MinPolqaSfbRecording_cut.wav,3.0,0.707106781,0.619806421,5
30095436_MinPolqaSfbRecording_cut.wav,3.8,0.836660027,0.733364848,5
30166941_MinPolqaSfbRecording_cut.wav,3.0,0.0,0.0,5
29543669_MinPolqaSfbRecording_cut.wav,3.0,1.224744871,1.073536213,5
30250849_MinPolqaSfbRecording_cut.wav,1.2,0.447213595,0.392,5
30141689_MinPolqaSfbRecording_cut.wav,4.6,0.547722558,0.48009999,5
30152380_MinPolqaSfbRecording_cut.wav,1.0,0.0,0.0,5
30126397_MinPolqaSfbRecording_cut.wav,3.4,0.547722558,0.48009999,5
30153786_MinPolqaSfbRecording_cut.wav,3.4,1.140175425,0.999407825,5
30176880_MinPolqaSfbRecording_cut.wav,1.6,0.547722558,0.48009999,5
30152029_MinPolqaSfbRecording_cut.wav,1.2,0.447213595,0.392,5
30117468_MinPolqaSfbRecording_cut.wav,2.0,1.414213562,1.96,2
30110269_MinPolqaSfbRecording_cut.wav,3.0,0.0,0.0,2
30208200_MinPolqaSfbRecording_cut.wav,2.5,0.707106781,0.98,2
30072903_MinPolqaSfbRecording_cut.wav,2.5,0.707106781,0.98,2
29537582_MinPolqaSfbRecording_cut.wav,3.0,0.0,0.0,2
30137315_MinPolqaSfbRecording_cut.wav,3.0,0.0,0.0,2
30143121_MinPolqaSfbRecording_cut.wav,3.0,0.0,0.0,2
30085557_MinPolqaSfbRecording_cut.wav,3.5,0.707106781,0.98,2
30257430_MinPolqaSfbRecording_cut.wav,4.0,0.0,0.0,2
29532017_MinPolqaSfbRecording_cut.wav,3.333333333,0.577350269,0.653333333,3
30248816_MinPolqaSfbRecording_cut.wav,4.0,1.0,1.131606528,3
30194006_MinPolqaSfbRecording_cut.wav,3.666666667,0.577350269,0.653333333,3
30092484_MinPolqaSfbRecording_cut.wav,3.666666667,0.577350269,0.653333333,3
30166401_MinPolqaSfbRecording_cut.wav,4.0,0.0,0.0,3
30147047_MinPolqaSfbRecording_cut.wav,4.666666667,0.577350269,0.653333333,3
30184885_MinPolqaSfbRecording_cut.wav,2.333333333,1.154700538,1.306666667,3
30157950_MinPolqaSfbRecording_cut.wav,1.666666667,0.577350269,0.653333333,3
30262215_MinPolqaSfbRecording_cut.wav,2.0,1.0,1.131606528,3
30172093_MinPolqaSfbRecording_cut.wav,3.666666667,0.577350269,0.653333333,3
30184553_MinPolqaSfbRecording_cut.wav,3.333333333,0.577350269,0.653333333,3
30147026_MinPolqaSfbRecording_cut.wav,2.0,1.0,1.131606528,3
29542700_MinPolqaSfbRecording_cut.wav,3.333333333,0.577350269,0.653333333,3
30117824_MinPolqaSfbRecording_cut.wav,3.0,1.0,1.131606528,3
29537020_MinPolqaSfbRecording_cut.wav,3.333333333,0.577350269,0.653333333,3
30199284_MinPolqaSfbRecording_cut.wav,2.333333333,1.154700538,1.306666667,3
30092421_MinPolqaSfbRecording_cut.wav,3.666666667,0.577350269,0.653333333,3
30491560_MinPolqaSfbRecording_cut.wav,2.5,0.577350269,0.565803264,4
30142972_MinPolqaSfbRecording_cut.wav,2.25,0.5,0.49,4
30491348_MinPolqaSfbRecording_cut.wav,2.25,0.5,0.49,4
30513908_MinPolqaSfbRecording_cut.wav,1.75,0.5,0.49,4
30529690_MinPolqaSfbRecording_cut.wav,2.75,0.5,0.49,4
30502318_MinPolqaSfbRecording_cut.wav,3.75,0.957427108,0.938278566,4
30402641_MinPolqaSfbRecording_cut.wav,3.25,0.957427108,0.938278566,4
30503842_MinPolqaSfbRecording_cut.wav,3.25,0.5,0.49,4
30162067_MinPolqaSfbRecording_cut.wav,4.0,0.816496581,0.800166649,4
30124401_MinPolqaSfbRecording_cut.wav,4.333333333,0.577350269,0.653333333,3
30407513_MinPolqaSfbRecording_cut.wav,3.666666667,0.577350269,0.653333333,3
27800884_MinPolqaSfbRecording_cut.wav,4.666666667,0.577350269,0.653333333,3
30097447_MinPolqaSfbRecording_cut.wav,4.666666667,0.577350269,0.653333333,3
30496421_MinPolqaSfbRecording_cut.wav,4.333333333,0.577350269,0.653333333,3
30149854_MinPolqaSfbRecording_cut.wav,4.0,1.0,1.131606528,3
30092849_MinPolqaSfbRecording_cut.wav,4.0,1.0,1.131606528,3
30130214_MinPolqaSfbRecording_cut.wav,4.666666667,0.577350269,0.653333333,3
30145926_MinPolqaSfbRecording_cut.wav,3.333333333,1.154700538,1.306666667,3
30251863_MinPolqaSfbRecording_cut.wav,2.333333333,1.527525232,1.728557523,3
30133842_MinPolqaSfbRecording_cut.wav,3.333333333,0.577350269,0.653333333,3
29532445_MinPolqaSfbRecording_cut.wav,3.666666667,0.577350269,0.653333333,3
28435604_MinPolqaSfbRecording_cut.wav,4.666666667,0.577350269,0.653333333,3
27690651_MinPolqaSfbRecording_cut.wav,4.0,1.0,1.131606528,3
28945955_MinPolqaSfbRecording_cut.wav,3.333333333,1.154700538,1.306666667,3
28442849_MinPolqaSfbRecording_cut.wav,4.666666667,0.577350269,0.653333333,3
30521823_MinPolqaSfbRecording_cut.wav,3.333333333,0.577350269,0.653333333,3
30184352_MinPolqaSfbRecording_cut.wav,3.666666667,0.577350269,0.653333333,3
30159989_MinPolqaSfbRecording_cut.wav,3.25,1.707825128,1.673668625,4
30079203_MinPolqaSfbRecording_cut.wav,2.25,1.5,1.47,4
30211968_MinPolqaSfbRecording_cut.wav,3.75,0.5,0.49,4
30410333_MinPolqaSfbRecording_cut.wav,2.75,1.5,1.47,4
28286103_MinPolqaSfbRecording_cut.wav,4.0,0.0,0.0,4
30068602_MinPolqaSfbRecording_cut.wav,3.0,0.816496581,0.800166649,4
28934927_MinPolqaSfbRecording_cut.wav,3.5,0.577350269,0.565803264,4
30066621_MinPolqaSfbRecording_cut.wav,3.25,0.957427108,0.938278566,4
30522109_MinPolqaSfbRecording_cut.wav,3.0,1.414213562,1.385929291,4
30481896_MinPolqaSfbRecording_cut.wav,3.333333333,1.527525232,1.728557523,3
30166359_MinPolqaSfbRecording_cut.wav,3.333333333,1.527525232,1.728557523,3
30256235_MinPolqaSfbRecording_cut.wav,3.666666667,0.577350269,0.653333333,3
30520653_MinPolqaSfbRecording_cut.wav,3.666666667,1.154700538,1.306666667,3
29537091_MinPolqaSfbRecording_cut.wav,3.333333333,1.154700538,1.306666667,3
30158015_MinPolqaSfbRecording_cut.wav,2.333333333,1.154700538,1.306666667,3
28628238_MinPolqaSfbRecording_cut.wav,4.0,1.0,1.131606528,3
30248929_MinPolqaSfbRecording_cut.wav,3.333333333,0.577350269,0.653333333,3
30201982_MinPolqaSfbRecording_cut.wav,2.666666667,2.081665999,2.355626833,3
30146560_MinPolqaSfbRecording_cut.wav,3.8,0.836660027,0.733364848,5
30066740_MinPolqaSfbRecording_cut.wav,3.0,1.58113883,1.385929291,5
30137955_MinPolqaSfbRecording_cut.wav,3.6,1.140175425,0.999407825,5
30118791_MinPolqaSfbRecording_cut.wav,4.0,1.0,0.876538647,5
30076153_MinPolqaSfbRecording_cut.wav,3.4,0.547722558,0.48009999,5
30211509_MinPolqaSfbRecording_cut.wav,3.4,0.894427191,0.784,5
27910404_MinPolqaSfbRecording_cut.wav,4.25,0.5,0.49,4
30162740_MinPolqaSfbRecording_cut.wav,2.5,0.577350269,0.565803264,4
30173449_MinPolqaSfbRecording_cut.wav,2.0,1.414213562,1.385929291,4
28783387_MinPolqaSfbRecording_cut.wav,3.75,0.5,0.49,4
29539651_MinPolqaSfbRecording_cut.wav,2.75,0.957427108,0.938278566,4
28114710_MinPolqaSfbRecording_cut.wav,4.25,0.5,0.49,4
28689859_MinPolqaSfbRecording_cut.wav,3.75,0.5,0.49,4
28461476_MinPolqaSfbRecording_cut.wav,3.5,0.577350269,0.565803264,4
30512524_MinPolqaSfbRecording_cut.wav,2.333333333,0.577350269,0.653333333,3
30130123_MinPolqaSfbRecording_cut.wav,1.666666667,0.577350269,0.653333333,3
27743902_MinPolqaSfbRecording_cut.wav,3.0,0.0,0.0,3
30483314_MinPolqaSfbRecording_cut.wav,1.333333333,0.577350269,0.653333333,3
30108313_MinPolqaSfbRecording_cut.wav,3.0,0.0,0.0,3
29538741_MinPolqaSfbRecording_cut.wav,2.666666667,0.577350269,0.653333333,3
30443011_MinPolqaSfbRecording_cut.wav,2.666666667,0.577350269,0.653333333,3
28181065_MinPolqaSfbRecording_cut.wav,4.0,0.0,0.0,3
30138534_MinPolqaSfbRecording_cut.wav,3.0,1.0,1.131606528,3
30480237_MinPolqaSfbRecording_cut.wav,2.5,0.577350269,0.565803264,4
28239024_MinPolqaSfbRecording_cut.wav,4.25,0.5,0.49,4
30090535_MinPolqaSfbRecording_cut.wav,1.5,0.577350269,0.565803264,4
30404419_MinPolqaSfbRecording_cut.wav,3.0,0.0,0.0,4
30529470_MinPolqaSfbRecording_cut.wav,1.0,0.0,0.0,4
30255618_MinPolqaSfbRecording_cut.wav,3.0,1.414213562,1.385929291,4
30128714_MinPolqaSfbRecording_cut.wav,3.25,0.5,0.49,4
30062655_MinPolqaSfbRecording_cut.wav,3.25,1.5,1.47,4
30259988_MinPolqaSfbRecording_cut.wav,2.5,0.577350269,0.565803264,4
28058336_MinPolqaSfbRecording_cut.wav,3.75,0.5,0.49,4
30516262_MinPolqaSfbRecording_cut.wav,3.25,0.5,0.49,4
30431159_MinPolqaSfbRecording_cut.wav,2.5,0.577350269,0.565803264,4
30175164_MinPolqaSfbRecording_cut.wav,4.0,0.816496581,0.800166649,4
30431676_MinPolqaSfbRecording_cut.wav,3.0,0.0,0.0,4
30119875_MinPolqaSfbRecording_cut.wav,2.75,0.5,0.49,4
29533123_MinPolqaSfbRecording_cut.wav,3.75,0.957427108,0.938278566,4
30083236_MinPolqaSfbRecording_cut.wav,3.25,1.258305739,1.233139624,4
28510350_MinPolqaSfbRecording_cut.wav,3.75,0.5,0.49,4
30489671_MinPolqaSfbRecording_cut.wav,3.666666667,1.527525232,1.728557523,3
29556520_MinPolqaSfbRecording_cut.wav,1.666666667,0.577350269,0.653333333,3
30112182_MinPolqaSfbRecording_cut.wav,1.333333333,0.577350269,0.653333333,3
30431227_MinPolqaSfbRecording_cut.wav,1.666666667,0.577350269,0.653333333,3
30469557_MinPolqaSfbRecording_cut.wav,1.666666667,0.577350269,0.653333333,3
30212763_MinPolqaSfbRecording_cut.wav,2.666666667,0.577350269,0.653333333,3
30065070_MinPolqaSfbRecording_cut.wav,2.75,0.5,0.49,4
30097206_MinPolqaSfbRecording_cut.wav,4.25,0.957427108,0.938278566,4
30067635_MinPolqaSfbRecording_cut.wav,4.5,0.577350269,0.565803264,4
30093091_MinPolqaSfbRecording_cut.wav,3.75,1.5,1.47,4
28620783_MinPolqaSfbRecording_cut.wav,4.0,0.0,0.0,4
28642014_MinPolqaSfbRecording_cut.wav,4.25,0.5,0.49,4
30151140_MinPolqaSfbRecording_cut.wav,4.0,0.816496581,0.800166649,4
30438992_MinPolqaSfbRecording_cut.wav,3.5,1.0,0.98,4
30161222_MinPolqaSfbRecording_cut.wav,1.5,0.707106781,0.98,2
29541921_MinPolqaSfbRecording_cut.wav,3.0,0.0,0.0,2
30091833_MinPolqaSfbRecording_cut.wav,4.0,0.0,0.0,2
30490403_MinPolqaSfbRecording_cut.wav,2.0,1.414213562,1.96,2
27519393_MinPolqaSfbRecording_cut.wav,3.5,0.707106781,0.98,2
30141966_MinPolqaSfbRecording_cut.wav,3.0,0.0,0.0,2
30156256_MinPolqaSfbRecording_cut.wav,2.0,1.414213562,1.96,2
28991510_MinPolqaSfbRecording_cut.wav,4.5,0.707106781,0.98,2
30066763_MinPolqaSfbRecording_cut.wav,2.0,,,1
30128641_MinPolqaSfbRecording_cut.wav,3.0,,,1
28491903_MinPolqaSfbRecording_cut.wav,3.0,,,1
27806651_MinPolqaSfbRecording_cut.wav,3.0,,,1
30081889_MinPolqaSfbRecording_cut.wav,3.0,,,1
30443845_MinPolqaSfbRecording_cut.wav,1.0,,,1
30105991_MinPolqaSfbRecording_cut.wav,3.0,,,1
28477625_MinPolqaSfbRecording_cut.wav,4.0,,,1
30154738_MinPolqaSfbRecording_cut.wav,3.25,1.258305739,1.233139624,4
30486931_MinPolqaSfbRecording_cut.wav,2.75,0.957427108,0.938278566,4
30121839_MinPolqaSfbRecording_cut.wav,3.75,0.5,0.49,4
27984886_MinPolqaSfbRecording_cut.wav,3.25,0.957427108,0.938278566,4
30135670_MinPolqaSfbRecording_cut.wav,3.0,0.816496581,0.800166649,4
30192380_MinPolqaSfbRecording_cut.wav,2.75,0.957427108,0.938278566,4
30463101_MinPolqaSfbRecording_cut.wav,2.5,1.290994449,1.26517456,4
30193939_MinPolqaSfbRecording_cut.wav,3.5,1.290994449,1.26517456,4
30086343_MinPolqaSfbRecording_cut.wav,3.25,0.957427108,0.938278566,4
30257787_MinPolqaSfbRecording_cut.wav,2.0,0.816496581,0.800166649,4
30402629_MinPolqaSfbRecording_cut.wav,2.0,0.816496581,0.800166649,4
30118170_MinPolqaSfbRecording_cut.wav,3.0,0.816496581,0.800166649,4
30072959_MinPolqaSfbRecording_cut.wav,2.0,0.816496581,0.800166649,4
30139207_MinPolqaSfbRecording_cut.wav,2.25,0.5,0.49,4
30510365_MinPolqaSfbRecording_cut.wav,3.0,0.816496581,0.800166649,4
28178630_MinPolqaSfbRecording_cut.wav,4.0,0.0,0.0,4
30485880_MinPolqaSfbRecording_cut.wav,3.75,1.258305739,1.233139624,4
30119871_MinPolqaSfbRecording_cut.wav,2.75,1.258305739,1.233139624,4
30254284_MinPolqaSfbRecording_cut.wav,3.25,1.258305739,1.233139624,4
30477894_MinPolqaSfbRecording_cut.wav,3.5,0.577350269,0.565803264,4
30511727_MinPolqaSfbRecording_cut.wav,3.5,1.0,0.98,4
30485367_MinPolqaSfbRecording_cut.wav,4.0,0.816496581,0.800166649,4
28871486_MinPolqaSfbRecording_cut.wav,4.25,0.5,0.49,4
30512993_MinPolqaSfbRecording_cut.wav,4.25,0.5,0.49,4
30138926_MinPolqaSfbRecording_cut.wav,3.25,0.5,0.49,4
28360754_MinPolqaSfbRecording_cut.wav,3.75,0.5,0.49,4
28228015_MinPolqaSfbRecording_cut.wav,3.666666667,0.577350269,0.653333333,3
30429641_MinPolqaSfbRecording_cut.wav,2.333333333,0.577350269,0.653333333,3
30095937_MinPolqaSfbRecording_cut.wav,3.666666667,1.154700538,1.306666667,3
30109734_MinPolqaSfbRecording_cut.wav,3.333333333,0.577350269,0.653333333,3
30133210_MinPolqaSfbRecording_cut.wav,1.333333333,0.577350269,0.653333333,3
30456453_MinPolqaSfbRecording_cut.wav,2.333333333,1.154700538,1.306666667,3
30166479_MinPolqaSfbRecording_cut.wav,3.0,0.0,0.0,3
30087551_MinPolqaSfbRecording_cut.wav,1.0,0.0,0.0,3
28333543_MinPolqaSfbRecording_cut.wav,3.333333333,0.577350269,0.653333333,3
29544616_MinPolqaSfbRecording_cut.wav,3.333333333,0.577350269,0.653333333,3
30180022_MinPolqaSfbRecording_cut.wav,4.0,0.0,0.0,3
30193300_MinPolqaSfbRecording_cut.wav,4.0,0.0,0.0,3
30400484_MinPolqaSfbRecording_cut.wav,3.0,0.0,0.0,3
30136665_MinPolqaSfbRecording_cut.wav,2.666666667,0.577350269,0.653333333,3
27857461_MinPolqaSfbRecording_cut.wav,4.0,0.0,0.0,3
30449652_MinPolqaSfbRecording_cut.wav,3.333333333,1.154700538,1.306666667,3
30404834_MinPolqaSfbRecording_cut.wav,4.0,0.0,0.0,3
30530218_MinPolqaSfbRecording_cut.wav,2.0,0.0,0.0,3
30163604_MinPolqaSfbRecording_cut.wav,2.333333333,0.577350269,0.653333333,3
30455783_MinPolqaSfbRecording_cut.wav,2.0,0.0,0.0,3
29535306_MinPolqaSfbRecording_cut.wav,2.666666667,0.577350269,0.653333333,3
30461301_MinPolqaSfbRecording_cut.wav,2.333333333,0.577350269,0.653333333,3
30478555_MinPolqaSfbRecording_cut.wav,2.666666667,0.577350269,0.653333333,3
30406708_MinPolqaSfbRecording_cut.wav,2.0,0.0,0.0,3
27691803_MinPolqaSfbRecording_cut.wav,3.333333333,0.577350269,0.653333333,3
30527852_MinPolqaSfbRecording_cut.wav,4.0,1.224744871,1.073536213,5
30451361_MinPolqaSfbRecording_cut.wav,3.6,0.894427191,0.784,5
30504759_MinPolqaSfbRecording_cut.wav,3.8,0.836660027,0.733364848,5
28044872_MinPolqaSfbRecording_cut.wav,3.2,1.095445115,0.960199979,5
30084904_MinPolqaSfbRecording_cut.wav,4.0,1.224744871,1.073536213,5
30060067_MinPolqaSfbRecording_cut.wav,4.0,0.707106781,0.619806421,5
29056661_MinPolqaSfbRecording_cut.wav,3.8,0.447213595,0.392,5
30098895_MinPolqaSfbRecording_cut.wav,4.0,0.707106781,0.619806421,5
30163238_MinPolqaSfbRecording_cut.wav,3.0,1.414213562,1.239612843,5
28234243_MinPolqaSfbRecording_cut.wav,3.6,0.547722558,0.48009999,5
30077958_MinPolqaSfbRecording_cut.wav,2.4,1.516575089,1.329336677,5
30430182_MinPolqaSfbRecording_cut.wav,2.0,0.707106781,0.619806421,5
30405407_MinPolqaSfbRecording_cut.wav,3.0,1.58113883,1.385929291,5
30425290_MinPolqaSfbRecording_cut.wav,1.4,0.547722558,0.48009999,5
30474555_MinPolqaSfbRecording_cut.wav,4.25,0.957427108,0.938278566,4
29539654_MinPolqaSfbRecording_cut.wav,3.0,1.414213562,1.385929291,4
27949998_MinPolqaSfbRecording_cut.wav,4.75,0.5,0.49,4
30485800_MinPolqaSfbRecording_cut.wav,3.25,1.258305739,1.233139624,4
27632720_MinPolqaSfbRecording_cut.wav,4.25,0.957427108,0.938278566,4
30251699_MinPolqaSfbRecording_cut.wav,3.25,0.957427108,0.938278566,4
29531330_MinPolqaSfbRecording_cut.wav,3.25,0.957427108,0.938278566,4
28619432_MinPolqaSfbRecording_cut.wav,4.25,0.5,0.49,4
30109870_MinPolqaSfbRecording_cut.wav,3.5,1.290994449,1.26517456,4
29543847_MinPolqaSfbRecording_cut.wav,2.4,1.140175425,0.999407825,5
28994949_MinPolqaSfbRecording_cut.wav,4.4,0.547722558,0.48009999,5
30193283_MinPolqaSfbRecording_cut.wav,2.0,1.0,0.876538647,5
30156314_MinPolqaSfbRecording_cut.wav,2.2,1.095445115,0.960199979,5
30522103_MinPolqaSfbRecording_cut.wav,2.8,0.447213595,0.392,5
27837520_MinPolqaSfbRecording_cut.wav,1.2,0.447213595,0.392,5
30146141_MinPolqaSfbRecording_cut.wav,3.2,0.836660027,0.733364848,5
30064946_MinPolqaSfbRecording_cut.wav,3.6,0.894427191,0.784,5
30075810_MinPolqaSfbRecording_cut.wav,3.8,0.447213595,0.392,5
30078596_MinPolqaSfbRecording_cut.wav,3.6,0.894427191,0.784,5
30076978_MinPolqaSfbRecording_cut.wav,3.0,1.224744871,1.073536213,5
30177630_MinPolqaSfbRecording_cut.wav,3.8,1.095445115,0.960199979,5
30522153_MinPolqaSfbRecording_cut.wav,3.8,0.447213595,0.392,5
30500858_MinPolqaSfbRecording_cut.wav,4.0,0.707106781,0.619806421,5
30113489_MinPolqaSfbRecording_cut.wav,3.6,1.140175425,0.999407825,5
30412097_MinPolqaSfbRecording_cut.wav,2.0,1.0,0.876538647,5
30084558_MinPolqaSfbRecording_cut.wav,2.333333333,0.577350269,0.653333333,3
30212510_MinPolqaSfbRecording_cut.wav,3.666666667,0.577350269,0.653333333,3
30210607_MinPolqaSfbRecording_cut.wav,3.0,1.0,1.131606528,3
30478226_MinPolqaSfbRecording_cut.wav,4.0,1.0,1.131606528,3
30141136_MinPolqaSfbRecording_cut.wav,3.333333333,1.154700538,1.306666667,3
30249833_MinPolqaSfbRecording_cut.wav,4.0,0.0,0.0,3
30455463_MinPolqaSfbRecording_cut.wav,3.666666667,1.154700538,1.306666667,3
30177331_MinPolqaSfbRecording_cut.wav,3.0,1.732050808,1.96,3
30129797_MinPolqaSfbRecording_cut.wav,2.0,0.0,0.0,5
27647155_MinPolqaSfbRecording_cut.wav,3.4,0.547722558,0.48009999,5
30110300_MinPolqaSfbRecording_cut.wav,2.8,0.447213595,0.392,5
30423831_MinPolqaSfbRecording_cut.wav,3.8,1.095445115,0.960199979,5
30255633_MinPolqaSfbRecording_cut.wav,3.2,0.447213595,0.392,5
30401609_MinPolqaSfbRecording_cut.wav,3.0,1.224744871,1.073536213,5
30159363_MinPolqaSfbRecording_cut.wav,3.6,0.894427191,0.784,5
30201270_MinPolqaSfbRecording_cut.wav,3.0,1.0,0.876538647,5
27942253_MinPolqaSfbRecording_cut.wav,3.25,1.258305739,1.233139624,4
30474004_MinPolqaSfbRecording_cut.wav,2.5,0.577350269,0.565803264,4
30136471_MinPolqaSfbRecording_cut.wav,2.5,0.577350269,0.565803264,4
30404445_MinPolqaSfbRecording_cut.wav,3.5,1.732050808,1.697409791,4
28636820_MinPolqaSfbRecording_cut.wav,3.5,0.577350269,0.565803264,4
30473068_MinPolqaSfbRecording_cut.wav,2.75,1.5,1.47,4
29542117_MinPolqaSfbRecording_cut.wav,4.25,0.957427108,0.938278566,4
27602063_MinPolqaSfbRecording_cut.wav,4.0,0.816496581,0.800166649,4
30249653_MinPolqaSfbRecording_cut.wav,2.25,0.5,0.49,4
30144230_MinPolqaSfbRecording_cut.wav,2.0,0.816496581,0.800166649,4
30162427_MinPolqaSfbRecording_cut.wav,1.75,0.957427108,0.938278566,4
28619148_MinPolqaSfbRecording_cut.wav,3.75,0.957427108,0.938278566,4
30444680_MinPolqaSfbRecording_cut.wav,2.5,0.577350269,0.565803264,4
29529331_MinPolqaSfbRecording_cut.wav,3.5,0.577350269,0.565803264,4
30455580_MinPolqaSfbRecording_cut.wav,3.2,0.836660027,0.733364848,5
30136175_MinPolqaSfbRecording_cut.wav,3.2,0.836660027,0.733364848,5
30106157_MinPolqaSfbRecording_cut.wav,2.8,0.447213595,0.392,5
30490681_MinPolqaSfbRecording_cut.wav,1.0,0.0,0.0,5
30511358_MinPolqaSfbRecording_cut.wav,1.8,0.447213595,0.392,5
30133586_MinPolqaSfbRecording_cut.wav,2.8,0.836660027,0.733364848,5
30466882_MinPolqaSfbRecording_cut.wav,2.8,0.836660027,0.733364848,5
30260543_MinPolqaSfbRecording_cut.wav,3.2,0.836660027,0.733364848,5
29556395_MinPolqaSfbRecording_cut.wav,2.8,0.836660027,0.733364848,5
28841566_MinPolqaSfbRecording_cut.wav,3.0,1.154700538,1.131606528,4
28207468_MinPolqaSfbRecording_cut.wav,3.25,0.5,0.49,4
29015931_MinPolqaSfbRecording_cut.wav,3.25,0.5,0.49,4
28485762_MinPolqaSfbRecording_cut.wav,3.0,0.816496581,0.800166649,4
28686020_MinPolqaSfbRecording_cut.wav,3.25,0.5,0.49,4
30140978_MinPolqaSfbRecording_cut.wav,3.0,0.816496581,0.800166649,4
30090438_MinPolqaSfbRecording_cut.wav,2.25,0.5,0.49,4
28657318_MinPolqaSfbRecording_cut.wav,3.75,0.5,0.49,4
30210009_MinPolqaSfbRecording_cut.wav,2.75,0.957427108,0.938278566,4
27882441_MinPolqaSfbRecording_cut.wav,3.25,0.5,0.49,4
30411423_MinPolqaSfbRecording_cut.wav,4.0,1.0,1.131606528,3
30103283_MinPolqaSfbRecording_cut.wav,3.666666667,0.577350269,0.653333333,3
30069017_MinPolqaSfbRecording_cut.wav,4.0,1.0,1.131606528,3
30060383_MinPolqaSfbRecording_cut.wav,4.333333333,0.577350269,0.653333333,3
30405987_MinPolqaSfbRecording_cut.wav,4.666666667,0.577350269,0.653333333,3
30437355_MinPolqaSfbRecording_cut.wav,4.333333333,1.154700538,1.306666667,3
30463918_MinPolqaSfbRecording_cut.wav,4.0,1.0,1.131606528,3
28766688_MinPolqaSfbRecording_cut.wav,4.5,0.577350269,0.565803264,4
28470181_MinPolqaSfbRecording_cut.wav,4.0,0.816496581,0.800166649,4
30146918_MinPolqaSfbRecording_cut.wav,4.25,0.5,0.49,4
28945990_MinPolqaSfbRecording_cut.wav,3.75,0.5,0.49,4
30058677_MinPolqaSfbRecording_cut.wav,3.75,0.5,0.49,4
30515646_MinPolqaSfbRecording_cut.wav,3.25,1.5,1.47,4
30248627_MinPolqaSfbRecording_cut.wav,4.5,0.577350269,0.565803264,4
30065357_MinPolqaSfbRecording_cut.wav,4.0,0.816496581,0.800166649,4
30199973_MinPolqaSfbRecording_cut.wav,3.5,0.577350269,0.565803264,4
30510927_MinPolqaSfbRecording_cut.wav,3.75,0.5,0.49,4
30207232_MinPolqaSfbRecording_cut.wav,3.5,0.577350269,0.565803264,4
30155363_MinPolqaSfbRecording_cut.wav,2.75,0.957427108,0.938278566,4
30064349_MinPolqaSfbRecording_cut.wav,3.5,1.0,0.98,4
30454650_MinPolqaSfbRecording_cut.wav,2.75,0.957427108,0.938278566,4
30259910_MinPolqaSfbRecording_cut.wav,2.5,1.0,0.98,4
30065281_MinPolqaSfbRecording_cut.wav,4.0,0.816496581,0.800166649,4
30113339_MinPolqaSfbRecording_cut.wav,3.5,0.577350269,0.565803264,4
30087666_MinPolqaSfbRecording_cut.wav,2.25,1.892969449,1.85511006,4
30250405_MinPolqaSfbRecording_cut.wav,2.333333333,0.577350269,0.653333333,3
30518745_MinPolqaSfbRecording_cut.wav,1.666666667,0.577350269,0.653333333,3
30138755_MinPolqaSfbRecording_cut.wav,3.333333333,1.154700538,1.306666667,3
27852639_MinPolqaSfbRecording_cut.wav,4.0,1.0,1.131606528,3
30415610_MinPolqaSfbRecording_cut.wav,4.666666667,0.577350269,0.653333333,3
30452346_MinPolqaSfbRecording_cut.wav,3.333333333,0.577350269,0.653333333,3
30247716_MinPolqaSfbRecording_cut.wav,3.0,1.0,1.131606528,3
28688130_MinPolqaSfbRecording_cut.wav,4.333333333,1.154700538,1.306666667,3
27759971_MinPolqaSfbRecording_cut.wav,3.75,1.258305739,1.233139624,4
27773428_MinPolqaSfbRecording_cut.wav,4.0,0.816496581,0.800166649,4
30062374_MinPolqaSfbRecording_cut.wav,3.75,0.957427108,0.938278566,4
30133011_MinPolqaSfbRecording_cut.wav,4.5,0.577350269,0.565803264,4
30508126_MinPolqaSfbRecording_cut.wav,3.75,0.5,0.49,4
30166041_MinPolqaSfbRecording_cut.wav,3.25,0.5,0.49,4
30144333_MinPolqaSfbRecording_cut.wav,3.25,0.957427108,0.938278566,4
29529625_MinPolqaSfbRecording_cut.wav,3.25,0.957427108,0.938278566,4
30503844_MinPolqaSfbRecording_cut.wav,3.75,1.5,1.47,4
30463005_MinPolqaSfbRecording_cut.wav,2.333333333,1.527525232,1.728557523,3
30463792_MinPolqaSfbRecording_cut.wav,3.0,2.0,2.263213055,3
30466977_MinPolqaSfbRecording_cut.wav,2.0,1.732050808,1.96,3
30434064_MinPolqaSfbRecording_cut.wav,3.333333333,2.081665999,2.355626833,3
30098262_MinPolqaSfbRecording_cut.wav,3.333333333,1.527525232,1.728557523,3
27623573_MinPolqaSfbRecording_cut.wav,3.666666667,1.154700538,1.306666667,3
30121809_MinPolqaSfbRecording_cut.wav,2.333333333,1.527525232,1.728557523,3
30129089_MinPolqaSfbRecording_cut.wav,2.666666667,2.081665999,2.355626833,3
30209314_MinPolqaSfbRecording_cut.wav,2.8,2.049390153,1.796369672,5
30199476_MinPolqaSfbRecording_cut.wav,2.0,1.224744871,1.073536213,5
30213954_MinPolqaSfbRecording_cut.wav,2.2,1.643167673,1.440299969,5
30193893_MinPolqaSfbRecording_cut.wav,3.4,0.894427191,0.784,5
30404271_MinPolqaSfbRecording_cut.wav,2.4,0.547722558,0.48009999,5
30468974_MinPolqaSfbRecording_cut.wav,1.6,0.894427191,0.784,5
28772917_MinPolqaSfbRecording_cut.wav,4.4,0.547722558,0.48009999,5
30440209_MinPolqaSfbRecording_cut.wav,2.4,0.894427191,0.784,5
30438496_MinPolqaSfbRecording_cut.wav,2.75,1.258305739,1.233139624,4
30093063_MinPolqaSfbRecording_cut.wav,3.25,0.957427108,0.938278566,4
30211479_MinPolqaSfbRecording_cut.wav,3.5,1.290994449,1.26517456,4
30208370_MinPolqaSfbRecording_cut.wav,3.0,0.816496581,0.800166649,4
30159413_MinPolqaSfbRecording_cut.wav,2.5,0.577350269,0.565803264,4
30183672_MinPolqaSfbRecording_cut.wav,3.0,0.816496581,0.800166649,4
30133598_MinPolqaSfbRecording_cut.wav,3.25,1.258305739,1.233139624,4
30189463_MinPolqaSfbRecording_cut.wav,4.0,0.816496581,0.800166649,4
30440020_MinPolqaSfbRecording_cut.wav,3.5,0.577350269,0.565803264,4
30183033_MinPolqaSfbRecording_cut.wav,3.0,0.0,0.0,2
30249530_MinPolqaSfbRecording_cut.wav,3.5,0.707106781,0.98,2
30464534_MinPolqaSfbRecording_cut.wav,3.0,0.0,0.0,2
30062580_MinPolqaSfbRecording_cut.wav,3.5,0.707106781,0.98,2
30145196_MinPolqaSfbRecording_cut.wav,4.0,0.0,0.0,2
30059967_MinPolqaSfbRecording_cut.wav,3.0,0.0,0.0,2
27900605_MinPolqaSfbRecording_cut.wav,4.5,0.707106781,0.98,2
30422867_MinPolqaSfbRecording_cut.wav,3.5,0.707106781,0.98,2
30421237_MinPolqaSfbRecording_cut.wav,3.5,0.707106781,0.98,2
30147288_MinPolqaSfbRecording_cut.wav,4.0,1.0,1.131606528,3
30491108_MinPolqaSfbRecording_cut.wav,4.333333333,1.154700538,1.306666667,3
30137301_MinPolqaSfbRecording_cut.wav,4.0,1.0,1.131606528,3
28776932_MinPolqaSfbRecording_cut.wav,3.666666667,0.577350269,0.653333333,3
30069518_MinPolqaSfbRecording_cut.wav,3.0,1.732050808,1.96,3
30467967_MinPolqaSfbRecording_cut.wav,4.0,0.0,0.0,3
30161182_MinPolqaSfbRecording_cut.wav,3.333333333,2.081665999,2.355626833,3
30250813_MinPolqaSfbRecording_cut.wav,3.666666667,1.154700538,1.306666667,3
30161562_MinPolqaSfbRecording_cut.wav,2.666666667,1.154700538,1.306666667,3
30163824_MinPolqaSfbRecording_cut.wav,3.666666667,1.527525232,1.728557523,3
30200299_MinPolqaSfbRecording_cut.wav,4.0,0.816496581,0.800166649,4
30137584_MinPolqaSfbRecording_cut.wav,3.75,0.957427108,0.938278566,4
30445585_MinPolqaSfbRecording_cut.wav,3.25,0.957427108,0.938278566,4
30409976_MinPolqaSfbRecording_cut.wav,3.25,0.957427108,0.938278566,4
30128738_MinPolqaSfbRecording_cut.wav,4.0,0.816496581,0.800166649,4
30260876_MinPolqaSfbRecording_cut.wav,3.75,1.258305739,1.233139624,4
30129795_MinPolqaSfbRecording_cut.wav,3.75,0.957427108,0.938278566,4
30171431_MinPolqaSfbRecording_cut.wav,3.25,1.5,1.47,4
30095578_MinPolqaSfbRecording_cut.wav,4.25,0.957427108,0.938278566,4
30103420_MinPolqaSfbRecording_cut.wav,4.25,0.5,0.49,4
30065783_MinPolqaSfbRecording_cut.wav,3.5,0.577350269,0.565803264,4
27929684_MinPolqaSfbRecording_cut.wav,4.25,0.957427108,0.938278566,4
30148036_MinPolqaSfbRecording_cut.wav,3.75,1.5,1.47,4
30207609_MinPolqaSfbRecording_cut.wav,3.5,1.290994449,1.26517456,4
30485309_MinPolqaSfbRecording_cut.wav,4.25,0.957427108,0.938278566,4
30515762_MinPolqaSfbRecording_cut.wav,3.25,0.957427108,0.938278566,4
30479583_MinPolqaSfbRecording_cut.wav,2.75,0.957427108,0.938278566,4
28358300_MinPolqaSfbRecording_cut.wav,3.25,0.5,0.49,4
27901815_MinPolqaSfbRecording_cut.wav,3.5,1.290994449,1.26517456,4
30411357_MinPolqaSfbRecording_cut.wav,2.25,0.5,0.49,4
30155255_MinPolqaSfbRecording_cut.wav,4.0,0.0,0.0,4
30059313_MinPolqaSfbRecording_cut.wav,3.25,0.957427108,0.938278566,4
30207807_MinPolqaSfbRecording_cut.wav,2.25,0.957427108,0.938278566,4
30258306_MinPolqaSfbRecording_cut.wav,4.0,0.816496581,0.800166649,4
30122174_MinPolqaSfbRecording_cut.wav,2.666666667,0.577350269,0.653333333,3
30093334_MinPolqaSfbRecording_cut.wav,3.0,0.0,0.0,3
30086692_MinPolqaSfbRecording_cut.wav,2.0,0.0,0.0,3
28022225_MinPolqaSfbRecording_cut.wav,4.0,0.0,0.0,3
30405439_MinPolqaSfbRecording_cut.wav,4.333333333,1.154700538,1.306666667,3
28027137_MinPolqaSfbRecording_cut.wav,3.0,0.0,0.0,3
28721386_MinPolqaSfbRecording_cut.wav,4.333333333,1.154700538,1.306666667,3
30063180_MinPolqaSfbRecording_cut.wav,1.666666667,0.577350269,0.653333333,3
30507684_MinPolqaSfbRecording_cut.wav,2.666666667,0.577350269,0.653333333,3
30082172_MinPolqaSfbRecording_cut.wav,3.75,1.258305739,1.233139624,4
30138820_MinPolqaSfbRecording_cut.wav,3.0,0.816496581,0.800166649,4
30428037_MinPolqaSfbRecording_cut.wav,3.5,1.290994449,1.26517456,4
28781524_MinPolqaSfbRecording_cut.wav,4.25,0.5,0.49,4
30515720_MinPolqaSfbRecording_cut.wav,3.5,0.577350269,0.565803264,4
30118269_MinPolqaSfbRecording_cut.wav,3.5,0.577350269,0.565803264,4
30442743_MinPolqaSfbRecording_cut.wav,3.5,1.290994449,1.26517456,4
29066847_MinPolqaSfbRecording_cut.wav,3.5,0.577350269,0.565803264,4
30111620_MinPolqaSfbRecording_cut.wav,4.25,0.5,0.49,4
30070214_MinPolqaSfbRecording_cut.wav,4.0,0.816496581,0.800166649,4
30104321_MinPolqaSfbRecording_cut.wav,4.0,0.816496581,0.800166649,4
29531037_MinPolqaSfbRecording_cut.wav,4.5,0.577350269,0.565803264,4
30428563_MinPolqaSfbRecording_cut.wav,1.75,1.5,1.47,4
30263887_MinPolqaSfbRecording_cut.wav,4.5,0.577350269,0.565803264,4
30080280_MinPolqaSfbRecording_cut.wav,4.0,0.816496581,0.800166649,4
30066948_MinPolqaSfbRecording_cut.wav,4.25,0.5,0.49,4
28321404_MinPolqaSfbRecording_cut.wav,4.75,0.5,0.49,4
30439052_MinPolqaSfbRecording_cut.wav,2.75,0.957427108,0.938278566,4
27680337_MinPolqaSfbRecording_cut.wav,4.0,0.816496581,0.800166649,4
30101136_MinPolqaSfbRecording_cut.wav,3.75,1.258305739,1.233139624,4
30091349_MinPolqaSfbRecording_cut.wav,3.5,0.577350269,0.565803264,4
30170876_MinPolqaSfbRecording_cut.wav,1.5,1.0,0.98,4
28923587_MinPolqaSfbRecording_cut.wav,3.75,0.5,0.49,4
30519263_MinPolqaSfbRecording_cut.wav,2.75,1.5,1.47,4
30256807_MinPolqaSfbRecording_cut.wav,3.25,1.707825128,1.673668625,4
30065710_MinPolqaSfbRecording_cut.wav,3.75,1.258305739,1.233139624,4
28001570_MinPolqaSfbRecording_cut.wav,4.0,0.707106781,0.619806421,5
28880126_MinPolqaSfbRecording_cut.wav,4.2,0.447213595,0.392,5
30248990_MinPolqaSfbRecording_cut.wav,3.6,0.894427191,0.784,5
30452103_MinPolqaSfbRecording_cut.wav,3.0,1.0,0.876538647,5
30425340_MinPolqaSfbRecording_cut.wav,3.4,0.894427191,0.784,5
30141625_MinPolqaSfbRecording_cut.wav,3.8,0.447213595,0.392,5
30158106_MinPolqaSfbRecording_cut.wav,3.4,0.894427191,0.784,5
29539390_MinPolqaSfbRecording_cut.wav,3.4,1.140175425,0.999407825,5
30478691_MinPolqaSfbRecording_cut.wav,3.5,0.577350269,0.565803264,4
30156389_MinPolqaSfbRecording_cut.wav,3.25,0.957427108,0.938278566,4
28941807_MinPolqaSfbRecording_cut.wav,4.5,0.577350269,0.565803264,4
30078238_MinPolqaSfbRecording_cut.wav,2.5,1.0,0.98,4
30138499_MinPolqaSfbRecording_cut.wav,3.0,0.816496581,0.800166649,4
30508192_MinPolqaSfbRecording_cut.wav,3.0,1.414213562,1.385929291,4
28429353_MinPolqaSfbRecording_cut.wav,3.5,1.0,0.98,4
30474820_MinPolqaSfbRecording_cut.wav,2.5,1.0,0.98,4
29543395_MinPolqaSfbRecording_cut.wav,3.0,0.816496581,0.800166649,4
30176761_MinPolqaSfbRecording_cut.wav,3.0,0.816496581,0.800166649,4
30140670_MinPolqaSfbRecording_cut.wav,3.5,0.577350269,0.565803264,4
30261946_MinPolqaSfbRecording_cut.wav,5.0,0.0,0.0,4
30452987_MinPolqaSfbRecording_cut.wav,2.75,0.957427108,0.938278566,4
30210603_MinPolqaSfbRecording_cut.wav,3.25,1.258305739,1.233139624,4
29542898_MinPolqaSfbRecording_cut.wav,2.75,0.957427108,0.938278566,4
28497615_MinPolqaSfbRecording_cut.wav,4.25,0.5,0.49,4
28349897_MinPolqaSfbRecording_cut.wav,3.0,0.816496581,0.800166649,4
30082977_MinPolqaSfbRecording_cut.wav,2.25,1.258305739,1.233139624,4
30469077_MinPolqaSfbRecording_cut.wav,3.5,0.577350269,0.565803264,4
30092701_MinPolqaSfbRecording_cut.wav,1.6,0.894427191,0.784,5
30180321_MinPolqaSfbRecording_cut.wav,3.6,0.894427191,0.784,5
30171193_MinPolqaSfbRecording_cut.wav,3.2,0.836660027,0.733364848,5
30069847_MinPolqaSfbRecording_cut.wav,3.8,0.447213595,0.392,5
29537099_MinPolqaSfbRecording_cut.wav,3.4,0.894427191,0.784,5
30149806_MinPolqaSfbRecording_cut.wav,3.4,0.894427191,0.784,5
27779011_MinPolqaSfbRecording_cut.wav,4.4,0.547722558,0.48009999,5
30182491_MinPolqaSfbRecording_cut.wav,1.4,0.894427191,0.784,5
30523922_MinPolqaSfbRecording_cut.wav,2.6,0.894427191,0.784,5
30507539_MinPolqaSfbRecording_cut.wav,2.4,1.140175425,0.999407825,5
30430387_MinPolqaSfbRecording_cut.wav,2.6,1.140175425,0.999407825,5
30529973_MinPolqaSfbRecording_cut.wav,3.4,1.140175425,0.999407825,5
30065846_MinPolqaSfbRecording_cut.wav,3.8,0.447213595,0.392,5
30132792_MinPolqaSfbRecording_cut.wav,3.6,0.547722558,0.48009999,5
30416293_MinPolqaSfbRecording_cut.wav,2.8,1.095445115,0.960199979,5
30528085_MinPolqaSfbRecording_cut.wav,3.6,0.894427191,0.784,5
30186132_MinPolqaSfbRecording_cut.wav,3.4,0.894427191,0.784,5
30132184_MinPolqaSfbRecording_cut.wav,2.8,1.643167673,1.440299969,5
30127376_MinPolqaSfbRecording_cut.wav,2.6,0.894427191,0.784,5
30091604_MinPolqaSfbRecording_cut.wav,2.4,0.894427191,0.784,5
30152529_MinPolqaSfbRecording_cut.wav,1.8,0.836660027,0.733364848,5
30119796_MinPolqaSfbRecording_cut.wav,3.0,1.224744871,1.073536213,5
29542521_MinPolqaSfbRecording_cut.wav,1.4,0.547722558,0.48009999,5
30260982_MinPolqaSfbRecording_cut.wav,3.4,1.140175425,0.999407825,5
30447083_MinPolqaSfbRecording_cut.wav,1.6,0.547722558,0.48009999,5
30109786_MinPolqaSfbRecording_cut.wav,3.6,0.547722558,0.48009999,5
30524009_MinPolqaSfbRecording_cut.wav,3.4,1.341640786,1.176,5
30118223_MinPolqaSfbRecording_cut.wav,3.6,0.547722558,0.48009999,5
30422525_MinPolqaSfbRecording_cut.wav,3.6,0.894427191,0.784,5
30184972_MinPolqaSfbRecording_cut.wav,3.6,0.547722558,0.48009999,5
30209482_MinPolqaSfbRecording_cut.wav,3.2,1.483239697,1.300116918,5
30120870_MinPolqaSfbRecording_cut.wav,4.0,0.0,0.0,5
28515380_MinPolqaSfbRecording_cut.wav,3.6,0.547722558,0.48009999,5
30156431_MinPolqaSfbRecording_cut.wav,3.6,0.547722558,0.48009999,5
30136749_MinPolqaSfbRecording_cut.wav,3.2,0.836660027,0.733364848,5
30207126_MinPolqaSfbRecording_cut.wav,3.25,0.957427108,0.938278566,4
30429084_MinPolqaSfbRecording_cut.wav,2.5,1.914854216,1.876557131,4
28866364_MinPolqaSfbRecording_cut.wav,4.0,0.0,0.0,4
28022575_MinPolqaSfbRecording_cut.wav,3.75,0.5,0.49,4
30136211_MinPolqaSfbRecording_cut.wav,3.75,0.5,0.49,4
30123673_MinPolqaSfbRecording_cut.wav,2.25,1.5,1.47,4
30466619_MinPolqaSfbRecording_cut.wav,2.75,1.258305739,1.233139624,4
30503219_MinPolqaSfbRecording_cut.wav,2.5,1.290994449,1.26517456,4
30145460_MinPolqaSfbRecording_cut.wav,4.0,0.816496581,0.800166649,4
30194694_MinPolqaSfbRecording_cut.wav,2.5,1.290994449,1.26517456,4
27579251_MinPolqaSfbRecording_cut.wav,4.2,0.836660027,0.733364848,5
28913872_MinPolqaSfbRecording_cut.wav,3.6,0.547722558,0.48009999,5
28779190_MinPolqaSfbRecording_cut.wav,4.0,1.224744871,1.073536213,5
30067202_MinPolqaSfbRecording_cut.wav,3.2,1.788854382,1.568,5
30523983_MinPolqaSfbRecording_cut.wav,3.6,0.894427191,0.784,5
27959115_MinPolqaSfbRecording_cut.wav,3.6,1.341640786,1.176,5
30195039_MinPolqaSfbRecording_cut.wav,4.0,1.224744871,1.073536213,5
30461940_MinPolqaSfbRecording_cut.wav,2.2,1.643167673,1.440299969,5
30162842_MinPolqaSfbRecording_cut.wav,2.2,1.643167673,1.440299969,5
28878122_MinPolqaSfbRecording_cut.wav,3.8,0.836660027,0.733364848,5
30065010_MinPolqaSfbRecording_cut.wav,2.5,1.0,0.98,4
30117128_MinPolqaSfbRecording_cut.wav,3.25,0.957427108,0.938278566,4
30252873_MinPolqaSfbRecording_cut.wav,3.75,0.957427108,0.938278566,4
30401125_MinPolqaSfbRecording_cut.wav,3.0,0.816496581,0.800166649,4
30210923_MinPolqaSfbRecording_cut.wav,4.0,0.816496581,0.800166649,4
30093673_MinPolqaSfbRecording_cut.wav,3.0,0.816496581,0.800166649,4
30064439_MinPolqaSfbRecording_cut.wav,3.0,0.816496581,0.800166649,4
30138014_MinPolqaSfbRecording_cut.wav,3.0,1.414213562,1.385929291,4
30129215_MinPolqaSfbRecording_cut.wav,2.25,0.957427108,0.938278566,4
30096974_MinPolqaSfbRecording_cut.wav,2.5,1.0,0.98,4
27140833_MinPolqaSfbRecording_cut.wav,4.25,0.5,0.49,4
30069421_MinPolqaSfbRecording_cut.wav,4.0,1.154700538,1.131606528,4
30516648_MinPolqaSfbRecording_cut.wav,1.0,0.0,0.0,4
30483235_MinPolqaSfbRecording_cut.wav,3.0,0.816496581,0.800166649,4
30408697_MinPolqaSfbRecording_cut.wav,3.0,1.414213562,1.385929291,4
30081699_MinPolqaSfbRecording_cut.wav,2.25,0.5,0.49,4
30488319_MinPolqaSfbRecording_cut.wav,3.0,0.816496581,0.800166649,4
30151628_MinPolqaSfbRecording_cut.wav,3.5,1.290994449,1.26517456,4
30436733_MinPolqaSfbRecording_cut.wav,3.0,0.816496581,0.800166649,4
30259050_MinPolqaSfbRecording_cut.wav,2.75,0.957427108,0.938278566,4
28272543_MinPolqaSfbRecording_cut.wav,3.5,1.290994449,1.26517456,4
28312234_MinPolqaSfbRecording_cut.wav,3.25,1.258305739,1.233139624,4
30097037_MinPolqaSfbRecording_cut.wav,2.75,0.5,0.49,4
30210285_MinPolqaSfbRecording_cut.wav,2.0,2.0,1.96,4
28848504_MinPolqaSfbRecording_cut.wav,3.75,0.5,0.49,4
30426745_MinPolqaSfbRecording_cut.wav,3.75,0.5,0.49,4
30078019_MinPolqaSfbRecording_cut.wav,1.75,1.5,1.47,4
30513478_MinPolqaSfbRecording_cut.wav,1.75,1.5,1.47,4
27887683_MinPolqaSfbRecording_cut.wav,3.5,0.577350269,0.565803264,4
30531457_MinPolqaSfbRecording_cut.wav,3.0,0.816496581,0.800166649,4
30251821_MinPolqaSfbRecording_cut.wav,3.0,2.828427125,3.92,2
30520643_MinPolqaSfbRecording_cut.wav,3.5,2.121320344,2.94,2
30412299_MinPolqaSfbRecording_cut.wav,2.5,2.121320344,2.94,2
30182777_MinPolqaSfbRecording_cut.wav,3.0,2.828427125,3.92,2
30211381_MinPolqaSfbRecording_cut.wav,3.0,2.828427125,3.92,2
30206090_MinPolqaSfbRecording_cut.wav,2.5,2.121320344,2.94,2
30062112_MinPolqaSfbRecording_cut.wav,3.0,2.828427125,3.92,2
30453495_MinPolqaSfbRecording_cut.wav,3.5,2.121320344,2.94,2
28139481_MinPolqaSfbRecording_cut.wav,4.0,1.414213562,1.96,2
30470675_MinPolqaSfbRecording_cut.wav,2.5,2.121320344,2.94,2
28300545_MinPolqaSfbRecording_cut.wav,3.75,0.5,0.49,4
30154328_MinPolqaSfbRecording_cut.wav,3.25,0.5,0.49,4
28070636_MinPolqaSfbRecording_cut.wav,4.25,0.5,0.49,4
27902449_MinPolqaSfbRecording_cut.wav,4.25,0.5,0.49,4
30085390_MinPolqaSfbRecording_cut.wav,2.75,1.258305739,1.233139624,4
30161575_MinPolqaSfbRecording_cut.wav,3.5,0.577350269,0.565803264,4
30136188_MinPolqaSfbRecording_cut.wav,2.0,0.816496581,0.800166649,4
30417049_MinPolqaSfbRecording_cut.wav,3.0,0.816496581,0.800166649,4
30477792_MinPolqaSfbRecording_cut.wav,2.0,1.414213562,1.385929291,4
30110577_MinPolqaSfbRecording_cut.wav,3.0,0.0,0.0,3
30448295_MinPolqaSfbRecording_cut.wav,3.333333333,0.577350269,0.653333333,3
30523882_MinPolqaSfbRecording_cut.wav,3.333333333,0.577350269,0.653333333,3
30469013_MinPolqaSfbRecording_cut.wav,4.666666667,0.577350269,0.653333333,3
30252804_MinPolqaSfbRecording_cut.wav,4.333333333,0.577350269,0.653333333,3
30140862_MinPolqaSfbRecording_cut.wav,3.666666667,0.577350269,0.653333333,3
28367593_MinPolqaSfbRecording_cut.wav,4.666666667,0.577350269,0.653333333,3
28450865_MinPolqaSfbRecording_cut.wav,4.0,0.0,0.0,3
30478969_MinPolqaSfbRecording_cut.wav,3.333333333,0.577350269,0.653333333,3
30079596_MinPolqaSfbRecording_cut.wav,2.8,0.836660027,0.733364848,5
30139059_MinPolqaSfbRecording_cut.wav,1.6,1.341640786,1.176,5
30484057_MinPolqaSfbRecording_cut.wav,3.8,0.836660027,0.733364848,5
30465973_MinPolqaSfbRecording_cut.wav,2.8,0.836660027,0.733364848,5
30084114_MinPolqaSfbRecording_cut.wav,3.6,0.894427191,0.784,5
28680192_MinPolqaSfbRecording_cut.wav,3.6,0.894427191,0.784,5
30505855_MinPolqaSfbRecording_cut.wav,3.2,0.447213595,0.392,5
30164460_MinPolqaSfbRecording_cut.wav,3.2,0.447213595,0.392,5
30118779_MinPolqaSfbRecording_cut.wav,2.2,0.836660027,0.733364848,5
30157133_MinPolqaSfbRecording_cut.wav,3.0,0.707106781,0.619806421,5
27818240_MinPolqaSfbRecording_cut.wav,4.0,0.707106781,0.619806421,5
30192643_MinPolqaSfbRecording_cut.wav,4.0,0.707106781,0.619806421,5
29049570_MinPolqaSfbRecording_cut.wav,4.4,0.547722558,0.48009999,5
30522698_MinPolqaSfbRecording_cut.wav,2.0,0.707106781,0.619806421,5
27889445_MinPolqaSfbRecording_cut.wav,3.6,0.894427191,0.784,5
29532231_MinPolqaSfbRecording_cut.wav,3.6,1.140175425,0.999407825,5
28174066_MinPolqaSfbRecording_cut.wav,2.8,0.447213595,0.392,5
30105101_MinPolqaSfbRecording_cut.wav,2.6,0.894427191,0.784,5
30060966_MinPolqaSfbRecording_cut.wav,4.333333333,0.577350269,0.653333333,3
30133484_MinPolqaSfbRecording_cut.wav,4.0,0.0,0.0,3
30059273_MinPolqaSfbRecording_cut.wav,3.333333333,1.527525232,1.728557523,3
28055923_MinPolqaSfbRecording_cut.wav,4.333333333,0.577350269,0.653333333,3
30522603_MinPolqaSfbRecording_cut.wav,4.0,0.0,0.0,3
30407356_MinPolqaSfbRecording_cut.wav,2.666666667,1.154700538,1.306666667,3
30134351_MinPolqaSfbRecording_cut.wav,2.333333333,1.527525232,1.728557523,3
30132139_MinPolqaSfbRecording_cut.wav,2.666666667,1.154700538,1.306666667,3
27861242_MinPolqaSfbRecording_cut.wav,3.333333333,1.154700538,1.306666667,3
30173691_MinPolqaSfbRecording_cut.wav,2.25,0.957427108,0.938278566,4
27520243_MinPolqaSfbRecording_cut.wav,2.75,0.957427108,0.938278566,4
30485996_MinPolqaSfbRecording_cut.wav,2.0,0.816496581,0.800166649,4
30403864_MinPolqaSfbRecording_cut.wav,3.0,0.0,0.0,4
30444481_MinPolqaSfbRecording_cut.wav,1.5,0.577350269,0.565803264,4
30431255_MinPolqaSfbRecording_cut.wav,3.25,0.5,0.49,4
30258387_MinPolqaSfbRecording_cut.wav,1.75,0.5,0.49,4
30100156_MinPolqaSfbRecording_cut.wav,3.75,0.5,0.49,4
30511557_MinPolqaSfbRecording_cut.wav,2.5,0.577350269,0.565803264,4
28849195_MinPolqaSfbRecording_cut.wav,3.75,0.5,0.49,4
30137707_MinPolqaSfbRecording_cut.wav,3.25,0.957427108,0.938278566,4
30491729_MinPolqaSfbRecording_cut.wav,4.25,0.957427108,0.938278566,4
30488792_MinPolqaSfbRecording_cut.wav,3.75,0.5,0.49,4
30527062_MinPolqaSfbRecording_cut.wav,4.25,0.957427108,0.938278566,4
29534496_MinPolqaSfbRecording_cut.wav,4.25,0.5,0.49,4
28259073_MinPolqaSfbRecording_cut.wav,3.75,0.5,0.49,4
30122855_MinPolqaSfbRecording_cut.wav,3.2,0.836660027,0.733364848,5
28977919_MinPolqaSfbRecording_cut.wav,3.6,0.894427191,0.784,5
27954910_MinPolqaSfbRecording_cut.wav,4.4,0.894427191,0.784,5
27910214_MinPolqaSfbRecording_cut.wav,4.6,0.547722558,0.48009999,5
30087549_MinPolqaSfbRecording_cut.wav,3.4,0.894427191,0.784,5
30105182_MinPolqaSfbRecording_cut.wav,3.8,0.447213595,0.392,5
30257285_MinPolqaSfbRecording_cut.wav,3.8,0.447213595,0.392,5
30179204_MinPolqaSfbRecording_cut.wav,2.666666667,0.577350269,0.653333333,3
30483990_MinPolqaSfbRecording_cut.wav,3.333333333,0.577350269,0.653333333,3
30262731_MinPolqaSfbRecording_cut.wav,2.666666667,0.577350269,0.653333333,3
30477228_MinPolqaSfbRecording_cut.wav,4.0,0.0,0.0,3
30409265_MinPolqaSfbRecording_cut.wav,3.666666667,0.577350269,0.653333333,3
29532314_MinPolqaSfbRecording_cut.wav,5.0,0.0,0.0,3
27808111_MinPolqaSfbRecording_cut.wav,4.0,0.0,0.0,3
30461134_MinPolqaSfbRecording_cut.wav,2.8,1.643167673,1.440299969,5
30444600_MinPolqaSfbRecording_cut.wav,2.4,1.516575089,1.329336677,5
30182259_MinPolqaSfbRecording_cut.wav,2.2,1.303840481,1.142866571,5
28642744_MinPolqaSfbRecording_cut.wav,3.8,0.447213595,0.392,5
30433861_MinPolqaSfbRecording_cut.wav,2.6,1.516575089,1.329336677,5
30194331_MinPolqaSfbRecording_cut.wav,3.6,0.547722558,0.48009999,5
30423789_MinPolqaSfbRecording_cut.wav,2.6,1.516575089,1.329336677,5
28081688_MinPolqaSfbRecording_cut.wav,3.0,1.58113883,1.385929291,5
30431855_MinPolqaSfbRecording_cut.wav,3.6,0.547722558,0.48009999,5
30432313_MinPolqaSfbRecording_cut.wav,2.8,1.303840481,1.142866571,5
30403805_MinPolqaSfbRecording_cut.wav,3.0,1.0,1.131606528,3
30465939_MinPolqaSfbRecording_cut.wav,3.666666667,1.154700538,1.306666667,3
30257875_MinPolqaSfbRecording_cut.wav,4.0,1.0,1.131606528,3
30523317_MinPolqaSfbRecording_cut.wav,2.666666667,1.154700538,1.306666667,3
29008771_MinPolqaSfbRecording_cut.wav,3.666666667,1.154700538,1.306666667,3
30480836_MinPolqaSfbRecording_cut.wav,3.0,1.732050808,1.96,3
28882912_MinPolqaSfbRecording_cut.wav,4.333333333,0.577350269,0.653333333,3
28815303_MinPolqaSfbRecording_cut.wav,4.0,1.0,1.131606528,3
30164957_MinPolqaSfbRecording_cut.wav,3.0,0.0,0.0,3
30408501_MinPolqaSfbRecording_cut.wav,2.0,0.0,0.0,3
30177977_MinPolqaSfbRecording_cut.wav,4.0,0.0,0.0,3
29533933_MinPolqaSfbRecording_cut.wav,2.666666667,0.577350269,0.653333333,3
30213057_MinPolqaSfbRecording_cut.wav,3.333333333,0.577350269,0.653333333,3
30449207_MinPolqaSfbRecording_cut.wav,3.0,0.0,0.0,3
30480929_MinPolqaSfbRecording_cut.wav,4.0,0.0,0.0,3
30263740_MinPolqaSfbRecording_cut.wav,4.0,0.0,0.0,3
28092212_MinPolqaSfbRecording_cut.wav,4.333333333,1.154700538,1.306666667,3
29541329_MinPolqaSfbRecording_cut.wav,2.0,1.732050808,1.96,3
30076611_MinPolqaSfbRecording_cut.wav,3.666666667,0.577350269,0.653333333,3
30183332_MinPolqaSfbRecording_cut.wav,2.0,0.0,0.0,3
30521025_MinPolqaSfbRecording_cut.wav,4.333333333,0.577350269,0.653333333,3
27916611_MinPolqaSfbRecording_cut.wav,4.333333333,0.577350269,0.653333333,3
30481118_MinPolqaSfbRecording_cut.wav,2.333333333,0.577350269,0.653333333,3
30206925_MinPolqaSfbRecording_cut.wav,3.0,1.0,1.131606528,3
30106127_MinPolqaSfbRecording_cut.wav,3.333333333,0.577350269,0.653333333,3
27869925_MinPolqaSfbRecording_cut.wav,4.333333333,0.577350269,0.653333333,3
27678804_MinPolqaSfbRecording_cut.wav,3.6,1.516575089,1.329336677,5
30440637_MinPolqaSfbRecording_cut.wav,4.0,1.0,0.876538647,5
30523210_MinPolqaSfbRecording_cut.wav,3.6,0.547722558,0.48009999,5
30494044_MinPolqaSfbRecording_cut.wav,3.2,0.836660027,0.733364848,5
30174781_MinPolqaSfbRecording_cut.wav,3.0,0.707106781,0.619806421,5
30454403_MinPolqaSfbRecording_cut.wav,3.4,0.547722558,0.48009999,5
30148328_MinPolqaSfbRecording_cut.wav,2.2,0.836660027,0.733364848,5
30213562_MinPolqaSfbRecording_cut.wav,3.2,1.303840481,1.142866571,5
30520003_MinPolqaSfbRecording_cut.wav,3.6,0.894427191,0.784,5
30179102_MinPolqaSfbRecording_cut.wav,2.2,0.447213595,0.392,5
30200310_MinPolqaSfbRecording_cut.wav,3.8,0.447213595,0.392,5
28632719_MinPolqaSfbRecording_cut.wav,3.8,0.836660027,0.733364848,5
30152448_MinPolqaSfbRecording_cut.wav,3.2,1.303840481,1.142866571,5
30514054_MinPolqaSfbRecording_cut.wav,3.6,1.516575089,1.329336677,5
30162909_MinPolqaSfbRecording_cut.wav,2.8,1.095445115,0.960199979,5
30470079_MinPolqaSfbRecording_cut.wav,3.333333333,1.154700538,1.306666667,3
30206178_MinPolqaSfbRecording_cut.wav,3.333333333,1.527525232,1.728557523,3
30065324_MinPolqaSfbRecording_cut.wav,2.333333333,0.577350269,0.653333333,3
30103251_MinPolqaSfbRecording_cut.wav,4.0,1.732050808,1.96,3
30133879_MinPolqaSfbRecording_cut.wav,4.0,1.0,1.131606528,3
28993347_MinPolqaSfbRecording_cut.wav,4.0,1.732050808,1.96,3
30113317_MinPolqaSfbRecording_cut.wav,3.666666667,0.577350269,0.653333333,3
30068423_MinPolqaSfbRecording_cut.wav,2.8,0.836660027,0.733364848,5
30513002_MinPolqaSfbRecording_cut.wav,3.6,0.547722558,0.48009999,5
28941308_MinPolqaSfbRecording_cut.wav,3.4,0.894427191,0.784,5
30477743_MinPolqaSfbRecording_cut.wav,1.8,0.836660027,0.733364848,5
30145602_MinPolqaSfbRecording_cut.wav,4.0,0.707106781,0.619806421,5
28366472_MinPolqaSfbRecording_cut.wav,4.4,0.547722558,0.48009999,5
27569978_MinPolqaSfbRecording_cut.wav,3.4,0.894427191,0.784,5
30059249_MinPolqaSfbRecording_cut.wav,3.0,0.707106781,0.619806421,5
30113063_MinPolqaSfbRecording_cut.wav,2.666666667,2.081665999,2.355626833,3
30163590_MinPolqaSfbRecording_cut.wav,3.0,1.732050808,1.96,3
30183831_MinPolqaSfbRecording_cut.wav,3.0,2.0,2.263213055,3
29540143_MinPolqaSfbRecording_cut.wav,3.0,1.732050808,1.96,3
28914746_MinPolqaSfbRecording_cut.wav,3.0,1.0,1.131606528,3
27791170_MinPolqaSfbRecording_cut.wav,4.0,0.0,0.0,3
27847965_MinPolqaSfbRecording_cut.wav,4.0,1.0,1.131606528,3
30126244_MinPolqaSfbRecording_cut.wav,3.333333333,1.527525232,1.728557523,3
30140861_MinPolqaSfbRecording_cut.wav,3.666666667,0.577350269,0.653333333,3
30135847_MinPolqaSfbRecording_cut.wav,1.666666667,0.577350269,0.653333333,3
28464799_MinPolqaSfbRecording_cut.wav,4.666666667,0.577350269,0.653333333,3
28445982_MinPolqaSfbRecording_cut.wav,4.333333333,1.154700538,1.306666667,3
30505787_MinPolqaSfbRecording_cut.wav,1.666666667,1.154700538,1.306666667,3
28629664_MinPolqaSfbRecording_cut.wav,4.0,1.0,1.131606528,3
30172923_MinPolqaSfbRecording_cut.wav,4.333333333,0.577350269,0.653333333,3
30168508_MinPolqaSfbRecording_cut.wav,2.0,0.0,0.0,3
27951667_MinPolqaSfbRecording_cut.wav,4.666666667,0.577350269,0.653333333,3
28325041_MinPolqaSfbRecording_cut.wav,4.333333333,1.154700538,1.306666667,3
29529651_MinPolqaSfbRecording_cut.wav,3.6,1.140175425,0.999407825,5
30443423_MinPolqaSfbRecording_cut.wav,3.0,1.0,0.876538647,5
30209505_MinPolqaSfbRecording_cut.wav,4.4,0.547722558,0.48009999,5
30515274_MinPolqaSfbRecording_cut.wav,2.8,1.095445115,0.960199979,5
30137721_MinPolqaSfbRecording_cut.wav,2.6,1.341640786,1.176,5
28772344_MinPolqaSfbRecording_cut.wav,4.4,0.547722558,0.48009999,5
30205231_MinPolqaSfbRecording_cut.wav,2.6,1.516575089,1.329336677,5
30092270_MinPolqaSfbRecording_cut.wav,3.6,0.894427191,0.784,5
30430796_MinPolqaSfbRecording_cut.wav,3.666666667,0.577350269,0.653333333,3
30200205_MinPolqaSfbRecording_cut.wav,2.666666667,1.527525232,1.728557523,3
30120390_MinPolqaSfbRecording_cut.wav,2.666666667,1.527525232,1.728557523,3
30485320_MinPolqaSfbRecording_cut.wav,3.666666667,1.527525232,1.728557523,3
30496325_MinPolqaSfbRecording_cut.wav,3.666666667,1.527525232,1.728557523,3
30112830_MinPolqaSfbRecording_cut.wav,3.333333333,0.577350269,0.653333333,3
30164640_MinPolqaSfbRecording_cut.wav,3.666666667,0.577350269,0.653333333,3
30431114_MinPolqaSfbRecording_cut.wav,2.0,1.0,1.131606528,3
30491325_MinPolqaSfbRecording_cut.wav,2.25,1.258305739,1.233139624,4
30528342_MinPolqaSfbRecording_cut.wav,2.0,1.414213562,1.385929291,4
28479791_MinPolqaSfbRecording_cut.wav,4.25,0.957427108,0.938278566,4
30164767_MinPolqaSfbRecording_cut.wav,4.0,1.414213562,1.385929291,4
30489114_MinPolqaSfbRecording_cut.wav,2.25,1.892969449,1.85511006,4
30513538_MinPolqaSfbRecording_cut.wav,4.0,1.414213562,1.385929291,4
30166186_MinPolqaSfbRecording_cut.wav,4.25,0.957427108,0.938278566,4
30452105_MinPolqaSfbRecording_cut.wav,3.25,1.707825128,1.673668625,4
30431750_MinPolqaSfbRecording_cut.wav,3.0,1.224744871,1.073536213,5
30429076_MinPolqaSfbRecording_cut.wav,2.4,0.894427191,0.784,5
28920670_MinPolqaSfbRecording_cut.wav,3.0,0.707106781,0.619806421,5
30413054_MinPolqaSfbRecording_cut.wav,3.2,0.836660027,0.733364848,5
30140688_MinPolqaSfbRecording_cut.wav,2.0,0.707106781,0.619806421,5
30416426_MinPolqaSfbRecording_cut.wav,2.4,0.894427191,0.784,5
30414208_MinPolqaSfbRecording_cut.wav,3.2,0.447213595,0.392,5
30092499_MinPolqaSfbRecording_cut.wav,1.8,0.836660027,0.733364848,5
29537301_MinPolqaSfbRecording_cut.wav,1.8,1.303840481,1.142866571,5
29544692_MinPolqaSfbRecording_cut.wav,2.4,1.140175425,0.999407825,5
29056568_MinPolqaSfbRecording_cut.wav,3.4,0.547722558,0.48009999,5
28054175_MinPolqaSfbRecording_cut.wav,3.2,0.836660027,0.733364848,5
30150303_MinPolqaSfbRecording_cut.wav,2.8,1.303840481,1.142866571,5
30254659_MinPolqaSfbRecording_cut.wav,3.8,1.303840481,1.142866571,5
30073745_MinPolqaSfbRecording_cut.wav,2.6,1.516575089,1.329336677,5
27936781_MinPolqaSfbRecording_cut.wav,3.4,0.894427191,0.784,5
29531899_MinPolqaSfbRecording_cut.wav,2.0,0.707106781,0.619806421,5
30464745_MinPolqaSfbRecording_cut.wav,3.8,1.303840481,1.142866571,5
28081806_MinPolqaSfbRecording_cut.wav,4.0,1.414213562,1.239612843,5
28281158_MinPolqaSfbRecording_cut.wav,3.5,0.707106781,0.98,2
28333845_MinPolqaSfbRecording_cut.wav,3.5,0.707106781,0.98,2
30192786_MinPolqaSfbRecording_cut.wav,2.0,0.0,0.0,2
30487615_MinPolqaSfbRecording_cut.wav,3.0,1.414213562,1.96,2
30527700_MinPolqaSfbRecording_cut.wav,3.0,0.0,0.0,2
30149764_MinPolqaSfbRecording_cut.wav,3.0,0.0,0.0,2
30414300_MinPolqaSfbRecording_cut.wav,2.0,1.414213562,1.96,2
30199572_MinPolqaSfbRecording_cut.wav,3.5,0.707106781,0.98,2
30262533_MinPolqaSfbRecording_cut.wav,3.2,1.303840481,1.142866571,5
28538760_MinPolqaSfbRecording_cut.wav,2.8,1.303840481,1.142866571,5
28278526_MinPolqaSfbRecording_cut.wav,4.4,0.547722558,0.48009999,5
30427584_MinPolqaSfbRecording_cut.wav,2.6,1.816590212,1.592311527,5
30450227_MinPolqaSfbRecording_cut.wav,3.2,0.836660027,0.733364848,5
30098600_MinPolqaSfbRecording_cut.wav,3.4,1.341640786,1.176,5
30205025_MinPolqaSfbRecording_cut.wav,2.4,1.516575089,1.329336677,5
30182702_MinPolqaSfbRecording_cut.wav,2.0,1.414213562,1.239612843,5
30259656_MinPolqaSfbRecording_cut.wav,2.2,1.643167673,1.440299969,5
27570628_MinPolqaSfbRecording_cut.wav,3.2,1.303840481,1.142866571,5
28051487_MinPolqaSfbRecording_cut.wav,3.5,0.707106781,0.98,2
30509516_MinPolqaSfbRecording_cut.wav,4.0,1.414213562,1.96,2
30483646_MinPolqaSfbRecording_cut.wav,3.5,0.707106781,0.98,2
30155711_MinPolqaSfbRecording_cut.wav,3.5,0.707106781,0.98,2
30171925_MinPolqaSfbRecording_cut.wav,3.0,1.414213562,1.96,2
30155758_MinPolqaSfbRecording_cut.wav,3.5,0.707106781,0.98,2
27686116_MinPolqaSfbRecording_cut.wav,3.0,1.414213562,1.96,2
30509916_MinPolqaSfbRecording_cut.wav,3.5,0.707106781,0.98,2
30405437_MinPolqaSfbRecording_cut.wav,3.5,0.707106781,0.98,2
30202429_MinPolqaSfbRecording_cut.wav,4.0,0.0,0.0,2
30157209_MinPolqaSfbRecording_cut.wav,3.5,0.707106781,0.98,2
30148551_MinPolqaSfbRecording_cut.wav,3.0,1.414213562,1.96,2
30454907_MinPolqaSfbRecording_cut.wav,2.5,2.121320344,2.94,2
30433815_MinPolqaSfbRecording_cut.wav,2.5,2.121320344,2.94,2
30184032_MinPolqaSfbRecording_cut.wav,3.0,1.414213562,1.96,2
30135821_MinPolqaSfbRecording_cut.wav,3.5,0.707106781,0.98,2
28985739_MinPolqaSfbRecording_cut.wav,4.0,0.0,0.0,2
30076039_MinPolqaSfbRecording_cut.wav,3.5,0.707106781,0.98,2
28286079_MinPolqaSfbRecording_cut.wav,4.2,0.836660027,0.733364848,5
30465727_MinPolqaSfbRecording_cut.wav,3.2,1.095445115,0.960199979,5
29556402_MinPolqaSfbRecording_cut.wav,3.6,1.140175425,0.999407825,5
30260762_MinPolqaSfbRecording_cut.wav,3.2,1.095445115,0.960199979,5
30492085_MinPolqaSfbRecording_cut.wav,3.0,1.58113883,1.385929291,5
28900760_MinPolqaSfbRecording_cut.wav,4.4,0.547722558,0.48009999,5
30195006_MinPolqaSfbRecording_cut.wav,3.333333333,1.527525232,1.728557523,3
30189660_MinPolqaSfbRecording_cut.wav,2.333333333,1.527525232,1.728557523,3
28639291_MinPolqaSfbRecording_cut.wav,3.0,0.0,0.0,3
30472580_MinPolqaSfbRecording_cut.wav,2.333333333,0.577350269,0.653333333,3
30453001_MinPolqaSfbRecording_cut.wav,3.333333333,0.577350269,0.653333333,3
28330285_MinPolqaSfbRecording_cut.wav,3.333333333,1.154700538,1.306666667,3
28635926_MinPolqaSfbRecording_cut.wav,4.0,0.0,0.0,3
30488649_MinPolqaSfbRecording_cut.wav,3.2,1.095445115,0.960199979,5
30161865_MinPolqaSfbRecording_cut.wav,1.2,0.447213595,0.392,5
30123616_MinPolqaSfbRecording_cut.wav,2.8,0.447213595,0.392,5
30063143_MinPolqaSfbRecording_cut.wav,3.4,0.547722558,0.48009999,5
30068306_MinPolqaSfbRecording_cut.wav,3.6,0.894427191,0.784,5
30071059_MinPolqaSfbRecording_cut.wav,2.2,0.836660027,0.733364848,5
30456276_MinPolqaSfbRecording_cut.wav,1.0,0.0,0.0,5
27704759_MinPolqaSfbRecording_cut.wav,3.6,0.547722558,0.48009999,5
29533337_MinPolqaSfbRecording_cut.wav,3.25,0.5,0.49,4
29540139_MinPolqaSfbRecording_cut.wav,3.75,0.5,0.49,4
30090179_MinPolqaSfbRecording_cut.wav,3.75,0.5,0.49,4
30170013_MinPolqaSfbRecording_cut.wav,3.5,0.577350269,0.565803264,4
29533746_MinPolqaSfbRecording_cut.wav,3.5,0.577350269,0.565803264,4
28685030_MinPolqaSfbRecording_cut.wav,3.25,0.957427108,0.938278566,4
28501176_MinPolqaSfbRecording_cut.wav,3.25,1.5,1.47,4
30184250_MinPolqaSfbRecording_cut.wav,3.25,0.5,0.49,4
30154324_MinPolqaSfbRecording_cut.wav,3.25,0.5,0.49,4
30487617_MinPolqaSfbRecording_cut.wav,2.25,0.5,0.49,4
28750987_MinPolqaSfbRecording_cut.wav,4.0,0.0,0.0,4
27979905_MinPolqaSfbRecording_cut.wav,3.75,0.5,0.49,4
30180146_MinPolqaSfbRecording_cut.wav,3.0,0.816496581,0.800166649,4
30416623_MinPolqaSfbRecording_cut.wav,2.75,0.957427108,0.938278566,4
30165940_MinPolqaSfbRecording_cut.wav,3.0,1.154700538,1.131606528,4
30471813_MinPolqaSfbRecording_cut.wav,2.0,0.816496581,0.800166649,4
28309699_MinPolqaSfbRecording_cut.wav,2.5,1.0,0.98,4
30168654_MinPolqaSfbRecording_cut.wav,1.75,0.5,0.49,4
30148574_MinPolqaSfbRecording_cut.wav,1.5,0.577350269,0.565803264,4
30063428_MinPolqaSfbRecording_cut.wav,1.5,0.577350269,0.565803264,4
30202143_MinPolqaSfbRecording_cut.wav,2.5,1.290994449,1.26517456,4
30197240_MinPolqaSfbRecording_cut.wav,1.5,0.577350269,0.565803264,4
30485337_MinPolqaSfbRecording_cut.wav,3.0,0.816496581,0.800166649,4
30404862_MinPolqaSfbRecording_cut.wav,3.25,0.957427108,0.938278566,4
30264507_MinPolqaSfbRecording_cut.wav,3.75,1.258305739,1.233139624,4
30473866_MinPolqaSfbRecording_cut.wav,3.75,0.957427108,0.938278566,4
30123220_MinPolqaSfbRecording_cut.wav,3.5,0.577350269,0.565803264,4
30205426_MinPolqaSfbRecording_cut.wav,3.75,1.5,1.47,4
27955774_MinPolqaSfbRecording_cut.wav,3.5,1.290994449,1.26517456,4
30065763_MinPolqaSfbRecording_cut.wav,4.75,0.5,0.49,4
30186327_MinPolqaSfbRecording_cut.wav,3.75,0.957427108,0.938278566,4
30150779_MinPolqaSfbRecording_cut.wav,4.5,0.577350269,0.565803264,4
30473763_MinPolqaSfbRecording_cut.wav,3.75,1.258305739,1.233139624,4
30461644_MinPolqaSfbRecording_cut.wav,3.0,0.0,0.0,4
30119367_MinPolqaSfbRecording_cut.wav,2.75,1.258305739,1.233139624,4
30154173_MinPolqaSfbRecording_cut.wav,2.5,1.290994449,1.26517456,4
30156271_MinPolqaSfbRecording_cut.wav,1.75,0.957427108,0.938278566,4
30081096_MinPolqaSfbRecording_cut.wav,3.25,0.5,0.49,4
30530446_MinPolqaSfbRecording_cut.wav,1.75,0.957427108,0.938278566,4
30449571_MinPolqaSfbRecording_cut.wav,3.75,0.957427108,0.938278566,4
30485524_MinPolqaSfbRecording_cut.wav,2.75,0.5,0.49,4
30491175_MinPolqaSfbRecording_cut.wav,2.5,1.0,0.98,4
27721184_MinPolqaSfbRecording_cut.wav,3.5,0.577350269,0.565803264,4
30256175_MinPolqaSfbRecording_cut.wav,4.25,0.5,0.49,4
28530623_MinPolqaSfbRecording_cut.wav,4.25,0.5,0.49,4
28126863_MinPolqaSfbRecording_cut.wav,3.75,0.957427108,0.938278566,4
27747352_MinPolqaSfbRecording_cut.wav,3.5,0.577350269,0.565803264,4
30112815_MinPolqaSfbRecording_cut.wav,2.5,0.577350269,0.565803264,4
30262899_MinPolqaSfbRecording_cut.wav,3.25,0.957427108,0.938278566,4
30491322_MinPolqaSfbRecording_cut.wav,2.4,1.516575089,1.329336677,5
30213541_MinPolqaSfbRecording_cut.wav,2.8,0.836660027,0.733364848,5
30412378_MinPolqaSfbRecording_cut.wav,4.4,0.547722558,0.48009999,5
30449651_MinPolqaSfbRecording_cut.wav,2.6,0.894427191,0.784,5
30482974_MinPolqaSfbRecording_cut.wav,2.0,1.224744871,1.073536213,5
30130053_MinPolqaSfbRecording_cut.wav,2.2,1.643167673,1.440299969,5
28122937_MinPolqaSfbRecording_cut.wav,3.8,0.447213595,0.392,5
30482781_MinPolqaSfbRecording_cut.wav,2.2,0.447213595,0.392,5
27829355_MinPolqaSfbRecording_cut.wav,3.8,0.836660027,0.733364848,5
30160694_MinPolqaSfbRecording_cut.wav,3.0,1.224744871,1.073536213,5
29053235_MinPolqaSfbRecording_cut.wav,2.75,0.5,0.49,4
27823227_MinPolqaSfbRecording_cut.wav,3.5,0.577350269,0.565803264,4
28493483_MinPolqaSfbRecording_cut.wav,3.5,0.577350269,0.565803264,4
30138855_MinPolqaSfbRecording_cut.wav,3.0,0.816496581,0.800166649,4
30510372_MinPolqaSfbRecording_cut.wav,2.25,0.5,0.49,4
30101987_MinPolqaSfbRecording_cut.wav,3.5,0.577350269,0.565803264,4
28018459_MinPolqaSfbRecording_cut.wav,4.75,0.5,0.49,4
27553830_MinPolqaSfbRecording_cut.wav,3.6,0.547722558,0.48009999,5
28306875_MinPolqaSfbRecording_cut.wav,3.4,0.547722558,0.48009999,5
30123417_MinPolqaSfbRecording_cut.wav,3.4,0.894427191,0.784,5
30135776_MinPolqaSfbRecording_cut.wav,2.8,0.447213595,0.392,5
30452013_MinPolqaSfbRecording_cut.wav,2.4,0.547722558,0.48009999,5
30086602_MinPolqaSfbRecording_cut.wav,3.2,0.836660027,0.733364848,5
28892485_MinPolqaSfbRecording_cut.wav,2.6,0.547722558,0.48009999,5
30062348_MinPolqaSfbRecording_cut.wav,4.0,1.0,1.131606528,3
30090174_MinPolqaSfbRecording_cut.wav,2.666666667,0.577350269,0.653333333,3
30500475_MinPolqaSfbRecording_cut.wav,2.0,1.0,1.131606528,3
30128376_MinPolqaSfbRecording_cut.wav,2.666666667,0.577350269,0.653333333,3
27585549_MinPolqaSfbRecording_cut.wav,2.666666667,0.577350269,0.653333333,3
29544301_MinPolqaSfbRecording_cut.wav,2.333333333,0.577350269,0.653333333,3
30163324_MinPolqaSfbRecording_cut.wav,3.666666667,1.154700538,1.306666667,3
30066877_MinPolqaSfbRecording_cut.wav,1.666666667,0.577350269,0.653333333,3
30118890_MinPolqaSfbRecording_cut.wav,1.666666667,0.577350269,0.653333333,3
30262337_MinPolqaSfbRecording_cut.wav,3.5,0.577350269,0.565803264,4
30142578_MinPolqaSfbRecording_cut.wav,3.5,1.290994449,1.26517456,4
30136943_MinPolqaSfbRecording_cut.wav,2.25,1.258305739,1.233139624,4
30208930_MinPolqaSfbRecording_cut.wav,3.75,0.5,0.49,4
30421974_MinPolqaSfbRecording_cut.wav,4.0,0.0,0.0,4
30160987_MinPolqaSfbRecording_cut.wav,3.25,1.258305739,1.233139624,4
30120659_MinPolqaSfbRecording_cut.wav,3.5,0.577350269,0.565803264,4
30521166_MinPolqaSfbRecording_cut.wav,3.75,1.258305739,1.233139624,4
27806281_MinPolqaSfbRecording_cut.wav,3.25,0.5,0.49,4
30103259_MinPolqaSfbRecording_cut.wav,3.75,0.5,0.49,4
30168383_MinPolqaSfbRecording_cut.wav,4.25,0.957427108,0.938278566,4
30507791_MinPolqaSfbRecording_cut.wav,2.75,0.957427108,0.938278566,4
30487112_MinPolqaSfbRecording_cut.wav,3.75,0.5,0.49,4
30079456_MinPolqaSfbRecording_cut.wav,3.25,0.5,0.49,4
30144036_MinPolqaSfbRecording_cut.wav,3.5,0.577350269,0.565803264,4
30163202_MinPolqaSfbRecording_cut.wav,3.5,1.0,0.98,4
30422050_MinPolqaSfbRecording_cut.wav,1.75,0.5,0.49,4
30096167_MinPolqaSfbRecording_cut.wav,4.25,0.5,0.49,4
30179657_MinPolqaSfbRecording_cut.wav,4.25,0.5,0.49,4
30138894_MinPolqaSfbRecording_cut.wav,3.0,0.816496581,0.800166649,4
30253951_MinPolqaSfbRecording_cut.wav,1.5,0.577350269,0.565803264,4
30417333_MinPolqaSfbRecording_cut.wav,3.0,0.816496581,0.800166649,4
30455427_MinPolqaSfbRecording_cut.wav,3.25,0.5,0.49,4
30483708_MinPolqaSfbRecording_cut.wav,2.25,0.957427108,0.938278566,4
28451615_MinPolqaSfbRecording_cut.wav,4.4,0.547722558,0.48009999,5
30100209_MinPolqaSfbRecording_cut.wav,4.4,0.547722558,0.48009999,5
30147415_MinPolqaSfbRecording_cut.wav,4.0,0.707106781,0.619806421,5
30430180_MinPolqaSfbRecording_cut.wav,2.8,0.836660027,0.733364848,5
29539308_MinPolqaSfbRecording_cut.wav,4.0,0.707106781,0.619806421,5
28310082_MinPolqaSfbRecording_cut.wav,3.8,0.836660027,0.733364848,5
30415202_MinPolqaSfbRecording_cut.wav,4.2,0.836660027,0.733364848,5
30202229_MinPolqaSfbRecording_cut.wav,3.6,0.547722558,0.48009999,5
27847898_MinPolqaSfbRecording_cut.wav,3.0,1.732050808,1.96,3
30127260_MinPolqaSfbRecording_cut.wav,3.333333333,1.154700538,1.306666667,3
27140764_MinPolqaSfbRecording_cut.wav,4.0,1.0,1.131606528,3
30145858_MinPolqaSfbRecording_cut.wav,3.333333333,2.081665999,2.355626833,3
29539095_MinPolqaSfbRecording_cut.wav,3.666666667,1.527525232,1.728557523,3
29536831_MinPolqaSfbRecording_cut.wav,2.0,1.0,1.131606528,3
30406837_MinPolqaSfbRecording_cut.wav,2.666666667,1.527525232,1.728557523,3
30161451_MinPolqaSfbRecording_cut.wav,3.0,1.732050808,1.96,3
30497567_MinPolqaSfbRecording_cut.wav,4.0,1.0,1.131606528,3
30193728_MinPolqaSfbRecording_cut.wav,3.75,0.5,0.49,4
30183107_MinPolqaSfbRecording_cut.wav,1.75,0.957427108,0.938278566,4
30212123_MinPolqaSfbRecording_cut.wav,3.25,0.5,0.49,4
28331110_MinPolqaSfbRecording_cut.wav,4.25,0.957427108,0.938278566,4
28304002_MinPolqaSfbRecording_cut.wav,4.5,0.577350269,0.565803264,4
30468832_MinPolqaSfbRecording_cut.wav,3.25,1.5,1.47,4
30161721_MinPolqaSfbRecording_cut.wav,3.25,0.5,0.49,4
30108260_MinPolqaSfbRecording_cut.wav,3.25,1.5,1.47,4
29543881_MinPolqaSfbRecording_cut.wav,2.6,0.894427191,0.784,5
30410209_MinPolqaSfbRecording_cut.wav,4.6,0.547722558,0.48009999,5
30192642_MinPolqaSfbRecording_cut.wav,4.4,0.547722558,0.48009999,5
30182587_MinPolqaSfbRecording_cut.wav,3.2,0.447213595,0.392,5
30084014_MinPolqaSfbRecording_cut.wav,2.6,0.894427191,0.784,5
30164888_MinPolqaSfbRecording_cut.wav,3.6,0.547722558,0.48009999,5
30062553_MinPolqaSfbRecording_cut.wav,2.0,1.224744871,1.073536213,5
28101469_MinPolqaSfbRecording_cut.wav,3.8,0.836660027,0.733364848,5
30120624_MinPolqaSfbRecording_cut.wav,4.0,0.707106781,0.619806421,5
30152481_MinPolqaSfbRecording_cut.wav,3.0,1.0,1.131606528,3
30522853_MinPolqaSfbRecording_cut.wav,3.0,0.0,0.0,3
30182557_MinPolqaSfbRecording_cut.wav,3.666666667,0.577350269,0.653333333,3
30481101_MinPolqaSfbRecording_cut.wav,3.666666667,0.577350269,0.653333333,3
29543740_MinPolqaSfbRecording_cut.wav,3.0,1.0,1.131606528,3
30066733_MinPolqaSfbRecording_cut.wav,3.333333333,0.577350269,0.653333333,3
30509318_MinPolqaSfbRecording_cut.wav,1.0,0.0,0.0,3
30150799_MinPolqaSfbRecording_cut.wav,1.666666667,0.577350269,0.653333333,3
28361870_MinPolqaSfbRecording_cut.wav,4.333333333,0.577350269,0.653333333,3
30179229_MinPolqaSfbRecording_cut.wav,4.2,0.836660027,0.733364848,5
30179898_MinPolqaSfbRecording_cut.wav,3.6,0.894427191,0.784,5
30491480_MinPolqaSfbRecording_cut.wav,1.4,0.894427191,0.784,5
27577641_MinPolqaSfbRecording_cut.wav,3.8,0.447213595,0.392,5
30259379_MinPolqaSfbRecording_cut.wav,2.4,0.547722558,0.48009999,5
30513871_MinPolqaSfbRecording_cut.wav,3.8,0.447213595,0.392,5
30091772_MinPolqaSfbRecording_cut.wav,3.0,0.707106781,0.619806421,5
30200910_MinPolqaSfbRecording_cut.wav,2.4,0.547722558,0.48009999,5
28058188_MinPolqaSfbRecording_cut.wav,4.0,0.707106781,0.619806421,5
30425852_MinPolqaSfbRecording_cut.wav,3.666666667,1.527525232,1.728557523,3
30527337_MinPolqaSfbRecording_cut.wav,3.333333333,0.577350269,0.653333333,3
27591190_MinPolqaSfbRecording_cut.wav,4.0,0.0,0.0,3
30483329_MinPolqaSfbRecording_cut.wav,2.0,1.0,1.131606528,3
30467474_MinPolqaSfbRecording_cut.wav,2.666666667,1.527525232,1.728557523,3
30169775_MinPolqaSfbRecording_cut.wav,3.333333333,1.154700538,1.306666667,3
30213177_MinPolqaSfbRecording_cut.wav,3.333333333,0.577350269,0.653333333,3
30519674_MinPolqaSfbRecording_cut.wav,3.0,1.0,1.131606528,3
27858593_MinPolqaSfbRecording_cut.wav,3.8,0.447213595,0.392,5
30201670_MinPolqaSfbRecording_cut.wav,2.0,1.414213562,1.239612843,5
30509932_MinPolqaSfbRecording_cut.wav,3.0,1.414213562,1.239612843,5
30205751_MinPolqaSfbRecording_cut.wav,3.6,0.894427191,0.784,5
30519963_MinPolqaSfbRecording_cut.wav,3.2,1.303840481,1.142866571,5
27910940_MinPolqaSfbRecording_cut.wav,3.8,0.836660027,0.733364848,5
28690585_MinPolqaSfbRecording_cut.wav,3.2,1.095445115,0.960199979,5
30159470_MinPolqaSfbRecording_cut.wav,2.8,1.483239697,1.300116918,5
28735905_MinPolqaSfbRecording_cut.wav,3.8,0.836660027,0.733364848,5
28932577_MinPolqaSfbRecording_cut.wav,3.4,1.140175425,0.999407825,5
30400845_MinPolqaSfbRecording_cut.wav,3.25,1.5,1.47,4
30211431_MinPolqaSfbRecording_cut.wav,3.75,0.5,0.49,4
30157186_MinPolqaSfbRecording_cut.wav,4.0,0.816496581,0.800166649,4
28517436_MinPolqaSfbRecording_cut.wav,3.75,0.5,0.49,4
28262411_MinPolqaSfbRecording_cut.wav,4.0,0.816496581,0.800166649,4
27703117_MinPolqaSfbRecording_cut.wav,4.0,0.816496581,0.800166649,4
29530296_MinPolqaSfbRecording_cut.wav,3.75,0.5,0.49,4
29529680_MinPolqaSfbRecording_cut.wav,3.75,0.957427108,0.938278566,4
30496393_MinPolqaSfbRecording_cut.wav,3.25,1.258305739,1.233139624,4
30157029_MinPolqaSfbRecording_cut.wav,4.0,0.816496581,0.800166649,4
30256236_MinPolqaSfbRecording_cut.wav,3.0,0.0,0.0,4
27907690_MinPolqaSfbRecording_cut.wav,4.25,0.5,0.49,4
30128716_MinPolqaSfbRecording_cut.wav,3.0,0.816496581,0.800166649,4
30518833_MinPolqaSfbRecording_cut.wav,4.25,0.5,0.49,4
30156218_MinPolqaSfbRecording_cut.wav,2.25,0.5,0.49,4
30249463_MinPolqaSfbRecording_cut.wav,3.25,0.5,0.49,4
30083602_MinPolqaSfbRecording_cut.wav,3.666666667,0.577350269,0.653333333,3
30470189_MinPolqaSfbRecording_cut.wav,4.0,1.0,1.131606528,3
30493431_MinPolqaSfbRecording_cut.wav,3.666666667,0.577350269,0.653333333,3
30257426_MinPolqaSfbRecording_cut.wav,3.666666667,0.577350269,0.653333333,3
28660597_MinPolqaSfbRecording_cut.wav,4.0,1.0,1.131606528,3
30160497_MinPolqaSfbRecording_cut.wav,3.333333333,1.154700538,1.306666667,3
29543200_MinPolqaSfbRecording_cut.wav,3.666666667,0.577350269,0.653333333,3
30147718_MinPolqaSfbRecording_cut.wav,3.333333333,0.577350269,0.653333333,3
30252595_MinPolqaSfbRecording_cut.wav,3.0,1.414213562,1.385929291,4
28218020_MinPolqaSfbRecording_cut.wav,3.5,0.577350269,0.565803264,4
30263574_MinPolqaSfbRecording_cut.wav,3.0,0.816496581,0.800166649,4
30409715_MinPolqaSfbRecording_cut.wav,3.25,0.957427108,0.938278566,4
30121764_MinPolqaSfbRecording_cut.wav,2.75,0.5,0.49,4
28804863_MinPolqaSfbRecording_cut.wav,3.75,0.5,0.49,4
28646952_MinPolqaSfbRecording_cut.wav,3.75,0.5,0.49,4
27845864_MinPolqaSfbRecording_cut.wav,3.75,0.5,0.49,4
30100197_MinPolqaSfbRecording_cut.wav,2.75,1.258305739,1.233139624,4
28798736_MinPolqaSfbRecording_cut.wav,4.75,0.5,0.49,4
30260278_MinPolqaSfbRecording_cut.wav,3.25,0.957427108,0.938278566,4
30469460_MinPolqaSfbRecording_cut.wav,3.0,0.816496581,0.800166649,4
28759224_MinPolqaSfbRecording_cut.wav,3.75,0.5,0.49,4
30263647_MinPolqaSfbRecording_cut.wav,4.0,0.816496581,0.800166649,4
30177029_MinPolqaSfbRecording_cut.wav,1.5,1.0,0.98,4
30508465_MinPolqaSfbRecording_cut.wav,3.333333333,0.577350269,0.653333333,3
30475421_MinPolqaSfbRecording_cut.wav,3.333333333,0.577350269,0.653333333,3
30445270_MinPolqaSfbRecording_cut.wav,3.666666667,1.154700538,1.306666667,3
30139367_MinPolqaSfbRecording_cut.wav,2.333333333,0.577350269,0.653333333,3
30414218_MinPolqaSfbRecording_cut.wav,2.0,1.0,1.131606528,3
29044481_MinPolqaSfbRecording_cut.wav,4.0,1.0,1.131606528,3
28101732_MinPolqaSfbRecording_cut.wav,4.333333333,0.577350269,0.653333333,3
30201574_MinPolqaSfbRecording_cut.wav,1.666666667,1.154700538,1.306666667,3
30123197_MinPolqaSfbRecording_cut.wav,3.666666667,0.577350269,0.653333333,3
30157775_MinPolqaSfbRecording_cut.wav,3.25,0.5,0.49,4
30147061_MinPolqaSfbRecording_cut.wav,3.25,0.5,0.49,4
30081665_MinPolqaSfbRecording_cut.wav,3.5,0.577350269,0.565803264,4
30515841_MinPolqaSfbRecording_cut.wav,3.25,0.5,0.49,4
30174852_MinPolqaSfbRecording_cut.wav,2.75,0.957427108,0.938278566,4
30081772_MinPolqaSfbRecording_cut.wav,3.75,0.5,0.49,4
30430525_MinPolqaSfbRecording_cut.wav,3.25,0.5,0.49,4
30413555_MinPolqaSfbRecording_cut.wav,2.333333333,1.527525232,1.728557523,3
30073509_MinPolqaSfbRecording_cut.wav,3.0,1.0,1.131606528,3
30091873_MinPolqaSfbRecording_cut.wav,3.666666667,0.577350269,0.653333333,3
29542052_MinPolqaSfbRecording_cut.wav,3.666666667,0.577350269,0.653333333,3
30466902_MinPolqaSfbRecording_cut.wav,3.0,1.0,1.131606528,3
30502195_MinPolqaSfbRecording_cut.wav,2.666666667,1.154700538,1.306666667,3
30102787_MinPolqaSfbRecording_cut.wav,3.333333333,1.154700538,1.306666667,3
28290003_MinPolqaSfbRecording_cut.wav,3.666666667,1.154700538,1.306666667,3
30252876_MinPolqaSfbRecording_cut.wav,3.25,0.5,0.49,4
30493390_MinPolqaSfbRecording_cut.wav,2.5,0.577350269,0.565803264,4
30178467_MinPolqaSfbRecording_cut.wav,4.0,0.816496581,0.800166649,4
30183863_MinPolqaSfbRecording_cut.wav,2.75,1.5,1.47,4
28199637_MinPolqaSfbRecording_cut.wav,4.75,0.5,0.49,4
30484454_MinPolqaSfbRecording_cut.wav,3.0,0.0,0.0,4
30403154_MinPolqaSfbRecording_cut.wav,1.5,0.577350269,0.565803264,4
30260949_MinPolqaSfbRecording_cut.wav,2.5,0.577350269,0.565803264,4
30483599_MinPolqaSfbRecording_cut.wav,2.25,0.5,0.49,4
30081234_MinPolqaSfbRecording_cut.wav,3.0,0.0,0.0,4
28806452_MinPolqaSfbRecording_cut.wav,2.5,0.577350269,0.565803264,4
30199088_MinPolqaSfbRecording_cut.wav,2.75,0.5,0.49,4
28166661_MinPolqaSfbRecording_cut.wav,4.5,0.577350269,0.565803264,4
30110733_MinPolqaSfbRecording_cut.wav,2.25,0.5,0.49,4
30515925_MinPolqaSfbRecording_cut.wav,3.25,0.5,0.49,4
30500619_MinPolqaSfbRecording_cut.wav,2.25,0.5,0.49,4
30157418_MinPolqaSfbRecording_cut.wav,2.5,0.577350269,0.565803264,4
30407143_MinPolqaSfbRecording_cut.wav,3.5,0.577350269,0.565803264,4
30091795_MinPolqaSfbRecording_cut.wav,3.75,0.5,0.49,4
30467047_MinPolqaSfbRecording_cut.wav,2.5,1.290994449,1.26517456,4
30529139_MinPolqaSfbRecording_cut.wav,1.5,1.0,0.98,4
30514641_MinPolqaSfbRecording_cut.wav,1.25,0.5,0.49,4
30456685_MinPolqaSfbRecording_cut.wav,2.75,0.5,0.49,4
30134401_MinPolqaSfbRecording_cut.wav,3.0,0.816496581,0.800166649,4
30157760_MinPolqaSfbRecording_cut.wav,2.25,0.957427108,0.938278566,4
30431674_MinPolqaSfbRecording_cut.wav,2.0,1.154700538,1.131606528,4
30066241_MinPolqaSfbRecording_cut.wav,3.75,0.5,0.49,4
30193228_MinPolqaSfbRecording_cut.wav,3.75,0.957427108,0.938278566,4
30114039_MinPolqaSfbRecording_cut.wav,2.666666667,1.154700538,1.306666667,3
30138394_MinPolqaSfbRecording_cut.wav,3.0,1.0,1.131606528,3
30177846_MinPolqaSfbRecording_cut.wav,2.666666667,1.527525232,1.728557523,3
28440271_MinPolqaSfbRecording_cut.wav,3.666666667,0.577350269,0.653333333,3
27575941_MinPolqaSfbRecording_cut.wav,4.0,1.0,1.131606528,3
30192676_MinPolqaSfbRecording_cut.wav,2.333333333,1.527525232,1.728557523,3
30085443_MinPolqaSfbRecording_cut.wav,2.333333333,1.154700538,1.306666667,3
30108263_MinPolqaSfbRecording_cut.wav,3.333333333,1.154700538,1.306666667,3
30062639_MinPolqaSfbRecording_cut.wav,3.666666667,0.577350269,0.653333333,3
30080264_MinPolqaSfbRecording_cut.wav,4.25,0.5,0.49,4
30446723_MinPolqaSfbRecording_cut.wav,4.0,0.816496581,0.800166649,4
29538526_MinPolqaSfbRecording_cut.wav,3.25,1.258305739,1.233139624,4
30069380_MinPolqaSfbRecording_cut.wav,3.25,1.5,1.47,4
30423103_MinPolqaSfbRecording_cut.wav,3.75,0.957427108,0.938278566,4
30178691_MinPolqaSfbRecording_cut.wav,3.25,1.5,1.47,4
30073032_MinPolqaSfbRecording_cut.wav,2.75,0.957427108,0.938278566,4
30212040_MinPolqaSfbRecording_cut.wav,3.25,1.5,1.47,4
30133945_MinPolqaSfbRecording_cut.wav,4.25,0.5,0.49,4
30505506_MinPolqaSfbRecording_cut.wav,3.75,0.957427108,0.938278566,4
28363064_MinPolqaSfbRecording_cut.wav,3.8,0.836660027,0.733364848,5
30060394_MinPolqaSfbRecording_cut.wav,2.8,0.836660027,0.733364848,5
30455247_MinPolqaSfbRecording_cut.wav,2.2,0.447213595,0.392,5
28651891_MinPolqaSfbRecording_cut.wav,3.6,0.894427191,0.784,5
27829280_MinPolqaSfbRecording_cut.wav,3.4,0.894427191,0.784,5
30083779_MinPolqaSfbRecording_cut.wav,2.6,0.894427191,0.784,5
30090986_MinPolqaSfbRecording_cut.wav,3.0,0.707106781,0.619806421,5
30122359_MinPolqaSfbRecording_cut.wav,3.2,0.447213595,0.392,5
30064913_MinPolqaSfbRecording_cut.wav,3.0,1.0,0.876538647,5
30150685_MinPolqaSfbRecording_cut.wav,3.2,1.095445115,0.960199979,5
30513088_MinPolqaSfbRecording_cut.wav,3.2,0.836660027,0.733364848,5
30144874_MinPolqaSfbRecording_cut.wav,3.6,1.341640786,1.176,5
30091294_MinPolqaSfbRecording_cut.wav,1.8,1.303840481,1.142866571,5
30407104_MinPolqaSfbRecording_cut.wav,2.2,1.303840481,1.142866571,5
30491376_MinPolqaSfbRecording_cut.wav,2.4,1.140175425,0.999407825,5
30150094_MinPolqaSfbRecording_cut.wav,2.6,0.894427191,0.784,5
30150897_MinPolqaSfbRecording_cut.wav,2.6,0.894427191,0.784,5
30162292_MinPolqaSfbRecording_cut.wav,2.0,1.414213562,1.96,2
30164345_MinPolqaSfbRecording_cut.wav,4.0,1.414213562,1.96,2
30207223_MinPolqaSfbRecording_cut.wav,4.0,1.414213562,1.96,2
30107232_MinPolqaSfbRecording_cut.wav,3.0,1.414213562,1.96,2
27674243_MinPolqaSfbRecording_cut.wav,4.5,0.707106781,0.98,2
27747839_MinPolqaSfbRecording_cut.wav,4.0,1.414213562,1.96,2
25744916_MinPolqaSfbRecording_cut.wav,4.0,1.414213562,1.96,2
30257328_MinPolqaSfbRecording_cut.wav,3.0,0.0,0.0,2
30185431_MinPolqaSfbRecording_cut.wav,4.0,0.816496581,0.800166649,4
27569033_MinPolqaSfbRecording_cut.wav,4.0,0.0,0.0,4
30087244_MinPolqaSfbRecording_cut.wav,2.75,0.5,0.49,4
30200033_MinPolqaSfbRecording_cut.wav,2.5,0.577350269,0.565803264,4
30403153_MinPolqaSfbRecording_cut.wav,1.5,0.577350269,0.565803264,4
30505712_MinPolqaSfbRecording_cut.wav,3.25,0.5,0.49,4
28700112_MinPolqaSfbRecording_cut.wav,3.333333333,0.577350269,0.653333333,3
30139030_MinPolqaSfbRecording_cut.wav,3.666666667,1.154700538,1.306666667,3
30252312_MinPolqaSfbRecording_cut.wav,3.333333333,0.577350269,0.653333333,3
30256219_MinPolqaSfbRecording_cut.wav,4.333333333,0.577350269,0.653333333,3
30059536_MinPolqaSfbRecording_cut.wav,4.0,0.0,0.0,3
30107778_MinPolqaSfbRecording_cut.wav,4.0,0.0,0.0,3
30139584_MinPolqaSfbRecording_cut.wav,2.0,1.732050808,1.96,3
30163008_MinPolqaSfbRecording_cut.wav,2.25,0.957427108,0.938278566,4
30096472_MinPolqaSfbRecording_cut.wav,2.0,0.816496581,0.800166649,4
28213561_MinPolqaSfbRecording_cut.wav,4.25,0.5,0.49,4
30137433_MinPolqaSfbRecording_cut.wav,2.0,0.816496581,0.800166649,4
30206059_MinPolqaSfbRecording_cut.wav,1.75,0.5,0.49,4
30064990_MinPolqaSfbRecording_cut.wav,4.0,0.816496581,0.800166649,4
30150323_MinPolqaSfbRecording_cut.wav,3.75,0.5,0.49,4
30414190_MinPolqaSfbRecording_cut.wav,2.5,0.577350269,0.565803264,4
30486633_MinPolqaSfbRecording_cut.wav,2.0,0.0,0.0,4
29531773_MinPolqaSfbRecording_cut.wav,1.25,0.5,0.49,4
30512907_MinPolqaSfbRecording_cut.wav,2.25,0.5,0.49,4
28289455_MinPolqaSfbRecording_cut.wav,4.75,0.5,0.49,4
30449516_MinPolqaSfbRecording_cut.wav,3.75,0.5,0.49,4
30106560_MinPolqaSfbRecording_cut.wav,1.25,0.5,0.49,4
30151145_MinPolqaSfbRecording_cut.wav,1.5,1.0,0.98,4
30073002_MinPolqaSfbRecording_cut.wav,3.75,0.5,0.49,4
27639989_MinPolqaSfbRecording_cut.wav,5.0,0.0,0.0,4
30264353_MinPolqaSfbRecording_cut.wav,2.0,0.816496581,0.800166649,4
30062187_MinPolqaSfbRecording_cut.wav,2.25,0.957427108,0.938278566,4
30202273_MinPolqaSfbRecording_cut.wav,4.25,0.5,0.49,4
27677179_MinPolqaSfbRecording_cut.wav,3.75,0.957427108,0.938278566,4
30123617_MinPolqaSfbRecording_cut.wav,3.0,0.816496581,0.800166649,4
28957680_MinPolqaSfbRecording_cut.wav,3.75,0.5,0.49,4
30180397_MinPolqaSfbRecording_cut.wav,1.5,0.577350269,0.565803264,4
30409760_MinPolqaSfbRecording_cut.wav,4.25,0.957427108,0.938278566,4
30519696_MinPolqaSfbRecording_cut.wav,3.666666667,0.577350269,0.653333333,3
30249537_MinPolqaSfbRecording_cut.wav,3.0,1.0,1.131606528,3
30148779_MinPolqaSfbRecording_cut.wav,3.0,0.0,0.0,3
30130948_MinPolqaSfbRecording_cut.wav,3.0,1.732050808,1.96,3
27675083_MinPolqaSfbRecording_cut.wav,3.0,1.0,1.131606528,3
30123071_MinPolqaSfbRecording_cut.wav,2.666666667,1.154700538,1.306666667,3
30137130_MinPolqaSfbRecording_cut.wav,4.0,1.0,1.131606528,3
30159605_MinPolqaSfbRecording_cut.wav,3.333333333,0.577350269,0.653333333,3
29533934_MinPolqaSfbRecording_cut.wav,3.75,0.5,0.49,4
30182645_MinPolqaSfbRecording_cut.wav,3.5,0.577350269,0.565803264,4
30507544_MinPolqaSfbRecording_cut.wav,3.25,0.957427108,0.938278566,4
30443068_MinPolqaSfbRecording_cut.wav,3.75,0.5,0.49,4
30207919_MinPolqaSfbRecording_cut.wav,4.0,0.816496581,0.800166649,4
27928361_MinPolqaSfbRecording_cut.wav,4.5,0.577350269,0.565803264,4
30085773_MinPolqaSfbRecording_cut.wav,2.0,0.816496581,0.800166649,4
30078885_MinPolqaSfbRecording_cut.wav,2.25,0.5,0.49,4
30209198_MinPolqaSfbRecording_cut.wav,3.0,0.816496581,0.800166649,4
27770738_MinPolqaSfbRecording_cut.wav,3.666666667,1.154700538,1.306666667,3
30455466_MinPolqaSfbRecording_cut.wav,3.0,1.0,1.131606528,3
30485596_MinPolqaSfbRecording_cut.wav,2.666666667,0.577350269,0.653333333,3
28753470_MinPolqaSfbRecording_cut.wav,4.666666667,0.577350269,0.653333333,3
27887595_MinPolqaSfbRecording_cut.wav,3.666666667,0.577350269,0.653333333,3
30527506_MinPolqaSfbRecording_cut.wav,2.333333333,0.577350269,0.653333333,3
30477911_MinPolqaSfbRecording_cut.wav,4.333333333,0.577350269,0.653333333,3
30159023_MinPolqaSfbRecording_cut.wav,3.0,0.707106781,0.619806421,5
30209222_MinPolqaSfbRecording_cut.wav,2.2,0.447213595,0.392,5
30200820_MinPolqaSfbRecording_cut.wav,2.2,0.836660027,0.733364848,5
30505515_MinPolqaSfbRecording_cut.wav,2.0,0.707106781,0.619806421,5
30105252_MinPolqaSfbRecording_cut.wav,3.6,0.547722558,0.48009999,5
28426129_MinPolqaSfbRecording_cut.wav,2.8,0.836660027,0.733364848,5
30138794_MinPolqaSfbRecording_cut.wav,2.0,1.224744871,1.073536213,5
28173916_MinPolqaSfbRecording_cut.wav,4.2,0.836660027,0.733364848,5
27580948_MinPolqaSfbRecording_cut.wav,3.6,0.547722558,0.48009999,5
30467415_MinPolqaSfbRecording_cut.wav,2.8,0.447213595,0.392,5
30172433_MinPolqaSfbRecording_cut.wav,3.5,0.707106781,0.98,2
30200313_MinPolqaSfbRecording_cut.wav,3.5,0.707106781,0.98,2
30412836_MinPolqaSfbRecording_cut.wav,4.0,0.0,0.0,2
30183228_MinPolqaSfbRecording_cut.wav,3.0,1.414213562,1.96,2
27517592_MinPolqaSfbRecording_cut.wav,4.0,0.0,0.0,2
27757815_MinPolqaSfbRecording_cut.wav,4.5,0.707106781,0.98,2
30106407_MinPolqaSfbRecording_cut.wav,2.0,1.414213562,1.96,2
30090062_MinPolqaSfbRecording_cut.wav,4.5,0.707106781,0.98,2
30503488_MinPolqaSfbRecording_cut.wav,3.2,1.303840481,1.142866571,5
30471532_MinPolqaSfbRecording_cut.wav,2.8,1.095445115,0.960199979,5
30109506_MinPolqaSfbRecording_cut.wav,3.8,0.447213595,0.392,5
29530295_MinPolqaSfbRecording_cut.wav,4.2,0.836660027,0.733364848,5
30431821_MinPolqaSfbRecording_cut.wav,4.2,0.447213595,0.392,5
30121488_MinPolqaSfbRecording_cut.wav,4.8,0.447213595,0.392,5
30475741_MinPolqaSfbRecording_cut.wav,3.0,1.0,0.876538647,5
30259645_MinPolqaSfbRecording_cut.wav,2.8,0.447213595,0.392,5
30105061_MinPolqaSfbRecording_cut.wav,3.8,0.836660027,0.733364848,5
28327996_MinPolqaSfbRecording_cut.wav,3.2,0.447213595,0.392,5
30120984_MinPolqaSfbRecording_cut.wav,3.2,0.836660027,0.733364848,5
28772117_MinPolqaSfbRecording_cut.wav,3.4,0.547722558,0.48009999,5
30168436_MinPolqaSfbRecording_cut.wav,1.6,0.547722558,0.48009999,5
30423464_MinPolqaSfbRecording_cut.wav,3.0,0.0,0.0,5
30134408_MinPolqaSfbRecording_cut.wav,2.0,1.414213562,1.239612843,5
30069192_MinPolqaSfbRecording_cut.wav,3.5,1.290994449,1.26517456,4
29536977_MinPolqaSfbRecording_cut.wav,2.0,1.154700538,1.131606528,4
30211522_MinPolqaSfbRecording_cut.wav,3.0,1.414213562,1.385929291,4
30519297_MinPolqaSfbRecording_cut.wav,3.0,1.632993162,1.600333299,4
30127122_MinPolqaSfbRecording_cut.wav,3.25,1.5,1.47,4
30174406_MinPolqaSfbRecording_cut.wav,3.25,1.707825128,1.673668625,4
30122795_MinPolqaSfbRecording_cut.wav,4.0,2.0,1.96,4
30250792_MinPolqaSfbRecording_cut.wav,2.75,1.5,1.47,4
30515763_MinPolqaSfbRecording_cut.wav,3.5,0.577350269,0.565803264,4
30174104_MinPolqaSfbRecording_cut.wav,2.25,1.5,1.47,4
30113494_MinPolqaSfbRecording_cut.wav,2.5,1.914854216,1.876557131,4
28435780_MinPolqaSfbRecording_cut.wav,3.25,1.707825128,1.673668625,4
30167400_MinPolqaSfbRecording_cut.wav,3.5,1.732050808,1.697409791,4
30092082_MinPolqaSfbRecording_cut.wav,3.75,0.957427108,0.938278566,4
30068878_MinPolqaSfbRecording_cut.wav,3.25,0.5,0.49,4
30127061_MinPolqaSfbRecording_cut.wav,2.75,2.061552813,2.020321757,4
30508148_MinPolqaSfbRecording_cut.wav,2.5,1.0,0.98,4
27953215_MinPolqaSfbRecording_cut.wav,4.5,0.577350269,0.565803264,4
28997251_MinPolqaSfbRecording_cut.wav,4.5,0.577350269,0.565803264,4
28888497_MinPolqaSfbRecording_cut.wav,3.75,0.957427108,0.938278566,4
30497598_MinPolqaSfbRecording_cut.wav,3.5,0.577350269,0.565803264,4
28846014_MinPolqaSfbRecording_cut.wav,3.75,0.957427108,0.938278566,4
30255348_MinPolqaSfbRecording_cut.wav,3.75,1.5,1.47,4
30205906_MinPolqaSfbRecording_cut.wav,3.25,1.5,1.47,4
30076522_MinPolqaSfbRecording_cut.wav,3.0,1.0,1.131606528,3
28850917_MinPolqaSfbRecording_cut.wav,3.0,0.0,0.0,3
30482165_MinPolqaSfbRecording_cut.wav,2.333333333,1.154700538,1.306666667,3
30109678_MinPolqaSfbRecording_cut.wav,3.666666667,1.527525232,1.728557523,3
28982248_MinPolqaSfbRecording_cut.wav,3.666666667,0.577350269,0.653333333,3
30129926_MinPolqaSfbRecording_cut.wav,1.333333333,0.577350269,0.653333333,3
30113579_MinPolqaSfbRecording_cut.wav,1.333333333,0.577350269,0.653333333,3
27684590_MinPolqaSfbRecording_cut.wav,4.0,0.0,0.0,3
27924813_MinPolqaSfbRecording_cut.wav,4.0,1.0,1.131606528,3
30123618_MinPolqaSfbRecording_cut.wav,3.5,0.577350269,0.565803264,4
30264104_MinPolqaSfbRecording_cut.wav,3.0,1.154700538,1.131606528,4
30430129_MinPolqaSfbRecording_cut.wav,3.0,0.816496581,0.800166649,4
30470618_MinPolqaSfbRecording_cut.wav,3.5,1.0,0.98,4
30162129_MinPolqaSfbRecording_cut.wav,3.75,0.957427108,0.938278566,4
30090978_MinPolqaSfbRecording_cut.wav,3.5,1.290994449,1.26517456,4
30063053_MinPolqaSfbRecording_cut.wav,4.5,0.577350269,0.565803264,4
30257160_MinPolqaSfbRecording_cut.wav,1.75,0.957427108,0.938278566,4
28963905_MinPolqaSfbRecording_cut.wav,5.0,0.0,0.0,2
30405272_MinPolqaSfbRecording_cut.wav,3.5,0.707106781,0.98,2
30120080_MinPolqaSfbRecording_cut.wav,4.5,0.707106781,0.98,2
30171144_MinPolqaSfbRecording_cut.wav,4.0,0.0,0.0,2
30164045_MinPolqaSfbRecording_cut.wav,3.5,0.707106781,0.98,2
28524674_MinPolqaSfbRecording_cut.wav,4.0,0.0,0.0,2
30149536_MinPolqaSfbRecording_cut.wav,4.5,0.707106781,0.98,2
30520372_MinPolqaSfbRecording_cut.wav,3.5,0.707106781,0.98,2
30432162_MinPolqaSfbRecording_cut.wav,4.5,0.707106781,0.98,2
30146186_MinPolqaSfbRecording_cut.wav,3.0,1.414213562,1.96,2
30521464_MinPolqaSfbRecording_cut.wav,2.0,0.0,0.0,4
30523691_MinPolqaSfbRecording_cut.wav,2.75,0.5,0.49,4
30436585_MinPolqaSfbRecording_cut.wav,1.0,0.0,0.0,4
30490712_MinPolqaSfbRecording_cut.wav,3.25,0.5,0.49,4
28083379_MinPolqaSfbRecording_cut.wav,3.25,0.5,0.49,4
27758664_MinPolqaSfbRecording_cut.wav,3.5,0.577350269,0.565803264,4
30198940_MinPolqaSfbRecording_cut.wav,2.0,0.0,0.0,4
30129800_MinPolqaSfbRecording_cut.wav,2.5,0.577350269,0.565803264,4
30255274_MinPolqaSfbRecording_cut.wav,2.0,0.816496581,0.800166649,4
28268985_MinPolqaSfbRecording_cut.wav,3.5,0.577350269,0.565803264,4
30204220_MinPolqaSfbRecording_cut.wav,2.75,0.957427108,0.938278566,4
30496416_MinPolqaSfbRecording_cut.wav,3.75,0.5,0.49,4
30099124_MinPolqaSfbRecording_cut.wav,1.75,0.957427108,0.938278566,4
30523869_MinPolqaSfbRecording_cut.wav,3.0,0.816496581,0.800166649,4
30426224_MinPolqaSfbRecording_cut.wav,3.5,0.577350269,0.565803264,4
29530653_MinPolqaSfbRecording_cut.wav,2.75,0.957427108,0.938278566,4
30255629_MinPolqaSfbRecording_cut.wav,2.5,1.0,0.98,4
29536942_MinPolqaSfbRecording_cut.wav,2.0,1.154700538,1.131606528,4
30488285_MinPolqaSfbRecording_cut.wav,3.0,0.816496581,0.800166649,4
30467071_MinPolqaSfbRecording_cut.wav,3.0,0.816496581,0.800166649,4
30087286_MinPolqaSfbRecording_cut.wav,4.0,0.816496581,0.800166649,4
30490440_MinPolqaSfbRecording_cut.wav,3.75,0.5,0.49,4
30068914_MinPolqaSfbRecording_cut.wav,4.0,0.816496581,0.800166649,4
30442740_MinPolqaSfbRecording_cut.wav,3.25,0.957427108,0.938278566,4
29536677_MinPolqaSfbRecording_cut.wav,1.5,1.0,0.98,4
30109651_MinPolqaSfbRecording_cut.wav,2.0,0.816496581,0.800166649,4
28349700_MinPolqaSfbRecording_cut.wav,3.75,0.957427108,0.938278566,4
27589832_MinPolqaSfbRecording_cut.wav,3.75,0.5,0.49,4
30413557_MinPolqaSfbRecording_cut.wav,2.5,0.577350269,0.565803264,4
28337931_MinPolqaSfbRecording_cut.wav,3.75,1.258305739,1.233139624,4
30514639_MinPolqaSfbRecording_cut.wav,1.75,0.5,0.49,4
27685219_MinPolqaSfbRecording_cut.wav,3.666666667,1.527525232,1.728557523,3
28601412_MinPolqaSfbRecording_cut.wav,3.666666667,0.577350269,0.653333333,3
29001791_MinPolqaSfbRecording_cut.wav,4.0,1.0,1.131606528,3
30468047_MinPolqaSfbRecording_cut.wav,4.0,1.0,1.131606528,3
30509919_MinPolqaSfbRecording_cut.wav,3.666666667,0.577350269,0.653333333,3
27841433_MinPolqaSfbRecording_cut.wav,4.666666667,0.577350269,0.653333333,3
28031815_MinPolqaSfbRecording_cut.wav,4.0,0.0,0.0,3
30493518_MinPolqaSfbRecording_cut.wav,3.666666667,0.577350269,0.653333333,3
30528543_MinPolqaSfbRecording_cut.wav,3.333333333,1.154700538,1.306666667,3
30078491_MinPolqaSfbRecording_cut.wav,4.666666667,0.577350269,0.653333333,3
29540191_MinPolqaSfbRecording_cut.wav,1.666666667,0.577350269,0.653333333,3
30164159_MinPolqaSfbRecording_cut.wav,2.666666667,2.081665999,2.355626833,3
27836701_MinPolqaSfbRecording_cut.wav,4.333333333,0.577350269,0.653333333,3
30519964_MinPolqaSfbRecording_cut.wav,5.0,0.0,0.0,3
30454902_MinPolqaSfbRecording_cut.wav,1.0,0.0,0.0,3
28625233_MinPolqaSfbRecording_cut.wav,4.333333333,0.577350269,0.653333333,3
30510218_MinPolqaSfbRecording_cut.wav,2.5,1.0,0.98,4
30147356_MinPolqaSfbRecording_cut.wav,3.25,0.957427108,0.938278566,4
30506171_MinPolqaSfbRecording_cut.wav,2.75,1.258305739,1.233139624,4
30172143_MinPolqaSfbRecording_cut.wav,3.75,1.258305739,1.233139624,4
30497501_MinPolqaSfbRecording_cut.wav,3.5,1.732050808,1.697409791,4
30505788_MinPolqaSfbRecording_cut.wav,2.25,1.258305739,1.233139624,4
30069931_MinPolqaSfbRecording_cut.wav,3.0,1.632993162,1.600333299,4
30148577_MinPolqaSfbRecording_cut.wav,2.75,1.258305739,1.233139624,4
30520396_MinPolqaSfbRecording_cut.wav,2.25,0.957427108,0.938278566,4
30209199_MinPolqaSfbRecording_cut.wav,2.6,1.516575089,1.329336677,5
30263995_MinPolqaSfbRecording_cut.wav,3.4,0.894427191,0.784,5
30179054_MinPolqaSfbRecording_cut.wav,3.2,1.303840481,1.142866571,5
28628707_MinPolqaSfbRecording_cut.wav,4.8,0.447213595,0.392,5
30143617_MinPolqaSfbRecording_cut.wav,4.6,0.547722558,0.48009999,5
30158624_MinPolqaSfbRecording_cut.wav,4.0,0.0,0.0,5
30138511_MinPolqaSfbRecording_cut.wav,3.0,0.0,0.0,3
30439178_MinPolqaSfbRecording_cut.wav,2.0,1.0,1.131606528,3
28367466_MinPolqaSfbRecording_cut.wav,2.333333333,0.577350269,0.653333333,3
30163255_MinPolqaSfbRecording_cut.wav,2.666666667,0.577350269,0.653333333,3
30108056_MinPolqaSfbRecording_cut.wav,2.666666667,0.577350269,0.653333333,3
30079732_MinPolqaSfbRecording_cut.wav,3.0,0.0,0.0,3
30208505_MinPolqaSfbRecording_cut.wav,3.666666667,0.577350269,0.653333333,3
30117970_MinPolqaSfbRecording_cut.wav,2.666666667,0.577350269,0.653333333,3
29534251_MinPolqaSfbRecording_cut.wav,3.666666667,0.577350269,0.653333333,3
28325656_MinPolqaSfbRecording_cut.wav,3.75,1.258305739,1.233139624,4
30157637_MinPolqaSfbRecording_cut.wav,4.75,0.5,0.49,4
27576141_MinPolqaSfbRecording_cut.wav,4.0,0.816496581,0.800166649,4
30162023_MinPolqaSfbRecording_cut.wav,2.25,1.258305739,1.233139624,4
28505026_MinPolqaSfbRecording_cut.wav,3.5,0.577350269,0.565803264,4
30118908_MinPolqaSfbRecording_cut.wav,2.75,0.5,0.49,4
30433950_MinPolqaSfbRecording_cut.wav,2.75,1.5,1.47,4
29530954_MinPolqaSfbRecording_cut.wav,2.75,0.957427108,0.938278566,4
30119777_MinPolqaSfbRecording_cut.wav,4.25,0.5,0.49,4
30062998_MinPolqaSfbRecording_cut.wav,2.8,1.303840481,1.142866571,5
30529293_MinPolqaSfbRecording_cut.wav,3.6,1.140175425,0.999407825,5
30484294_MinPolqaSfbRecording_cut.wav,3.4,0.894427191,0.784,5
30140778_MinPolqaSfbRecording_cut.wav,3.4,0.547722558,0.48009999,5
30103225_MinPolqaSfbRecording_cut.wav,2.6,1.816590212,1.592311527,5
30122728_MinPolqaSfbRecording_cut.wav,3.2,1.643167673,1.440299969,5
28054048_MinPolqaSfbRecording_cut.wav,3.2,0.836660027,0.733364848,5
30122152_MinPolqaSfbRecording_cut.wav,4.0,0.707106781,0.619806421,5
28585084_MinPolqaSfbRecording_cut.wav,4.0,0.0,0.0,4
30202351_MinPolqaSfbRecording_cut.wav,3.25,0.5,0.49,4
30520604_MinPolqaSfbRecording_cut.wav,3.25,0.5,0.49,4
30214331_MinPolqaSfbRecording_cut.wav,4.25,0.5,0.49,4
30445806_MinPolqaSfbRecording_cut.wav,2.25,0.5,0.49,4
30517043_MinPolqaSfbRecording_cut.wav,2.5,0.577350269,0.565803264,4
30487988_MinPolqaSfbRecording_cut.wav,2.5,1.0,0.98,4
30258504_MinPolqaSfbRecording_cut.wav,4.5,0.577350269,0.565803264,4
30086912_MinPolqaSfbRecording_cut.wav,4.0,0.0,0.0,4
30125968_MinPolqaSfbRecording_cut.wav,3.5,0.707106781,0.98,2
30263554_MinPolqaSfbRecording_cut.wav,1.5,0.707106781,0.98,2
30171412_MinPolqaSfbRecording_cut.wav,3.0,1.414213562,1.96,2
30127401_MinPolqaSfbRecording_cut.wav,3.5,0.707106781,0.98,2
30428921_MinPolqaSfbRecording_cut.wav,3.5,0.707106781,0.98,2
30162398_MinPolqaSfbRecording_cut.wav,2.5,0.707106781,0.98,2
30061376_MinPolqaSfbRecording_cut.wav,4.5,0.707106781,0.98,2
30511905_MinPolqaSfbRecording_cut.wav,4.0,0.0,0.0,2
29529585_MinPolqaSfbRecording_cut.wav,4.25,0.957427108,0.938278566,4
30461790_MinPolqaSfbRecording_cut.wav,4.0,1.414213562,1.385929291,4
30145425_MinPolqaSfbRecording_cut.wav,4.0,0.816496581,0.800166649,4
30406667_MinPolqaSfbRecording_cut.wav,3.75,1.258305739,1.233139624,4
30096434_MinPolqaSfbRecording_cut.wav,4.0,0.0,0.0,4
30179008_MinPolqaSfbRecording_cut.wav,3.75,0.5,0.49,4
30127824_MinPolqaSfbRecording_cut.wav,3.5,0.577350269,0.565803264,4
28705013_MinPolqaSfbRecording_cut.wav,3.5,1.0,0.98,4
30503217_MinPolqaSfbRecording_cut.wav,3.25,1.258305739,1.233139624,4
30443760_MinPolqaSfbRecording_cut.wav,3.5,0.577350269,0.565803264,4
30523265_MinPolqaSfbRecording_cut.wav,2.8,0.836660027,0.733364848,5
29534459_MinPolqaSfbRecording_cut.wav,3.2,0.836660027,0.733364848,5
30430386_MinPolqaSfbRecording_cut.wav,2.2,1.303840481,1.142866571,5
28088247_MinPolqaSfbRecording_cut.wav,4.0,0.707106781,0.619806421,5
30161427_MinPolqaSfbRecording_cut.wav,3.2,0.836660027,0.733364848,5
30180519_MinPolqaSfbRecording_cut.wav,2.4,1.140175425,0.999407825,5
30128700_MinPolqaSfbRecording_cut.wav,2.4,1.140175425,0.999407825,5
30483563_MinPolqaSfbRecording_cut.wav,3.4,0.547722558,0.48009999,5
30528192_MinPolqaSfbRecording_cut.wav,2.2,0.447213595,0.392,5
28652441_MinPolqaSfbRecording_cut.wav,3.25,0.5,0.49,4
30164904_MinPolqaSfbRecording_cut.wav,1.5,0.577350269,0.565803264,4
30438859_MinPolqaSfbRecording_cut.wav,2.5,0.577350269,0.565803264,4
30156198_MinPolqaSfbRecording_cut.wav,4.0,0.816496581,0.800166649,4
30487452_MinPolqaSfbRecording_cut.wav,3.0,0.0,0.0,4
30409951_MinPolqaSfbRecording_cut.wav,2.25,0.5,0.49,4
28493195_MinPolqaSfbRecording_cut.wav,4.25,0.957427108,0.938278566,4
28805486_MinPolqaSfbRecording_cut.wav,3.5,0.577350269,0.565803264,4
30154431_MinPolqaSfbRecording_cut.wav,3.0,0.816496581,0.800166649,4
30067528_MinPolqaSfbRecording_cut.wav,3.0,1.414213562,1.385929291,4
30467125_MinPolqaSfbRecording_cut.wav,3.2,1.483239697,1.300116918,5
30194291_MinPolqaSfbRecording_cut.wav,2.2,1.303840481,1.142866571,5
27848652_MinPolqaSfbRecording_cut.wav,3.6,1.341640786,1.176,5
29542784_MinPolqaSfbRecording_cut.wav,3.8,1.303840481,1.142866571,5
30427267_MinPolqaSfbRecording_cut.wav,2.0,1.732050808,1.518209472,5
30444960_MinPolqaSfbRecording_cut.wav,3.8,1.303840481,1.142866571,5
29541891_MinPolqaSfbRecording_cut.wav,2.6,1.516575089,1.329336677,5
30154334_MinPolqaSfbRecording_cut.wav,1.4,0.894427191,0.784,5
30487286_MinPolqaSfbRecording_cut.wav,3.6,0.547722558,0.48009999,5
30502254_MinPolqaSfbRecording_cut.wav,3.0,1.0,0.876538647,5
30199122_MinPolqaSfbRecording_cut.wav,4.2,0.447213595,0.392,5
30443841_MinPolqaSfbRecording_cut.wav,1.6,0.547722558,0.48009999,5
30130090_MinPolqaSfbRecording_cut.wav,2.8,0.836660027,0.733364848,5
30090858_MinPolqaSfbRecording_cut.wav,4.666666667,0.577350269,0.653333333,3
30205168_MinPolqaSfbRecording_cut.wav,4.0,1.0,1.131606528,3
27730223_MinPolqaSfbRecording_cut.wav,3.666666667,0.577350269,0.653333333,3
28711619_MinPolqaSfbRecording_cut.wav,4.333333333,0.577350269,0.653333333,3
27757359_MinPolqaSfbRecording_cut.wav,4.333333333,0.577350269,0.653333333,3
27983079_MinPolqaSfbRecording_cut.wav,5.0,0.0,0.0,3
30511040_MinPolqaSfbRecording_cut.wav,3.2,1.095445115,0.960199979,5
30429204_MinPolqaSfbRecording_cut.wav,2.4,1.140175425,0.999407825,5
30066699_MinPolqaSfbRecording_cut.wav,4.2,0.836660027,0.733364848,5
27936032_MinPolqaSfbRecording_cut.wav,3.8,0.836660027,0.733364848,5
30521495_MinPolqaSfbRecording_cut.wav,2.6,0.894427191,0.784,5
30520105_MinPolqaSfbRecording_cut.wav,1.8,1.303840481,1.142866571,5
30178690_MinPolqaSfbRecording_cut.wav,2.4,0.894427191,0.784,5
30453063_MinPolqaSfbRecording_cut.wav,3.2,1.643167673,1.440299969,5
30142344_MinPolqaSfbRecording_cut.wav,3.0,1.414213562,1.239612843,5
28037441_MinPolqaSfbRecording_cut.wav,4.0,0.707106781,0.619806421,5
30456105_MinPolqaSfbRecording_cut.wav,2.4,1.516575089,1.329336677,5
30120890_MinPolqaSfbRecording_cut.wav,4.0,0.707106781,0.619806421,5
30521191_MinPolqaSfbRecording_cut.wav,3.4,0.547722558,0.48009999,5
30449655_MinPolqaSfbRecording_cut.wav,2.4,1.140175425,0.999407825,5
30150962_MinPolqaSfbRecording_cut.wav,2.6,0.547722558,0.48009999,5
28366439_MinPolqaSfbRecording_cut.wav,4.4,0.547722558,0.48009999,5
30139582_MinPolqaSfbRecording_cut.wav,1.8,0.836660027,0.733364848,5
28489009_MinPolqaSfbRecording_cut.wav,3.8,0.447213595,0.392,5
30149667_MinPolqaSfbRecording_cut.wav,4.0,0.816496581,0.800166649,4
30090937_MinPolqaSfbRecording_cut.wav,3.25,1.258305739,1.233139624,4
30101579_MinPolqaSfbRecording_cut.wav,4.5,0.577350269,0.565803264,4
30081235_MinPolqaSfbRecording_cut.wav,3.5,0.577350269,0.565803264,4
28481875_MinPolqaSfbRecording_cut.wav,4.0,0.816496581,0.800166649,4
30148482_MinPolqaSfbRecording_cut.wav,2.5,0.577350269,0.565803264,4
30411838_MinPolqaSfbRecording_cut.wav,4.25,0.5,0.49,4
30193423_MinPolqaSfbRecording_cut.wav,2.75,0.957427108,0.938278566,4
30427350_MinPolqaSfbRecording_cut.wav,3.0,0.0,0.0,4
29541259_MinPolqaSfbRecording_cut.wav,4.0,0.0,0.0,4
30458476_MinPolqaSfbRecording_cut.wav,3.75,0.5,0.49,4
30076341_MinPolqaSfbRecording_cut.wav,1.5,0.577350269,0.565803264,4
30481550_MinPolqaSfbRecording_cut.wav,3.25,0.5,0.49,4
30078531_MinPolqaSfbRecording_cut.wav,2.75,0.5,0.49,4
30423461_MinPolqaSfbRecording_cut.wav,3.5,0.577350269,0.565803264,4
30185079_MinPolqaSfbRecording_cut.wav,4.0,0.0,0.0,4
30526387_MinPolqaSfbRecording_cut.wav,2.5,0.577350269,0.565803264,4
30425179_MinPolqaSfbRecording_cut.wav,3.5,0.577350269,0.565803264,4
30201573_MinPolqaSfbRecording_cut.wav,2.25,0.957427108,0.938278566,4
29531689_MinPolqaSfbRecording_cut.wav,3.25,0.5,0.49,4
30402481_MinPolqaSfbRecording_cut.wav,1.75,0.957427108,0.938278566,4
30462930_MinPolqaSfbRecording_cut.wav,2.75,0.5,0.49,4
30072787_MinPolqaSfbRecording_cut.wav,3.0,0.0,0.0,4
30064435_MinPolqaSfbRecording_cut.wav,3.0,0.0,0.0,4
30156950_MinPolqaSfbRecording_cut.wav,3.25,0.5,0.49,4
30491285_MinPolqaSfbRecording_cut.wav,2.0,0.0,0.0,3
29540434_MinPolqaSfbRecording_cut.wav,1.666666667,1.154700538,1.306666667,3
30198933_MinPolqaSfbRecording_cut.wav,3.0,1.0,1.131606528,3
30144916_MinPolqaSfbRecording_cut.wav,3.333333333,0.577350269,0.653333333,3
27857156_MinPolqaSfbRecording_cut.wav,5.0,0.0,0.0,3
30096521_MinPolqaSfbRecording_cut.wav,2.666666667,0.577350269,0.653333333,3
30137849_MinPolqaSfbRecording_cut.wav,1.333333333,0.577350269,0.653333333,3
30177525_MinPolqaSfbRecording_cut.wav,3.0,0.0,0.0,3
30133481_MinPolqaSfbRecording_cut.wav,4.0,1.154700538,1.131606528,4
30183703_MinPolqaSfbRecording_cut.wav,2.25,0.957427108,0.938278566,4
30184640_MinPolqaSfbRecording_cut.wav,2.5,1.0,0.98,4
30147729_MinPolqaSfbRecording_cut.wav,4.25,0.5,0.49,4
30169727_MinPolqaSfbRecording_cut.wav,4.75,0.5,0.49,4
29539877_MinPolqaSfbRecording_cut.wav,3.25,0.5,0.49,4
28860038_MinPolqaSfbRecording_cut.wav,4.25,0.957427108,0.938278566,4
30514482_MinPolqaSfbRecording_cut.wav,4.5,0.577350269,0.565803264,4
30059055_MinPolqaSfbRecording_cut.wav,2.5,1.290994449,1.26517456,4
27885376_MinPolqaSfbRecording_cut.wav,4.666666667,0.577350269,0.653333333,3
30103202_MinPolqaSfbRecording_cut.wav,4.333333333,0.577350269,0.653333333,3
30163679_MinPolqaSfbRecording_cut.wav,3.0,1.0,1.131606528,3
27715450_MinPolqaSfbRecording_cut.wav,3.666666667,1.154700538,1.306666667,3
27958741_MinPolqaSfbRecording_cut.wav,4.333333333,0.577350269,0.653333333,3
30445343_MinPolqaSfbRecording_cut.wav,4.0,1.0,1.131606528,3
29535059_MinPolqaSfbRecording_cut.wav,3.333333333,0.577350269,0.653333333,3
30205022_MinPolqaSfbRecording_cut.wav,3.666666667,0.577350269,0.653333333,3
30480737_MinPolqaSfbRecording_cut.wav,3.666666667,1.154700538,1.306666667,3
30076093_MinPolqaSfbRecording_cut.wav,3.666666667,1.154700538,1.306666667,3
30139295_MinPolqaSfbRecording_cut.wav,2.0,1.154700538,1.131606528,4
27927669_MinPolqaSfbRecording_cut.wav,3.25,0.957427108,0.938278566,4
29536485_MinPolqaSfbRecording_cut.wav,2.0,1.154700538,1.131606528,4
30489298_MinPolqaSfbRecording_cut.wav,1.75,0.5,0.49,4
30149692_MinPolqaSfbRecording_cut.wav,2.0,0.0,0.0,4
30120544_MinPolqaSfbRecording_cut.wav,3.25,1.5,1.47,4
30082602_MinPolqaSfbRecording_cut.wav,2.25,0.5,0.49,4
30466646_MinPolqaSfbRecording_cut.wav,1.0,0.0,0.0,4
30485097_MinPolqaSfbRecording_cut.wav,3.5,0.577350269,0.565803264,4
30492167_MinPolqaSfbRecording_cut.wav,3.2,0.836660027,0.733364848,5
28796663_MinPolqaSfbRecording_cut.wav,4.2,0.836660027,0.733364848,5
30166287_MinPolqaSfbRecording_cut.wav,3.6,1.140175425,0.999407825,5
29038276_MinPolqaSfbRecording_cut.wav,4.4,0.547722558,0.48009999,5
30068731_MinPolqaSfbRecording_cut.wav,3.4,1.140175425,0.999407825,5
29533814_MinPolqaSfbRecording_cut.wav,3.6,0.894427191,0.784,5
30511523_MinPolqaSfbRecording_cut.wav,2.0,1.732050808,1.518209472,5
30143102_MinPolqaSfbRecording_cut.wav,3.8,0.836660027,0.733364848,5
30411422_MinPolqaSfbRecording_cut.wav,4.4,0.547722558,0.48009999,5
30193026_MinPolqaSfbRecording_cut.wav,3.25,0.957427108,0.938278566,4
30431281_MinPolqaSfbRecording_cut.wav,3.5,0.577350269,0.565803264,4
30469322_MinPolqaSfbRecording_cut.wav,3.0,1.414213562,1.385929291,4
30472140_MinPolqaSfbRecording_cut.wav,2.5,0.577350269,0.565803264,4
28010769_MinPolqaSfbRecording_cut.wav,3.75,1.258305739,1.233139624,4
30528521_MinPolqaSfbRecording_cut.wav,2.5,0.577350269,0.565803264,4
30163646_MinPolqaSfbRecording_cut.wav,3.5,0.577350269,0.565803264,4
28165003_MinPolqaSfbRecording_cut.wav,3.8,0.447213595,0.392,5
30462516_MinPolqaSfbRecording_cut.wav,2.0,1.0,0.876538647,5
30179882_MinPolqaSfbRecording_cut.wav,3.0,1.0,0.876538647,5
30069420_MinPolqaSfbRecording_cut.wav,3.6,0.547722558,0.48009999,5
30065295_MinPolqaSfbRecording_cut.wav,3.2,0.836660027,0.733364848,5
30470078_MinPolqaSfbRecording_cut.wav,2.8,1.095445115,0.960199979,5
30509291_MinPolqaSfbRecording_cut.wav,3.2,0.836660027,0.733364848,5
30429423_MinPolqaSfbRecording_cut.wav,2.6,1.341640786,1.176,5
30448326_MinPolqaSfbRecording_cut.wav,3.6,0.547722558,0.48009999,5
30073128_MinPolqaSfbRecording_cut.wav,3.0,1.0,0.876538647,5
28545158_MinPolqaSfbRecording_cut.wav,4.6,0.894427191,0.784,5
30174118_MinPolqaSfbRecording_cut.wav,3.6,0.547722558,0.48009999,5
27911615_MinPolqaSfbRecording_cut.wav,4.6,0.894427191,0.784,5
30154223_MinPolqaSfbRecording_cut.wav,4.2,1.303840481,1.142866571,5
30165764_MinPolqaSfbRecording_cut.wav,3.4,0.894427191,0.784,5
27822772_MinPolqaSfbRecording_cut.wav,4.0,0.707106781,0.619806421,5
30120671_MinPolqaSfbRecording_cut.wav,3.6,1.140175425,0.999407825,5
30442448_MinPolqaSfbRecording_cut.wav,3.4,0.894427191,0.784,5
30201375_MinPolqaSfbRecording_cut.wav,2.5,1.290994449,1.26517456,4
30465432_MinPolqaSfbRecording_cut.wav,1.75,0.957427108,0.938278566,4
30484297_MinPolqaSfbRecording_cut.wav,3.5,0.577350269,0.565803264,4
29538517_MinPolqaSfbRecording_cut.wav,2.75,1.258305739,1.233139624,4
30210729_MinPolqaSfbRecording_cut.wav,2.5,1.732050808,1.697409791,4
30180383_MinPolqaSfbRecording_cut.wav,2.5,1.0,0.98,4
30064568_MinPolqaSfbRecording_cut.wav,3.25,0.5,0.49,4
30154443_MinPolqaSfbRecording_cut.wav,3.0,1.414213562,1.385929291,4
30095948_MinPolqaSfbRecording_cut.wav,3.25,0.957427108,0.938278566,4
30104194_MinPolqaSfbRecording_cut.wav,3.25,0.957427108,0.938278566,4
30481553_MinPolqaSfbRecording_cut.wav,3.5,0.577350269,0.565803264,4
30161138_MinPolqaSfbRecording_cut.wav,2.5,0.577350269,0.565803264,4
30183571_MinPolqaSfbRecording_cut.wav,2.0,0.0,0.0,4
28986625_MinPolqaSfbRecording_cut.wav,3.75,0.5,0.49,4
30062216_MinPolqaSfbRecording_cut.wav,3.75,1.258305739,1.233139624,4
30061744_MinPolqaSfbRecording_cut.wav,3.25,1.5,1.47,4
30082498_MinPolqaSfbRecording_cut.wav,3.5,1.0,0.98,4
30066697_MinPolqaSfbRecording_cut.wav,4.25,0.957427108,0.938278566,4
30164301_MinPolqaSfbRecording_cut.wav,3.25,0.5,0.49,4
30066461_MinPolqaSfbRecording_cut.wav,4.2,0.836660027,0.733364848,5
30433772_MinPolqaSfbRecording_cut.wav,4.0,1.0,0.876538647,5
30249305_MinPolqaSfbRecording_cut.wav,3.0,0.707106781,0.619806421,5
30530270_MinPolqaSfbRecording_cut.wav,2.0,1.732050808,1.518209472,5
30126233_MinPolqaSfbRecording_cut.wav,1.8,0.836660027,0.733364848,5
30421355_MinPolqaSfbRecording_cut.wav,3.2,1.303840481,1.142866571,5
30124764_MinPolqaSfbRecording_cut.wav,4.0,0.0,0.0,2
29543394_MinPolqaSfbRecording_cut.wav,3.5,0.707106781,0.98,2
30504567_MinPolqaSfbRecording_cut.wav,3.5,0.707106781,0.98,2
30155210_MinPolqaSfbRecording_cut.wav,3.5,0.707106781,0.98,2
30106642_MinPolqaSfbRecording_cut.wav,3.5,0.707106781,0.98,2
30479548_MinPolqaSfbRecording_cut.wav,3.0,0.0,0.0,2
30101993_MinPolqaSfbRecording_cut.wav,3.5,0.707106781,0.98,2
30518973_MinPolqaSfbRecording_cut.wav,3.5,0.707106781,0.98,2
30429192_MinPolqaSfbRecording_cut.wav,3.5,0.707106781,0.98,2
27639511_MinPolqaSfbRecording_cut.wav,3.5,0.707106781,0.98,2
27838546_MinPolqaSfbRecording_cut.wav,4.0,0.816496581,0.800166649,4
30263860_MinPolqaSfbRecording_cut.wav,3.5,1.290994449,1.26517456,4
27983181_MinPolqaSfbRecording_cut.wav,3.25,0.957427108,0.938278566,4
30469960_MinPolqaSfbRecording_cut.wav,2.25,0.957427108,0.938278566,4
30157564_MinPolqaSfbRecording_cut.wav,2.5,1.0,0.98,4
30186062_MinPolqaSfbRecording_cut.wav,2.25,1.5,1.47,4
30519469_MinPolqaSfbRecording_cut.wav,3.0,0.816496581,0.800166649,4
30132214_MinPolqaSfbRecording_cut.wav,3.25,1.5,1.47,4
30433883_MinPolqaSfbRecording_cut.wav,2.8,0.836660027,0.733364848,5
30200515_MinPolqaSfbRecording_cut.wav,2.0,0.707106781,0.619806421,5
28220775_MinPolqaSfbRecording_cut.wav,2.6,0.547722558,0.48009999,5
28176133_MinPolqaSfbRecording_cut.wav,4.2,0.447213595,0.392,5
30148317_MinPolqaSfbRecording_cut.wav,2.4,0.894427191,0.784,5
28511647_MinPolqaSfbRecording_cut.wav,2.4,0.894427191,0.784,5
30069010_MinPolqaSfbRecording_cut.wav,3.0,1.224744871,1.073536213,5
30137046_MinPolqaSfbRecording_cut.wav,2.8,1.095445115,0.960199979,5
30207846_MinPolqaSfbRecording_cut.wav,3.75,0.5,0.49,4
30509020_MinPolqaSfbRecording_cut.wav,3.25,0.5,0.49,4
27859431_MinPolqaSfbRecording_cut.wav,4.0,0.816496581,0.800166649,4
30181516_MinPolqaSfbRecording_cut.wav,2.25,0.5,0.49,4
27510767_MinPolqaSfbRecording_cut.wav,4.25,0.5,0.49,4
29541999_MinPolqaSfbRecording_cut.wav,2.25,0.5,0.49,4
30492366_MinPolqaSfbRecording_cut.wav,1.25,0.5,0.49,4
29024395_MinPolqaSfbRecording_cut.wav,3.25,0.5,0.49,4
30071017_MinPolqaSfbRecording_cut.wav,2.5,0.577350269,0.565803264,4
30509781_MinPolqaSfbRecording_cut.wav,2.25,0.5,0.49,4
30081656_MinPolqaSfbRecording_cut.wav,2.5,1.290994449,1.26517456,4
28193356_MinPolqaSfbRecording_cut.wav,4.0,0.816496581,0.800166649,4
28148186_MinPolqaSfbRecording_cut.wav,4.0,0.816496581,0.800166649,4
30091347_MinPolqaSfbRecording_cut.wav,3.75,0.957427108,0.938278566,4
30075246_MinPolqaSfbRecording_cut.wav,2.75,0.957427108,0.938278566,4
28746415_MinPolqaSfbRecording_cut.wav,4.0,0.816496581,0.800166649,4
30527039_MinPolqaSfbRecording_cut.wav,4.0,0.816496581,0.800166649,4
30449921_MinPolqaSfbRecording_cut.wav,3.0,1.414213562,1.385929291,4
30437932_MinPolqaSfbRecording_cut.wav,2.75,0.5,0.49,4
28497538_MinPolqaSfbRecording_cut.wav,2.25,1.258305739,1.233139624,4
30178692_MinPolqaSfbRecording_cut.wav,2.75,0.957427108,0.938278566,4
30429925_MinPolqaSfbRecording_cut.wav,2.0,1.414213562,1.385929291,4
30212851_MinPolqaSfbRecording_cut.wav,1.5,1.0,0.98,4
30124521_MinPolqaSfbRecording_cut.wav,1.75,1.5,1.47,4
30507297_MinPolqaSfbRecording_cut.wav,3.25,0.957427108,0.938278566,4
30142094_MinPolqaSfbRecording_cut.wav,3.0,1.154700538,1.131606528,4
30202352_MinPolqaSfbRecording_cut.wav,3.4,0.547722558,0.48009999,5
30195848_MinPolqaSfbRecording_cut.wav,3.6,1.140175425,0.999407825,5
28592592_MinPolqaSfbRecording_cut.wav,3.4,0.894427191,0.784,5
27904592_MinPolqaSfbRecording_cut.wav,4.0,0.707106781,0.619806421,5
30143048_MinPolqaSfbRecording_cut.wav,3.0,0.707106781,0.619806421,5
30428959_MinPolqaSfbRecording_cut.wav,3.2,0.836660027,0.733364848,5
30492704_MinPolqaSfbRecording_cut.wav,2.4,1.140175425,0.999407825,5
30158140_MinPolqaSfbRecording_cut.wav,3.0,1.0,0.876538647,5
28903664_MinPolqaSfbRecording_cut.wav,3.6,0.894427191,0.784,5
30158143_MinPolqaSfbRecording_cut.wav,3.4,1.516575089,1.329336677,5
28199824_MinPolqaSfbRecording_cut.wav,3.0,0.707106781,0.619806421,5
30183058_MinPolqaSfbRecording_cut.wav,2.8,1.303840481,1.142866571,5
30090456_MinPolqaSfbRecording_cut.wav,3.8,1.303840481,1.142866571,5
30472627_MinPolqaSfbRecording_cut.wav,2.6,1.341640786,1.176,5
30081632_MinPolqaSfbRecording_cut.wav,3.6,1.673320053,1.466729696,5
30167146_MinPolqaSfbRecording_cut.wav,3.6,1.140175425,0.999407825,5
30512505_MinPolqaSfbRecording_cut.wav,2.6,1.140175425,0.999407825,5
28961928_MinPolqaSfbRecording_cut.wav,4.0,1.224744871,1.073536213,5
30490116_MinPolqaSfbRecording_cut.wav,1.8,1.303840481,1.142866571,5
30456446_MinPolqaSfbRecording_cut.wav,3.0,0.707106781,0.619806421,5
30442055_MinPolqaSfbRecording_cut.wav,3.0,0.707106781,0.619806421,5
27979456_MinPolqaSfbRecording_cut.wav,3.8,0.836660027,0.733364848,5
30207138_MinPolqaSfbRecording_cut.wav,4.0,1.0,0.876538647,5
28847150_MinPolqaSfbRecording_cut.wav,4.6,0.547722558,0.48009999,5
30462756_MinPolqaSfbRecording_cut.wav,4.0,1.0,0.876538647,5
30520006_MinPolqaSfbRecording_cut.wav,2.6,1.341640786,1.176,5
27772470_MinPolqaSfbRecording_cut.wav,4.666666667,0.577350269,0.653333333,3
30201897_MinPolqaSfbRecording_cut.wav,3.666666667,1.154700538,1.306666667,3
30480848_MinPolqaSfbRecording_cut.wav,3.333333333,0.577350269,0.653333333,3
30133957_MinPolqaSfbRecording_cut.wav,3.333333333,0.577350269,0.653333333,3
30474232_MinPolqaSfbRecording_cut.wav,2.666666667,1.154700538,1.306666667,3
30133815_MinPolqaSfbRecording_cut.wav,3.333333333,0.577350269,0.653333333,3
30520494_MinPolqaSfbRecording_cut.wav,2.0,1.732050808,1.96,3
27948783_MinPolqaSfbRecording_cut.wav,4.333333333,0.577350269,0.653333333,3
30496376_MinPolqaSfbRecording_cut.wav,3.0,1.732050808,1.96,3
30413619_MinPolqaSfbRecording_cut.wav,3.0,0.816496581,0.800166649,4
30201050_MinPolqaSfbRecording_cut.wav,2.0,0.816496581,0.800166649,4
30411799_MinPolqaSfbRecording_cut.wav,3.25,0.957427108,0.938278566,4
30171387_MinPolqaSfbRecording_cut.wav,5.0,0.0,0.0,4
28224293_MinPolqaSfbRecording_cut.wav,4.25,0.957427108,0.938278566,4
30508907_MinPolqaSfbRecording_cut.wav,2.25,1.892969449,1.85511006,4
27593828_MinPolqaSfbRecording_cut.wav,4.75,0.5,0.49,4
30147221_MinPolqaSfbRecording_cut.wav,2.75,0.957427108,0.938278566,4
30059567_MinPolqaSfbRecording_cut.wav,2.75,0.957427108,0.938278566,4
28860082_MinPolqaSfbRecording_cut.wav,3.5,1.0,0.98,4
30527340_MinPolqaSfbRecording_cut.wav,3.0,1.154700538,1.131606528,4
30120789_MinPolqaSfbRecording_cut.wav,2.0,0.816496581,0.800166649,4
29011045_MinPolqaSfbRecording_cut.wav,3.5,1.0,0.98,4
30421179_MinPolqaSfbRecording_cut.wav,3.5,0.577350269,0.565803264,4
30432804_MinPolqaSfbRecording_cut.wav,2.5,1.290994449,1.26517456,4
30493109_MinPolqaSfbRecording_cut.wav,2.25,0.957427108,0.938278566,4
30248992_MinPolqaSfbRecording_cut.wav,3.5,1.290994449,1.26517456,4
30087701_MinPolqaSfbRecording_cut.wav,4.0,0.816496581,0.800166649,4
30151428_MinPolqaSfbRecording_cut.wav,2.75,1.707825128,1.673668625,4
30514634_MinPolqaSfbRecording_cut.wav,4.25,0.5,0.49,4
30161561_MinPolqaSfbRecording_cut.wav,3.75,0.5,0.49,4
30087360_MinPolqaSfbRecording_cut.wav,3.75,0.5,0.49,4
30514890_MinPolqaSfbRecording_cut.wav,3.25,0.957427108,0.938278566,4
30432605_MinPolqaSfbRecording_cut.wav,3.25,0.957427108,0.938278566,4
28155711_MinPolqaSfbRecording_cut.wav,5.0,0.0,0.0,4
30453173_MinPolqaSfbRecording_cut.wav,3.5,1.0,0.98,4
30107777_MinPolqaSfbRecording_cut.wav,3.4,0.547722558,0.48009999,5
30199969_MinPolqaSfbRecording_cut.wav,3.2,0.447213595,0.392,5
30210980_MinPolqaSfbRecording_cut.wav,3.6,0.547722558,0.48009999,5
29535475_MinPolqaSfbRecording_cut.wav,3.8,0.447213595,0.392,5
29537384_MinPolqaSfbRecording_cut.wav,3.6,0.894427191,0.784,5
27518819_MinPolqaSfbRecording_cut.wav,4.0,0.707106781,0.619806421,5
30255655_MinPolqaSfbRecording_cut.wav,3.4,0.894427191,0.784,5
30065695_MinPolqaSfbRecording_cut.wav,2.6,1.341640786,1.176,5
30178981_MinPolqaSfbRecording_cut.wav,2.0,1.414213562,1.239612843,5
30160529_MinPolqaSfbRecording_cut.wav,3.4,1.140175425,0.999407825,5
30258654_MinPolqaSfbRecording_cut.wav,3.8,0.836660027,0.733364848,5
27944292_MinPolqaSfbRecording_cut.wav,3.8,1.643167673,1.440299969,5
30106483_MinPolqaSfbRecording_cut.wav,3.2,0.836660027,0.733364848,5
28926744_MinPolqaSfbRecording_cut.wav,3.6,0.547722558,0.48009999,5
30128928_MinPolqaSfbRecording_cut.wav,3.0,1.58113883,1.385929291,5
30154055_MinPolqaSfbRecording_cut.wav,3.75,0.5,0.49,4
30065767_MinPolqaSfbRecording_cut.wav,4.5,0.577350269,0.565803264,4
28820751_MinPolqaSfbRecording_cut.wav,4.5,0.577350269,0.565803264,4
30256360_MinPolqaSfbRecording_cut.wav,3.0,0.816496581,0.800166649,4
30080569_MinPolqaSfbRecording_cut.wav,3.5,0.577350269,0.565803264,4
30129921_MinPolqaSfbRecording_cut.wav,2.25,0.5,0.49,4
28271524_MinPolqaSfbRecording_cut.wav,3.75,0.957427108,0.938278566,4
30528946_MinPolqaSfbRecording_cut.wav,4.25,0.957427108,0.938278566,4
28316197_MinPolqaSfbRecording_cut.wav,4.25,0.5,0.49,4
30200783_MinPolqaSfbRecording_cut.wav,4.5,0.577350269,0.565803264,4
30180835_MinPolqaSfbRecording_cut.wav,4.75,0.5,0.49,4
27744550_MinPolqaSfbRecording_cut.wav,4.25,0.5,0.49,4
30522232_MinPolqaSfbRecording_cut.wav,4.0,0.816496581,0.800166649,4
28451762_MinPolqaSfbRecording_cut.wav,4.5,0.577350269,0.565803264,4
30438649_MinPolqaSfbRecording_cut.wav,3.0,1.0,1.131606528,3
28139020_MinPolqaSfbRecording_cut.wav,4.333333333,0.577350269,0.653333333,3
28941950_MinPolqaSfbRecording_cut.wav,3.0,1.0,1.131606528,3
30426841_MinPolqaSfbRecording_cut.wav,3.333333333,0.577350269,0.653333333,3
30092275_MinPolqaSfbRecording_cut.wav,4.0,0.0,0.0,3
30478852_MinPolqaSfbRecording_cut.wav,2.666666667,0.577350269,0.653333333,3
30137146_MinPolqaSfbRecording_cut.wav,4.333333333,0.577350269,0.653333333,3
30079426_MinPolqaSfbRecording_cut.wav,2.333333333,1.154700538,1.306666667,3
28488732_MinPolqaSfbRecording_cut.wav,4.333333333,0.577350269,0.653333333,3
30096368_MinPolqaSfbRecording_cut.wav,4.666666667,0.577350269,0.653333333,3
27985311_MinPolqaSfbRecording_cut.wav,4.0,0.816496581,0.800166649,4
28655627_MinPolqaSfbRecording_cut.wav,4.0,0.816496581,0.800166649,4
30256085_MinPolqaSfbRecording_cut.wav,4.25,0.5,0.49,4
30176894_MinPolqaSfbRecording_cut.wav,3.25,0.957427108,0.938278566,4
30174777_MinPolqaSfbRecording_cut.wav,4.0,0.816496581,0.800166649,4
30520524_MinPolqaSfbRecording_cut.wav,4.0,0.816496581,0.800166649,4
30480712_MinPolqaSfbRecording_cut.wav,4.25,0.5,0.49,4
30205861_MinPolqaSfbRecording_cut.wav,4.0,0.816496581,0.800166649,4
30180424_MinPolqaSfbRecording_cut.wav,4.0,0.816496581,0.800166649,4
30105989_MinPolqaSfbRecording_cut.wav,3.0,1.0,1.131606528,3
30112968_MinPolqaSfbRecording_cut.wav,4.0,1.0,1.131606528,3
30211474_MinPolqaSfbRecording_cut.wav,4.333333333,0.577350269,0.653333333,3
30134017_MinPolqaSfbRecording_cut.wav,3.333333333,1.527525232,1.728557523,3
30132605_MinPolqaSfbRecording_cut.wav,3.0,1.0,1.131606528,3
30119611_MinPolqaSfbRecording_cut.wav,2.333333333,1.527525232,1.728557523,3
30086276_MinPolqaSfbRecording_cut.wav,2.666666667,0.577350269,0.653333333,3
30123505_MinPolqaSfbRecording_cut.wav,4.333333333,0.577350269,0.653333333,3
29536827_MinPolqaSfbRecording_cut.wav,3.333333333,0.577350269,0.653333333,3
30465329_MinPolqaSfbRecording_cut.wav,2.333333333,0.577350269,0.653333333,3
28161912_MinPolqaSfbRecording_cut.wav,2.666666667,0.577350269,0.653333333,3
30467587_MinPolqaSfbRecording_cut.wav,3.333333333,1.154700538,1.306666667,3
30069792_MinPolqaSfbRecording_cut.wav,3.666666667,0.577350269,0.653333333,3
30257948_MinPolqaSfbRecording_cut.wav,2.666666667,0.577350269,0.653333333,3
30070861_MinPolqaSfbRecording_cut.wav,2.666666667,1.154700538,1.306666667,3
30100339_MinPolqaSfbRecording_cut.wav,2.0,1.154700538,1.131606528,4
28190717_MinPolqaSfbRecording_cut.wav,4.75,0.5,0.49,4
30443740_MinPolqaSfbRecording_cut.wav,3.0,0.816496581,0.800166649,4
30497042_MinPolqaSfbRecording_cut.wav,3.25,1.5,1.47,4
30202582_MinPolqaSfbRecording_cut.wav,2.75,0.957427108,0.938278566,4
30508830_MinPolqaSfbRecording_cut.wav,4.25,0.5,0.49,4
30156934_MinPolqaSfbRecording_cut.wav,3.0,1.732050808,1.96,3
30193571_MinPolqaSfbRecording_cut.wav,2.666666667,0.577350269,0.653333333,3
30510374_MinPolqaSfbRecording_cut.wav,3.333333333,1.527525232,1.728557523,3
28637912_MinPolqaSfbRecording_cut.wav,3.333333333,1.527525232,1.728557523,3
30132183_MinPolqaSfbRecording_cut.wav,3.333333333,1.527525232,1.728557523,3
28021664_MinPolqaSfbRecording_cut.wav,3.333333333,0.577350269,0.653333333,3
27580271_MinPolqaSfbRecording_cut.wav,3.666666667,1.527525232,1.728557523,3
30412445_MinPolqaSfbRecording_cut.wav,2.333333333,1.527525232,1.728557523,3
30120473_MinPolqaSfbRecording_cut.wav,3.333333333,1.527525232,1.728557523,3
30477913_MinPolqaSfbRecording_cut.wav,3.333333333,1.154700538,1.306666667,3
28307526_MinPolqaSfbRecording_cut.wav,2.333333333,1.527525232,1.728557523,3
30479717_MinPolqaSfbRecording_cut.wav,2.333333333,1.527525232,1.728557523,3
30469119_MinPolqaSfbRecording_cut.wav,3.666666667,1.527525232,1.728557523,3
28655006_MinPolqaSfbRecording_cut.wav,3.0,1.0,1.131606528,3
27646912_MinPolqaSfbRecording_cut.wav,3.0,1.0,1.131606528,3
30199196_MinPolqaSfbRecording_cut.wav,3.4,0.894427191,0.784,5
30438507_MinPolqaSfbRecording_cut.wav,3.0,1.224744871,1.073536213,5
30455796_MinPolqaSfbRecording_cut.wav,3.6,0.547722558,0.48009999,5
30404214_MinPolqaSfbRecording_cut.wav,2.6,1.516575089,1.329336677,5
30160029_MinPolqaSfbRecording_cut.wav,2.6,1.516575089,1.329336677,5
30159021_MinPolqaSfbRecording_cut.wav,4.2,1.303840481,1.142866571,5
30506772_MinPolqaSfbRecording_cut.wav,1.8,1.788854382,1.568,5
30133946_MinPolqaSfbRecording_cut.wav,3.4,0.894427191,0.784,5
30100727_MinPolqaSfbRecording_cut.wav,3.4,1.140175425,0.999407825,5
28290007_MinPolqaSfbRecording_cut.wav,4.4,0.547722558,0.48009999,5
28940444_MinPolqaSfbRecording_cut.wav,3.8,0.447213595,0.392,5
28172149_MinPolqaSfbRecording_cut.wav,4.2,0.447213595,0.392,5
30107395_MinPolqaSfbRecording_cut.wav,3.0,1.0,0.876538647,5
30064922_MinPolqaSfbRecording_cut.wav,3.0,0.707106781,0.619806421,5
30086686_MinPolqaSfbRecording_cut.wav,3.4,0.547722558,0.48009999,5
27751673_MinPolqaSfbRecording_cut.wav,3.4,0.547722558,0.48009999,5
30107153_MinPolqaSfbRecording_cut.wav,3.4,0.547722558,0.48009999,5
30513771_MinPolqaSfbRecording_cut.wav,2.0,0.0,0.0,5
30137167_MinPolqaSfbRecording_cut.wav,3.0,0.0,0.0,5
30483187_MinPolqaSfbRecording_cut.wav,2.4,0.547722558,0.48009999,5
30180106_MinPolqaSfbRecording_cut.wav,1.0,0.0,0.0,5
27522868_MinPolqaSfbRecording_cut.wav,3.8,0.447213595,0.392,5
29056666_MinPolqaSfbRecording_cut.wav,3.6,0.547722558,0.48009999,5
27860790_MinPolqaSfbRecording_cut.wav,3.6,0.547722558,0.48009999,5
30086028_MinPolqaSfbRecording_cut.wav,1.2,0.447213595,0.392,5
30445135_MinPolqaSfbRecording_cut.wav,3.333333333,1.154700538,1.306666667,3
28289840_MinPolqaSfbRecording_cut.wav,4.333333333,0.577350269,0.653333333,3
30150918_MinPolqaSfbRecording_cut.wav,3.333333333,1.154700538,1.306666667,3
30488145_MinPolqaSfbRecording_cut.wav,4.333333333,1.154700538,1.306666667,3
29044863_MinPolqaSfbRecording_cut.wav,3.666666667,0.577350269,0.653333333,3
30435039_MinPolqaSfbRecording_cut.wav,4.0,0.0,0.0,3
30101845_MinPolqaSfbRecording_cut.wav,4.0,1.0,1.131606528,3
30174016_MinPolqaSfbRecording_cut.wav,4.333333333,0.577350269,0.653333333,3
30199317_MinPolqaSfbRecording_cut.wav,4.333333333,0.577350269,0.653333333,3
30097332_MinPolqaSfbRecording_cut.wav,2.75,0.5,0.49,4
30161128_MinPolqaSfbRecording_cut.wav,3.0,0.816496581,0.800166649,4
27583743_MinPolqaSfbRecording_cut.wav,4.0,0.816496581,0.800166649,4
30172899_MinPolqaSfbRecording_cut.wav,4.0,0.816496581,0.800166649,4
28810784_MinPolqaSfbRecording_cut.wav,3.75,0.5,0.49,4
30073370_MinPolqaSfbRecording_cut.wav,2.5,0.577350269,0.565803264,4
30424222_MinPolqaSfbRecording_cut.wav,1.75,0.957427108,0.938278566,4
30425905_MinPolqaSfbRecording_cut.wav,4.0,0.816496581,0.800166649,4
30061323_MinPolqaSfbRecording_cut.wav,2.0,0.0,0.0,3
30505911_MinPolqaSfbRecording_cut.wav,3.0,1.0,1.131606528,3
30113503_MinPolqaSfbRecording_cut.wav,3.0,1.0,1.131606528,3
30174375_MinPolqaSfbRecording_cut.wav,3.333333333,0.577350269,0.653333333,3
28102872_MinPolqaSfbRecording_cut.wav,3.333333333,0.577350269,0.653333333,3
28031940_MinPolqaSfbRecording_cut.wav,3.666666667,0.577350269,0.653333333,3
30439193_MinPolqaSfbRecording_cut.wav,2.666666667,0.577350269,0.653333333,3
27742141_MinPolqaSfbRecording_cut.wav,4.333333333,1.154700538,1.306666667,3
30513636_MinPolqaSfbRecording_cut.wav,1.333333333,0.577350269,0.653333333,3
30433251_MinPolqaSfbRecording_cut.wav,3.5,0.577350269,0.565803264,4
30255723_MinPolqaSfbRecording_cut.wav,3.25,1.258305739,1.233139624,4
30063955_MinPolqaSfbRecording_cut.wav,4.25,0.5,0.49,4
30483504_MinPolqaSfbRecording_cut.wav,2.0,1.414213562,1.385929291,4
30427551_MinPolqaSfbRecording_cut.wav,2.25,1.258305739,1.233139624,4
30185913_MinPolqaSfbRecording_cut.wav,3.25,0.5,0.49,4
30248056_MinPolqaSfbRecording_cut.wav,2.25,1.258305739,1.233139624,4
27904267_MinPolqaSfbRecording_cut.wav,3.8,0.836660027,0.733364848,5
28197881_MinPolqaSfbRecording_cut.wav,4.0,0.707106781,0.619806421,5
30080319_MinPolqaSfbRecording_cut.wav,3.0,1.224744871,1.073536213,5
30131787_MinPolqaSfbRecording_cut.wav,4.6,0.547722558,0.48009999,5
28674029_MinPolqaSfbRecording_cut.wav,4.0,0.707106781,0.619806421,5
30212970_MinPolqaSfbRecording_cut.wav,3.2,0.836660027,0.733364848,5
29540429_MinPolqaSfbRecording_cut.wav,3.4,0.894427191,0.784,5
30090991_MinPolqaSfbRecording_cut.wav,3.4,1.516575089,1.329336677,5
27639819_MinPolqaSfbRecording_cut.wav,3.8,1.643167673,1.440299969,5
28736461_MinPolqaSfbRecording_cut.wav,4.666666667,0.577350269,0.653333333,3
30255061_MinPolqaSfbRecording_cut.wav,4.0,1.0,1.131606528,3
29543649_MinPolqaSfbRecording_cut.wav,4.666666667,0.577350269,0.653333333,3
30452015_MinPolqaSfbRecording_cut.wav,3.333333333,0.577350269,0.653333333,3
30100766_MinPolqaSfbRecording_cut.wav,4.333333333,1.154700538,1.306666667,3
30406316_MinPolqaSfbRecording_cut.wav,1.333333333,0.577350269,0.653333333,3
30163286_MinPolqaSfbRecording_cut.wav,3.333333333,0.577350269,0.653333333,3
30201740_MinPolqaSfbRecording_cut.wav,4.0,1.0,1.131606528,3
30207230_MinPolqaSfbRecording_cut.wav,4.5,1.0,0.98,4
30469033_MinPolqaSfbRecording_cut.wav,2.75,1.707825128,1.673668625,4
30112096_MinPolqaSfbRecording_cut.wav,3.25,1.258305739,1.233139624,4
30105027_MinPolqaSfbRecording_cut.wav,4.25,0.957427108,0.938278566,4
30142728_MinPolqaSfbRecording_cut.wav,3.75,0.5,0.49,4
30085553_MinPolqaSfbRecording_cut.wav,4.25,0.957427108,0.938278566,4
29532009_MinPolqaSfbRecording_cut.wav,2.0,0.816496581,0.800166649,4
30482618_MinPolqaSfbRecording_cut.wav,3.25,1.258305739,1.233139624,4
30490770_MinPolqaSfbRecording_cut.wav,3.8,0.836660027,0.733364848,5
27625274_MinPolqaSfbRecording_cut.wav,4.0,0.707106781,0.619806421,5
27921534_MinPolqaSfbRecording_cut.wav,4.0,0.707106781,0.619806421,5
30529229_MinPolqaSfbRecording_cut.wav,4.6,0.894427191,0.784,5
30091046_MinPolqaSfbRecording_cut.wav,2.8,0.836660027,0.733364848,5
30119778_MinPolqaSfbRecording_cut.wav,4.6,0.547722558,0.48009999,5
30452119_MinPolqaSfbRecording_cut.wav,1.2,0.447213595,0.392,5
30259745_MinPolqaSfbRecording_cut.wav,3.4,0.894427191,0.784,5
30178497_MinPolqaSfbRecording_cut.wav,3.6,0.894427191,0.784,5
30206513_MinPolqaSfbRecording_cut.wav,4.0,1.0,1.131606528,3
30098391_MinPolqaSfbRecording_cut.wav,2.666666667,1.154700538,1.306666667,3
30108702_MinPolqaSfbRecording_cut.wav,2.333333333,1.527525232,1.728557523,3
29541592_MinPolqaSfbRecording_cut.wav,2.0,1.0,1.131606528,3
27859494_MinPolqaSfbRecording_cut.wav,4.0,1.0,1.131606528,3
30486605_MinPolqaSfbRecording_cut.wav,3.0,0.0,0.0,3
29050413_MinPolqaSfbRecording_cut.wav,2.666666667,0.577350269,0.653333333,3
28158581_MinPolqaSfbRecording_cut.wav,2.666666667,0.577350269,0.653333333,3
30152039_MinPolqaSfbRecording_cut.wav,1.666666667,1.154700538,1.306666667,3
28596415_MinPolqaSfbRecording_cut.wav,3.5,1.0,0.98,4
30100626_MinPolqaSfbRecording_cut.wav,3.25,0.5,0.49,4
30455803_MinPolqaSfbRecording_cut.wav,2.5,0.577350269,0.565803264,4
30442602_MinPolqaSfbRecording_cut.wav,1.75,0.957427108,0.938278566,4
27942779_MinPolqaSfbRecording_cut.wav,4.25,0.957427108,0.938278566,4
30148304_MinPolqaSfbRecording_cut.wav,4.0,0.0,0.0,4
27798372_MinPolqaSfbRecording_cut.wav,3.25,0.5,0.49,4
30450154_MinPolqaSfbRecording_cut.wav,2.5,0.577350269,0.565803264,4
30496889_MinPolqaSfbRecording_cut.wav,3.4,1.140175425,0.999407825,5
28130182_MinPolqaSfbRecording_cut.wav,4.0,1.0,0.876538647,5
27838747_MinPolqaSfbRecording_cut.wav,2.8,0.836660027,0.733364848,5
30209083_MinPolqaSfbRecording_cut.wav,2.0,1.0,0.876538647,5
30405406_MinPolqaSfbRecording_cut.wav,3.8,0.836660027,0.733364848,5
29030601_MinPolqaSfbRecording_cut.wav,3.2,0.836660027,0.733364848,5
28478481_MinPolqaSfbRecording_cut.wav,3.2,0.836660027,0.733364848,5
28486526_MinPolqaSfbRecording_cut.wav,3.4,0.547722558,0.48009999,5
30426730_MinPolqaSfbRecording_cut.wav,3.6,0.547722558,0.48009999,5
28084308_MinPolqaSfbRecording_cut.wav,4.2,0.836660027,0.733364848,5
28018565_MinPolqaSfbRecording_cut.wav,3.8,0.836660027,0.733364848,5
30497031_MinPolqaSfbRecording_cut.wav,3.4,0.894427191,0.784,5
29031013_MinPolqaSfbRecording_cut.wav,3.6,0.547722558,0.48009999,5
30098307_MinPolqaSfbRecording_cut.wav,3.0,0.707106781,0.619806421,5
28080471_MinPolqaSfbRecording_cut.wav,4.4,0.547722558,0.48009999,5
30257847_MinPolqaSfbRecording_cut.wav,3.4,0.894427191,0.784,5
28961196_MinPolqaSfbRecording_cut.wav,3.8,0.836660027,0.733364848,5
30118887_MinPolqaSfbRecording_cut.wav,3.6,0.547722558,0.48009999,5
30207217_MinPolqaSfbRecording_cut.wav,2.8,1.303840481,1.142866571,5
29531790_MinPolqaSfbRecording_cut.wav,2.0,1.414213562,1.239612843,5
30162035_MinPolqaSfbRecording_cut.wav,3.0,0.707106781,0.619806421,5
30104082_MinPolqaSfbRecording_cut.wav,1.6,0.894427191,0.784,5
30249386_MinPolqaSfbRecording_cut.wav,3.4,0.547722558,0.48009999,5
30440054_MinPolqaSfbRecording_cut.wav,3.2,0.836660027,0.733364848,5
27510368_MinPolqaSfbRecording_cut.wav,4.0,0.707106781,0.619806421,5
30106159_MinPolqaSfbRecording_cut.wav,3.0,0.707106781,0.619806421,5
30161414_MinPolqaSfbRecording_cut.wav,4.0,0.707106781,0.619806421,5
28726137_MinPolqaSfbRecording_cut.wav,3.0,0.707106781,0.619806421,5
28361549_MinPolqaSfbRecording_cut.wav,4.333333333,0.577350269,0.653333333,3
30204596_MinPolqaSfbRecording_cut.wav,3.333333333,0.577350269,0.653333333,3
30076658_MinPolqaSfbRecording_cut.wav,4.0,0.0,0.0,3
30096894_MinPolqaSfbRecording_cut.wav,3.333333333,0.577350269,0.653333333,3
30475553_MinPolqaSfbRecording_cut.wav,2.666666667,1.154700538,1.306666667,3
28730991_MinPolqaSfbRecording_cut.wav,4.333333333,0.577350269,0.653333333,3
30096391_MinPolqaSfbRecording_cut.wav,4.0,0.0,0.0,3
30425118_MinPolqaSfbRecording_cut.wav,3.333333333,0.577350269,0.653333333,3
28886021_MinPolqaSfbRecording_cut.wav,3.666666667,0.577350269,0.653333333,3
30257486_MinPolqaSfbRecording_cut.wav,3.666666667,0.577350269,0.653333333,3
29533098_MinPolqaSfbRecording_cut.wav,3.0,0.816496581,0.800166649,4
30262726_MinPolqaSfbRecording_cut.wav,3.75,0.5,0.49,4
30516983_MinPolqaSfbRecording_cut.wav,1.75,0.957427108,0.938278566,4
30103683_MinPolqaSfbRecording_cut.wav,2.75,0.5,0.49,4
27959288_MinPolqaSfbRecording_cut.wav,4.25,0.5,0.49,4
30508203_MinPolqaSfbRecording_cut.wav,3.25,0.5,0.49,4
30522869_MinPolqaSfbRecording_cut.wav,3.5,0.577350269,0.565803264,4
30508562_MinPolqaSfbRecording_cut.wav,2.75,0.957427108,0.938278566,4
30455029_MinPolqaSfbRecording_cut.wav,2.5,1.290994449,1.26517456,4
28365168_MinPolqaSfbRecording_cut.wav,3.333333333,0.577350269,0.653333333,3
30482816_MinPolqaSfbRecording_cut.wav,2.666666667,0.577350269,0.653333333,3
30140841_MinPolqaSfbRecording_cut.wav,2.333333333,0.577350269,0.653333333,3
30059246_MinPolqaSfbRecording_cut.wav,2.333333333,0.577350269,0.653333333,3
30147491_MinPolqaSfbRecording_cut.wav,1.666666667,0.577350269,0.653333333,3
30089661_MinPolqaSfbRecording_cut.wav,2.333333333,0.577350269,0.653333333,3
30470543_MinPolqaSfbRecording_cut.wav,1.333333333,0.577350269,0.653333333,3
30138189_MinPolqaSfbRecording_cut.wav,1.666666667,0.577350269,0.653333333,3
30147531_MinPolqaSfbRecording_cut.wav,4.0,1.414213562,1.385929291,4
30412455_MinPolqaSfbRecording_cut.wav,3.5,1.0,0.98,4
29541204_MinPolqaSfbRecording_cut.wav,3.5,0.577350269,0.565803264,4
30099292_MinPolqaSfbRecording_cut.wav,4.0,0.816496581,0.800166649,4
30528277_MinPolqaSfbRecording_cut.wav,2.25,0.957427108,0.938278566,4
30087665_MinPolqaSfbRecording_cut.wav,2.75,2.061552813,2.020321757,4
30102065_MinPolqaSfbRecording_cut.wav,3.25,1.258305739,1.233139624,4
30121251_MinPolqaSfbRecording_cut.wav,2.75,0.957427108,0.938278566,4
29540134_MinPolqaSfbRecording_cut.wav,2.5,1.290994449,1.26517456,4
28834655_MinPolqaSfbRecording_cut.wav,3.5,1.0,0.98,4
30503122_MinPolqaSfbRecording_cut.wav,2.0,1.414213562,1.385929291,4
30133308_MinPolqaSfbRecording_cut.wav,2.5,1.290994449,1.26517456,4
30134352_MinPolqaSfbRecording_cut.wav,2.75,0.957427108,0.938278566,4
29539698_MinPolqaSfbRecording_cut.wav,3.25,0.957427108,0.938278566,4
30432441_MinPolqaSfbRecording_cut.wav,3.5,1.0,0.98,4
30479093_MinPolqaSfbRecording_cut.wav,3.0,0.816496581,0.800166649,4
27512300_MinPolqaSfbRecording_cut.wav,3.75,0.957427108,0.938278566,4
30142947_MinPolqaSfbRecording_cut.wav,3.75,1.258305739,1.233139624,4
30254128_MinPolqaSfbRecording_cut.wav,3.0,1.0,0.876538647,5
30129694_MinPolqaSfbRecording_cut.wav,3.2,1.095445115,0.960199979,5
28219998_MinPolqaSfbRecording_cut.wav,4.6,0.894427191,0.784,5
30427578_MinPolqaSfbRecording_cut.wav,1.6,0.894427191,0.784,5
30260180_MinPolqaSfbRecording_cut.wav,3.0,1.58113883,1.385929291,5
29537578_MinPolqaSfbRecording_cut.wav,2.8,1.095445115,0.960199979,5
30132393_MinPolqaSfbRecording_cut.wav,4.6,0.547722558,0.48009999,5
30203058_MinPolqaSfbRecording_cut.wav,2.0,0.707106781,0.619806421,5
30407682_MinPolqaSfbRecording_cut.wav,3.4,1.341640786,1.176,5
30469694_MinPolqaSfbRecording_cut.wav,2.666666667,1.527525232,1.728557523,3
30067871_MinPolqaSfbRecording_cut.wav,2.666666667,1.527525232,1.728557523,3
30080303_MinPolqaSfbRecording_cut.wav,3.666666667,1.154700538,1.306666667,3
30159896_MinPolqaSfbRecording_cut.wav,4.333333333,0.577350269,0.653333333,3
30128348_MinPolqaSfbRecording_cut.wav,4.333333333,0.577350269,0.653333333,3
30479812_MinPolqaSfbRecording_cut.wav,3.0,1.732050808,1.96,3
30199856_MinPolqaSfbRecording_cut.wav,2.0,1.0,1.131606528,3
30522542_MinPolqaSfbRecording_cut.wav,2.666666667,0.577350269,0.653333333,3
30206029_MinPolqaSfbRecording_cut.wav,2.333333333,0.577350269,0.653333333,3
30213446_MinPolqaSfbRecording_cut.wav,2.333333333,1.527525232,1.728557523,3
29533270_MinPolqaSfbRecording_cut.wav,2.0,1.0,1.131606528,3
28427212_MinPolqaSfbRecording_cut.wav,2.333333333,1.154700538,1.306666667,3
30092887_MinPolqaSfbRecording_cut.wav,2.0,1.0,1.131606528,3
30119783_MinPolqaSfbRecording_cut.wav,4.0,0.0,0.0,3
30181062_MinPolqaSfbRecording_cut.wav,3.0,1.414213562,1.385929291,4
30154025_MinPolqaSfbRecording_cut.wav,1.75,0.957427108,0.938278566,4
30168812_MinPolqaSfbRecording_cut.wav,3.75,0.5,0.49,4
30109534_MinPolqaSfbRecording_cut.wav,2.75,0.957427108,0.938278566,4
28758282_MinPolqaSfbRecording_cut.wav,3.25,0.5,0.49,4
28253543_MinPolqaSfbRecording_cut.wav,4.25,0.5,0.49,4
30143885_MinPolqaSfbRecording_cut.wav,3.5,1.0,0.98,4
30251135_MinPolqaSfbRecording_cut.wav,2.75,0.957427108,0.938278566,4
30507382_MinPolqaSfbRecording_cut.wav,2.5,0.577350269,0.565803264,4
28074410_MinPolqaSfbRecording_cut.wav,4.333333333,0.577350269,0.653333333,3
29537875_MinPolqaSfbRecording_cut.wav,2.666666667,1.527525232,1.728557523,3
28784895_MinPolqaSfbRecording_cut.wav,3.666666667,0.577350269,0.653333333,3
30083078_MinPolqaSfbRecording_cut.wav,3.666666667,0.577350269,0.653333333,3
30116972_MinPolqaSfbRecording_cut.wav,2.333333333,0.577350269,0.653333333,3
30457954_MinPolqaSfbRecording_cut.wav,3.333333333,1.527525232,1.728557523,3
28773095_MinPolqaSfbRecording_cut.wav,2.666666667,1.154700538,1.306666667,3
27921282_MinPolqaSfbRecording_cut.wav,3.333333333,0.577350269,0.653333333,3
30412589_MinPolqaSfbRecording_cut.wav,2.666666667,1.527525232,1.728557523,3
27835399_MinPolqaSfbRecording_cut.wav,4.333333333,0.577350269,0.653333333,3
29533349_MinPolqaSfbRecording_cut.wav,3.666666667,0.577350269,0.653333333,3
30201395_MinPolqaSfbRecording_cut.wav,2.666666667,0.577350269,0.653333333,3
27616915_MinPolqaSfbRecording_cut.wav,4.0,0.0,0.0,3
29533208_MinPolqaSfbRecording_cut.wav,3.666666667,0.577350269,0.653333333,3
27861442_MinPolqaSfbRecording_cut.wav,3.666666667,1.154700538,1.306666667,3
30507880_MinPolqaSfbRecording_cut.wav,4.0,1.0,1.131606528,3
30061877_MinPolqaSfbRecording_cut.wav,3.666666667,1.527525232,1.728557523,3
30095999_MinPolqaSfbRecording_cut.wav,3.333333333,0.577350269,0.653333333,3
29532236_MinPolqaSfbRecording_cut.wav,1.5,0.577350269,0.565803264,4
27643252_MinPolqaSfbRecording_cut.wav,4.5,1.0,0.98,4
30488046_MinPolqaSfbRecording_cut.wav,3.25,1.5,1.47,4
27737962_MinPolqaSfbRecording_cut.wav,3.75,0.957427108,0.938278566,4
30196370_MinPolqaSfbRecording_cut.wav,3.5,0.577350269,0.565803264,4
30175034_MinPolqaSfbRecording_cut.wav,4.25,0.957427108,0.938278566,4
30447277_MinPolqaSfbRecording_cut.wav,2.25,0.5,0.49,4
30065660_MinPolqaSfbRecording_cut.wav,1.75,0.957427108,0.938278566,4
28712748_MinPolqaSfbRecording_cut.wav,4.2,0.836660027,0.733364848,5
30457533_MinPolqaSfbRecording_cut.wav,4.0,0.0,0.0,5
28600991_MinPolqaSfbRecording_cut.wav,3.6,0.547722558,0.48009999,5
28534762_MinPolqaSfbRecording_cut.wav,3.6,0.547722558,0.48009999,5
30496581_MinPolqaSfbRecording_cut.wav,2.2,0.836660027,0.733364848,5
27665726_MinPolqaSfbRecording_cut.wav,3.4,0.547722558,0.48009999,5
30472711_MinPolqaSfbRecording_cut.wav,3.6,0.894427191,0.784,5
30413175_MinPolqaSfbRecording_cut.wav,2.6,0.547722558,0.48009999,5
30478820_MinPolqaSfbRecording_cut.wav,1.0,0.0,0.0,4
30076208_MinPolqaSfbRecording_cut.wav,4.0,1.414213562,1.385929291,4
30096469_MinPolqaSfbRecording_cut.wav,3.25,0.5,0.49,4
30417113_MinPolqaSfbRecording_cut.wav,3.25,0.957427108,0.938278566,4
30068583_MinPolqaSfbRecording_cut.wav,2.0,0.816496581,0.800166649,4
30502453_MinPolqaSfbRecording_cut.wav,3.5,0.577350269,0.565803264,4
30085316_MinPolqaSfbRecording_cut.wav,2.5,0.577350269,0.565803264,4
30523917_MinPolqaSfbRecording_cut.wav,3.5,0.577350269,0.565803264,4
30184863_MinPolqaSfbRecording_cut.wav,2.75,0.957427108,0.938278566,4
28902710_MinPolqaSfbRecording_cut.wav,2.0,1.0,1.131606528,3
27929872_MinPolqaSfbRecording_cut.wav,2.666666667,1.154700538,1.306666667,3
30488625_MinPolqaSfbRecording_cut.wav,2.666666667,1.527525232,1.728557523,3
28781449_MinPolqaSfbRecording_cut.wav,3.333333333,0.577350269,0.653333333,3
27914368_MinPolqaSfbRecording_cut.wav,4.333333333,0.577350269,0.653333333,3
30133894_MinPolqaSfbRecording_cut.wav,1.333333333,0.577350269,0.653333333,3
30457142_MinPolqaSfbRecording_cut.wav,1.0,0.0,0.0,3
30446132_MinPolqaSfbRecording_cut.wav,3.0,0.0,0.0,3
29541890_MinPolqaSfbRecording_cut.wav,4.25,0.5,0.49,4
27952080_MinPolqaSfbRecording_cut.wav,4.5,0.577350269,0.565803264,4
30183657_MinPolqaSfbRecording_cut.wav,2.5,1.290994449,1.26517456,4
27620615_MinPolqaSfbRecording_cut.wav,4.0,0.816496581,0.800166649,4
30162964_MinPolqaSfbRecording_cut.wav,3.0,1.414213562,1.385929291,4
30200553_MinPolqaSfbRecording_cut.wav,3.5,1.290994449,1.26517456,4
30192194_MinPolqaSfbRecording_cut.wav,3.5,1.290994449,1.26517456,4
30102955_MinPolqaSfbRecording_cut.wav,4.0,0.816496581,0.800166649,4
30254553_MinPolqaSfbRecording_cut.wav,3.5,1.290994449,1.26517456,4
30207155_MinPolqaSfbRecording_cut.wav,3.0,1.0,1.131606528,3
28307721_MinPolqaSfbRecording_cut.wav,4.333333333,0.577350269,0.653333333,3
30501599_MinPolqaSfbRecording_cut.wav,2.333333333,0.577350269,0.653333333,3
30262006_MinPolqaSfbRecording_cut.wav,4.0,0.0,0.0,3
28723030_MinPolqaSfbRecording_cut.wav,3.666666667,0.577350269,0.653333333,3
30455355_MinPolqaSfbRecording_cut.wav,3.666666667,0.577350269,0.653333333,3
28084448_MinPolqaSfbRecording_cut.wav,3.666666667,0.577350269,0.653333333,3
28663195_MinPolqaSfbRecording_cut.wav,3.5,2.121320344,2.94,2
30141012_MinPolqaSfbRecording_cut.wav,3.5,0.707106781,0.98,2
28120463_MinPolqaSfbRecording_cut.wav,4.5,0.707106781,0.98,2
30145502_MinPolqaSfbRecording_cut.wav,2.5,0.707106781,0.98,2
30421484_MinPolqaSfbRecording_cut.wav,3.0,1.414213562,1.96,2
28337224_MinPolqaSfbRecording_cut.wav,3.5,0.707106781,0.98,2
30154830_MinPolqaSfbRecording_cut.wav,3.0,1.414213562,1.96,2
30067638_MinPolqaSfbRecording_cut.wav,4.0,0.0,0.0,2
28230843_MinPolqaSfbRecording_cut.wav,5.0,0.0,0.0,2
30095957_MinPolqaSfbRecording_cut.wav,4.0,0.0,0.0,2
30139243_MinPolqaSfbRecording_cut.wav,3.5,0.707106781,0.98,2
30412063_MinPolqaSfbRecording_cut.wav,4.0,0.0,0.0,2
30060074_MinPolqaSfbRecording_cut.wav,3.0,0.0,0.0,2
30487558_MinPolqaSfbRecording_cut.wav,2.5,0.707106781,0.98,2
30467014_MinPolqaSfbRecording_cut.wav,3.0,0.0,0.0,2
30157854_MinPolqaSfbRecording_cut.wav,3.75,0.5,0.49,4
30403754_MinPolqaSfbRecording_cut.wav,2.0,1.154700538,1.131606528,4
30151935_MinPolqaSfbRecording_cut.wav,3.75,0.5,0.49,4
27718297_MinPolqaSfbRecording_cut.wav,3.25,0.5,0.49,4
28307725_MinPolqaSfbRecording_cut.wav,3.75,0.5,0.49,4
30122901_MinPolqaSfbRecording_cut.wav,2.75,0.957427108,0.938278566,4
30145332_MinPolqaSfbRecording_cut.wav,1.5,1.0,0.98,4
30189529_MinPolqaSfbRecording_cut.wav,3.0,1.224744871,1.073536213,5
30414039_MinPolqaSfbRecording_cut.wav,3.8,0.836660027,0.733364848,5
27512568_MinPolqaSfbRecording_cut.wav,4.0,1.0,0.876538647,5
30253675_MinPolqaSfbRecording_cut.wav,3.0,1.224744871,1.073536213,5
28878575_MinPolqaSfbRecording_cut.wav,4.2,0.447213595,0.392,5
30142924_MinPolqaSfbRecording_cut.wav,2.6,1.673320053,1.466729696,5
30141485_MinPolqaSfbRecording_cut.wav,3.8,0.447213595,0.392,5
30070872_MinPolqaSfbRecording_cut.wav,4.2,0.447213595,0.392,5
29541240_MinPolqaSfbRecording_cut.wav,4.2,0.836660027,0.733364848,5
30202529_MinPolqaSfbRecording_cut.wav,2.8,0.447213595,0.392,5
30061333_MinPolqaSfbRecording_cut.wav,1.6,0.547722558,0.48009999,5
30142933_MinPolqaSfbRecording_cut.wav,2.8,0.447213595,0.392,5
30439254_MinPolqaSfbRecording_cut.wav,2.8,0.447213595,0.392,5
30404418_MinPolqaSfbRecording_cut.wav,3.0,0.707106781,0.619806421,5
30153801_MinPolqaSfbRecording_cut.wav,3.2,0.836660027,0.733364848,5
30205303_MinPolqaSfbRecording_cut.wav,1.6,0.547722558,0.48009999,5
28611672_MinPolqaSfbRecording_cut.wav,3.666666667,0.577350269,0.653333333,3
30076623_MinPolqaSfbRecording_cut.wav,2.333333333,1.154700538,1.306666667,3
30138729_MinPolqaSfbRecording_cut.wav,3.333333333,1.154700538,1.306666667,3
30122131_MinPolqaSfbRecording_cut.wav,4.0,1.0,1.131606528,3
30117302_MinPolqaSfbRecording_cut.wav,2.333333333,0.577350269,0.653333333,3
30157088_MinPolqaSfbRecording_cut.wav,4.0,0.0,0.0,3
30460059_MinPolqaSfbRecording_cut.wav,2.666666667,0.577350269,0.653333333,3
27965330_MinPolqaSfbRecording_cut.wav,3.333333333,0.577350269,0.653333333,3
30101017_MinPolqaSfbRecording_cut.wav,2.333333333,0.577350269,0.653333333,3
30150419_MinPolqaSfbRecording_cut.wav,2.0,1.0,1.131606528,3
30107655_MinPolqaSfbRecording_cut.wav,2.333333333,0.577350269,0.653333333,3
30260218_MinPolqaSfbRecording_cut.wav,3.0,0.0,0.0,3
30081596_MinPolqaSfbRecording_cut.wav,3.666666667,1.154700538,1.306666667,3
30073457_MinPolqaSfbRecording_cut.wav,4.333333333,0.577350269,0.653333333,3
30249843_MinPolqaSfbRecording_cut.wav,4.0,0.0,0.0,3
30087611_MinPolqaSfbRecording_cut.wav,3.666666667,0.577350269,0.653333333,3
27762897_MinPolqaSfbRecording_cut.wav,4.333333333,0.577350269,0.653333333,3
30256249_MinPolqaSfbRecording_cut.wav,2.666666667,1.527525232,1.728557523,3
28997950_MinPolqaSfbRecording_cut.wav,4.0,1.0,1.131606528,3
30508099_MinPolqaSfbRecording_cut.wav,3.666666667,0.577350269,0.653333333,3
28913103_MinPolqaSfbRecording_cut.wav,3.666666667,1.154700538,1.306666667,3
30254496_MinPolqaSfbRecording_cut.wav,3.666666667,0.577350269,0.653333333,3
30081719_MinPolqaSfbRecording_cut.wav,4.0,0.0,0.0,3
30063518_MinPolqaSfbRecording_cut.wav,3.666666667,0.577350269,0.653333333,3
30096608_MinPolqaSfbRecording_cut.wav,3.333333333,0.577350269,0.653333333,3
30078989_MinPolqaSfbRecording_cut.wav,3.333333333,0.577350269,0.653333333,3
30450147_MinPolqaSfbRecording_cut.wav,3.333333333,0.577350269,0.653333333,3
28688786_MinPolqaSfbRecording_cut.wav,4.0,1.0,1.131606528,3
30114063_MinPolqaSfbRecording_cut.wav,3.333333333,1.154700538,1.306666667,3
30195043_MinPolqaSfbRecording_cut.wav,3.666666667,0.577350269,0.653333333,3
30067174_MinPolqaSfbRecording_cut.wav,3.666666667,0.577350269,0.653333333,3
30082212_MinPolqaSfbRecording_cut.wav,2.666666667,1.527525232,1.728557523,3
27871878_MinPolqaSfbRecording_cut.wav,3.333333333,0.577350269,0.653333333,3
29529702_MinPolqaSfbRecording_cut.wav,2.333333333,1.154700538,1.306666667,3
30501829_MinPolqaSfbRecording_cut.wav,2.5,1.0,0.98,4
28083956_MinPolqaSfbRecording_cut.wav,3.75,0.5,0.49,4
29540083_MinPolqaSfbRecording_cut.wav,3.25,0.957427108,0.938278566,4
30259660_MinPolqaSfbRecording_cut.wav,3.5,0.577350269,0.565803264,4
30125636_MinPolqaSfbRecording_cut.wav,2.75,0.957427108,0.938278566,4
30261821_MinPolqaSfbRecording_cut.wav,2.5,1.290994449,1.26517456,4
30211010_MinPolqaSfbRecording_cut.wav,2.75,0.957427108,0.938278566,4
30201032_MinPolqaSfbRecording_cut.wav,2.0,0.816496581,0.800166649,4
30138588_MinPolqaSfbRecording_cut.wav,3.25,1.707825128,1.673668625,4
28326249_MinPolqaSfbRecording_cut.wav,4.5,0.577350269,0.565803264,4
27840224_MinPolqaSfbRecording_cut.wav,4.75,0.5,0.49,4
30490130_MinPolqaSfbRecording_cut.wav,3.5,1.290994449,1.26517456,4
30183735_MinPolqaSfbRecording_cut.wav,3.5,0.577350269,0.565803264,4
30118456_MinPolqaSfbRecording_cut.wav,3.75,1.258305739,1.233139624,4
30253977_MinPolqaSfbRecording_cut.wav,4.25,0.957427108,0.938278566,4
27894790_MinPolqaSfbRecording_cut.wav,4.75,0.5,0.49,4
30128850_MinPolqaSfbRecording_cut.wav,2.75,0.957427108,0.938278566,4
30514728_MinPolqaSfbRecording_cut.wav,1.0,0.0,0.0,4
30096406_MinPolqaSfbRecording_cut.wav,3.25,0.5,0.49,4
30445632_MinPolqaSfbRecording_cut.wav,3.0,0.816496581,0.800166649,4
30478592_MinPolqaSfbRecording_cut.wav,2.0,0.816496581,0.800166649,4
30512776_MinPolqaSfbRecording_cut.wav,4.25,0.5,0.49,4
30132664_MinPolqaSfbRecording_cut.wav,5.0,0.0,0.0,4
30248860_MinPolqaSfbRecording_cut.wav,2.25,0.5,0.49,4
30068335_MinPolqaSfbRecording_cut.wav,3.0,0.0,0.0,4
30432799_MinPolqaSfbRecording_cut.wav,2.5,0.577350269,0.565803264,4
27922180_MinPolqaSfbRecording_cut.wav,4.0,0.0,0.0,4
30433813_MinPolqaSfbRecording_cut.wav,1.5,0.577350269,0.565803264,4
30120974_MinPolqaSfbRecording_cut.wav,4.25,0.5,0.49,4
30403586_MinPolqaSfbRecording_cut.wav,4.25,0.5,0.49,4
30130226_MinPolqaSfbRecording_cut.wav,1.5,0.577350269,0.565803264,4
27957709_MinPolqaSfbRecording_cut.wav,4.5,0.577350269,0.565803264,4
30193124_MinPolqaSfbRecording_cut.wav,3.25,0.5,0.49,4
30480782_MinPolqaSfbRecording_cut.wav,3.0,0.0,0.0,4
30425263_MinPolqaSfbRecording_cut.wav,3.0,1.414213562,1.96,2
28545671_MinPolqaSfbRecording_cut.wav,3.5,0.707106781,0.98,2
30117485_MinPolqaSfbRecording_cut.wav,4.0,1.414213562,1.96,2
30098812_MinPolqaSfbRecording_cut.wav,4.0,0.0,0.0,2
30200850_MinPolqaSfbRecording_cut.wav,2.5,2.121320344,2.94,2
30472642_MinPolqaSfbRecording_cut.wav,3.0,1.414213562,1.96,2
28497411_MinPolqaSfbRecording_cut.wav,4.5,0.707106781,0.98,2
30098299_MinPolqaSfbRecording_cut.wav,2.5,0.707106781,0.98,2
28621762_MinPolqaSfbRecording_cut.wav,3.5,0.707106781,0.98,2
27751259_MinPolqaSfbRecording_cut.wav,3.75,0.957427108,0.938278566,4
30134474_MinPolqaSfbRecording_cut.wav,3.75,0.957427108,0.938278566,4
30488307_MinPolqaSfbRecording_cut.wav,2.75,0.957427108,0.938278566,4
29532356_MinPolqaSfbRecording_cut.wav,3.0,1.154700538,1.131606528,4
28931848_MinPolqaSfbRecording_cut.wav,3.5,0.577350269,0.565803264,4
30255637_MinPolqaSfbRecording_cut.wav,3.25,0.957427108,0.938278566,4
30408198_MinPolqaSfbRecording_cut.wav,3.25,0.5,0.49,4
27737549_MinPolqaSfbRecording_cut.wav,3.75,0.5,0.49,4
30089330_MinPolqaSfbRecording_cut.wav,2.75,0.957427108,0.938278566,4
30100559_MinPolqaSfbRecording_cut.wav,3.0,0.816496581,0.800166649,4
30138665_MinPolqaSfbRecording_cut.wav,2.25,0.5,0.49,4
28878403_MinPolqaSfbRecording_cut.wav,4.5,0.577350269,0.565803264,4
30100658_MinPolqaSfbRecording_cut.wav,2.25,0.5,0.49,4
30404778_MinPolqaSfbRecording_cut.wav,3.5,0.577350269,0.565803264,4
27656024_MinPolqaSfbRecording_cut.wav,4.0,0.816496581,0.800166649,4
30507742_MinPolqaSfbRecording_cut.wav,2.25,0.5,0.49,4
30497489_MinPolqaSfbRecording_cut.wav,1.5,0.577350269,0.565803264,4
30439472_MinPolqaSfbRecording_cut.wav,3.8,0.447213595,0.392,5
30477793_MinPolqaSfbRecording_cut.wav,2.2,1.095445115,0.960199979,5
30093104_MinPolqaSfbRecording_cut.wav,3.0,1.224744871,1.073536213,5
28216179_MinPolqaSfbRecording_cut.wav,3.6,0.547722558,0.48009999,5
30212742_MinPolqaSfbRecording_cut.wav,3.6,0.547722558,0.48009999,5
30061940_MinPolqaSfbRecording_cut.wav,3.6,0.547722558,0.48009999,5
30520490_MinPolqaSfbRecording_cut.wav,2.2,1.095445115,0.960199979,5
30168567_MinPolqaSfbRecording_cut.wav,4.2,0.447213595,0.392,5
29542161_MinPolqaSfbRecording_cut.wav,3.4,0.547722558,0.48009999,5
30082054_MinPolqaSfbRecording_cut.wav,3.0,1.224744871,1.073536213,5
30170994_MinPolqaSfbRecording_cut.wav,3.8,0.836660027,0.733364848,5
29531268_MinPolqaSfbRecording_cut.wav,3.4,1.341640786,1.176,5
30493984_MinPolqaSfbRecording_cut.wav,3.8,1.095445115,0.960199979,5
30123691_MinPolqaSfbRecording_cut.wav,3.4,1.341640786,1.176,5
29002435_MinPolqaSfbRecording_cut.wav,3.6,0.547722558,0.48009999,5
30406103_MinPolqaSfbRecording_cut.wav,3.0,0.707106781,0.619806421,5
30129052_MinPolqaSfbRecording_cut.wav,3.25,1.258305739,1.233139624,4
30520540_MinPolqaSfbRecording_cut.wav,2.75,1.5,1.47,4
29531247_MinPolqaSfbRecording_cut.wav,2.75,0.957427108,0.938278566,4
30487867_MinPolqaSfbRecording_cut.wav,3.5,1.0,0.98,4
30173941_MinPolqaSfbRecording_cut.wav,3.25,0.5,0.49,4
30410605_MinPolqaSfbRecording_cut.wav,3.5,0.577350269,0.565803264,4
30097863_MinPolqaSfbRecording_cut.wav,3.75,0.5,0.49,4
30189317_MinPolqaSfbRecording_cut.wav,3.5,1.290994449,1.26517456,4
30100200_MinPolqaSfbRecording_cut.wav,2.75,0.957427108,0.938278566,4
29065428_MinPolqaSfbRecording_cut.wav,3.5,1.0,0.98,4
30148519_MinPolqaSfbRecording_cut.wav,4.0,1.0,1.131606528,3
30118883_MinPolqaSfbRecording_cut.wav,4.0,1.0,1.131606528,3
30121505_MinPolqaSfbRecording_cut.wav,3.333333333,1.527525232,1.728557523,3
30152024_MinPolqaSfbRecording_cut.wav,3.333333333,1.527525232,1.728557523,3
28132620_MinPolqaSfbRecording_cut.wav,3.0,1.0,1.131606528,3
30105084_MinPolqaSfbRecording_cut.wav,3.333333333,0.577350269,0.653333333,3
30128903_MinPolqaSfbRecording_cut.wav,3.0,1.732050808,1.96,3
30160021_MinPolqaSfbRecording_cut.wav,2.666666667,1.154700538,1.306666667,3
30200467_MinPolqaSfbRecording_cut.wav,4.0,1.0,1.131606528,3
30262112_MinPolqaSfbRecording_cut.wav,3.0,0.816496581,0.800166649,4
30175257_MinPolqaSfbRecording_cut.wav,4.0,0.816496581,0.800166649,4
30188696_MinPolqaSfbRecording_cut.wav,2.5,0.577350269,0.565803264,4
30405893_MinPolqaSfbRecording_cut.wav,3.0,0.816496581,0.800166649,4
30129174_MinPolqaSfbRecording_cut.wav,4.0,0.816496581,0.800166649,4
30151268_MinPolqaSfbRecording_cut.wav,2.25,0.5,0.49,4
30424519_MinPolqaSfbRecording_cut.wav,3.0,0.816496581,0.800166649,4
28823628_MinPolqaSfbRecording_cut.wav,3.5,1.290994449,1.26517456,4
30085786_MinPolqaSfbRecording_cut.wav,3.5,1.290994449,1.26517456,4
30178865_MinPolqaSfbRecording_cut.wav,4.0,1.154700538,1.131606528,4
30122537_MinPolqaSfbRecording_cut.wav,4.25,0.5,0.49,4
30090006_MinPolqaSfbRecording_cut.wav,2.5,0.577350269,0.565803264,4
30075360_MinPolqaSfbRecording_cut.wav,2.75,1.5,1.47,4
29534300_MinPolqaSfbRecording_cut.wav,2.75,0.957427108,0.938278566,4
30162117_MinPolqaSfbRecording_cut.wav,3.75,0.957427108,0.938278566,4
28359104_MinPolqaSfbRecording_cut.wav,4.0,0.816496581,0.800166649,4
30202084_MinPolqaSfbRecording_cut.wav,3.75,0.957427108,0.938278566,4
30260341_MinPolqaSfbRecording_cut.wav,3.0,1.825741858,1.789227021,4
30144887_MinPolqaSfbRecording_cut.wav,3.0,0.816496581,0.800166649,4
30184222_MinPolqaSfbRecording_cut.wav,1.75,0.957427108,0.938278566,4
30468495_MinPolqaSfbRecording_cut.wav,3.5,0.577350269,0.565803264,4
30416624_MinPolqaSfbRecording_cut.wav,3.5,1.0,0.98,4
30519535_MinPolqaSfbRecording_cut.wav,4.25,0.957427108,0.938278566,4
30527754_MinPolqaSfbRecording_cut.wav,4.25,0.957427108,0.938278566,4
30057938_MinPolqaSfbRecording_cut.wav,3.25,1.5,1.47,4
30159613_MinPolqaSfbRecording_cut.wav,1.5,1.0,0.98,4
30067912_MinPolqaSfbRecording_cut.wav,2.6,1.140175425,0.999407825,5
29530278_MinPolqaSfbRecording_cut.wav,3.4,0.894427191,0.784,5
30066110_MinPolqaSfbRecording_cut.wav,2.4,1.140175425,0.999407825,5
30141691_MinPolqaSfbRecording_cut.wav,4.0,0.707106781,0.619806421,5
28481291_MinPolqaSfbRecording_cut.wav,3.4,0.547722558,0.48009999,5
30410976_MinPolqaSfbRecording_cut.wav,3.4,0.547722558,0.48009999,5
30202027_MinPolqaSfbRecording_cut.wav,3.8,0.447213595,0.392,5
30172283_MinPolqaSfbRecording_cut.wav,3.8,0.447213595,0.392,5
30213272_MinPolqaSfbRecording_cut.wav,3.4,0.547722558,0.48009999,5
30446492_MinPolqaSfbRecording_cut.wav,2.2,0.447213595,0.392,5
30151908_MinPolqaSfbRecording_cut.wav,3.0,1.58113883,1.385929291,5
30075185_MinPolqaSfbRecording_cut.wav,3.4,0.894427191,0.784,5
30104588_MinPolqaSfbRecording_cut.wav,3.2,0.836660027,0.733364848,5
28583984_MinPolqaSfbRecording_cut.wav,4.2,0.447213595,0.392,5
30098354_MinPolqaSfbRecording_cut.wav,3.2,1.303840481,1.142866571,5
30118531_MinPolqaSfbRecording_cut.wav,4.4,0.547722558,0.48009999,5
30492084_MinPolqaSfbRecording_cut.wav,3.8,0.836660027,0.733364848,5
30520489_MinPolqaSfbRecording_cut.wav,3.0,1.414213562,1.239612843,5
30507299_MinPolqaSfbRecording_cut.wav,3.4,0.894427191,0.784,5
28202793_MinPolqaSfbRecording_cut.wav,4.0,0.0,0.0,3
28659454_MinPolqaSfbRecording_cut.wav,4.0,1.0,1.131606528,3
28317158_MinPolqaSfbRecording_cut.wav,4.0,1.0,1.131606528,3
27832977_MinPolqaSfbRecording_cut.wav,3.333333333,0.577350269,0.653333333,3
30123031_MinPolqaSfbRecording_cut.wav,3.0,0.0,0.0,3
30099069_MinPolqaSfbRecording_cut.wav,2.666666667,0.577350269,0.653333333,3
30132120_MinPolqaSfbRecording_cut.wav,3.0,1.0,1.131606528,3
28786952_MinPolqaSfbRecording_cut.wav,4.0,1.0,1.131606528,3
28738897_MinPolqaSfbRecording_cut.wav,4.0,0.0,0.0,5
30184339_MinPolqaSfbRecording_cut.wav,3.4,0.547722558,0.48009999,5
30432824_MinPolqaSfbRecording_cut.wav,3.0,1.0,0.876538647,5
28533269_MinPolqaSfbRecording_cut.wav,4.4,0.547722558,0.48009999,5
28030106_MinPolqaSfbRecording_cut.wav,4.4,0.547722558,0.48009999,5
30159462_MinPolqaSfbRecording_cut.wav,3.4,0.894427191,0.784,5
27978718_MinPolqaSfbRecording_cut.wav,4.0,0.707106781,0.619806421,5
30211850_MinPolqaSfbRecording_cut.wav,4.0,0.0,0.0,5
30100657_MinPolqaSfbRecording_cut.wav,2.2,0.836660027,0.733364848,5
30213073_MinPolqaSfbRecording_cut.wav,3.8,0.836660027,0.733364848,5
30083072_MinPolqaSfbRecording_cut.wav,3.4,0.547722558,0.48009999,5
30213477_MinPolqaSfbRecording_cut.wav,2.8,0.836660027,0.733364848,5
30528125_MinPolqaSfbRecording_cut.wav,3.6,0.547722558,0.48009999,5
30489139_MinPolqaSfbRecording_cut.wav,1.8,1.303840481,1.142866571,5
30072665_MinPolqaSfbRecording_cut.wav,3.4,0.894427191,0.784,5
30438495_MinPolqaSfbRecording_cut.wav,2.4,0.894427191,0.784,5
30121491_MinPolqaSfbRecording_cut.wav,4.2,0.447213595,0.392,5
30463002_MinPolqaSfbRecording_cut.wav,3.0,0.0,0.0,2
30520363_MinPolqaSfbRecording_cut.wav,3.5,0.707106781,0.98,2
30139343_MinPolqaSfbRecording_cut.wav,4.0,0.0,0.0,2
27595486_MinPolqaSfbRecording_cut.wav,4.5,0.707106781,0.98,2
30475010_MinPolqaSfbRecording_cut.wav,3.0,0.0,0.0,2
30508805_MinPolqaSfbRecording_cut.wav,3.0,0.0,0.0,2
30512961_MinPolqaSfbRecording_cut.wav,3.0,1.414213562,1.96,2
30108643_MinPolqaSfbRecording_cut.wav,4.5,0.707106781,0.98,2
30465548_MinPolqaSfbRecording_cut.wav,3.0,0.0,0.0,3
27999790_MinPolqaSfbRecording_cut.wav,4.333333333,1.154700538,1.306666667,3
30488345_MinPolqaSfbRecording_cut.wav,1.666666667,0.577350269,0.653333333,3
30096800_MinPolqaSfbRecording_cut.wav,1.333333333,0.577350269,0.653333333,3
28536164_MinPolqaSfbRecording_cut.wav,3.666666667,0.577350269,0.653333333,3
30256877_MinPolqaSfbRecording_cut.wav,2.0,0.0,0.0,3
28429877_MinPolqaSfbRecording_cut.wav,3.666666667,0.577350269,0.653333333,3
30527104_MinPolqaSfbRecording_cut.wav,3.333333333,0.577350269,0.653333333,3
30520602_MinPolqaSfbRecording_cut.wav,3.0,0.0,0.0,3
29543056_MinPolqaSfbRecording_cut.wav,3.25,0.5,0.49,4
30096350_MinPolqaSfbRecording_cut.wav,3.75,0.957427108,0.938278566,4
30177298_MinPolqaSfbRecording_cut.wav,3.75,0.5,0.49,4
28489023_MinPolqaSfbRecording_cut.wav,4.5,1.0,0.98,4
30157042_MinPolqaSfbRecording_cut.wav,3.75,0.5,0.49,4
27828728_MinPolqaSfbRecording_cut.wav,3.75,1.258305739,1.233139624,4
30434954_MinPolqaSfbRecording_cut.wav,4.0,0.816496581,0.800166649,4
28717624_MinPolqaSfbRecording_cut.wav,3.75,0.5,0.49,4
30137165_MinPolqaSfbRecording_cut.wav,2.75,0.5,0.49,4
29540195_MinPolqaSfbRecording_cut.wav,1.25,0.5,0.49,4
30121742_MinPolqaSfbRecording_cut.wav,4.25,0.957427108,0.938278566,4
30067539_MinPolqaSfbRecording_cut.wav,3.5,0.577350269,0.565803264,4
30148663_MinPolqaSfbRecording_cut.wav,4.5,0.577350269,0.565803264,4
30405913_MinPolqaSfbRecording_cut.wav,2.75,0.5,0.49,4
30185005_MinPolqaSfbRecording_cut.wav,2.25,0.5,0.49,4
30510024_MinPolqaSfbRecording_cut.wav,2.5,0.577350269,0.565803264,4
30153843_MinPolqaSfbRecording_cut.wav,4.25,0.5,0.49,4
30472366_MinPolqaSfbRecording_cut.wav,3.0,0.0,0.0,2
30165914_MinPolqaSfbRecording_cut.wav,1.5,0.707106781,0.98,2
30410554_MinPolqaSfbRecording_cut.wav,1.5,0.707106781,0.98,2
30206952_MinPolqaSfbRecording_cut.wav,2.5,0.707106781,0.98,2
28829947_MinPolqaSfbRecording_cut.wav,3.5,0.707106781,0.98,2
28950028_MinPolqaSfbRecording_cut.wav,3.8,0.836660027,0.733364848,5
30067541_MinPolqaSfbRecording_cut.wav,3.4,0.547722558,0.48009999,5
30095661_MinPolqaSfbRecording_cut.wav,2.4,1.516575089,1.329336677,5
30165230_MinPolqaSfbRecording_cut.wav,3.4,1.140175425,0.999407825,5
30183409_MinPolqaSfbRecording_cut.wav,2.8,1.788854382,1.568,5
30064923_MinPolqaSfbRecording_cut.wav,3.6,1.140175425,0.999407825,5
27848571_MinPolqaSfbRecording_cut.wav,4.0,0.707106781,0.619806421,5
30515246_MinPolqaSfbRecording_cut.wav,3.2,0.447213595,0.392,5
30429543_MinPolqaSfbRecording_cut.wav,2.333333333,1.527525232,1.728557523,3
30403569_MinPolqaSfbRecording_cut.wav,2.666666667,2.081665999,2.355626833,3
30103229_MinPolqaSfbRecording_cut.wav,3.0,2.0,2.263213055,3
28106617_MinPolqaSfbRecording_cut.wav,2.666666667,1.154700538,1.306666667,3
30471910_MinPolqaSfbRecording_cut.wav,3.0,1.732050808,1.96,3
30249960_MinPolqaSfbRecording_cut.wav,3.666666667,1.527525232,1.728557523,3
30122908_MinPolqaSfbRecording_cut.wav,3.333333333,1.527525232,1.728557523,3
28203679_MinPolqaSfbRecording_cut.wav,4.0,1.0,1.131606528,3
29532679_MinPolqaSfbRecording_cut.wav,3.6,1.949358869,1.708688386,5
30257814_MinPolqaSfbRecording_cut.wav,3.2,1.483239697,1.300116918,5
28297995_MinPolqaSfbRecording_cut.wav,3.6,1.140175425,0.999407825,5
30097753_MinPolqaSfbRecording_cut.wav,3.6,1.140175425,0.999407825,5
30182011_MinPolqaSfbRecording_cut.wav,3.8,0.836660027,0.733364848,5
30501766_MinPolqaSfbRecording_cut.wav,3.4,1.516575089,1.329336677,5
30091727_MinPolqaSfbRecording_cut.wav,2.2,1.303840481,1.142866571,5
30421062_MinPolqaSfbRecording_cut.wav,3.8,1.095445115,0.960199979,5
29540876_MinPolqaSfbRecording_cut.wav,2.333333333,0.577350269,0.653333333,3
30431144_MinPolqaSfbRecording_cut.wav,2.666666667,0.577350269,0.653333333,3
27926119_MinPolqaSfbRecording_cut.wav,3.666666667,0.577350269,0.653333333,3
30109635_MinPolqaSfbRecording_cut.wav,3.666666667,0.577350269,0.653333333,3
30090827_MinPolqaSfbRecording_cut.wav,3.0,0.0,0.0,3
30469650_MinPolqaSfbRecording_cut.wav,2.666666667,0.577350269,0.653333333,3
30472499_MinPolqaSfbRecording_cut.wav,3.333333333,0.577350269,0.653333333,3
30081002_MinPolqaSfbRecording_cut.wav,3.333333333,0.577350269,0.653333333,3
30070036_MinPolqaSfbRecording_cut.wav,1.333333333,0.577350269,0.653333333,3
30522834_MinPolqaSfbRecording_cut.wav,2.666666667,0.577350269,0.653333333,3
28256563_MinPolqaSfbRecording_cut.wav,4.0,0.0,0.0,3
28181370_MinPolqaSfbRecording_cut.wav,3.666666667,1.154700538,1.306666667,3
30264145_MinPolqaSfbRecording_cut.wav,2.666666667,0.577350269,0.653333333,3
30186285_MinPolqaSfbRecording_cut.wav,3.0,0.0,0.0,3
30258142_MinPolqaSfbRecording_cut.wav,2.0,1.0,1.131606528,3
27916632_MinPolqaSfbRecording_cut.wav,4.0,1.0,1.131606528,3
30097259_MinPolqaSfbRecording_cut.wav,1.333333333,0.577350269,0.653333333,3
29067139_MinPolqaSfbRecording_cut.wav,4.0,0.0,0.0,5
30083526_MinPolqaSfbRecording_cut.wav,3.6,0.547722558,0.48009999,5
30523238_MinPolqaSfbRecording_cut.wav,4.0,0.707106781,0.619806421,5
30482101_MinPolqaSfbRecording_cut.wav,3.6,0.547722558,0.48009999,5
29533742_MinPolqaSfbRecording_cut.wav,4.0,0.0,0.0,5
30063664_MinPolqaSfbRecording_cut.wav,2.4,0.547722558,0.48009999,5
27946153_MinPolqaSfbRecording_cut.wav,3.6,0.547722558,0.48009999,5
28002420_MinPolqaSfbRecording_cut.wav,3.6,0.547722558,0.48009999,5
30445345_MinPolqaSfbRecording_cut.wav,3.5,0.577350269,0.565803264,4
27516577_MinPolqaSfbRecording_cut.wav,4.0,0.816496581,0.800166649,4
30404848_MinPolqaSfbRecording_cut.wav,2.75,0.5,0.49,4
30161997_MinPolqaSfbRecording_cut.wav,3.0,0.0,0.0,4
28491993_MinPolqaSfbRecording_cut.wav,4.0,0.816496581,0.800166649,4
30200722_MinPolqaSfbRecording_cut.wav,1.5,0.577350269,0.565803264,4
30062515_MinPolqaSfbRecording_cut.wav,1.25,0.5,0.49,4
30086830_MinPolqaSfbRecording_cut.wav,2.0,0.816496581,0.800166649,4
30465919_MinPolqaSfbRecording_cut.wav,3.75,0.5,0.49,4
28461214_MinPolqaSfbRecording_cut.wav,4.0,0.816496581,0.800166649,4
28135390_MinPolqaSfbRecording_cut.wav,3.5,1.0,0.98,4
30109100_MinPolqaSfbRecording_cut.wav,2.75,0.957427108,0.938278566,4
30529788_MinPolqaSfbRecording_cut.wav,2.0,1.414213562,1.385929291,4
28521477_MinPolqaSfbRecording_cut.wav,3.25,0.957427108,0.938278566,4
30118898_MinPolqaSfbRecording_cut.wav,3.25,0.957427108,0.938278566,4
29536690_MinPolqaSfbRecording_cut.wav,2.333333333,0.577350269,0.653333333,3
28445314_MinPolqaSfbRecording_cut.wav,4.0,1.732050808,1.96,3
30070447_MinPolqaSfbRecording_cut.wav,2.666666667,0.577350269,0.653333333,3
30195646_MinPolqaSfbRecording_cut.wav,3.333333333,1.154700538,1.306666667,3
30155109_MinPolqaSfbRecording_cut.wav,1.666666667,0.577350269,0.653333333,3
30207673_MinPolqaSfbRecording_cut.wav,2.666666667,0.577350269,0.653333333,3
28661080_MinPolqaSfbRecording_cut.wav,4.666666667,0.577350269,0.653333333,3
30511165_MinPolqaSfbRecording_cut.wav,2.333333333,1.154700538,1.306666667,3
27829499_MinPolqaSfbRecording_cut.wav,3.333333333,0.577350269,0.653333333,3
30450439_MinPolqaSfbRecording_cut.wav,4.0,0.0,0.0,2
28340529_MinPolqaSfbRecording_cut.wav,4.0,0.0,0.0,2
27671503_MinPolqaSfbRecording_cut.wav,4.0,0.0,0.0,2
30404987_MinPolqaSfbRecording_cut.wav,4.5,0.707106781,0.98,2
30523693_MinPolqaSfbRecording_cut.wav,2.5,2.121320344,2.94,2
30197146_MinPolqaSfbRecording_cut.wav,2.5,2.121320344,2.94,2
27980583_MinPolqaSfbRecording_cut.wav,3.0,1.414213562,1.96,2
30463478_MinPolqaSfbRecording_cut.wav,4.0,0.0,0.0,2
30475473_MinPolqaSfbRecording_cut.wav,2.5,0.707106781,0.98,2
27761771_MinPolqaSfbRecording_cut.wav,3.5,0.707106781,0.98,2
30161636_MinPolqaSfbRecording_cut.wav,4.0,0.0,0.0,2
30185844_MinPolqaSfbRecording_cut.wav,4.5,0.707106781,0.98,2
28325803_MinPolqaSfbRecording_cut.wav,4.0,0.0,0.0,2
30249760_MinPolqaSfbRecording_cut.wav,3.0,2.828427125,3.92,2
30065264_MinPolqaSfbRecording_cut.wav,3.0,1.414213562,1.96,2
29532019_MinPolqaSfbRecording_cut.wav,3.0,1.414213562,1.96,2
30134179_MinPolqaSfbRecording_cut.wav,2.333333333,0.577350269,0.653333333,3
30427546_MinPolqaSfbRecording_cut.wav,3.0,0.0,0.0,3
30144392_MinPolqaSfbRecording_cut.wav,4.666666667,0.577350269,0.653333333,3
30260457_MinPolqaSfbRecording_cut.wav,3.333333333,0.577350269,0.653333333,3
30414330_MinPolqaSfbRecording_cut.wav,4.0,0.0,0.0,3
30135646_MinPolqaSfbRecording_cut.wav,2.666666667,1.527525232,1.728557523,3
30454740_MinPolqaSfbRecording_cut.wav,3.666666667,0.577350269,0.653333333,3
30111541_MinPolqaSfbRecording_cut.wav,3.666666667,0.577350269,0.653333333,3
30174516_MinPolqaSfbRecording_cut.wav,3.333333333,1.154700538,1.306666667,3
30101113_MinPolqaSfbRecording_cut.wav,4.0,0.707106781,0.619806421,5
29542586_MinPolqaSfbRecording_cut.wav,1.8,1.303840481,1.142866571,5
29529583_MinPolqaSfbRecording_cut.wav,3.6,1.140175425,0.999407825,5
30132387_MinPolqaSfbRecording_cut.wav,4.6,0.547722558,0.48009999,5
28022656_MinPolqaSfbRecording_cut.wav,3.6,0.547722558,0.48009999,5
30082397_MinPolqaSfbRecording_cut.wav,3.6,1.140175425,0.999407825,5
28472585_MinPolqaSfbRecording_cut.wav,4.2,0.447213595,0.392,5
30192945_MinPolqaSfbRecording_cut.wav,3.75,0.957427108,0.938278566,4
30132510_MinPolqaSfbRecording_cut.wav,1.0,0.0,0.0,4
30112734_MinPolqaSfbRecording_cut.wav,4.25,0.5,0.49,4
30514397_MinPolqaSfbRecording_cut.wav,2.25,0.957427108,0.938278566,4
27910380_MinPolqaSfbRecording_cut.wav,4.0,0.816496581,0.800166649,4
30132574_MinPolqaSfbRecording_cut.wav,3.5,0.577350269,0.565803264,4
30194020_MinPolqaSfbRecording_cut.wav,2.5,0.577350269,0.565803264,4
30121736_MinPolqaSfbRecording_cut.wav,3.333333333,0.577350269,0.653333333,3
30422719_MinPolqaSfbRecording_cut.wav,3.0,1.0,1.131606528,3
30173066_MinPolqaSfbRecording_cut.wav,2.666666667,1.527525232,1.728557523,3
28768520_MinPolqaSfbRecording_cut.wav,3.666666667,1.154700538,1.306666667,3
28998553_MinPolqaSfbRecording_cut.wav,4.0,1.0,1.131606528,3
30424266_MinPolqaSfbRecording_cut.wav,3.0,1.0,1.131606528,3
30460452_MinPolqaSfbRecording_cut.wav,2.333333333,1.527525232,1.728557523,3
28219199_MinPolqaSfbRecording_cut.wav,3.666666667,0.577350269,0.653333333,3
30528600_MinPolqaSfbRecording_cut.wav,2.666666667,2.081665999,2.355626833,3
30162351_MinPolqaSfbRecording_cut.wav,3.666666667,1.527525232,1.728557523,3
30142080_MinPolqaSfbRecording_cut.wav,4.666666667,0.577350269,0.653333333,3
30516187_MinPolqaSfbRecording_cut.wav,2.666666667,1.527525232,1.728557523,3
30520436_MinPolqaSfbRecording_cut.wav,4.333333333,0.577350269,0.653333333,3
30414158_MinPolqaSfbRecording_cut.wav,3.333333333,1.154700538,1.306666667,3
30449441_MinPolqaSfbRecording_cut.wav,3.666666667,0.577350269,0.653333333,3
30425487_MinPolqaSfbRecording_cut.wav,3.0,1.732050808,1.96,3
30121725_MinPolqaSfbRecording_cut.wav,3.0,0.0,0.0,4
30076209_MinPolqaSfbRecording_cut.wav,3.5,0.577350269,0.565803264,4
30438646_MinPolqaSfbRecording_cut.wav,2.5,0.577350269,0.565803264,4
30214067_MinPolqaSfbRecording_cut.wav,3.5,0.577350269,0.565803264,4
28710973_MinPolqaSfbRecording_cut.wav,4.5,0.577350269,0.565803264,4
30071423_MinPolqaSfbRecording_cut.wav,4.25,0.5,0.49,4
30479516_MinPolqaSfbRecording_cut.wav,1.75,0.5,0.49,4
30190216_MinPolqaSfbRecording_cut.wav,2.0,0.0,0.0,4
28903256_MinPolqaSfbRecording_cut.wav,3.75,0.957427108,0.938278566,4
30129466_MinPolqaSfbRecording_cut.wav,3.2,1.095445115,0.960199979,5
30425013_MinPolqaSfbRecording_cut.wav,4.0,0.707106781,0.619806421,5
27662087_MinPolqaSfbRecording_cut.wav,4.4,0.547722558,0.48009999,5
27754989_MinPolqaSfbRecording_cut.wav,2.6,0.547722558,0.48009999,5
30259667_MinPolqaSfbRecording_cut.wav,1.6,1.341640786,1.176,5
30457274_MinPolqaSfbRecording_cut.wav,1.4,0.547722558,0.48009999,5
30250037_MinPolqaSfbRecording_cut.wav,3.25,0.957427108,0.938278566,4
30493065_MinPolqaSfbRecording_cut.wav,3.0,0.0,0.0,4
30256246_MinPolqaSfbRecording_cut.wav,2.75,1.258305739,1.233139624,4
30510164_MinPolqaSfbRecording_cut.wav,2.75,0.957427108,0.938278566,4
29531246_MinPolqaSfbRecording_cut.wav,3.0,0.816496581,0.800166649,4
30066629_MinPolqaSfbRecording_cut.wav,3.5,0.577350269,0.565803264,4
30068849_MinPolqaSfbRecording_cut.wav,2.75,1.5,1.47,4
30098085_MinPolqaSfbRecording_cut.wav,3.2,0.836660027,0.733364848,5
27723793_MinPolqaSfbRecording_cut.wav,4.4,0.547722558,0.48009999,5
30502336_MinPolqaSfbRecording_cut.wav,3.0,0.707106781,0.619806421,5
30091308_MinPolqaSfbRecording_cut.wav,3.4,0.894427191,0.784,5
30107380_MinPolqaSfbRecording_cut.wav,1.4,0.547722558,0.48009999,5
30508712_MinPolqaSfbRecording_cut.wav,3.8,0.836660027,0.733364848,5
30128867_MinPolqaSfbRecording_cut.wav,1.8,0.447213595,0.392,5
30456286_MinPolqaSfbRecording_cut.wav,1.0,0.0,0.0,5
30477999_MinPolqaSfbRecording_cut.wav,3.2,0.447213595,0.392,5
27876310_MinPolqaSfbRecording_cut.wav,3.666666667,0.577350269,0.653333333,3
30066298_MinPolqaSfbRecording_cut.wav,3.0,1.0,1.131606528,3
30515244_MinPolqaSfbRecording_cut.wav,3.0,1.0,1.131606528,3
30466648_MinPolqaSfbRecording_cut.wav,2.333333333,0.577350269,0.653333333,3
30526524_MinPolqaSfbRecording_cut.wav,3.333333333,1.154700538,1.306666667,3
30129300_MinPolqaSfbRecording_cut.wav,2.0,1.0,1.131606528,3
30256316_MinPolqaSfbRecording_cut.wav,1.666666667,0.577350269,0.653333333,3
30129799_MinPolqaSfbRecording_cut.wav,2.0,0.0,0.0,3
27843522_MinPolqaSfbRecording_cut.wav,3.666666667,0.577350269,0.653333333,3
30097683_MinPolqaSfbRecording_cut.wav,3.333333333,0.577350269,0.653333333,3
30515724_MinPolqaSfbRecording_cut.wav,3.2,1.303840481,1.142866571,5
30117799_MinPolqaSfbRecording_cut.wav,3.0,0.707106781,0.619806421,5
30426373_MinPolqaSfbRecording_cut.wav,2.4,0.894427191,0.784,5
30117884_MinPolqaSfbRecording_cut.wav,3.8,0.836660027,0.733364848,5
28201013_MinPolqaSfbRecording_cut.wav,2.4,0.894427191,0.784,5
27758352_MinPolqaSfbRecording_cut.wav,3.2,0.836660027,0.733364848,5
28925702_MinPolqaSfbRecording_cut.wav,3.8,0.836660027,0.733364848,5
30076618_MinPolqaSfbRecording_cut.wav,3.0,0.707106781,0.619806421,5
27851648_MinPolqaSfbRecording_cut.wav,2.6,1.140175425,0.999407825,5
30403784_MinPolqaSfbRecording_cut.wav,3.6,0.547722558,0.48009999,5
30100836_MinPolqaSfbRecording_cut.wav,3.666666667,1.154700538,1.306666667,3
30064828_MinPolqaSfbRecording_cut.wav,4.0,1.0,1.131606528,3
30092704_MinPolqaSfbRecording_cut.wav,2.0,1.0,1.131606528,3
30154259_MinPolqaSfbRecording_cut.wav,3.666666667,0.577350269,0.653333333,3
30514109_MinPolqaSfbRecording_cut.wav,3.0,1.0,1.131606528,3
30475524_MinPolqaSfbRecording_cut.wav,3.0,1.0,1.131606528,3
30193763_MinPolqaSfbRecording_cut.wav,3.0,1.0,1.131606528,3
30255058_MinPolqaSfbRecording_cut.wav,3.25,0.957427108,0.938278566,4
29542024_MinPolqaSfbRecording_cut.wav,3.75,0.5,0.49,4
30071500_MinPolqaSfbRecording_cut.wav,2.5,1.290994449,1.26517456,4
30262571_MinPolqaSfbRecording_cut.wav,3.25,1.258305739,1.233139624,4
28311533_MinPolqaSfbRecording_cut.wav,2.75,0.957427108,0.938278566,4
30122395_MinPolqaSfbRecording_cut.wav,4.25,0.957427108,0.938278566,4
30450677_MinPolqaSfbRecording_cut.wav,2.25,1.5,1.47,4
30471835_MinPolqaSfbRecording_cut.wav,3.5,1.0,0.98,4
28203646_MinPolqaSfbRecording_cut.wav,3.75,0.5,0.49,4
30068253_MinPolqaSfbRecording_cut.wav,3.75,0.957427108,0.938278566,4
29529730_MinPolqaSfbRecording_cut.wav,3.5,0.577350269,0.565803264,4
30428199_MinPolqaSfbRecording_cut.wav,3.0,0.816496581,0.800166649,4
30184355_MinPolqaSfbRecording_cut.wav,2.75,0.957427108,0.938278566,4
30119847_MinPolqaSfbRecording_cut.wav,3.75,0.5,0.49,4
30427589_MinPolqaSfbRecording_cut.wav,3.5,0.577350269,0.565803264,4
30501800_MinPolqaSfbRecording_cut.wav,3.5,0.577350269,0.565803264,4
30210827_MinPolqaSfbRecording_cut.wav,3.0,1.414213562,1.239612843,5
28464486_MinPolqaSfbRecording_cut.wav,4.0,0.707106781,0.619806421,5
30199823_MinPolqaSfbRecording_cut.wav,2.0,1.224744871,1.073536213,5
30436527_MinPolqaSfbRecording_cut.wav,3.4,0.894427191,0.784,5
30491140_MinPolqaSfbRecording_cut.wav,3.0,1.224744871,1.073536213,5
30132138_MinPolqaSfbRecording_cut.wav,3.0,0.0,0.0,4
30063988_MinPolqaSfbRecording_cut.wav,3.25,0.5,0.49,4
30430177_MinPolqaSfbRecording_cut.wav,3.0,0.0,0.0,4
30197549_MinPolqaSfbRecording_cut.wav,1.5,0.577350269,0.565803264,4
30523275_MinPolqaSfbRecording_cut.wav,2.75,0.5,0.49,4
30182578_MinPolqaSfbRecording_cut.wav,2.75,0.957427108,0.938278566,4
28749034_MinPolqaSfbRecording_cut.wav,4.0,0.0,0.0,4
30082594_MinPolqaSfbRecording_cut.wav,2.75,0.5,0.49,4
30207150_MinPolqaSfbRecording_cut.wav,2.25,0.5,0.49,4
29542345_MinPolqaSfbRecording_cut.wav,3.25,0.5,0.49,4
30164654_MinPolqaSfbRecording_cut.wav,2.5,0.577350269,0.565803264,4
30253940_MinPolqaSfbRecording_cut.wav,4.0,0.0,0.0,4
30200257_MinPolqaSfbRecording_cut.wav,4.0,0.816496581,0.800166649,4
30428728_MinPolqaSfbRecording_cut.wav,2.25,0.5,0.49,4
30198479_MinPolqaSfbRecording_cut.wav,1.0,0.0,0.0,4
30448230_MinPolqaSfbRecording_cut.wav,3.25,0.5,0.49,4
30514347_MinPolqaSfbRecording_cut.wav,4.25,0.5,0.49,4
30414080_MinPolqaSfbRecording_cut.wav,2.0,0.0,0.0,4
30406782_MinPolqaSfbRecording_cut.wav,3.0,0.816496581,0.800166649,4
30132620_MinPolqaSfbRecording_cut.wav,3.75,0.957427108,0.938278566,4
30484426_MinPolqaSfbRecording_cut.wav,2.0,0.816496581,0.800166649,4
30087398_MinPolqaSfbRecording_cut.wav,2.5,0.577350269,0.565803264,4
30202598_MinPolqaSfbRecording_cut.wav,3.25,0.5,0.49,4
30122775_MinPolqaSfbRecording_cut.wav,2.0,0.816496581,0.800166649,4
30466881_MinPolqaSfbRecording_cut.wav,2.75,0.5,0.49,4
30501496_MinPolqaSfbRecording_cut.wav,2.75,1.258305739,1.233139624,4
28790285_MinPolqaSfbRecording_cut.wav,2.5,1.290994449,1.26517456,4
30180467_MinPolqaSfbRecording_cut.wav,2.0,0.816496581,0.800166649,4
29529686_MinPolqaSfbRecording_cut.wav,3.25,1.5,1.47,4
30133944_MinPolqaSfbRecording_cut.wav,2.0,0.816496581,0.800166649,4
30180833_MinPolqaSfbRecording_cut.wav,3.5,1.290994449,1.26517456,4
28339537_MinPolqaSfbRecording_cut.wav,4.25,0.957427108,0.938278566,4
28883373_MinPolqaSfbRecording_cut.wav,3.75,1.258305739,1.233139624,4
30105381_MinPolqaSfbRecording_cut.wav,2.4,1.673320053,1.466729696,5
28761638_MinPolqaSfbRecording_cut.wav,3.6,0.894427191,0.784,5
30428544_MinPolqaSfbRecording_cut.wav,2.4,1.140175425,0.999407825,5
30504040_MinPolqaSfbRecording_cut.wav,2.4,1.516575089,1.329336677,5
30148099_MinPolqaSfbRecording_cut.wav,2.2,1.643167673,1.440299969,5
27701587_MinPolqaSfbRecording_cut.wav,3.4,1.516575089,1.329336677,5
28456892_MinPolqaSfbRecording_cut.wav,3.4,0.894427191,0.784,5
30150271_MinPolqaSfbRecording_cut.wav,4.0,1.0,1.131606528,3
28036834_MinPolqaSfbRecording_cut.wav,4.0,1.0,1.131606528,3
30256461_MinPolqaSfbRecording_cut.wav,3.0,0.0,0.0,3
29556351_MinPolqaSfbRecording_cut.wav,3.333333333,0.577350269,0.653333333,3
30192864_MinPolqaSfbRecording_cut.wav,2.666666667,0.577350269,0.653333333,3
28467578_MinPolqaSfbRecording_cut.wav,3.666666667,0.577350269,0.653333333,3
30065978_MinPolqaSfbRecording_cut.wav,1.666666667,0.577350269,0.653333333,3
30192760_MinPolqaSfbRecording_cut.wav,2.0,0.816496581,0.800166649,4
30465797_MinPolqaSfbRecording_cut.wav,3.25,0.957427108,0.938278566,4
28881232_MinPolqaSfbRecording_cut.wav,3.25,0.957427108,0.938278566,4
27642760_MinPolqaSfbRecording_cut.wav,3.75,0.957427108,0.938278566,4
30092309_MinPolqaSfbRecording_cut.wav,2.0,0.816496581,0.800166649,4
30473285_MinPolqaSfbRecording_cut.wav,3.0,0.816496581,0.800166649,4
27664742_MinPolqaSfbRecording_cut.wav,4.25,0.5,0.49,4
30200037_MinPolqaSfbRecording_cut.wav,2.25,0.957427108,0.938278566,4
27944192_MinPolqaSfbRecording_cut.wav,5.0,0.0,0.0,4
30452678_MinPolqaSfbRecording_cut.wav,3.75,0.5,0.49,4
30155233_MinPolqaSfbRecording_cut.wav,1.0,0.0,0.0,4
30513969_MinPolqaSfbRecording_cut.wav,2.5,1.0,0.98,4
30117880_MinPolqaSfbRecording_cut.wav,4.5,0.577350269,0.565803264,4
30430554_MinPolqaSfbRecording_cut.wav,1.75,0.957427108,0.938278566,4
30409394_MinPolqaSfbRecording_cut.wav,3.5,0.577350269,0.565803264,4
28867539_MinPolqaSfbRecording_cut.wav,3.5,0.577350269,0.565803264,4
29536474_MinPolqaSfbRecording_cut.wav,2.0,0.816496581,0.800166649,4
30197903_MinPolqaSfbRecording_cut.wav,2.0,0.816496581,0.800166649,4
30199826_MinPolqaSfbRecording_cut.wav,2.75,0.5,0.49,4
30090921_MinPolqaSfbRecording_cut.wav,4.25,0.5,0.49,4
30478328_MinPolqaSfbRecording_cut.wav,3.75,0.5,0.49,4
30100572_MinPolqaSfbRecording_cut.wav,4.25,0.5,0.49,4
30136597_MinPolqaSfbRecording_cut.wav,3.75,0.5,0.49,4
30194934_MinPolqaSfbRecording_cut.wav,3.75,0.5,0.49,4
30424554_MinPolqaSfbRecording_cut.wav,3.75,0.957427108,0.938278566,4
27872621_MinPolqaSfbRecording_cut.wav,4.5,1.0,0.98,4
30136672_MinPolqaSfbRecording_cut.wav,4.5,0.577350269,0.565803264,4
28657806_MinPolqaSfbRecording_cut.wav,4.5,0.707106781,0.98,2
30092821_MinPolqaSfbRecording_cut.wav,4.5,0.707106781,0.98,2
30183278_MinPolqaSfbRecording_cut.wav,3.0,0.0,0.0,2
30260789_MinPolqaSfbRecording_cut.wav,4.0,0.0,0.0,2
30171807_MinPolqaSfbRecording_cut.wav,3.0,0.0,0.0,2
30112727_MinPolqaSfbRecording_cut.wav,3.0,0.0,0.0,2
30164425_MinPolqaSfbRecording_cut.wav,3.5,0.707106781,0.98,2
30164073_MinPolqaSfbRecording_cut.wav,2.4,1.140175425,0.999407825,5
30104727_MinPolqaSfbRecording_cut.wav,4.0,0.707106781,0.619806421,5
30264149_MinPolqaSfbRecording_cut.wav,3.0,1.224744871,1.073536213,5
29533235_MinPolqaSfbRecording_cut.wav,3.2,0.836660027,0.733364848,5
30066009_MinPolqaSfbRecording_cut.wav,4.4,0.547722558,0.48009999,5
30206623_MinPolqaSfbRecording_cut.wav,4.0,1.224744871,1.073536213,5
30147264_MinPolqaSfbRecording_cut.wav,3.4,0.547722558,0.48009999,5
30162529_MinPolqaSfbRecording_cut.wav,3.0,0.816496581,0.800166649,4
30069696_MinPolqaSfbRecording_cut.wav,2.75,1.258305739,1.233139624,4
30172901_MinPolqaSfbRecording_cut.wav,4.0,0.816496581,0.800166649,4
30150893_MinPolqaSfbRecording_cut.wav,2.5,0.577350269,0.565803264,4
29015996_MinPolqaSfbRecording_cut.wav,4.0,0.816496581,0.800166649,4
30439840_MinPolqaSfbRecording_cut.wav,3.0,0.816496581,0.800166649,4
30403891_MinPolqaSfbRecording_cut.wav,3.0,1.154700538,1.131606528,4
27575136_MinPolqaSfbRecording_cut.wav,4.5,0.577350269,0.565803264,4
28439807_MinPolqaSfbRecording_cut.wav,3.5,2.121320344,2.94,2
30472678_MinPolqaSfbRecording_cut.wav,2.5,0.707106781,0.98,2
30120484_MinPolqaSfbRecording_cut.wav,3.5,0.707106781,0.98,2
30252123_MinPolqaSfbRecording_cut.wav,3.5,0.707106781,0.98,2
30200157_MinPolqaSfbRecording_cut.wav,3.5,2.121320344,2.94,2
30428608_MinPolqaSfbRecording_cut.wav,4.0,1.414213562,1.96,2
28179572_MinPolqaSfbRecording_cut.wav,4.0,0.0,0.0,2
30257494_MinPolqaSfbRecording_cut.wav,1.8,1.788854382,1.568,5
30137084_MinPolqaSfbRecording_cut.wav,2.0,1.414213562,1.239612843,5
30177452_MinPolqaSfbRecording_cut.wav,3.6,1.140175425,0.999407825,5
30128926_MinPolqaSfbRecording_cut.wav,2.0,1.732050808,1.518209472,5
30416488_MinPolqaSfbRecording_cut.wav,3.0,1.224744871,1.073536213,5
30210728_MinPolqaSfbRecording_cut.wav,1.6,0.894427191,0.784,5
30092214_MinPolqaSfbRecording_cut.wav,2.8,0.836660027,0.733364848,5
30428726_MinPolqaSfbRecording_cut.wav,3.25,0.957427108,0.938278566,4
30438933_MinPolqaSfbRecording_cut.wav,4.5,0.577350269,0.565803264,4
30471770_MinPolqaSfbRecording_cut.wav,4.5,0.577350269,0.565803264,4
29542021_MinPolqaSfbRecording_cut.wav,4.25,0.5,0.49,4
30156810_MinPolqaSfbRecording_cut.wav,3.5,1.0,0.98,4
30451421_MinPolqaSfbRecording_cut.wav,2.0,0.816496581,0.800166649,4
30113098_MinPolqaSfbRecording_cut.wav,3.75,0.5,0.49,4
28071200_MinPolqaSfbRecording_cut.wav,4.5,0.577350269,0.565803264,4
30158094_MinPolqaSfbRecording_cut.wav,3.0,0.816496581,0.800166649,4
30206469_MinPolqaSfbRecording_cut.wav,1.2,0.447213595,0.392,5
30506499_MinPolqaSfbRecording_cut.wav,3.8,0.447213595,0.392,5
30070499_MinPolqaSfbRecording_cut.wav,3.4,0.547722558,0.48009999,5
30127232_MinPolqaSfbRecording_cut.wav,3.2,0.447213595,0.392,5
30172828_MinPolqaSfbRecording_cut.wav,2.4,0.547722558,0.48009999,5
30109593_MinPolqaSfbRecording_cut.wav,2.0,0.707106781,0.619806421,5
29538181_MinPolqaSfbRecording_cut.wav,1.8,0.447213595,0.392,5
30413179_MinPolqaSfbRecording_cut.wav,2.25,0.957427108,0.938278566,4
30410958_MinPolqaSfbRecording_cut.wav,2.0,0.816496581,0.800166649,4
30432977_MinPolqaSfbRecording_cut.wav,2.75,0.5,0.49,4
27717898_MinPolqaSfbRecording_cut.wav,3.25,0.5,0.49,4
29532442_MinPolqaSfbRecording_cut.wav,3.75,0.957427108,0.938278566,4
29533273_MinPolqaSfbRecording_cut.wav,2.0,0.0,0.0,4
30253422_MinPolqaSfbRecording_cut.wav,1.75,0.5,0.49,4
30161292_MinPolqaSfbRecording_cut.wav,3.25,0.5,0.49,4
29000223_MinPolqaSfbRecording_cut.wav,4.75,0.5,0.49,4
30124386_MinPolqaSfbRecording_cut.wav,4.25,0.957427108,0.938278566,4
30161637_MinPolqaSfbRecording_cut.wav,3.25,0.957427108,0.938278566,4
30082576_MinPolqaSfbRecording_cut.wav,2.75,1.258305739,1.233139624,4
30178641_MinPolqaSfbRecording_cut.wav,2.0,1.414213562,1.385929291,4
29539301_MinPolqaSfbRecording_cut.wav,4.25,0.5,0.49,4
30485788_MinPolqaSfbRecording_cut.wav,2.75,1.258305739,1.233139624,4
27806473_MinPolqaSfbRecording_cut.wav,4.0,0.816496581,0.800166649,4
27750581_MinPolqaSfbRecording_cut.wav,3.5,0.577350269,0.565803264,4
30200144_MinPolqaSfbRecording_cut.wav,3.25,0.5,0.49,4
29533416_MinPolqaSfbRecording_cut.wav,3.0,0.816496581,0.800166649,4
30084003_MinPolqaSfbRecording_cut.wav,4.0,0.816496581,0.800166649,4
30207485_MinPolqaSfbRecording_cut.wav,2.5,0.577350269,0.565803264,4
30059037_MinPolqaSfbRecording_cut.wav,2.75,0.957427108,0.938278566,4
30064920_MinPolqaSfbRecording_cut.wav,3.5,1.290994449,1.26517456,4
30117636_MinPolqaSfbRecording_cut.wav,3.75,0.957427108,0.938278566,4
30068398_MinPolqaSfbRecording_cut.wav,3.75,1.258305739,1.233139624,4
30163137_MinPolqaSfbRecording_cut.wav,3.0,0.816496581,0.800166649,4
29543637_MinPolqaSfbRecording_cut.wav,3.5,1.290994449,1.26517456,4
30124499_MinPolqaSfbRecording_cut.wav,3.5,0.577350269,0.565803264,4
30072979_MinPolqaSfbRecording_cut.wav,3.25,1.258305739,1.233139624,4
27853344_MinPolqaSfbRecording_cut.wav,4.75,0.5,0.49,4
30163206_MinPolqaSfbRecording_cut.wav,4.0,0.816496581,0.800166649,4
30090294_MinPolqaSfbRecording_cut.wav,3.5,1.290994449,1.26517456,4
30161259_MinPolqaSfbRecording_cut.wav,2.75,0.957427108,0.938278566,4
28975928_MinPolqaSfbRecording_cut.wav,2.75,1.258305739,1.233139624,4
30086683_MinPolqaSfbRecording_cut.wav,3.5,0.577350269,0.565803264,4
30072900_MinPolqaSfbRecording_cut.wav,2.5,0.577350269,0.565803264,4
30107287_MinPolqaSfbRecording_cut.wav,3.5,1.0,0.98,4
29530220_MinPolqaSfbRecording_cut.wav,2.25,0.5,0.49,4
29540712_MinPolqaSfbRecording_cut.wav,3.0,0.816496581,0.800166649,4
30126992_MinPolqaSfbRecording_cut.wav,4.5,1.0,0.98,4
30176865_MinPolqaSfbRecording_cut.wav,2.5,0.577350269,0.565803264,4
27953758_MinPolqaSfbRecording_cut.wav,4.5,0.577350269,0.565803264,4
27709612_MinPolqaSfbRecording_cut.wav,4.0,0.816496581,0.800166649,4
30061304_MinPolqaSfbRecording_cut.wav,3.5,0.577350269,0.565803264,4
30263344_MinPolqaSfbRecording_cut.wav,2.75,0.957427108,0.938278566,4
30179056_MinPolqaSfbRecording_cut.wav,2.25,0.957427108,0.938278566,4
27942700_MinPolqaSfbRecording_cut.wav,3.5,0.577350269,0.565803264,4
30489537_MinPolqaSfbRecording_cut.wav,3.0,0.816496581,0.800166649,4
30484925_MinPolqaSfbRecording_cut.wav,3.25,1.5,1.47,4
29539174_MinPolqaSfbRecording_cut.wav,3.0,0.816496581,0.800166649,4
28747902_MinPolqaSfbRecording_cut.wav,4.0,0.816496581,0.800166649,4
28825693_MinPolqaSfbRecording_cut.wav,4.0,0.816496581,0.800166649,4
30426522_MinPolqaSfbRecording_cut.wav,3.6,0.547722558,0.48009999,5
30060561_MinPolqaSfbRecording_cut.wav,2.4,0.547722558,0.48009999,5
30411368_MinPolqaSfbRecording_cut.wav,3.0,0.707106781,0.619806421,5
30202445_MinPolqaSfbRecording_cut.wav,4.2,0.447213595,0.392,5
30158207_MinPolqaSfbRecording_cut.wav,3.6,1.140175425,0.999407825,5
30098065_MinPolqaSfbRecording_cut.wav,3.0,1.0,0.876538647,5
30530430_MinPolqaSfbRecording_cut.wav,3.0,0.707106781,0.619806421,5
30186058_MinPolqaSfbRecording_cut.wav,2.0,1.0,0.876538647,5
30089133_MinPolqaSfbRecording_cut.wav,3.8,0.447213595,0.392,5
30189647_MinPolqaSfbRecording_cut.wav,3.0,0.707106781,0.619806421,5
30406744_MinPolqaSfbRecording_cut.wav,3.8,0.447213595,0.392,5
30249677_MinPolqaSfbRecording_cut.wav,2.8,0.836660027,0.733364848,5
30511787_MinPolqaSfbRecording_cut.wav,2.6,1.140175425,0.999407825,5
27871100_MinPolqaSfbRecording_cut.wav,4.2,0.447213595,0.392,5
28758949_MinPolqaSfbRecording_cut.wav,4.5,0.577350269,0.565803264,4
30104165_MinPolqaSfbRecording_cut.wav,4.0,0.816496581,0.800166649,4
30483315_MinPolqaSfbRecording_cut.wav,2.25,0.957427108,0.938278566,4
30443431_MinPolqaSfbRecording_cut.wav,4.0,0.816496581,0.800166649,4
30140811_MinPolqaSfbRecording_cut.wav,3.75,1.258305739,1.233139624,4
30483747_MinPolqaSfbRecording_cut.wav,4.5,0.577350269,0.565803264,4
30178920_MinPolqaSfbRecording_cut.wav,2.75,1.258305739,1.233139624,4
30134531_MinPolqaSfbRecording_cut.wav,4.0,0.816496581,0.800166649,4
30122383_MinPolqaSfbRecording_cut.wav,4.25,0.957427108,0.938278566,4
30432597_MinPolqaSfbRecording_cut.wav,2.666666667,1.154700538,1.306666667,3
28935737_MinPolqaSfbRecording_cut.wav,4.333333333,0.577350269,0.653333333,3
30429498_MinPolqaSfbRecording_cut.wav,2.0,0.0,0.0,3
30254807_MinPolqaSfbRecording_cut.wav,3.333333333,0.577350269,0.653333333,3
30075811_MinPolqaSfbRecording_cut.wav,3.333333333,0.577350269,0.653333333,3
30150738_MinPolqaSfbRecording_cut.wav,3.0,1.0,1.131606528,3
27143967_MinPolqaSfbRecording_cut.wav,5.0,0.0,0.0,3
27633032_MinPolqaSfbRecording_cut.wav,4.666666667,0.577350269,0.653333333,3
30408846_MinPolqaSfbRecording_cut.wav,2.666666667,0.577350269,0.653333333,3
30478177_MinPolqaSfbRecording_cut.wav,3.666666667,0.577350269,0.653333333,3
30176769_MinPolqaSfbRecording_cut.wav,3.75,0.5,0.49,4
30161220_MinPolqaSfbRecording_cut.wav,2.25,0.957427108,0.938278566,4
30252244_MinPolqaSfbRecording_cut.wav,2.5,1.290994449,1.26517456,4
30140860_MinPolqaSfbRecording_cut.wav,3.25,0.957427108,0.938278566,4
30122026_MinPolqaSfbRecording_cut.wav,2.5,0.577350269,0.565803264,4
27754198_MinPolqaSfbRecording_cut.wav,3.5,1.0,0.98,4
30430155_MinPolqaSfbRecording_cut.wav,3.25,0.5,0.49,4
27862632_MinPolqaSfbRecording_cut.wav,4.25,0.957427108,0.938278566,4
30208873_MinPolqaSfbRecording_cut.wav,3.25,0.5,0.49,4
30436749_MinPolqaSfbRecording_cut.wav,2.75,0.957427108,0.938278566,4
30060385_MinPolqaSfbRecording_cut.wav,4.0,0.816496581,0.800166649,4
30482541_MinPolqaSfbRecording_cut.wav,3.5,1.0,0.98,4
29530628_MinPolqaSfbRecording_cut.wav,3.75,0.957427108,0.938278566,4
30100254_MinPolqaSfbRecording_cut.wav,3.0,1.825741858,1.789227021,4
28488442_MinPolqaSfbRecording_cut.wav,2.75,0.5,0.49,4
30475623_MinPolqaSfbRecording_cut.wav,3.0,1.414213562,1.385929291,4
29067665_MinPolqaSfbRecording_cut.wav,3.75,1.5,1.47,4
30068250_MinPolqaSfbRecording_cut.wav,2.5,0.577350269,0.565803264,4
30188743_MinPolqaSfbRecording_cut.wav,1.5,1.0,0.98,4
30201478_MinPolqaSfbRecording_cut.wav,2.75,0.957427108,0.938278566,4
30249533_MinPolqaSfbRecording_cut.wav,2.75,0.957427108,0.938278566,4
30421188_MinPolqaSfbRecording_cut.wav,2.25,0.957427108,0.938278566,4
30059423_MinPolqaSfbRecording_cut.wav,2.2,0.447213595,0.392,5
30508633_MinPolqaSfbRecording_cut.wav,4.4,0.547722558,0.48009999,5
30425329_MinPolqaSfbRecording_cut.wav,2.2,1.303840481,1.142866571,5
30125602_MinPolqaSfbRecording_cut.wav,3.8,1.095445115,0.960199979,5
27956469_MinPolqaSfbRecording_cut.wav,4.8,0.447213595,0.392,5
30404219_MinPolqaSfbRecording_cut.wav,3.2,1.303840481,1.142866571,5
30470683_MinPolqaSfbRecording_cut.wav,3.0,1.224744871,1.073536213,5
30153772_MinPolqaSfbRecording_cut.wav,4.4,0.547722558,0.48009999,5
30260367_MinPolqaSfbRecording_cut.wav,4.4,0.547722558,0.48009999,5
30072878_MinPolqaSfbRecording_cut.wav,3.8,0.447213595,0.392,5
30141089_MinPolqaSfbRecording_cut.wav,4.0,0.816496581,0.800166649,4
30106185_MinPolqaSfbRecording_cut.wav,1.5,0.577350269,0.565803264,4
30082791_MinPolqaSfbRecording_cut.wav,2.5,0.577350269,0.565803264,4
28767596_MinPolqaSfbRecording_cut.wav,3.75,1.258305739,1.233139624,4
30438791_MinPolqaSfbRecording_cut.wav,1.5,1.0,0.98,4
30431648_MinPolqaSfbRecording_cut.wav,3.25,0.5,0.49,4
30060851_MinPolqaSfbRecording_cut.wav,3.75,0.5,0.49,4
30423725_MinPolqaSfbRecording_cut.wav,2.75,0.957427108,0.938278566,4
30160163_MinPolqaSfbRecording_cut.wav,3.5,0.577350269,0.565803264,4
30126830_MinPolqaSfbRecording_cut.wav,1.75,0.957427108,0.938278566,4
28653519_MinPolqaSfbRecording_cut.wav,4.666666667,0.577350269,0.653333333,3
30136643_MinPolqaSfbRecording_cut.wav,3.0,2.0,2.263213055,3
30059274_MinPolqaSfbRecording_cut.wav,3.0,2.0,2.263213055,3
30118032_MinPolqaSfbRecording_cut.wav,2.333333333,2.309401077,2.613333333,3
30513460_MinPolqaSfbRecording_cut.wav,3.666666667,1.154700538,1.306666667,3
30412516_MinPolqaSfbRecording_cut.wav,2.666666667,1.527525232,1.728557523,3
30085088_MinPolqaSfbRecording_cut.wav,3.0,1.0,1.131606528,3
30466734_MinPolqaSfbRecording_cut.wav,2.666666667,2.081665999,2.355626833,3
30503024_MinPolqaSfbRecording_cut.wav,2.333333333,2.309401077,2.613333333,3
30172386_MinPolqaSfbRecording_cut.wav,2.333333333,2.309401077,2.613333333,3
30400913_MinPolqaSfbRecording_cut.wav,3.0,0.707106781,0.619806421,5
30435188_MinPolqaSfbRecording_cut.wav,4.0,0.707106781,0.619806421,5
28540867_MinPolqaSfbRecording_cut.wav,4.2,0.836660027,0.733364848,5
30429550_MinPolqaSfbRecording_cut.wav,3.8,0.447213595,0.392,5
30408138_MinPolqaSfbRecording_cut.wav,1.8,1.303840481,1.142866571,5
30466406_MinPolqaSfbRecording_cut.wav,2.8,0.836660027,0.733364848,5
28056540_MinPolqaSfbRecording_cut.wav,3.2,1.303840481,1.142866571,5
30075709_MinPolqaSfbRecording_cut.wav,3.6,0.894427191,0.784,5
30093723_MinPolqaSfbRecording_cut.wav,2.8,1.483239697,1.300116918,5
30137860_MinPolqaSfbRecording_cut.wav,2.4,1.516575089,1.329336677,5
28858702_MinPolqaSfbRecording_cut.wav,4.25,0.957427108,0.938278566,4
28914632_MinPolqaSfbRecording_cut.wav,3.5,1.290994449,1.26517456,4
30408821_MinPolqaSfbRecording_cut.wav,3.5,0.577350269,0.565803264,4
29530514_MinPolqaSfbRecording_cut.wav,3.25,1.5,1.47,4
30159617_MinPolqaSfbRecording_cut.wav,3.25,0.5,0.49,4
30163183_MinPolqaSfbRecording_cut.wav,2.25,1.5,1.47,4
30429489_MinPolqaSfbRecording_cut.wav,3.5,0.577350269,0.565803264,4
30470653_MinPolqaSfbRecording_cut.wav,3.666666667,0.577350269,0.653333333,3
30066952_MinPolqaSfbRecording_cut.wav,4.333333333,0.577350269,0.653333333,3
27951085_MinPolqaSfbRecording_cut.wav,4.666666667,0.577350269,0.653333333,3
30465401_MinPolqaSfbRecording_cut.wav,4.0,1.0,1.131606528,3
30515465_MinPolqaSfbRecording_cut.wav,4.333333333,0.577350269,0.653333333,3
28362726_MinPolqaSfbRecording_cut.wav,3.666666667,0.577350269,0.653333333,3
30069465_MinPolqaSfbRecording_cut.wav,4.0,0.0,0.0,3
30174622_MinPolqaSfbRecording_cut.wav,4.25,1.5,1.47,4
29530179_MinPolqaSfbRecording_cut.wav,3.5,1.290994449,1.26517456,4
29536561_MinPolqaSfbRecording_cut.wav,2.5,1.290994449,1.26517456,4
30118907_MinPolqaSfbRecording_cut.wav,3.0,1.154700538,1.131606528,4
28853103_MinPolqaSfbRecording_cut.wav,4.0,1.154700538,1.131606528,4
30189997_MinPolqaSfbRecording_cut.wav,4.25,0.957427108,0.938278566,4
30411574_MinPolqaSfbRecording_cut.wav,3.666666667,0.577350269,0.653333333,3
28158600_MinPolqaSfbRecording_cut.wav,4.0,0.0,0.0,3
28827502_MinPolqaSfbRecording_cut.wav,3.666666667,0.577350269,0.653333333,3
28275163_MinPolqaSfbRecording_cut.wav,4.333333333,0.577350269,0.653333333,3
30113323_MinPolqaSfbRecording_cut.wav,4.0,0.0,0.0,3
30510933_MinPolqaSfbRecording_cut.wav,3.0,0.0,0.0,3
30453928_MinPolqaSfbRecording_cut.wav,2.666666667,1.154700538,1.306666667,3
27697598_MinPolqaSfbRecording_cut.wav,3.333333333,0.577350269,0.653333333,3
30473990_MinPolqaSfbRecording_cut.wav,2.666666667,1.154700538,1.306666667,3
30484427_MinPolqaSfbRecording_cut.wav,3.2,0.836660027,0.733364848,5
28419650_MinPolqaSfbRecording_cut.wav,4.0,0.707106781,0.619806421,5
27674482_MinPolqaSfbRecording_cut.wav,3.4,0.547722558,0.48009999,5
30061299_MinPolqaSfbRecording_cut.wav,3.4,0.547722558,0.48009999,5
30100608_MinPolqaSfbRecording_cut.wav,3.2,0.447213595,0.392,5
30071308_MinPolqaSfbRecording_cut.wav,3.6,0.547722558,0.48009999,5
30531429_MinPolqaSfbRecording_cut.wav,3.0,1.224744871,1.073536213,5
30523090_MinPolqaSfbRecording_cut.wav,3.4,0.894427191,0.784,5
30507490_MinPolqaSfbRecording_cut.wav,3.6,0.894427191,0.784,5
27718333_MinPolqaSfbRecording_cut.wav,4.6,0.547722558,0.48009999,5
28611530_MinPolqaSfbRecording_cut.wav,3.6,0.547722558,0.48009999,5
27144151_MinPolqaSfbRecording_cut.wav,4.6,0.547722558,0.48009999,5
30109591_MinPolqaSfbRecording_cut.wav,2.6,0.547722558,0.48009999,5
30113129_MinPolqaSfbRecording_cut.wav,3.6,0.547722558,0.48009999,5
30163321_MinPolqaSfbRecording_cut.wav,3.8,0.447213595,0.392,5
29538054_MinPolqaSfbRecording_cut.wav,4.4,0.547722558,0.48009999,5
30193920_MinPolqaSfbRecording_cut.wav,2.0,0.0,0.0,3
30193154_MinPolqaSfbRecording_cut.wav,3.0,1.0,1.131606528,3
29542113_MinPolqaSfbRecording_cut.wav,4.333333333,0.577350269,0.653333333,3
30186129_MinPolqaSfbRecording_cut.wav,3.333333333,1.154700538,1.306666667,3
30147888_MinPolqaSfbRecording_cut.wav,3.0,1.0,1.131606528,3
30157031_MinPolqaSfbRecording_cut.wav,4.666666667,0.577350269,0.653333333,3
30423843_MinPolqaSfbRecording_cut.wav,3.666666667,0.577350269,0.653333333,3
28948139_MinPolqaSfbRecording_cut.wav,4.333333333,0.577350269,0.653333333,3
30486955_MinPolqaSfbRecording_cut.wav,3.666666667,0.577350269,0.653333333,3
30145474_MinPolqaSfbRecording_cut.wav,1.666666667,0.577350269,0.653333333,3
30057625_MinPolqaSfbRecording_cut.wav,3.5,1.290994449,1.26517456,4
30503112_MinPolqaSfbRecording_cut.wav,4.0,0.816496581,0.800166649,4
30132489_MinPolqaSfbRecording_cut.wav,3.25,0.957427108,0.938278566,4
28501009_MinPolqaSfbRecording_cut.wav,4.25,0.5,0.49,4
30084803_MinPolqaSfbRecording_cut.wav,3.0,0.816496581,0.800166649,4
30261353_MinPolqaSfbRecording_cut.wav,1.5,0.577350269,0.565803264,4
30098141_MinPolqaSfbRecording_cut.wav,4.25,0.957427108,0.938278566,4
30109901_MinPolqaSfbRecording_cut.wav,2.75,1.258305739,1.233139624,4
30150717_MinPolqaSfbRecording_cut.wav,3.8,0.447213595,0.392,5
27698724_MinPolqaSfbRecording_cut.wav,3.6,0.547722558,0.48009999,5
30508936_MinPolqaSfbRecording_cut.wav,4.2,0.447213595,0.392,5
27509564_MinPolqaSfbRecording_cut.wav,4.2,0.836660027,0.733364848,5
30185425_MinPolqaSfbRecording_cut.wav,3.0,2.0,2.263213055,3
30183161_MinPolqaSfbRecording_cut.wav,2.333333333,2.309401077,2.613333333,3
30145902_MinPolqaSfbRecording_cut.wav,2.666666667,1.527525232,1.728557523,3
27803104_MinPolqaSfbRecording_cut.wav,4.333333333,1.154700538,1.306666667,3
30145316_MinPolqaSfbRecording_cut.wav,2.666666667,2.081665999,2.355626833,3
30492233_MinPolqaSfbRecording_cut.wav,3.666666667,0.577350269,0.653333333,3
27629869_MinPolqaSfbRecording_cut.wav,4.333333333,1.154700538,1.306666667,3
27897058_MinPolqaSfbRecording_cut.wav,4.666666667,0.577350269,0.653333333,3
28137844_MinPolqaSfbRecording_cut.wav,4.333333333,0.577350269,0.653333333,3
30167390_MinPolqaSfbRecording_cut.wav,3.666666667,1.154700538,1.306666667,3
30151747_MinPolqaSfbRecording_cut.wav,4.0,0.0,0.0,3
30497596_MinPolqaSfbRecording_cut.wav,3.666666667,1.154700538,1.306666667,3
30087230_MinPolqaSfbRecording_cut.wav,3.666666667,0.577350269,0.653333333,3
30154182_MinPolqaSfbRecording_cut.wav,3.333333333,1.527525232,1.728557523,3
30154350_MinPolqaSfbRecording_cut.wav,4.0,0.0,0.0,3
30529724_MinPolqaSfbRecording_cut.wav,2.25,0.5,0.49,4
30488959_MinPolqaSfbRecording_cut.wav,2.5,0.577350269,0.565803264,4
30486768_MinPolqaSfbRecording_cut.wav,1.0,0.0,0.0,4
30135681_MinPolqaSfbRecording_cut.wav,2.0,0.816496581,0.800166649,4
30107728_MinPolqaSfbRecording_cut.wav,2.25,0.957427108,0.938278566,4
29058649_MinPolqaSfbRecording_cut.wav,4.25,0.957427108,0.938278566,4
30147813_MinPolqaSfbRecording_cut.wav,2.75,0.957427108,0.938278566,4
28155671_MinPolqaSfbRecording_cut.wav,3.75,0.5,0.49,4
30189661_MinPolqaSfbRecording_cut.wav,1.4,0.547722558,0.48009999,5
30443200_MinPolqaSfbRecording_cut.wav,1.6,0.547722558,0.48009999,5
30100120_MinPolqaSfbRecording_cut.wav,4.6,0.547722558,0.48009999,5
29540215_MinPolqaSfbRecording_cut.wav,2.6,0.547722558,0.48009999,5
28354720_MinPolqaSfbRecording_cut.wav,4.0,0.0,0.0,5
30489636_MinPolqaSfbRecording_cut.wav,2.6,0.894427191,0.784,5
30075359_MinPolqaSfbRecording_cut.wav,2.8,1.303840481,1.142866571,5
30075860_MinPolqaSfbRecording_cut.wav,2.4,0.547722558,0.48009999,5
30252406_MinPolqaSfbRecording_cut.wav,1.2,0.447213595,0.392,5
30492176_MinPolqaSfbRecording_cut.wav,2.4,0.894427191,0.784,5
30195737_MinPolqaSfbRecording_cut.wav,2.666666667,0.577350269,0.653333333,3
30126959_MinPolqaSfbRecording_cut.wav,2.666666667,1.154700538,1.306666667,3
27748639_MinPolqaSfbRecording_cut.wav,2.666666667,1.154700538,1.306666667,3
30098246_MinPolqaSfbRecording_cut.wav,2.666666667,1.154700538,1.306666667,3
30406003_MinPolqaSfbRecording_cut.wav,3.333333333,0.577350269,0.653333333,3
30147530_MinPolqaSfbRecording_cut.wav,3.333333333,0.577350269,0.653333333,3
28418119_MinPolqaSfbRecording_cut.wav,4.0,0.0,0.0,3
28151952_MinPolqaSfbRecording_cut.wav,2.666666667,1.527525232,1.728557523,3
28189717_MinPolqaSfbRecording_cut.wav,3.666666667,0.577350269,0.653333333,3
30501910_MinPolqaSfbRecording_cut.wav,1.666666667,1.154700538,1.306666667,3
30262011_MinPolqaSfbRecording_cut.wav,3.6,1.140175425,0.999407825,5
30133387_MinPolqaSfbRecording_cut.wav,3.2,0.447213595,0.392,5
30069259_MinPolqaSfbRecording_cut.wav,4.0,0.707106781,0.619806421,5
30073182_MinPolqaSfbRecording_cut.wav,2.0,1.224744871,1.073536213,5
30131587_MinPolqaSfbRecording_cut.wav,4.2,0.836660027,0.733364848,5
30475160_MinPolqaSfbRecording_cut.wav,3.0,1.224744871,1.073536213,5
29544410_MinPolqaSfbRecording_cut.wav,3.6,0.894427191,0.784,5
30261495_MinPolqaSfbRecording_cut.wav,3.0,0.707106781,0.619806421,5
30110536_MinPolqaSfbRecording_cut.wav,3.0,0.707106781,0.619806421,5
28263531_MinPolqaSfbRecording_cut.wav,3.6,0.547722558,0.48009999,5
30148494_MinPolqaSfbRecording_cut.wav,2.0,1.732050808,1.518209472,5
30522695_MinPolqaSfbRecording_cut.wav,2.0,0.707106781,0.619806421,5
30091365_MinPolqaSfbRecording_cut.wav,4.2,0.836660027,0.733364848,5
30509754_MinPolqaSfbRecording_cut.wav,2.8,0.836660027,0.733364848,5
30098727_MinPolqaSfbRecording_cut.wav,2.2,1.095445115,0.960199979,5
30063052_MinPolqaSfbRecording_cut.wav,4.2,0.836660027,0.733364848,5
30490593_MinPolqaSfbRecording_cut.wav,4.0,0.707106781,0.619806421,5
28646715_MinPolqaSfbRecording_cut.wav,4.4,0.547722558,0.48009999,5
30251807_MinPolqaSfbRecording_cut.wav,2.6,1.140175425,0.999407825,5
29032001_MinPolqaSfbRecording_cut.wav,3.8,0.836660027,0.733364848,5
30407661_MinPolqaSfbRecording_cut.wav,2.8,0.447213595,0.392,5
30507065_MinPolqaSfbRecording_cut.wav,1.4,0.894427191,0.784,5
30151221_MinPolqaSfbRecording_cut.wav,3.6,0.547722558,0.48009999,5
30122413_MinPolqaSfbRecording_cut.wav,2.2,0.836660027,0.733364848,5
30168680_MinPolqaSfbRecording_cut.wav,4.6,0.547722558,0.48009999,5
28168071_MinPolqaSfbRecording_cut.wav,3.8,0.447213595,0.392,5
28735500_MinPolqaSfbRecording_cut.wav,3.0,0.707106781,0.619806421,5
30166917_MinPolqaSfbRecording_cut.wav,2.4,0.547722558,0.48009999,5
30127778_MinPolqaSfbRecording_cut.wav,4.0,0.707106781,0.619806421,5
27952753_MinPolqaSfbRecording_cut.wav,3.4,0.547722558,0.48009999,5
29537050_MinPolqaSfbRecording_cut.wav,2.8,1.303840481,1.142866571,5
30103623_MinPolqaSfbRecording_cut.wav,3.2,0.447213595,0.392,5
27790214_MinPolqaSfbRecording_cut.wav,3.8,1.095445115,0.960199979,5
28080751_MinPolqaSfbRecording_cut.wav,3.0,0.707106781,0.619806421,5
28114451_MinPolqaSfbRecording_cut.wav,3.75,0.957427108,0.938278566,4
27558061_MinPolqaSfbRecording_cut.wav,3.5,1.732050808,1.697409791,4
27521127_MinPolqaSfbRecording_cut.wav,4.0,0.816496581,0.800166649,4
30156422_MinPolqaSfbRecording_cut.wav,2.75,1.707825128,1.673668625,4
30143417_MinPolqaSfbRecording_cut.wav,3.0,1.414213562,1.385929291,4
28232501_MinPolqaSfbRecording_cut.wav,3.75,0.5,0.49,4
30086558_MinPolqaSfbRecording_cut.wav,3.5,1.0,0.98,4
30250033_MinPolqaSfbRecording_cut.wav,3.25,0.957427108,0.938278566,4
30409584_MinPolqaSfbRecording_cut.wav,1.0,0.0,0.0,4
30212731_MinPolqaSfbRecording_cut.wav,2.25,0.957427108,0.938278566,4
28900444_MinPolqaSfbRecording_cut.wav,3.5,0.577350269,0.565803264,4
28078995_MinPolqaSfbRecording_cut.wav,4.25,0.5,0.49,4
30519758_MinPolqaSfbRecording_cut.wav,2.25,1.5,1.47,4
28183341_MinPolqaSfbRecording_cut.wav,3.0,1.414213562,1.385929291,4
30067525_MinPolqaSfbRecording_cut.wav,2.5,1.290994449,1.26517456,4
28870953_MinPolqaSfbRecording_cut.wav,4.5,0.577350269,0.565803264,4
30119712_MinPolqaSfbRecording_cut.wav,2.5,1.0,0.98,4
30451137_MinPolqaSfbRecording_cut.wav,3.2,0.836660027,0.733364848,5
30426633_MinPolqaSfbRecording_cut.wav,2.8,1.303840481,1.142866571,5
30431747_MinPolqaSfbRecording_cut.wav,3.8,1.303840481,1.142866571,5
30469458_MinPolqaSfbRecording_cut.wav,3.4,1.341640786,1.176,5
30157116_MinPolqaSfbRecording_cut.wav,3.8,0.836660027,0.733364848,5
30496568_MinPolqaSfbRecording_cut.wav,4.0,1.0,0.876538647,5
28501437_MinPolqaSfbRecording_cut.wav,4.8,0.447213595,0.392,5
30462610_MinPolqaSfbRecording_cut.wav,4.4,0.547722558,0.48009999,5
30261396_MinPolqaSfbRecording_cut.wav,3.333333333,0.577350269,0.653333333,3
30410558_MinPolqaSfbRecording_cut.wav,3.333333333,1.154700538,1.306666667,3
30090950_MinPolqaSfbRecording_cut.wav,4.0,1.0,1.131606528,3
29539891_MinPolqaSfbRecording_cut.wav,3.333333333,1.527525232,1.728557523,3
28560920_MinPolqaSfbRecording_cut.wav,4.333333333,0.577350269,0.653333333,3
30522582_MinPolqaSfbRecording_cut.wav,3.333333333,1.154700538,1.306666667,3
30137905_MinPolqaSfbRecording_cut.wav,3.666666667,1.527525232,1.728557523,3
28265912_MinPolqaSfbRecording_cut.wav,4.0,1.0,1.131606528,3
28121112_MinPolqaSfbRecording_cut.wav,4.6,0.547722558,0.48009999,5
30461942_MinPolqaSfbRecording_cut.wav,2.0,1.414213562,1.239612843,5
30212762_MinPolqaSfbRecording_cut.wav,4.2,0.836660027,0.733364848,5
30261712_MinPolqaSfbRecording_cut.wav,4.0,0.707106781,0.619806421,5
30076569_MinPolqaSfbRecording_cut.wav,1.8,0.836660027,0.733364848,5
30472719_MinPolqaSfbRecording_cut.wav,2.6,0.894427191,0.784,5
30101581_MinPolqaSfbRecording_cut.wav,3.8,0.836660027,0.733364848,5
30489691_MinPolqaSfbRecording_cut.wav,2.0,1.414213562,1.239612843,5
30484835_MinPolqaSfbRecording_cut.wav,2.2,1.643167673,1.440299969,5
30165522_MinPolqaSfbRecording_cut.wav,3.25,0.957427108,0.938278566,4
30084011_MinPolqaSfbRecording_cut.wav,2.75,1.258305739,1.233139624,4
27524309_MinPolqaSfbRecording_cut.wav,3.75,0.5,0.49,4
30429131_MinPolqaSfbRecording_cut.wav,3.5,1.0,0.98,4
30145477_MinPolqaSfbRecording_cut.wav,3.0,1.414213562,1.385929291,4
30186227_MinPolqaSfbRecording_cut.wav,2.5,1.290994449,1.26517456,4
30060612_MinPolqaSfbRecording_cut.wav,3.75,0.5,0.49,4
28069306_MinPolqaSfbRecording_cut.wav,4.5,1.0,0.98,4
28012188_MinPolqaSfbRecording_cut.wav,4.25,1.5,1.47,4
30139055_MinPolqaSfbRecording_cut.wav,3.0,1.154700538,1.131606528,4
30202217_MinPolqaSfbRecording_cut.wav,4.5,0.577350269,0.565803264,4
30082019_MinPolqaSfbRecording_cut.wav,3.25,0.957427108,0.938278566,4
30162363_MinPolqaSfbRecording_cut.wav,4.0,0.816496581,0.800166649,4
30512530_MinPolqaSfbRecording_cut.wav,2.5,1.290994449,1.26517456,4
30081909_MinPolqaSfbRecording_cut.wav,2.0,1.414213562,1.385929291,4
30462811_MinPolqaSfbRecording_cut.wav,2.75,0.5,0.49,4
30180650_MinPolqaSfbRecording_cut.wav,3.25,0.5,0.49,4
30165823_MinPolqaSfbRecording_cut.wav,3.5,0.577350269,0.565803264,4
30089655_MinPolqaSfbRecording_cut.wav,3.25,0.957427108,0.938278566,4
30455352_MinPolqaSfbRecording_cut.wav,3.75,0.5,0.49,4
30128745_MinPolqaSfbRecording_cut.wav,2.8,1.303840481,1.142866571,5
30080278_MinPolqaSfbRecording_cut.wav,1.0,0.0,0.0,5
30510332_MinPolqaSfbRecording_cut.wav,4.0,0.707106781,0.619806421,5
30478547_MinPolqaSfbRecording_cut.wav,1.8,0.447213595,0.392,5
27616259_MinPolqaSfbRecording_cut.wav,4.2,0.836660027,0.733364848,5
30111877_MinPolqaSfbRecording_cut.wav,3.0,0.0,0.0,5
30082056_MinPolqaSfbRecording_cut.wav,2.8,0.836660027,0.733364848,5
27675378_MinPolqaSfbRecording_cut.wav,3.0,0.707106781,0.619806421,5
30511981_MinPolqaSfbRecording_cut.wav,2.8,0.836660027,0.733364848,5
30137983_MinPolqaSfbRecording_cut.wav,2.5,1.732050808,1.697409791,4
28180493_MinPolqaSfbRecording_cut.wav,3.5,0.577350269,0.565803264,4
30076614_MinPolqaSfbRecording_cut.wav,3.5,0.577350269,0.565803264,4
30406105_MinPolqaSfbRecording_cut.wav,3.0,1.414213562,1.385929291,4
29541712_MinPolqaSfbRecording_cut.wav,4.0,0.816496581,0.800166649,4
30501794_MinPolqaSfbRecording_cut.wav,3.25,0.957427108,0.938278566,4
28643890_MinPolqaSfbRecording_cut.wav,4.0,0.816496581,0.800166649,4
28726580_MinPolqaSfbRecording_cut.wav,4.0,0.816496581,0.800166649,4
28978573_MinPolqaSfbRecording_cut.wav,3.75,0.5,0.49,4
28505526_MinPolqaSfbRecording_cut.wav,3.333333333,0.577350269,0.653333333,3
30405378_MinPolqaSfbRecording_cut.wav,2.666666667,0.577350269,0.653333333,3
30147426_MinPolqaSfbRecording_cut.wav,2.0,1.0,1.131606528,3
27791107_MinPolqaSfbRecording_cut.wav,4.666666667,0.577350269,0.653333333,3
30501986_MinPolqaSfbRecording_cut.wav,4.0,0.0,0.0,3
30151968_MinPolqaSfbRecording_cut.wav,3.0,1.0,1.131606528,3
29538757_MinPolqaSfbRecording_cut.wav,3.0,1.0,1.131606528,3
27710041_MinPolqaSfbRecording_cut.wav,3.333333333,0.577350269,0.653333333,3
30082781_MinPolqaSfbRecording_cut.wav,2.5,1.0,0.98,4
30200897_MinPolqaSfbRecording_cut.wav,2.5,0.577350269,0.565803264,4
30081897_MinPolqaSfbRecording_cut.wav,1.5,0.577350269,0.565803264,4
30166389_MinPolqaSfbRecording_cut.wav,2.0,0.816496581,0.800166649,4
30428749_MinPolqaSfbRecording_cut.wav,2.5,1.0,0.98,4
30501875_MinPolqaSfbRecording_cut.wav,1.75,0.5,0.49,4
30164832_MinPolqaSfbRecording_cut.wav,3.0,1.414213562,1.385929291,4
30475681_MinPolqaSfbRecording_cut.wav,1.75,0.957427108,0.938278566,4
30069074_MinPolqaSfbRecording_cut.wav,3.75,0.957427108,0.938278566,4
30260844_MinPolqaSfbRecording_cut.wav,3.25,0.5,0.49,4
28059910_MinPolqaSfbRecording_cut.wav,2.5,0.577350269,0.565803264,4
30474712_MinPolqaSfbRecording_cut.wav,3.25,0.957427108,0.938278566,4
27513444_MinPolqaSfbRecording_cut.wav,4.0,0.816496581,0.800166649,4
27888637_MinPolqaSfbRecording_cut.wav,4.25,0.5,0.49,4
30117593_MinPolqaSfbRecording_cut.wav,3.5,0.577350269,0.565803264,4
30468959_MinPolqaSfbRecording_cut.wav,2.25,0.5,0.49,4
30437717_MinPolqaSfbRecording_cut.wav,3.25,0.5,0.49,4
30514732_MinPolqaSfbRecording_cut.wav,1.75,0.957427108,0.938278566,4
30481615_MinPolqaSfbRecording_cut.wav,4.25,0.5,0.49,4
28236828_MinPolqaSfbRecording_cut.wav,4.0,0.816496581,0.800166649,4
28234153_MinPolqaSfbRecording_cut.wav,4.0,0.816496581,0.800166649,4
28046552_MinPolqaSfbRecording_cut.wav,4.25,0.957427108,0.938278566,4
30092968_MinPolqaSfbRecording_cut.wav,4.0,0.816496581,0.800166649,4
30413529_MinPolqaSfbRecording_cut.wav,3.75,0.957427108,0.938278566,4
27867003_MinPolqaSfbRecording_cut.wav,3.75,0.957427108,0.938278566,4
29537785_MinPolqaSfbRecording_cut.wav,3.25,0.5,0.49,4
30102857_MinPolqaSfbRecording_cut.wav,4.5,0.577350269,0.565803264,4
30472643_MinPolqaSfbRecording_cut.wav,3.8,0.447213595,0.392,5
28915845_MinPolqaSfbRecording_cut.wav,4.6,0.547722558,0.48009999,5
30480566_MinPolqaSfbRecording_cut.wav,3.4,1.140175425,0.999407825,5
30135993_MinPolqaSfbRecording_cut.wav,1.4,0.894427191,0.784,5
29539447_MinPolqaSfbRecording_cut.wav,2.4,0.547722558,0.48009999,5
30432723_MinPolqaSfbRecording_cut.wav,3.6,0.894427191,0.784,5
30531988_MinPolqaSfbRecording_cut.wav,2.8,0.836660027,0.733364848,5
30096950_MinPolqaSfbRecording_cut.wav,2.6,0.894427191,0.784,5
30514365_MinPolqaSfbRecording_cut.wav,3.75,0.957427108,0.938278566,4
30432105_MinPolqaSfbRecording_cut.wav,3.5,1.0,0.98,4
28057255_MinPolqaSfbRecording_cut.wav,4.25,0.5,0.49,4
30069871_MinPolqaSfbRecording_cut.wav,2.5,1.290994449,1.26517456,4
28440878_MinPolqaSfbRecording_cut.wav,4.0,0.0,0.0,4
30441801_MinPolqaSfbRecording_cut.wav,3.5,0.577350269,0.565803264,4
28196871_MinPolqaSfbRecording_cut.wav,4.25,0.5,0.49,4
28894340_MinPolqaSfbRecording_cut.wav,4.0,0.0,0.0,4
30192936_MinPolqaSfbRecording_cut.wav,3.25,0.957427108,0.938278566,4
30172733_MinPolqaSfbRecording_cut.wav,2.0,1.414213562,1.385929291,4
30482697_MinPolqaSfbRecording_cut.wav,2.6,0.894427191,0.784,5
30483232_MinPolqaSfbRecording_cut.wav,2.8,1.095445115,0.960199979,5
30185837_MinPolqaSfbRecording_cut.wav,2.4,0.547722558,0.48009999,5
30486940_MinPolqaSfbRecording_cut.wav,3.0,1.224744871,1.073536213,5
28202547_MinPolqaSfbRecording_cut.wav,3.4,0.894427191,0.784,5
30070770_MinPolqaSfbRecording_cut.wav,2.4,1.516575089,1.329336677,5
27717398_MinPolqaSfbRecording_cut.wav,3.8,0.836660027,0.733364848,5
30174071_MinPolqaSfbRecording_cut.wav,2.0,0.816496581,0.800166649,4
30084390_MinPolqaSfbRecording_cut.wav,3.0,1.414213562,1.385929291,4
30255827_MinPolqaSfbRecording_cut.wav,3.75,1.258305739,1.233139624,4
30134064_MinPolqaSfbRecording_cut.wav,3.25,1.258305739,1.233139624,4
30064709_MinPolqaSfbRecording_cut.wav,4.0,0.816496581,0.800166649,4
28222347_MinPolqaSfbRecording_cut.wav,4.0,1.154700538,1.131606528,4
30108330_MinPolqaSfbRecording_cut.wav,3.25,1.5,1.47,4
28758361_MinPolqaSfbRecording_cut.wav,3.4,0.547722558,0.48009999,5
30262428_MinPolqaSfbRecording_cut.wav,2.2,0.836660027,0.733364848,5
30121051_MinPolqaSfbRecording_cut.wav,2.8,0.447213595,0.392,5
30133208_MinPolqaSfbRecording_cut.wav,4.0,0.707106781,0.619806421,5
30408774_MinPolqaSfbRecording_cut.wav,2.4,0.894427191,0.784,5
28925253_MinPolqaSfbRecording_cut.wav,4.0,1.224744871,1.073536213,5
30500768_MinPolqaSfbRecording_cut.wav,3.0,1.0,0.876538647,5
30409389_MinPolqaSfbRecording_cut.wav,4.0,1.414213562,1.96,2
30143415_MinPolqaSfbRecording_cut.wav,3.5,0.707106781,0.98,2
30066613_MinPolqaSfbRecording_cut.wav,3.5,0.707106781,0.98,2
30142055_MinPolqaSfbRecording_cut.wav,3.0,1.414213562,1.96,2
30405493_MinPolqaSfbRecording_cut.wav,4.5,0.707106781,0.98,2
30503542_MinPolqaSfbRecording_cut.wav,4.5,0.707106781,0.98,2
30492814_MinPolqaSfbRecording_cut.wav,4.0,0.0,0.0,2
30135686_MinPolqaSfbRecording_cut.wav,4.5,0.707106781,0.98,2
30148754_MinPolqaSfbRecording_cut.wav,3.5,0.707106781,0.98,2
30411636_MinPolqaSfbRecording_cut.wav,3.0,,,1
30432951_MinPolqaSfbRecording_cut.wav,3.0,,,1
30415422_MinPolqaSfbRecording_cut.wav,3.0,,,1
30192987_MinPolqaSfbRecording_cut.wav,2.0,,,1
30145576_MinPolqaSfbRecording_cut.wav,4.0,,,1
30514136_MinPolqaSfbRecording_cut.wav,2.0,,,1
30099922_MinPolqaSfbRecording_cut.wav,2.0,,,1
30506474_MinPolqaSfbRecording_cut.wav,3.4,0.547722558,0.48009999,5
30100241_MinPolqaSfbRecording_cut.wav,3.6,0.894427191,0.784,5
30516876_MinPolqaSfbRecording_cut.wav,3.2,0.836660027,0.733364848,5
30154375_MinPolqaSfbRecording_cut.wav,3.2,0.836660027,0.733364848,5
30486315_MinPolqaSfbRecording_cut.wav,3.4,0.894427191,0.784,5
27842050_MinPolqaSfbRecording_cut.wav,4.2,0.447213595,0.392,5
30201476_MinPolqaSfbRecording_cut.wav,2.8,0.836660027,0.733364848,5
30434837_MinPolqaSfbRecording_cut.wav,3.4,1.140175425,0.999407825,5
30184509_MinPolqaSfbRecording_cut.wav,3.2,0.836660027,0.733364848,5
30490008_MinPolqaSfbRecording_cut.wav,3.25,1.258305739,1.233139624,4
30168523_MinPolqaSfbRecording_cut.wav,3.75,0.957427108,0.938278566,4
29053311_MinPolqaSfbRecording_cut.wav,4.0,1.154700538,1.131606528,4
30064840_MinPolqaSfbRecording_cut.wav,3.25,1.258305739,1.233139624,4
27588776_MinPolqaSfbRecording_cut.wav,3.75,0.957427108,0.938278566,4
30189015_MinPolqaSfbRecording_cut.wav,3.25,0.957427108,0.938278566,4
30177940_MinPolqaSfbRecording_cut.wav,3.25,1.258305739,1.233139624,4
30163101_MinPolqaSfbRecording_cut.wav,3.75,0.957427108,0.938278566,4
30451524_MinPolqaSfbRecording_cut.wav,4.0,0.816496581,0.800166649,4
30084461_MinPolqaSfbRecording_cut.wav,3.5,0.577350269,0.565803264,4
29538166_MinPolqaSfbRecording_cut.wav,2.25,0.957427108,0.938278566,4
25806600_MinPolqaSfbRecording_cut.wav,3.75,0.5,0.49,4
30164013_MinPolqaSfbRecording_cut.wav,3.0,0.816496581,0.800166649,4
28443408_MinPolqaSfbRecording_cut.wav,3.75,0.5,0.49,4
30113501_MinPolqaSfbRecording_cut.wav,3.5,0.577350269,0.565803264,4
30263932_MinPolqaSfbRecording_cut.wav,4.25,0.957427108,0.938278566,4
30132250_MinPolqaSfbRecording_cut.wav,3.75,0.5,0.49,4
30145628_MinPolqaSfbRecording_cut.wav,3.5,1.0,0.98,4
29016615_MinPolqaSfbRecording_cut.wav,4.75,0.5,0.49,4
30172276_MinPolqaSfbRecording_cut.wav,4.75,0.5,0.49,4
30163264_MinPolqaSfbRecording_cut.wav,2.75,0.5,0.49,4
30083817_MinPolqaSfbRecording_cut.wav,4.25,0.957427108,0.938278566,4
30078553_MinPolqaSfbRecording_cut.wav,4.5,0.577350269,0.565803264,4
28549010_MinPolqaSfbRecording_cut.wav,4.75,0.5,0.49,4
30403909_MinPolqaSfbRecording_cut.wav,4.5,0.577350269,0.565803264,4
30478241_MinPolqaSfbRecording_cut.wav,3.25,0.5,0.49,4
29536859_MinPolqaSfbRecording_cut.wav,2.5,0.577350269,0.565803264,4
28014616_MinPolqaSfbRecording_cut.wav,4.333333333,0.577350269,0.653333333,3
30138520_MinPolqaSfbRecording_cut.wav,3.666666667,0.577350269,0.653333333,3
30127169_MinPolqaSfbRecording_cut.wav,2.666666667,0.577350269,0.653333333,3
30164270_MinPolqaSfbRecording_cut.wav,3.333333333,0.577350269,0.653333333,3
30145475_MinPolqaSfbRecording_cut.wav,3.0,1.0,1.131606528,3
28777651_MinPolqaSfbRecording_cut.wav,3.666666667,0.577350269,0.653333333,3
30473439_MinPolqaSfbRecording_cut.wav,2.0,1.0,1.131606528,3
30529158_MinPolqaSfbRecording_cut.wav,4.333333333,0.577350269,0.653333333,3
30127377_MinPolqaSfbRecording_cut.wav,3.666666667,1.154700538,1.306666667,3
30132038_MinPolqaSfbRecording_cut.wav,4.0,1.0,1.131606528,3
28022892_MinPolqaSfbRecording_cut.wav,4.333333333,0.577350269,0.653333333,3
28110554_MinPolqaSfbRecording_cut.wav,4.333333333,0.577350269,0.653333333,3
30096583_MinPolqaSfbRecording_cut.wav,3.666666667,0.577350269,0.653333333,3
30431174_MinPolqaSfbRecording_cut.wav,4.0,1.0,1.131606528,3
30079641_MinPolqaSfbRecording_cut.wav,2.25,0.5,0.49,4
30521006_MinPolqaSfbRecording_cut.wav,2.75,0.5,0.49,4
30486855_MinPolqaSfbRecording_cut.wav,2.5,0.577350269,0.565803264,4
30148095_MinPolqaSfbRecording_cut.wav,2.0,0.816496581,0.800166649,4
30106942_MinPolqaSfbRecording_cut.wav,4.25,0.5,0.49,4
30063185_MinPolqaSfbRecording_cut.wav,3.25,0.5,0.49,4
30487409_MinPolqaSfbRecording_cut.wav,3.5,0.577350269,0.565803264,4
30157544_MinPolqaSfbRecording_cut.wav,3.0,0.816496581,0.800166649,4
30523236_MinPolqaSfbRecording_cut.wav,4.25,0.957427108,0.938278566,4
30511170_MinPolqaSfbRecording_cut.wav,2.0,1.414213562,1.96,2
30482608_MinPolqaSfbRecording_cut.wav,3.0,0.0,0.0,2
30486193_MinPolqaSfbRecording_cut.wav,3.0,0.0,0.0,2
30156527_MinPolqaSfbRecording_cut.wav,3.0,0.0,0.0,2
30134260_MinPolqaSfbRecording_cut.wav,1.5,0.707106781,0.98,2
30163322_MinPolqaSfbRecording_cut.wav,4.5,0.707106781,0.98,2
30263215_MinPolqaSfbRecording_cut.wav,2.5,0.707106781,0.98,2
30145698_MinPolqaSfbRecording_cut.wav,2.5,0.707106781,0.98,2
27842721_MinPolqaSfbRecording_cut.wav,4.5,0.707106781,0.98,2
28876336_MinPolqaSfbRecording_cut.wav,4.0,0.0,0.0,2
30409129_MinPolqaSfbRecording_cut.wav,3.0,0.0,0.0,2
30068282_MinPolqaSfbRecording_cut.wav,3.0,1.414213562,1.96,2
30174444_MinPolqaSfbRecording_cut.wav,3.0,0.0,0.0,2
28856196_MinPolqaSfbRecording_cut.wav,4.0,0.0,0.0,2
30152624_MinPolqaSfbRecording_cut.wav,3.5,0.707106781,0.98,2
30148272_MinPolqaSfbRecording_cut.wav,4.0,0.0,0.0,2
29043681_MinPolqaSfbRecording_cut.wav,3.25,0.957427108,0.938278566,4
30204800_MinPolqaSfbRecording_cut.wav,2.75,0.957427108,0.938278566,4
28696468_MinPolqaSfbRecording_cut.wav,4.0,1.414213562,1.385929291,4
30428200_MinPolqaSfbRecording_cut.wav,3.75,0.5,0.49,4
30511230_MinPolqaSfbRecording_cut.wav,3.0,1.414213562,1.385929291,4
28102266_MinPolqaSfbRecording_cut.wav,3.75,0.957427108,0.938278566,4
27622641_MinPolqaSfbRecording_cut.wav,4.0,0.816496581,0.800166649,4
30519549_MinPolqaSfbRecording_cut.wav,3.333333333,0.577350269,0.653333333,3
30252309_MinPolqaSfbRecording_cut.wav,2.666666667,0.577350269,0.653333333,3
30449239_MinPolqaSfbRecording_cut.wav,3.0,1.0,1.131606528,3
30492900_MinPolqaSfbRecording_cut.wav,4.0,0.0,0.0,3
30067564_MinPolqaSfbRecording_cut.wav,3.666666667,0.577350269,0.653333333,3
30132303_MinPolqaSfbRecording_cut.wav,3.666666667,0.577350269,0.653333333,3
28306175_MinPolqaSfbRecording_cut.wav,4.0,1.0,1.131606528,3
29543711_MinPolqaSfbRecording_cut.wav,2.0,1.0,1.131606528,3
30139026_MinPolqaSfbRecording_cut.wav,3.666666667,1.527525232,1.728557523,3
30481390_MinPolqaSfbRecording_cut.wav,4.333333333,0.577350269,0.653333333,3
27745700_MinPolqaSfbRecording_cut.wav,4.0,0.0,0.0,3
30404455_MinPolqaSfbRecording_cut.wav,2.666666667,2.081665999,2.355626833,3
28272950_MinPolqaSfbRecording_cut.wav,3.0,1.0,1.131606528,3
27896508_MinPolqaSfbRecording_cut.wav,4.333333333,1.154700538,1.306666667,3
30470798_MinPolqaSfbRecording_cut.wav,2.666666667,1.154700538,1.306666667,3
30174504_MinPolqaSfbRecording_cut.wav,2.0,1.414213562,1.385929291,4
29538344_MinPolqaSfbRecording_cut.wav,3.5,0.577350269,0.565803264,4
28710816_MinPolqaSfbRecording_cut.wav,4.0,0.816496581,0.800166649,4
30101155_MinPolqaSfbRecording_cut.wav,3.0,0.816496581,0.800166649,4
30193030_MinPolqaSfbRecording_cut.wav,3.5,1.290994449,1.26517456,4
27813743_MinPolqaSfbRecording_cut.wav,3.75,0.957427108,0.938278566,4
30520966_MinPolqaSfbRecording_cut.wav,3.75,0.5,0.49,4
30061440_MinPolqaSfbRecording_cut.wav,3.666666667,0.577350269,0.653333333,3
30261020_MinPolqaSfbRecording_cut.wav,4.0,1.0,1.131606528,3
27628478_MinPolqaSfbRecording_cut.wav,4.0,1.0,1.131606528,3
30069019_MinPolqaSfbRecording_cut.wav,2.333333333,0.577350269,0.653333333,3
30120224_MinPolqaSfbRecording_cut.wav,2.0,1.0,1.131606528,3
30186128_MinPolqaSfbRecording_cut.wav,3.333333333,0.577350269,0.653333333,3
28976419_MinPolqaSfbRecording_cut.wav,3.333333333,0.577350269,0.653333333,3
30258039_MinPolqaSfbRecording_cut.wav,3.666666667,1.154700538,1.306666667,3
30259117_MinPolqaSfbRecording_cut.wav,3.5,0.577350269,0.565803264,4
27903591_MinPolqaSfbRecording_cut.wav,4.0,0.816496581,0.800166649,4
30428666_MinPolqaSfbRecording_cut.wav,2.25,1.258305739,1.233139624,4
30129922_MinPolqaSfbRecording_cut.wav,2.75,0.5,0.49,4
28031790_MinPolqaSfbRecording_cut.wav,4.25,0.957427108,0.938278566,4
30177426_MinPolqaSfbRecording_cut.wav,3.75,0.5,0.49,4
30445066_MinPolqaSfbRecording_cut.wav,2.25,0.5,0.49,4
28719581_MinPolqaSfbRecording_cut.wav,3.75,0.5,0.49,4
28429497_MinPolqaSfbRecording_cut.wav,4.0,0.816496581,0.800166649,4
30141613_MinPolqaSfbRecording_cut.wav,3.5,0.577350269,0.565803264,4
30163401_MinPolqaSfbRecording_cut.wav,3.5,1.290994449,1.26517456,4
30097951_MinPolqaSfbRecording_cut.wav,2.25,1.892969449,1.85511006,4
30472177_MinPolqaSfbRecording_cut.wav,2.75,0.957427108,0.938278566,4
30470191_MinPolqaSfbRecording_cut.wav,3.5,1.0,0.98,4
30080742_MinPolqaSfbRecording_cut.wav,3.25,1.258305739,1.233139624,4
30101003_MinPolqaSfbRecording_cut.wav,1.75,0.957427108,0.938278566,4
30080789_MinPolqaSfbRecording_cut.wav,2.25,0.957427108,0.938278566,4
30430748_MinPolqaSfbRecording_cut.wav,2.5,1.0,0.98,4
30193420_MinPolqaSfbRecording_cut.wav,2.25,0.957427108,0.938278566,4
30524165_MinPolqaSfbRecording_cut.wav,2.5,0.577350269,0.565803264,4
30508208_MinPolqaSfbRecording_cut.wav,4.0,0.816496581,0.800166649,4
30106465_MinPolqaSfbRecording_cut.wav,4.0,0.816496581,0.800166649,4
27762796_MinPolqaSfbRecording_cut.wav,4.25,0.5,0.49,4
28001434_MinPolqaSfbRecording_cut.wav,4.25,0.5,0.49,4
30212532_MinPolqaSfbRecording_cut.wav,3.0,1.0,1.131606528,3
29541028_MinPolqaSfbRecording_cut.wav,1.333333333,0.577350269,0.653333333,3
30214409_MinPolqaSfbRecording_cut.wav,3.0,1.0,1.131606528,3
30257645_MinPolqaSfbRecording_cut.wav,2.666666667,0.577350269,0.653333333,3
30454378_MinPolqaSfbRecording_cut.wav,4.0,1.0,1.131606528,3
30261909_MinPolqaSfbRecording_cut.wav,3.0,1.0,1.131606528,3
30062276_MinPolqaSfbRecording_cut.wav,2.666666667,1.527525232,1.728557523,3
29534230_MinPolqaSfbRecording_cut.wav,2.75,1.707825128,1.673668625,4
30076369_MinPolqaSfbRecording_cut.wav,2.75,0.957427108,0.938278566,4
28856686_MinPolqaSfbRecording_cut.wav,4.0,0.816496581,0.800166649,4
30127158_MinPolqaSfbRecording_cut.wav,3.5,1.290994449,1.26517456,4
28074996_MinPolqaSfbRecording_cut.wav,4.5,0.577350269,0.565803264,4
30183833_MinPolqaSfbRecording_cut.wav,3.0,2.309401077,2.263213055,4
30137068_MinPolqaSfbRecording_cut.wav,4.0,1.154700538,1.131606528,4
30252118_MinPolqaSfbRecording_cut.wav,2.75,1.707825128,1.673668625,4
30505945_MinPolqaSfbRecording_cut.wav,2.75,1.5,1.47,4
30463271_MinPolqaSfbRecording_cut.wav,2.6,0.547722558,0.48009999,5
30416795_MinPolqaSfbRecording_cut.wav,4.0,1.0,0.876538647,5
28529665_MinPolqaSfbRecording_cut.wav,3.8,0.836660027,0.733364848,5
29529485_MinPolqaSfbRecording_cut.wav,3.0,0.0,0.0,5
28181921_MinPolqaSfbRecording_cut.wav,3.6,0.547722558,0.48009999,5
30121704_MinPolqaSfbRecording_cut.wav,2.2,1.095445115,0.960199979,5
30169107_MinPolqaSfbRecording_cut.wav,3.8,0.447213595,0.392,5
27981538_MinPolqaSfbRecording_cut.wav,3.8,0.447213595,0.392,5
30155784_MinPolqaSfbRecording_cut.wav,3.4,0.547722558,0.48009999,5
30403788_MinPolqaSfbRecording_cut.wav,3.6,0.547722558,0.48009999,5
30121845_MinPolqaSfbRecording_cut.wav,2.4,1.140175425,0.999407825,5
30183049_MinPolqaSfbRecording_cut.wav,2.4,0.547722558,0.48009999,5
30163691_MinPolqaSfbRecording_cut.wav,2.8,0.836660027,0.733364848,5
30172053_MinPolqaSfbRecording_cut.wav,4.0,0.0,0.0,5
30162196_MinPolqaSfbRecording_cut.wav,3.2,0.836660027,0.733364848,5
30402076_MinPolqaSfbRecording_cut.wav,2.8,1.303840481,1.142866571,5
30251173_MinPolqaSfbRecording_cut.wav,2.75,0.957427108,0.938278566,4
30414607_MinPolqaSfbRecording_cut.wav,1.5,0.577350269,0.565803264,4
28728852_MinPolqaSfbRecording_cut.wav,4.25,0.957427108,0.938278566,4
30507500_MinPolqaSfbRecording_cut.wav,3.25,0.957427108,0.938278566,4
28680417_MinPolqaSfbRecording_cut.wav,3.75,0.5,0.49,4
30428591_MinPolqaSfbRecording_cut.wav,2.0,0.0,0.0,4
30522569_MinPolqaSfbRecording_cut.wav,3.75,0.5,0.49,4
30432492_MinPolqaSfbRecording_cut.wav,4.0,1.0,1.131606528,3
27874042_MinPolqaSfbRecording_cut.wav,3.666666667,0.577350269,0.653333333,3
30526680_MinPolqaSfbRecording_cut.wav,3.666666667,1.527525232,1.728557523,3
30103215_MinPolqaSfbRecording_cut.wav,3.333333333,0.577350269,0.653333333,3
30157080_MinPolqaSfbRecording_cut.wav,2.666666667,2.081665999,2.355626833,3
30402549_MinPolqaSfbRecording_cut.wav,1.4,0.547722558,0.48009999,5
27820164_MinPolqaSfbRecording_cut.wav,4.0,0.707106781,0.619806421,5
30092231_MinPolqaSfbRecording_cut.wav,3.6,1.341640786,1.176,5
27853293_MinPolqaSfbRecording_cut.wav,4.2,0.447213595,0.392,5
30185346_MinPolqaSfbRecording_cut.wav,3.0,0.707106781,0.619806421,5
30129030_MinPolqaSfbRecording_cut.wav,3.0,0.707106781,0.619806421,5
30103764_MinPolqaSfbRecording_cut.wav,3.4,0.547722558,0.48009999,5
30179530_MinPolqaSfbRecording_cut.wav,2.6,0.547722558,0.48009999,5
30516374_MinPolqaSfbRecording_cut.wav,3.0,0.707106781,0.619806421,5
30445395_MinPolqaSfbRecording_cut.wav,2.333333333,1.154700538,1.306666667,3
28901746_MinPolqaSfbRecording_cut.wav,3.333333333,0.577350269,0.653333333,3
30065709_MinPolqaSfbRecording_cut.wav,2.333333333,0.577350269,0.653333333,3
30067275_MinPolqaSfbRecording_cut.wav,2.666666667,0.577350269,0.653333333,3
30135679_MinPolqaSfbRecording_cut.wav,3.0,1.0,1.131606528,3
30254612_MinPolqaSfbRecording_cut.wav,2.666666667,1.154700538,1.306666667,3
30204110_MinPolqaSfbRecording_cut.wav,3.333333333,1.527525232,1.728557523,3
30428871_MinPolqaSfbRecording_cut.wav,3.0,0.0,0.0,3
30471059_MinPolqaSfbRecording_cut.wav,3.333333333,0.577350269,0.653333333,3
30061298_MinPolqaSfbRecording_cut.wav,2.666666667,1.154700538,1.306666667,3
30117283_MinPolqaSfbRecording_cut.wav,3.5,0.577350269,0.565803264,4
30065195_MinPolqaSfbRecording_cut.wav,3.75,0.957427108,0.938278566,4
30509755_MinPolqaSfbRecording_cut.wav,3.5,0.577350269,0.565803264,4
28713359_MinPolqaSfbRecording_cut.wav,4.25,0.5,0.49,4
30147355_MinPolqaSfbRecording_cut.wav,3.0,0.816496581,0.800166649,4
30503845_MinPolqaSfbRecording_cut.wav,3.25,0.5,0.49,4
30463110_MinPolqaSfbRecording_cut.wav,3.0,0.816496581,0.800166649,4
27896719_MinPolqaSfbRecording_cut.wav,4.0,0.816496581,0.800166649,4
30151384_MinPolqaSfbRecording_cut.wav,3.5,0.577350269,0.565803264,4
28502211_MinPolqaSfbRecording_cut.wav,4.333333333,0.577350269,0.653333333,3
28539045_MinPolqaSfbRecording_cut.wav,2.333333333,0.577350269,0.653333333,3
30413049_MinPolqaSfbRecording_cut.wav,2.0,1.0,1.131606528,3
30180740_MinPolqaSfbRecording_cut.wav,1.666666667,0.577350269,0.653333333,3
30471842_MinPolqaSfbRecording_cut.wav,2.0,0.0,0.0,3
30462596_MinPolqaSfbRecording_cut.wav,1.666666667,1.154700538,1.306666667,3
29536107_MinPolqaSfbRecording_cut.wav,1.0,0.0,0.0,3
28874005_MinPolqaSfbRecording_cut.wav,3.333333333,0.577350269,0.653333333,3
30164438_MinPolqaSfbRecording_cut.wav,3.0,0.0,0.0,3
30152120_MinPolqaSfbRecording_cut.wav,2.333333333,1.527525232,1.728557523,3
30113662_MinPolqaSfbRecording_cut.wav,2.0,1.732050808,1.96,3
30440555_MinPolqaSfbRecording_cut.wav,3.0,1.732050808,1.96,3
28970672_MinPolqaSfbRecording_cut.wav,4.0,1.0,1.131606528,3
28698752_MinPolqaSfbRecording_cut.wav,3.333333333,0.577350269,0.653333333,3
28807347_MinPolqaSfbRecording_cut.wav,4.333333333,0.577350269,0.653333333,3
28127314_MinPolqaSfbRecording_cut.wav,3.666666667,0.577350269,0.653333333,3
28716782_MinPolqaSfbRecording_cut.wav,4.0,0.0,0.0,3
28692986_MinPolqaSfbRecording_cut.wav,3.333333333,1.527525232,1.728557523,3
28720069_MinPolqaSfbRecording_cut.wav,4.25,0.957427108,0.938278566,4
28162191_MinPolqaSfbRecording_cut.wav,3.5,0.577350269,0.565803264,4
30099512_MinPolqaSfbRecording_cut.wav,3.75,0.957427108,0.938278566,4
30151087_MinPolqaSfbRecording_cut.wav,2.5,1.290994449,1.26517456,4
30452290_MinPolqaSfbRecording_cut.wav,3.25,0.5,0.49,4
30514085_MinPolqaSfbRecording_cut.wav,3.5,0.577350269,0.565803264,4
30510475_MinPolqaSfbRecording_cut.wav,3.0,0.816496581,0.800166649,4
30400961_MinPolqaSfbRecording_cut.wav,2.75,1.258305739,1.233139624,4
29530511_MinPolqaSfbRecording_cut.wav,2.25,1.258305739,1.233139624,4
30483273_MinPolqaSfbRecording_cut.wav,3.25,1.5,1.47,4
30103839_MinPolqaSfbRecording_cut.wav,3.0,0.816496581,0.800166649,4
30432795_MinPolqaSfbRecording_cut.wav,2.0,1.414213562,1.385929291,4
30527219_MinPolqaSfbRecording_cut.wav,3.0,1.154700538,1.131606528,4
30447170_MinPolqaSfbRecording_cut.wav,3.0,0.816496581,0.800166649,4
30113470_MinPolqaSfbRecording_cut.wav,3.75,1.258305739,1.233139624,4
30161426_MinPolqaSfbRecording_cut.wav,3.25,0.957427108,0.938278566,4
28193554_MinPolqaSfbRecording_cut.wav,4.75,0.5,0.49,4
28815146_MinPolqaSfbRecording_cut.wav,3.5,0.577350269,0.565803264,4
30466871_MinPolqaSfbRecording_cut.wav,3.0,1.154700538,1.131606528,4
29534168_MinPolqaSfbRecording_cut.wav,2.25,1.258305739,1.233139624,4
27977094_MinPolqaSfbRecording_cut.wav,4.0,0.816496581,0.800166649,4
30061811_MinPolqaSfbRecording_cut.wav,3.0,0.816496581,0.800166649,4
30449115_MinPolqaSfbRecording_cut.wav,4.0,0.0,0.0,4
29069158_MinPolqaSfbRecording_cut.wav,4.0,0.816496581,0.800166649,4
30457902_MinPolqaSfbRecording_cut.wav,2.5,0.577350269,0.565803264,4
30450653_MinPolqaSfbRecording_cut.wav,2.0,1.732050808,1.96,3
27665099_MinPolqaSfbRecording_cut.wav,3.666666667,1.527525232,1.728557523,3
30430520_MinPolqaSfbRecording_cut.wav,2.333333333,1.527525232,1.728557523,3
27730466_MinPolqaSfbRecording_cut.wav,4.0,1.0,1.131606528,3
30077153_MinPolqaSfbRecording_cut.wav,2.0,1.0,1.131606528,3
29055857_MinPolqaSfbRecording_cut.wav,3.333333333,0.577350269,0.653333333,3
30503795_MinPolqaSfbRecording_cut.wav,1.666666667,0.577350269,0.653333333,3
30520474_MinPolqaSfbRecording_cut.wav,3.5,0.577350269,0.565803264,4
30073621_MinPolqaSfbRecording_cut.wav,3.25,0.957427108,0.938278566,4
30157022_MinPolqaSfbRecording_cut.wav,2.75,0.5,0.49,4
30258061_MinPolqaSfbRecording_cut.wav,2.25,0.5,0.49,4
30075995_MinPolqaSfbRecording_cut.wav,3.0,0.816496581,0.800166649,4
27648739_MinPolqaSfbRecording_cut.wav,2.75,0.5,0.49,4
30151938_MinPolqaSfbRecording_cut.wav,2.25,0.5,0.49,4
28268109_MinPolqaSfbRecording_cut.wav,2.75,0.5,0.49,4
30069098_MinPolqaSfbRecording_cut.wav,2.5,0.577350269,0.565803264,4
30084170_MinPolqaSfbRecording_cut.wav,2.4,1.140175425,0.999407825,5
30141006_MinPolqaSfbRecording_cut.wav,3.6,0.547722558,0.48009999,5
30090809_MinPolqaSfbRecording_cut.wav,2.4,1.140175425,0.999407825,5
30452677_MinPolqaSfbRecording_cut.wav,4.0,0.707106781,0.619806421,5
30059227_MinPolqaSfbRecording_cut.wav,4.0,0.707106781,0.619806421,5
30212042_MinPolqaSfbRecording_cut.wav,3.6,0.547722558,0.48009999,5
30519518_MinPolqaSfbRecording_cut.wav,3.2,1.303840481,1.142866571,5
30172997_MinPolqaSfbRecording_cut.wav,4.5,0.577350269,0.565803264,4
30257352_MinPolqaSfbRecording_cut.wav,2.25,0.5,0.49,4
28285991_MinPolqaSfbRecording_cut.wav,3.5,0.577350269,0.565803264,4
30404453_MinPolqaSfbRecording_cut.wav,3.5,1.0,0.98,4
30259939_MinPolqaSfbRecording_cut.wav,2.75,0.5,0.49,4
30132285_MinPolqaSfbRecording_cut.wav,1.75,0.957427108,0.938278566,4
30061507_MinPolqaSfbRecording_cut.wav,3.5,0.577350269,0.565803264,4
28523574_MinPolqaSfbRecording_cut.wav,4.0,0.0,0.0,4
28056198_MinPolqaSfbRecording_cut.wav,3.75,0.5,0.49,4
27638494_MinPolqaSfbRecording_cut.wav,3.25,0.5,0.49,4
29052450_MinPolqaSfbRecording_cut.wav,3.75,0.957427108,0.938278566,4
30205731_MinPolqaSfbRecording_cut.wav,4.0,0.816496581,0.800166649,4
30102946_MinPolqaSfbRecording_cut.wav,4.0,0.0,0.0,4
29041112_MinPolqaSfbRecording_cut.wav,4.0,1.154700538,1.131606528,4
27834306_MinPolqaSfbRecording_cut.wav,3.75,1.258305739,1.233139624,4
30261913_MinPolqaSfbRecording_cut.wav,3.75,0.5,0.49,4
30433348_MinPolqaSfbRecording_cut.wav,2.2,1.095445115,0.960199979,5
30149872_MinPolqaSfbRecording_cut.wav,2.6,1.140175425,0.999407825,5
29541554_MinPolqaSfbRecording_cut.wav,2.8,0.836660027,0.733364848,5
30065343_MinPolqaSfbRecording_cut.wav,3.4,1.673320053,1.466729696,5
27972670_MinPolqaSfbRecording_cut.wav,4.0,0.707106781,0.619806421,5
28443024_MinPolqaSfbRecording_cut.wav,3.4,0.547722558,0.48009999,5
30526528_MinPolqaSfbRecording_cut.wav,2.4,1.140175425,0.999407825,5
30079441_MinPolqaSfbRecording_cut.wav,3.2,1.303840481,1.142866571,5
30176892_MinPolqaSfbRecording_cut.wav,2.8,1.303840481,1.142866571,5
30060179_MinPolqaSfbRecording_cut.wav,2.75,1.707825128,1.673668625,4
27681624_MinPolqaSfbRecording_cut.wav,2.75,0.5,0.49,4
29027179_MinPolqaSfbRecording_cut.wav,3.5,1.290994449,1.26517456,4
27550014_MinPolqaSfbRecording_cut.wav,3.75,1.258305739,1.233139624,4
27742093_MinPolqaSfbRecording_cut.wav,3.5,1.290994449,1.26517456,4
30086993_MinPolqaSfbRecording_cut.wav,2.5,1.290994449,1.26517456,4
30075269_MinPolqaSfbRecording_cut.wav,3.75,1.258305739,1.233139624,4
30250472_MinPolqaSfbRecording_cut.wav,2.5,1.290994449,1.26517456,4
30178689_MinPolqaSfbRecording_cut.wav,2.5,1.0,0.98,4
30100263_MinPolqaSfbRecording_cut.wav,2.25,0.957427108,0.938278566,4
27848817_MinPolqaSfbRecording_cut.wav,4.0,1.0,1.131606528,3
28614693_MinPolqaSfbRecording_cut.wav,3.666666667,0.577350269,0.653333333,3
30132595_MinPolqaSfbRecording_cut.wav,2.666666667,1.527525232,1.728557523,3
29540234_MinPolqaSfbRecording_cut.wav,2.333333333,1.154700538,1.306666667,3
30455579_MinPolqaSfbRecording_cut.wav,2.666666667,1.527525232,1.728557523,3
30095945_MinPolqaSfbRecording_cut.wav,3.0,0.0,0.0,2
30452826_MinPolqaSfbRecording_cut.wav,4.0,0.0,0.0,2
30483135_MinPolqaSfbRecording_cut.wav,3.5,0.707106781,0.98,2
30118057_MinPolqaSfbRecording_cut.wav,4.5,0.707106781,0.98,2
30249678_MinPolqaSfbRecording_cut.wav,2.5,0.707106781,0.98,2
30082654_MinPolqaSfbRecording_cut.wav,4.0,0.0,0.0,2
28629409_MinPolqaSfbRecording_cut.wav,2.5,0.707106781,0.98,2
28805506_MinPolqaSfbRecording_cut.wav,4.0,0.0,0.0,2
30404304_MinPolqaSfbRecording_cut.wav,3.5,0.707106781,0.98,2
30118424_MinPolqaSfbRecording_cut.wav,3.333333333,0.577350269,0.653333333,3
27658222_MinPolqaSfbRecording_cut.wav,4.0,1.0,1.131606528,3
30148366_MinPolqaSfbRecording_cut.wav,4.0,1.0,1.131606528,3
28706108_MinPolqaSfbRecording_cut.wav,3.666666667,1.154700538,1.306666667,3
30159709_MinPolqaSfbRecording_cut.wav,4.333333333,0.577350269,0.653333333,3
30189524_MinPolqaSfbRecording_cut.wav,4.25,0.5,0.49,4
29538225_MinPolqaSfbRecording_cut.wav,3.75,0.957427108,0.938278566,4
30064419_MinPolqaSfbRecording_cut.wav,3.5,1.0,0.98,4
30480451_MinPolqaSfbRecording_cut.wav,3.5,1.0,0.98,4
30479546_MinPolqaSfbRecording_cut.wav,1.75,0.957427108,0.938278566,4
30109577_MinPolqaSfbRecording_cut.wav,1.75,0.5,0.49,4
30514236_MinPolqaSfbRecording_cut.wav,3.75,0.5,0.49,4
30411973_MinPolqaSfbRecording_cut.wav,3.25,1.258305739,1.233139624,4
30509510_MinPolqaSfbRecording_cut.wav,2.75,0.957427108,0.938278566,4
30195535_MinPolqaSfbRecording_cut.wav,2.25,1.892969449,1.85511006,4
28182666_MinPolqaSfbRecording_cut.wav,4.0,0.0,0.0,4
30509109_MinPolqaSfbRecording_cut.wav,2.75,0.5,0.49,4
30258064_MinPolqaSfbRecording_cut.wav,2.5,1.732050808,1.697409791,4
30255864_MinPolqaSfbRecording_cut.wav,2.5,1.290994449,1.26517456,4
30171565_MinPolqaSfbRecording_cut.wav,4.0,0.0,0.0,4
30201346_MinPolqaSfbRecording_cut.wav,3.0,0.816496581,0.800166649,4
30129705_MinPolqaSfbRecording_cut.wav,3.2,0.836660027,0.733364848,5
29539763_MinPolqaSfbRecording_cut.wav,1.8,1.303840481,1.142866571,5
30530850_MinPolqaSfbRecording_cut.wav,2.2,1.303840481,1.142866571,5
30202226_MinPolqaSfbRecording_cut.wav,2.8,0.447213595,0.392,5
30135649_MinPolqaSfbRecording_cut.wav,1.8,1.303840481,1.142866571,5
30261781_MinPolqaSfbRecording_cut.wav,1.6,1.341640786,1.176,5
28903015_MinPolqaSfbRecording_cut.wav,3.8,0.447213595,0.392,5
27629737_MinPolqaSfbRecording_cut.wav,3.0,1.0,0.876538647,5
29537102_MinPolqaSfbRecording_cut.wav,3.6,0.894427191,0.784,5
30485413_MinPolqaSfbRecording_cut.wav,4.0,0.0,0.0,4
28138315_MinPolqaSfbRecording_cut.wav,4.5,0.577350269,0.565803264,4
30442723_MinPolqaSfbRecording_cut.wav,3.75,0.5,0.49,4
30109835_MinPolqaSfbRecording_cut.wav,3.75,0.5,0.49,4
30492270_MinPolqaSfbRecording_cut.wav,2.5,1.290994449,1.26517456,4
30416796_MinPolqaSfbRecording_cut.wav,3.5,0.577350269,0.565803264,4
30460451_MinPolqaSfbRecording_cut.wav,2.0,1.414213562,1.385929291,4
28750067_MinPolqaSfbRecording_cut.wav,4.75,0.5,0.49,4
30109817_MinPolqaSfbRecording_cut.wav,3.25,0.957427108,0.938278566,4
30256883_MinPolqaSfbRecording_cut.wav,3.2,0.836660027,0.733364848,5
30487007_MinPolqaSfbRecording_cut.wav,3.4,0.547722558,0.48009999,5
27830811_MinPolqaSfbRecording_cut.wav,3.4,0.894427191,0.784,5
30112842_MinPolqaSfbRecording_cut.wav,3.2,0.447213595,0.392,5
30522117_MinPolqaSfbRecording_cut.wav,4.8,0.447213595,0.392,5
30254212_MinPolqaSfbRecording_cut.wav,2.6,0.894427191,0.784,5
30491707_MinPolqaSfbRecording_cut.wav,2.2,0.836660027,0.733364848,5
29544277_MinPolqaSfbRecording_cut.wav,2.0,1.224744871,1.073536213,5
28672317_MinPolqaSfbRecording_cut.wav,4.4,0.547722558,0.48009999,5
30148726_MinPolqaSfbRecording_cut.wav,2.0,1.154700538,1.131606528,4
30157054_MinPolqaSfbRecording_cut.wav,3.25,1.258305739,1.233139624,4
30166424_MinPolqaSfbRecording_cut.wav,2.25,0.957427108,0.938278566,4
30078477_MinPolqaSfbRecording_cut.wav,3.25,0.5,0.49,4
30489754_MinPolqaSfbRecording_cut.wav,2.5,1.0,0.98,4
30413800_MinPolqaSfbRecording_cut.wav,3.0,0.816496581,0.800166649,4
30426816_MinPolqaSfbRecording_cut.wav,2.25,0.957427108,0.938278566,4
28871811_MinPolqaSfbRecording_cut.wav,3.25,0.957427108,0.938278566,4
30426184_MinPolqaSfbRecording_cut.wav,1.333333333,0.577350269,0.653333333,3
28643430_MinPolqaSfbRecording_cut.wav,4.666666667,0.577350269,0.653333333,3
30211987_MinPolqaSfbRecording_cut.wav,3.333333333,1.154700538,1.306666667,3
29540218_MinPolqaSfbRecording_cut.wav,2.666666667,1.154700538,1.306666667,3
28256524_MinPolqaSfbRecording_cut.wav,4.666666667,0.577350269,0.653333333,3
30154734_MinPolqaSfbRecording_cut.wav,4.0,1.0,1.131606528,3
30505847_MinPolqaSfbRecording_cut.wav,3.333333333,1.154700538,1.306666667,3
30082720_MinPolqaSfbRecording_cut.wav,4.0,1.0,1.131606528,3
30206566_MinPolqaSfbRecording_cut.wav,4.0,1.0,1.131606528,3
30078530_MinPolqaSfbRecording_cut.wav,3.0,1.0,1.131606528,3
30097581_MinPolqaSfbRecording_cut.wav,2.333333333,1.527525232,1.728557523,3
29543124_MinPolqaSfbRecording_cut.wav,4.0,1.0,1.131606528,3
29534977_MinPolqaSfbRecording_cut.wav,2.0,1.0,1.131606528,3
28672448_MinPolqaSfbRecording_cut.wav,3.333333333,0.577350269,0.653333333,3
30466401_MinPolqaSfbRecording_cut.wav,3.333333333,1.527525232,1.728557523,3
30522711_MinPolqaSfbRecording_cut.wav,2.666666667,1.154700538,1.306666667,3
30530296_MinPolqaSfbRecording_cut.wav,3.0,1.0,1.131606528,3
27914573_MinPolqaSfbRecording_cut.wav,3.5,0.577350269,0.565803264,4
30257204_MinPolqaSfbRecording_cut.wav,2.75,1.5,1.47,4
28091895_MinPolqaSfbRecording_cut.wav,4.25,0.5,0.49,4
28831208_MinPolqaSfbRecording_cut.wav,3.75,0.5,0.49,4
30487611_MinPolqaSfbRecording_cut.wav,2.0,0.816496581,0.800166649,4
30108176_MinPolqaSfbRecording_cut.wav,2.75,0.957427108,0.938278566,4
30480626_MinPolqaSfbRecording_cut.wav,3.25,0.5,0.49,4
29022746_MinPolqaSfbRecording_cut.wav,4.25,0.5,0.49,4
30118881_MinPolqaSfbRecording_cut.wav,4.0,0.816496581,0.800166649,4
30448655_MinPolqaSfbRecording_cut.wav,3.25,0.5,0.49,4
30483107_MinPolqaSfbRecording_cut.wav,4.0,0.816496581,0.800166649,4
30126847_MinPolqaSfbRecording_cut.wav,3.0,0.816496581,0.800166649,4
30460250_MinPolqaSfbRecording_cut.wav,3.5,0.577350269,0.565803264,4
30255099_MinPolqaSfbRecording_cut.wav,2.25,0.5,0.49,4
28474282_MinPolqaSfbRecording_cut.wav,3.25,0.5,0.49,4
30514841_MinPolqaSfbRecording_cut.wav,3.0,0.0,0.0,4
30466971_MinPolqaSfbRecording_cut.wav,3.0,1.0,1.131606528,3
30211018_MinPolqaSfbRecording_cut.wav,3.333333333,1.154700538,1.306666667,3
30136353_MinPolqaSfbRecording_cut.wav,4.333333333,1.154700538,1.306666667,3
30084111_MinPolqaSfbRecording_cut.wav,3.666666667,1.527525232,1.728557523,3
30462015_MinPolqaSfbRecording_cut.wav,3.0,1.0,1.131606528,3
28249374_MinPolqaSfbRecording_cut.wav,4.0,1.0,1.131606528,3
30510226_MinPolqaSfbRecording_cut.wav,2.0,1.0,1.131606528,3
30168950_MinPolqaSfbRecording_cut.wav,2.5,1.0,0.98,4
30183744_MinPolqaSfbRecording_cut.wav,2.5,0.577350269,0.565803264,4
30460916_MinPolqaSfbRecording_cut.wav,3.5,1.0,0.98,4
29017077_MinPolqaSfbRecording_cut.wav,4.0,0.0,0.0,4
30410849_MinPolqaSfbRecording_cut.wav,3.0,0.816496581,0.800166649,4
30212874_MinPolqaSfbRecording_cut.wav,3.25,0.5,0.49,4
30076586_MinPolqaSfbRecording_cut.wav,3.0,0.816496581,0.800166649,4
28105651_MinPolqaSfbRecording_cut.wav,3.75,0.5,0.49,4
30066884_MinPolqaSfbRecording_cut.wav,2.5,0.577350269,0.565803264,4
30466561_MinPolqaSfbRecording_cut.wav,2.75,0.957427108,0.938278566,4
30171709_MinPolqaSfbRecording_cut.wav,2.666666667,0.577350269,0.653333333,3
30076453_MinPolqaSfbRecording_cut.wav,3.0,0.0,0.0,3
30145210_MinPolqaSfbRecording_cut.wav,2.666666667,0.577350269,0.653333333,3
30079205_MinPolqaSfbRecording_cut.wav,2.0,1.0,1.131606528,3
28840580_MinPolqaSfbRecording_cut.wav,3.333333333,0.577350269,0.653333333,3
30060901_MinPolqaSfbRecording_cut.wav,4.0,0.0,0.0,3
30205905_MinPolqaSfbRecording_cut.wav,2.333333333,0.577350269,0.653333333,3
30160089_MinPolqaSfbRecording_cut.wav,3.666666667,0.577350269,0.653333333,3
28335768_MinPolqaSfbRecording_cut.wav,3.75,0.5,0.49,4
30066738_MinPolqaSfbRecording_cut.wav,2.5,1.0,0.98,4
30097151_MinPolqaSfbRecording_cut.wav,2.25,0.957427108,0.938278566,4
29536051_MinPolqaSfbRecording_cut.wav,2.25,1.258305739,1.233139624,4
27830168_MinPolqaSfbRecording_cut.wav,4.0,0.0,0.0,4
28722469_MinPolqaSfbRecording_cut.wav,4.5,0.577350269,0.565803264,4
28561344_MinPolqaSfbRecording_cut.wav,4.5,0.577350269,0.565803264,4
27631561_MinPolqaSfbRecording_cut.wav,4.5,0.577350269,0.565803264,4
28030318_MinPolqaSfbRecording_cut.wav,4.0,0.816496581,0.800166649,4
30158968_MinPolqaSfbRecording_cut.wav,2.2,1.303840481,1.142866571,5
30145463_MinPolqaSfbRecording_cut.wav,2.8,1.095445115,0.960199979,5
30109324_MinPolqaSfbRecording_cut.wav,3.2,0.836660027,0.733364848,5
30531993_MinPolqaSfbRecording_cut.wav,3.0,0.707106781,0.619806421,5
30483279_MinPolqaSfbRecording_cut.wav,3.2,1.643167673,1.440299969,5
28211153_MinPolqaSfbRecording_cut.wav,3.2,0.836660027,0.733364848,5
28509348_MinPolqaSfbRecording_cut.wav,3.6,0.894427191,0.784,5
27850359_MinPolqaSfbRecording_cut.wav,3.2,0.836660027,0.733364848,5
30068655_MinPolqaSfbRecording_cut.wav,3.25,0.5,0.49,4
30442360_MinPolqaSfbRecording_cut.wav,2.75,0.957427108,0.938278566,4
30260958_MinPolqaSfbRecording_cut.wav,3.5,1.0,0.98,4
28929544_MinPolqaSfbRecording_cut.wav,3.75,0.957427108,0.938278566,4
30430388_MinPolqaSfbRecording_cut.wav,2.0,0.0,0.0,4
30481562_MinPolqaSfbRecording_cut.wav,1.5,0.577350269,0.565803264,4
30247760_MinPolqaSfbRecording_cut.wav,3.75,0.957427108,0.938278566,4
30069256_MinPolqaSfbRecording_cut.wav,3.75,0.5,0.49,4
30263626_MinPolqaSfbRecording_cut.wav,3.75,0.957427108,0.938278566,4
27656767_MinPolqaSfbRecording_cut.wav,4.0,0.0,0.0,3
30455142_MinPolqaSfbRecording_cut.wav,2.666666667,0.577350269,0.653333333,3
30510945_MinPolqaSfbRecording_cut.wav,2.0,1.0,1.131606528,3
30139010_MinPolqaSfbRecording_cut.wav,3.666666667,0.577350269,0.653333333,3
28442843_MinPolqaSfbRecording_cut.wav,3.666666667,0.577350269,0.653333333,3
30254800_MinPolqaSfbRecording_cut.wav,4.333333333,1.154700538,1.306666667,3
30142992_MinPolqaSfbRecording_cut.wav,2.333333333,0.577350269,0.653333333,3
30253350_MinPolqaSfbRecording_cut.wav,3.333333333,0.577350269,0.653333333,3
30423629_MinPolqaSfbRecording_cut.wav,4.0,0.816496581,0.800166649,4
30492177_MinPolqaSfbRecording_cut.wav,2.75,0.957427108,0.938278566,4
30182406_MinPolqaSfbRecording_cut.wav,3.0,0.816496581,0.800166649,4
30086790_MinPolqaSfbRecording_cut.wav,3.75,0.957427108,0.938278566,4
30141968_MinPolqaSfbRecording_cut.wav,3.0,0.0,0.0,4
30529657_MinPolqaSfbRecording_cut.wav,3.25,1.258305739,1.233139624,4
28071929_MinPolqaSfbRecording_cut.wav,4.0,0.0,0.0,4
30137547_MinPolqaSfbRecording_cut.wav,3.0,0.0,0.0,4
28763499_MinPolqaSfbRecording_cut.wav,3.75,0.5,0.49,4
30409516_MinPolqaSfbRecording_cut.wav,3.0,1.0,1.131606528,3
29009136_MinPolqaSfbRecording_cut.wav,4.333333333,0.577350269,0.653333333,3
29540336_MinPolqaSfbRecording_cut.wav,2.666666667,1.154700538,1.306666667,3
28931394_MinPolqaSfbRecording_cut.wav,3.333333333,0.577350269,0.653333333,3
30069492_MinPolqaSfbRecording_cut.wav,3.666666667,0.577350269,0.653333333,3
30508994_MinPolqaSfbRecording_cut.wav,3.333333333,0.577350269,0.653333333,3
28204084_MinPolqaSfbRecording_cut.wav,4.333333333,0.577350269,0.653333333,3
30150003_MinPolqaSfbRecording_cut.wav,2.666666667,1.527525232,1.728557523,3
27658443_MinPolqaSfbRecording_cut.wav,2.0,1.154700538,1.131606528,4
30491113_MinPolqaSfbRecording_cut.wav,2.25,0.957427108,0.938278566,4
30069582_MinPolqaSfbRecording_cut.wav,2.25,0.957427108,0.938278566,4
28501331_MinPolqaSfbRecording_cut.wav,3.5,1.290994449,1.26517456,4
29530983_MinPolqaSfbRecording_cut.wav,2.75,1.258305739,1.233139624,4
28950563_MinPolqaSfbRecording_cut.wav,4.5,0.577350269,0.565803264,4
27940840_MinPolqaSfbRecording_cut.wav,4.25,0.5,0.49,4
27715504_MinPolqaSfbRecording_cut.wav,4.0,0.816496581,0.800166649,4
28102692_MinPolqaSfbRecording_cut.wav,4.0,0.816496581,0.800166649,4
28783113_MinPolqaSfbRecording_cut.wav,4.25,0.957427108,0.938278566,4
30105500_MinPolqaSfbRecording_cut.wav,2.5,1.732050808,1.697409791,4
30450112_MinPolqaSfbRecording_cut.wav,4.25,0.5,0.49,4
30530146_MinPolqaSfbRecording_cut.wav,2.5,1.290994449,1.26517456,4
30126904_MinPolqaSfbRecording_cut.wav,4.5,0.577350269,0.565803264,4
30183077_MinPolqaSfbRecording_cut.wav,3.75,0.957427108,0.938278566,4
30082557_MinPolqaSfbRecording_cut.wav,3.0,0.707106781,0.619806421,5
30129426_MinPolqaSfbRecording_cut.wav,3.4,1.140175425,0.999407825,5
30165825_MinPolqaSfbRecording_cut.wav,4.0,0.707106781,0.619806421,5
30128242_MinPolqaSfbRecording_cut.wav,3.0,1.224744871,1.073536213,5
28358591_MinPolqaSfbRecording_cut.wav,4.2,0.447213595,0.392,5
27866199_MinPolqaSfbRecording_cut.wav,4.0,0.707106781,0.619806421,5
30149067_MinPolqaSfbRecording_cut.wav,2.4,0.547722558,0.48009999,5
30408773_MinPolqaSfbRecording_cut.wav,3.25,0.5,0.49,4
28807020_MinPolqaSfbRecording_cut.wav,2.75,0.5,0.49,4
30140702_MinPolqaSfbRecording_cut.wav,2.0,0.816496581,0.800166649,4
30462529_MinPolqaSfbRecording_cut.wav,2.0,0.0,0.0,4
30139269_MinPolqaSfbRecording_cut.wav,3.25,0.957427108,0.938278566,4
29533102_MinPolqaSfbRecording_cut.wav,3.25,0.957427108,0.938278566,4
30481402_MinPolqaSfbRecording_cut.wav,3.25,1.5,1.47,4
30431232_MinPolqaSfbRecording_cut.wav,1.5,1.0,0.98,4
30075207_MinPolqaSfbRecording_cut.wav,2.25,1.258305739,1.233139624,4
30179551_MinPolqaSfbRecording_cut.wav,3.5,1.0,0.98,4
28482001_MinPolqaSfbRecording_cut.wav,3.5,0.577350269,0.565803264,4
27630747_MinPolqaSfbRecording_cut.wav,4.25,0.5,0.49,4
30075475_MinPolqaSfbRecording_cut.wav,3.25,1.5,1.47,4
30091737_MinPolqaSfbRecording_cut.wav,3.0,1.414213562,1.385929291,4
30066610_MinPolqaSfbRecording_cut.wav,2.75,1.258305739,1.233139624,4
30073387_MinPolqaSfbRecording_cut.wav,3.25,0.957427108,0.938278566,4
30143159_MinPolqaSfbRecording_cut.wav,2.25,0.957427108,0.938278566,4
30409719_MinPolqaSfbRecording_cut.wav,2.75,0.5,0.49,4
30181710_MinPolqaSfbRecording_cut.wav,2.5,1.0,0.98,4
30071223_MinPolqaSfbRecording_cut.wav,3.5,0.577350269,0.565803264,4
30125949_MinPolqaSfbRecording_cut.wav,2.0,1.414213562,1.385929291,4
27886937_MinPolqaSfbRecording_cut.wav,4.25,0.957427108,0.938278566,4
30154772_MinPolqaSfbRecording_cut.wav,3.75,0.5,0.49,4
30068909_MinPolqaSfbRecording_cut.wav,3.0,0.816496581,0.800166649,4
30193401_MinPolqaSfbRecording_cut.wav,2.5,1.290994449,1.26517456,4
30142678_MinPolqaSfbRecording_cut.wav,3.25,0.957427108,0.938278566,4
30422728_MinPolqaSfbRecording_cut.wav,1.5,1.0,0.98,4
30427126_MinPolqaSfbRecording_cut.wav,1.2,0.447213595,0.392,5
30201062_MinPolqaSfbRecording_cut.wav,3.6,0.894427191,0.784,5
30058524_MinPolqaSfbRecording_cut.wav,2.2,0.836660027,0.733364848,5
30429042_MinPolqaSfbRecording_cut.wav,4.2,0.447213595,0.392,5
30255337_MinPolqaSfbRecording_cut.wav,2.6,0.894427191,0.784,5
30181419_MinPolqaSfbRecording_cut.wav,4.0,0.707106781,0.619806421,5
28950876_MinPolqaSfbRecording_cut.wav,4.2,0.447213595,0.392,5
28524159_MinPolqaSfbRecording_cut.wav,3.8,0.447213595,0.392,5
30170993_MinPolqaSfbRecording_cut.wav,3.25,1.258305739,1.233139624,4
28783015_MinPolqaSfbRecording_cut.wav,3.75,0.957427108,0.938278566,4
30530071_MinPolqaSfbRecording_cut.wav,3.25,0.957427108,0.938278566,4
30475536_MinPolqaSfbRecording_cut.wav,3.5,0.577350269,0.565803264,4
30249548_MinPolqaSfbRecording_cut.wav,2.25,0.957427108,0.938278566,4
30092698_MinPolqaSfbRecording_cut.wav,2.25,0.957427108,0.938278566,4
29542813_MinPolqaSfbRecording_cut.wav,2.5,0.577350269,0.565803264,4
28942991_MinPolqaSfbRecording_cut.wav,4.0,0.816496581,0.800166649,4
30424786_MinPolqaSfbRecording_cut.wav,4.0,0.816496581,0.800166649,4
28149006_MinPolqaSfbRecording_cut.wav,3.5,0.577350269,0.565803264,4
29541888_MinPolqaSfbRecording_cut.wav,3.75,0.5,0.49,4
30514643_MinPolqaSfbRecording_cut.wav,2.25,1.5,1.47,4
30478548_MinPolqaSfbRecording_cut.wav,2.25,1.258305739,1.233139624,4
30108262_MinPolqaSfbRecording_cut.wav,3.25,0.5,0.49,4
29530154_MinPolqaSfbRecording_cut.wav,3.0,0.816496581,0.800166649,4
29533246_MinPolqaSfbRecording_cut.wav,2.75,0.5,0.49,4
30490889_MinPolqaSfbRecording_cut.wav,2.5,1.290994449,1.26517456,4
28271832_MinPolqaSfbRecording_cut.wav,4.0,1.224744871,1.073536213,5
30467978_MinPolqaSfbRecording_cut.wav,2.8,0.447213595,0.392,5
30491112_MinPolqaSfbRecording_cut.wav,1.4,0.547722558,0.48009999,5
30439671_MinPolqaSfbRecording_cut.wav,2.0,0.0,0.0,5
29543038_MinPolqaSfbRecording_cut.wav,2.2,1.095445115,0.960199979,5
27867508_MinPolqaSfbRecording_cut.wav,3.4,0.894427191,0.784,5
30403862_MinPolqaSfbRecording_cut.wav,3.0,0.707106781,0.619806421,5
28168018_MinPolqaSfbRecording_cut.wav,4.0,0.0,0.0,5
30157009_MinPolqaSfbRecording_cut.wav,3.6,0.547722558,0.48009999,5
27761228_MinPolqaSfbRecording_cut.wav,3.0,0.0,0.0,5
30090952_MinPolqaSfbRecording_cut.wav,3.8,0.447213595,0.392,5
30403871_MinPolqaSfbRecording_cut.wav,2.6,0.894427191,0.784,5
28774966_MinPolqaSfbRecording_cut.wav,2.6,0.894427191,0.784,5
30135653_MinPolqaSfbRecording_cut.wav,4.0,0.0,0.0,5
30480244_MinPolqaSfbRecording_cut.wav,3.2,0.447213595,0.392,5
30176858_MinPolqaSfbRecording_cut.wav,2.4,0.894427191,0.784,5
30128780_MinPolqaSfbRecording_cut.wav,3.0,1.224744871,1.073536213,5
30444023_MinPolqaSfbRecording_cut.wav,3.4,0.547722558,0.48009999,5
28901906_MinPolqaSfbRecording_cut.wav,4.0,0.707106781,0.619806421,5
30143238_MinPolqaSfbRecording_cut.wav,2.2,0.836660027,0.733364848,5
30135892_MinPolqaSfbRecording_cut.wav,2.0,1.0,0.876538647,5
28258028_MinPolqaSfbRecording_cut.wav,3.2,0.447213595,0.392,5
30092165_MinPolqaSfbRecording_cut.wav,3.8,0.836660027,0.733364848,5
30133620_MinPolqaSfbRecording_cut.wav,3.2,0.447213595,0.392,5
29024619_MinPolqaSfbRecording_cut.wav,4.0,0.707106781,0.619806421,5
30164209_MinPolqaSfbRecording_cut.wav,4.6,0.547722558,0.48009999,5
30160636_MinPolqaSfbRecording_cut.wav,2.5,1.0,0.98,4
28541050_MinPolqaSfbRecording_cut.wav,3.5,1.290994449,1.26517456,4
30520375_MinPolqaSfbRecording_cut.wav,3.25,1.5,1.47,4
29541855_MinPolqaSfbRecording_cut.wav,3.25,0.957427108,0.938278566,4
30145618_MinPolqaSfbRecording_cut.wav,3.0,0.816496581,0.800166649,4
28737347_MinPolqaSfbRecording_cut.wav,4.25,0.5,0.49,4
30120869_MinPolqaSfbRecording_cut.wav,4.0,1.414213562,1.385929291,4
30409021_MinPolqaSfbRecording_cut.wav,2.25,1.892969449,1.85511006,4
30451680_MinPolqaSfbRecording_cut.wav,2.0,1.154700538,1.131606528,4
30123916_MinPolqaSfbRecording_cut.wav,2.25,0.957427108,0.938278566,4
28062710_MinPolqaSfbRecording_cut.wav,3.25,0.957427108,0.938278566,4
30520669_MinPolqaSfbRecording_cut.wav,2.25,1.5,1.47,4
30090442_MinPolqaSfbRecording_cut.wav,2.5,0.577350269,0.565803264,4
30251758_MinPolqaSfbRecording_cut.wav,1.25,0.5,0.49,4
30428480_MinPolqaSfbRecording_cut.wav,2.5,1.0,0.98,4
30253689_MinPolqaSfbRecording_cut.wav,1.75,0.5,0.49,4
30453071_MinPolqaSfbRecording_cut.wav,3.75,0.5,0.49,4
30264148_MinPolqaSfbRecording_cut.wav,3.0,0.816496581,0.800166649,4
30070605_MinPolqaSfbRecording_cut.wav,1.25,0.5,0.49,4
30429991_MinPolqaSfbRecording_cut.wav,3.5,0.577350269,0.565803264,4
30466880_MinPolqaSfbRecording_cut.wav,3.0,0.0,0.0,4
30455654_MinPolqaSfbRecording_cut.wav,2.0,0.816496581,0.800166649,4
30429324_MinPolqaSfbRecording_cut.wav,4.0,0.816496581,0.800166649,4
30066700_MinPolqaSfbRecording_cut.wav,4.75,0.5,0.49,4
27767337_MinPolqaSfbRecording_cut.wav,4.0,0.816496581,0.800166649,4
30127258_MinPolqaSfbRecording_cut.wav,3.5,1.290994449,1.26517456,4
29027828_MinPolqaSfbRecording_cut.wav,3.75,0.957427108,0.938278566,4
27685472_MinPolqaSfbRecording_cut.wav,3.25,0.957427108,0.938278566,4
30106482_MinPolqaSfbRecording_cut.wav,3.25,0.5,0.49,4
27765179_MinPolqaSfbRecording_cut.wav,3.25,0.957427108,0.938278566,4
30491361_MinPolqaSfbRecording_cut.wav,2.75,0.5,0.49,4
30470643_MinPolqaSfbRecording_cut.wav,2.5,1.290994449,1.26517456,4
30104058_MinPolqaSfbRecording_cut.wav,4.0,0.816496581,0.800166649,4
30096452_MinPolqaSfbRecording_cut.wav,3.25,0.957427108,0.938278566,4
30076007_MinPolqaSfbRecording_cut.wav,2.0,0.816496581,0.800166649,4
30255291_MinPolqaSfbRecording_cut.wav,4.0,0.0,0.0,4
30429645_MinPolqaSfbRecording_cut.wav,2.25,1.258305739,1.233139624,4
30444068_MinPolqaSfbRecording_cut.wav,2.0,2.0,1.96,4
30150673_MinPolqaSfbRecording_cut.wav,3.25,1.258305739,1.233139624,4
30182257_MinPolqaSfbRecording_cut.wav,2.75,1.5,1.47,4
27688324_MinPolqaSfbRecording_cut.wav,3.75,0.957427108,0.938278566,4
27855163_MinPolqaSfbRecording_cut.wav,4.0,0.816496581,0.800166649,4
27840215_MinPolqaSfbRecording_cut.wav,3.5,1.290994449,1.26517456,4
30158167_MinPolqaSfbRecording_cut.wav,3.5,1.0,0.98,4
30192716_MinPolqaSfbRecording_cut.wav,3.25,0.957427108,0.938278566,4
29532232_MinPolqaSfbRecording_cut.wav,2.75,0.5,0.49,4
30076607_MinPolqaSfbRecording_cut.wav,3.5,0.577350269,0.565803264,4
28749087_MinPolqaSfbRecording_cut.wav,3.75,0.957427108,0.938278566,4
30214458_MinPolqaSfbRecording_cut.wav,3.25,0.957427108,0.938278566,4
30106384_MinPolqaSfbRecording_cut.wav,2.0,1.414213562,1.385929291,4
29537564_MinPolqaSfbRecording_cut.wav,3.75,0.5,0.49,4
30185890_MinPolqaSfbRecording_cut.wav,1.25,0.5,0.49,4
30109906_MinPolqaSfbRecording_cut.wav,2.25,0.5,0.49,4
30530164_MinPolqaSfbRecording_cut.wav,2.0,0.0,0.0,4
30453774_MinPolqaSfbRecording_cut.wav,3.25,0.5,0.49,4
30140977_MinPolqaSfbRecording_cut.wav,4.0,0.816496581,0.800166649,4
30095663_MinPolqaSfbRecording_cut.wav,1.75,0.5,0.49,4
30144418_MinPolqaSfbRecording_cut.wav,3.5,0.577350269,0.565803264,4
30120802_MinPolqaSfbRecording_cut.wav,3.0,0.816496581,0.800166649,4
30424456_MinPolqaSfbRecording_cut.wav,3.0,0.816496581,0.800166649,4
30403904_MinPolqaSfbRecording_cut.wav,3.25,0.5,0.49,4
30421177_MinPolqaSfbRecording_cut.wav,3.6,1.516575089,1.329336677,5
30440208_MinPolqaSfbRecording_cut.wav,2.4,1.140175425,0.999407825,5
30096978_MinPolqaSfbRecording_cut.wav,3.0,1.0,0.876538647,5
28585467_MinPolqaSfbRecording_cut.wav,4.2,0.836660027,0.733364848,5
30425358_MinPolqaSfbRecording_cut.wav,3.8,1.095445115,0.960199979,5
28116713_MinPolqaSfbRecording_cut.wav,4.0,1.0,0.876538647,5
30257487_MinPolqaSfbRecording_cut.wav,4.0,1.0,0.876538647,5
27951567_MinPolqaSfbRecording_cut.wav,4.2,0.836660027,0.733364848,5
30068722_MinPolqaSfbRecording_cut.wav,2.75,1.258305739,1.233139624,4
28656698_MinPolqaSfbRecording_cut.wav,4.0,0.0,0.0,4
30098087_MinPolqaSfbRecording_cut.wav,4.0,0.816496581,0.800166649,4
28583309_MinPolqaSfbRecording_cut.wav,4.25,0.5,0.49,4
30067518_MinPolqaSfbRecording_cut.wav,3.25,0.957427108,0.938278566,4
30097372_MinPolqaSfbRecording_cut.wav,3.25,0.5,0.49,4
29539711_MinPolqaSfbRecording_cut.wav,3.0,1.154700538,1.131606528,4
30262882_MinPolqaSfbRecording_cut.wav,4.0,0.816496581,0.800166649,4
29053283_MinPolqaSfbRecording_cut.wav,3.75,0.5,0.49,4
27864885_MinPolqaSfbRecording_cut.wav,4.0,,,1
30156582_MinPolqaSfbRecording_cut.wav,2.0,,,1
28014089_MinPolqaSfbRecording_cut.wav,3.0,,,1
28816995_MinPolqaSfbRecording_cut.wav,3.0,,,1
30135459_MinPolqaSfbRecording_cut.wav,2.0,,,1
28553409_MinPolqaSfbRecording_cut.wav,4.0,,,1
30164357_MinPolqaSfbRecording_cut.wav,1.0,,,1
30172799_MinPolqaSfbRecording_cut.wav,1.0,,,1
30099158_MinPolqaSfbRecording_cut.wav,3.0,,,1
30143809_MinPolqaSfbRecording_cut.wav,3.5,0.577350269,0.565803264,4
30513748_MinPolqaSfbRecording_cut.wav,3.0,0.816496581,0.800166649,4
30106871_MinPolqaSfbRecording_cut.wav,3.25,0.5,0.49,4
30514873_MinPolqaSfbRecording_cut.wav,2.5,1.290994449,1.26517456,4
30140706_MinPolqaSfbRecording_cut.wav,2.75,0.957427108,0.938278566,4
30171765_MinPolqaSfbRecording_cut.wav,3.5,0.577350269,0.565803264,4
30206043_MinPolqaSfbRecording_cut.wav,4.0,0.0,0.0,4
30078249_MinPolqaSfbRecording_cut.wav,2.333333333,0.577350269,0.653333333,3
27706066_MinPolqaSfbRecording_cut.wav,3.0,1.0,1.131606528,3
30415106_MinPolqaSfbRecording_cut.wav,4.333333333,0.577350269,0.653333333,3
30260673_MinPolqaSfbRecording_cut.wav,2.333333333,0.577350269,0.653333333,3
30145780_MinPolqaSfbRecording_cut.wav,1.666666667,0.577350269,0.653333333,3
30168601_MinPolqaSfbRecording_cut.wav,4.0,1.0,1.131606528,3
30482167_MinPolqaSfbRecording_cut.wav,3.333333333,0.577350269,0.653333333,3
29534451_MinPolqaSfbRecording_cut.wav,2.333333333,0.577350269,0.653333333,3
30172948_MinPolqaSfbRecording_cut.wav,2.0,1.414213562,1.385929291,4
30059565_MinPolqaSfbRecording_cut.wav,1.75,0.957427108,0.938278566,4
30174043_MinPolqaSfbRecording_cut.wav,4.0,1.414213562,1.385929291,4
30208369_MinPolqaSfbRecording_cut.wav,1.75,0.957427108,0.938278566,4
30213333_MinPolqaSfbRecording_cut.wav,3.75,1.258305739,1.233139624,4
30480090_MinPolqaSfbRecording_cut.wav,4.0,0.0,0.0,3
30261422_MinPolqaSfbRecording_cut.wav,2.666666667,0.577350269,0.653333333,3
30102797_MinPolqaSfbRecording_cut.wav,2.666666667,0.577350269,0.653333333,3
28493130_MinPolqaSfbRecording_cut.wav,4.0,1.0,1.131606528,3
28793602_MinPolqaSfbRecording_cut.wav,3.333333333,0.577350269,0.653333333,3
30193945_MinPolqaSfbRecording_cut.wav,2.333333333,0.577350269,0.653333333,3
30199097_MinPolqaSfbRecording_cut.wav,3.0,0.0,0.0,3
27572414_MinPolqaSfbRecording_cut.wav,3.4,0.894427191,0.784,5
30131719_MinPolqaSfbRecording_cut.wav,2.8,1.483239697,1.300116918,5
30076633_MinPolqaSfbRecording_cut.wav,3.6,0.894427191,0.784,5
30136578_MinPolqaSfbRecording_cut.wav,3.2,0.836660027,0.733364848,5
30113977_MinPolqaSfbRecording_cut.wav,3.2,1.303840481,1.142866571,5
28679887_MinPolqaSfbRecording_cut.wav,3.8,0.447213595,0.392,5
27695430_MinPolqaSfbRecording_cut.wav,3.2,0.836660027,0.733364848,5
30405353_MinPolqaSfbRecording_cut.wav,3.4,0.547722558,0.48009999,5
30252487_MinPolqaSfbRecording_cut.wav,3.0,1.224744871,1.073536213,5
28083403_MinPolqaSfbRecording_cut.wav,3.6,0.894427191,0.784,5
27948208_MinPolqaSfbRecording_cut.wav,3.8,0.836660027,0.733364848,5
30088803_MinPolqaSfbRecording_cut.wav,2.4,0.547722558,0.48009999,5
30251764_MinPolqaSfbRecording_cut.wav,2.4,1.140175425,0.999407825,5
30261918_MinPolqaSfbRecording_cut.wav,3.4,1.140175425,0.999407825,5
28461738_MinPolqaSfbRecording_cut.wav,2.8,0.836660027,0.733364848,5
30090040_MinPolqaSfbRecording_cut.wav,2.6,0.894427191,0.784,5
30203161_MinPolqaSfbRecording_cut.wav,2.8,1.303840481,1.142866571,5
30508374_MinPolqaSfbRecording_cut.wav,3.25,0.957427108,0.938278566,4
30257595_MinPolqaSfbRecording_cut.wav,3.5,1.0,0.98,4
30171556_MinPolqaSfbRecording_cut.wav,2.0,1.414213562,1.385929291,4
30182782_MinPolqaSfbRecording_cut.wav,1.75,0.957427108,0.938278566,4
28027838_MinPolqaSfbRecording_cut.wav,3.25,1.5,1.47,4
30108494_MinPolqaSfbRecording_cut.wav,3.0,0.816496581,0.800166649,4
30184761_MinPolqaSfbRecording_cut.wav,2.5,1.290994449,1.26517456,4
28181698_MinPolqaSfbRecording_cut.wav,4.5,0.577350269,0.565803264,4
30414093_MinPolqaSfbRecording_cut.wav,2.75,0.957427108,0.938278566,4
30162078_MinPolqaSfbRecording_cut.wav,3.666666667,0.577350269,0.653333333,3
30141192_MinPolqaSfbRecording_cut.wav,2.333333333,1.154700538,1.306666667,3
30425489_MinPolqaSfbRecording_cut.wav,1.666666667,1.154700538,1.306666667,3
27939388_MinPolqaSfbRecording_cut.wav,4.0,0.0,0.0,3
30523868_MinPolqaSfbRecording_cut.wav,2.333333333,0.577350269,0.653333333,3
28358494_MinPolqaSfbRecording_cut.wav,4.0,0.0,0.0,3
30211457_MinPolqaSfbRecording_cut.wav,3.666666667,0.577350269,0.653333333,3
30122768_MinPolqaSfbRecording_cut.wav,2.333333333,0.577350269,0.653333333,3
28669289_MinPolqaSfbRecording_cut.wav,4.333333333,0.577350269,0.653333333,3
30512032_MinPolqaSfbRecording_cut.wav,4.0,0.0,0.0,3
30406700_MinPolqaSfbRecording_cut.wav,2.8,0.836660027,0.733364848,5
29542590_MinPolqaSfbRecording_cut.wav,3.2,1.095445115,0.960199979,5
30263705_MinPolqaSfbRecording_cut.wav,2.4,1.949358869,1.708688386,5
29532216_MinPolqaSfbRecording_cut.wav,3.8,1.095445115,0.960199979,5
28346921_MinPolqaSfbRecording_cut.wav,4.2,0.447213595,0.392,5
30193715_MinPolqaSfbRecording_cut.wav,3.8,0.447213595,0.392,5
30072722_MinPolqaSfbRecording_cut.wav,3.6,0.894427191,0.784,5
30408243_MinPolqaSfbRecording_cut.wav,2.4,1.516575089,1.329336677,5
27757924_MinPolqaSfbRecording_cut.wav,4.0,1.414213562,1.96,2
30081663_MinPolqaSfbRecording_cut.wav,3.0,1.414213562,1.96,2
30260848_MinPolqaSfbRecording_cut.wav,3.0,1.414213562,1.96,2
28233090_MinPolqaSfbRecording_cut.wav,3.5,2.121320344,2.94,2
30082112_MinPolqaSfbRecording_cut.wav,3.5,2.121320344,2.94,2
30500355_MinPolqaSfbRecording_cut.wav,3.0,1.414213562,1.96,2
30212161_MinPolqaSfbRecording_cut.wav,2.5,2.121320344,2.94,2
30142309_MinPolqaSfbRecording_cut.wav,3.0,2.828427125,3.92,2
30449461_MinPolqaSfbRecording_cut.wav,2.0,1.0,0.876538647,5
30185003_MinPolqaSfbRecording_cut.wav,2.4,1.140175425,0.999407825,5
30102878_MinPolqaSfbRecording_cut.wav,3.8,0.447213595,0.392,5
30442117_MinPolqaSfbRecording_cut.wav,4.4,0.547722558,0.48009999,5
30502290_MinPolqaSfbRecording_cut.wav,1.8,0.836660027,0.733364848,5
27863255_MinPolqaSfbRecording_cut.wav,3.6,0.894427191,0.784,5
27654595_MinPolqaSfbRecording_cut.wav,4.2,0.836660027,0.733364848,5
28140959_MinPolqaSfbRecording_cut.wav,3.6,0.894427191,0.784,5
29065020_MinPolqaSfbRecording_cut.wav,4.4,0.894427191,0.784,5
28049522_MinPolqaSfbRecording_cut.wav,3.0,0.707106781,0.619806421,5
30255136_MinPolqaSfbRecording_cut.wav,3.8,0.447213595,0.392,5
28146475_MinPolqaSfbRecording_cut.wav,4.4,0.547722558,0.48009999,5
30522611_MinPolqaSfbRecording_cut.wav,3.0,0.707106781,0.619806421,5
30259783_MinPolqaSfbRecording_cut.wav,2.8,0.836660027,0.733364848,5
30097417_MinPolqaSfbRecording_cut.wav,2.4,0.894427191,0.784,5
27775708_MinPolqaSfbRecording_cut.wav,4.8,0.447213595,0.392,5
30067043_MinPolqaSfbRecording_cut.wav,2.6,1.140175425,0.999407825,5
28460550_MinPolqaSfbRecording_cut.wav,4.6,0.547722558,0.48009999,5
30061404_MinPolqaSfbRecording_cut.wav,2.4,0.547722558,0.48009999,5
30488598_MinPolqaSfbRecording_cut.wav,3.0,0.0,0.0,2
30470284_MinPolqaSfbRecording_cut.wav,2.5,0.707106781,0.98,2
30122170_MinPolqaSfbRecording_cut.wav,3.0,0.0,0.0,2
30195637_MinPolqaSfbRecording_cut.wav,3.0,1.414213562,1.96,2
30151177_MinPolqaSfbRecording_cut.wav,1.5,0.707106781,0.98,2
30483577_MinPolqaSfbRecording_cut.wav,2.0,0.0,0.0,2
30460689_MinPolqaSfbRecording_cut.wav,2.5,0.707106781,0.98,2
28500482_MinPolqaSfbRecording_cut.wav,4.5,0.707106781,0.98,2
29538201_MinPolqaSfbRecording_cut.wav,3.5,0.707106781,0.98,2
30090452_MinPolqaSfbRecording_cut.wav,3.5,0.707106781,0.98,2
30079459_MinPolqaSfbRecording_cut.wav,2.5,0.707106781,0.98,2
29537280_MinPolqaSfbRecording_cut.wav,2.5,0.707106781,0.98,2
30410072_MinPolqaSfbRecording_cut.wav,1.0,0.0,0.0,2
30183748_MinPolqaSfbRecording_cut.wav,2.0,0.0,0.0,2
30207898_MinPolqaSfbRecording_cut.wav,2.0,1.414213562,1.96,2
30429319_MinPolqaSfbRecording_cut.wav,3.8,0.836660027,0.733364848,5
30167399_MinPolqaSfbRecording_cut.wav,2.2,1.095445115,0.960199979,5
30124640_MinPolqaSfbRecording_cut.wav,2.4,1.140175425,0.999407825,5
30469068_MinPolqaSfbRecording_cut.wav,3.4,0.547722558,0.48009999,5
30456122_MinPolqaSfbRecording_cut.wav,2.6,1.516575089,1.329336677,5
30072723_MinPolqaSfbRecording_cut.wav,2.6,1.140175425,0.999407825,5
29538186_MinPolqaSfbRecording_cut.wav,2.0,0.0,0.0,2
30483590_MinPolqaSfbRecording_cut.wav,3.0,0.0,0.0,2
30481903_MinPolqaSfbRecording_cut.wav,3.5,0.707106781,0.98,2
27756111_MinPolqaSfbRecording_cut.wav,4.0,0.0,0.0,2
30097274_MinPolqaSfbRecording_cut.wav,2.5,2.121320344,2.94,2
30119121_MinPolqaSfbRecording_cut.wav,3.5,0.707106781,0.98,2
30259813_MinPolqaSfbRecording_cut.wav,3.5,0.707106781,0.98,2
30117020_MinPolqaSfbRecording_cut.wav,4.0,1.414213562,1.96,2
30198951_MinPolqaSfbRecording_cut.wav,3.5,0.707106781,0.98,2
30511053_MinPolqaSfbRecording_cut.wav,3.0,0.0,0.0,3
30528224_MinPolqaSfbRecording_cut.wav,3.0,0.0,0.0,3
30521039_MinPolqaSfbRecording_cut.wav,3.666666667,0.577350269,0.653333333,3
28845220_MinPolqaSfbRecording_cut.wav,4.0,0.0,0.0,3
30113920_MinPolqaSfbRecording_cut.wav,3.0,1.0,1.131606528,3
28088242_MinPolqaSfbRecording_cut.wav,3.333333333,1.154700538,1.306666667,3
30213716_MinPolqaSfbRecording_cut.wav,3.666666667,0.577350269,0.653333333,3
28644263_MinPolqaSfbRecording_cut.wav,3.333333333,0.577350269,0.653333333,3
30500432_MinPolqaSfbRecording_cut.wav,3.6,0.894427191,0.784,5
27658657_MinPolqaSfbRecording_cut.wav,4.6,0.547722558,0.48009999,5
30163219_MinPolqaSfbRecording_cut.wav,3.2,1.303840481,1.142866571,5
28130105_MinPolqaSfbRecording_cut.wav,4.6,0.547722558,0.48009999,5
28819148_MinPolqaSfbRecording_cut.wav,3.8,0.836660027,0.733364848,5
30095296_MinPolqaSfbRecording_cut.wav,2.8,1.095445115,0.960199979,5
30472005_MinPolqaSfbRecording_cut.wav,3.2,0.836660027,0.733364848,5
27948741_MinPolqaSfbRecording_cut.wav,4.6,0.547722558,0.48009999,5
30470065_MinPolqaSfbRecording_cut.wav,1.6,0.894427191,0.784,5
27648651_MinPolqaSfbRecording_cut.wav,4.0,1.0,1.131606528,3
30157563_MinPolqaSfbRecording_cut.wav,4.0,1.0,1.131606528,3
30107236_MinPolqaSfbRecording_cut.wav,2.666666667,1.527525232,1.728557523,3
29535372_MinPolqaSfbRecording_cut.wav,3.0,0.0,0.0,3
29532386_MinPolqaSfbRecording_cut.wav,3.333333333,0.577350269,0.653333333,3
30467652_MinPolqaSfbRecording_cut.wav,2.333333333,1.527525232,1.728557523,3
30200736_MinPolqaSfbRecording_cut.wav,2.666666667,1.154700538,1.306666667,3
30467977_MinPolqaSfbRecording_cut.wav,2.0,1.0,1.131606528,3
30482116_MinPolqaSfbRecording_cut.wav,2.333333333,0.577350269,0.653333333,3
30174561_MinPolqaSfbRecording_cut.wav,2.333333333,1.527525232,1.728557523,3
27793513_MinPolqaSfbRecording_cut.wav,3.8,0.836660027,0.733364848,5
30207724_MinPolqaSfbRecording_cut.wav,4.2,0.447213595,0.392,5
30502610_MinPolqaSfbRecording_cut.wav,3.8,0.447213595,0.392,5
30078500_MinPolqaSfbRecording_cut.wav,2.4,0.547722558,0.48009999,5
30514114_MinPolqaSfbRecording_cut.wav,2.6,0.547722558,0.48009999,5
30450160_MinPolqaSfbRecording_cut.wav,2.2,0.836660027,0.733364848,5
30068951_MinPolqaSfbRecording_cut.wav,3.2,0.447213595,0.392,5
30159864_MinPolqaSfbRecording_cut.wav,1.6,0.547722558,0.48009999,5
30085811_MinPolqaSfbRecording_cut.wav,1.8,0.836660027,0.733364848,5
30105881_MinPolqaSfbRecording_cut.wav,2.0,1.0,1.131606528,3
30428501_MinPolqaSfbRecording_cut.wav,3.333333333,2.081665999,2.355626833,3
30164408_MinPolqaSfbRecording_cut.wav,3.666666667,0.577350269,0.653333333,3
30078517_MinPolqaSfbRecording_cut.wav,2.0,1.0,1.131606528,3
30079419_MinPolqaSfbRecording_cut.wav,3.0,1.0,1.131606528,3
30523204_MinPolqaSfbRecording_cut.wav,1.333333333,0.577350269,0.653333333,3
30127423_MinPolqaSfbRecording_cut.wav,1.333333333,0.577350269,0.653333333,3
30183699_MinPolqaSfbRecording_cut.wav,4.0,0.0,0.0,3
30145185_MinPolqaSfbRecording_cut.wav,3.0,1.0,1.131606528,3
27920593_MinPolqaSfbRecording_cut.wav,4.0,1.0,1.131606528,3
27941145_MinPolqaSfbRecording_cut.wav,4.666666667,0.577350269,0.653333333,3
30210550_MinPolqaSfbRecording_cut.wav,3.333333333,1.527525232,1.728557523,3
27732213_MinPolqaSfbRecording_cut.wav,4.333333333,1.154700538,1.306666667,3
30091715_MinPolqaSfbRecording_cut.wav,2.666666667,2.081665999,2.355626833,3
30151581_MinPolqaSfbRecording_cut.wav,2.666666667,1.154700538,1.306666667,3
30209320_MinPolqaSfbRecording_cut.wav,3.666666667,1.154700538,1.306666667,3
30503119_MinPolqaSfbRecording_cut.wav,2.0,1.732050808,1.96,3
30479597_MinPolqaSfbRecording_cut.wav,3.333333333,0.577350269,0.653333333,3
29535357_MinPolqaSfbRecording_cut.wav,2.0,1.732050808,1.96,3
30487564_MinPolqaSfbRecording_cut.wav,3.0,0.0,0.0,3
30065694_MinPolqaSfbRecording_cut.wav,2.333333333,0.577350269,0.653333333,3
28858219_MinPolqaSfbRecording_cut.wav,4.0,1.0,1.131606528,3
30195080_MinPolqaSfbRecording_cut.wav,4.0,0.0,0.0,3
27765129_MinPolqaSfbRecording_cut.wav,4.0,1.0,1.131606528,3
28451777_MinPolqaSfbRecording_cut.wav,4.0,1.0,1.131606528,3
27660213_MinPolqaSfbRecording_cut.wav,4.333333333,1.154700538,1.306666667,3
30429108_MinPolqaSfbRecording_cut.wav,3.0,1.0,1.131606528,3
30461003_MinPolqaSfbRecording_cut.wav,2.333333333,1.527525232,1.728557523,3
30117708_MinPolqaSfbRecording_cut.wav,4.333333333,0.577350269,0.653333333,3
30185898_MinPolqaSfbRecording_cut.wav,3.666666667,0.577350269,0.653333333,3
28671471_MinPolqaSfbRecording_cut.wav,3.333333333,0.577350269,0.653333333,3
30458719_MinPolqaSfbRecording_cut.wav,2.0,1.0,1.131606528,3
30095885_MinPolqaSfbRecording_cut.wav,2.0,1.0,1.131606528,3
27723369_MinPolqaSfbRecording_cut.wav,3.666666667,0.577350269,0.653333333,3
30455870_MinPolqaSfbRecording_cut.wav,4.0,0.0,0.0,3
30151712_MinPolqaSfbRecording_cut.wav,3.0,0.0,0.0,2
30076116_MinPolqaSfbRecording_cut.wav,4.0,0.0,0.0,2
30158121_MinPolqaSfbRecording_cut.wav,2.5,0.707106781,0.98,2
30486098_MinPolqaSfbRecording_cut.wav,4.0,0.0,0.0,2
30166027_MinPolqaSfbRecording_cut.wav,3.0,0.0,0.0,2
30103288_MinPolqaSfbRecording_cut.wav,3.5,0.707106781,0.98,2
30439936_MinPolqaSfbRecording_cut.wav,3.5,0.707106781,0.98,2
30106176_MinPolqaSfbRecording_cut.wav,3.0,1.414213562,1.96,2
30202558_MinPolqaSfbRecording_cut.wav,4.0,0.0,0.0,2
30110143_MinPolqaSfbRecording_cut.wav,2.75,0.957427108,0.938278566,4
30424873_MinPolqaSfbRecording_cut.wav,3.0,0.816496581,0.800166649,4
30522520_MinPolqaSfbRecording_cut.wav,2.0,0.816496581,0.800166649,4
30450622_MinPolqaSfbRecording_cut.wav,1.5,1.0,0.98,4
30107010_MinPolqaSfbRecording_cut.wav,2.0,1.414213562,1.385929291,4
30068736_MinPolqaSfbRecording_cut.wav,2.25,1.258305739,1.233139624,4
30466257_MinPolqaSfbRecording_cut.wav,3.5,1.290994449,1.26517456,4
30165248_MinPolqaSfbRecording_cut.wav,4.0,1.414213562,1.385929291,4
30068691_MinPolqaSfbRecording_cut.wav,2.75,1.258305739,1.233139624,4
29538087_MinPolqaSfbRecording_cut.wav,2.0,0.707106781,0.619806421,5
30130946_MinPolqaSfbRecording_cut.wav,2.4,1.140175425,0.999407825,5
30491786_MinPolqaSfbRecording_cut.wav,2.0,0.707106781,0.619806421,5
30522677_MinPolqaSfbRecording_cut.wav,1.6,0.894427191,0.784,5
30511215_MinPolqaSfbRecording_cut.wav,3.4,0.894427191,0.784,5
30424552_MinPolqaSfbRecording_cut.wav,2.6,1.140175425,0.999407825,5
30213659_MinPolqaSfbRecording_cut.wav,2.6,0.894427191,0.784,5
29533444_MinPolqaSfbRecording_cut.wav,2.6,0.547722558,0.48009999,5
30089157_MinPolqaSfbRecording_cut.wav,3.0,1.0,0.876538647,5
30404600_MinPolqaSfbRecording_cut.wav,1.75,0.5,0.49,4
28789697_MinPolqaSfbRecording_cut.wav,4.0,0.0,0.0,4
30104108_MinPolqaSfbRecording_cut.wav,3.25,0.5,0.49,4
27926028_MinPolqaSfbRecording_cut.wav,4.25,0.5,0.49,4
30496548_MinPolqaSfbRecording_cut.wav,2.5,1.290994449,1.26517456,4
30109704_MinPolqaSfbRecording_cut.wav,2.0,0.816496581,0.800166649,4
29017272_MinPolqaSfbRecording_cut.wav,5.0,0.0,0.0,4
30447421_MinPolqaSfbRecording_cut.wav,3.5,1.0,0.98,4
30430751_MinPolqaSfbRecording_cut.wav,1.75,0.957427108,0.938278566,4
30136162_MinPolqaSfbRecording_cut.wav,3.333333333,2.081665999,2.355626833,3
30069064_MinPolqaSfbRecording_cut.wav,3.0,1.0,1.131606528,3
27659473_MinPolqaSfbRecording_cut.wav,2.666666667,0.577350269,0.653333333,3
30067339_MinPolqaSfbRecording_cut.wav,3.666666667,0.577350269,0.653333333,3
29556405_MinPolqaSfbRecording_cut.wav,3.0,1.732050808,1.96,3
30251725_MinPolqaSfbRecording_cut.wav,4.0,1.0,1.131606528,3
30121363_MinPolqaSfbRecording_cut.wav,3.333333333,1.527525232,1.728557523,3
30261561_MinPolqaSfbRecording_cut.wav,3.666666667,1.527525232,1.728557523,3
30447366_MinPolqaSfbRecording_cut.wav,3.0,1.732050808,1.96,3
28858937_MinPolqaSfbRecording_cut.wav,5.0,0.0,0.0,3
28892638_MinPolqaSfbRecording_cut.wav,4.333333333,0.577350269,0.653333333,3
30177026_MinPolqaSfbRecording_cut.wav,3.666666667,2.309401077,2.613333333,3
30154828_MinPolqaSfbRecording_cut.wav,4.333333333,0.577350269,0.653333333,3
27511751_MinPolqaSfbRecording_cut.wav,4.666666667,0.577350269,0.653333333,3
28166588_MinPolqaSfbRecording_cut.wav,5.0,0.0,0.0,3
28344089_MinPolqaSfbRecording_cut.wav,4.333333333,1.154700538,1.306666667,3
30129670_MinPolqaSfbRecording_cut.wav,4.0,1.0,1.131606528,3
30207826_MinPolqaSfbRecording_cut.wav,4.0,0.0,0.0,3
30483418_MinPolqaSfbRecording_cut.wav,2.25,0.957427108,0.938278566,4
30482057_MinPolqaSfbRecording_cut.wav,3.5,0.577350269,0.565803264,4
30142984_MinPolqaSfbRecording_cut.wav,2.75,0.5,0.49,4
30260581_MinPolqaSfbRecording_cut.wav,3.5,1.0,0.98,4
30118511_MinPolqaSfbRecording_cut.wav,4.0,0.816496581,0.800166649,4
30134108_MinPolqaSfbRecording_cut.wav,2.75,0.5,0.49,4
30124968_MinPolqaSfbRecording_cut.wav,3.0,1.154700538,1.131606528,4
28777553_MinPolqaSfbRecording_cut.wav,4.2,0.447213595,0.392,5
30200956_MinPolqaSfbRecording_cut.wav,3.0,1.414213562,1.239612843,5
27835286_MinPolqaSfbRecording_cut.wav,3.8,0.836660027,0.733364848,5
30105166_MinPolqaSfbRecording_cut.wav,4.0,0.707106781,0.619806421,5
30529202_MinPolqaSfbRecording_cut.wav,3.8,0.836660027,0.733364848,5
30254599_MinPolqaSfbRecording_cut.wav,2.6,0.894427191,0.784,5
30262429_MinPolqaSfbRecording_cut.wav,2.8,1.303840481,1.142866571,5
30156654_MinPolqaSfbRecording_cut.wav,2.8,1.303840481,1.142866571,5
30141483_MinPolqaSfbRecording_cut.wav,3.4,0.547722558,0.48009999,5
30197550_MinPolqaSfbRecording_cut.wav,3.5,0.577350269,0.565803264,4
28989663_MinPolqaSfbRecording_cut.wav,4.0,0.0,0.0,4
30069684_MinPolqaSfbRecording_cut.wav,2.0,1.154700538,1.131606528,4
30192999_MinPolqaSfbRecording_cut.wav,3.75,0.5,0.49,4
30200818_MinPolqaSfbRecording_cut.wav,3.0,1.414213562,1.385929291,4
30107343_MinPolqaSfbRecording_cut.wav,2.0,1.154700538,1.131606528,4
30197944_MinPolqaSfbRecording_cut.wav,3.5,0.577350269,0.565803264,4
27808539_MinPolqaSfbRecording_cut.wav,3.25,0.5,0.49,4
27765668_MinPolqaSfbRecording_cut.wav,3.25,0.957427108,0.938278566,4
30069790_MinPolqaSfbRecording_cut.wav,2.5,0.577350269,0.565803264,4
28365763_MinPolqaSfbRecording_cut.wav,3.75,0.957427108,0.938278566,4
30474124_MinPolqaSfbRecording_cut.wav,1.75,0.5,0.49,4
30456927_MinPolqaSfbRecording_cut.wav,2.75,0.5,0.49,4
30259609_MinPolqaSfbRecording_cut.wav,2.0,0.816496581,0.800166649,4
30258779_MinPolqaSfbRecording_cut.wav,1.5,0.577350269,0.565803264,4
29032651_MinPolqaSfbRecording_cut.wav,2.5,0.577350269,0.565803264,4
27911017_MinPolqaSfbRecording_cut.wav,3.75,0.957427108,0.938278566,4
30213973_MinPolqaSfbRecording_cut.wav,2.5,1.290994449,1.26517456,4
27743339_MinPolqaSfbRecording_cut.wav,4.5,0.577350269,0.565803264,4
27857579_MinPolqaSfbRecording_cut.wav,4.0,1.414213562,1.385929291,4
30100326_MinPolqaSfbRecording_cut.wav,4.0,0.0,0.0,4
30169097_MinPolqaSfbRecording_cut.wav,4.0,0.816496581,0.800166649,4
28434559_MinPolqaSfbRecording_cut.wav,4.25,0.957427108,0.938278566,4
28286568_MinPolqaSfbRecording_cut.wav,4.5,0.577350269,0.565803264,4
30124258_MinPolqaSfbRecording_cut.wav,4.0,1.414213562,1.385929291,4
28451784_MinPolqaSfbRecording_cut.wav,3.75,0.957427108,0.938278566,4
30475608_MinPolqaSfbRecording_cut.wav,4.0,0.816496581,0.800166649,4
27984077_MinPolqaSfbRecording_cut.wav,3.5,1.290994449,1.26517456,4
30090478_MinPolqaSfbRecording_cut.wav,2.25,0.957427108,0.938278566,4
30446666_MinPolqaSfbRecording_cut.wav,3.25,0.957427108,0.938278566,4
30104133_MinPolqaSfbRecording_cut.wav,2.75,0.957427108,0.938278566,4
30521046_MinPolqaSfbRecording_cut.wav,3.5,1.290994449,1.26517456,4
30484457_MinPolqaSfbRecording_cut.wav,3.5,1.0,0.98,4
30195699_MinPolqaSfbRecording_cut.wav,3.25,1.258305739,1.233139624,4
30091329_MinPolqaSfbRecording_cut.wav,2.75,0.957427108,0.938278566,4
28934332_MinPolqaSfbRecording_cut.wav,4.2,0.836660027,0.733364848,5
30511049_MinPolqaSfbRecording_cut.wav,3.4,0.547722558,0.48009999,5
30101208_MinPolqaSfbRecording_cut.wav,3.2,0.836660027,0.733364848,5
30150698_MinPolqaSfbRecording_cut.wav,3.6,0.547722558,0.48009999,5
30204822_MinPolqaSfbRecording_cut.wav,4.6,0.547722558,0.48009999,5
28525967_MinPolqaSfbRecording_cut.wav,4.2,0.836660027,0.733364848,5
30423214_MinPolqaSfbRecording_cut.wav,3.0,1.224744871,1.073536213,5
30112874_MinPolqaSfbRecording_cut.wav,3.6,0.894427191,0.784,5
30200549_MinPolqaSfbRecording_cut.wav,3.8,0.836660027,0.733364848,5
30205862_MinPolqaSfbRecording_cut.wav,3.8,0.447213595,0.392,5
28305116_MinPolqaSfbRecording_cut.wav,4.0,0.707106781,0.619806421,5
30130881_MinPolqaSfbRecording_cut.wav,4.2,0.447213595,0.392,5
29538864_MinPolqaSfbRecording_cut.wav,2.4,0.894427191,0.784,5
27743357_MinPolqaSfbRecording_cut.wav,4.0,0.707106781,0.619806421,5
29017024_MinPolqaSfbRecording_cut.wav,4.2,0.836660027,0.733364848,5
30422139_MinPolqaSfbRecording_cut.wav,3.0,1.0,0.876538647,5
30202312_MinPolqaSfbRecording_cut.wav,4.25,0.5,0.49,4
30130220_MinPolqaSfbRecording_cut.wav,4.25,0.957427108,0.938278566,4
28633594_MinPolqaSfbRecording_cut.wav,4.25,0.957427108,0.938278566,4
30205392_MinPolqaSfbRecording_cut.wav,3.75,1.258305739,1.233139624,4
28181735_MinPolqaSfbRecording_cut.wav,4.25,0.5,0.49,4
30428542_MinPolqaSfbRecording_cut.wav,3.75,0.957427108,0.938278566,4
30519983_MinPolqaSfbRecording_cut.wav,3.25,1.5,1.47,4
28481440_MinPolqaSfbRecording_cut.wav,4.75,0.5,0.49,4
30483629_MinPolqaSfbRecording_cut.wav,2.75,1.258305739,1.233139624,4
30111955_MinPolqaSfbRecording_cut.wav,3.5,1.290994449,1.26517456,4
28718354_MinPolqaSfbRecording_cut.wav,4.0,1.0,1.131606528,3
30096229_MinPolqaSfbRecording_cut.wav,4.666666667,0.577350269,0.653333333,3
30482600_MinPolqaSfbRecording_cut.wav,3.333333333,1.154700538,1.306666667,3
30154930_MinPolqaSfbRecording_cut.wav,3.333333333,2.081665999,2.355626833,3
30430318_MinPolqaSfbRecording_cut.wav,3.333333333,2.081665999,2.355626833,3
28153570_MinPolqaSfbRecording_cut.wav,3.666666667,0.577350269,0.653333333,3
27562499_MinPolqaSfbRecording_cut.wav,3.666666667,1.154700538,1.306666667,3
30113506_MinPolqaSfbRecording_cut.wav,3.666666667,0.577350269,0.653333333,3
30428543_MinPolqaSfbRecording_cut.wav,3.5,0.577350269,0.565803264,4
28857841_MinPolqaSfbRecording_cut.wav,4.5,0.577350269,0.565803264,4
30484909_MinPolqaSfbRecording_cut.wav,2.75,0.957427108,0.938278566,4
30439181_MinPolqaSfbRecording_cut.wav,1.0,0.0,0.0,4
30210386_MinPolqaSfbRecording_cut.wav,3.0,0.816496581,0.800166649,4
28643159_MinPolqaSfbRecording_cut.wav,3.25,0.5,0.49,4
30497458_MinPolqaSfbRecording_cut.wav,4.0,0.816496581,0.800166649,4
30446851_MinPolqaSfbRecording_cut.wav,3.75,0.5,0.49,4
30109522_MinPolqaSfbRecording_cut.wav,3.5,0.577350269,0.565803264,4
30185049_MinPolqaSfbRecording_cut.wav,3.75,0.5,0.49,4
30175095_MinPolqaSfbRecording_cut.wav,4.0,0.816496581,0.800166649,4
30256231_MinPolqaSfbRecording_cut.wav,2.5,1.0,0.98,4
30483405_MinPolqaSfbRecording_cut.wav,4.25,0.957427108,0.938278566,4
28689703_MinPolqaSfbRecording_cut.wav,4.25,0.957427108,0.938278566,4
27803660_MinPolqaSfbRecording_cut.wav,4.25,0.5,0.49,4
30101229_MinPolqaSfbRecording_cut.wav,3.0,0.816496581,0.800166649,4
30142688_MinPolqaSfbRecording_cut.wav,4.25,0.957427108,0.938278566,4
30255277_MinPolqaSfbRecording_cut.wav,3.0,0.816496581,0.800166649,4
30083568_MinPolqaSfbRecording_cut.wav,4.75,0.5,0.49,4
30249896_MinPolqaSfbRecording_cut.wav,3.5,0.707106781,0.98,2
28787558_MinPolqaSfbRecording_cut.wav,3.0,1.414213562,1.96,2
28210224_MinPolqaSfbRecording_cut.wav,4.0,1.414213562,1.96,2
30510178_MinPolqaSfbRecording_cut.wav,2.0,0.0,0.0,2
30090886_MinPolqaSfbRecording_cut.wav,3.5,0.707106781,0.98,2
28830530_MinPolqaSfbRecording_cut.wav,4.0,0.0,0.0,2
30210859_MinPolqaSfbRecording_cut.wav,2.5,0.707106781,0.98,2
28450730_MinPolqaSfbRecording_cut.wav,3.5,0.707106781,0.98,2
30148172_MinPolqaSfbRecording_cut.wav,1.5,0.707106781,0.98,2
30512508_MinPolqaSfbRecording_cut.wav,1.333333333,0.577350269,0.653333333,3
30126369_MinPolqaSfbRecording_cut.wav,2.333333333,0.577350269,0.653333333,3
28435799_MinPolqaSfbRecording_cut.wav,4.0,1.0,1.131606528,3
28260458_MinPolqaSfbRecording_cut.wav,4.333333333,1.154700538,1.306666667,3
30120871_MinPolqaSfbRecording_cut.wav,3.666666667,0.577350269,0.653333333,3
30260026_MinPolqaSfbRecording_cut.wav,1.666666667,1.154700538,1.306666667,3
28177936_MinPolqaSfbRecording_cut.wav,3.333333333,1.154700538,1.306666667,3
28082967_MinPolqaSfbRecording_cut.wav,3.666666667,0.577350269,0.653333333,3
30527984_MinPolqaSfbRecording_cut.wav,2.666666667,1.154700538,1.306666667,3
30096774_MinPolqaSfbRecording_cut.wav,2.8,1.303840481,1.142866571,5
30480811_MinPolqaSfbRecording_cut.wav,2.8,1.095445115,0.960199979,5
30113171_MinPolqaSfbRecording_cut.wav,1.6,0.547722558,0.48009999,5
30082120_MinPolqaSfbRecording_cut.wav,2.2,0.836660027,0.733364848,5
30120764_MinPolqaSfbRecording_cut.wav,2.0,0.707106781,0.619806421,5
30446066_MinPolqaSfbRecording_cut.wav,2.0,0.707106781,0.619806421,5
30171725_MinPolqaSfbRecording_cut.wav,3.0,1.224744871,1.073536213,5
30097270_MinPolqaSfbRecording_cut.wav,3.2,1.095445115,0.960199979,5
30062222_MinPolqaSfbRecording_cut.wav,2.4,1.140175425,0.999407825,5
30105302_MinPolqaSfbRecording_cut.wav,3.0,0.707106781,0.619806421,5
30145235_MinPolqaSfbRecording_cut.wav,3.4,1.341640786,1.176,5
28178451_MinPolqaSfbRecording_cut.wav,3.8,0.447213595,0.392,5
30155454_MinPolqaSfbRecording_cut.wav,3.4,0.894427191,0.784,5
29533247_MinPolqaSfbRecording_cut.wav,2.8,1.095445115,0.960199979,5
30209661_MinPolqaSfbRecording_cut.wav,2.4,1.140175425,0.999407825,5
27138272_MinPolqaSfbRecording_cut.wav,3.4,0.894427191,0.784,5
28324504_MinPolqaSfbRecording_cut.wav,3.0,0.707106781,0.619806421,5
30105727_MinPolqaSfbRecording_cut.wav,3.0,0.0,0.0,3
30145168_MinPolqaSfbRecording_cut.wav,2.333333333,0.577350269,0.653333333,3
30157485_MinPolqaSfbRecording_cut.wav,3.666666667,0.577350269,0.653333333,3
30442320_MinPolqaSfbRecording_cut.wav,1.666666667,0.577350269,0.653333333,3
30109637_MinPolqaSfbRecording_cut.wav,4.333333333,0.577350269,0.653333333,3
30522667_MinPolqaSfbRecording_cut.wav,3.333333333,0.577350269,0.653333333,3
30180243_MinPolqaSfbRecording_cut.wav,4.0,1.0,1.131606528,3
28955819_MinPolqaSfbRecording_cut.wav,4.0,1.0,1.131606528,3
30505966_MinPolqaSfbRecording_cut.wav,1.333333333,0.577350269,0.653333333,3
30529288_MinPolqaSfbRecording_cut.wav,3.0,1.0,1.131606528,3
29543145_MinPolqaSfbRecording_cut.wav,4.0,0.0,0.0,3
30521144_MinPolqaSfbRecording_cut.wav,2.666666667,0.577350269,0.653333333,3
30163487_MinPolqaSfbRecording_cut.wav,1.666666667,0.577350269,0.653333333,3
30163560_MinPolqaSfbRecording_cut.wav,2.333333333,0.577350269,0.653333333,3
30504154_MinPolqaSfbRecording_cut.wav,3.0,0.0,0.0,3
30082669_MinPolqaSfbRecording_cut.wav,1.666666667,0.577350269,0.653333333,3
30404122_MinPolqaSfbRecording_cut.wav,1.666666667,0.577350269,0.653333333,3
30084885_MinPolqaSfbRecording_cut.wav,4.2,0.447213595,0.392,5
30451258_MinPolqaSfbRecording_cut.wav,3.0,1.58113883,1.385929291,5
30193815_MinPolqaSfbRecording_cut.wav,1.8,1.303840481,1.142866571,5
29542014_MinPolqaSfbRecording_cut.wav,3.0,1.0,0.876538647,5
30442864_MinPolqaSfbRecording_cut.wav,3.0,1.0,0.876538647,5
30428288_MinPolqaSfbRecording_cut.wav,2.2,0.836660027,0.733364848,5
30483637_MinPolqaSfbRecording_cut.wav,3.0,1.224744871,1.073536213,5
30101117_MinPolqaSfbRecording_cut.wav,2.0,1.224744871,1.073536213,5
28050247_MinPolqaSfbRecording_cut.wav,4.75,0.5,0.49,4
29541771_MinPolqaSfbRecording_cut.wav,2.5,1.290994449,1.26517456,4
30193236_MinPolqaSfbRecording_cut.wav,3.5,0.577350269,0.565803264,4
30178515_MinPolqaSfbRecording_cut.wav,3.25,0.957427108,0.938278566,4
30249348_MinPolqaSfbRecording_cut.wav,4.0,0.816496581,0.800166649,4
28467884_MinPolqaSfbRecording_cut.wav,4.5,1.0,0.98,4
30431175_MinPolqaSfbRecording_cut.wav,2.5,1.0,0.98,4
29537448_MinPolqaSfbRecording_cut.wav,3.25,0.5,0.49,4
28973466_MinPolqaSfbRecording_cut.wav,4.25,0.957427108,0.938278566,4
30068280_MinPolqaSfbRecording_cut.wav,2.25,0.5,0.49,4
30504166_MinPolqaSfbRecording_cut.wav,3.5,1.0,0.98,4
30503105_MinPolqaSfbRecording_cut.wav,2.75,0.957427108,0.938278566,4
30260710_MinPolqaSfbRecording_cut.wav,1.5,0.577350269,0.565803264,4
30057471_MinPolqaSfbRecording_cut.wav,3.25,0.5,0.49,4
30127086_MinPolqaSfbRecording_cut.wav,2.5,0.577350269,0.565803264,4
28687246_MinPolqaSfbRecording_cut.wav,2.0,0.816496581,0.800166649,4
30065785_MinPolqaSfbRecording_cut.wav,2.75,0.957427108,0.938278566,4
28069862_MinPolqaSfbRecording_cut.wav,3.0,0.816496581,0.800166649,4
30530007_MinPolqaSfbRecording_cut.wav,1.75,1.5,1.47,4
28840098_MinPolqaSfbRecording_cut.wav,3.75,0.957427108,0.938278566,4
30251179_MinPolqaSfbRecording_cut.wav,3.25,1.258305739,1.233139624,4
29542496_MinPolqaSfbRecording_cut.wav,3.25,1.258305739,1.233139624,4
29533172_MinPolqaSfbRecording_cut.wav,3.75,0.957427108,0.938278566,4
30522613_MinPolqaSfbRecording_cut.wav,2.5,0.577350269,0.565803264,4
30529670_MinPolqaSfbRecording_cut.wav,3.5,0.577350269,0.565803264,4
30185939_MinPolqaSfbRecording_cut.wav,2.0,0.816496581,0.800166649,4
30163533_MinPolqaSfbRecording_cut.wav,3.75,0.5,0.49,4
27685498_MinPolqaSfbRecording_cut.wav,4.25,0.5,0.49,4
28464231_MinPolqaSfbRecording_cut.wav,4.25,0.5,0.49,4
30067620_MinPolqaSfbRecording_cut.wav,2.25,0.5,0.49,4
30070796_MinPolqaSfbRecording_cut.wav,3.75,0.957427108,0.938278566,4
27818628_MinPolqaSfbRecording_cut.wav,3.75,0.5,0.49,4
30133529_MinPolqaSfbRecording_cut.wav,4.333333333,0.577350269,0.653333333,3
27676371_MinPolqaSfbRecording_cut.wav,4.0,0.0,0.0,3
30514252_MinPolqaSfbRecording_cut.wav,3.666666667,0.577350269,0.653333333,3
30096057_MinPolqaSfbRecording_cut.wav,2.666666667,1.527525232,1.728557523,3
30454401_MinPolqaSfbRecording_cut.wav,3.666666667,0.577350269,0.653333333,3
30080291_MinPolqaSfbRecording_cut.wav,3.0,1.0,1.131606528,3
28425973_MinPolqaSfbRecording_cut.wav,3.8,0.447213595,0.392,5
30469090_MinPolqaSfbRecording_cut.wav,3.2,0.447213595,0.392,5
30124908_MinPolqaSfbRecording_cut.wav,4.0,0.0,0.0,5
30406137_MinPolqaSfbRecording_cut.wav,3.6,0.547722558,0.48009999,5
28644229_MinPolqaSfbRecording_cut.wav,3.6,0.547722558,0.48009999,5
30253290_MinPolqaSfbRecording_cut.wav,2.4,1.140175425,0.999407825,5
30157776_MinPolqaSfbRecording_cut.wav,3.2,0.836660027,0.733364848,5
30474538_MinPolqaSfbRecording_cut.wav,2.4,0.894427191,0.784,5
30059637_MinPolqaSfbRecording_cut.wav,4.2,0.447213595,0.392,5
30424517_MinPolqaSfbRecording_cut.wav,3.0,0.707106781,0.619806421,5
27579018_MinPolqaSfbRecording_cut.wav,4.2,0.447213595,0.392,5
30428589_MinPolqaSfbRecording_cut.wav,2.8,0.836660027,0.733364848,5
30172727_MinPolqaSfbRecording_cut.wav,2.2,1.303840481,1.142866571,5
30124776_MinPolqaSfbRecording_cut.wav,3.6,1.140175425,0.999407825,5
30461846_MinPolqaSfbRecording_cut.wav,2.6,1.140175425,0.999407825,5
30260712_MinPolqaSfbRecording_cut.wav,3.0,0.707106781,0.619806421,5
30409320_MinPolqaSfbRecording_cut.wav,2.5,0.577350269,0.565803264,4
30205574_MinPolqaSfbRecording_cut.wav,3.0,0.816496581,0.800166649,4
30154733_MinPolqaSfbRecording_cut.wav,3.25,0.5,0.49,4
30405881_MinPolqaSfbRecording_cut.wav,2.25,0.957427108,0.938278566,4
30420805_MinPolqaSfbRecording_cut.wav,3.0,0.816496581,0.800166649,4
30129997_MinPolqaSfbRecording_cut.wav,4.0,0.816496581,0.800166649,4
30523867_MinPolqaSfbRecording_cut.wav,2.0,1.154700538,1.131606528,4
27936416_MinPolqaSfbRecording_cut.wav,4.0,0.0,0.0,4
30122224_MinPolqaSfbRecording_cut.wav,3.5,0.577350269,0.565803264,4
30475214_MinPolqaSfbRecording_cut.wav,3.0,0.707106781,0.619806421,5
30520115_MinPolqaSfbRecording_cut.wav,2.4,0.894427191,0.784,5
30205308_MinPolqaSfbRecording_cut.wav,3.0,0.707106781,0.619806421,5
30463158_MinPolqaSfbRecording_cut.wav,3.6,0.547722558,0.48009999,5
30127062_MinPolqaSfbRecording_cut.wav,2.8,1.095445115,0.960199979,5
30069542_MinPolqaSfbRecording_cut.wav,2.8,0.836660027,0.733364848,5
30505755_MinPolqaSfbRecording_cut.wav,2.6,1.341640786,1.176,5
30129314_MinPolqaSfbRecording_cut.wav,3.4,0.547722558,0.48009999,5
27656554_MinPolqaSfbRecording_cut.wav,3.4,1.140175425,0.999407825,5
30133589_MinPolqaSfbRecording_cut.wav,3.2,0.836660027,0.733364848,5
30156073_MinPolqaSfbRecording_cut.wav,2.75,0.957427108,0.938278566,4
30153800_MinPolqaSfbRecording_cut.wav,3.75,0.5,0.49,4
30425273_MinPolqaSfbRecording_cut.wav,4.0,0.0,0.0,4
29539889_MinPolqaSfbRecording_cut.wav,3.0,0.816496581,0.800166649,4
30067593_MinPolqaSfbRecording_cut.wav,2.75,0.957427108,0.938278566,4
27737692_MinPolqaSfbRecording_cut.wav,4.0,0.0,0.0,4
30152009_MinPolqaSfbRecording_cut.wav,2.75,0.957427108,0.938278566,4
30503214_MinPolqaSfbRecording_cut.wav,3.2,1.643167673,1.440299969,5
30174026_MinPolqaSfbRecording_cut.wav,3.2,1.643167673,1.440299969,5
30070323_MinPolqaSfbRecording_cut.wav,2.4,0.894427191,0.784,5
30164687_MinPolqaSfbRecording_cut.wav,2.8,0.836660027,0.733364848,5
30090834_MinPolqaSfbRecording_cut.wav,3.4,0.547722558,0.48009999,5
27748787_MinPolqaSfbRecording_cut.wav,3.8,0.836660027,0.733364848,5
28224011_MinPolqaSfbRecording_cut.wav,4.0,0.707106781,0.619806421,5
27812886_MinPolqaSfbRecording_cut.wav,4.2,0.836660027,0.733364848,5
30424477_MinPolqaSfbRecording_cut.wav,3.8,0.836660027,0.733364848,5
30125635_MinPolqaSfbRecording_cut.wav,3.4,0.894427191,0.784,5
30059225_MinPolqaSfbRecording_cut.wav,4.0,1.414213562,1.385929291,4
30098866_MinPolqaSfbRecording_cut.wav,3.25,0.957427108,0.938278566,4
30071322_MinPolqaSfbRecording_cut.wav,2.0,1.414213562,1.385929291,4
28677366_MinPolqaSfbRecording_cut.wav,4.0,0.0,0.0,4
30429028_MinPolqaSfbRecording_cut.wav,3.5,1.732050808,1.697409791,4
30405494_MinPolqaSfbRecording_cut.wav,3.0,0.816496581,0.800166649,4
30082591_MinPolqaSfbRecording_cut.wav,2.75,1.258305739,1.233139624,4
30067045_MinPolqaSfbRecording_cut.wav,2.75,0.5,0.49,4
30151197_MinPolqaSfbRecording_cut.wav,3.25,0.5,0.49,4
30081245_MinPolqaSfbRecording_cut.wav,3.25,0.5,0.49,4
28933676_MinPolqaSfbRecording_cut.wav,2.75,1.258305739,1.233139624,4
29533231_MinPolqaSfbRecording_cut.wav,3.5,0.577350269,0.565803264,4
30260183_MinPolqaSfbRecording_cut.wav,2.5,0.577350269,0.565803264,4
27891617_MinPolqaSfbRecording_cut.wav,3.75,0.5,0.49,4
28025812_MinPolqaSfbRecording_cut.wav,3.75,0.5,0.49,4
30469866_MinPolqaSfbRecording_cut.wav,3.25,0.5,0.49,4
27766817_MinPolqaSfbRecording_cut.wav,3.25,0.5,0.49,4
30497455_MinPolqaSfbRecording_cut.wav,3.5,0.577350269,0.565803264,4
30147885_MinPolqaSfbRecording_cut.wav,2.75,0.5,0.49,4
28890432_MinPolqaSfbRecording_cut.wav,3.75,0.5,0.49,4
28189489_MinPolqaSfbRecording_cut.wav,4.25,0.957427108,0.938278566,4
27869650_MinPolqaSfbRecording_cut.wav,3.5,0.577350269,0.565803264,4
30098710_MinPolqaSfbRecording_cut.wav,3.0,0.0,0.0,4
30450679_MinPolqaSfbRecording_cut.wav,1.5,1.0,0.98,4
28715197_MinPolqaSfbRecording_cut.wav,4.0,0.816496581,0.800166649,4
28450564_MinPolqaSfbRecording_cut.wav,4.25,0.957427108,0.938278566,4
30139000_MinPolqaSfbRecording_cut.wav,2.0,0.816496581,0.800166649,4
30162085_MinPolqaSfbRecording_cut.wav,3.75,0.5,0.49,4
30413699_MinPolqaSfbRecording_cut.wav,3.75,0.957427108,0.938278566,4
30142156_MinPolqaSfbRecording_cut.wav,2.75,0.957427108,0.938278566,4
30161915_MinPolqaSfbRecording_cut.wav,1.75,0.5,0.49,4
30509481_MinPolqaSfbRecording_cut.wav,2.0,0.816496581,0.800166649,4
30095462_MinPolqaSfbRecording_cut.wav,3.25,0.957427108,0.938278566,4
30182623_MinPolqaSfbRecording_cut.wav,2.75,1.258305739,1.233139624,4
30105169_MinPolqaSfbRecording_cut.wav,3.75,0.957427108,0.938278566,4
30401358_MinPolqaSfbRecording_cut.wav,2.25,1.258305739,1.233139624,4
28551427_MinPolqaSfbRecording_cut.wav,4.0,0.0,0.0,2
30133588_MinPolqaSfbRecording_cut.wav,3.5,0.707106781,0.98,2
30491136_MinPolqaSfbRecording_cut.wav,4.5,0.707106781,0.98,2
30462680_MinPolqaSfbRecording_cut.wav,3.5,0.707106781,0.98,2
28430680_MinPolqaSfbRecording_cut.wav,4.0,1.414213562,1.96,2
30129550_MinPolqaSfbRecording_cut.wav,4.5,0.707106781,0.98,2
30105597_MinPolqaSfbRecording_cut.wav,4.0,1.414213562,1.96,2
30497486_MinPolqaSfbRecording_cut.wav,3.5,2.121320344,2.94,2
30464364_MinPolqaSfbRecording_cut.wav,3.5,0.707106781,0.98,2
30496531_MinPolqaSfbRecording_cut.wav,4.0,1.414213562,1.96,2
30124606_MinPolqaSfbRecording_cut.wav,2.25,0.957427108,0.938278566,4
30130884_MinPolqaSfbRecording_cut.wav,4.25,0.5,0.49,4
30142427_MinPolqaSfbRecording_cut.wav,2.0,0.816496581,0.800166649,4
30449818_MinPolqaSfbRecording_cut.wav,4.5,0.577350269,0.565803264,4
30255713_MinPolqaSfbRecording_cut.wav,4.0,0.816496581,0.800166649,4
30493881_MinPolqaSfbRecording_cut.wav,1.75,0.957427108,0.938278566,4
28275748_MinPolqaSfbRecording_cut.wav,3.25,0.5,0.49,4
30210021_MinPolqaSfbRecording_cut.wav,2.75,0.5,0.49,4
30430055_MinPolqaSfbRecording_cut.wav,3.75,0.957427108,0.938278566,4
28668009_MinPolqaSfbRecording_cut.wav,4.0,0.816496581,0.800166649,4
30097093_MinPolqaSfbRecording_cut.wav,4.0,0.816496581,0.800166649,4
30098811_MinPolqaSfbRecording_cut.wav,3.75,0.5,0.49,4
30472645_MinPolqaSfbRecording_cut.wav,4.0,0.816496581,0.800166649,4
28636883_MinPolqaSfbRecording_cut.wav,4.0,0.0,0.0,4
28692939_MinPolqaSfbRecording_cut.wav,4.0,0.0,0.0,4
30257877_MinPolqaSfbRecording_cut.wav,3.5,0.577350269,0.565803264,4
30150932_MinPolqaSfbRecording_cut.wav,1.75,0.957427108,0.938278566,4
28476783_MinPolqaSfbRecording_cut.wav,3.0,0.816496581,0.800166649,4
30528820_MinPolqaSfbRecording_cut.wav,2.0,0.816496581,0.800166649,4
27897096_MinPolqaSfbRecording_cut.wav,3.25,0.957427108,0.938278566,4
30068138_MinPolqaSfbRecording_cut.wav,2.0,0.0,0.0,4
30150345_MinPolqaSfbRecording_cut.wav,2.75,1.258305739,1.233139624,4
30194242_MinPolqaSfbRecording_cut.wav,1.75,0.957427108,0.938278566,4
30176807_MinPolqaSfbRecording_cut.wav,3.0,0.816496581,0.800166649,4
27972652_MinPolqaSfbRecording_cut.wav,3.5,1.0,0.98,4
30449284_MinPolqaSfbRecording_cut.wav,2.75,0.957427108,0.938278566,4
30131480_MinPolqaSfbRecording_cut.wav,2.25,1.258305739,1.233139624,4
30405388_MinPolqaSfbRecording_cut.wav,2.0,0.0,0.0,4
30121977_MinPolqaSfbRecording_cut.wav,2.75,0.957427108,0.938278566,4
30264183_MinPolqaSfbRecording_cut.wav,3.75,0.957427108,0.938278566,4
30431216_MinPolqaSfbRecording_cut.wav,3.25,0.5,0.49,4
30463347_MinPolqaSfbRecording_cut.wav,2.75,0.957427108,0.938278566,4
30185500_MinPolqaSfbRecording_cut.wav,3.25,0.957427108,0.938278566,4
30156606_MinPolqaSfbRecording_cut.wav,3.0,1.224744871,1.073536213,5
30212537_MinPolqaSfbRecording_cut.wav,3.6,0.894427191,0.784,5
30258521_MinPolqaSfbRecording_cut.wav,3.6,0.547722558,0.48009999,5
30161294_MinPolqaSfbRecording_cut.wav,3.4,0.547722558,0.48009999,5
30414018_MinPolqaSfbRecording_cut.wav,2.4,0.894427191,0.784,5
30427423_MinPolqaSfbRecording_cut.wav,3.2,0.447213595,0.392,5
30461651_MinPolqaSfbRecording_cut.wav,2.6,0.894427191,0.784,5
30060880_MinPolqaSfbRecording_cut.wav,3.0,1.0,0.876538647,5
30465744_MinPolqaSfbRecording_cut.wav,2.75,0.5,0.49,4
30480895_MinPolqaSfbRecording_cut.wav,3.0,0.816496581,0.800166649,4
30097397_MinPolqaSfbRecording_cut.wav,3.25,0.5,0.49,4
30411977_MinPolqaSfbRecording_cut.wav,4.25,0.5,0.49,4
30164750_MinPolqaSfbRecording_cut.wav,3.25,0.5,0.49,4
27837281_MinPolqaSfbRecording_cut.wav,4.0,0.816496581,0.800166649,4
30083156_MinPolqaSfbRecording_cut.wav,2.25,0.5,0.49,4
30440542_MinPolqaSfbRecording_cut.wav,2.5,0.577350269,0.565803264,4
28278675_MinPolqaSfbRecording_cut.wav,3.5,0.577350269,0.565803264,4
28357944_MinPolqaSfbRecording_cut.wav,2.5,1.290994449,1.26517456,4
28851786_MinPolqaSfbRecording_cut.wav,4.0,0.0,0.0,4
30257191_MinPolqaSfbRecording_cut.wav,2.75,0.957427108,0.938278566,4
30250557_MinPolqaSfbRecording_cut.wav,2.0,0.816496581,0.800166649,4
30107365_MinPolqaSfbRecording_cut.wav,3.5,0.577350269,0.565803264,4
30264452_MinPolqaSfbRecording_cut.wav,4.0,0.816496581,0.800166649,4
28453131_MinPolqaSfbRecording_cut.wav,3.5,1.290994449,1.26517456,4
30521048_MinPolqaSfbRecording_cut.wav,3.75,0.5,0.49,4
30093335_MinPolqaSfbRecording_cut.wav,3.5,0.577350269,0.565803264,4
30124799_MinPolqaSfbRecording_cut.wav,3.0,0.816496581,0.800166649,4
30105471_MinPolqaSfbRecording_cut.wav,3.25,0.5,0.49,4
30182518_MinPolqaSfbRecording_cut.wav,2.75,0.5,0.49,4
30069945_MinPolqaSfbRecording_cut.wav,3.25,0.5,0.49,4
30163067_MinPolqaSfbRecording_cut.wav,4.0,0.816496581,0.800166649,4
30483576_MinPolqaSfbRecording_cut.wav,2.0,0.816496581,0.800166649,4
30133885_MinPolqaSfbRecording_cut.wav,3.25,1.5,1.47,4
30119630_MinPolqaSfbRecording_cut.wav,2.5,0.577350269,0.565803264,4
28981241_MinPolqaSfbRecording_cut.wav,4.0,0.816496581,0.800166649,4
30252367_MinPolqaSfbRecording_cut.wav,3.75,0.5,0.49,4
27803383_MinPolqaSfbRecording_cut.wav,4.0,0.816496581,0.800166649,4
28900660_MinPolqaSfbRecording_cut.wav,3.75,0.957427108,0.938278566,4
30163490_MinPolqaSfbRecording_cut.wav,2.75,1.258305739,1.233139624,4
29036393_MinPolqaSfbRecording_cut.wav,4.0,0.816496581,0.800166649,4
30135524_MinPolqaSfbRecording_cut.wav,2.8,0.836660027,0.733364848,5
30439697_MinPolqaSfbRecording_cut.wav,3.8,1.095445115,0.960199979,5
30141424_MinPolqaSfbRecording_cut.wav,3.2,0.447213595,0.392,5
30482970_MinPolqaSfbRecording_cut.wav,2.6,1.140175425,0.999407825,5
27715590_MinPolqaSfbRecording_cut.wav,4.4,0.547722558,0.48009999,5
30415869_MinPolqaSfbRecording_cut.wav,1.8,0.836660027,0.733364848,5
30100672_MinPolqaSfbRecording_cut.wav,2.6,0.547722558,0.48009999,5
30198689_MinPolqaSfbRecording_cut.wav,1.8,0.836660027,0.733364848,5
30173324_MinPolqaSfbRecording_cut.wav,3.25,1.5,1.47,4
30076002_MinPolqaSfbRecording_cut.wav,3.25,0.957427108,0.938278566,4
28882267_MinPolqaSfbRecording_cut.wav,4.0,0.0,0.0,4
30456104_MinPolqaSfbRecording_cut.wav,3.25,1.5,1.47,4
30102827_MinPolqaSfbRecording_cut.wav,3.5,1.0,0.98,4
30429012_MinPolqaSfbRecording_cut.wav,3.0,1.154700538,1.131606528,4
30101227_MinPolqaSfbRecording_cut.wav,1.75,0.957427108,0.938278566,4
30129761_MinPolqaSfbRecording_cut.wav,2.75,0.957427108,0.938278566,4
30472706_MinPolqaSfbRecording_cut.wav,3.25,0.5,0.49,4
30109430_MinPolqaSfbRecording_cut.wav,4.0,0.816496581,0.800166649,4
30480249_MinPolqaSfbRecording_cut.wav,2.5,1.290994449,1.26517456,4
30513727_MinPolqaSfbRecording_cut.wav,3.0,0.816496581,0.800166649,4
28679148_MinPolqaSfbRecording_cut.wav,4.0,0.816496581,0.800166649,4
30171404_MinPolqaSfbRecording_cut.wav,2.5,1.290994449,1.26517456,4
30108728_MinPolqaSfbRecording_cut.wav,4.0,1.0,0.876538647,5
28117198_MinPolqaSfbRecording_cut.wav,3.8,0.447213595,0.392,5
30472225_MinPolqaSfbRecording_cut.wav,3.6,0.894427191,0.784,5
30514501_MinPolqaSfbRecording_cut.wav,4.0,0.707106781,0.619806421,5
30066538_MinPolqaSfbRecording_cut.wav,4.2,0.447213595,0.392,5
29529560_MinPolqaSfbRecording_cut.wav,4.4,0.894427191,0.784,5
30488270_MinPolqaSfbRecording_cut.wav,4.0,1.0,0.876538647,5
29532611_MinPolqaSfbRecording_cut.wav,3.2,0.836660027,0.733364848,5
30257199_MinPolqaSfbRecording_cut.wav,2.2,1.643167673,1.440299969,5
28682952_MinPolqaSfbRecording_cut.wav,4.333333333,1.154700538,1.306666667,3
30154730_MinPolqaSfbRecording_cut.wav,4.666666667,0.577350269,0.653333333,3
28544602_MinPolqaSfbRecording_cut.wav,4.666666667,0.577350269,0.653333333,3
30259909_MinPolqaSfbRecording_cut.wav,2.666666667,0.577350269,0.653333333,3
29532366_MinPolqaSfbRecording_cut.wav,3.0,0.0,0.0,3
30262751_MinPolqaSfbRecording_cut.wav,3.666666667,0.577350269,0.653333333,3
30158874_MinPolqaSfbRecording_cut.wav,2.666666667,0.577350269,0.653333333,3
30062366_MinPolqaSfbRecording_cut.wav,4.666666667,0.577350269,0.653333333,3
30478422_MinPolqaSfbRecording_cut.wav,3.75,0.957427108,0.938278566,4
30119913_MinPolqaSfbRecording_cut.wav,2.75,1.5,1.47,4
30174376_MinPolqaSfbRecording_cut.wav,3.0,1.414213562,1.385929291,4
30521500_MinPolqaSfbRecording_cut.wav,2.5,1.290994449,1.26517456,4
30519574_MinPolqaSfbRecording_cut.wav,3.0,0.816496581,0.800166649,4
30097423_MinPolqaSfbRecording_cut.wav,2.25,1.892969449,1.85511006,4
30174689_MinPolqaSfbRecording_cut.wav,2.0,0.816496581,0.800166649,4
30168705_MinPolqaSfbRecording_cut.wav,3.25,0.957427108,0.938278566,4
28294825_MinPolqaSfbRecording_cut.wav,4.0,0.816496581,0.800166649,4
30075427_MinPolqaSfbRecording_cut.wav,2.25,0.957427108,0.938278566,4
27628932_MinPolqaSfbRecording_cut.wav,3.0,0.0,0.0,4
30444873_MinPolqaSfbRecording_cut.wav,1.75,0.957427108,0.938278566,4
28301367_MinPolqaSfbRecording_cut.wav,3.25,0.5,0.49,4
30126330_MinPolqaSfbRecording_cut.wav,1.5,0.577350269,0.565803264,4
29056843_MinPolqaSfbRecording_cut.wav,3.25,0.957427108,0.938278566,4
30475551_MinPolqaSfbRecording_cut.wav,3.0,0.0,0.0,4
27946516_MinPolqaSfbRecording_cut.wav,4.25,0.5,0.49,4
28050114_MinPolqaSfbRecording_cut.wav,3.0,0.0,0.0,4
30424709_MinPolqaSfbRecording_cut.wav,2.5,0.707106781,0.98,2
30142173_MinPolqaSfbRecording_cut.wav,3.0,0.0,0.0,2
30469946_MinPolqaSfbRecording_cut.wav,3.0,0.0,0.0,2
30078607_MinPolqaSfbRecording_cut.wav,1.0,0.0,0.0,2
30186033_MinPolqaSfbRecording_cut.wav,3.5,0.707106781,0.98,2
30158165_MinPolqaSfbRecording_cut.wav,3.0,0.0,0.0,2
30192789_MinPolqaSfbRecording_cut.wav,2.5,0.707106781,0.98,2
28601708_MinPolqaSfbRecording_cut.wav,2.0,0.0,0.0,2
30058767_MinPolqaSfbRecording_cut.wav,3.25,0.957427108,0.938278566,4
30062332_MinPolqaSfbRecording_cut.wav,2.75,1.5,1.47,4
30500718_MinPolqaSfbRecording_cut.wav,3.75,0.957427108,0.938278566,4
30429026_MinPolqaSfbRecording_cut.wav,4.25,0.957427108,0.938278566,4
30202261_MinPolqaSfbRecording_cut.wav,4.25,1.5,1.47,4
30199789_MinPolqaSfbRecording_cut.wav,3.75,0.957427108,0.938278566,4
30520365_MinPolqaSfbRecording_cut.wav,3.0,0.0,0.0,2
30494199_MinPolqaSfbRecording_cut.wav,2.0,1.414213562,1.96,2
30522253_MinPolqaSfbRecording_cut.wav,1.5,0.707106781,0.98,2
30256463_MinPolqaSfbRecording_cut.wav,2.5,0.707106781,0.98,2
30186100_MinPolqaSfbRecording_cut.wav,3.0,1.414213562,1.96,2
30138822_MinPolqaSfbRecording_cut.wav,3.0,0.0,0.0,2
27651876_MinPolqaSfbRecording_cut.wav,4.5,0.707106781,0.98,2
30129968_MinPolqaSfbRecording_cut.wav,3.25,0.957427108,0.938278566,4
30118024_MinPolqaSfbRecording_cut.wav,3.0,1.632993162,1.600333299,4
30130832_MinPolqaSfbRecording_cut.wav,3.5,0.577350269,0.565803264,4
30184510_MinPolqaSfbRecording_cut.wav,3.25,1.258305739,1.233139624,4
28159895_MinPolqaSfbRecording_cut.wav,4.25,0.5,0.49,4
30489403_MinPolqaSfbRecording_cut.wav,3.75,0.5,0.49,4
28128549_MinPolqaSfbRecording_cut.wav,3.75,0.957427108,0.938278566,4
30142727_MinPolqaSfbRecording_cut.wav,3.25,0.5,0.49,4
30206000_MinPolqaSfbRecording_cut.wav,3.0,0.816496581,0.800166649,4
30188821_MinPolqaSfbRecording_cut.wav,3.25,0.5,0.49,4
30529178_MinPolqaSfbRecording_cut.wav,2.75,1.707825128,1.673668625,4
27973283_MinPolqaSfbRecording_cut.wav,4.0,0.816496581,0.800166649,4
30174121_MinPolqaSfbRecording_cut.wav,3.75,0.957427108,0.938278566,4
30474932_MinPolqaSfbRecording_cut.wav,2.25,0.957427108,0.938278566,4
30156316_MinPolqaSfbRecording_cut.wav,2.25,0.957427108,0.938278566,4
30480453_MinPolqaSfbRecording_cut.wav,3.5,0.577350269,0.565803264,4
27973734_MinPolqaSfbRecording_cut.wav,4.0,1.414213562,1.385929291,4
30067596_MinPolqaSfbRecording_cut.wav,2.0,0.0,0.0,4
30084909_MinPolqaSfbRecording_cut.wav,2.25,0.5,0.49,4
28305640_MinPolqaSfbRecording_cut.wav,4.5,1.0,0.98,4
30084018_MinPolqaSfbRecording_cut.wav,2.0,0.816496581,0.800166649,4
30491538_MinPolqaSfbRecording_cut.wav,2.25,0.957427108,0.938278566,4
30488795_MinPolqaSfbRecording_cut.wav,3.0,1.825741858,1.789227021,4
28461833_MinPolqaSfbRecording_cut.wav,4.0,0.816496581,0.800166649,4
30483683_MinPolqaSfbRecording_cut.wav,3.5,1.0,0.98,4
28324659_MinPolqaSfbRecording_cut.wav,4.25,0.957427108,0.938278566,4
30413594_MinPolqaSfbRecording_cut.wav,3.0,1.0,1.131606528,3
30065702_MinPolqaSfbRecording_cut.wav,3.666666667,1.154700538,1.306666667,3
30511486_MinPolqaSfbRecording_cut.wav,2.333333333,0.577350269,0.653333333,3
29556349_MinPolqaSfbRecording_cut.wav,3.333333333,0.577350269,0.653333333,3
27876858_MinPolqaSfbRecording_cut.wav,4.333333333,0.577350269,0.653333333,3
30202199_MinPolqaSfbRecording_cut.wav,3.333333333,0.577350269,0.653333333,3
30108270_MinPolqaSfbRecording_cut.wav,4.0,1.0,1.131606528,3
30174025_MinPolqaSfbRecording_cut.wav,2.333333333,0.577350269,0.653333333,3
30427567_MinPolqaSfbRecording_cut.wav,3.666666667,1.154700538,1.306666667,3
30254384_MinPolqaSfbRecording_cut.wav,2.666666667,1.154700538,1.306666667,3
30179205_MinPolqaSfbRecording_cut.wav,2.333333333,1.154700538,1.306666667,3
30177887_MinPolqaSfbRecording_cut.wav,4.0,1.0,1.131606528,3
29530359_MinPolqaSfbRecording_cut.wav,3.0,1.732050808,1.96,3
30197228_MinPolqaSfbRecording_cut.wav,3.666666667,1.154700538,1.306666667,3
27700683_MinPolqaSfbRecording_cut.wav,4.666666667,0.577350269,0.653333333,3
30261912_MinPolqaSfbRecording_cut.wav,4.333333333,0.577350269,0.653333333,3
30133928_MinPolqaSfbRecording_cut.wav,3.333333333,1.527525232,1.728557523,3
28124830_MinPolqaSfbRecording_cut.wav,4.0,1.0,1.131606528,3
30099285_MinPolqaSfbRecording_cut.wav,4.0,0.0,0.0,3
30212606_MinPolqaSfbRecording_cut.wav,3.333333333,1.154700538,1.306666667,3
28638910_MinPolqaSfbRecording_cut.wav,4.0,1.0,1.131606528,3
28470347_MinPolqaSfbRecording_cut.wav,4.333333333,1.154700538,1.306666667,3
27595968_MinPolqaSfbRecording_cut.wav,3.666666667,0.577350269,0.653333333,3
30105990_MinPolqaSfbRecording_cut.wav,3.666666667,0.577350269,0.653333333,3
29538548_MinPolqaSfbRecording_cut.wav,4.333333333,0.577350269,0.653333333,3
30199375_MinPolqaSfbRecording_cut.wav,1.6,0.894427191,0.784,5
30061293_MinPolqaSfbRecording_cut.wav,4.4,0.547722558,0.48009999,5
28342386_MinPolqaSfbRecording_cut.wav,4.6,0.547722558,0.48009999,5
30429448_MinPolqaSfbRecording_cut.wav,2.8,0.836660027,0.733364848,5
30400819_MinPolqaSfbRecording_cut.wav,2.0,1.224744871,1.073536213,5
29540235_MinPolqaSfbRecording_cut.wav,2.0,0.707106781,0.619806421,5
30096422_MinPolqaSfbRecording_cut.wav,3.4,0.547722558,0.48009999,5
30129752_MinPolqaSfbRecording_cut.wav,1.4,0.547722558,0.48009999,5
27625119_MinPolqaSfbRecording_cut.wav,4.2,0.836660027,0.733364848,5
28583560_MinPolqaSfbRecording_cut.wav,4.2,0.447213595,0.392,5
29020517_MinPolqaSfbRecording_cut.wav,4.333333333,0.577350269,0.653333333,3
30252282_MinPolqaSfbRecording_cut.wav,3.333333333,2.081665999,2.355626833,3
30442245_MinPolqaSfbRecording_cut.wav,3.333333333,2.081665999,2.355626833,3
29534353_MinPolqaSfbRecording_cut.wav,1.0,0.0,0.0,3
28499759_MinPolqaSfbRecording_cut.wav,4.666666667,0.577350269,0.653333333,3
29530791_MinPolqaSfbRecording_cut.wav,3.0,2.0,2.263213055,3
30249302_MinPolqaSfbRecording_cut.wav,3.333333333,2.081665999,2.355626833,3
30158052_MinPolqaSfbRecording_cut.wav,2.666666667,2.081665999,2.355626833,3
30082204_MinPolqaSfbRecording_cut.wav,2.333333333,1.527525232,1.728557523,3
29544294_MinPolqaSfbRecording_cut.wav,2.5,0.707106781,0.98,2
27655855_MinPolqaSfbRecording_cut.wav,4.5,0.707106781,0.98,2
28218439_MinPolqaSfbRecording_cut.wav,2.0,0.0,0.0,2
28760312_MinPolqaSfbRecording_cut.wav,3.5,0.707106781,0.98,2
30090139_MinPolqaSfbRecording_cut.wav,2.5,0.707106781,0.98,2
30162467_MinPolqaSfbRecording_cut.wav,3.0,0.0,0.0,2
28431267_MinPolqaSfbRecording_cut.wav,4.5,0.707106781,0.98,2
30192641_MinPolqaSfbRecording_cut.wav,4.0,1.414213562,1.96,2
30530289_MinPolqaSfbRecording_cut.wav,3.5,0.707106781,0.98,2
30508226_MinPolqaSfbRecording_cut.wav,1.333333333,0.577350269,0.653333333,3
30485131_MinPolqaSfbRecording_cut.wav,2.333333333,1.154700538,1.306666667,3
30078855_MinPolqaSfbRecording_cut.wav,1.333333333,0.577350269,0.653333333,3
30161362_MinPolqaSfbRecording_cut.wav,1.333333333,0.577350269,0.653333333,3
30449472_MinPolqaSfbRecording_cut.wav,1.333333333,0.577350269,0.653333333,3
30178438_MinPolqaSfbRecording_cut.wav,1.333333333,0.577350269,0.653333333,3
28727543_MinPolqaSfbRecording_cut.wav,3.0,1.0,1.131606528,3
27639472_MinPolqaSfbRecording_cut.wav,2.666666667,0.577350269,0.653333333,3
30134256_MinPolqaSfbRecording_cut.wav,1.333333333,0.577350269,0.653333333,3
30136684_MinPolqaSfbRecording_cut.wav,4.25,0.5,0.49,4
30261588_MinPolqaSfbRecording_cut.wav,3.5,0.577350269,0.565803264,4
30254792_MinPolqaSfbRecording_cut.wav,3.75,0.5,0.49,4
27627960_MinPolqaSfbRecording_cut.wav,4.0,0.816496581,0.800166649,4
30257812_MinPolqaSfbRecording_cut.wav,3.5,1.0,0.98,4
30489422_MinPolqaSfbRecording_cut.wav,2.5,1.0,0.98,4
28538782_MinPolqaSfbRecording_cut.wav,3.75,0.5,0.49,4
27619626_MinPolqaSfbRecording_cut.wav,4.0,0.816496581,0.800166649,4
29536318_MinPolqaSfbRecording_cut.wav,3.0,0.816496581,0.800166649,4
28516176_MinPolqaSfbRecording_cut.wav,4.25,0.957427108,0.938278566,4
30467999_MinPolqaSfbRecording_cut.wav,1.666666667,0.577350269,0.653333333,3
30467966_MinPolqaSfbRecording_cut.wav,3.333333333,1.527525232,1.728557523,3
27852523_MinPolqaSfbRecording_cut.wav,4.666666667,0.577350269,0.653333333,3
27699669_MinPolqaSfbRecording_cut.wav,4.666666667,0.577350269,0.653333333,3
30161620_MinPolqaSfbRecording_cut.wav,1.666666667,1.154700538,1.306666667,3
28152644_MinPolqaSfbRecording_cut.wav,4.0,1.0,1.131606528,3
30487040_MinPolqaSfbRecording_cut.wav,2.0,1.732050808,1.96,3
30258074_MinPolqaSfbRecording_cut.wav,3.333333333,0.577350269,0.653333333,3
30197941_MinPolqaSfbRecording_cut.wav,4.25,0.5,0.49,4
28866256_MinPolqaSfbRecording_cut.wav,4.0,0.816496581,0.800166649,4
30478457_MinPolqaSfbRecording_cut.wav,2.75,0.957427108,0.938278566,4
29531793_MinPolqaSfbRecording_cut.wav,2.75,0.957427108,0.938278566,4
30428624_MinPolqaSfbRecording_cut.wav,2.5,0.577350269,0.565803264,4
30149429_MinPolqaSfbRecording_cut.wav,3.25,0.5,0.49,4
30165521_MinPolqaSfbRecording_cut.wav,4.0,0.816496581,0.800166649,4
30511258_MinPolqaSfbRecording_cut.wav,3.75,0.957427108,0.938278566,4
30133816_MinPolqaSfbRecording_cut.wav,3.5,0.577350269,0.565803264,4
28240988_MinPolqaSfbRecording_cut.wav,2.5,0.707106781,0.98,2
30165474_MinPolqaSfbRecording_cut.wav,2.0,1.414213562,1.96,2
30531396_MinPolqaSfbRecording_cut.wav,2.5,2.121320344,2.94,2
30478338_MinPolqaSfbRecording_cut.wav,4.0,0.0,0.0,2
30464939_MinPolqaSfbRecording_cut.wav,2.0,0.0,0.0,2
28827382_MinPolqaSfbRecording_cut.wav,4.0,0.0,0.0,2
30211518_MinPolqaSfbRecording_cut.wav,3.5,0.707106781,0.98,2
28856869_MinPolqaSfbRecording_cut.wav,4.4,0.547722558,0.48009999,5
30171142_MinPolqaSfbRecording_cut.wav,3.0,0.707106781,0.619806421,5
30106318_MinPolqaSfbRecording_cut.wav,3.0,1.224744871,1.073536213,5
30078456_MinPolqaSfbRecording_cut.wav,3.8,0.447213595,0.392,5
30143482_MinPolqaSfbRecording_cut.wav,3.8,0.447213595,0.392,5
30147076_MinPolqaSfbRecording_cut.wav,3.6,0.547722558,0.48009999,5
30093066_MinPolqaSfbRecording_cut.wav,2.0,1.0,0.876538647,5
27627814_MinPolqaSfbRecording_cut.wav,4.2,0.447213595,0.392,5
30424199_MinPolqaSfbRecording_cut.wav,3.6,1.140175425,0.999407825,5
30158166_MinPolqaSfbRecording_cut.wav,3.2,1.643167673,1.440299969,5
27883186_MinPolqaSfbRecording_cut.wav,4.0,1.0,0.876538647,5
27702027_MinPolqaSfbRecording_cut.wav,4.6,0.547722558,0.48009999,5
30513787_MinPolqaSfbRecording_cut.wav,2.8,1.303840481,1.142866571,5
30460920_MinPolqaSfbRecording_cut.wav,3.2,1.303840481,1.142866571,5
30121191_MinPolqaSfbRecording_cut.wav,2.6,1.816590212,1.592311527,5
30139449_MinPolqaSfbRecording_cut.wav,2.6,1.816590212,1.592311527,5
30148342_MinPolqaSfbRecording_cut.wav,2.4,1.673320053,1.466729696,5
30257107_MinPolqaSfbRecording_cut.wav,3.75,0.5,0.49,4
30440906_MinPolqaSfbRecording_cut.wav,2.25,1.258305739,1.233139624,4
29538385_MinPolqaSfbRecording_cut.wav,3.25,0.5,0.49,4
27862479_MinPolqaSfbRecording_cut.wav,4.25,0.957427108,0.938278566,4
27647175_MinPolqaSfbRecording_cut.wav,4.5,0.577350269,0.565803264,4
30189621_MinPolqaSfbRecording_cut.wav,3.5,1.0,0.98,4
28131167_MinPolqaSfbRecording_cut.wav,4.25,0.5,0.49,4
30465369_MinPolqaSfbRecording_cut.wav,3.25,0.5,0.49,4
30162795_MinPolqaSfbRecording_cut.wav,3.6,0.547722558,0.48009999,5
27765584_MinPolqaSfbRecording_cut.wav,3.4,0.894427191,0.784,5
30083549_MinPolqaSfbRecording_cut.wav,3.0,0.707106781,0.619806421,5
30075392_MinPolqaSfbRecording_cut.wav,3.4,0.547722558,0.48009999,5
30189710_MinPolqaSfbRecording_cut.wav,2.6,0.547722558,0.48009999,5
30253566_MinPolqaSfbRecording_cut.wav,4.0,0.0,0.0,5
30249589_MinPolqaSfbRecording_cut.wav,2.8,1.095445115,0.960199979,5
27853785_MinPolqaSfbRecording_cut.wav,3.8,0.836660027,0.733364848,5
30202177_MinPolqaSfbRecording_cut.wav,3.8,0.447213595,0.392,5
30060204_MinPolqaSfbRecording_cut.wav,3.25,1.5,1.47,4
30415884_MinPolqaSfbRecording_cut.wav,3.75,0.957427108,0.938278566,4
30155304_MinPolqaSfbRecording_cut.wav,3.75,0.5,0.49,4
30432447_MinPolqaSfbRecording_cut.wav,3.25,0.5,0.49,4
30164142_MinPolqaSfbRecording_cut.wav,3.75,0.5,0.49,4
30202452_MinPolqaSfbRecording_cut.wav,3.6,0.547722558,0.48009999,5
30529231_MinPolqaSfbRecording_cut.wav,3.0,1.224744871,1.073536213,5
28912493_MinPolqaSfbRecording_cut.wav,4.4,0.894427191,0.784,5
30480849_MinPolqaSfbRecording_cut.wav,3.4,1.140175425,0.999407825,5
30180965_MinPolqaSfbRecording_cut.wav,2.8,1.303840481,1.142866571,5
30160158_MinPolqaSfbRecording_cut.wav,3.0,1.414213562,1.239612843,5
30460354_MinPolqaSfbRecording_cut.wav,2.6,1.516575089,1.329336677,5
30433805_MinPolqaSfbRecording_cut.wav,3.8,1.303840481,1.142866571,5
30200067_MinPolqaSfbRecording_cut.wav,3.2,1.483239697,1.300116918,5
30176165_MinPolqaSfbRecording_cut.wav,3.5,1.290994449,1.26517456,4
28557090_MinPolqaSfbRecording_cut.wav,3.5,1.0,0.98,4
30064822_MinPolqaSfbRecording_cut.wav,4.5,0.577350269,0.565803264,4
30519409_MinPolqaSfbRecording_cut.wav,3.0,0.816496581,0.800166649,4
30520433_MinPolqaSfbRecording_cut.wav,3.0,1.414213562,1.385929291,4
28779341_MinPolqaSfbRecording_cut.wav,3.333333333,1.154700538,1.306666667,3
30133847_MinPolqaSfbRecording_cut.wav,4.0,1.0,1.131606528,3
30142935_MinPolqaSfbRecording_cut.wav,3.0,0.0,0.0,3
30092537_MinPolqaSfbRecording_cut.wav,3.666666667,0.577350269,0.653333333,3
30100544_MinPolqaSfbRecording_cut.wav,3.666666667,0.577350269,0.653333333,3
30500251_MinPolqaSfbRecording_cut.wav,3.0,1.0,1.131606528,3
30484986_MinPolqaSfbRecording_cut.wav,2.333333333,2.309401077,2.613333333,3
30118068_MinPolqaSfbRecording_cut.wav,4.0,0.0,0.0,3
30061835_MinPolqaSfbRecording_cut.wav,3.666666667,0.577350269,0.653333333,3
30510362_MinPolqaSfbRecording_cut.wav,2.5,0.577350269,0.565803264,4
30097318_MinPolqaSfbRecording_cut.wav,2.75,0.5,0.49,4
30184294_MinPolqaSfbRecording_cut.wav,3.25,0.957427108,0.938278566,4
30178610_MinPolqaSfbRecording_cut.wav,4.5,0.577350269,0.565803264,4
30106973_MinPolqaSfbRecording_cut.wav,3.75,0.5,0.49,4
30097738_MinPolqaSfbRecording_cut.wav,3.5,0.577350269,0.565803264,4
28604019_MinPolqaSfbRecording_cut.wav,4.75,0.5,0.49,4
28308425_MinPolqaSfbRecording_cut.wav,3.75,0.5,0.49,4
30206495_MinPolqaSfbRecording_cut.wav,3.25,0.5,0.49,4
30502978_MinPolqaSfbRecording_cut.wav,3.25,0.5,0.49,4
30075832_MinPolqaSfbRecording_cut.wav,2.75,0.957427108,0.938278566,4
30148387_MinPolqaSfbRecording_cut.wav,2.75,1.5,1.47,4
30506904_MinPolqaSfbRecording_cut.wav,2.5,1.290994449,1.26517456,4
30491519_MinPolqaSfbRecording_cut.wav,1.75,0.957427108,0.938278566,4
30213548_MinPolqaSfbRecording_cut.wav,2.0,0.816496581,0.800166649,4
30414041_MinPolqaSfbRecording_cut.wav,4.0,0.0,0.0,4
30448484_MinPolqaSfbRecording_cut.wav,3.5,0.577350269,0.565803264,4
30163227_MinPolqaSfbRecording_cut.wav,3.75,0.5,0.49,4
27700921_MinPolqaSfbRecording_cut.wav,4.5,0.577350269,0.565803264,4
30255545_MinPolqaSfbRecording_cut.wav,3.5,0.577350269,0.565803264,4
30071077_MinPolqaSfbRecording_cut.wav,2.75,1.5,1.47,4
30075847_MinPolqaSfbRecording_cut.wav,4.0,0.0,0.0,5
30432923_MinPolqaSfbRecording_cut.wav,2.4,0.547722558,0.48009999,5
28642045_MinPolqaSfbRecording_cut.wav,3.6,0.547722558,0.48009999,5
29529678_MinPolqaSfbRecording_cut.wav,4.0,0.0,0.0,5
30178622_MinPolqaSfbRecording_cut.wav,3.4,0.547722558,0.48009999,5
28829096_MinPolqaSfbRecording_cut.wav,3.6,0.547722558,0.48009999,5
30484238_MinPolqaSfbRecording_cut.wav,1.6,1.341640786,1.176,5
30075209_MinPolqaSfbRecording_cut.wav,1.8,0.836660027,0.733364848,5
27698605_MinPolqaSfbRecording_cut.wav,4.2,0.836660027,0.733364848,5
30154196_MinPolqaSfbRecording_cut.wav,1.0,0.0,0.0,2
30137432_MinPolqaSfbRecording_cut.wav,1.5,0.707106781,0.98,2
29539578_MinPolqaSfbRecording_cut.wav,3.5,0.707106781,0.98,2
30079326_MinPolqaSfbRecording_cut.wav,1.5,0.707106781,0.98,2
30479119_MinPolqaSfbRecording_cut.wav,1.0,0.0,0.0,2
28982783_MinPolqaSfbRecording_cut.wav,3.5,0.707106781,0.98,2
30133341_MinPolqaSfbRecording_cut.wav,4.5,0.707106781,0.98,2
28211438_MinPolqaSfbRecording_cut.wav,4.5,0.707106781,0.98,2
30117666_MinPolqaSfbRecording_cut.wav,3.0,0.0,0.0,2
30413502_MinPolqaSfbRecording_cut.wav,2.25,1.258305739,1.233139624,4
30485785_MinPolqaSfbRecording_cut.wav,2.5,1.732050808,1.697409791,4
30136875_MinPolqaSfbRecording_cut.wav,2.5,1.0,0.98,4
30064155_MinPolqaSfbRecording_cut.wav,2.75,0.957427108,0.938278566,4
29532830_MinPolqaSfbRecording_cut.wav,1.75,1.5,1.47,4
30063343_MinPolqaSfbRecording_cut.wav,3.25,1.5,1.47,4
28607264_MinPolqaSfbRecording_cut.wav,3.25,0.957427108,0.938278566,4
30091122_MinPolqaSfbRecording_cut.wav,3.25,1.5,1.47,4
30098206_MinPolqaSfbRecording_cut.wav,3.0,0.816496581,0.800166649,4
29067981_MinPolqaSfbRecording_cut.wav,4.333333333,0.577350269,0.653333333,3
30212876_MinPolqaSfbRecording_cut.wav,3.666666667,1.154700538,1.306666667,3
30084436_MinPolqaSfbRecording_cut.wav,3.0,1.0,1.131606528,3
30121373_MinPolqaSfbRecording_cut.wav,2.666666667,1.154700538,1.306666667,3
29538622_MinPolqaSfbRecording_cut.wav,3.666666667,0.577350269,0.653333333,3
30075216_MinPolqaSfbRecording_cut.wav,3.0,1.0,1.131606528,3
30527000_MinPolqaSfbRecording_cut.wav,2.333333333,0.577350269,0.653333333,3
28683795_MinPolqaSfbRecording_cut.wav,3.0,0.0,0.0,3
30174655_MinPolqaSfbRecording_cut.wav,3.0,1.0,1.131606528,3
28338920_MinPolqaSfbRecording_cut.wav,4.333333333,0.577350269,0.653333333,3
30527126_MinPolqaSfbRecording_cut.wav,3.333333333,0.577350269,0.653333333,3
28889986_MinPolqaSfbRecording_cut.wav,4.0,0.0,0.0,3
27652145_MinPolqaSfbRecording_cut.wav,4.0,0.0,0.0,3
28830084_MinPolqaSfbRecording_cut.wav,4.0,0.0,0.0,3
30157481_MinPolqaSfbRecording_cut.wav,3.0,1.0,1.131606528,3
30119623_MinPolqaSfbRecording_cut.wav,3.666666667,0.577350269,0.653333333,3
30118348_MinPolqaSfbRecording_cut.wav,3.2,1.483239697,1.300116918,5
28436154_MinPolqaSfbRecording_cut.wav,4.6,0.547722558,0.48009999,5
30212029_MinPolqaSfbRecording_cut.wav,3.2,1.095445115,0.960199979,5
29533510_MinPolqaSfbRecording_cut.wav,3.8,0.836660027,0.733364848,5
30430750_MinPolqaSfbRecording_cut.wav,3.2,1.643167673,1.440299969,5
30161925_MinPolqaSfbRecording_cut.wav,4.4,0.547722558,0.48009999,5
30425264_MinPolqaSfbRecording_cut.wav,4.2,0.447213595,0.392,5
30259094_MinPolqaSfbRecording_cut.wav,4.4,0.894427191,0.784,5
30453299_MinPolqaSfbRecording_cut.wav,4.0,0.707106781,0.619806421,5
28201327_MinPolqaSfbRecording_cut.wav,4.25,0.5,0.49,4
30204769_MinPolqaSfbRecording_cut.wav,1.75,0.957427108,0.938278566,4
30438215_MinPolqaSfbRecording_cut.wav,3.5,0.577350269,0.565803264,4
30417166_MinPolqaSfbRecording_cut.wav,2.0,0.816496581,0.800166649,4
30527580_MinPolqaSfbRecording_cut.wav,3.0,0.816496581,0.800166649,4
27901074_MinPolqaSfbRecording_cut.wav,4.25,0.5,0.49,4
30254073_MinPolqaSfbRecording_cut.wav,2.25,0.957427108,0.938278566,4
30256364_MinPolqaSfbRecording_cut.wav,3.75,0.5,0.49,4
30066274_MinPolqaSfbRecording_cut.wav,4.25,0.957427108,0.938278566,4
30477810_MinPolqaSfbRecording_cut.wav,3.5,1.290994449,1.26517456,4
29540208_MinPolqaSfbRecording_cut.wav,2.25,0.957427108,0.938278566,4
30472185_MinPolqaSfbRecording_cut.wav,3.75,1.258305739,1.233139624,4
30523937_MinPolqaSfbRecording_cut.wav,3.75,0.957427108,0.938278566,4
30081788_MinPolqaSfbRecording_cut.wav,3.0,1.154700538,1.131606528,4
30423766_MinPolqaSfbRecording_cut.wav,3.75,0.957427108,0.938278566,4
30076229_MinPolqaSfbRecording_cut.wav,4.5,1.0,0.98,4
30154858_MinPolqaSfbRecording_cut.wav,3.75,0.957427108,0.938278566,4
30257578_MinPolqaSfbRecording_cut.wav,1.5,0.707106781,0.98,2
30164378_MinPolqaSfbRecording_cut.wav,2.0,0.0,0.0,2
30069708_MinPolqaSfbRecording_cut.wav,1.5,0.707106781,0.98,2
30487133_MinPolqaSfbRecording_cut.wav,2.0,0.0,0.0,2
30118030_MinPolqaSfbRecording_cut.wav,1.5,0.707106781,0.98,2
30484241_MinPolqaSfbRecording_cut.wav,1.5,0.707106781,0.98,2
30198998_MinPolqaSfbRecording_cut.wav,3.0,0.0,0.0,2
29042205_MinPolqaSfbRecording_cut.wav,3.5,0.707106781,0.98,2
27645623_MinPolqaSfbRecording_cut.wav,4.0,1.414213562,1.96,2
30428255_MinPolqaSfbRecording_cut.wav,1.5,0.707106781,0.98,2
30177435_MinPolqaSfbRecording_cut.wav,2.5,2.121320344,2.94,2
30118686_MinPolqaSfbRecording_cut.wav,2.0,1.414213562,1.96,2
30138005_MinPolqaSfbRecording_cut.wav,3.0,1.414213562,1.96,2
30157518_MinPolqaSfbRecording_cut.wav,3.0,0.0,0.0,2
30531049_MinPolqaSfbRecording_cut.wav,4.0,0.0,0.0,2
30075992_MinPolqaSfbRecording_cut.wav,4.0,0.0,0.0,2
30469030_MinPolqaSfbRecording_cut.wav,2.333333333,1.527525232,1.728557523,3
30163512_MinPolqaSfbRecording_cut.wav,3.0,1.0,1.131606528,3
30259898_MinPolqaSfbRecording_cut.wav,3.333333333,1.154700538,1.306666667,3
30139450_MinPolqaSfbRecording_cut.wav,1.333333333,0.577350269,0.653333333,3
28711395_MinPolqaSfbRecording_cut.wav,4.0,1.0,1.131606528,3
28212599_MinPolqaSfbRecording_cut.wav,3.0,0.0,0.0,3
30520488_MinPolqaSfbRecording_cut.wav,2.0,1.0,1.131606528,3
29539644_MinPolqaSfbRecording_cut.wav,3.5,0.577350269,0.565803264,4
30087619_MinPolqaSfbRecording_cut.wav,3.0,0.816496581,0.800166649,4
30174062_MinPolqaSfbRecording_cut.wav,3.0,1.414213562,1.385929291,4
29536118_MinPolqaSfbRecording_cut.wav,2.75,0.957427108,0.938278566,4
28260394_MinPolqaSfbRecording_cut.wav,4.25,0.957427108,0.938278566,4
30497138_MinPolqaSfbRecording_cut.wav,2.75,0.957427108,0.938278566,4
30087100_MinPolqaSfbRecording_cut.wav,3.25,0.5,0.49,4
30098322_MinPolqaSfbRecording_cut.wav,3.5,0.577350269,0.565803264,4
28341878_MinPolqaSfbRecording_cut.wav,3.75,0.5,0.49,4
30426973_MinPolqaSfbRecording_cut.wav,4.25,0.957427108,0.938278566,4
30145600_MinPolqaSfbRecording_cut.wav,4.0,0.816496581,0.800166649,4
30212511_MinPolqaSfbRecording_cut.wav,3.5,0.577350269,0.565803264,4
30083419_MinPolqaSfbRecording_cut.wav,4.5,1.0,0.98,4
30200223_MinPolqaSfbRecording_cut.wav,3.25,0.5,0.49,4
29537143_MinPolqaSfbRecording_cut.wav,3.5,0.577350269,0.565803264,4
30467687_MinPolqaSfbRecording_cut.wav,3.75,0.957427108,0.938278566,4
27664883_MinPolqaSfbRecording_cut.wav,4.25,0.957427108,0.938278566,4
30485423_MinPolqaSfbRecording_cut.wav,4.5,0.577350269,0.565803264,4
30157516_MinPolqaSfbRecording_cut.wav,3.333333333,0.577350269,0.653333333,3
27751510_MinPolqaSfbRecording_cut.wav,4.0,1.0,1.131606528,3
30169505_MinPolqaSfbRecording_cut.wav,2.666666667,0.577350269,0.653333333,3
30483648_MinPolqaSfbRecording_cut.wav,4.0,0.0,0.0,3
30502805_MinPolqaSfbRecording_cut.wav,2.333333333,0.577350269,0.653333333,3
30508373_MinPolqaSfbRecording_cut.wav,3.333333333,0.577350269,0.653333333,3
30407957_MinPolqaSfbRecording_cut.wav,3.0,0.0,0.0,3
30506291_MinPolqaSfbRecording_cut.wav,2.333333333,0.577350269,0.653333333,3
30101582_MinPolqaSfbRecording_cut.wav,4.0,1.0,1.131606528,3
30496819_MinPolqaSfbRecording_cut.wav,3.333333333,0.577350269,0.653333333,3
30464943_MinPolqaSfbRecording_cut.wav,2.0,1.0,1.131606528,3
30098285_MinPolqaSfbRecording_cut.wav,4.0,0.0,0.0,3
30154790_MinPolqaSfbRecording_cut.wav,2.666666667,0.577350269,0.653333333,3
30182478_MinPolqaSfbRecording_cut.wav,1.0,0.0,0.0,3
30065787_MinPolqaSfbRecording_cut.wav,2.666666667,0.577350269,0.653333333,3
30497517_MinPolqaSfbRecording_cut.wav,3.333333333,0.577350269,0.653333333,3
30081867_MinPolqaSfbRecording_cut.wav,3.0,0.707106781,0.619806421,5
28995553_MinPolqaSfbRecording_cut.wav,4.2,1.095445115,0.960199979,5
30263343_MinPolqaSfbRecording_cut.wav,3.2,1.095445115,0.960199979,5
30162366_MinPolqaSfbRecording_cut.wav,2.4,1.140175425,0.999407825,5
30064348_MinPolqaSfbRecording_cut.wav,2.8,0.836660027,0.733364848,5
28159871_MinPolqaSfbRecording_cut.wav,3.4,0.894427191,0.784,5
30185964_MinPolqaSfbRecording_cut.wav,2.4,1.140175425,0.999407825,5
30433449_MinPolqaSfbRecording_cut.wav,3.0,1.414213562,1.239612843,5
30478940_MinPolqaSfbRecording_cut.wav,2.4,1.140175425,0.999407825,5
28314401_MinPolqaSfbRecording_cut.wav,4.2,0.836660027,0.733364848,5
30183578_MinPolqaSfbRecording_cut.wav,1.8,1.303840481,1.142866571,5
30264384_MinPolqaSfbRecording_cut.wav,2.8,1.303840481,1.142866571,5
27846058_MinPolqaSfbRecording_cut.wav,4.2,1.303840481,1.142866571,5
28310535_MinPolqaSfbRecording_cut.wav,3.2,1.303840481,1.142866571,5
30125804_MinPolqaSfbRecording_cut.wav,4.0,1.224744871,1.073536213,5
30114134_MinPolqaSfbRecording_cut.wav,3.6,1.140175425,0.999407825,5
30529874_MinPolqaSfbRecording_cut.wav,3.333333333,0.577350269,0.653333333,3
28645089_MinPolqaSfbRecording_cut.wav,4.333333333,0.577350269,0.653333333,3
30505000_MinPolqaSfbRecording_cut.wav,3.333333333,0.577350269,0.653333333,3
28120092_MinPolqaSfbRecording_cut.wav,4.333333333,0.577350269,0.653333333,3
30250740_MinPolqaSfbRecording_cut.wav,4.0,1.0,1.131606528,3
30512994_MinPolqaSfbRecording_cut.wav,3.0,1.0,1.131606528,3
30430274_MinPolqaSfbRecording_cut.wav,3.0,1.0,1.131606528,3
27724389_MinPolqaSfbRecording_cut.wav,4.0,1.0,1.131606528,3
27655492_MinPolqaSfbRecording_cut.wav,4.333333333,0.577350269,0.653333333,3
30523643_MinPolqaSfbRecording_cut.wav,2.8,0.836660027,0.733364848,5
28346288_MinPolqaSfbRecording_cut.wav,4.0,1.0,0.876538647,5
30428161_MinPolqaSfbRecording_cut.wav,2.0,0.707106781,0.619806421,5
30455402_MinPolqaSfbRecording_cut.wav,2.4,0.547722558,0.48009999,5
30135520_MinPolqaSfbRecording_cut.wav,3.6,0.547722558,0.48009999,5
30531050_MinPolqaSfbRecording_cut.wav,3.4,0.547722558,0.48009999,5
30161001_MinPolqaSfbRecording_cut.wav,3.0,0.707106781,0.619806421,5
30133905_MinPolqaSfbRecording_cut.wav,3.2,0.836660027,0.733364848,5
30072951_MinPolqaSfbRecording_cut.wav,2.8,1.303840481,1.142866571,5
30113338_MinPolqaSfbRecording_cut.wav,3.25,0.5,0.49,4
30448924_MinPolqaSfbRecording_cut.wav,3.25,0.5,0.49,4
30193476_MinPolqaSfbRecording_cut.wav,2.75,0.5,0.49,4
30488584_MinPolqaSfbRecording_cut.wav,3.5,0.577350269,0.565803264,4
30162479_MinPolqaSfbRecording_cut.wav,2.75,0.957427108,0.938278566,4
30529708_MinPolqaSfbRecording_cut.wav,3.5,0.577350269,0.565803264,4
30466024_MinPolqaSfbRecording_cut.wav,2.0,1.414213562,1.385929291,4
30503336_MinPolqaSfbRecording_cut.wav,2.0,1.414213562,1.385929291,4
30465908_MinPolqaSfbRecording_cut.wav,3.0,0.816496581,0.800166649,4
30492897_MinPolqaSfbRecording_cut.wav,3.75,0.5,0.49,4
30450230_MinPolqaSfbRecording_cut.wav,3.5,0.577350269,0.565803264,4
30421707_MinPolqaSfbRecording_cut.wav,3.5,0.577350269,0.565803264,4
30150532_MinPolqaSfbRecording_cut.wav,3.5,1.290994449,1.26517456,4
30528853_MinPolqaSfbRecording_cut.wav,3.75,1.258305739,1.233139624,4
30501786_MinPolqaSfbRecording_cut.wav,4.25,0.5,0.49,4
30492208_MinPolqaSfbRecording_cut.wav,3.75,0.957427108,0.938278566,4
30432246_MinPolqaSfbRecording_cut.wav,3.5,1.290994449,1.26517456,4
30070507_MinPolqaSfbRecording_cut.wav,3.0,1.825741858,1.789227021,4
30256317_MinPolqaSfbRecording_cut.wav,2.0,0.0,0.0,2
30179207_MinPolqaSfbRecording_cut.wav,2.0,0.0,0.0,2
30439057_MinPolqaSfbRecording_cut.wav,2.5,0.707106781,0.98,2
30465385_MinPolqaSfbRecording_cut.wav,1.5,0.707106781,0.98,2
30086734_MinPolqaSfbRecording_cut.wav,2.0,1.414213562,1.96,2
30148929_MinPolqaSfbRecording_cut.wav,4.0,1.414213562,1.96,2
30161201_MinPolqaSfbRecording_cut.wav,2.0,0.0,0.0,2
30137987_MinPolqaSfbRecording_cut.wav,2.0,0.0,0.0,2
30106523_MinPolqaSfbRecording_cut.wav,4.0,0.707106781,0.619806421,5
27653043_MinPolqaSfbRecording_cut.wav,2.4,0.547722558,0.48009999,5
30472895_MinPolqaSfbRecording_cut.wav,2.8,0.836660027,0.733364848,5
28283676_MinPolqaSfbRecording_cut.wav,3.4,0.547722558,0.48009999,5
30207106_MinPolqaSfbRecording_cut.wav,3.2,0.836660027,0.733364848,5
28966275_MinPolqaSfbRecording_cut.wav,3.6,0.547722558,0.48009999,5
28260944_MinPolqaSfbRecording_cut.wav,4.2,0.447213595,0.392,5
28637458_MinPolqaSfbRecording_cut.wav,4.4,0.547722558,0.48009999,5
28611559_MinPolqaSfbRecording_cut.wav,3.8,0.836660027,0.733364848,5
30101060_MinPolqaSfbRecording_cut.wav,2.8,0.836660027,0.733364848,5
30522959_MinPolqaSfbRecording_cut.wav,3.0,0.0,0.0,4
28910414_MinPolqaSfbRecording_cut.wav,4.0,0.0,0.0,4
27932111_MinPolqaSfbRecording_cut.wav,2.75,0.5,0.49,4
30258423_MinPolqaSfbRecording_cut.wav,2.75,0.5,0.49,4
30067726_MinPolqaSfbRecording_cut.wav,3.0,0.816496581,0.800166649,4
28723577_MinPolqaSfbRecording_cut.wav,3.75,0.5,0.49,4
30201825_MinPolqaSfbRecording_cut.wav,3.5,0.577350269,0.565803264,4
30410799_MinPolqaSfbRecording_cut.wav,3.25,0.5,0.49,4
30200650_MinPolqaSfbRecording_cut.wav,1.25,0.5,0.49,4
30410433_MinPolqaSfbRecording_cut.wav,2.5,0.577350269,0.565803264,4
27904811_MinPolqaSfbRecording_cut.wav,4.666666667,0.577350269,0.653333333,3
30108410_MinPolqaSfbRecording_cut.wav,3.333333333,0.577350269,0.653333333,3
30200325_MinPolqaSfbRecording_cut.wav,3.666666667,1.527525232,1.728557523,3
30484113_MinPolqaSfbRecording_cut.wav,4.666666667,0.577350269,0.653333333,3
29534949_MinPolqaSfbRecording_cut.wav,4.0,1.0,1.131606528,3
30188906_MinPolqaSfbRecording_cut.wav,3.666666667,0.577350269,0.653333333,3
30202511_MinPolqaSfbRecording_cut.wav,3.333333333,2.081665999,2.355626833,3
30501852_MinPolqaSfbRecording_cut.wav,3.75,1.258305739,1.233139624,4
30101985_MinPolqaSfbRecording_cut.wav,2.5,1.290994449,1.26517456,4
30153787_MinPolqaSfbRecording_cut.wav,3.0,1.414213562,1.385929291,4
29535899_MinPolqaSfbRecording_cut.wav,3.25,0.957427108,0.938278566,4
28206937_MinPolqaSfbRecording_cut.wav,4.5,0.577350269,0.565803264,4
30467350_MinPolqaSfbRecording_cut.wav,3.25,1.707825128,1.673668625,4
30506869_MinPolqaSfbRecording_cut.wav,3.75,1.258305739,1.233139624,4
30510470_MinPolqaSfbRecording_cut.wav,4.25,0.5,0.49,4
30437358_MinPolqaSfbRecording_cut.wav,3.75,0.957427108,0.938278566,4
30452293_MinPolqaSfbRecording_cut.wav,3.5,1.290994449,1.26517456,4
30441994_MinPolqaSfbRecording_cut.wav,3.333333333,0.577350269,0.653333333,3
30189327_MinPolqaSfbRecording_cut.wav,1.333333333,0.577350269,0.653333333,3
30065378_MinPolqaSfbRecording_cut.wav,2.666666667,1.154700538,1.306666667,3
30411257_MinPolqaSfbRecording_cut.wav,2.666666667,0.577350269,0.653333333,3
30155736_MinPolqaSfbRecording_cut.wav,4.0,1.0,1.131606528,3
30468609_MinPolqaSfbRecording_cut.wav,4.0,0.0,0.0,3
30442745_MinPolqaSfbRecording_cut.wav,4.0,0.0,0.0,3
30144903_MinPolqaSfbRecording_cut.wav,4.0,1.0,1.131606528,3
30524005_MinPolqaSfbRecording_cut.wav,2.75,1.707825128,1.673668625,4
28203086_MinPolqaSfbRecording_cut.wav,3.25,1.5,1.47,4
30097316_MinPolqaSfbRecording_cut.wav,2.5,1.290994449,1.26517456,4
30182517_MinPolqaSfbRecording_cut.wav,3.25,1.5,1.47,4
30468052_MinPolqaSfbRecording_cut.wav,3.75,0.5,0.49,4
30060534_MinPolqaSfbRecording_cut.wav,2.75,0.5,0.49,4
30427307_MinPolqaSfbRecording_cut.wav,2.75,2.061552813,2.020321757,4
30145737_MinPolqaSfbRecording_cut.wav,2.75,0.957427108,0.938278566,4
30071018_MinPolqaSfbRecording_cut.wav,3.25,0.5,0.49,4
30260923_MinPolqaSfbRecording_cut.wav,4.0,,,1
30207768_MinPolqaSfbRecording_cut.wav,5.0,,,1
30193955_MinPolqaSfbRecording_cut.wav,4.0,,,1
30064667_MinPolqaSfbRecording_cut.wav,5.0,,,1
30192871_MinPolqaSfbRecording_cut.wav,4.0,,,1
30177409_MinPolqaSfbRecording_cut.wav,4.0,,,1
30490801_MinPolqaSfbRecording_cut.wav,2.25,1.258305739,1.233139624,4
30483737_MinPolqaSfbRecording_cut.wav,2.5,1.0,0.98,4
27680152_MinPolqaSfbRecording_cut.wav,3.25,0.5,0.49,4
30477847_MinPolqaSfbRecording_cut.wav,2.5,1.290994449,1.26517456,4
28628774_MinPolqaSfbRecording_cut.wav,3.0,0.0,0.0,4
30260642_MinPolqaSfbRecording_cut.wav,2.5,1.0,0.98,4
30158256_MinPolqaSfbRecording_cut.wav,2.75,1.5,1.47,4
30490209_MinPolqaSfbRecording_cut.wav,3.666666667,1.527525232,1.728557523,3
30180255_MinPolqaSfbRecording_cut.wav,2.0,1.0,1.131606528,3
30106895_MinPolqaSfbRecording_cut.wav,3.666666667,1.527525232,1.728557523,3
30458492_MinPolqaSfbRecording_cut.wav,2.333333333,1.527525232,1.728557523,3
28967972_MinPolqaSfbRecording_cut.wav,3.666666667,0.577350269,0.653333333,3
27985046_MinPolqaSfbRecording_cut.wav,3.333333333,0.577350269,0.653333333,3
30469280_MinPolqaSfbRecording_cut.wav,3.333333333,0.577350269,0.653333333,3
30090025_MinPolqaSfbRecording_cut.wav,3.0,1.0,1.131606528,3
27511673_MinPolqaSfbRecording_cut.wav,4.0,1.0,1.131606528,3
30522069_MinPolqaSfbRecording_cut.wav,3.666666667,0.577350269,0.653333333,3
28939305_MinPolqaSfbRecording_cut.wav,4.333333333,1.154700538,1.306666667,3
30092752_MinPolqaSfbRecording_cut.wav,2.0,0.0,0.0,3
30468022_MinPolqaSfbRecording_cut.wav,3.666666667,0.577350269,0.653333333,3
30455871_MinPolqaSfbRecording_cut.wav,4.0,0.0,0.0,3
27977779_MinPolqaSfbRecording_cut.wav,4.0,1.0,1.131606528,3
30078893_MinPolqaSfbRecording_cut.wav,4.333333333,1.154700538,1.306666667,3
28253600_MinPolqaSfbRecording_cut.wav,4.0,0.0,0.0,3
30097924_MinPolqaSfbRecording_cut.wav,3.0,1.0,1.131606528,3
30112180_MinPolqaSfbRecording_cut.wav,1.333333333,0.577350269,0.653333333,3
30147284_MinPolqaSfbRecording_cut.wav,4.333333333,0.577350269,0.653333333,3
30067051_MinPolqaSfbRecording_cut.wav,3.0,0.0,0.0,3
30063978_MinPolqaSfbRecording_cut.wav,2.666666667,0.577350269,0.653333333,3
27740395_MinPolqaSfbRecording_cut.wav,4.666666667,0.577350269,0.653333333,3
30467418_MinPolqaSfbRecording_cut.wav,3.0,0.0,0.0,3
30140544_MinPolqaSfbRecording_cut.wav,1.333333333,0.577350269,0.653333333,3
30125019_MinPolqaSfbRecording_cut.wav,3.666666667,0.577350269,0.653333333,3
30432111_MinPolqaSfbRecording_cut.wav,3.0,1.0,1.131606528,3
30138501_MinPolqaSfbRecording_cut.wav,3.8,1.095445115,0.960199979,5
28296938_MinPolqaSfbRecording_cut.wav,3.8,0.836660027,0.733364848,5
30455249_MinPolqaSfbRecording_cut.wav,2.8,1.095445115,0.960199979,5
30488632_MinPolqaSfbRecording_cut.wav,3.8,0.836660027,0.733364848,5
30178404_MinPolqaSfbRecording_cut.wav,3.6,1.140175425,0.999407825,5
30508284_MinPolqaSfbRecording_cut.wav,2.4,1.140175425,0.999407825,5
29538751_MinPolqaSfbRecording_cut.wav,3.6,1.140175425,0.999407825,5
30125643_MinPolqaSfbRecording_cut.wav,2.5,1.290994449,1.26517456,4
30209873_MinPolqaSfbRecording_cut.wav,3.0,1.154700538,1.131606528,4
30496395_MinPolqaSfbRecording_cut.wav,2.0,1.154700538,1.131606528,4
30067234_MinPolqaSfbRecording_cut.wav,4.0,0.816496581,0.800166649,4
30178921_MinPolqaSfbRecording_cut.wav,2.5,1.732050808,1.697409791,4
30512970_MinPolqaSfbRecording_cut.wav,2.25,1.258305739,1.233139624,4
30144338_MinPolqaSfbRecording_cut.wav,3.5,1.290994449,1.26517456,4
30060841_MinPolqaSfbRecording_cut.wav,2.75,1.258305739,1.233139624,4
27723422_MinPolqaSfbRecording_cut.wav,3.2,1.095445115,0.960199979,5
30079478_MinPolqaSfbRecording_cut.wav,2.0,1.224744871,1.073536213,5
28310516_MinPolqaSfbRecording_cut.wav,3.4,1.341640786,1.176,5
30070627_MinPolqaSfbRecording_cut.wav,2.4,1.949358869,1.708688386,5
30199756_MinPolqaSfbRecording_cut.wav,3.4,1.341640786,1.176,5
30068115_MinPolqaSfbRecording_cut.wav,3.4,1.341640786,1.176,5
30415879_MinPolqaSfbRecording_cut.wav,4.0,1.0,0.876538647,5
30086831_MinPolqaSfbRecording_cut.wav,1.5,1.0,0.98,4
29068612_MinPolqaSfbRecording_cut.wav,3.5,0.577350269,0.565803264,4
30180803_MinPolqaSfbRecording_cut.wav,3.5,0.577350269,0.565803264,4
30088802_MinPolqaSfbRecording_cut.wav,2.25,0.5,0.49,4
30109791_MinPolqaSfbRecording_cut.wav,4.25,0.5,0.49,4
28648941_MinPolqaSfbRecording_cut.wav,4.5,0.577350269,0.565803264,4
30481354_MinPolqaSfbRecording_cut.wav,1.75,0.957427108,0.938278566,4
30156557_MinPolqaSfbRecording_cut.wav,3.75,0.5,0.49,4
30523151_MinPolqaSfbRecording_cut.wav,2.25,1.258305739,1.233139624,4
27792413_MinPolqaSfbRecording_cut.wav,3.25,1.5,1.47,4
27855985_MinPolqaSfbRecording_cut.wav,4.5,0.577350269,0.565803264,4
30164376_MinPolqaSfbRecording_cut.wav,2.25,0.957427108,0.938278566,4
30133092_MinPolqaSfbRecording_cut.wav,3.75,0.5,0.49,4
30061084_MinPolqaSfbRecording_cut.wav,2.0,0.0,0.0,4
30099513_MinPolqaSfbRecording_cut.wav,3.25,0.5,0.49,4
30080698_MinPolqaSfbRecording_cut.wav,4.25,0.5,0.49,4
30254609_MinPolqaSfbRecording_cut.wav,2.25,0.5,0.49,4
30173780_MinPolqaSfbRecording_cut.wav,3.0,0.816496581,0.800166649,4
30484780_MinPolqaSfbRecording_cut.wav,1.5,0.577350269,0.565803264,4
30445097_MinPolqaSfbRecording_cut.wav,2.75,0.957427108,0.938278566,4
30471114_MinPolqaSfbRecording_cut.wav,1.5,0.577350269,0.565803264,4
30522120_MinPolqaSfbRecording_cut.wav,3.0,0.816496581,0.800166649,4
30529140_MinPolqaSfbRecording_cut.wav,1.75,0.5,0.49,4
30113697_MinPolqaSfbRecording_cut.wav,3.25,1.258305739,1.233139624,4
30176488_MinPolqaSfbRecording_cut.wav,1.25,0.5,0.49,4
30078425_MinPolqaSfbRecording_cut.wav,3.0,0.816496581,0.800166649,4
30255869_MinPolqaSfbRecording_cut.wav,1.5,0.577350269,0.565803264,4
30179758_MinPolqaSfbRecording_cut.wav,3.75,0.5,0.49,4
30263775_MinPolqaSfbRecording_cut.wav,2.75,0.5,0.49,4
28196123_MinPolqaSfbRecording_cut.wav,4.5,0.577350269,0.565803264,4
30106944_MinPolqaSfbRecording_cut.wav,3.25,1.5,1.47,4
30262355_MinPolqaSfbRecording_cut.wav,2.5,0.577350269,0.565803264,4
30176891_MinPolqaSfbRecording_cut.wav,2.5,0.577350269,0.565803264,4
30202329_MinPolqaSfbRecording_cut.wav,2.75,0.5,0.49,4
30135323_MinPolqaSfbRecording_cut.wav,1.75,0.5,0.49,4
28524185_MinPolqaSfbRecording_cut.wav,4.25,0.5,0.49,4
30173013_MinPolqaSfbRecording_cut.wav,2.75,1.5,1.47,4
30164804_MinPolqaSfbRecording_cut.wav,2.75,1.258305739,1.233139624,4
30069100_MinPolqaSfbRecording_cut.wav,2.5,1.290994449,1.26517456,4
30178042_MinPolqaSfbRecording_cut.wav,3.25,1.707825128,1.673668625,4
30082593_MinPolqaSfbRecording_cut.wav,3.25,1.5,1.47,4
28290886_MinPolqaSfbRecording_cut.wav,2.75,0.957427108,0.938278566,4
30261886_MinPolqaSfbRecording_cut.wav,2.25,1.258305739,1.233139624,4
27795787_MinPolqaSfbRecording_cut.wav,4.75,0.5,0.49,4
30079730_MinPolqaSfbRecording_cut.wav,3.333333333,0.577350269,0.653333333,3
28240273_MinPolqaSfbRecording_cut.wav,3.666666667,0.577350269,0.653333333,3
30486325_MinPolqaSfbRecording_cut.wav,4.333333333,0.577350269,0.653333333,3
30100689_MinPolqaSfbRecording_cut.wav,3.0,1.0,1.131606528,3
30082510_MinPolqaSfbRecording_cut.wav,4.333333333,0.577350269,0.653333333,3
29556404_MinPolqaSfbRecording_cut.wav,4.0,1.0,1.131606528,3
30084110_MinPolqaSfbRecording_cut.wav,3.666666667,1.154700538,1.306666667,3
30411690_MinPolqaSfbRecording_cut.wav,2.666666667,1.154700538,1.306666667,3
30507538_MinPolqaSfbRecording_cut.wav,2.0,1.732050808,1.96,3
30082666_MinPolqaSfbRecording_cut.wav,1.666666667,0.577350269,0.653333333,3
30414403_MinPolqaSfbRecording_cut.wav,2.666666667,0.577350269,0.653333333,3
30428526_MinPolqaSfbRecording_cut.wav,1.0,0.0,0.0,3
30091947_MinPolqaSfbRecording_cut.wav,2.333333333,0.577350269,0.653333333,3
30529646_MinPolqaSfbRecording_cut.wav,3.0,1.0,1.131606528,3
28646489_MinPolqaSfbRecording_cut.wav,3.666666667,0.577350269,0.653333333,3
29556388_MinPolqaSfbRecording_cut.wav,2.666666667,0.577350269,0.653333333,3
30133119_MinPolqaSfbRecording_cut.wav,3.0,1.0,1.131606528,3
30071861_MinPolqaSfbRecording_cut.wav,4.666666667,0.577350269,0.653333333,3
27977765_MinPolqaSfbRecording_cut.wav,3.8,1.643167673,1.440299969,5
28530167_MinPolqaSfbRecording_cut.wav,4.4,0.547722558,0.48009999,5
30214407_MinPolqaSfbRecording_cut.wav,2.4,1.140175425,0.999407825,5
30421191_MinPolqaSfbRecording_cut.wav,3.8,0.836660027,0.733364848,5
28434090_MinPolqaSfbRecording_cut.wav,4.0,0.707106781,0.619806421,5
30474191_MinPolqaSfbRecording_cut.wav,4.0,0.707106781,0.619806421,5
30514826_MinPolqaSfbRecording_cut.wav,3.8,0.836660027,0.733364848,5
30505752_MinPolqaSfbRecording_cut.wav,2.5,0.577350269,0.565803264,4
27607727_MinPolqaSfbRecording_cut.wav,3.25,0.957427108,0.938278566,4
30147139_MinPolqaSfbRecording_cut.wav,3.25,0.5,0.49,4
30264217_MinPolqaSfbRecording_cut.wav,4.0,1.414213562,1.385929291,4
30482636_MinPolqaSfbRecording_cut.wav,3.5,0.577350269,0.565803264,4
30482177_MinPolqaSfbRecording_cut.wav,3.5,1.0,0.98,4
30259586_MinPolqaSfbRecording_cut.wav,2.5,0.577350269,0.565803264,4
30086484_MinPolqaSfbRecording_cut.wav,3.0,1.414213562,1.385929291,4
29533799_MinPolqaSfbRecording_cut.wav,3.0,1.0,1.131606528,3
30511259_MinPolqaSfbRecording_cut.wav,3.0,0.0,0.0,3
28976456_MinPolqaSfbRecording_cut.wav,3.0,1.0,1.131606528,3
29532467_MinPolqaSfbRecording_cut.wav,2.666666667,1.154700538,1.306666667,3
29012394_MinPolqaSfbRecording_cut.wav,2.666666667,0.577350269,0.653333333,3
28061685_MinPolqaSfbRecording_cut.wav,3.333333333,0.577350269,0.653333333,3
30207674_MinPolqaSfbRecording_cut.wav,1.333333333,0.577350269,0.653333333,3
30133904_MinPolqaSfbRecording_cut.wav,2.666666667,0.577350269,0.653333333,3
29540050_MinPolqaSfbRecording_cut.wav,3.0,1.0,1.131606528,3
30471224_MinPolqaSfbRecording_cut.wav,3.666666667,0.577350269,0.653333333,3
30519063_MinPolqaSfbRecording_cut.wav,3.333333333,0.577350269,0.653333333,3
30454058_MinPolqaSfbRecording_cut.wav,3.0,1.0,1.131606528,3
30076849_MinPolqaSfbRecording_cut.wav,3.0,1.0,1.131606528,3
30506370_MinPolqaSfbRecording_cut.wav,2.0,1.0,1.131606528,3
30142656_MinPolqaSfbRecording_cut.wav,2.333333333,0.577350269,0.653333333,3
30192747_MinPolqaSfbRecording_cut.wav,2.666666667,1.527525232,1.728557523,3
27766710_MinPolqaSfbRecording_cut.wav,3.0,0.0,0.0,3
30083813_MinPolqaSfbRecording_cut.wav,2.333333333,1.527525232,1.728557523,3
30137196_MinPolqaSfbRecording_cut.wav,2.333333333,1.154700538,1.306666667,3
30095628_MinPolqaSfbRecording_cut.wav,3.333333333,1.527525232,1.728557523,3
30098097_MinPolqaSfbRecording_cut.wav,3.0,1.0,1.131606528,3
30096878_MinPolqaSfbRecording_cut.wav,3.0,1.0,1.131606528,3
30065680_MinPolqaSfbRecording_cut.wav,3.0,0.707106781,0.619806421,5
30071351_MinPolqaSfbRecording_cut.wav,3.8,0.836660027,0.733364848,5
30174248_MinPolqaSfbRecording_cut.wav,2.6,0.547722558,0.48009999,5
30477501_MinPolqaSfbRecording_cut.wav,2.6,0.547722558,0.48009999,5
30415204_MinPolqaSfbRecording_cut.wav,4.0,0.707106781,0.619806421,5
30060010_MinPolqaSfbRecording_cut.wav,3.4,1.140175425,0.999407825,5
30481931_MinPolqaSfbRecording_cut.wav,3.8,0.836660027,0.733364848,5
30471870_MinPolqaSfbRecording_cut.wav,3.6,1.140175425,0.999407825,5
30439346_MinPolqaSfbRecording_cut.wav,3.0,1.414213562,1.96,2
30481443_MinPolqaSfbRecording_cut.wav,3.5,0.707106781,0.98,2
28464600_MinPolqaSfbRecording_cut.wav,3.0,0.0,0.0,2
30528514_MinPolqaSfbRecording_cut.wav,3.5,0.707106781,0.98,2
28454253_MinPolqaSfbRecording_cut.wav,3.0,0.0,0.0,2
30493081_MinPolqaSfbRecording_cut.wav,3.0,1.414213562,1.96,2
30485470_MinPolqaSfbRecording_cut.wav,3.0,0.0,0.0,2
30102804_MinPolqaSfbRecording_cut.wav,2.5,0.707106781,0.98,2
27825162_MinPolqaSfbRecording_cut.wav,2.5,0.707106781,0.98,2
30410231_MinPolqaSfbRecording_cut.wav,4.2,0.836660027,0.733364848,5
27885423_MinPolqaSfbRecording_cut.wav,4.0,0.707106781,0.619806421,5
30133094_MinPolqaSfbRecording_cut.wav,3.2,1.303840481,1.142866571,5
30164076_MinPolqaSfbRecording_cut.wav,3.0,1.414213562,1.239612843,5
30263356_MinPolqaSfbRecording_cut.wav,2.4,1.140175425,0.999407825,5
29539768_MinPolqaSfbRecording_cut.wav,3.2,1.095445115,0.960199979,5
30522221_MinPolqaSfbRecording_cut.wav,3.8,0.836660027,0.733364848,5
30080445_MinPolqaSfbRecording_cut.wav,2.4,1.516575089,1.329336677,5
30177649_MinPolqaSfbRecording_cut.wav,2.0,1.414213562,1.385929291,4
30172964_MinPolqaSfbRecording_cut.wav,4.0,0.0,0.0,4
30425208_MinPolqaSfbRecording_cut.wav,2.25,0.5,0.49,4
30496379_MinPolqaSfbRecording_cut.wav,2.0,0.816496581,0.800166649,4
27740418_MinPolqaSfbRecording_cut.wav,3.25,0.5,0.49,4
30180264_MinPolqaSfbRecording_cut.wav,2.5,1.0,0.98,4
27764694_MinPolqaSfbRecording_cut.wav,3.75,0.957427108,0.938278566,4
30253523_MinPolqaSfbRecording_cut.wav,2.75,0.957427108,0.938278566,4
28027490_MinPolqaSfbRecording_cut.wav,4.2,0.447213595,0.392,5
30059420_MinPolqaSfbRecording_cut.wav,3.0,1.870828693,1.639853652,5
30161032_MinPolqaSfbRecording_cut.wav,2.8,1.788854382,1.568,5
30406710_MinPolqaSfbRecording_cut.wav,2.6,1.516575089,1.329336677,5
29538516_MinPolqaSfbRecording_cut.wav,3.6,0.894427191,0.784,5
30150739_MinPolqaSfbRecording_cut.wav,2.8,1.303840481,1.142866571,5
30125224_MinPolqaSfbRecording_cut.wav,3.2,1.095445115,0.960199979,5
30250006_MinPolqaSfbRecording_cut.wav,3.2,1.303840481,1.142866571,5
28887192_MinPolqaSfbRecording_cut.wav,4.0,0.707106781,0.619806421,5
30432210_MinPolqaSfbRecording_cut.wav,4.0,0.0,0.0,5
28043454_MinPolqaSfbRecording_cut.wav,3.75,0.5,0.49,4
30428886_MinPolqaSfbRecording_cut.wav,1.25,0.5,0.49,4
30513661_MinPolqaSfbRecording_cut.wav,2.25,0.5,0.49,4
28671803_MinPolqaSfbRecording_cut.wav,2.75,0.957427108,0.938278566,4
30121026_MinPolqaSfbRecording_cut.wav,2.5,0.577350269,0.565803264,4
30165732_MinPolqaSfbRecording_cut.wav,2.25,0.5,0.49,4
30513162_MinPolqaSfbRecording_cut.wav,3.25,0.5,0.49,4
28967792_MinPolqaSfbRecording_cut.wav,4.25,0.5,0.49,4
30522543_MinPolqaSfbRecording_cut.wav,4.0,0.707106781,0.619806421,5
28287049_MinPolqaSfbRecording_cut.wav,4.4,0.547722558,0.48009999,5
30259958_MinPolqaSfbRecording_cut.wav,2.6,1.341640786,1.176,5
30128755_MinPolqaSfbRecording_cut.wav,4.0,1.0,0.876538647,5
30126793_MinPolqaSfbRecording_cut.wav,3.4,0.894427191,0.784,5
30103239_MinPolqaSfbRecording_cut.wav,4.2,0.447213595,0.392,5
30120157_MinPolqaSfbRecording_cut.wav,2.6,1.816590212,1.592311527,5
30106320_MinPolqaSfbRecording_cut.wav,3.2,1.303840481,1.142866571,5
28152632_MinPolqaSfbRecording_cut.wav,4.4,0.894427191,0.784,5
30214333_MinPolqaSfbRecording_cut.wav,3.8,0.836660027,0.733364848,5
30430562_MinPolqaSfbRecording_cut.wav,2.0,1.414213562,1.239612843,5
30478569_MinPolqaSfbRecording_cut.wav,2.2,1.643167673,1.440299969,5
30512328_MinPolqaSfbRecording_cut.wav,4.0,0.707106781,0.619806421,5
30490210_MinPolqaSfbRecording_cut.wav,4.2,1.303840481,1.142866571,5
30519693_MinPolqaSfbRecording_cut.wav,2.8,1.303840481,1.142866571,5
30409209_MinPolqaSfbRecording_cut.wav,3.2,1.303840481,1.142866571,5
30195495_MinPolqaSfbRecording_cut.wav,3.8,0.447213595,0.392,5
27615953_MinPolqaSfbRecording_cut.wav,4.0,1.0,1.131606528,3
30128769_MinPolqaSfbRecording_cut.wav,1.666666667,1.154700538,1.306666667,3
30413997_MinPolqaSfbRecording_cut.wav,3.333333333,1.527525232,1.728557523,3
30097698_MinPolqaSfbRecording_cut.wav,3.0,0.0,0.0,3
27719039_MinPolqaSfbRecording_cut.wav,4.333333333,0.577350269,0.653333333,3
30479118_MinPolqaSfbRecording_cut.wav,1.666666667,0.577350269,0.653333333,3
30456069_MinPolqaSfbRecording_cut.wav,3.666666667,1.154700538,1.306666667,3
27950089_MinPolqaSfbRecording_cut.wav,4.0,0.0,0.0,3
30066761_MinPolqaSfbRecording_cut.wav,2.666666667,0.577350269,0.653333333,3
27792544_MinPolqaSfbRecording_cut.wav,4.333333333,0.577350269,0.653333333,3
30064682_MinPolqaSfbRecording_cut.wav,2.333333333,1.154700538,1.306666667,3
30461068_MinPolqaSfbRecording_cut.wav,3.333333333,1.527525232,1.728557523,3
30061403_MinPolqaSfbRecording_cut.wav,3.0,0.0,0.0,3
30091732_MinPolqaSfbRecording_cut.wav,4.0,0.0,0.0,3
30480088_MinPolqaSfbRecording_cut.wav,4.0,1.0,1.131606528,3
30184502_MinPolqaSfbRecording_cut.wav,2.666666667,1.154700538,1.306666667,3
30156094_MinPolqaSfbRecording_cut.wav,4.0,0.0,0.0,3
30526677_MinPolqaSfbRecording_cut.wav,1.333333333,0.577350269,0.653333333,3
30462782_MinPolqaSfbRecording_cut.wav,3.333333333,0.577350269,0.653333333,3
30119868_MinPolqaSfbRecording_cut.wav,2.333333333,0.577350269,0.653333333,3
28906184_MinPolqaSfbRecording_cut.wav,2.666666667,0.577350269,0.653333333,3
30096101_MinPolqaSfbRecording_cut.wav,2.333333333,0.577350269,0.653333333,3
28113512_MinPolqaSfbRecording_cut.wav,3.0,1.0,1.131606528,3
30064974_MinPolqaSfbRecording_cut.wav,2.666666667,1.154700538,1.306666667,3
30117524_MinPolqaSfbRecording_cut.wav,3.0,0.0,0.0,3
27617937_MinPolqaSfbRecording_cut.wav,4.4,0.894427191,0.784,5
30452070_MinPolqaSfbRecording_cut.wav,1.6,1.341640786,1.176,5
30163472_MinPolqaSfbRecording_cut.wav,3.4,1.140175425,0.999407825,5
30091484_MinPolqaSfbRecording_cut.wav,3.4,0.547722558,0.48009999,5
30471570_MinPolqaSfbRecording_cut.wav,3.4,1.140175425,0.999407825,5
30210831_MinPolqaSfbRecording_cut.wav,4.2,0.836660027,0.733364848,5
30442674_MinPolqaSfbRecording_cut.wav,2.8,0.836660027,0.733364848,5
30462755_MinPolqaSfbRecording_cut.wav,4.0,1.224744871,1.073536213,5
29531934_MinPolqaSfbRecording_cut.wav,2.0,1.224744871,1.073536213,5
30488186_MinPolqaSfbRecording_cut.wav,2.8,0.836660027,0.733364848,5
30065687_MinPolqaSfbRecording_cut.wav,2.5,0.707106781,0.98,2
28292812_MinPolqaSfbRecording_cut.wav,4.0,0.0,0.0,2
30142014_MinPolqaSfbRecording_cut.wav,3.0,0.0,0.0,2
30434957_MinPolqaSfbRecording_cut.wav,3.0,0.0,0.0,2
29556390_MinPolqaSfbRecording_cut.wav,3.0,0.0,0.0,2
29542242_MinPolqaSfbRecording_cut.wav,3.5,0.707106781,0.98,2
28470840_MinPolqaSfbRecording_cut.wav,4.5,0.707106781,0.98,2
30090545_MinPolqaSfbRecording_cut.wav,2.5,0.707106781,0.98,2
29541786_MinPolqaSfbRecording_cut.wav,2.5,0.707106781,0.98,2
30446703_MinPolqaSfbRecording_cut.wav,3.5,0.707106781,0.98,2
30186102_MinPolqaSfbRecording_cut.wav,3.5,0.707106781,0.98,2
30063596_MinPolqaSfbRecording_cut.wav,4.5,0.707106781,0.98,2
30200633_MinPolqaSfbRecording_cut.wav,3.5,0.707106781,0.98,2
30412197_MinPolqaSfbRecording_cut.wav,1.0,0.0,0.0,2
30127119_MinPolqaSfbRecording_cut.wav,4.5,0.707106781,0.98,2
30441709_MinPolqaSfbRecording_cut.wav,3.0,1.414213562,1.96,2
30092819_MinPolqaSfbRecording_cut.wav,4.5,0.707106781,0.98,2
29532213_MinPolqaSfbRecording_cut.wav,3.5,0.707106781,0.98,2
30256761_MinPolqaSfbRecording_cut.wav,3.5,0.577350269,0.565803264,4
30122252_MinPolqaSfbRecording_cut.wav,4.0,0.816496581,0.800166649,4
29002173_MinPolqaSfbRecording_cut.wav,4.25,0.5,0.49,4
30401600_MinPolqaSfbRecording_cut.wav,2.75,1.258305739,1.233139624,4
30180878_MinPolqaSfbRecording_cut.wav,3.75,0.5,0.49,4
30202756_MinPolqaSfbRecording_cut.wav,3.25,0.957427108,0.938278566,4
30507741_MinPolqaSfbRecording_cut.wav,2.5,1.732050808,1.697409791,4
30465429_MinPolqaSfbRecording_cut.wav,1.75,0.957427108,0.938278566,4
28087145_MinPolqaSfbRecording_cut.wav,3.5,0.577350269,0.565803264,4
28664316_MinPolqaSfbRecording_cut.wav,4.25,0.5,0.49,4
27818334_MinPolqaSfbRecording_cut.wav,4.5,0.707106781,0.98,2
28088647_MinPolqaSfbRecording_cut.wav,4.5,0.707106781,0.98,2
28758611_MinPolqaSfbRecording_cut.wav,4.5,0.707106781,0.98,2
28912584_MinPolqaSfbRecording_cut.wav,4.0,1.414213562,1.96,2
28483316_MinPolqaSfbRecording_cut.wav,5.0,0.0,0.0,2
30194306_MinPolqaSfbRecording_cut.wav,3.5,2.121320344,2.94,2
28992119_MinPolqaSfbRecording_cut.wav,2.5,0.707106781,0.98,2
30257392_MinPolqaSfbRecording_cut.wav,3.5,0.707106781,0.98,2
30121299_MinPolqaSfbRecording_cut.wav,4.5,0.707106781,0.98,2
30437047_MinPolqaSfbRecording_cut.wav,4.25,0.957427108,0.938278566,4
30151580_MinPolqaSfbRecording_cut.wav,3.75,1.258305739,1.233139624,4
30118297_MinPolqaSfbRecording_cut.wav,4.0,0.816496581,0.800166649,4
30514191_MinPolqaSfbRecording_cut.wav,3.25,1.5,1.47,4
30096483_MinPolqaSfbRecording_cut.wav,3.75,0.957427108,0.938278566,4
30399419_MinPolqaSfbRecording_cut.wav,3.6,0.547722558,0.48009999,5
30514069_MinPolqaSfbRecording_cut.wav,3.4,0.547722558,0.48009999,5
30249540_MinPolqaSfbRecording_cut.wav,2.2,0.447213595,0.392,5
28143778_MinPolqaSfbRecording_cut.wav,3.0,0.0,0.0,5
30255541_MinPolqaSfbRecording_cut.wav,3.4,0.547722558,0.48009999,5
30471063_MinPolqaSfbRecording_cut.wav,2.2,0.836660027,0.733364848,5
30170685_MinPolqaSfbRecording_cut.wav,4.0,1.0,0.876538647,5
28856833_MinPolqaSfbRecording_cut.wav,3.6,0.547722558,0.48009999,5
30523938_MinPolqaSfbRecording_cut.wav,4.0,0.707106781,0.619806421,5
30083667_MinPolqaSfbRecording_cut.wav,3.4,0.894427191,0.784,5
30251680_MinPolqaSfbRecording_cut.wav,3.6,0.547722558,0.48009999,5
30181736_MinPolqaSfbRecording_cut.wav,3.8,0.836660027,0.733364848,5
30425387_MinPolqaSfbRecording_cut.wav,2.6,1.140175425,0.999407825,5
30139535_MinPolqaSfbRecording_cut.wav,3.6,0.894427191,0.784,5
29531272_MinPolqaSfbRecording_cut.wav,3.2,1.303840481,1.142866571,5
30488634_MinPolqaSfbRecording_cut.wav,4.0,0.0,0.0,3
30205739_MinPolqaSfbRecording_cut.wav,2.333333333,0.577350269,0.653333333,3
30136671_MinPolqaSfbRecording_cut.wav,3.0,1.0,1.131606528,3
27588786_MinPolqaSfbRecording_cut.wav,4.333333333,0.577350269,0.653333333,3
27714606_MinPolqaSfbRecording_cut.wav,3.666666667,0.577350269,0.653333333,3
30131914_MinPolqaSfbRecording_cut.wav,1.666666667,0.577350269,0.653333333,3
30151754_MinPolqaSfbRecording_cut.wav,3.8,1.095445115,0.960199979,5
27683204_MinPolqaSfbRecording_cut.wav,4.2,0.447213595,0.392,5
30098137_MinPolqaSfbRecording_cut.wav,3.2,1.095445115,0.960199979,5
27828311_MinPolqaSfbRecording_cut.wav,4.0,1.0,0.876538647,5
30514166_MinPolqaSfbRecording_cut.wav,3.4,0.894427191,0.784,5
30171388_MinPolqaSfbRecording_cut.wav,4.0,0.707106781,0.619806421,5
30162184_MinPolqaSfbRecording_cut.wav,3.4,0.547722558,0.48009999,5
30179908_MinPolqaSfbRecording_cut.wav,3.6,1.341640786,1.176,5
30463265_MinPolqaSfbRecording_cut.wav,4.0,,,1
30174560_MinPolqaSfbRecording_cut.wav,4.0,,,1
30146066_MinPolqaSfbRecording_cut.wav,4.0,,,1
30145542_MinPolqaSfbRecording_cut.wav,4.0,,,1
30450143_MinPolqaSfbRecording_cut.wav,5.0,,,1
30068074_MinPolqaSfbRecording_cut.wav,4.0,,,1
30180123_MinPolqaSfbRecording_cut.wav,5.0,,,1
30152016_MinPolqaSfbRecording_cut.wav,4.0,,,1
30064845_MinPolqaSfbRecording_cut.wav,3.0,1.0,1.131606528,3
30467495_MinPolqaSfbRecording_cut.wav,3.0,1.0,1.131606528,3
28929454_MinPolqaSfbRecording_cut.wav,3.333333333,1.154700538,1.306666667,3
30434085_MinPolqaSfbRecording_cut.wav,2.0,1.0,1.131606528,3
30491895_MinPolqaSfbRecording_cut.wav,1.333333333,0.577350269,0.653333333,3
28697178_MinPolqaSfbRecording_cut.wav,4.0,1.0,1.131606528,3
30446276_MinPolqaSfbRecording_cut.wav,4.333333333,0.577350269,0.653333333,3
30100026_MinPolqaSfbRecording_cut.wav,1.666666667,0.577350269,0.653333333,3
30254383_MinPolqaSfbRecording_cut.wav,3.0,0.0,0.0,3
30450624_MinPolqaSfbRecording_cut.wav,1.8,0.447213595,0.392,5
30086634_MinPolqaSfbRecording_cut.wav,2.6,0.547722558,0.48009999,5
30478458_MinPolqaSfbRecording_cut.wav,2.8,0.836660027,0.733364848,5
30480515_MinPolqaSfbRecording_cut.wav,3.8,0.447213595,0.392,5
30137722_MinPolqaSfbRecording_cut.wav,2.0,1.414213562,1.239612843,5
28166159_MinPolqaSfbRecording_cut.wav,3.0,0.707106781,0.619806421,5
30091331_MinPolqaSfbRecording_cut.wav,3.75,0.5,0.49,4
28987631_MinPolqaSfbRecording_cut.wav,3.75,0.5,0.49,4
28192469_MinPolqaSfbRecording_cut.wav,4.5,0.577350269,0.565803264,4
30489292_MinPolqaSfbRecording_cut.wav,2.75,0.5,0.49,4
28895701_MinPolqaSfbRecording_cut.wav,3.5,0.577350269,0.565803264,4
27889966_MinPolqaSfbRecording_cut.wav,3.75,0.5,0.49,4
27800714_MinPolqaSfbRecording_cut.wav,3.75,0.5,0.49,4
30402155_MinPolqaSfbRecording_cut.wav,2.75,0.957427108,0.938278566,4
30122254_MinPolqaSfbRecording_cut.wav,4.6,0.547722558,0.48009999,5
30161539_MinPolqaSfbRecording_cut.wav,3.6,0.547722558,0.48009999,5
30183377_MinPolqaSfbRecording_cut.wav,2.4,1.140175425,0.999407825,5
30461488_MinPolqaSfbRecording_cut.wav,2.0,1.224744871,1.073536213,5
30212976_MinPolqaSfbRecording_cut.wav,2.0,1.224744871,1.073536213,5
29543265_MinPolqaSfbRecording_cut.wav,4.2,0.447213595,0.392,5
29534642_MinPolqaSfbRecording_cut.wav,3.0,1.0,0.876538647,5
30158382_MinPolqaSfbRecording_cut.wav,2.6,0.894427191,0.784,5
30469478_MinPolqaSfbRecording_cut.wav,3.4,0.547722558,0.48009999,5
30128516_MinPolqaSfbRecording_cut.wav,3.25,0.957427108,0.938278566,4
27887499_MinPolqaSfbRecording_cut.wav,3.75,0.5,0.49,4
30142495_MinPolqaSfbRecording_cut.wav,3.5,1.290994449,1.26517456,4
27645494_MinPolqaSfbRecording_cut.wav,3.5,0.577350269,0.565803264,4
29542280_MinPolqaSfbRecording_cut.wav,3.5,0.577350269,0.565803264,4
28271888_MinPolqaSfbRecording_cut.wav,4.0,0.816496581,0.800166649,4
30160334_MinPolqaSfbRecording_cut.wav,2.0,0.816496581,0.800166649,4
30412525_MinPolqaSfbRecording_cut.wav,3.25,0.5,0.49,4
30211459_MinPolqaSfbRecording_cut.wav,3.0,0.0,0.0,4
30417243_MinPolqaSfbRecording_cut.wav,4.0,0.0,0.0,3
28623389_MinPolqaSfbRecording_cut.wav,4.333333333,0.577350269,0.653333333,3
30126998_MinPolqaSfbRecording_cut.wav,4.666666667,0.577350269,0.653333333,3
30452720_MinPolqaSfbRecording_cut.wav,2.666666667,1.527525232,1.728557523,3
30256906_MinPolqaSfbRecording_cut.wav,3.333333333,0.577350269,0.653333333,3
30118458_MinPolqaSfbRecording_cut.wav,3.666666667,0.577350269,0.653333333,3
28137223_MinPolqaSfbRecording_cut.wav,4.0,0.0,0.0,3
30141965_MinPolqaSfbRecording_cut.wav,3.2,0.836660027,0.733364848,5
30450911_MinPolqaSfbRecording_cut.wav,1.8,0.836660027,0.733364848,5
30164719_MinPolqaSfbRecording_cut.wav,3.0,1.0,0.876538647,5
30159762_MinPolqaSfbRecording_cut.wav,4.0,0.707106781,0.619806421,5
30088725_MinPolqaSfbRecording_cut.wav,2.2,0.447213595,0.392,5
30184228_MinPolqaSfbRecording_cut.wav,2.6,0.894427191,0.784,5
28631076_MinPolqaSfbRecording_cut.wav,4.0,0.707106781,0.619806421,5
30254209_MinPolqaSfbRecording_cut.wav,3.2,1.483239697,1.300116918,5
30514975_MinPolqaSfbRecording_cut.wav,2.4,0.547722558,0.48009999,5
30138598_MinPolqaSfbRecording_cut.wav,3.6,1.140175425,0.999407825,5
30527675_MinPolqaSfbRecording_cut.wav,4.333333333,0.577350269,0.653333333,3
27830073_MinPolqaSfbRecording_cut.wav,3.0,1.732050808,1.96,3
30214404_MinPolqaSfbRecording_cut.wav,3.333333333,1.154700538,1.306666667,3
30176594_MinPolqaSfbRecording_cut.wav,3.666666667,1.154700538,1.306666667,3
29542540_MinPolqaSfbRecording_cut.wav,2.0,0.0,0.0,3
28648960_MinPolqaSfbRecording_cut.wav,3.333333333,0.577350269,0.653333333,3
30206446_MinPolqaSfbRecording_cut.wav,3.333333333,1.154700538,1.306666667,3
30483410_MinPolqaSfbRecording_cut.wav,4.0,1.0,1.131606528,3
27662471_MinPolqaSfbRecording_cut.wav,3.0,1.0,1.131606528,3
30208728_MinPolqaSfbRecording_cut.wav,2.333333333,0.577350269,0.653333333,3
28463178_MinPolqaSfbRecording_cut.wav,4.0,,,1
30143776_MinPolqaSfbRecording_cut.wav,3.0,,,1
29529700_MinPolqaSfbRecording_cut.wav,2.0,,,1
30431748_MinPolqaSfbRecording_cut.wav,2.0,,,1
30159552_MinPolqaSfbRecording_cut.wav,2.0,,,1
30146419_MinPolqaSfbRecording_cut.wav,2.0,,,1
30164744_MinPolqaSfbRecording_cut.wav,2.0,,,1
30171457_MinPolqaSfbRecording_cut.wav,2.0,,,1
30110646_MinPolqaSfbRecording_cut.wav,1.0,,,1
30264206_MinPolqaSfbRecording_cut.wav,3.8,0.447213595,0.392,5
27510369_MinPolqaSfbRecording_cut.wav,4.2,0.836660027,0.733364848,5
30426714_MinPolqaSfbRecording_cut.wav,3.2,0.447213595,0.392,5
30496579_MinPolqaSfbRecording_cut.wav,2.6,0.547722558,0.48009999,5
30066608_MinPolqaSfbRecording_cut.wav,2.0,0.707106781,0.619806421,5
30147755_MinPolqaSfbRecording_cut.wav,1.8,0.447213595,0.392,5
30437734_MinPolqaSfbRecording_cut.wav,1.8,0.836660027,0.733364848,5
30512671_MinPolqaSfbRecording_cut.wav,1.4,0.894427191,0.784,5
30139275_MinPolqaSfbRecording_cut.wav,4.2,0.447213595,0.392,5
30449924_MinPolqaSfbRecording_cut.wav,2.4,0.547722558,0.48009999,5
30406647_MinPolqaSfbRecording_cut.wav,1.8,0.447213595,0.392,5
30478973_MinPolqaSfbRecording_cut.wav,2.8,0.836660027,0.733364848,5
30112736_MinPolqaSfbRecording_cut.wav,3.8,1.095445115,0.960199979,5
30472510_MinPolqaSfbRecording_cut.wav,1.4,0.547722558,0.48009999,5
30210900_MinPolqaSfbRecording_cut.wav,3.2,1.303840481,1.142866571,5
27825955_MinPolqaSfbRecording_cut.wav,3.6,0.894427191,0.784,5
30416957_MinPolqaSfbRecording_cut.wav,2.25,0.5,0.49,4
30059608_MinPolqaSfbRecording_cut.wav,2.0,1.414213562,1.385929291,4
30185020_MinPolqaSfbRecording_cut.wav,3.5,0.577350269,0.565803264,4
27942285_MinPolqaSfbRecording_cut.wav,3.75,0.5,0.49,4
30060646_MinPolqaSfbRecording_cut.wav,3.5,1.0,0.98,4
30164686_MinPolqaSfbRecording_cut.wav,2.75,0.957427108,0.938278566,4
30155279_MinPolqaSfbRecording_cut.wav,2.5,1.0,0.98,4
30409264_MinPolqaSfbRecording_cut.wav,2.666666667,0.577350269,0.653333333,3
30119039_MinPolqaSfbRecording_cut.wav,1.333333333,0.577350269,0.653333333,3
30149061_MinPolqaSfbRecording_cut.wav,1.666666667,0.577350269,0.653333333,3
30471475_MinPolqaSfbRecording_cut.wav,3.666666667,0.577350269,0.653333333,3
30090493_MinPolqaSfbRecording_cut.wav,3.0,1.0,1.131606528,3
30179051_MinPolqaSfbRecording_cut.wav,2.333333333,0.577350269,0.653333333,3
28417387_MinPolqaSfbRecording_cut.wav,3.666666667,0.577350269,0.653333333,3
30508873_MinPolqaSfbRecording_cut.wav,2.333333333,0.577350269,0.653333333,3
30530638_MinPolqaSfbRecording_cut.wav,3.666666667,0.577350269,0.653333333,3
30254454_MinPolqaSfbRecording_cut.wav,1.5,1.0,0.98,4
27923857_MinPolqaSfbRecording_cut.wav,4.0,0.816496581,0.800166649,4
30164908_MinPolqaSfbRecording_cut.wav,1.75,1.5,1.47,4
30083119_MinPolqaSfbRecording_cut.wav,2.75,1.707825128,1.673668625,4
30472630_MinPolqaSfbRecording_cut.wav,3.0,1.414213562,1.385929291,4
28877214_MinPolqaSfbRecording_cut.wav,3.75,1.5,1.47,4
30511786_MinPolqaSfbRecording_cut.wav,1.75,0.957427108,0.938278566,4
30485950_MinPolqaSfbRecording_cut.wav,2.75,0.957427108,0.938278566,4
30104705_MinPolqaSfbRecording_cut.wav,3.0,0.0,0.0,2
30169161_MinPolqaSfbRecording_cut.wav,2.5,0.707106781,0.98,2
30184957_MinPolqaSfbRecording_cut.wav,4.0,1.414213562,1.96,2
27849879_MinPolqaSfbRecording_cut.wav,4.5,0.707106781,0.98,2
30139272_MinPolqaSfbRecording_cut.wav,4.5,0.707106781,0.98,2
28439947_MinPolqaSfbRecording_cut.wav,4.5,0.707106781,0.98,2
30436600_MinPolqaSfbRecording_cut.wav,2.0,0.0,0.0,2
30430684_MinPolqaSfbRecording_cut.wav,1.5,0.707106781,0.98,2
30426495_MinPolqaSfbRecording_cut.wav,4.5,0.707106781,0.98,2
30429210_MinPolqaSfbRecording_cut.wav,2.0,1.414213562,1.385929291,4
30520008_MinPolqaSfbRecording_cut.wav,2.75,1.5,1.47,4
30430499_MinPolqaSfbRecording_cut.wav,2.5,1.732050808,1.697409791,4
27683747_MinPolqaSfbRecording_cut.wav,3.75,0.957427108,0.938278566,4
30206297_MinPolqaSfbRecording_cut.wav,2.25,1.258305739,1.233139624,4
30068254_MinPolqaSfbRecording_cut.wav,2.75,1.5,1.47,4
30157524_MinPolqaSfbRecording_cut.wav,3.8,0.447213595,0.392,5
29535273_MinPolqaSfbRecording_cut.wav,2.6,0.547722558,0.48009999,5
30155338_MinPolqaSfbRecording_cut.wav,3.8,0.836660027,0.733364848,5
29033067_MinPolqaSfbRecording_cut.wav,3.2,0.447213595,0.392,5
30262405_MinPolqaSfbRecording_cut.wav,3.4,0.547722558,0.48009999,5
30106836_MinPolqaSfbRecording_cut.wav,3.0,0.707106781,0.619806421,5
30134104_MinPolqaSfbRecording_cut.wav,3.2,0.447213595,0.392,5
30207670_MinPolqaSfbRecording_cut.wav,3.2,1.303840481,1.142866571,5
30443308_MinPolqaSfbRecording_cut.wav,3.0,1.0,1.131606528,3
29056387_MinPolqaSfbRecording_cut.wav,4.333333333,1.154700538,1.306666667,3
30070411_MinPolqaSfbRecording_cut.wav,3.0,1.0,1.131606528,3
30211947_MinPolqaSfbRecording_cut.wav,2.0,0.0,0.0,3
27865897_MinPolqaSfbRecording_cut.wav,4.666666667,0.577350269,0.653333333,3
30156596_MinPolqaSfbRecording_cut.wav,3.333333333,0.577350269,0.653333333,3
29059834_MinPolqaSfbRecording_cut.wav,3.0,1.0,1.131606528,3
30162504_MinPolqaSfbRecording_cut.wav,2.666666667,1.154700538,1.306666667,3
28439445_MinPolqaSfbRecording_cut.wav,3.666666667,1.154700538,1.306666667,3
30205274_MinPolqaSfbRecording_cut.wav,4.0,0.0,0.0,3
30249981_MinPolqaSfbRecording_cut.wav,2.0,1.0,1.131606528,3
30174099_MinPolqaSfbRecording_cut.wav,3.0,1.0,1.131606528,3
30064833_MinPolqaSfbRecording_cut.wav,4.333333333,0.577350269,0.653333333,3
30092148_MinPolqaSfbRecording_cut.wav,3.333333333,0.577350269,0.653333333,3
30206467_MinPolqaSfbRecording_cut.wav,1.666666667,1.154700538,1.306666667,3
30482504_MinPolqaSfbRecording_cut.wav,4.0,0.816496581,0.800166649,4
30103436_MinPolqaSfbRecording_cut.wav,3.75,1.258305739,1.233139624,4
30466132_MinPolqaSfbRecording_cut.wav,3.25,0.5,0.49,4
29541340_MinPolqaSfbRecording_cut.wav,1.25,0.5,0.49,4
30124189_MinPolqaSfbRecording_cut.wav,2.75,1.258305739,1.233139624,4
28703949_MinPolqaSfbRecording_cut.wav,4.0,0.0,0.0,4
30197613_MinPolqaSfbRecording_cut.wav,1.75,1.5,1.47,4
30067621_MinPolqaSfbRecording_cut.wav,2.75,0.5,0.49,4
30530255_MinPolqaSfbRecording_cut.wav,3.0,0.0,0.0,4
30213629_MinPolqaSfbRecording_cut.wav,3.333333333,0.577350269,0.653333333,3
30457898_MinPolqaSfbRecording_cut.wav,3.333333333,2.081665999,2.355626833,3
28527774_MinPolqaSfbRecording_cut.wav,3.666666667,0.577350269,0.653333333,3
30516871_MinPolqaSfbRecording_cut.wav,3.666666667,0.577350269,0.653333333,3
28206224_MinPolqaSfbRecording_cut.wav,4.0,0.0,0.0,3
30128657_MinPolqaSfbRecording_cut.wav,4.333333333,0.577350269,0.653333333,3
28130790_MinPolqaSfbRecording_cut.wav,3.666666667,0.577350269,0.653333333,3
28694311_MinPolqaSfbRecording_cut.wav,3.666666667,1.527525232,1.728557523,3
30092109_MinPolqaSfbRecording_cut.wav,3.0,1.0,1.131606528,3
28529862_MinPolqaSfbRecording_cut.wav,4.333333333,1.154700538,1.306666667,3
30255752_MinPolqaSfbRecording_cut.wav,3.0,1.732050808,1.96,3
30428671_MinPolqaSfbRecording_cut.wav,2.0,0.0,0.0,3
30426493_MinPolqaSfbRecording_cut.wav,3.666666667,0.577350269,0.653333333,3
30070977_MinPolqaSfbRecording_cut.wav,2.0,1.0,1.131606528,3
30062372_MinPolqaSfbRecording_cut.wav,4.0,0.0,0.0,3
30153837_MinPolqaSfbRecording_cut.wav,3.666666667,1.527525232,1.728557523,3
30478473_MinPolqaSfbRecording_cut.wav,1.666666667,0.577350269,0.653333333,3
30481424_MinPolqaSfbRecording_cut.wav,2.4,0.547722558,0.48009999,5
30436076_MinPolqaSfbRecording_cut.wav,2.8,0.447213595,0.392,5
30099369_MinPolqaSfbRecording_cut.wav,4.0,0.707106781,0.619806421,5
30100163_MinPolqaSfbRecording_cut.wav,3.4,0.547722558,0.48009999,5
29536175_MinPolqaSfbRecording_cut.wav,1.8,0.836660027,0.733364848,5
28965583_MinPolqaSfbRecording_cut.wav,3.4,0.894427191,0.784,5
28870236_MinPolqaSfbRecording_cut.wav,3.8,0.447213595,0.392,5
28818872_MinPolqaSfbRecording_cut.wav,2.8,1.643167673,1.440299969,5
30404728_MinPolqaSfbRecording_cut.wav,2.6,0.547722558,0.48009999,5
30097680_MinPolqaSfbRecording_cut.wav,3.2,0.447213595,0.392,5
30061926_MinPolqaSfbRecording_cut.wav,2.6,0.547722558,0.48009999,5
30188824_MinPolqaSfbRecording_cut.wav,2.6,0.547722558,0.48009999,5
28892264_MinPolqaSfbRecording_cut.wav,3.4,0.547722558,0.48009999,5
30471110_MinPolqaSfbRecording_cut.wav,2.0,1.414213562,1.239612843,5
30485633_MinPolqaSfbRecording_cut.wav,2.5,1.290994449,1.26517456,4
30154796_MinPolqaSfbRecording_cut.wav,3.5,0.577350269,0.565803264,4
28030352_MinPolqaSfbRecording_cut.wav,2.25,1.5,1.47,4
30185894_MinPolqaSfbRecording_cut.wav,2.25,1.5,1.47,4
29556314_MinPolqaSfbRecording_cut.wav,3.5,0.577350269,0.565803264,4
30174687_MinPolqaSfbRecording_cut.wav,3.5,1.0,0.98,4
30073384_MinPolqaSfbRecording_cut.wav,3.0,1.414213562,1.385929291,4
30467963_MinPolqaSfbRecording_cut.wav,3.25,0.5,0.49,4
29027197_MinPolqaSfbRecording_cut.wav,3.8,1.095445115,0.960199979,5
28465735_MinPolqaSfbRecording_cut.wav,4.2,0.836660027,0.733364848,5
30482524_MinPolqaSfbRecording_cut.wav,4.0,0.707106781,0.619806421,5
28637387_MinPolqaSfbRecording_cut.wav,4.4,0.547722558,0.48009999,5
30491045_MinPolqaSfbRecording_cut.wav,3.6,0.547722558,0.48009999,5
28921269_MinPolqaSfbRecording_cut.wav,4.8,0.447213595,0.392,5
30428598_MinPolqaSfbRecording_cut.wav,2.2,0.447213595,0.392,5
30209888_MinPolqaSfbRecording_cut.wav,3.0,0.707106781,0.619806421,5
30161258_MinPolqaSfbRecording_cut.wav,1.0,,,1
30412718_MinPolqaSfbRecording_cut.wav,2.0,,,1
30097684_MinPolqaSfbRecording_cut.wav,2.0,,,1
30474442_MinPolqaSfbRecording_cut.wav,1.0,,,1
30178504_MinPolqaSfbRecording_cut.wav,1.0,,,1
29036800_MinPolqaSfbRecording_cut.wav,4.0,,,1
28431096_MinPolqaSfbRecording_cut.wav,3.0,,,1
28922574_MinPolqaSfbRecording_cut.wav,4.0,1.0,1.131606528,3
30199947_MinPolqaSfbRecording_cut.wav,2.666666667,0.577350269,0.653333333,3
30127036_MinPolqaSfbRecording_cut.wav,2.666666667,1.154700538,1.306666667,3
30176288_MinPolqaSfbRecording_cut.wav,2.0,1.0,1.131606528,3
30144595_MinPolqaSfbRecording_cut.wav,2.333333333,0.577350269,0.653333333,3
30475058_MinPolqaSfbRecording_cut.wav,2.0,0.0,0.0,3
30453654_MinPolqaSfbRecording_cut.wav,3.333333333,0.577350269,0.653333333,3
30108123_MinPolqaSfbRecording_cut.wav,3.0,1.0,1.131606528,3
30154946_MinPolqaSfbRecording_cut.wav,2.5,1.290994449,1.26517456,4
30184336_MinPolqaSfbRecording_cut.wav,2.75,1.5,1.47,4
30119625_MinPolqaSfbRecording_cut.wav,3.5,1.0,0.98,4
30205752_MinPolqaSfbRecording_cut.wav,3.25,0.5,0.49,4
30162132_MinPolqaSfbRecording_cut.wav,2.75,1.5,1.47,4
28070438_MinPolqaSfbRecording_cut.wav,4.0,0.816496581,0.800166649,4
28811939_MinPolqaSfbRecording_cut.wav,3.5,1.0,0.98,4
30162029_MinPolqaSfbRecording_cut.wav,3.5,1.290994449,1.26517456,4
30471138_MinPolqaSfbRecording_cut.wav,2.75,0.957427108,0.938278566,4
30421180_MinPolqaSfbRecording_cut.wav,3.25,0.5,0.49,4
28077960_MinPolqaSfbRecording_cut.wav,5.0,0.0,0.0,4
28067856_MinPolqaSfbRecording_cut.wav,3.25,0.5,0.49,4
30100649_MinPolqaSfbRecording_cut.wav,2.75,0.5,0.49,4
30249933_MinPolqaSfbRecording_cut.wav,2.25,0.5,0.49,4
27884173_MinPolqaSfbRecording_cut.wav,3.75,0.5,0.49,4
30531499_MinPolqaSfbRecording_cut.wav,2.75,0.957427108,0.938278566,4
28539290_MinPolqaSfbRecording_cut.wav,4.25,0.5,0.49,4
30403814_MinPolqaSfbRecording_cut.wav,2.25,1.258305739,1.233139624,4
30147089_MinPolqaSfbRecording_cut.wav,3.5,1.290994449,1.26517456,4
28265428_MinPolqaSfbRecording_cut.wav,4.0,1.154700538,1.131606528,4
30510929_MinPolqaSfbRecording_cut.wav,3.25,1.707825128,1.673668625,4
30255145_MinPolqaSfbRecording_cut.wav,4.25,0.957427108,0.938278566,4
30210393_MinPolqaSfbRecording_cut.wav,3.25,1.707825128,1.673668625,4
30210962_MinPolqaSfbRecording_cut.wav,2.75,1.5,1.47,4
28588987_MinPolqaSfbRecording_cut.wav,4.25,0.957427108,0.938278566,4
30508335_MinPolqaSfbRecording_cut.wav,2.25,0.957427108,0.938278566,4
30125647_MinPolqaSfbRecording_cut.wav,3.8,0.447213595,0.392,5
30134405_MinPolqaSfbRecording_cut.wav,2.6,1.341640786,1.176,5
30522193_MinPolqaSfbRecording_cut.wav,3.0,1.0,0.876538647,5
30249376_MinPolqaSfbRecording_cut.wav,4.4,0.547722558,0.48009999,5
30184857_MinPolqaSfbRecording_cut.wav,4.2,0.836660027,0.733364848,5
28174813_MinPolqaSfbRecording_cut.wav,3.8,0.447213595,0.392,5
28009596_MinPolqaSfbRecording_cut.wav,4.2,0.447213595,0.392,5
30126063_MinPolqaSfbRecording_cut.wav,3.4,0.547722558,0.48009999,5
28232029_MinPolqaSfbRecording_cut.wav,4.2,0.836660027,0.733364848,5
29532319_MinPolqaSfbRecording_cut.wav,3.5,0.577350269,0.565803264,4
30161654_MinPolqaSfbRecording_cut.wav,3.25,0.5,0.49,4
30522162_MinPolqaSfbRecording_cut.wav,3.25,0.5,0.49,4
29541998_MinPolqaSfbRecording_cut.wav,3.0,0.816496581,0.800166649,4
30504808_MinPolqaSfbRecording_cut.wav,3.0,0.816496581,0.800166649,4
30147464_MinPolqaSfbRecording_cut.wav,2.75,1.5,1.47,4
29536557_MinPolqaSfbRecording_cut.wav,3.5,0.577350269,0.565803264,4
30099895_MinPolqaSfbRecording_cut.wav,3.666666667,0.577350269,0.653333333,3
30189278_MinPolqaSfbRecording_cut.wav,3.0,0.0,0.0,3
30259016_MinPolqaSfbRecording_cut.wav,2.333333333,1.527525232,1.728557523,3
30496397_MinPolqaSfbRecording_cut.wav,2.333333333,1.527525232,1.728557523,3
29542640_MinPolqaSfbRecording_cut.wav,3.666666667,1.154700538,1.306666667,3
29539710_MinPolqaSfbRecording_cut.wav,2.333333333,0.577350269,0.653333333,3
30138988_MinPolqaSfbRecording_cut.wav,3.0,1.0,1.131606528,3
30526756_MinPolqaSfbRecording_cut.wav,3.333333333,1.154700538,1.306666667,3
30117334_MinPolqaSfbRecording_cut.wav,3.25,0.957427108,0.938278566,4
29539146_MinPolqaSfbRecording_cut.wav,3.25,0.5,0.49,4
30264350_MinPolqaSfbRecording_cut.wav,2.0,0.816496581,0.800166649,4
30184288_MinPolqaSfbRecording_cut.wav,3.0,0.816496581,0.800166649,4
30496541_MinPolqaSfbRecording_cut.wav,3.25,0.5,0.49,4
29537541_MinPolqaSfbRecording_cut.wav,1.75,0.5,0.49,4
30474470_MinPolqaSfbRecording_cut.wav,1.75,0.5,0.49,4
27557237_MinPolqaSfbRecording_cut.wav,2.75,0.5,0.49,4
29539097_MinPolqaSfbRecording_cut.wav,4.0,0.816496581,0.800166649,4
30504119_MinPolqaSfbRecording_cut.wav,1.25,0.5,0.49,4
30438635_MinPolqaSfbRecording_cut.wav,1.0,0.0,0.0,4
30106833_MinPolqaSfbRecording_cut.wav,1.25,0.5,0.49,4
30430142_MinPolqaSfbRecording_cut.wav,1.75,0.957427108,0.938278566,4
30412428_MinPolqaSfbRecording_cut.wav,1.25,0.5,0.49,4
30407024_MinPolqaSfbRecording_cut.wav,1.25,0.5,0.49,4
30446708_MinPolqaSfbRecording_cut.wav,2.5,0.577350269,0.565803264,4
27896007_MinPolqaSfbRecording_cut.wav,4.0,0.816496581,0.800166649,4
28030875_MinPolqaSfbRecording_cut.wav,3.0,0.0,0.0,4
28258608_MinPolqaSfbRecording_cut.wav,4.0,0.816496581,0.800166649,4
27955899_MinPolqaSfbRecording_cut.wav,3.25,0.5,0.49,4
29537395_MinPolqaSfbRecording_cut.wav,4.25,0.5,0.49,4
30515665_MinPolqaSfbRecording_cut.wav,1.25,0.5,0.49,4
30173461_MinPolqaSfbRecording_cut.wav,2.5,0.577350269,0.565803264,4
30519262_MinPolqaSfbRecording_cut.wav,2.5,0.577350269,0.565803264,4
30508937_MinPolqaSfbRecording_cut.wav,4.5,0.577350269,0.565803264,4
30133987_MinPolqaSfbRecording_cut.wav,4.5,0.577350269,0.565803264,4
27913358_MinPolqaSfbRecording_cut.wav,5.0,0.0,0.0,4
28688295_MinPolqaSfbRecording_cut.wav,4.5,0.577350269,0.565803264,4
30206914_MinPolqaSfbRecording_cut.wav,2.0,0.0,0.0,4
28433440_MinPolqaSfbRecording_cut.wav,3.75,0.957427108,0.938278566,4
30516631_MinPolqaSfbRecording_cut.wav,3.666666667,0.577350269,0.653333333,3
30407226_MinPolqaSfbRecording_cut.wav,3.666666667,0.577350269,0.653333333,3
28874196_MinPolqaSfbRecording_cut.wav,3.666666667,1.527525232,1.728557523,3
30481574_MinPolqaSfbRecording_cut.wav,3.333333333,0.577350269,0.653333333,3
27746656_MinPolqaSfbRecording_cut.wav,3.333333333,0.577350269,0.653333333,3
30463123_MinPolqaSfbRecording_cut.wav,3.333333333,1.154700538,1.306666667,3
30084621_MinPolqaSfbRecording_cut.wav,3.666666667,0.577350269,0.653333333,3
28440970_MinPolqaSfbRecording_cut.wav,4.0,0.816496581,0.800166649,4
30152056_MinPolqaSfbRecording_cut.wav,3.25,0.957427108,0.938278566,4
29537570_MinPolqaSfbRecording_cut.wav,3.75,0.957427108,0.938278566,4
30466509_MinPolqaSfbRecording_cut.wav,3.25,0.957427108,0.938278566,4
30162932_MinPolqaSfbRecording_cut.wav,2.75,1.258305739,1.233139624,4
30145317_MinPolqaSfbRecording_cut.wav,2.5,1.290994449,1.26517456,4
30204876_MinPolqaSfbRecording_cut.wav,3.25,0.957427108,0.938278566,4
28259441_MinPolqaSfbRecording_cut.wav,4.25,0.957427108,0.938278566,4
30523538_MinPolqaSfbRecording_cut.wav,3.0,1.154700538,1.131606528,4
27974257_MinPolqaSfbRecording_cut.wav,4.0,1.0,0.876538647,5
30106379_MinPolqaSfbRecording_cut.wav,1.4,0.894427191,0.784,5
30516321_MinPolqaSfbRecording_cut.wav,3.4,0.547722558,0.48009999,5
30085067_MinPolqaSfbRecording_cut.wav,2.8,0.447213595,0.392,5
30519620_MinPolqaSfbRecording_cut.wav,2.8,0.836660027,0.733364848,5
27912799_MinPolqaSfbRecording_cut.wav,4.2,0.836660027,0.733364848,5
30173448_MinPolqaSfbRecording_cut.wav,2.0,1.414213562,1.239612843,5
30201746_MinPolqaSfbRecording_cut.wav,2.4,0.547722558,0.48009999,5
30527401_MinPolqaSfbRecording_cut.wav,2.25,1.5,1.47,4
30481433_MinPolqaSfbRecording_cut.wav,2.5,1.290994449,1.26517456,4
30150709_MinPolqaSfbRecording_cut.wav,3.5,1.290994449,1.26517456,4
30465297_MinPolqaSfbRecording_cut.wav,3.25,0.957427108,0.938278566,4
30446217_MinPolqaSfbRecording_cut.wav,3.0,1.414213562,1.385929291,4
29533402_MinPolqaSfbRecording_cut.wav,3.25,0.957427108,0.938278566,4
30206665_MinPolqaSfbRecording_cut.wav,2.5,1.290994449,1.26517456,4
30150778_MinPolqaSfbRecording_cut.wav,3.5,1.0,0.98,4
29532862_MinPolqaSfbRecording_cut.wav,2.333333333,1.527525232,1.728557523,3
30457153_MinPolqaSfbRecording_cut.wav,2.333333333,1.154700538,1.306666667,3
27803551_MinPolqaSfbRecording_cut.wav,3.333333333,1.154700538,1.306666667,3
30075552_MinPolqaSfbRecording_cut.wav,1.333333333,0.577350269,0.653333333,3
30104262_MinPolqaSfbRecording_cut.wav,2.666666667,0.577350269,0.653333333,3
30193402_MinPolqaSfbRecording_cut.wav,1.666666667,1.154700538,1.306666667,3
30149347_MinPolqaSfbRecording_cut.wav,3.8,1.095445115,0.960199979,5
30061530_MinPolqaSfbRecording_cut.wav,2.2,1.303840481,1.142866571,5
30488887_MinPolqaSfbRecording_cut.wav,2.6,1.341640786,1.176,5
28229860_MinPolqaSfbRecording_cut.wav,3.8,0.447213595,0.392,5
28883091_MinPolqaSfbRecording_cut.wav,4.0,0.0,0.0,5
30448919_MinPolqaSfbRecording_cut.wav,3.6,0.547722558,0.48009999,5
30105678_MinPolqaSfbRecording_cut.wav,3.4,0.547722558,0.48009999,5
30516360_MinPolqaSfbRecording_cut.wav,3.8,0.447213595,0.392,5
27766944_MinPolqaSfbRecording_cut.wav,3.4,0.894427191,0.784,5
27636725_MinPolqaSfbRecording_cut.wav,3.8,0.447213595,0.392,5
30440221_MinPolqaSfbRecording_cut.wav,2.4,1.516575089,1.329336677,5
30527789_MinPolqaSfbRecording_cut.wav,2.6,1.140175425,0.999407825,5
30471537_MinPolqaSfbRecording_cut.wav,2.2,1.303840481,1.142866571,5
30075391_MinPolqaSfbRecording_cut.wav,3.0,0.707106781,0.619806421,5
30105129_MinPolqaSfbRecording_cut.wav,3.0,0.707106781,0.619806421,5
28113208_MinPolqaSfbRecording_cut.wav,2.8,0.447213595,0.392,5
27652684_MinPolqaSfbRecording_cut.wav,3.4,0.547722558,0.48009999,5
28343432_MinPolqaSfbRecording_cut.wav,4.333333333,0.577350269,0.653333333,3
30129569_MinPolqaSfbRecording_cut.wav,2.0,1.0,1.131606528,3
30070430_MinPolqaSfbRecording_cut.wav,2.333333333,0.577350269,0.653333333,3
30145679_MinPolqaSfbRecording_cut.wav,2.333333333,0.577350269,0.653333333,3
30087302_MinPolqaSfbRecording_cut.wav,3.666666667,0.577350269,0.653333333,3
29027245_MinPolqaSfbRecording_cut.wav,3.666666667,1.154700538,1.306666667,3
30089106_MinPolqaSfbRecording_cut.wav,3.0,1.0,1.131606528,3
30120595_MinPolqaSfbRecording_cut.wav,3.0,0.0,0.0,3
30210879_MinPolqaSfbRecording_cut.wav,2.333333333,0.577350269,0.653333333,3
30531455_MinPolqaSfbRecording_cut.wav,2.666666667,0.577350269,0.653333333,3
27707594_MinPolqaSfbRecording_cut.wav,4.8,0.447213595,0.392,5
30069657_MinPolqaSfbRecording_cut.wav,3.4,0.894427191,0.784,5
30437350_MinPolqaSfbRecording_cut.wav,4.2,0.836660027,0.733364848,5
30210954_MinPolqaSfbRecording_cut.wav,4.0,0.707106781,0.619806421,5
29539798_MinPolqaSfbRecording_cut.wav,2.4,0.547722558,0.48009999,5
30090967_MinPolqaSfbRecording_cut.wav,3.2,0.447213595,0.392,5
30131701_MinPolqaSfbRecording_cut.wav,1.8,0.836660027,0.733364848,5
30078984_MinPolqaSfbRecording_cut.wav,3.0,1.0,1.131606528,3
30058034_MinPolqaSfbRecording_cut.wav,3.0,1.0,1.131606528,3
30133580_MinPolqaSfbRecording_cut.wav,2.333333333,0.577350269,0.653333333,3
30210973_MinPolqaSfbRecording_cut.wav,3.666666667,1.154700538,1.306666667,3
30139229_MinPolqaSfbRecording_cut.wav,4.0,1.0,1.131606528,3
30200629_MinPolqaSfbRecording_cut.wav,3.666666667,1.154700538,1.306666667,3
30111652_MinPolqaSfbRecording_cut.wav,4.333333333,0.577350269,0.653333333,3
30092287_MinPolqaSfbRecording_cut.wav,4.0,1.0,1.131606528,3
30483716_MinPolqaSfbRecording_cut.wav,4.0,1.0,1.131606528,3
29533401_MinPolqaSfbRecording_cut.wav,3.2,1.095445115,0.960199979,5
27815194_MinPolqaSfbRecording_cut.wav,3.6,0.547722558,0.48009999,5
30206028_MinPolqaSfbRecording_cut.wav,3.4,1.140175425,0.999407825,5
30070813_MinPolqaSfbRecording_cut.wav,2.8,0.836660027,0.733364848,5
27678245_MinPolqaSfbRecording_cut.wav,4.0,0.707106781,0.619806421,5
28610026_MinPolqaSfbRecording_cut.wav,3.8,0.447213595,0.392,5
30192584_MinPolqaSfbRecording_cut.wav,2.8,1.095445115,0.960199979,5
30492235_MinPolqaSfbRecording_cut.wav,4.0,1.0,0.876538647,5
28604569_MinPolqaSfbRecording_cut.wav,4.2,0.836660027,0.733364848,5
30253920_MinPolqaSfbRecording_cut.wav,4.0,0.816496581,0.800166649,4
28964126_MinPolqaSfbRecording_cut.wav,4.75,0.5,0.49,4
30512076_MinPolqaSfbRecording_cut.wav,2.5,1.290994449,1.26517456,4
30060742_MinPolqaSfbRecording_cut.wav,1.5,0.577350269,0.565803264,4
30087544_MinPolqaSfbRecording_cut.wav,2.5,1.0,0.98,4
30197273_MinPolqaSfbRecording_cut.wav,2.25,0.5,0.49,4
30473589_MinPolqaSfbRecording_cut.wav,3.25,0.957427108,0.938278566,4
28011871_MinPolqaSfbRecording_cut.wav,3.75,0.5,0.49,4
27870949_MinPolqaSfbRecording_cut.wav,4.0,0.816496581,0.800166649,4
30071483_MinPolqaSfbRecording_cut.wav,4.2,0.447213595,0.392,5
30152178_MinPolqaSfbRecording_cut.wav,2.6,1.341640786,1.176,5
30110274_MinPolqaSfbRecording_cut.wav,3.4,0.894427191,0.784,5
27674469_MinPolqaSfbRecording_cut.wav,4.0,0.707106781,0.619806421,5
30475157_MinPolqaSfbRecording_cut.wav,3.0,1.414213562,1.239612843,5
30140843_MinPolqaSfbRecording_cut.wav,4.0,1.0,0.876538647,5
30177312_MinPolqaSfbRecording_cut.wav,3.4,1.140175425,0.999407825,5
30252469_MinPolqaSfbRecording_cut.wav,2.8,1.303840481,1.142866571,5
30141334_MinPolqaSfbRecording_cut.wav,3.2,0.836660027,0.733364848,5
30095958_MinPolqaSfbRecording_cut.wav,4.4,0.547722558,0.48009999,5
30426737_MinPolqaSfbRecording_cut.wav,3.8,1.095445115,0.960199979,5
30147267_MinPolqaSfbRecording_cut.wav,2.6,1.516575089,1.329336677,5
28547120_MinPolqaSfbRecording_cut.wav,3.0,1.0,0.876538647,5
30430158_MinPolqaSfbRecording_cut.wav,3.4,0.894427191,0.784,5
30083063_MinPolqaSfbRecording_cut.wav,3.2,1.095445115,0.960199979,5
30472187_MinPolqaSfbRecording_cut.wav,3.2,1.095445115,0.960199979,5
28820493_MinPolqaSfbRecording_cut.wav,4.4,0.547722558,0.48009999,5
30147669_MinPolqaSfbRecording_cut.wav,2.2,1.303840481,1.142866571,5
30212538_MinPolqaSfbRecording_cut.wav,4.4,0.894427191,0.784,5
30120476_MinPolqaSfbRecording_cut.wav,4.0,1.224744871,1.073536213,5
30472669_MinPolqaSfbRecording_cut.wav,3.2,0.836660027,0.733364848,5
30462474_MinPolqaSfbRecording_cut.wav,3.4,0.894427191,0.784,5
30065781_MinPolqaSfbRecording_cut.wav,1.666666667,0.577350269,0.653333333,3
30432762_MinPolqaSfbRecording_cut.wav,2.666666667,1.527525232,1.728557523,3
30165298_MinPolqaSfbRecording_cut.wav,3.333333333,2.081665999,2.355626833,3
30433027_MinPolqaSfbRecording_cut.wav,3.666666667,0.577350269,0.653333333,3
30202141_MinPolqaSfbRecording_cut.wav,3.333333333,1.527525232,1.728557523,3
30496542_MinPolqaSfbRecording_cut.wav,2.666666667,1.154700538,1.306666667,3
28905900_MinPolqaSfbRecording_cut.wav,4.0,1.0,1.131606528,3
28865829_MinPolqaSfbRecording_cut.wav,3.666666667,1.527525232,1.728557523,3
30212001_MinPolqaSfbRecording_cut.wav,2.666666667,1.527525232,1.728557523,3
30260893_MinPolqaSfbRecording_cut.wav,3.0,0.0,0.0,2
30170996_MinPolqaSfbRecording_cut.wav,3.0,0.0,0.0,2
28506460_MinPolqaSfbRecording_cut.wav,3.5,0.707106781,0.98,2
28297034_MinPolqaSfbRecording_cut.wav,4.0,0.0,0.0,2
30093186_MinPolqaSfbRecording_cut.wav,2.5,0.707106781,0.98,2
30147938_MinPolqaSfbRecording_cut.wav,3.5,0.707106781,0.98,2
30491958_MinPolqaSfbRecording_cut.wav,3.5,0.707106781,0.98,2
30174878_MinPolqaSfbRecording_cut.wav,4.0,0.0,0.0,2
30085300_MinPolqaSfbRecording_cut.wav,3.0,1.414213562,1.96,2
30134392_MinPolqaSfbRecording_cut.wav,3.333333333,0.577350269,0.653333333,3
28193270_MinPolqaSfbRecording_cut.wav,4.0,1.0,1.131606528,3
30120964_MinPolqaSfbRecording_cut.wav,2.666666667,1.154700538,1.306666667,3
28359538_MinPolqaSfbRecording_cut.wav,4.333333333,1.154700538,1.306666667,3
30488573_MinPolqaSfbRecording_cut.wav,4.333333333,0.577350269,0.653333333,3
30416991_MinPolqaSfbRecording_cut.wav,3.333333333,0.577350269,0.653333333,3
27966382_MinPolqaSfbRecording_cut.wav,4.333333333,1.154700538,1.306666667,3
27740486_MinPolqaSfbRecording_cut.wav,3.25,0.5,0.49,4
30133137_MinPolqaSfbRecording_cut.wav,3.0,0.816496581,0.800166649,4
30186214_MinPolqaSfbRecording_cut.wav,4.0,0.816496581,0.800166649,4
30515956_MinPolqaSfbRecording_cut.wav,4.0,0.816496581,0.800166649,4
27725593_MinPolqaSfbRecording_cut.wav,3.75,0.5,0.49,4
30175105_MinPolqaSfbRecording_cut.wav,3.5,1.0,0.98,4
27743619_MinPolqaSfbRecording_cut.wav,4.5,0.577350269,0.565803264,4
29532391_MinPolqaSfbRecording_cut.wav,2.8,1.303840481,1.142866571,5
30248988_MinPolqaSfbRecording_cut.wav,2.6,1.341640786,1.176,5
28069431_MinPolqaSfbRecording_cut.wav,3.4,0.894427191,0.784,5
27631644_MinPolqaSfbRecording_cut.wav,3.8,1.095445115,0.960199979,5
30148985_MinPolqaSfbRecording_cut.wav,3.0,1.0,0.876538647,5
30087163_MinPolqaSfbRecording_cut.wav,3.2,0.836660027,0.733364848,5
30165117_MinPolqaSfbRecording_cut.wav,2.8,1.095445115,0.960199979,5
30212100_MinPolqaSfbRecording_cut.wav,3.6,0.894427191,0.784,5
27586097_MinPolqaSfbRecording_cut.wav,4.5,0.577350269,0.565803264,4
30206466_MinPolqaSfbRecording_cut.wav,2.0,1.414213562,1.385929291,4
28256881_MinPolqaSfbRecording_cut.wav,3.75,0.5,0.49,4
30082117_MinPolqaSfbRecording_cut.wav,3.0,0.816496581,0.800166649,4
27649283_MinPolqaSfbRecording_cut.wav,4.25,0.957427108,0.938278566,4
30128770_MinPolqaSfbRecording_cut.wav,1.75,0.957427108,0.938278566,4
28034602_MinPolqaSfbRecording_cut.wav,4.75,0.5,0.49,4
30422642_MinPolqaSfbRecording_cut.wav,3.25,0.5,0.49,4
30183157_MinPolqaSfbRecording_cut.wav,3.5,0.577350269,0.565803264,4
30109412_MinPolqaSfbRecording_cut.wav,3.75,0.957427108,0.938278566,4
28057652_MinPolqaSfbRecording_cut.wav,3.75,0.5,0.49,4
28328383_MinPolqaSfbRecording_cut.wav,4.25,0.5,0.49,4
30501728_MinPolqaSfbRecording_cut.wav,3.25,0.5,0.49,4
30133587_MinPolqaSfbRecording_cut.wav,2.5,0.577350269,0.565803264,4
30496685_MinPolqaSfbRecording_cut.wav,3.25,0.5,0.49,4
30444067_MinPolqaSfbRecording_cut.wav,2.0,0.0,0.0,4
30137737_MinPolqaSfbRecording_cut.wav,2.25,0.957427108,0.938278566,4
30264093_MinPolqaSfbRecording_cut.wav,2.75,0.5,0.49,4
30462909_MinPolqaSfbRecording_cut.wav,3.5,0.577350269,0.565803264,4
30109008_MinPolqaSfbRecording_cut.wav,1.75,0.5,0.49,4
29049530_MinPolqaSfbRecording_cut.wav,4.5,0.577350269,0.565803264,4
30146230_MinPolqaSfbRecording_cut.wav,3.75,0.5,0.49,4
28742878_MinPolqaSfbRecording_cut.wav,4.0,0.816496581,0.800166649,4
30529160_MinPolqaSfbRecording_cut.wav,3.75,0.5,0.49,4
30075403_MinPolqaSfbRecording_cut.wav,2.25,0.5,0.49,4
30507620_MinPolqaSfbRecording_cut.wav,4.25,0.5,0.49,4
28688838_MinPolqaSfbRecording_cut.wav,4.0,0.816496581,0.800166649,4
28855538_MinPolqaSfbRecording_cut.wav,3.75,0.5,0.49,4
30501850_MinPolqaSfbRecording_cut.wav,3.75,0.5,0.49,4
28529939_MinPolqaSfbRecording_cut.wav,4.25,0.5,0.49,4
30264086_MinPolqaSfbRecording_cut.wav,3.25,0.957427108,0.938278566,4
30466392_MinPolqaSfbRecording_cut.wav,1.75,0.5,0.49,4
30204925_MinPolqaSfbRecording_cut.wav,3.0,1.224744871,1.073536213,5
30502062_MinPolqaSfbRecording_cut.wav,2.8,1.095445115,0.960199979,5
30063725_MinPolqaSfbRecording_cut.wav,2.2,0.836660027,0.733364848,5
30491255_MinPolqaSfbRecording_cut.wav,3.2,1.483239697,1.300116918,5
30138008_MinPolqaSfbRecording_cut.wav,2.6,1.140175425,0.999407825,5
30440046_MinPolqaSfbRecording_cut.wav,2.8,1.483239697,1.300116918,5
30496649_MinPolqaSfbRecording_cut.wav,2.2,0.836660027,0.733364848,5
27524450_MinPolqaSfbRecording_cut.wav,3.4,1.140175425,0.999407825,5
30106964_MinPolqaSfbRecording_cut.wav,2.8,0.836660027,0.733364848,5
30252415_MinPolqaSfbRecording_cut.wav,3.0,1.414213562,1.239612843,5
28227922_MinPolqaSfbRecording_cut.wav,3.6,0.547722558,0.48009999,5
30256138_MinPolqaSfbRecording_cut.wav,4.4,0.547722558,0.48009999,5
28856537_MinPolqaSfbRecording_cut.wav,4.4,0.547722558,0.48009999,5
28302417_MinPolqaSfbRecording_cut.wav,4.0,0.707106781,0.619806421,5
30181938_MinPolqaSfbRecording_cut.wav,2.2,1.095445115,0.960199979,5
30252550_MinPolqaSfbRecording_cut.wav,3.0,1.0,0.876538647,5
30183181_MinPolqaSfbRecording_cut.wav,2.2,1.303840481,1.142866571,5
30186647_MinPolqaSfbRecording_cut.wav,4.0,0.707106781,0.619806421,5
30183019_MinPolqaSfbRecording_cut.wav,2.4,1.516575089,1.329336677,5
30465796_MinPolqaSfbRecording_cut.wav,2.8,1.095445115,0.960199979,5
30102714_MinPolqaSfbRecording_cut.wav,4.0,0.0,0.0,5
29542379_MinPolqaSfbRecording_cut.wav,2.8,0.447213595,0.392,5
30139365_MinPolqaSfbRecording_cut.wav,2.8,1.303840481,1.142866571,5
30142977_MinPolqaSfbRecording_cut.wav,2.25,0.957427108,0.938278566,4
30157673_MinPolqaSfbRecording_cut.wav,1.75,0.957427108,0.938278566,4
29543456_MinPolqaSfbRecording_cut.wav,1.75,1.5,1.47,4
30061312_MinPolqaSfbRecording_cut.wav,3.75,0.5,0.49,4
30519988_MinPolqaSfbRecording_cut.wav,2.25,0.5,0.49,4
30175259_MinPolqaSfbRecording_cut.wav,2.75,0.5,0.49,4
30150657_MinPolqaSfbRecording_cut.wav,2.25,0.957427108,0.938278566,4
30082560_MinPolqaSfbRecording_cut.wav,2.0,0.816496581,0.800166649,4
30161123_MinPolqaSfbRecording_cut.wav,3.5,0.577350269,0.565803264,4
28846415_MinPolqaSfbRecording_cut.wav,4.0,1.0,1.131606528,3
28171650_MinPolqaSfbRecording_cut.wav,3.666666667,0.577350269,0.653333333,3
30154668_MinPolqaSfbRecording_cut.wav,2.333333333,1.154700538,1.306666667,3
30108701_MinPolqaSfbRecording_cut.wav,3.0,1.0,1.131606528,3
30104326_MinPolqaSfbRecording_cut.wav,3.333333333,1.527525232,1.728557523,3
28033117_MinPolqaSfbRecording_cut.wav,3.666666667,0.577350269,0.653333333,3
30126033_MinPolqaSfbRecording_cut.wav,3.0,2.0,2.263213055,3
30088670_MinPolqaSfbRecording_cut.wav,2.666666667,0.577350269,0.653333333,3
30169848_MinPolqaSfbRecording_cut.wav,2.666666667,0.577350269,0.653333333,3
30401429_MinPolqaSfbRecording_cut.wav,3.333333333,0.577350269,0.653333333,3
28968784_MinPolqaSfbRecording_cut.wav,4.0,1.0,1.131606528,3
28478575_MinPolqaSfbRecording_cut.wav,3.666666667,0.577350269,0.653333333,3
30123485_MinPolqaSfbRecording_cut.wav,2.666666667,1.527525232,1.728557523,3
30510506_MinPolqaSfbRecording_cut.wav,3.666666667,0.577350269,0.653333333,3
30474976_MinPolqaSfbRecording_cut.wav,4.666666667,0.577350269,0.653333333,3
30478507_MinPolqaSfbRecording_cut.wav,2.666666667,0.577350269,0.653333333,3
30108210_MinPolqaSfbRecording_cut.wav,2.666666667,0.577350269,0.653333333,3
30485516_MinPolqaSfbRecording_cut.wav,3.6,0.894427191,0.784,5
30208139_MinPolqaSfbRecording_cut.wav,3.6,1.140175425,0.999407825,5
30527248_MinPolqaSfbRecording_cut.wav,3.6,1.140175425,0.999407825,5
28302704_MinPolqaSfbRecording_cut.wav,4.0,0.707106781,0.619806421,5
30490393_MinPolqaSfbRecording_cut.wav,2.4,1.140175425,0.999407825,5
30166859_MinPolqaSfbRecording_cut.wav,3.2,1.095445115,0.960199979,5
27770306_MinPolqaSfbRecording_cut.wav,4.4,0.547722558,0.48009999,5
28242920_MinPolqaSfbRecording_cut.wav,3.6,0.547722558,0.48009999,5
30490525_MinPolqaSfbRecording_cut.wav,4.2,0.836660027,0.733364848,5
27701493_MinPolqaSfbRecording_cut.wav,4.4,0.547722558,0.48009999,5
30106831_MinPolqaSfbRecording_cut.wav,2.2,0.836660027,0.733364848,5
30150060_MinPolqaSfbRecording_cut.wav,2.6,1.140175425,0.999407825,5
30147656_MinPolqaSfbRecording_cut.wav,2.8,0.836660027,0.733364848,5
30169743_MinPolqaSfbRecording_cut.wav,4.2,0.447213595,0.392,5
30506612_MinPolqaSfbRecording_cut.wav,2.4,0.547722558,0.48009999,5
30455511_MinPolqaSfbRecording_cut.wav,3.4,0.894427191,0.784,5
30075211_MinPolqaSfbRecording_cut.wav,1.8,0.447213595,0.392,5
27685420_MinPolqaSfbRecording_cut.wav,4.0,0.0,0.0,4
30529025_MinPolqaSfbRecording_cut.wav,3.75,0.5,0.49,4
30158050_MinPolqaSfbRecording_cut.wav,2.75,0.5,0.49,4
30106055_MinPolqaSfbRecording_cut.wav,2.5,0.577350269,0.565803264,4
30213567_MinPolqaSfbRecording_cut.wav,3.0,0.816496581,0.800166649,4
30063943_MinPolqaSfbRecording_cut.wav,2.0,0.0,0.0,4
30520575_MinPolqaSfbRecording_cut.wav,3.25,0.957427108,0.938278566,4
28115941_MinPolqaSfbRecording_cut.wav,3.5,0.577350269,0.565803264,4
30527136_MinPolqaSfbRecording_cut.wav,2.75,0.5,0.49,4
30098245_MinPolqaSfbRecording_cut.wav,2.333333333,1.527525232,1.728557523,3
30455643_MinPolqaSfbRecording_cut.wav,4.0,1.0,1.131606528,3
30260799_MinPolqaSfbRecording_cut.wav,4.333333333,0.577350269,0.653333333,3
30513734_MinPolqaSfbRecording_cut.wav,3.0,2.0,2.263213055,3
30529953_MinPolqaSfbRecording_cut.wav,4.0,1.0,1.131606528,3
30199968_MinPolqaSfbRecording_cut.wav,3.666666667,1.154700538,1.306666667,3
30148021_MinPolqaSfbRecording_cut.wav,4.333333333,1.154700538,1.306666667,3
28113057_MinPolqaSfbRecording_cut.wav,4.333333333,0.577350269,0.653333333,3
29539487_MinPolqaSfbRecording_cut.wav,3.2,0.836660027,0.733364848,5
30258301_MinPolqaSfbRecording_cut.wav,4.2,0.836660027,0.733364848,5
30189342_MinPolqaSfbRecording_cut.wav,2.2,1.095445115,0.960199979,5
28236272_MinPolqaSfbRecording_cut.wav,4.2,0.447213595,0.392,5
30166385_MinPolqaSfbRecording_cut.wav,4.0,0.707106781,0.619806421,5
30096607_MinPolqaSfbRecording_cut.wav,4.0,0.0,0.0,5
30257423_MinPolqaSfbRecording_cut.wav,2.8,0.836660027,0.733364848,5
30515952_MinPolqaSfbRecording_cut.wav,4.2,0.836660027,0.733364848,5
30468500_MinPolqaSfbRecording_cut.wav,4.2,0.836660027,0.733364848,5
28609420_MinPolqaSfbRecording_cut.wav,4.2,0.836660027,0.733364848,5
30261869_MinPolqaSfbRecording_cut.wav,2.8,1.095445115,0.960199979,5
29535406_MinPolqaSfbRecording_cut.wav,1.2,0.447213595,0.392,5
30150941_MinPolqaSfbRecording_cut.wav,2.8,1.095445115,0.960199979,5
27641631_MinPolqaSfbRecording_cut.wav,4.6,0.894427191,0.784,5
29534346_MinPolqaSfbRecording_cut.wav,2.8,0.836660027,0.733364848,5
30460981_MinPolqaSfbRecording_cut.wav,3.0,0.707106781,0.619806421,5
30212440_MinPolqaSfbRecording_cut.wav,3.2,1.095445115,0.960199979,5
30492896_MinPolqaSfbRecording_cut.wav,3.333333333,1.154700538,1.306666667,3
30196181_MinPolqaSfbRecording_cut.wav,3.0,1.0,1.131606528,3
29536176_MinPolqaSfbRecording_cut.wav,1.0,0.0,0.0,3
30530649_MinPolqaSfbRecording_cut.wav,1.666666667,0.577350269,0.653333333,3
27707237_MinPolqaSfbRecording_cut.wav,3.666666667,0.577350269,0.653333333,3
30097947_MinPolqaSfbRecording_cut.wav,1.333333333,0.577350269,0.653333333,3
29540880_MinPolqaSfbRecording_cut.wav,3.0,0.0,0.0,3
27933389_MinPolqaSfbRecording_cut.wav,3.666666667,0.577350269,0.653333333,3
28851098_MinPolqaSfbRecording_cut.wav,3.6,0.894427191,0.784,5
30249197_MinPolqaSfbRecording_cut.wav,3.6,1.516575089,1.329336677,5
28230749_MinPolqaSfbRecording_cut.wav,4.2,0.836660027,0.733364848,5
30145735_MinPolqaSfbRecording_cut.wav,2.2,0.447213595,0.392,5
30122718_MinPolqaSfbRecording_cut.wav,2.8,0.836660027,0.733364848,5
28921650_MinPolqaSfbRecording_cut.wav,3.2,0.836660027,0.733364848,5
30497197_MinPolqaSfbRecording_cut.wav,3.0,0.707106781,0.619806421,5
28868797_MinPolqaSfbRecording_cut.wav,3.666666667,0.577350269,0.653333333,3
30175125_MinPolqaSfbRecording_cut.wav,3.0,0.0,0.0,3
30137549_MinPolqaSfbRecording_cut.wav,3.666666667,0.577350269,0.653333333,3
28047096_MinPolqaSfbRecording_cut.wav,4.0,1.0,1.131606528,3
30121332_MinPolqaSfbRecording_cut.wav,3.333333333,0.577350269,0.653333333,3
30511920_MinPolqaSfbRecording_cut.wav,3.666666667,1.527525232,1.728557523,3
30148425_MinPolqaSfbRecording_cut.wav,3.333333333,1.154700538,1.306666667,3
27983302_MinPolqaSfbRecording_cut.wav,3.333333333,1.154700538,1.306666667,3
30181960_MinPolqaSfbRecording_cut.wav,3.666666667,0.577350269,0.653333333,3
30118888_MinPolqaSfbRecording_cut.wav,3.0,1.224744871,1.073536213,5
30484293_MinPolqaSfbRecording_cut.wav,4.2,0.836660027,0.733364848,5
30154432_MinPolqaSfbRecording_cut.wav,3.4,1.140175425,0.999407825,5
30183794_MinPolqaSfbRecording_cut.wav,3.8,0.836660027,0.733364848,5
30105945_MinPolqaSfbRecording_cut.wav,2.0,0.707106781,0.619806421,5
30110592_MinPolqaSfbRecording_cut.wav,4.2,0.836660027,0.733364848,5
30168709_MinPolqaSfbRecording_cut.wav,3.0,0.707106781,0.619806421,5
30091380_MinPolqaSfbRecording_cut.wav,2.4,1.140175425,0.999407825,5
29533305_MinPolqaSfbRecording_cut.wav,4.0,0.0,0.0,2
28903980_MinPolqaSfbRecording_cut.wav,4.5,0.707106781,0.98,2
30508455_MinPolqaSfbRecording_cut.wav,4.0,1.414213562,1.96,2
30262255_MinPolqaSfbRecording_cut.wav,4.0,1.414213562,1.96,2
30105677_MinPolqaSfbRecording_cut.wav,3.5,0.707106781,0.98,2
30529769_MinPolqaSfbRecording_cut.wav,4.5,0.707106781,0.98,2
28153928_MinPolqaSfbRecording_cut.wav,5.0,0.0,0.0,2
28709423_MinPolqaSfbRecording_cut.wav,4.0,0.0,0.0,2
30147487_MinPolqaSfbRecording_cut.wav,2.75,0.957427108,0.938278566,4
30151144_MinPolqaSfbRecording_cut.wav,2.0,1.154700538,1.131606528,4
30140739_MinPolqaSfbRecording_cut.wav,2.25,0.5,0.49,4
27984988_MinPolqaSfbRecording_cut.wav,4.0,0.0,0.0,4
29538437_MinPolqaSfbRecording_cut.wav,3.0,0.816496581,0.800166649,4
30212868_MinPolqaSfbRecording_cut.wav,2.5,1.0,0.98,4
30482423_MinPolqaSfbRecording_cut.wav,2.0,0.816496581,0.800166649,4
30098342_MinPolqaSfbRecording_cut.wav,1.75,0.957427108,0.938278566,4
30438024_MinPolqaSfbRecording_cut.wav,1.75,0.5,0.49,4
30157657_MinPolqaSfbRecording_cut.wav,4.0,0.816496581,0.800166649,4
30173214_MinPolqaSfbRecording_cut.wav,2.0,0.816496581,0.800166649,4
30121261_MinPolqaSfbRecording_cut.wav,4.25,0.957427108,0.938278566,4
29036086_MinPolqaSfbRecording_cut.wav,4.25,0.5,0.49,4
29532453_MinPolqaSfbRecording_cut.wav,4.0,0.0,0.0,4
30136238_MinPolqaSfbRecording_cut.wav,3.0,0.816496581,0.800166649,4
30487072_MinPolqaSfbRecording_cut.wav,1.25,0.5,0.49,4
30155888_MinPolqaSfbRecording_cut.wav,2.0,0.0,0.0,4
30447597_MinPolqaSfbRecording_cut.wav,1.25,0.5,0.49,4
30512624_MinPolqaSfbRecording_cut.wav,2.25,0.957427108,0.938278566,4
30446577_MinPolqaSfbRecording_cut.wav,2.75,0.957427108,0.938278566,4
30101030_MinPolqaSfbRecording_cut.wav,3.25,0.957427108,0.938278566,4
30156012_MinPolqaSfbRecording_cut.wav,2.75,0.5,0.49,4
30090629_MinPolqaSfbRecording_cut.wav,2.5,1.0,0.98,4
30407510_MinPolqaSfbRecording_cut.wav,3.5,1.290994449,1.26517456,4
30155637_MinPolqaSfbRecording_cut.wav,2.25,0.5,0.49,4
30140774_MinPolqaSfbRecording_cut.wav,2.0,0.816496581,0.800166649,4
30089257_MinPolqaSfbRecording_cut.wav,2.0,1.414213562,1.385929291,4
27573257_MinPolqaSfbRecording_cut.wav,4.333333333,1.154700538,1.306666667,3
28244388_MinPolqaSfbRecording_cut.wav,3.333333333,1.154700538,1.306666667,3
30067121_MinPolqaSfbRecording_cut.wav,3.333333333,0.577350269,0.653333333,3
30440394_MinPolqaSfbRecording_cut.wav,2.666666667,1.527525232,1.728557523,3
30255628_MinPolqaSfbRecording_cut.wav,2.666666667,2.081665999,2.355626833,3
30120889_MinPolqaSfbRecording_cut.wav,3.666666667,0.577350269,0.653333333,3
30257972_MinPolqaSfbRecording_cut.wav,4.0,1.0,1.131606528,3
28273380_MinPolqaSfbRecording_cut.wav,3.666666667,1.527525232,1.728557523,3
27845955_MinPolqaSfbRecording_cut.wav,3.0,1.0,1.131606528,3
30410084_MinPolqaSfbRecording_cut.wav,3.666666667,0.577350269,0.653333333,3
30117559_MinPolqaSfbRecording_cut.wav,1.666666667,0.577350269,0.653333333,3
30061887_MinPolqaSfbRecording_cut.wav,3.0,1.0,1.131606528,3
30482033_MinPolqaSfbRecording_cut.wav,2.666666667,0.577350269,0.653333333,3
30082657_MinPolqaSfbRecording_cut.wav,1.666666667,0.577350269,0.653333333,3
30482779_MinPolqaSfbRecording_cut.wav,2.333333333,1.154700538,1.306666667,3
30401704_MinPolqaSfbRecording_cut.wav,2.666666667,0.577350269,0.653333333,3
30445025_MinPolqaSfbRecording_cut.wav,1.0,0.0,0.0,3
30142901_MinPolqaSfbRecording_cut.wav,2.666666667,0.577350269,0.653333333,3
30075338_MinPolqaSfbRecording_cut.wav,1.333333333,0.577350269,0.653333333,3
30135204_MinPolqaSfbRecording_cut.wav,2.333333333,0.577350269,0.653333333,3
29065058_MinPolqaSfbRecording_cut.wav,4.333333333,0.577350269,0.653333333,3
28789368_MinPolqaSfbRecording_cut.wav,3.333333333,0.577350269,0.653333333,3
30407142_MinPolqaSfbRecording_cut.wav,3.0,0.816496581,0.800166649,4
30486864_MinPolqaSfbRecording_cut.wav,2.5,0.577350269,0.565803264,4
29541799_MinPolqaSfbRecording_cut.wav,1.75,0.5,0.49,4
30117755_MinPolqaSfbRecording_cut.wav,2.5,0.577350269,0.565803264,4
30130797_MinPolqaSfbRecording_cut.wav,2.5,0.577350269,0.565803264,4
28598841_MinPolqaSfbRecording_cut.wav,3.75,0.5,0.49,4
30469588_MinPolqaSfbRecording_cut.wav,2.0,0.816496581,0.800166649,4
30081731_MinPolqaSfbRecording_cut.wav,2.25,0.957427108,0.938278566,4
30514466_MinPolqaSfbRecording_cut.wav,1.25,0.5,0.49,4
30066223_MinPolqaSfbRecording_cut.wav,2.75,0.957427108,0.938278566,4
28653026_MinPolqaSfbRecording_cut.wav,3.75,0.957427108,0.938278566,4
30131588_MinPolqaSfbRecording_cut.wav,4.0,0.0,0.0,4
30098894_MinPolqaSfbRecording_cut.wav,3.75,1.258305739,1.233139624,4
27828829_MinPolqaSfbRecording_cut.wav,2.75,0.957427108,0.938278566,4
30166088_MinPolqaSfbRecording_cut.wav,3.0,1.154700538,1.131606528,4
30192970_MinPolqaSfbRecording_cut.wav,3.25,1.707825128,1.673668625,4
30492459_MinPolqaSfbRecording_cut.wav,2.333333333,1.154700538,1.306666667,3
27928885_MinPolqaSfbRecording_cut.wav,3.666666667,0.577350269,0.653333333,3
30123472_MinPolqaSfbRecording_cut.wav,3.666666667,0.577350269,0.653333333,3
30426223_MinPolqaSfbRecording_cut.wav,3.666666667,0.577350269,0.653333333,3
30519401_MinPolqaSfbRecording_cut.wav,3.333333333,1.154700538,1.306666667,3
30141542_MinPolqaSfbRecording_cut.wav,3.333333333,1.527525232,1.728557523,3
30067285_MinPolqaSfbRecording_cut.wav,2.666666667,0.577350269,0.653333333,3
29540180_MinPolqaSfbRecording_cut.wav,4.0,0.0,0.0,3
30444422_MinPolqaSfbRecording_cut.wav,2.0,1.732050808,1.96,3
30491631_MinPolqaSfbRecording_cut.wav,3.333333333,0.577350269,0.653333333,3
30423491_MinPolqaSfbRecording_cut.wav,3.0,1.0,1.131606528,3
30147955_MinPolqaSfbRecording_cut.wav,2.666666667,0.577350269,0.653333333,3
27786428_MinPolqaSfbRecording_cut.wav,4.0,0.0,0.0,3
30260291_MinPolqaSfbRecording_cut.wav,3.666666667,0.577350269,0.653333333,3
28937300_MinPolqaSfbRecording_cut.wav,4.0,0.0,0.0,3
30113650_MinPolqaSfbRecording_cut.wav,2.666666667,0.577350269,0.653333333,3
30429023_MinPolqaSfbRecording_cut.wav,4.0,1.414213562,1.385929291,4
30214066_MinPolqaSfbRecording_cut.wav,4.0,0.816496581,0.800166649,4
30213473_MinPolqaSfbRecording_cut.wav,3.75,1.258305739,1.233139624,4
30430105_MinPolqaSfbRecording_cut.wav,4.0,0.816496581,0.800166649,4
30500856_MinPolqaSfbRecording_cut.wav,4.25,0.5,0.49,4
27785108_MinPolqaSfbRecording_cut.wav,4.0,1.414213562,1.385929291,4
28935167_MinPolqaSfbRecording_cut.wav,4.25,0.5,0.49,4
30479556_MinPolqaSfbRecording_cut.wav,2.5,1.290994449,1.26517456,4
30493396_MinPolqaSfbRecording_cut.wav,2.25,1.258305739,1.233139624,4
30412878_MinPolqaSfbRecording_cut.wav,3.5,1.0,0.98,4
30177421_MinPolqaSfbRecording_cut.wav,3.5,1.290994449,1.26517456,4
30071580_MinPolqaSfbRecording_cut.wav,3.5,0.577350269,0.565803264,4
30149404_MinPolqaSfbRecording_cut.wav,3.0,1.414213562,1.385929291,4
30140768_MinPolqaSfbRecording_cut.wav,1.5,0.577350269,0.565803264,4
30472924_MinPolqaSfbRecording_cut.wav,2.5,0.577350269,0.565803264,4
30100684_MinPolqaSfbRecording_cut.wav,3.25,0.5,0.49,4
27774226_MinPolqaSfbRecording_cut.wav,2.75,1.258305739,1.233139624,4
30100201_MinPolqaSfbRecording_cut.wav,2.4,1.140175425,0.999407825,5
30443071_MinPolqaSfbRecording_cut.wav,1.6,0.547722558,0.48009999,5
30211030_MinPolqaSfbRecording_cut.wav,2.6,1.140175425,0.999407825,5
27581860_MinPolqaSfbRecording_cut.wav,3.8,0.836660027,0.733364848,5
30484390_MinPolqaSfbRecording_cut.wav,2.0,0.707106781,0.619806421,5
30162937_MinPolqaSfbRecording_cut.wav,2.4,1.140175425,0.999407825,5
30186157_MinPolqaSfbRecording_cut.wav,3.0,1.224744871,1.073536213,5
30259086_MinPolqaSfbRecording_cut.wav,3.4,0.894427191,0.784,5
30426793_MinPolqaSfbRecording_cut.wav,3.6,1.140175425,0.999407825,5
28588198_MinPolqaSfbRecording_cut.wav,3.2,0.836660027,0.733364848,5
30414249_MinPolqaSfbRecording_cut.wav,3.6,1.140175425,0.999407825,5
27587148_MinPolqaSfbRecording_cut.wav,3.8,0.447213595,0.392,5
29541782_MinPolqaSfbRecording_cut.wav,1.4,0.547722558,0.48009999,5
30185524_MinPolqaSfbRecording_cut.wav,1.8,0.447213595,0.392,5
30065106_MinPolqaSfbRecording_cut.wav,2.6,0.894427191,0.784,5
30409835_MinPolqaSfbRecording_cut.wav,2.8,1.303840481,1.142866571,5
30249128_MinPolqaSfbRecording_cut.wav,3.4,1.140175425,0.999407825,5
28167122_MinPolqaSfbRecording_cut.wav,3.8,1.095445115,0.960199979,5
30173081_MinPolqaSfbRecording_cut.wav,3.8,1.095445115,0.960199979,5
30423910_MinPolqaSfbRecording_cut.wav,3.6,1.140175425,0.999407825,5
30505954_MinPolqaSfbRecording_cut.wav,3.6,0.894427191,0.784,5
30500950_MinPolqaSfbRecording_cut.wav,2.6,0.894427191,0.784,5
30510608_MinPolqaSfbRecording_cut.wav,3.2,1.303840481,1.142866571,5
28879395_MinPolqaSfbRecording_cut.wav,3.0,1.224744871,1.073536213,5
30461065_MinPolqaSfbRecording_cut.wav,3.2,0.836660027,0.733364848,5
30199830_MinPolqaSfbRecording_cut.wav,3.0,1.224744871,1.073536213,5
30487516_MinPolqaSfbRecording_cut.wav,3.2,1.303840481,1.142866571,5
28447593_MinPolqaSfbRecording_cut.wav,3.4,0.547722558,0.48009999,5
30073253_MinPolqaSfbRecording_cut.wav,3.4,1.140175425,0.999407825,5
30206540_MinPolqaSfbRecording_cut.wav,3.2,0.836660027,0.733364848,5
30061023_MinPolqaSfbRecording_cut.wav,4.0,0.816496581,0.800166649,4
30076525_MinPolqaSfbRecording_cut.wav,4.0,1.154700538,1.131606528,4
30066122_MinPolqaSfbRecording_cut.wav,4.0,0.816496581,0.800166649,4
30465387_MinPolqaSfbRecording_cut.wav,2.0,1.154700538,1.131606528,4
30481997_MinPolqaSfbRecording_cut.wav,3.5,0.577350269,0.565803264,4
30470190_MinPolqaSfbRecording_cut.wav,3.0,0.816496581,0.800166649,4
28630213_MinPolqaSfbRecording_cut.wav,4.5,0.577350269,0.565803264,4
28341837_MinPolqaSfbRecording_cut.wav,4.5,0.577350269,0.565803264,4
30491463_MinPolqaSfbRecording_cut.wav,4.0,1.0,1.131606528,3
30070449_MinPolqaSfbRecording_cut.wav,2.333333333,0.577350269,0.653333333,3
29542026_MinPolqaSfbRecording_cut.wav,4.0,0.0,0.0,3
30182025_MinPolqaSfbRecording_cut.wav,3.666666667,0.577350269,0.653333333,3
28770697_MinPolqaSfbRecording_cut.wav,3.333333333,0.577350269,0.653333333,3
30250673_MinPolqaSfbRecording_cut.wav,3.666666667,0.577350269,0.653333333,3
30132221_MinPolqaSfbRecording_cut.wav,3.333333333,0.577350269,0.653333333,3
30148124_MinPolqaSfbRecording_cut.wav,4.0,0.0,0.0,3
30210388_MinPolqaSfbRecording_cut.wav,4.0,0.0,0.0,3
30185993_MinPolqaSfbRecording_cut.wav,3.8,0.447213595,0.392,5
30086657_MinPolqaSfbRecording_cut.wav,2.4,0.894427191,0.784,5
28329401_MinPolqaSfbRecording_cut.wav,4.4,0.894427191,0.784,5
30512619_MinPolqaSfbRecording_cut.wav,3.0,1.414213562,1.239612843,5
27647202_MinPolqaSfbRecording_cut.wav,4.2,0.836660027,0.733364848,5
30425443_MinPolqaSfbRecording_cut.wav,3.6,0.894427191,0.784,5
30213992_MinPolqaSfbRecording_cut.wav,2.4,0.894427191,0.784,5
30123583_MinPolqaSfbRecording_cut.wav,4.0,0.707106781,0.619806421,5
30093189_MinPolqaSfbRecording_cut.wav,3.25,0.957427108,0.938278566,4
30140615_MinPolqaSfbRecording_cut.wav,2.5,1.290994449,1.26517456,4
30068395_MinPolqaSfbRecording_cut.wav,2.5,1.0,0.98,4
28931586_MinPolqaSfbRecording_cut.wav,4.25,0.957427108,0.938278566,4
30439679_MinPolqaSfbRecording_cut.wav,1.75,0.957427108,0.938278566,4
30127701_MinPolqaSfbRecording_cut.wav,4.25,0.5,0.49,4
27824828_MinPolqaSfbRecording_cut.wav,4.0,0.816496581,0.800166649,4
29007915_MinPolqaSfbRecording_cut.wav,3.75,1.258305739,1.233139624,4
30161737_MinPolqaSfbRecording_cut.wav,2.5,0.577350269,0.565803264,4
30415634_MinPolqaSfbRecording_cut.wav,3.0,0.816496581,0.800166649,4
30134342_MinPolqaSfbRecording_cut.wav,3.25,1.258305739,1.233139624,4
30516059_MinPolqaSfbRecording_cut.wav,2.5,1.290994449,1.26517456,4
30404675_MinPolqaSfbRecording_cut.wav,2.0,0.816496581,0.800166649,4
27753264_MinPolqaSfbRecording_cut.wav,3.75,0.957427108,0.938278566,4
30109183_MinPolqaSfbRecording_cut.wav,3.25,0.5,0.49,4
30126234_MinPolqaSfbRecording_cut.wav,2.5,0.577350269,0.565803264,4
29055805_MinPolqaSfbRecording_cut.wav,3.25,1.5,1.47,4
30195790_MinPolqaSfbRecording_cut.wav,3.666666667,0.577350269,0.653333333,3
30174029_MinPolqaSfbRecording_cut.wav,3.0,1.0,1.131606528,3
29532949_MinPolqaSfbRecording_cut.wav,3.0,1.0,1.131606528,3
30450890_MinPolqaSfbRecording_cut.wav,3.0,1.0,1.131606528,3
30062489_MinPolqaSfbRecording_cut.wav,4.0,1.0,1.131606528,3
28831113_MinPolqaSfbRecording_cut.wav,3.666666667,0.577350269,0.653333333,3
28340169_MinPolqaSfbRecording_cut.wav,3.666666667,0.577350269,0.653333333,3
30411311_MinPolqaSfbRecording_cut.wav,3.666666667,0.577350269,0.653333333,3
30256257_MinPolqaSfbRecording_cut.wav,3.666666667,0.577350269,0.653333333,3
30529251_MinPolqaSfbRecording_cut.wav,1.75,0.957427108,0.938278566,4
30163740_MinPolqaSfbRecording_cut.wav,3.5,0.577350269,0.565803264,4
30500716_MinPolqaSfbRecording_cut.wav,4.0,0.816496581,0.800166649,4
30142141_MinPolqaSfbRecording_cut.wav,4.25,0.957427108,0.938278566,4
30403801_MinPolqaSfbRecording_cut.wav,3.0,1.154700538,1.131606528,4
30078872_MinPolqaSfbRecording_cut.wav,3.0,1.414213562,1.385929291,4
30086957_MinPolqaSfbRecording_cut.wav,2.75,1.5,1.47,4
30438217_MinPolqaSfbRecording_cut.wav,4.25,0.957427108,0.938278566,4
30071074_MinPolqaSfbRecording_cut.wav,3.0,1.414213562,1.385929291,4
28028752_MinPolqaSfbRecording_cut.wav,3.75,1.258305739,1.233139624,4
30155383_MinPolqaSfbRecording_cut.wav,3.75,0.5,0.49,4
30515038_MinPolqaSfbRecording_cut.wav,3.5,1.0,0.98,4
30059152_MinPolqaSfbRecording_cut.wav,3.5,1.732050808,1.697409791,4
29533332_MinPolqaSfbRecording_cut.wav,4.75,0.5,0.49,4
27864322_MinPolqaSfbRecording_cut.wav,3.75,0.5,0.49,4
30505940_MinPolqaSfbRecording_cut.wav,4.0,0.816496581,0.800166649,4
30125521_MinPolqaSfbRecording_cut.wav,3.0,1.414213562,1.385929291,4
30138884_MinPolqaSfbRecording_cut.wav,4.0,0.816496581,0.800166649,4
30144267_MinPolqaSfbRecording_cut.wav,2.6,1.140175425,0.999407825,5
30470283_MinPolqaSfbRecording_cut.wav,2.8,1.303840481,1.142866571,5
30106443_MinPolqaSfbRecording_cut.wav,2.2,1.303840481,1.142866571,5
30120325_MinPolqaSfbRecording_cut.wav,3.0,0.0,0.0,5
30150549_MinPolqaSfbRecording_cut.wav,3.0,0.707106781,0.619806421,5
30076599_MinPolqaSfbRecording_cut.wav,3.0,0.707106781,0.619806421,5
30086954_MinPolqaSfbRecording_cut.wav,3.0,1.0,0.876538647,5
27711174_MinPolqaSfbRecording_cut.wav,4.0,0.707106781,0.619806421,5
30413499_MinPolqaSfbRecording_cut.wav,2.2,1.303840481,1.142866571,5
30061350_MinPolqaSfbRecording_cut.wav,4.0,0.816496581,0.800166649,4
30101988_MinPolqaSfbRecording_cut.wav,4.5,0.577350269,0.565803264,4
28191453_MinPolqaSfbRecording_cut.wav,4.25,0.5,0.49,4
30151590_MinPolqaSfbRecording_cut.wav,2.75,0.957427108,0.938278566,4
30458430_MinPolqaSfbRecording_cut.wav,4.0,0.816496581,0.800166649,4
30080452_MinPolqaSfbRecording_cut.wav,3.5,0.577350269,0.565803264,4
27671589_MinPolqaSfbRecording_cut.wav,4.25,0.5,0.49,4
30487042_MinPolqaSfbRecording_cut.wav,3.25,0.5,0.49,4
28247362_MinPolqaSfbRecording_cut.wav,4.8,0.447213595,0.392,5
30119951_MinPolqaSfbRecording_cut.wav,3.6,0.547722558,0.48009999,5
30070948_MinPolqaSfbRecording_cut.wav,2.4,0.894427191,0.784,5
30083793_MinPolqaSfbRecording_cut.wav,2.4,0.894427191,0.784,5
30475070_MinPolqaSfbRecording_cut.wav,3.8,0.447213595,0.392,5
28241443_MinPolqaSfbRecording_cut.wav,4.8,0.447213595,0.392,5
30486026_MinPolqaSfbRecording_cut.wav,3.8,0.447213595,0.392,5
27736656_MinPolqaSfbRecording_cut.wav,4.8,0.447213595,0.392,5
30486419_MinPolqaSfbRecording_cut.wav,3.0,0.707106781,0.619806421,5
30104185_MinPolqaSfbRecording_cut.wav,2.8,0.447213595,0.392,5
30058475_MinPolqaSfbRecording_cut.wav,3.75,0.5,0.49,4
30260332_MinPolqaSfbRecording_cut.wav,2.75,0.5,0.49,4
30182179_MinPolqaSfbRecording_cut.wav,3.5,0.577350269,0.565803264,4
30064858_MinPolqaSfbRecording_cut.wav,3.75,0.5,0.49,4
30513537_MinPolqaSfbRecording_cut.wav,3.25,0.5,0.49,4
30183680_MinPolqaSfbRecording_cut.wav,4.0,1.154700538,1.131606528,4
30129672_MinPolqaSfbRecording_cut.wav,3.5,1.0,0.98,4
28327246_MinPolqaSfbRecording_cut.wav,3.75,0.957427108,0.938278566,4
30096870_MinPolqaSfbRecording_cut.wav,3.0,0.816496581,0.800166649,4
30485350_MinPolqaSfbRecording_cut.wav,3.0,0.816496581,0.800166649,4
30257387_MinPolqaSfbRecording_cut.wav,4.0,0.816496581,0.800166649,4
30120970_MinPolqaSfbRecording_cut.wav,3.75,1.258305739,1.233139624,4
30494012_MinPolqaSfbRecording_cut.wav,3.0,0.816496581,0.800166649,4
30130945_MinPolqaSfbRecording_cut.wav,3.5,0.577350269,0.565803264,4
28964809_MinPolqaSfbRecording_cut.wav,3.75,0.957427108,0.938278566,4
27600172_MinPolqaSfbRecording_cut.wav,4.25,0.5,0.49,4
30062663_MinPolqaSfbRecording_cut.wav,2.25,0.5,0.49,4
30123625_MinPolqaSfbRecording_cut.wav,2.666666667,2.081665999,2.355626833,3
27893737_MinPolqaSfbRecording_cut.wav,3.666666667,1.527525232,1.728557523,3
30529108_MinPolqaSfbRecording_cut.wav,2.0,1.0,1.131606528,3
28307388_MinPolqaSfbRecording_cut.wav,3.666666667,1.154700538,1.306666667,3
28932999_MinPolqaSfbRecording_cut.wav,3.333333333,1.527525232,1.728557523,3
30264248_MinPolqaSfbRecording_cut.wav,2.0,1.0,1.131606528,3
30255224_MinPolqaSfbRecording_cut.wav,4.2,0.447213595,0.392,5
30491681_MinPolqaSfbRecording_cut.wav,3.4,0.547722558,0.48009999,5
30431705_MinPolqaSfbRecording_cut.wav,2.4,1.140175425,0.999407825,5
30213637_MinPolqaSfbRecording_cut.wav,3.2,0.447213595,0.392,5
30183003_MinPolqaSfbRecording_cut.wav,3.8,0.836660027,0.733364848,5
28804905_MinPolqaSfbRecording_cut.wav,3.8,1.303840481,1.142866571,5
30404516_MinPolqaSfbRecording_cut.wav,3.0,0.707106781,0.619806421,5
30156463_MinPolqaSfbRecording_cut.wav,3.2,0.836660027,0.733364848,5
30451359_MinPolqaSfbRecording_cut.wav,1.8,1.095445115,0.960199979,5
30200719_MinPolqaSfbRecording_cut.wav,1.6,0.547722558,0.48009999,5
28925275_MinPolqaSfbRecording_cut.wav,3.6,1.140175425,0.999407825,5
27849910_MinPolqaSfbRecording_cut.wav,3.8,0.836660027,0.733364848,5
30487729_MinPolqaSfbRecording_cut.wav,2.0,1.224744871,1.073536213,5
30069484_MinPolqaSfbRecording_cut.wav,3.0,1.58113883,1.385929291,5
30444059_MinPolqaSfbRecording_cut.wav,2.0,1.0,0.876538647,5
30212145_MinPolqaSfbRecording_cut.wav,2.8,0.836660027,0.733364848,5
30113154_MinPolqaSfbRecording_cut.wav,2.6,0.894427191,0.784,5
30158073_MinPolqaSfbRecording_cut.wav,2.4,1.140175425,0.999407825,5
30184529_MinPolqaSfbRecording_cut.wav,1.2,0.447213595,0.392,5
30494245_MinPolqaSfbRecording_cut.wav,1.6,0.547722558,0.48009999,5
29061344_MinPolqaSfbRecording_cut.wav,3.8,0.836660027,0.733364848,5
30257921_MinPolqaSfbRecording_cut.wav,3.4,0.894427191,0.784,5
30152062_MinPolqaSfbRecording_cut.wav,4.4,0.547722558,0.48009999,5
28354647_MinPolqaSfbRecording_cut.wav,4.0,0.707106781,0.619806421,5
30485100_MinPolqaSfbRecording_cut.wav,3.8,0.836660027,0.733364848,5
30211939_MinPolqaSfbRecording_cut.wav,2.2,0.447213595,0.392,5
30472288_MinPolqaSfbRecording_cut.wav,3.4,0.547722558,0.48009999,5
30150736_MinPolqaSfbRecording_cut.wav,3.8,1.095445115,0.960199979,5
30404448_MinPolqaSfbRecording_cut.wav,4.6,0.547722558,0.48009999,5
30144927_MinPolqaSfbRecording_cut.wav,3.4,1.140175425,0.999407825,5
29539860_MinPolqaSfbRecording_cut.wav,3.6,0.894427191,0.784,5
30189104_MinPolqaSfbRecording_cut.wav,3.4,0.894427191,0.784,5
30264347_MinPolqaSfbRecording_cut.wav,3.0,0.707106781,0.619806421,5
30106959_MinPolqaSfbRecording_cut.wav,3.4,1.140175425,0.999407825,5
30083905_MinPolqaSfbRecording_cut.wav,4.2,0.836660027,0.733364848,5
30210886_MinPolqaSfbRecording_cut.wav,3.0,0.0,0.0,3
30193976_MinPolqaSfbRecording_cut.wav,2.0,0.0,0.0,3
28199428_MinPolqaSfbRecording_cut.wav,4.333333333,0.577350269,0.653333333,3
30194972_MinPolqaSfbRecording_cut.wav,2.333333333,0.577350269,0.653333333,3
27730773_MinPolqaSfbRecording_cut.wav,3.666666667,0.577350269,0.653333333,3
30493758_MinPolqaSfbRecording_cut.wav,3.333333333,0.577350269,0.653333333,3
30106570_MinPolqaSfbRecording_cut.wav,3.333333333,1.154700538,1.306666667,3
30443311_MinPolqaSfbRecording_cut.wav,3.0,1.0,1.131606528,3
30488341_MinPolqaSfbRecording_cut.wav,1.0,0.0,0.0,2
30423593_MinPolqaSfbRecording_cut.wav,1.0,0.0,0.0,2
30097737_MinPolqaSfbRecording_cut.wav,3.0,1.414213562,1.96,2
30519267_MinPolqaSfbRecording_cut.wav,1.5,0.707106781,0.98,2
30470525_MinPolqaSfbRecording_cut.wav,1.5,0.707106781,0.98,2
30513097_MinPolqaSfbRecording_cut.wav,1.5,0.707106781,0.98,2
30411353_MinPolqaSfbRecording_cut.wav,1.5,0.707106781,0.98,2
30066661_MinPolqaSfbRecording_cut.wav,1.5,0.707106781,0.98,2
28499215_MinPolqaSfbRecording_cut.wav,5.0,0.0,0.0,2
30428121_MinPolqaSfbRecording_cut.wav,1.0,0.0,0.0,2
30258583_MinPolqaSfbRecording_cut.wav,3.0,0.816496581,0.800166649,4
30168741_MinPolqaSfbRecording_cut.wav,2.75,1.5,1.47,4
29530232_MinPolqaSfbRecording_cut.wav,3.25,0.957427108,0.938278566,4
30155511_MinPolqaSfbRecording_cut.wav,2.5,1.290994449,1.26517456,4
30129087_MinPolqaSfbRecording_cut.wav,3.25,0.957427108,0.938278566,4
30070851_MinPolqaSfbRecording_cut.wav,3.5,1.0,0.98,4
29531257_MinPolqaSfbRecording_cut.wav,3.0,0.816496581,0.800166649,4
29535305_MinPolqaSfbRecording_cut.wav,2.5,1.290994449,1.26517456,4
30071396_MinPolqaSfbRecording_cut.wav,2.5,1.290994449,1.26517456,4
27773689_MinPolqaSfbRecording_cut.wav,3.5,0.577350269,0.565803264,4
30422623_MinPolqaSfbRecording_cut.wav,2.0,1.414213562,1.96,2
30200921_MinPolqaSfbRecording_cut.wav,1.5,0.707106781,0.98,2
30091378_MinPolqaSfbRecording_cut.wav,2.0,1.414213562,1.96,2
30213046_MinPolqaSfbRecording_cut.wav,2.5,0.707106781,0.98,2
30087356_MinPolqaSfbRecording_cut.wav,2.5,0.707106781,0.98,2
30148992_MinPolqaSfbRecording_cut.wav,2.5,0.707106781,0.98,2
30405915_MinPolqaSfbRecording_cut.wav,1.5,0.707106781,0.98,2
30178503_MinPolqaSfbRecording_cut.wav,2.0,0.0,0.0,2
30497451_MinPolqaSfbRecording_cut.wav,3.0,0.0,0.0,2
30453652_MinPolqaSfbRecording_cut.wav,4.0,1.0,1.131606528,3
30250087_MinPolqaSfbRecording_cut.wav,3.666666667,1.154700538,1.306666667,3
30427990_MinPolqaSfbRecording_cut.wav,3.666666667,1.527525232,1.728557523,3
30149206_MinPolqaSfbRecording_cut.wav,2.333333333,1.527525232,1.728557523,3
30080618_MinPolqaSfbRecording_cut.wav,4.0,1.0,1.131606528,3
30166347_MinPolqaSfbRecording_cut.wav,4.0,1.0,1.131606528,3
30193899_MinPolqaSfbRecording_cut.wav,3.666666667,0.577350269,0.653333333,3
27682662_MinPolqaSfbRecording_cut.wav,3.75,0.5,0.49,4
30086793_MinPolqaSfbRecording_cut.wav,4.0,0.0,0.0,4
30065751_MinPolqaSfbRecording_cut.wav,3.75,0.5,0.49,4
28301208_MinPolqaSfbRecording_cut.wav,3.75,0.5,0.49,4
30165725_MinPolqaSfbRecording_cut.wav,3.75,0.957427108,0.938278566,4
30081221_MinPolqaSfbRecording_cut.wav,3.5,0.577350269,0.565803264,4
30198647_MinPolqaSfbRecording_cut.wav,3.0,0.816496581,0.800166649,4
30079584_MinPolqaSfbRecording_cut.wav,3.0,0.816496581,0.800166649,4
30197468_MinPolqaSfbRecording_cut.wav,3.5,0.577350269,0.565803264,4
30522733_MinPolqaSfbRecording_cut.wav,2.75,0.5,0.49,4
30073383_MinPolqaSfbRecording_cut.wav,2.5,1.0,0.98,4
30059124_MinPolqaSfbRecording_cut.wav,3.5,0.577350269,0.565803264,4
30144859_MinPolqaSfbRecording_cut.wav,4.0,0.816496581,0.800166649,4
28067491_MinPolqaSfbRecording_cut.wav,3.75,0.5,0.49,4
30096652_MinPolqaSfbRecording_cut.wav,2.25,0.5,0.49,4
30460450_MinPolqaSfbRecording_cut.wav,1.25,0.5,0.49,4
30527457_MinPolqaSfbRecording_cut.wav,3.75,0.5,0.49,4
30071455_MinPolqaSfbRecording_cut.wav,3.0,0.0,0.0,4
30514306_MinPolqaSfbRecording_cut.wav,1.75,0.5,0.49,4
30508829_MinPolqaSfbRecording_cut.wav,4.75,0.5,0.49,4
28918112_MinPolqaSfbRecording_cut.wav,3.75,0.5,0.49,4
28547436_MinPolqaSfbRecording_cut.wav,4.75,0.5,0.49,4
30145233_MinPolqaSfbRecording_cut.wav,3.5,1.0,0.98,4
30492372_MinPolqaSfbRecording_cut.wav,2.0,0.816496581,0.800166649,4
30479014_MinPolqaSfbRecording_cut.wav,1.75,0.5,0.49,4
30169825_MinPolqaSfbRecording_cut.wav,2.5,0.577350269,0.565803264,4
30433035_MinPolqaSfbRecording_cut.wav,4.0,0.0,0.0,4
30188857_MinPolqaSfbRecording_cut.wav,4.0,0.0,0.0,4
28900609_MinPolqaSfbRecording_cut.wav,3.75,0.957427108,0.938278566,4
28965072_MinPolqaSfbRecording_cut.wav,3.5,0.577350269,0.565803264,4
30161198_MinPolqaSfbRecording_cut.wav,4.0,0.816496581,0.800166649,4
30173536_MinPolqaSfbRecording_cut.wav,3.5,0.577350269,0.565803264,4
30523651_MinPolqaSfbRecording_cut.wav,2.25,0.957427108,0.938278566,4
30099817_MinPolqaSfbRecording_cut.wav,3.25,0.5,0.49,4
28030095_MinPolqaSfbRecording_cut.wav,4.75,0.5,0.49,4
30141114_MinPolqaSfbRecording_cut.wav,3.666666667,0.577350269,0.653333333,3
30520964_MinPolqaSfbRecording_cut.wav,3.333333333,0.577350269,0.653333333,3
27719053_MinPolqaSfbRecording_cut.wav,3.0,1.0,1.131606528,3
30261798_MinPolqaSfbRecording_cut.wav,3.333333333,0.577350269,0.653333333,3
30247687_MinPolqaSfbRecording_cut.wav,4.333333333,0.577350269,0.653333333,3
30118851_MinPolqaSfbRecording_cut.wav,3.0,1.0,1.131606528,3
30472253_MinPolqaSfbRecording_cut.wav,4.333333333,0.577350269,0.653333333,3
30483409_MinPolqaSfbRecording_cut.wav,3.6,0.547722558,0.48009999,5
28155941_MinPolqaSfbRecording_cut.wav,3.2,0.447213595,0.392,5
30520601_MinPolqaSfbRecording_cut.wav,3.0,0.707106781,0.619806421,5
30172296_MinPolqaSfbRecording_cut.wav,3.2,0.447213595,0.392,5
27789119_MinPolqaSfbRecording_cut.wav,3.2,0.836660027,0.733364848,5
30130085_MinPolqaSfbRecording_cut.wav,3.2,0.447213595,0.392,5
27904239_MinPolqaSfbRecording_cut.wav,3.0,0.707106781,0.619806421,5
30489795_MinPolqaSfbRecording_cut.wav,3.8,0.447213595,0.392,5
28364809_MinPolqaSfbRecording_cut.wav,4.666666667,0.577350269,0.653333333,3
30134336_MinPolqaSfbRecording_cut.wav,4.333333333,0.577350269,0.653333333,3
30491218_MinPolqaSfbRecording_cut.wav,3.333333333,1.527525232,1.728557523,3
29030155_MinPolqaSfbRecording_cut.wav,4.0,1.0,1.131606528,3
30488515_MinPolqaSfbRecording_cut.wav,3.0,2.0,2.263213055,3
30133943_MinPolqaSfbRecording_cut.wav,3.333333333,0.577350269,0.653333333,3
28003743_MinPolqaSfbRecording_cut.wav,3.333333333,0.577350269,0.653333333,3
27795370_MinPolqaSfbRecording_cut.wav,4.0,0.0,0.0,2
30212747_MinPolqaSfbRecording_cut.wav,4.0,0.0,0.0,2
30063139_MinPolqaSfbRecording_cut.wav,4.0,0.0,0.0,2
30502439_MinPolqaSfbRecording_cut.wav,4.0,0.0,0.0,2
30092221_MinPolqaSfbRecording_cut.wav,4.0,0.0,0.0,2
30163445_MinPolqaSfbRecording_cut.wav,4.0,0.0,0.0,2
30119901_MinPolqaSfbRecording_cut.wav,4.5,0.707106781,0.98,2
27794109_MinPolqaSfbRecording_cut.wav,4.0,0.0,0.0,2
30090020_MinPolqaSfbRecording_cut.wav,3.5,0.707106781,0.98,2
30488616_MinPolqaSfbRecording_cut.wav,3.0,1.414213562,1.96,2
30260136_MinPolqaSfbRecording_cut.wav,2.75,1.5,1.47,4
30211143_MinPolqaSfbRecording_cut.wav,4.25,0.5,0.49,4
30488772_MinPolqaSfbRecording_cut.wav,4.0,0.0,0.0,4
28341168_MinPolqaSfbRecording_cut.wav,2.75,0.957427108,0.938278566,4
30402487_MinPolqaSfbRecording_cut.wav,2.25,0.5,0.49,4
28895659_MinPolqaSfbRecording_cut.wav,4.5,0.577350269,0.565803264,4
30478921_MinPolqaSfbRecording_cut.wav,3.75,0.5,0.49,4
28258670_MinPolqaSfbRecording_cut.wav,4.4,0.547722558,0.48009999,5
28079148_MinPolqaSfbRecording_cut.wav,4.2,0.447213595,0.392,5
30523925_MinPolqaSfbRecording_cut.wav,2.4,0.547722558,0.48009999,5
30526351_MinPolqaSfbRecording_cut.wav,2.6,0.547722558,0.48009999,5
29529768_MinPolqaSfbRecording_cut.wav,3.6,0.547722558,0.48009999,5
30153610_MinPolqaSfbRecording_cut.wav,3.0,0.707106781,0.619806421,5
30153795_MinPolqaSfbRecording_cut.wav,4.2,0.447213595,0.392,5
30483164_MinPolqaSfbRecording_cut.wav,2.4,0.547722558,0.48009999,5
30083521_MinPolqaSfbRecording_cut.wav,3.333333333,1.154700538,1.306666667,3
28154996_MinPolqaSfbRecording_cut.wav,3.666666667,0.577350269,0.653333333,3
30504112_MinPolqaSfbRecording_cut.wav,3.0,1.732050808,1.96,3
28733151_MinPolqaSfbRecording_cut.wav,4.333333333,0.577350269,0.653333333,3
30496414_MinPolqaSfbRecording_cut.wav,3.666666667,0.577350269,0.653333333,3
30169179_MinPolqaSfbRecording_cut.wav,4.0,0.0,0.0,3
30169783_MinPolqaSfbRecording_cut.wav,3.333333333,1.154700538,1.306666667,3
28280220_MinPolqaSfbRecording_cut.wav,3.666666667,0.577350269,0.653333333,3
30520573_MinPolqaSfbRecording_cut.wav,4.333333333,0.577350269,0.653333333,3
30429517_MinPolqaSfbRecording_cut.wav,4.0,0.816496581,0.800166649,4
28928661_MinPolqaSfbRecording_cut.wav,3.5,0.577350269,0.565803264,4
30454884_MinPolqaSfbRecording_cut.wav,3.5,0.577350269,0.565803264,4
27775680_MinPolqaSfbRecording_cut.wav,3.75,0.5,0.49,4
30119869_MinPolqaSfbRecording_cut.wav,1.25,0.5,0.49,4
30194970_MinPolqaSfbRecording_cut.wav,1.75,0.5,0.49,4
30199721_MinPolqaSfbRecording_cut.wav,4.0,0.0,0.0,3
30449664_MinPolqaSfbRecording_cut.wav,2.333333333,1.527525232,1.728557523,3
30254017_MinPolqaSfbRecording_cut.wav,2.333333333,1.527525232,1.728557523,3
30147052_MinPolqaSfbRecording_cut.wav,3.333333333,1.154700538,1.306666667,3
30141695_MinPolqaSfbRecording_cut.wav,4.333333333,0.577350269,0.653333333,3
30192083_MinPolqaSfbRecording_cut.wav,3.666666667,0.577350269,0.653333333,3
30453600_MinPolqaSfbRecording_cut.wav,3.333333333,0.577350269,0.653333333,3
30516811_MinPolqaSfbRecording_cut.wav,3.0,1.0,1.131606528,3
30211471_MinPolqaSfbRecording_cut.wav,2.666666667,0.577350269,0.653333333,3
30078595_MinPolqaSfbRecording_cut.wav,3.0,1.58113883,1.385929291,5
28035287_MinPolqaSfbRecording_cut.wav,4.4,0.547722558,0.48009999,5
28666861_MinPolqaSfbRecording_cut.wav,3.6,1.516575089,1.329336677,5
30453141_MinPolqaSfbRecording_cut.wav,2.8,0.836660027,0.733364848,5
30503065_MinPolqaSfbRecording_cut.wav,3.0,1.0,0.876538647,5
30491644_MinPolqaSfbRecording_cut.wav,3.8,0.836660027,0.733364848,5
30165939_MinPolqaSfbRecording_cut.wav,4.0,1.0,0.876538647,5
30078792_MinPolqaSfbRecording_cut.wav,3.6,0.894427191,0.784,5
28585184_MinPolqaSfbRecording_cut.wav,4.25,0.957427108,0.938278566,4
30500749_MinPolqaSfbRecording_cut.wav,3.5,1.290994449,1.26517456,4
30195073_MinPolqaSfbRecording_cut.wav,3.5,1.0,0.98,4
30490388_MinPolqaSfbRecording_cut.wav,3.0,1.154700538,1.131606528,4
30109820_MinPolqaSfbRecording_cut.wav,3.5,1.0,0.98,4
30496418_MinPolqaSfbRecording_cut.wav,3.5,1.0,0.98,4
28014891_MinPolqaSfbRecording_cut.wav,5.0,0.0,0.0,4
27922810_MinPolqaSfbRecording_cut.wav,3.75,0.5,0.49,4
30422389_MinPolqaSfbRecording_cut.wav,2.25,1.5,1.47,4
30090406_MinPolqaSfbRecording_cut.wav,2.0,2.0,1.96,4
29540352_MinPolqaSfbRecording_cut.wav,3.5,1.0,0.98,4
30123207_MinPolqaSfbRecording_cut.wav,2.0,1.414213562,1.385929291,4
28724202_MinPolqaSfbRecording_cut.wav,3.75,0.957427108,0.938278566,4
27852871_MinPolqaSfbRecording_cut.wav,3.75,0.957427108,0.938278566,4
30148369_MinPolqaSfbRecording_cut.wav,4.0,0.816496581,0.800166649,4
30251559_MinPolqaSfbRecording_cut.wav,2.5,1.0,0.98,4
30110292_MinPolqaSfbRecording_cut.wav,3.25,1.258305739,1.233139624,4
30488320_MinPolqaSfbRecording_cut.wav,3.4,0.547722558,0.48009999,5
30153866_MinPolqaSfbRecording_cut.wav,2.8,1.643167673,1.440299969,5
30082103_MinPolqaSfbRecording_cut.wav,4.0,0.707106781,0.619806421,5
30159748_MinPolqaSfbRecording_cut.wav,3.6,0.547722558,0.48009999,5
30460499_MinPolqaSfbRecording_cut.wav,2.0,1.414213562,1.239612843,5
27144076_MinPolqaSfbRecording_cut.wav,4.8,0.447213595,0.392,5
30119910_MinPolqaSfbRecording_cut.wav,2.2,1.095445115,0.960199979,5
29040132_MinPolqaSfbRecording_cut.wav,4.6,0.894427191,0.784,5
30250646_MinPolqaSfbRecording_cut.wav,2.8,0.447213595,0.392,5
28683548_MinPolqaSfbRecording_cut.wav,4.4,0.547722558,0.48009999,5
30127397_MinPolqaSfbRecording_cut.wav,3.0,1.0,0.876538647,5
27855478_MinPolqaSfbRecording_cut.wav,4.2,0.447213595,0.392,5
28891913_MinPolqaSfbRecording_cut.wav,4.4,0.547722558,0.48009999,5
28221181_MinPolqaSfbRecording_cut.wav,4.6,0.547722558,0.48009999,5
30407116_MinPolqaSfbRecording_cut.wav,3.6,0.547722558,0.48009999,5
30194022_MinPolqaSfbRecording_cut.wav,3.6,0.547722558,0.48009999,5
30528051_MinPolqaSfbRecording_cut.wav,4.6,0.547722558,0.48009999,5
30262749_MinPolqaSfbRecording_cut.wav,3.8,0.447213595,0.392,5
30101962_MinPolqaSfbRecording_cut.wav,3.0,1.154700538,1.131606528,4
30427505_MinPolqaSfbRecording_cut.wav,3.0,0.816496581,0.800166649,4
30185901_MinPolqaSfbRecording_cut.wav,2.75,0.957427108,0.938278566,4
30075674_MinPolqaSfbRecording_cut.wav,3.5,0.577350269,0.565803264,4
30427360_MinPolqaSfbRecording_cut.wav,3.25,0.957427108,0.938278566,4
30503505_MinPolqaSfbRecording_cut.wav,3.0,0.816496581,0.800166649,4
30150688_MinPolqaSfbRecording_cut.wav,2.0,0.0,0.0,2
30084736_MinPolqaSfbRecording_cut.wav,4.0,0.0,0.0,2
30066747_MinPolqaSfbRecording_cut.wav,3.0,0.0,0.0,2
30415819_MinPolqaSfbRecording_cut.wav,2.5,0.707106781,0.98,2
30428967_MinPolqaSfbRecording_cut.wav,2.0,1.414213562,1.96,2
30464354_MinPolqaSfbRecording_cut.wav,4.0,0.0,0.0,2
27659058_MinPolqaSfbRecording_cut.wav,3.5,0.707106781,0.98,2
28035249_MinPolqaSfbRecording_cut.wav,4.0,0.0,0.0,2
30105595_MinPolqaSfbRecording_cut.wav,3.0,0.707106781,0.619806421,5
30443835_MinPolqaSfbRecording_cut.wav,1.2,0.447213595,0.392,5
30434200_MinPolqaSfbRecording_cut.wav,1.2,0.447213595,0.392,5
28527204_MinPolqaSfbRecording_cut.wav,3.2,0.447213595,0.392,5
29530377_MinPolqaSfbRecording_cut.wav,1.4,0.547722558,0.48009999,5
30457584_MinPolqaSfbRecording_cut.wav,3.6,0.547722558,0.48009999,5
30469561_MinPolqaSfbRecording_cut.wav,3.6,0.894427191,0.784,5
30142498_MinPolqaSfbRecording_cut.wav,3.6,0.547722558,0.48009999,5
30251652_MinPolqaSfbRecording_cut.wav,1.4,0.547722558,0.48009999,5
30066788_MinPolqaSfbRecording_cut.wav,2.6,0.547722558,0.48009999,5
28419184_MinPolqaSfbRecording_cut.wav,3.6,1.140175425,0.999407825,5
30493914_MinPolqaSfbRecording_cut.wav,2.0,1.224744871,1.073536213,5
30526847_MinPolqaSfbRecording_cut.wav,2.6,1.140175425,0.999407825,5
28806832_MinPolqaSfbRecording_cut.wav,3.8,0.836660027,0.733364848,5
30520458_MinPolqaSfbRecording_cut.wav,3.2,0.836660027,0.733364848,5
30425441_MinPolqaSfbRecording_cut.wav,3.0,1.414213562,1.239612843,5
30081197_MinPolqaSfbRecording_cut.wav,3.2,1.303840481,1.142866571,5
28759519_MinPolqaSfbRecording_cut.wav,3.2,1.095445115,0.960199979,5
30433800_MinPolqaSfbRecording_cut.wav,3.2,0.836660027,0.733364848,5
28223715_MinPolqaSfbRecording_cut.wav,4.6,0.547722558,0.48009999,5
30121721_MinPolqaSfbRecording_cut.wav,4.0,0.707106781,0.619806421,5
30113517_MinPolqaSfbRecording_cut.wav,3.2,1.095445115,0.960199979,5
30186669_MinPolqaSfbRecording_cut.wav,2.2,0.447213595,0.392,5
30070816_MinPolqaSfbRecording_cut.wav,2.4,0.894427191,0.784,5
30213061_MinPolqaSfbRecording_cut.wav,1.6,0.547722558,0.48009999,5
27812359_MinPolqaSfbRecording_cut.wav,4.0,0.707106781,0.619806421,5
30076848_MinPolqaSfbRecording_cut.wav,2.6,0.547722558,0.48009999,5
30472328_MinPolqaSfbRecording_cut.wav,3.2,0.447213595,0.392,5
30430322_MinPolqaSfbRecording_cut.wav,2.6,1.140175425,0.999407825,5
30185372_MinPolqaSfbRecording_cut.wav,4.0,0.707106781,0.619806421,5
29540372_MinPolqaSfbRecording_cut.wav,4.0,0.707106781,0.619806421,5
30507744_MinPolqaSfbRecording_cut.wav,3.4,1.516575089,1.329336677,5
27662199_MinPolqaSfbRecording_cut.wav,4.6,0.547722558,0.48009999,5
30522703_MinPolqaSfbRecording_cut.wav,3.2,1.483239697,1.300116918,5
30260847_MinPolqaSfbRecording_cut.wav,4.0,0.707106781,0.619806421,5
28281067_MinPolqaSfbRecording_cut.wav,3.666666667,0.577350269,0.653333333,3
30138870_MinPolqaSfbRecording_cut.wav,1.666666667,1.154700538,1.306666667,3
30089979_MinPolqaSfbRecording_cut.wav,4.0,0.0,0.0,3
30169630_MinPolqaSfbRecording_cut.wav,2.0,1.0,1.131606528,3
30141630_MinPolqaSfbRecording_cut.wav,3.333333333,0.577350269,0.653333333,3
30404835_MinPolqaSfbRecording_cut.wav,3.666666667,0.577350269,0.653333333,3
27748084_MinPolqaSfbRecording_cut.wav,3.0,1.0,1.131606528,3
28707401_MinPolqaSfbRecording_cut.wav,3.666666667,0.577350269,0.653333333,3
30176764_MinPolqaSfbRecording_cut.wav,1.666666667,0.577350269,0.653333333,3
30065020_MinPolqaSfbRecording_cut.wav,3.666666667,0.577350269,0.653333333,3
30071453_MinPolqaSfbRecording_cut.wav,3.5,1.290994449,1.26517456,4
30160746_MinPolqaSfbRecording_cut.wav,2.5,0.577350269,0.565803264,4
30068057_MinPolqaSfbRecording_cut.wav,4.25,0.957427108,0.938278566,4
30188921_MinPolqaSfbRecording_cut.wav,1.75,0.5,0.49,4
30142243_MinPolqaSfbRecording_cut.wav,2.25,1.892969449,1.85511006,4
30422852_MinPolqaSfbRecording_cut.wav,3.0,1.154700538,1.131606528,4
30060537_MinPolqaSfbRecording_cut.wav,2.75,0.957427108,0.938278566,4
30070427_MinPolqaSfbRecording_cut.wav,2.5,0.577350269,0.565803264,4
30433958_MinPolqaSfbRecording_cut.wav,2.5,1.0,0.98,4
28008194_MinPolqaSfbRecording_cut.wav,3.0,1.825741858,1.789227021,4
30084326_MinPolqaSfbRecording_cut.wav,3.4,1.140175425,0.999407825,5
30263232_MinPolqaSfbRecording_cut.wav,4.2,0.447213595,0.392,5
30148364_MinPolqaSfbRecording_cut.wav,4.4,0.547722558,0.48009999,5
30199628_MinPolqaSfbRecording_cut.wav,2.8,2.049390153,1.796369672,5
30415294_MinPolqaSfbRecording_cut.wav,3.4,1.140175425,0.999407825,5
30200283_MinPolqaSfbRecording_cut.wav,3.2,1.643167673,1.440299969,5
30180115_MinPolqaSfbRecording_cut.wav,3.6,0.894427191,0.784,5
30181100_MinPolqaSfbRecording_cut.wav,3.6,0.894427191,0.784,5
30441496_MinPolqaSfbRecording_cut.wav,4.4,0.547722558,0.48009999,5
28916684_MinPolqaSfbRecording_cut.wav,4.333333333,1.154700538,1.306666667,3
30413231_MinPolqaSfbRecording_cut.wav,4.0,1.0,1.131606528,3
30107259_MinPolqaSfbRecording_cut.wav,3.666666667,1.527525232,1.728557523,3
30420801_MinPolqaSfbRecording_cut.wav,3.666666667,0.577350269,0.653333333,3
30069831_MinPolqaSfbRecording_cut.wav,3.666666667,1.527525232,1.728557523,3
30192715_MinPolqaSfbRecording_cut.wav,4.333333333,1.154700538,1.306666667,3
30402074_MinPolqaSfbRecording_cut.wav,3.333333333,1.154700538,1.306666667,3
30506339_MinPolqaSfbRecording_cut.wav,3.666666667,1.527525232,1.728557523,3
28440550_MinPolqaSfbRecording_cut.wav,3.666666667,0.577350269,0.653333333,3
30520434_MinPolqaSfbRecording_cut.wav,2.2,0.447213595,0.392,5
30138697_MinPolqaSfbRecording_cut.wav,3.4,0.547722558,0.48009999,5
30081395_MinPolqaSfbRecording_cut.wav,2.0,1.224744871,1.073536213,5
30188692_MinPolqaSfbRecording_cut.wav,2.4,1.140175425,0.999407825,5
30430831_MinPolqaSfbRecording_cut.wav,1.6,1.341640786,1.176,5
30147525_MinPolqaSfbRecording_cut.wav,2.4,1.516575089,1.329336677,5
28244432_MinPolqaSfbRecording_cut.wav,3.4,0.894427191,0.784,5
28341481_MinPolqaSfbRecording_cut.wav,4.0,0.707106781,0.619806421,5
30100820_MinPolqaSfbRecording_cut.wav,1.8,1.788854382,1.568,5
30450149_MinPolqaSfbRecording_cut.wav,2.6,1.140175425,0.999407825,5
28478012_MinPolqaSfbRecording_cut.wav,3.4,1.140175425,0.999407825,5
30430270_MinPolqaSfbRecording_cut.wav,2.4,1.673320053,1.466729696,5
30506906_MinPolqaSfbRecording_cut.wav,2.8,1.643167673,1.440299969,5
30255191_MinPolqaSfbRecording_cut.wav,2.4,0.894427191,0.784,5
30451790_MinPolqaSfbRecording_cut.wav,3.6,1.516575089,1.329336677,5
30511454_MinPolqaSfbRecording_cut.wav,2.4,0.894427191,0.784,5
28243456_MinPolqaSfbRecording_cut.wav,3.8,1.303840481,1.142866571,5
30264184_MinPolqaSfbRecording_cut.wav,3.6,0.547722558,0.48009999,5
30126571_MinPolqaSfbRecording_cut.wav,2.4,1.140175425,0.999407825,5
30199647_MinPolqaSfbRecording_cut.wav,4.4,0.547722558,0.48009999,5
30427665_MinPolqaSfbRecording_cut.wav,4.2,0.447213595,0.392,5
30527434_MinPolqaSfbRecording_cut.wav,4.8,0.447213595,0.392,5
28076371_MinPolqaSfbRecording_cut.wav,4.4,0.547722558,0.48009999,5
30432676_MinPolqaSfbRecording_cut.wav,3.6,0.894427191,0.784,5
30122538_MinPolqaSfbRecording_cut.wav,4.6,0.894427191,0.784,5
30127838_MinPolqaSfbRecording_cut.wav,3.6,0.547722558,0.48009999,5
30408200_MinPolqaSfbRecording_cut.wav,4.0,0.816496581,0.800166649,4
30193306_MinPolqaSfbRecording_cut.wav,3.5,1.290994449,1.26517456,4
30075214_MinPolqaSfbRecording_cut.wav,3.25,0.5,0.49,4
30209504_MinPolqaSfbRecording_cut.wav,2.75,0.5,0.49,4
30439755_MinPolqaSfbRecording_cut.wav,2.5,1.290994449,1.26517456,4
30141642_MinPolqaSfbRecording_cut.wav,3.0,0.816496581,0.800166649,4
28711960_MinPolqaSfbRecording_cut.wav,3.75,0.5,0.49,4
30449279_MinPolqaSfbRecording_cut.wav,2.25,0.957427108,0.938278566,4
30462471_MinPolqaSfbRecording_cut.wav,3.0,0.707106781,0.619806421,5
30097715_MinPolqaSfbRecording_cut.wav,2.4,1.140175425,0.999407825,5
30061447_MinPolqaSfbRecording_cut.wav,2.4,0.894427191,0.784,5
30107205_MinPolqaSfbRecording_cut.wav,3.2,0.836660027,0.733364848,5
30138896_MinPolqaSfbRecording_cut.wav,2.8,0.836660027,0.733364848,5
30204437_MinPolqaSfbRecording_cut.wav,3.8,0.836660027,0.733364848,5
30497273_MinPolqaSfbRecording_cut.wav,1.6,0.547722558,0.48009999,5
30195640_MinPolqaSfbRecording_cut.wav,3.0,1.224744871,1.073536213,5
30423536_MinPolqaSfbRecording_cut.wav,1.6,0.547722558,0.48009999,5
30475104_MinPolqaSfbRecording_cut.wav,2.4,0.547722558,0.48009999,5
30147795_MinPolqaSfbRecording_cut.wav,3.6,0.894427191,0.784,5
28668020_MinPolqaSfbRecording_cut.wav,4.0,1.224744871,1.073536213,5
30437490_MinPolqaSfbRecording_cut.wav,1.4,0.547722558,0.48009999,5
27738843_MinPolqaSfbRecording_cut.wav,4.2,1.095445115,0.960199979,5
30426186_MinPolqaSfbRecording_cut.wav,1.0,0.0,0.0,5
30201471_MinPolqaSfbRecording_cut.wav,3.0,0.0,0.0,4
30410560_MinPolqaSfbRecording_cut.wav,2.25,0.5,0.49,4
27520008_MinPolqaSfbRecording_cut.wav,4.25,0.957427108,0.938278566,4
30504521_MinPolqaSfbRecording_cut.wav,3.75,0.5,0.49,4
27761737_MinPolqaSfbRecording_cut.wav,3.25,0.5,0.49,4
30519113_MinPolqaSfbRecording_cut.wav,2.25,0.5,0.49,4
29004644_MinPolqaSfbRecording_cut.wav,4.25,0.5,0.49,4
30136642_MinPolqaSfbRecording_cut.wav,2.25,0.5,0.49,4
27826799_MinPolqaSfbRecording_cut.wav,4.0,0.816496581,0.800166649,4
30103834_MinPolqaSfbRecording_cut.wav,3.25,1.258305739,1.233139624,4
30066886_MinPolqaSfbRecording_cut.wav,2.75,0.5,0.49,4
28329651_MinPolqaSfbRecording_cut.wav,4.0,0.816496581,0.800166649,4
27685180_MinPolqaSfbRecording_cut.wav,3.5,1.290994449,1.26517456,4
30185669_MinPolqaSfbRecording_cut.wav,2.5,0.577350269,0.565803264,4
28059117_MinPolqaSfbRecording_cut.wav,3.75,0.5,0.49,4
29543072_MinPolqaSfbRecording_cut.wav,3.5,1.290994449,1.26517456,4
30211013_MinPolqaSfbRecording_cut.wav,2.5,1.732050808,1.697409791,4
30082366_MinPolqaSfbRecording_cut.wav,2.0,1.154700538,1.131606528,4
27778358_MinPolqaSfbRecording_cut.wav,4.0,0.816496581,0.800166649,4
30250078_MinPolqaSfbRecording_cut.wav,3.0,0.816496581,0.800166649,4
30439183_MinPolqaSfbRecording_cut.wav,2.75,1.5,1.47,4
30071073_MinPolqaSfbRecording_cut.wav,2.75,1.5,1.47,4
28046101_MinPolqaSfbRecording_cut.wav,4.0,0.816496581,0.800166649,4
30070803_MinPolqaSfbRecording_cut.wav,3.0,0.816496581,0.800166649,4
27839568_MinPolqaSfbRecording_cut.wav,4.5,0.577350269,0.565803264,4
30098612_MinPolqaSfbRecording_cut.wav,3.75,0.5,0.49,4
30413409_MinPolqaSfbRecording_cut.wav,4.0,1.0,0.876538647,5
28975806_MinPolqaSfbRecording_cut.wav,3.6,0.547722558,0.48009999,5
30509513_MinPolqaSfbRecording_cut.wav,1.6,0.894427191,0.784,5
29068032_MinPolqaSfbRecording_cut.wav,3.4,0.894427191,0.784,5
30177837_MinPolqaSfbRecording_cut.wav,2.2,1.643167673,1.440299969,5
30080703_MinPolqaSfbRecording_cut.wav,2.6,1.516575089,1.329336677,5
28432341_MinPolqaSfbRecording_cut.wav,4.4,0.547722558,0.48009999,5
30445393_MinPolqaSfbRecording_cut.wav,1.6,0.894427191,0.784,5
30259926_MinPolqaSfbRecording_cut.wav,3.4,0.894427191,0.784,5
30501914_MinPolqaSfbRecording_cut.wav,3.4,0.547722558,0.48009999,5
30249209_MinPolqaSfbRecording_cut.wav,4.2,0.836660027,0.733364848,5
28541203_MinPolqaSfbRecording_cut.wav,3.8,0.836660027,0.733364848,5
30148395_MinPolqaSfbRecording_cut.wav,2.8,1.303840481,1.142866571,5
30258575_MinPolqaSfbRecording_cut.wav,3.2,0.447213595,0.392,5
30497171_MinPolqaSfbRecording_cut.wav,3.0,1.0,0.876538647,5
27699743_MinPolqaSfbRecording_cut.wav,4.0,0.707106781,0.619806421,5
30061822_MinPolqaSfbRecording_cut.wav,2.8,0.836660027,0.733364848,5
30081708_MinPolqaSfbRecording_cut.wav,1.666666667,1.154700538,1.306666667,3
30106485_MinPolqaSfbRecording_cut.wav,2.0,1.0,1.131606528,3
30104648_MinPolqaSfbRecording_cut.wav,1.666666667,0.577350269,0.653333333,3
30456281_MinPolqaSfbRecording_cut.wav,1.0,0.0,0.0,3
28029133_MinPolqaSfbRecording_cut.wav,3.666666667,0.577350269,0.653333333,3
29023846_MinPolqaSfbRecording_cut.wav,4.666666667,0.577350269,0.653333333,3
30519691_MinPolqaSfbRecording_cut.wav,1.666666667,0.577350269,0.653333333,3
30178960_MinPolqaSfbRecording_cut.wav,2.0,0.0,0.0,3
30145647_MinPolqaSfbRecording_cut.wav,2.0,0.707106781,0.619806421,5
30480138_MinPolqaSfbRecording_cut.wav,3.4,0.547722558,0.48009999,5
30415330_MinPolqaSfbRecording_cut.wav,3.8,0.836660027,0.733364848,5
30080480_MinPolqaSfbRecording_cut.wav,3.0,1.0,0.876538647,5
30513605_MinPolqaSfbRecording_cut.wav,3.4,0.894427191,0.784,5
30473182_MinPolqaSfbRecording_cut.wav,2.8,0.836660027,0.733364848,5
30512728_MinPolqaSfbRecording_cut.wav,3.666666667,0.577350269,0.653333333,3
30504160_MinPolqaSfbRecording_cut.wav,3.333333333,0.577350269,0.653333333,3
28155033_MinPolqaSfbRecording_cut.wav,4.333333333,0.577350269,0.653333333,3
30129572_MinPolqaSfbRecording_cut.wav,3.333333333,0.577350269,0.653333333,3
30140616_MinPolqaSfbRecording_cut.wav,3.0,1.0,1.131606528,3
30080701_MinPolqaSfbRecording_cut.wav,4.0,0.0,0.0,3
30086879_MinPolqaSfbRecording_cut.wav,2.333333333,1.527525232,1.728557523,3
30175074_MinPolqaSfbRecording_cut.wav,4.0,0.0,0.0,3
30478943_MinPolqaSfbRecording_cut.wav,3.666666667,0.577350269,0.653333333,3
30451434_MinPolqaSfbRecording_cut.wav,3.333333333,0.577350269,0.653333333,3
30100579_MinPolqaSfbRecording_cut.wav,4.666666667,0.577350269,0.653333333,3
30210740_MinPolqaSfbRecording_cut.wav,4.666666667,0.577350269,0.653333333,3
28332242_MinPolqaSfbRecording_cut.wav,4.666666667,0.577350269,0.653333333,3
28490055_MinPolqaSfbRecording_cut.wav,4.666666667,0.577350269,0.653333333,3
30162566_MinPolqaSfbRecording_cut.wav,2.333333333,0.577350269,0.653333333,3
30122913_MinPolqaSfbRecording_cut.wav,5.0,0.0,0.0,3
27738286_MinPolqaSfbRecording_cut.wav,4.666666667,0.577350269,0.653333333,3
30445855_MinPolqaSfbRecording_cut.wav,3.666666667,1.154700538,1.306666667,3
30249610_MinPolqaSfbRecording_cut.wav,4.333333333,1.154700538,1.306666667,3
28064717_MinPolqaSfbRecording_cut.wav,3.5,0.707106781,0.98,2
28232911_MinPolqaSfbRecording_cut.wav,5.0,0.0,0.0,2
30122907_MinPolqaSfbRecording_cut.wav,4.5,0.707106781,0.98,2
30148556_MinPolqaSfbRecording_cut.wav,3.0,0.0,0.0,2
30076608_MinPolqaSfbRecording_cut.wav,4.0,0.0,0.0,2
30176879_MinPolqaSfbRecording_cut.wav,3.5,0.707106781,0.98,2
28772732_MinPolqaSfbRecording_cut.wav,4.0,0.0,0.0,2
30134442_MinPolqaSfbRecording_cut.wav,2.0,1.414213562,1.96,2
30401624_MinPolqaSfbRecording_cut.wav,3.0,1.154700538,1.131606528,4
30492362_MinPolqaSfbRecording_cut.wav,1.5,1.0,0.98,4
30422239_MinPolqaSfbRecording_cut.wav,2.75,0.957427108,0.938278566,4
30483636_MinPolqaSfbRecording_cut.wav,3.25,1.258305739,1.233139624,4
28597650_MinPolqaSfbRecording_cut.wav,3.5,0.577350269,0.565803264,4
30251636_MinPolqaSfbRecording_cut.wav,1.25,0.5,0.49,4
30145733_MinPolqaSfbRecording_cut.wav,2.25,1.258305739,1.233139624,4
27575735_MinPolqaSfbRecording_cut.wav,4.5,0.577350269,0.565803264,4
30175266_MinPolqaSfbRecording_cut.wav,2.75,0.957427108,0.938278566,4
30205052_MinPolqaSfbRecording_cut.wav,3.333333333,1.154700538,1.306666667,3
30092266_MinPolqaSfbRecording_cut.wav,4.333333333,0.577350269,0.653333333,3
27789198_MinPolqaSfbRecording_cut.wav,4.333333333,1.154700538,1.306666667,3
30421975_MinPolqaSfbRecording_cut.wav,4.333333333,0.577350269,0.653333333,3
30426310_MinPolqaSfbRecording_cut.wav,3.0,1.0,1.131606528,3
27797712_MinPolqaSfbRecording_cut.wav,3.0,1.0,1.131606528,3
30133492_MinPolqaSfbRecording_cut.wav,4.666666667,0.577350269,0.653333333,3
30466943_MinPolqaSfbRecording_cut.wav,1.0,0.0,0.0,3
28559666_MinPolqaSfbRecording_cut.wav,4.666666667,0.577350269,0.653333333,3
30114048_MinPolqaSfbRecording_cut.wav,2.0,0.707106781,0.619806421,5
28859977_MinPolqaSfbRecording_cut.wav,3.8,0.447213595,0.392,5
30429974_MinPolqaSfbRecording_cut.wav,2.0,0.707106781,0.619806421,5
30420800_MinPolqaSfbRecording_cut.wav,3.4,1.140175425,0.999407825,5
30098066_MinPolqaSfbRecording_cut.wav,3.2,1.095445115,0.960199979,5
30180282_MinPolqaSfbRecording_cut.wav,2.8,0.836660027,0.733364848,5
30501374_MinPolqaSfbRecording_cut.wav,3.25,0.5,0.49,4
30513053_MinPolqaSfbRecording_cut.wav,1.5,0.577350269,0.565803264,4
28196416_MinPolqaSfbRecording_cut.wav,3.5,0.577350269,0.565803264,4
30477871_MinPolqaSfbRecording_cut.wav,1.75,0.957427108,0.938278566,4
30263482_MinPolqaSfbRecording_cut.wav,2.75,0.5,0.49,4
30468916_MinPolqaSfbRecording_cut.wav,3.75,0.5,0.49,4
30260418_MinPolqaSfbRecording_cut.wav,3.25,0.5,0.49,4
30134331_MinPolqaSfbRecording_cut.wav,3.5,0.577350269,0.565803264,4
28118429_MinPolqaSfbRecording_cut.wav,4.666666667,0.577350269,0.653333333,3
30465416_MinPolqaSfbRecording_cut.wav,3.333333333,0.577350269,0.653333333,3
30521051_MinPolqaSfbRecording_cut.wav,4.0,1.0,1.131606528,3
30178837_MinPolqaSfbRecording_cut.wav,4.333333333,0.577350269,0.653333333,3
28122908_MinPolqaSfbRecording_cut.wav,4.333333333,0.577350269,0.653333333,3
30160625_MinPolqaSfbRecording_cut.wav,4.0,1.0,1.131606528,3
30112792_MinPolqaSfbRecording_cut.wav,3.666666667,1.527525232,1.728557523,3
30405369_MinPolqaSfbRecording_cut.wav,3.0,,,1
30515270_MinPolqaSfbRecording_cut.wav,1.0,,,1
30254805_MinPolqaSfbRecording_cut.wav,1.0,,,1
28042305_MinPolqaSfbRecording_cut.wav,2.0,,,1
28259599_MinPolqaSfbRecording_cut.wav,3.0,,,1
30516075_MinPolqaSfbRecording_cut.wav,3.0,,,1
30503330_MinPolqaSfbRecording_cut.wav,1.0,,,1
29529656_MinPolqaSfbRecording_cut.wav,1.0,,,1
29530703_MinPolqaSfbRecording_cut.wav,2.75,1.707825128,1.673668625,4
30426325_MinPolqaSfbRecording_cut.wav,3.5,0.577350269,0.565803264,4
30135630_MinPolqaSfbRecording_cut.wav,2.25,0.5,0.49,4
30172187_MinPolqaSfbRecording_cut.wav,1.75,0.957427108,0.938278566,4
30527902_MinPolqaSfbRecording_cut.wav,1.5,1.0,0.98,4
30114164_MinPolqaSfbRecording_cut.wav,1.25,0.5,0.49,4
30128778_MinPolqaSfbRecording_cut.wav,4.0,0.0,0.0,4
27651458_MinPolqaSfbRecording_cut.wav,3.75,0.5,0.49,4
28418467_MinPolqaSfbRecording_cut.wav,4.0,1.154700538,1.131606528,4
30478493_MinPolqaSfbRecording_cut.wav,3.0,1.825741858,1.789227021,4
30165964_MinPolqaSfbRecording_cut.wav,2.0,1.414213562,1.385929291,4
29531351_MinPolqaSfbRecording_cut.wav,2.75,1.5,1.47,4
28537170_MinPolqaSfbRecording_cut.wav,3.5,0.577350269,0.565803264,4
30195455_MinPolqaSfbRecording_cut.wav,3.25,1.707825128,1.673668625,4
30057940_MinPolqaSfbRecording_cut.wav,2.75,0.957427108,0.938278566,4
30144310_MinPolqaSfbRecording_cut.wav,2.25,1.258305739,1.233139624,4
30431087_MinPolqaSfbRecording_cut.wav,3.25,1.258305739,1.233139624,4
30090021_MinPolqaSfbRecording_cut.wav,3.0,0.816496581,0.800166649,4
30255691_MinPolqaSfbRecording_cut.wav,3.5,1.290994449,1.26517456,4
30433310_MinPolqaSfbRecording_cut.wav,2.0,0.0,0.0,4
30510733_MinPolqaSfbRecording_cut.wav,3.0,0.816496581,0.800166649,4
30186641_MinPolqaSfbRecording_cut.wav,4.75,0.5,0.49,4
30434912_MinPolqaSfbRecording_cut.wav,3.0,0.816496581,0.800166649,4
30449280_MinPolqaSfbRecording_cut.wav,3.5,1.290994449,1.26517456,4
30481484_MinPolqaSfbRecording_cut.wav,2.25,1.5,1.47,4
30427972_MinPolqaSfbRecording_cut.wav,2.5,0.577350269,0.565803264,4
30162153_MinPolqaSfbRecording_cut.wav,3.75,0.5,0.49,4
30515093_MinPolqaSfbRecording_cut.wav,4.0,0.0,0.0,4
30527128_MinPolqaSfbRecording_cut.wav,2.5,1.0,0.98,4
30258066_MinPolqaSfbRecording_cut.wav,2.0,0.816496581,0.800166649,4
30127667_MinPolqaSfbRecording_cut.wav,4.5,0.577350269,0.565803264,4
27934570_MinPolqaSfbRecording_cut.wav,3.25,0.957427108,0.938278566,4
27686403_MinPolqaSfbRecording_cut.wav,4.25,0.957427108,0.938278566,4
30138616_MinPolqaSfbRecording_cut.wav,2.25,0.957427108,0.938278566,4
28121686_MinPolqaSfbRecording_cut.wav,2.75,0.957427108,0.938278566,4
28953846_MinPolqaSfbRecording_cut.wav,4.75,0.5,0.49,4
30124781_MinPolqaSfbRecording_cut.wav,3.666666667,0.577350269,0.653333333,3
27877239_MinPolqaSfbRecording_cut.wav,3.333333333,0.577350269,0.653333333,3
30123620_MinPolqaSfbRecording_cut.wav,4.0,1.0,1.131606528,3
30212068_MinPolqaSfbRecording_cut.wav,3.333333333,1.154700538,1.306666667,3
28487556_MinPolqaSfbRecording_cut.wav,2.666666667,1.154700538,1.306666667,3
30179075_MinPolqaSfbRecording_cut.wav,3.333333333,0.577350269,0.653333333,3
30485311_MinPolqaSfbRecording_cut.wav,3.333333333,0.577350269,0.653333333,3
30522665_MinPolqaSfbRecording_cut.wav,2.666666667,1.154700538,1.306666667,3
30452495_MinPolqaSfbRecording_cut.wav,2.0,1.0,1.131606528,3
30477811_MinPolqaSfbRecording_cut.wav,2.666666667,1.527525232,1.728557523,3
29540269_MinPolqaSfbRecording_cut.wav,2.0,1.0,1.131606528,3
30082134_MinPolqaSfbRecording_cut.wav,3.333333333,1.154700538,1.306666667,3
30452307_MinPolqaSfbRecording_cut.wav,2.666666667,1.527525232,1.728557523,3
30171973_MinPolqaSfbRecording_cut.wav,2.0,1.732050808,1.96,3
30423235_MinPolqaSfbRecording_cut.wav,3.0,1.732050808,1.96,3
30429206_MinPolqaSfbRecording_cut.wav,2.0,1.732050808,1.96,3
30429209_MinPolqaSfbRecording_cut.wav,2.333333333,1.527525232,1.728557523,3
27978209_MinPolqaSfbRecording_cut.wav,3.666666667,0.577350269,0.653333333,3
28134156_MinPolqaSfbRecording_cut.wav,3.0,0.0,0.0,2
30086690_MinPolqaSfbRecording_cut.wav,3.0,0.0,0.0,2
30506360_MinPolqaSfbRecording_cut.wav,3.5,0.707106781,0.98,2
30090968_MinPolqaSfbRecording_cut.wav,4.0,0.0,0.0,2
30091340_MinPolqaSfbRecording_cut.wav,3.0,2.828427125,3.92,2
30076428_MinPolqaSfbRecording_cut.wav,5.0,0.0,0.0,2
30143428_MinPolqaSfbRecording_cut.wav,4.5,0.707106781,0.98,2
28068534_MinPolqaSfbRecording_cut.wav,4.0,1.414213562,1.96,2
27724271_MinPolqaSfbRecording_cut.wav,3.0,0.0,0.0,2
30081382_MinPolqaSfbRecording_cut.wav,2.8,1.303840481,1.142866571,5
30134009_MinPolqaSfbRecording_cut.wav,2.8,1.303840481,1.142866571,5
30211033_MinPolqaSfbRecording_cut.wav,3.0,1.224744871,1.073536213,5
28248086_MinPolqaSfbRecording_cut.wav,4.0,0.707106781,0.619806421,5
29543632_MinPolqaSfbRecording_cut.wav,2.8,1.303840481,1.142866571,5
27677780_MinPolqaSfbRecording_cut.wav,3.5,0.707106781,0.98,2
30253441_MinPolqaSfbRecording_cut.wav,2.5,0.707106781,0.98,2
30146169_MinPolqaSfbRecording_cut.wav,1.5,0.707106781,0.98,2
30193887_MinPolqaSfbRecording_cut.wav,3.5,0.707106781,0.98,2
29537622_MinPolqaSfbRecording_cut.wav,2.5,0.707106781,0.98,2
28613987_MinPolqaSfbRecording_cut.wav,3.5,0.707106781,0.98,2
28764086_MinPolqaSfbRecording_cut.wav,4.0,0.0,0.0,2
30082302_MinPolqaSfbRecording_cut.wav,3.5,0.707106781,0.98,2
30181360_MinPolqaSfbRecording_cut.wav,1.0,0.0,0.0,2
30469391_MinPolqaSfbRecording_cut.wav,3.0,2.828427125,3.92,2
28035463_MinPolqaSfbRecording_cut.wav,3.5,0.707106781,0.98,2
30417088_MinPolqaSfbRecording_cut.wav,3.5,0.707106781,0.98,2
30147158_MinPolqaSfbRecording_cut.wav,4.0,1.414213562,1.96,2
30152530_MinPolqaSfbRecording_cut.wav,4.0,1.414213562,1.96,2
30438993_MinPolqaSfbRecording_cut.wav,3.5,0.707106781,0.98,2
30118474_MinPolqaSfbRecording_cut.wav,3.0,2.828427125,3.92,2
30143449_MinPolqaSfbRecording_cut.wav,4.0,1.414213562,1.96,2
30160665_MinPolqaSfbRecording_cut.wav,3.0,2.828427125,3.92,2
30409171_MinPolqaSfbRecording_cut.wav,1.5,0.707106781,0.98,2
28721198_MinPolqaSfbRecording_cut.wav,4.0,0.0,0.0,2
30182502_MinPolqaSfbRecording_cut.wav,3.0,1.414213562,1.96,2
30163924_MinPolqaSfbRecording_cut.wav,4.0,1.414213562,1.96,2
30180257_MinPolqaSfbRecording_cut.wav,2.5,0.707106781,0.98,2
30098225_MinPolqaSfbRecording_cut.wav,3.0,1.414213562,1.96,2
30132396_MinPolqaSfbRecording_cut.wav,4.0,0.0,0.0,2
30126923_MinPolqaSfbRecording_cut.wav,3.5,0.707106781,0.98,2
30092705_MinPolqaSfbRecording_cut.wav,3.0,1.414213562,1.96,2
30430078_MinPolqaSfbRecording_cut.wav,4.0,1.414213562,1.96,2
30192354_MinPolqaSfbRecording_cut.wav,3.666666667,1.527525232,1.728557523,3
30250546_MinPolqaSfbRecording_cut.wav,2.666666667,0.577350269,0.653333333,3
30461067_MinPolqaSfbRecording_cut.wav,3.0,1.0,1.131606528,3
30151458_MinPolqaSfbRecording_cut.wav,1.666666667,0.577350269,0.653333333,3
30530349_MinPolqaSfbRecording_cut.wav,2.333333333,1.154700538,1.306666667,3
28507630_MinPolqaSfbRecording_cut.wav,4.333333333,0.577350269,0.653333333,3
30172280_MinPolqaSfbRecording_cut.wav,4.0,0.0,0.0,3
30069835_MinPolqaSfbRecording_cut.wav,2.333333333,0.577350269,0.653333333,3
30175176_MinPolqaSfbRecording_cut.wav,4.0,0.816496581,0.800166649,4
28905839_MinPolqaSfbRecording_cut.wav,4.5,0.577350269,0.565803264,4
28546830_MinPolqaSfbRecording_cut.wav,4.75,0.5,0.49,4
30407511_MinPolqaSfbRecording_cut.wav,2.75,0.5,0.49,4
30125246_MinPolqaSfbRecording_cut.wav,2.0,0.816496581,0.800166649,4
30261748_MinPolqaSfbRecording_cut.wav,3.5,0.577350269,0.565803264,4
28781372_MinPolqaSfbRecording_cut.wav,4.25,0.5,0.49,4
30179836_MinPolqaSfbRecording_cut.wav,3.0,0.0,0.0,4
30100693_MinPolqaSfbRecording_cut.wav,2.5,0.577350269,0.565803264,4
28471011_MinPolqaSfbRecording_cut.wav,4.25,0.5,0.49,4
28730473_MinPolqaSfbRecording_cut.wav,4.25,0.5,0.49,4
28427304_MinPolqaSfbRecording_cut.wav,4.25,0.5,0.49,4
30214090_MinPolqaSfbRecording_cut.wav,3.25,0.5,0.49,4
27684444_MinPolqaSfbRecording_cut.wav,4.0,1.414213562,1.385929291,4
30458138_MinPolqaSfbRecording_cut.wav,3.75,0.5,0.49,4
27923212_MinPolqaSfbRecording_cut.wav,4.0,0.816496581,0.800166649,4
30162634_MinPolqaSfbRecording_cut.wav,3.0,1.224744871,1.073536213,5
30138411_MinPolqaSfbRecording_cut.wav,1.4,0.547722558,0.48009999,5
30139100_MinPolqaSfbRecording_cut.wav,2.4,0.894427191,0.784,5
30152180_MinPolqaSfbRecording_cut.wav,1.8,1.095445115,0.960199979,5
30153834_MinPolqaSfbRecording_cut.wav,4.0,0.707106781,0.619806421,5
30064469_MinPolqaSfbRecording_cut.wav,3.2,1.303840481,1.142866571,5
30471233_MinPolqaSfbRecording_cut.wav,2.6,1.140175425,0.999407825,5
30254588_MinPolqaSfbRecording_cut.wav,4.0,1.414213562,1.239612843,5
30087123_MinPolqaSfbRecording_cut.wav,3.0,2.309401077,2.263213055,4
27835775_MinPolqaSfbRecording_cut.wav,4.5,0.577350269,0.565803264,4
30259144_MinPolqaSfbRecording_cut.wav,4.0,0.816496581,0.800166649,4
30466450_MinPolqaSfbRecording_cut.wav,2.5,1.0,0.98,4
30160991_MinPolqaSfbRecording_cut.wav,2.25,1.892969449,1.85511006,4
30205230_MinPolqaSfbRecording_cut.wav,3.5,1.0,0.98,4
30472820_MinPolqaSfbRecording_cut.wav,2.75,2.061552813,2.020321757,4
30127706_MinPolqaSfbRecording_cut.wav,2.333333333,0.577350269,0.653333333,3
30480506_MinPolqaSfbRecording_cut.wav,2.0,1.0,1.131606528,3
30253424_MinPolqaSfbRecording_cut.wav,1.333333333,0.577350269,0.653333333,3
30105064_MinPolqaSfbRecording_cut.wav,4.0,1.0,1.131606528,3
30447272_MinPolqaSfbRecording_cut.wav,1.666666667,1.154700538,1.306666667,3
30174584_MinPolqaSfbRecording_cut.wav,1.0,0.0,0.0,3
28230363_MinPolqaSfbRecording_cut.wav,4.333333333,0.577350269,0.653333333,3
30147198_MinPolqaSfbRecording_cut.wav,2.25,0.957427108,0.938278566,4
30456463_MinPolqaSfbRecording_cut.wav,2.0,0.816496581,0.800166649,4
30258299_MinPolqaSfbRecording_cut.wav,4.0,0.816496581,0.800166649,4
29544341_MinPolqaSfbRecording_cut.wav,3.25,1.258305739,1.233139624,4
30522255_MinPolqaSfbRecording_cut.wav,1.5,0.577350269,0.565803264,4
30487991_MinPolqaSfbRecording_cut.wav,2.5,0.577350269,0.565803264,4
28367820_MinPolqaSfbRecording_cut.wav,4.5,1.0,0.98,4
30060978_MinPolqaSfbRecording_cut.wav,3.2,0.836660027,0.733364848,5
30180107_MinPolqaSfbRecording_cut.wav,2.6,1.516575089,1.329336677,5
30147860_MinPolqaSfbRecording_cut.wav,2.6,1.341640786,1.176,5
30463213_MinPolqaSfbRecording_cut.wav,3.6,0.894427191,0.784,5
30443759_MinPolqaSfbRecording_cut.wav,4.0,0.0,0.0,5
28323757_MinPolqaSfbRecording_cut.wav,3.8,0.836660027,0.733364848,5
30082216_MinPolqaSfbRecording_cut.wav,3.0,1.0,0.876538647,5
30208515_MinPolqaSfbRecording_cut.wav,3.6,0.547722558,0.48009999,5
30448652_MinPolqaSfbRecording_cut.wav,4.666666667,0.577350269,0.653333333,3
27934863_MinPolqaSfbRecording_cut.wav,4.666666667,0.577350269,0.653333333,3
28583737_MinPolqaSfbRecording_cut.wav,5.0,0.0,0.0,3
30455354_MinPolqaSfbRecording_cut.wav,3.0,1.0,1.131606528,3
30446150_MinPolqaSfbRecording_cut.wav,1.333333333,0.577350269,0.653333333,3
29544164_MinPolqaSfbRecording_cut.wav,3.0,0.0,0.0,3
29531604_MinPolqaSfbRecording_cut.wav,2.666666667,1.154700538,1.306666667,3
29540708_MinPolqaSfbRecording_cut.wav,4.0,1.0,1.131606528,3
30155841_MinPolqaSfbRecording_cut.wav,3.333333333,0.577350269,0.653333333,3
29535996_MinPolqaSfbRecording_cut.wav,1.0,0.0,0.0,3
30179203_MinPolqaSfbRecording_cut.wav,3.5,1.290994449,1.26517456,4
30513785_MinPolqaSfbRecording_cut.wav,3.25,0.5,0.49,4
30176814_MinPolqaSfbRecording_cut.wav,4.0,0.0,0.0,4
30133171_MinPolqaSfbRecording_cut.wav,3.5,0.577350269,0.565803264,4
30119857_MinPolqaSfbRecording_cut.wav,3.5,1.0,0.98,4
30465296_MinPolqaSfbRecording_cut.wav,3.5,1.0,0.98,4
28043718_MinPolqaSfbRecording_cut.wav,4.0,0.816496581,0.800166649,4
30105303_MinPolqaSfbRecording_cut.wav,2.666666667,0.577350269,0.653333333,3
30134062_MinPolqaSfbRecording_cut.wav,2.0,1.0,1.131606528,3
30522637_MinPolqaSfbRecording_cut.wav,2.666666667,1.154700538,1.306666667,3
30125670_MinPolqaSfbRecording_cut.wav,1.333333333,0.577350269,0.653333333,3
30093316_MinPolqaSfbRecording_cut.wav,2.333333333,0.577350269,0.653333333,3
30152525_MinPolqaSfbRecording_cut.wav,3.0,1.0,1.131606528,3
30511470_MinPolqaSfbRecording_cut.wav,1.666666667,0.577350269,0.653333333,3
30200959_MinPolqaSfbRecording_cut.wav,2.0,1.414213562,1.385929291,4
30065858_MinPolqaSfbRecording_cut.wav,1.75,1.5,1.47,4
30170877_MinPolqaSfbRecording_cut.wav,2.5,1.914854216,1.876557131,4
30078237_MinPolqaSfbRecording_cut.wav,3.0,1.825741858,1.789227021,4
30106337_MinPolqaSfbRecording_cut.wav,2.75,0.5,0.49,4
30135429_MinPolqaSfbRecording_cut.wav,2.5,0.577350269,0.565803264,4
30162488_MinPolqaSfbRecording_cut.wav,3.5,1.0,0.98,4
30511831_MinPolqaSfbRecording_cut.wav,2.5,1.290994449,1.26517456,4
30113975_MinPolqaSfbRecording_cut.wav,3.4,0.894427191,0.784,5
30261482_MinPolqaSfbRecording_cut.wav,3.8,0.447213595,0.392,5
30199742_MinPolqaSfbRecording_cut.wav,4.0,0.0,0.0,5
30162297_MinPolqaSfbRecording_cut.wav,3.4,1.140175425,0.999407825,5
30480345_MinPolqaSfbRecording_cut.wav,3.0,0.707106781,0.619806421,5
28010250_MinPolqaSfbRecording_cut.wav,3.0,1.224744871,1.073536213,5
30209886_MinPolqaSfbRecording_cut.wav,3.2,0.836660027,0.733364848,5
30520670_MinPolqaSfbRecording_cut.wav,3.4,0.547722558,0.48009999,5
30403764_MinPolqaSfbRecording_cut.wav,2.25,1.258305739,1.233139624,4
29024478_MinPolqaSfbRecording_cut.wav,4.5,0.577350269,0.565803264,4
30140716_MinPolqaSfbRecording_cut.wav,3.75,0.5,0.49,4
30181941_MinPolqaSfbRecording_cut.wav,2.0,1.414213562,1.385929291,4
30150751_MinPolqaSfbRecording_cut.wav,4.0,0.0,0.0,4
28904826_MinPolqaSfbRecording_cut.wav,3.75,0.957427108,0.938278566,4
30128747_MinPolqaSfbRecording_cut.wav,3.25,0.957427108,0.938278566,4
28461106_MinPolqaSfbRecording_cut.wav,4.0,0.816496581,0.800166649,4
30472205_MinPolqaSfbRecording_cut.wav,3.75,0.5,0.49,4
30456283_MinPolqaSfbRecording_cut.wav,1.5,1.0,0.98,4
30481463_MinPolqaSfbRecording_cut.wav,3.0,0.0,0.0,5
30412426_MinPolqaSfbRecording_cut.wav,2.4,0.894427191,0.784,5
30087586_MinPolqaSfbRecording_cut.wav,3.4,0.547722558,0.48009999,5
29538852_MinPolqaSfbRecording_cut.wav,2.0,0.707106781,0.619806421,5
30085813_MinPolqaSfbRecording_cut.wav,2.6,0.547722558,0.48009999,5
28946086_MinPolqaSfbRecording_cut.wav,4.0,0.0,0.0,5
30171985_MinPolqaSfbRecording_cut.wav,3.4,1.140175425,0.999407825,5
30412199_MinPolqaSfbRecording_cut.wav,2.4,1.140175425,0.999407825,5
30067276_MinPolqaSfbRecording_cut.wav,3.2,0.447213595,0.392,5
30192869_MinPolqaSfbRecording_cut.wav,2.25,0.957427108,0.938278566,4
30438995_MinPolqaSfbRecording_cut.wav,3.5,0.577350269,0.565803264,4
30465804_MinPolqaSfbRecording_cut.wav,2.5,1.0,0.98,4
29544674_MinPolqaSfbRecording_cut.wav,1.75,0.5,0.49,4
28119530_MinPolqaSfbRecording_cut.wav,4.25,0.5,0.49,4
30522794_MinPolqaSfbRecording_cut.wav,2.75,0.5,0.49,4
28203178_MinPolqaSfbRecording_cut.wav,2.5,0.577350269,0.565803264,4
30259567_MinPolqaSfbRecording_cut.wav,3.25,0.5,0.49,4
30206686_MinPolqaSfbRecording_cut.wav,3.5,0.577350269,0.565803264,4
28619586_MinPolqaSfbRecording_cut.wav,4.5,0.577350269,0.565803264,4
27909230_MinPolqaSfbRecording_cut.wav,3.75,0.5,0.49,4
27955133_MinPolqaSfbRecording_cut.wav,4.0,0.816496581,0.800166649,4
30477917_MinPolqaSfbRecording_cut.wav,3.5,0.577350269,0.565803264,4
30145668_MinPolqaSfbRecording_cut.wav,2.5,1.290994449,1.26517456,4
30508664_MinPolqaSfbRecording_cut.wav,1.75,1.5,1.47,4
30107346_MinPolqaSfbRecording_cut.wav,2.25,1.258305739,1.233139624,4
30070673_MinPolqaSfbRecording_cut.wav,1.75,0.957427108,0.938278566,4
30504796_MinPolqaSfbRecording_cut.wav,3.75,0.957427108,0.938278566,4
30453019_MinPolqaSfbRecording_cut.wav,2.75,0.957427108,0.938278566,4
30522605_MinPolqaSfbRecording_cut.wav,3.75,0.5,0.49,4
30096980_MinPolqaSfbRecording_cut.wav,2.75,0.957427108,0.938278566,4
28982825_MinPolqaSfbRecording_cut.wav,3.25,0.957427108,0.938278566,4
29544934_MinPolqaSfbRecording_cut.wav,3.75,0.957427108,0.938278566,4
28541717_MinPolqaSfbRecording_cut.wav,3.75,0.957427108,0.938278566,4
30256984_MinPolqaSfbRecording_cut.wav,2.25,1.258305739,1.233139624,4
30209250_MinPolqaSfbRecording_cut.wav,3.25,1.258305739,1.233139624,4
30075212_MinPolqaSfbRecording_cut.wav,3.75,0.957427108,0.938278566,4
30163228_MinPolqaSfbRecording_cut.wav,4.0,1.154700538,1.131606528,4
30485873_MinPolqaSfbRecording_cut.wav,3.75,1.258305739,1.233139624,4
28420092_MinPolqaSfbRecording_cut.wav,3.5,1.0,0.98,4
30184360_MinPolqaSfbRecording_cut.wav,3.5,0.577350269,0.565803264,4
30144364_MinPolqaSfbRecording_cut.wav,2.25,1.258305739,1.233139624,4
30088776_MinPolqaSfbRecording_cut.wav,3.25,0.957427108,0.938278566,4
30200323_MinPolqaSfbRecording_cut.wav,2.75,0.957427108,0.938278566,4
30522177_MinPolqaSfbRecording_cut.wav,3.0,1.632993162,1.600333299,4
30433002_MinPolqaSfbRecording_cut.wav,2.5,1.0,0.98,4
30100118_MinPolqaSfbRecording_cut.wav,4.5,0.577350269,0.565803264,4
30118391_MinPolqaSfbRecording_cut.wav,3.0,0.816496581,0.800166649,4
29543075_MinPolqaSfbRecording_cut.wav,4.2,0.836660027,0.733364848,5
30449669_MinPolqaSfbRecording_cut.wav,1.6,0.894427191,0.784,5
30182699_MinPolqaSfbRecording_cut.wav,1.6,0.894427191,0.784,5
30082596_MinPolqaSfbRecording_cut.wav,2.8,1.303840481,1.142866571,5
28426594_MinPolqaSfbRecording_cut.wav,4.0,1.0,0.876538647,5
28917671_MinPolqaSfbRecording_cut.wav,4.2,0.836660027,0.733364848,5
29544292_MinPolqaSfbRecording_cut.wav,2.8,1.303840481,1.142866571,5
30198949_MinPolqaSfbRecording_cut.wav,3.8,1.303840481,1.142866571,5
30138515_MinPolqaSfbRecording_cut.wav,2.6,1.516575089,1.329336677,5
30160058_MinPolqaSfbRecording_cut.wav,2.4,0.547722558,0.48009999,5
30446726_MinPolqaSfbRecording_cut.wav,3.2,0.836660027,0.733364848,5
27763967_MinPolqaSfbRecording_cut.wav,4.4,0.547722558,0.48009999,5
29534824_MinPolqaSfbRecording_cut.wav,4.2,0.447213595,0.392,5
30508786_MinPolqaSfbRecording_cut.wav,3.2,0.447213595,0.392,5
30128347_MinPolqaSfbRecording_cut.wav,4.2,0.836660027,0.733364848,5
30404281_MinPolqaSfbRecording_cut.wav,3.4,0.894427191,0.784,5
29533949_MinPolqaSfbRecording_cut.wav,2.8,0.836660027,0.733364848,5
30107172_MinPolqaSfbRecording_cut.wav,3.0,0.707106781,0.619806421,5
27766254_MinPolqaSfbRecording_cut.wav,4.2,0.836660027,0.733364848,5
30496426_MinPolqaSfbRecording_cut.wav,3.6,1.673320053,1.466729696,5
27798076_MinPolqaSfbRecording_cut.wav,4.4,0.547722558,0.48009999,5
30256396_MinPolqaSfbRecording_cut.wav,4.0,1.224744871,1.073536213,5
30423904_MinPolqaSfbRecording_cut.wav,2.2,0.836660027,0.733364848,5
30407323_MinPolqaSfbRecording_cut.wav,2.8,0.836660027,0.733364848,5
30249568_MinPolqaSfbRecording_cut.wav,3.4,1.140175425,0.999407825,5
30469105_MinPolqaSfbRecording_cut.wav,3.4,1.516575089,1.329336677,5
28045968_MinPolqaSfbRecording_cut.wav,4.0,0.707106781,0.619806421,5
30143106_MinPolqaSfbRecording_cut.wav,3.75,0.5,0.49,4
28875894_MinPolqaSfbRecording_cut.wav,4.25,0.5,0.49,4
28038154_MinPolqaSfbRecording_cut.wav,4.5,0.577350269,0.565803264,4
30501156_MinPolqaSfbRecording_cut.wav,2.0,0.816496581,0.800166649,4
27891545_MinPolqaSfbRecording_cut.wav,3.25,0.5,0.49,4
30071324_MinPolqaSfbRecording_cut.wav,4.25,0.5,0.49,4
28661127_MinPolqaSfbRecording_cut.wav,4.0,0.816496581,0.800166649,4
30473411_MinPolqaSfbRecording_cut.wav,3.75,0.5,0.49,4
30421357_MinPolqaSfbRecording_cut.wav,3.0,0.816496581,0.800166649,4
30063586_MinPolqaSfbRecording_cut.wav,4.25,0.5,0.49,4
30261868_MinPolqaSfbRecording_cut.wav,1.333333333,0.577350269,0.653333333,3
30430144_MinPolqaSfbRecording_cut.wav,2.0,0.0,0.0,3
30505725_MinPolqaSfbRecording_cut.wav,1.666666667,0.577350269,0.653333333,3
30249582_MinPolqaSfbRecording_cut.wav,2.0,0.0,0.0,3
28025924_MinPolqaSfbRecording_cut.wav,3.333333333,0.577350269,0.653333333,3
30510949_MinPolqaSfbRecording_cut.wav,1.0,0.0,0.0,3
30504710_MinPolqaSfbRecording_cut.wav,3.666666667,0.577350269,0.653333333,3
28000990_MinPolqaSfbRecording_cut.wav,3.666666667,0.577350269,0.653333333,3
30503742_MinPolqaSfbRecording_cut.wav,2.333333333,1.527525232,1.728557523,3
30089109_MinPolqaSfbRecording_cut.wav,2.666666667,2.081665999,2.355626833,3
28243228_MinPolqaSfbRecording_cut.wav,3.666666667,1.154700538,1.306666667,3
30465646_MinPolqaSfbRecording_cut.wav,3.333333333,1.154700538,1.306666667,3
30453597_MinPolqaSfbRecording_cut.wav,3.333333333,1.154700538,1.306666667,3
30249567_MinPolqaSfbRecording_cut.wav,2.666666667,1.154700538,1.306666667,3
30063162_MinPolqaSfbRecording_cut.wav,2.0,1.732050808,1.96,3
29537656_MinPolqaSfbRecording_cut.wav,3.333333333,1.154700538,1.306666667,3
30179014_MinPolqaSfbRecording_cut.wav,2.666666667,2.081665999,2.355626833,3
30081194_MinPolqaSfbRecording_cut.wav,3.0,1.0,1.131606528,3
28996137_MinPolqaSfbRecording_cut.wav,4.666666667,0.577350269,0.653333333,3
29539257_MinPolqaSfbRecording_cut.wav,3.0,1.0,1.131606528,3
30259925_MinPolqaSfbRecording_cut.wav,4.333333333,1.154700538,1.306666667,3
30407247_MinPolqaSfbRecording_cut.wav,2.666666667,0.577350269,0.653333333,3
30212626_MinPolqaSfbRecording_cut.wav,4.666666667,0.577350269,0.653333333,3
30213063_MinPolqaSfbRecording_cut.wav,1.5,0.707106781,0.98,2
28257600_MinPolqaSfbRecording_cut.wav,3.0,1.414213562,1.96,2
30080401_MinPolqaSfbRecording_cut.wav,2.5,0.707106781,0.98,2
30136272_MinPolqaSfbRecording_cut.wav,3.0,0.0,0.0,2
30460927_MinPolqaSfbRecording_cut.wav,2.0,0.0,0.0,2
28479300_MinPolqaSfbRecording_cut.wav,3.0,0.0,0.0,2
30172838_MinPolqaSfbRecording_cut.wav,3.4,0.547722558,0.48009999,5
30102794_MinPolqaSfbRecording_cut.wav,3.8,1.095445115,0.960199979,5
27515456_MinPolqaSfbRecording_cut.wav,3.4,0.547722558,0.48009999,5
30198474_MinPolqaSfbRecording_cut.wav,1.6,1.341640786,1.176,5
27851054_MinPolqaSfbRecording_cut.wav,3.2,0.836660027,0.733364848,5
30194679_MinPolqaSfbRecording_cut.wav,3.8,0.836660027,0.733364848,5
28027014_MinPolqaSfbRecording_cut.wav,4.4,0.547722558,0.48009999,5
30079083_MinPolqaSfbRecording_cut.wav,3.666666667,0.577350269,0.653333333,3
30059705_MinPolqaSfbRecording_cut.wav,3.666666667,0.577350269,0.653333333,3
30110645_MinPolqaSfbRecording_cut.wav,3.666666667,0.577350269,0.653333333,3
30171837_MinPolqaSfbRecording_cut.wav,2.666666667,1.154700538,1.306666667,3
30090434_MinPolqaSfbRecording_cut.wav,3.333333333,0.577350269,0.653333333,3
28597190_MinPolqaSfbRecording_cut.wav,4.0,0.0,0.0,3
30145943_MinPolqaSfbRecording_cut.wav,1.666666667,0.577350269,0.653333333,3
30255624_MinPolqaSfbRecording_cut.wav,3.75,0.957427108,0.938278566,4
30109431_MinPolqaSfbRecording_cut.wav,3.75,0.5,0.49,4
30490031_MinPolqaSfbRecording_cut.wav,2.75,0.957427108,0.938278566,4
30512442_MinPolqaSfbRecording_cut.wav,3.25,0.957427108,0.938278566,4
30081090_MinPolqaSfbRecording_cut.wav,2.5,1.0,0.98,4
30431603_MinPolqaSfbRecording_cut.wav,3.5,0.577350269,0.565803264,4
30082020_MinPolqaSfbRecording_cut.wav,3.25,0.5,0.49,4
28200256_MinPolqaSfbRecording_cut.wav,3.25,0.5,0.49,4
30149077_MinPolqaSfbRecording_cut.wav,2.75,0.957427108,0.938278566,4
29542018_MinPolqaSfbRecording_cut.wav,2.75,0.957427108,0.938278566,4
30523859_MinPolqaSfbRecording_cut.wav,2.5,1.0,0.98,4
30147720_MinPolqaSfbRecording_cut.wav,3.25,1.258305739,1.233139624,4
30069046_MinPolqaSfbRecording_cut.wav,2.5,1.0,0.98,4
30084297_MinPolqaSfbRecording_cut.wav,2.75,0.957427108,0.938278566,4
27737143_MinPolqaSfbRecording_cut.wav,3.5,0.577350269,0.565803264,4
30119302_MinPolqaSfbRecording_cut.wav,2.6,1.140175425,0.999407825,5
30467353_MinPolqaSfbRecording_cut.wav,3.2,1.303840481,1.142866571,5
30145535_MinPolqaSfbRecording_cut.wav,2.6,1.140175425,0.999407825,5
30106108_MinPolqaSfbRecording_cut.wav,2.4,1.341640786,1.176,5
28657772_MinPolqaSfbRecording_cut.wav,4.0,0.707106781,0.619806421,5
30406701_MinPolqaSfbRecording_cut.wav,2.2,1.303840481,1.142866571,5
30511511_MinPolqaSfbRecording_cut.wav,3.4,1.341640786,1.176,5
30108282_MinPolqaSfbRecording_cut.wav,3.6,0.894427191,0.784,5
30100619_MinPolqaSfbRecording_cut.wav,3.8,0.836660027,0.733364848,5
30491897_MinPolqaSfbRecording_cut.wav,2.4,1.341640786,1.176,5
30455669_MinPolqaSfbRecording_cut.wav,2.0,1.224744871,1.073536213,5
30519623_MinPolqaSfbRecording_cut.wav,2.6,1.140175425,0.999407825,5
30456279_MinPolqaSfbRecording_cut.wav,1.8,1.303840481,1.142866571,5
28344716_MinPolqaSfbRecording_cut.wav,3.4,0.547722558,0.48009999,5
28853837_MinPolqaSfbRecording_cut.wav,3.8,0.447213595,0.392,5
30106934_MinPolqaSfbRecording_cut.wav,1.8,1.303840481,1.142866571,5
30150527_MinPolqaSfbRecording_cut.wav,3.2,0.836660027,0.733364848,5
28106023_MinPolqaSfbRecording_cut.wav,3.8,0.836660027,0.733364848,5
30063288_MinPolqaSfbRecording_cut.wav,2.0,0.0,0.0,4
30089128_MinPolqaSfbRecording_cut.wav,2.75,0.957427108,0.938278566,4
30071249_MinPolqaSfbRecording_cut.wav,2.75,0.5,0.49,4
30126134_MinPolqaSfbRecording_cut.wav,1.25,0.5,0.49,4
30194456_MinPolqaSfbRecording_cut.wav,2.75,0.5,0.49,4
27799697_MinPolqaSfbRecording_cut.wav,3.75,0.5,0.49,4
29530130_MinPolqaSfbRecording_cut.wav,2.75,0.5,0.49,4
28608300_MinPolqaSfbRecording_cut.wav,4.0,0.0,0.0,4
30100588_MinPolqaSfbRecording_cut.wav,3.0,0.0,0.0,4
30098670_MinPolqaSfbRecording_cut.wav,1.75,0.5,0.49,4
30213488_MinPolqaSfbRecording_cut.wav,4.0,0.0,0.0,3
30154746_MinPolqaSfbRecording_cut.wav,3.333333333,0.577350269,0.653333333,3
30454091_MinPolqaSfbRecording_cut.wav,3.333333333,0.577350269,0.653333333,3
30065253_MinPolqaSfbRecording_cut.wav,3.333333333,0.577350269,0.653333333,3
29542743_MinPolqaSfbRecording_cut.wav,2.666666667,1.154700538,1.306666667,3
30179531_MinPolqaSfbRecording_cut.wav,3.0,0.0,0.0,3
30489928_MinPolqaSfbRecording_cut.wav,3.0,1.732050808,1.96,3
30100203_MinPolqaSfbRecording_cut.wav,3.0,1.0,1.131606528,3
30060111_MinPolqaSfbRecording_cut.wav,2.4,1.516575089,1.329336677,5
30251139_MinPolqaSfbRecording_cut.wav,2.0,1.0,0.876538647,5
30106325_MinPolqaSfbRecording_cut.wav,2.8,1.483239697,1.300116918,5
27668360_MinPolqaSfbRecording_cut.wav,2.8,1.303840481,1.142866571,5
28774813_MinPolqaSfbRecording_cut.wav,4.0,1.0,0.876538647,5
30255756_MinPolqaSfbRecording_cut.wav,1.6,0.547722558,0.48009999,5
28583602_MinPolqaSfbRecording_cut.wav,4.4,0.894427191,0.784,5
30150293_MinPolqaSfbRecording_cut.wav,1.8,1.788854382,1.568,5
30173304_MinPolqaSfbRecording_cut.wav,1.2,0.447213595,0.392,5
30155098_MinPolqaSfbRecording_cut.wav,1.25,0.5,0.49,4
30072561_MinPolqaSfbRecording_cut.wav,2.0,0.816496581,0.800166649,4
30529131_MinPolqaSfbRecording_cut.wav,3.0,0.816496581,0.800166649,4
30164266_MinPolqaSfbRecording_cut.wav,3.5,0.577350269,0.565803264,4
30444682_MinPolqaSfbRecording_cut.wav,3.0,1.154700538,1.131606528,4
30081393_MinPolqaSfbRecording_cut.wav,2.25,0.5,0.49,4
30195526_MinPolqaSfbRecording_cut.wav,3.0,0.816496581,0.800166649,4
30413064_MinPolqaSfbRecording_cut.wav,2.666666667,1.154700538,1.306666667,3
30406094_MinPolqaSfbRecording_cut.wav,4.0,0.0,0.0,3
30107781_MinPolqaSfbRecording_cut.wav,2.666666667,0.577350269,0.653333333,3
30125066_MinPolqaSfbRecording_cut.wav,3.666666667,0.577350269,0.653333333,3
28121237_MinPolqaSfbRecording_cut.wav,3.333333333,0.577350269,0.653333333,3
30474475_MinPolqaSfbRecording_cut.wav,2.666666667,1.527525232,1.728557523,3
30264401_MinPolqaSfbRecording_cut.wav,3.0,0.0,0.0,3
30478193_MinPolqaSfbRecording_cut.wav,3.666666667,0.577350269,0.653333333,3
30249479_MinPolqaSfbRecording_cut.wav,2.666666667,1.154700538,1.306666667,3
29541202_MinPolqaSfbRecording_cut.wav,2.8,1.095445115,0.960199979,5
30214034_MinPolqaSfbRecording_cut.wav,2.0,0.707106781,0.619806421,5
28120912_MinPolqaSfbRecording_cut.wav,4.0,0.707106781,0.619806421,5
30113514_MinPolqaSfbRecording_cut.wav,3.0,0.707106781,0.619806421,5
30405490_MinPolqaSfbRecording_cut.wav,3.0,1.224744871,1.073536213,5
30421209_MinPolqaSfbRecording_cut.wav,1.8,0.447213595,0.392,5
27751903_MinPolqaSfbRecording_cut.wav,4.4,0.547722558,0.48009999,5
30507939_MinPolqaSfbRecording_cut.wav,3.4,1.516575089,1.329336677,5
30147868_MinPolqaSfbRecording_cut.wav,4.25,0.957427108,0.938278566,4
30426871_MinPolqaSfbRecording_cut.wav,3.75,1.5,1.47,4
30070371_MinPolqaSfbRecording_cut.wav,2.0,2.0,1.96,4
30086695_MinPolqaSfbRecording_cut.wav,3.25,1.258305739,1.233139624,4
30457144_MinPolqaSfbRecording_cut.wav,2.25,1.892969449,1.85511006,4
28954453_MinPolqaSfbRecording_cut.wav,3.75,0.957427108,0.938278566,4
30059010_MinPolqaSfbRecording_cut.wav,3.25,0.957427108,0.938278566,4
28875912_MinPolqaSfbRecording_cut.wav,3.75,1.258305739,1.233139624,4
30155228_MinPolqaSfbRecording_cut.wav,3.25,1.258305739,1.233139624,4
30142493_MinPolqaSfbRecording_cut.wav,3.2,0.836660027,0.733364848,5
30193417_MinPolqaSfbRecording_cut.wav,2.4,0.547722558,0.48009999,5
30154235_MinPolqaSfbRecording_cut.wav,2.4,0.547722558,0.48009999,5
30137990_MinPolqaSfbRecording_cut.wav,2.8,0.447213595,0.392,5
30522595_MinPolqaSfbRecording_cut.wav,2.4,1.140175425,0.999407825,5
30506369_MinPolqaSfbRecording_cut.wav,2.6,0.894427191,0.784,5
27669772_MinPolqaSfbRecording_cut.wav,3.6,0.547722558,0.48009999,5
29556420_MinPolqaSfbRecording_cut.wav,1.4,0.547722558,0.48009999,5
30488302_MinPolqaSfbRecording_cut.wav,2.4,0.894427191,0.784,5
30105100_MinPolqaSfbRecording_cut.wav,2.6,1.341640786,1.176,5
28289535_MinPolqaSfbRecording_cut.wav,3.8,1.095445115,0.960199979,5
30138637_MinPolqaSfbRecording_cut.wav,2.6,1.341640786,1.176,5
30491195_MinPolqaSfbRecording_cut.wav,4.0,1.0,0.876538647,5
30264056_MinPolqaSfbRecording_cut.wav,4.4,0.547722558,0.48009999,5
30413461_MinPolqaSfbRecording_cut.wav,2.4,1.140175425,0.999407825,5
30504031_MinPolqaSfbRecording_cut.wav,3.4,1.140175425,0.999407825,5
28319452_MinPolqaSfbRecording_cut.wav,4.2,1.095445115,0.960199979,5
30514080_MinPolqaSfbRecording_cut.wav,3.75,0.5,0.49,4
30164208_MinPolqaSfbRecording_cut.wav,4.0,0.816496581,0.800166649,4
29003267_MinPolqaSfbRecording_cut.wav,4.75,0.5,0.49,4
30183540_MinPolqaSfbRecording_cut.wav,1.75,1.5,1.47,4
30147075_MinPolqaSfbRecording_cut.wav,4.75,0.5,0.49,4
29542789_MinPolqaSfbRecording_cut.wav,5.0,0.0,0.0,4
30470092_MinPolqaSfbRecording_cut.wav,1.5,0.577350269,0.565803264,4
30150087_MinPolqaSfbRecording_cut.wav,2.75,0.957427108,0.938278566,4
30420520_MinPolqaSfbRecording_cut.wav,2.0,1.414213562,1.385929291,4
30430500_MinPolqaSfbRecording_cut.wav,3.333333333,0.577350269,0.653333333,3
30183240_MinPolqaSfbRecording_cut.wav,3.666666667,0.577350269,0.653333333,3
28865648_MinPolqaSfbRecording_cut.wav,3.666666667,0.577350269,0.653333333,3
30504832_MinPolqaSfbRecording_cut.wav,3.666666667,0.577350269,0.653333333,3
30195019_MinPolqaSfbRecording_cut.wav,2.0,1.732050808,1.96,3
27945816_MinPolqaSfbRecording_cut.wav,4.333333333,1.154700538,1.306666667,3
30213976_MinPolqaSfbRecording_cut.wav,3.0,1.0,1.131606528,3
30137623_MinPolqaSfbRecording_cut.wav,4.333333333,0.577350269,0.653333333,3
30180945_MinPolqaSfbRecording_cut.wav,2.0,1.0,1.131606528,3
28904697_MinPolqaSfbRecording_cut.wav,3.333333333,0.577350269,0.653333333,3
30403780_MinPolqaSfbRecording_cut.wav,4.0,1.0,1.131606528,3
30416550_MinPolqaSfbRecording_cut.wav,2.0,1.0,1.131606528,3
30118909_MinPolqaSfbRecording_cut.wav,2.0,1.0,1.131606528,3
30429637_MinPolqaSfbRecording_cut.wav,2.333333333,1.154700538,1.306666667,3
30097742_MinPolqaSfbRecording_cut.wav,1.333333333,0.577350269,0.653333333,3
28922507_MinPolqaSfbRecording_cut.wav,4.0,0.0,0.0,3
30422875_MinPolqaSfbRecording_cut.wav,2.0,0.816496581,0.800166649,4
30198337_MinPolqaSfbRecording_cut.wav,1.5,0.577350269,0.565803264,4
30162738_MinPolqaSfbRecording_cut.wav,2.25,0.5,0.49,4
28620910_MinPolqaSfbRecording_cut.wav,3.0,0.816496581,0.800166649,4
30089663_MinPolqaSfbRecording_cut.wav,2.75,0.957427108,0.938278566,4
27650187_MinPolqaSfbRecording_cut.wav,3.5,1.0,0.98,4
27586558_MinPolqaSfbRecording_cut.wav,2.75,0.5,0.49,4
30122760_MinPolqaSfbRecording_cut.wav,3.75,0.957427108,0.938278566,4
30061352_MinPolqaSfbRecording_cut.wav,3.0,1.632993162,1.600333299,4
28306635_MinPolqaSfbRecording_cut.wav,2.75,0.957427108,0.938278566,4
30455467_MinPolqaSfbRecording_cut.wav,3.0,1.414213562,1.385929291,4
27852534_MinPolqaSfbRecording_cut.wav,4.25,0.957427108,0.938278566,4
30171969_MinPolqaSfbRecording_cut.wav,2.75,0.957427108,0.938278566,4
30142982_MinPolqaSfbRecording_cut.wav,2.5,1.290994449,1.26517456,4
28204136_MinPolqaSfbRecording_cut.wav,3.75,0.957427108,0.938278566,4
28800919_MinPolqaSfbRecording_cut.wav,2.25,0.5,0.49,4
30060756_MinPolqaSfbRecording_cut.wav,2.75,0.957427108,0.938278566,4
30251659_MinPolqaSfbRecording_cut.wav,4.5,0.577350269,0.565803264,4
28719480_MinPolqaSfbRecording_cut.wav,3.8,0.836660027,0.733364848,5
30135662_MinPolqaSfbRecording_cut.wav,3.4,0.547722558,0.48009999,5
30087575_MinPolqaSfbRecording_cut.wav,1.8,0.447213595,0.392,5
30484336_MinPolqaSfbRecording_cut.wav,1.2,0.447213595,0.392,5
30151166_MinPolqaSfbRecording_cut.wav,1.8,0.447213595,0.392,5
30069385_MinPolqaSfbRecording_cut.wav,1.2,0.447213595,0.392,5
30198650_MinPolqaSfbRecording_cut.wav,2.0,0.707106781,0.619806421,5
30118364_MinPolqaSfbRecording_cut.wav,4.0,0.707106781,0.619806421,5
30438787_MinPolqaSfbRecording_cut.wav,1.25,0.5,0.49,4
30132281_MinPolqaSfbRecording_cut.wav,2.0,0.816496581,0.800166649,4
30180362_MinPolqaSfbRecording_cut.wav,2.75,0.957427108,0.938278566,4
28655496_MinPolqaSfbRecording_cut.wav,4.5,0.577350269,0.565803264,4
28778733_MinPolqaSfbRecording_cut.wav,4.75,0.5,0.49,4
30482438_MinPolqaSfbRecording_cut.wav,2.0,0.816496581,0.800166649,4
30421518_MinPolqaSfbRecording_cut.wav,1.5,0.577350269,0.565803264,4
28532053_MinPolqaSfbRecording_cut.wav,4.25,0.5,0.49,4
30263651_MinPolqaSfbRecording_cut.wav,3.75,0.957427108,0.938278566,4
30483805_MinPolqaSfbRecording_cut.wav,3.0,1.0,0.876538647,5
30522000_MinPolqaSfbRecording_cut.wav,2.4,1.516575089,1.329336677,5
30479012_MinPolqaSfbRecording_cut.wav,2.2,1.095445115,0.960199979,5
30162089_MinPolqaSfbRecording_cut.wav,2.8,0.836660027,0.733364848,5
30213178_MinPolqaSfbRecording_cut.wav,3.6,0.547722558,0.48009999,5
30156524_MinPolqaSfbRecording_cut.wav,4.0,0.707106781,0.619806421,5
28784933_MinPolqaSfbRecording_cut.wav,3.8,0.447213595,0.392,5
30520681_MinPolqaSfbRecording_cut.wav,1.6,0.894427191,0.784,5
30174555_MinPolqaSfbRecording_cut.wav,2.0,1.0,0.876538647,5
30445018_MinPolqaSfbRecording_cut.wav,2.2,1.303840481,1.142866571,5
30250669_MinPolqaSfbRecording_cut.wav,3.5,0.577350269,0.565803264,4
30140664_MinPolqaSfbRecording_cut.wav,3.0,0.816496581,0.800166649,4
30067557_MinPolqaSfbRecording_cut.wav,2.75,0.957427108,0.938278566,4
30142862_MinPolqaSfbRecording_cut.wav,4.0,0.816496581,0.800166649,4
30123182_MinPolqaSfbRecording_cut.wav,3.5,1.0,0.98,4
30097842_MinPolqaSfbRecording_cut.wav,2.5,1.290994449,1.26517456,4
30170691_MinPolqaSfbRecording_cut.wav,3.25,0.5,0.49,4
30107910_MinPolqaSfbRecording_cut.wav,2.25,0.5,0.49,4
27849655_MinPolqaSfbRecording_cut.wav,3.75,0.957427108,0.938278566,4
30455670_MinPolqaSfbRecording_cut.wav,1.5,0.577350269,0.565803264,4
30118222_MinPolqaSfbRecording_cut.wav,4.25,0.957427108,0.938278566,4
30185843_MinPolqaSfbRecording_cut.wav,3.75,1.258305739,1.233139624,4
30126333_MinPolqaSfbRecording_cut.wav,2.25,0.957427108,0.938278566,4
30466979_MinPolqaSfbRecording_cut.wav,1.75,0.957427108,0.938278566,4
28701141_MinPolqaSfbRecording_cut.wav,3.75,0.5,0.49,4
27140890_MinPolqaSfbRecording_cut.wav,3.75,0.5,0.49,4
27694996_MinPolqaSfbRecording_cut.wav,3.6,0.547722558,0.48009999,5
30121726_MinPolqaSfbRecording_cut.wav,3.0,0.707106781,0.619806421,5
30509826_MinPolqaSfbRecording_cut.wav,3.2,1.643167673,1.440299969,5
30069443_MinPolqaSfbRecording_cut.wav,3.0,1.414213562,1.239612843,5
30205397_MinPolqaSfbRecording_cut.wav,3.8,0.447213595,0.392,5
28224715_MinPolqaSfbRecording_cut.wav,3.8,0.836660027,0.733364848,5
30206156_MinPolqaSfbRecording_cut.wav,3.4,1.816590212,1.592311527,5
30160885_MinPolqaSfbRecording_cut.wav,3.0,1.58113883,1.385929291,5
30422733_MinPolqaSfbRecording_cut.wav,2.8,1.303840481,1.142866571,5
30253896_MinPolqaSfbRecording_cut.wav,2.0,1.0,1.131606528,3
30207739_MinPolqaSfbRecording_cut.wav,2.0,1.0,1.131606528,3
30151793_MinPolqaSfbRecording_cut.wav,3.666666667,0.577350269,0.653333333,3
28897796_MinPolqaSfbRecording_cut.wav,4.0,1.0,1.131606528,3
29529486_MinPolqaSfbRecording_cut.wav,2.333333333,1.154700538,1.306666667,3
30097734_MinPolqaSfbRecording_cut.wav,4.0,0.0,0.0,3
30158070_MinPolqaSfbRecording_cut.wav,3.666666667,1.527525232,1.728557523,3
28914913_MinPolqaSfbRecording_cut.wav,2.666666667,0.577350269,0.653333333,3
29066754_MinPolqaSfbRecording_cut.wav,4.6,0.547722558,0.48009999,5
30172860_MinPolqaSfbRecording_cut.wav,2.6,0.547722558,0.48009999,5
30065699_MinPolqaSfbRecording_cut.wav,2.0,0.707106781,0.619806421,5
30472296_MinPolqaSfbRecording_cut.wav,1.8,0.836660027,0.733364848,5
30204201_MinPolqaSfbRecording_cut.wav,2.4,1.140175425,0.999407825,5
29532664_MinPolqaSfbRecording_cut.wav,2.0,1.0,0.876538647,5
30060137_MinPolqaSfbRecording_cut.wav,1.8,0.836660027,0.733364848,5
30104982_MinPolqaSfbRecording_cut.wav,3.2,0.836660027,0.733364848,5
30202597_MinPolqaSfbRecording_cut.wav,3.25,0.957427108,0.938278566,4
30467278_MinPolqaSfbRecording_cut.wav,1.5,0.577350269,0.565803264,4
27626595_MinPolqaSfbRecording_cut.wav,3.0,0.0,0.0,4
28744249_MinPolqaSfbRecording_cut.wav,3.75,0.5,0.49,4
30500705_MinPolqaSfbRecording_cut.wav,1.75,0.5,0.49,4
30213054_MinPolqaSfbRecording_cut.wav,3.25,0.957427108,0.938278566,4
30508023_MinPolqaSfbRecording_cut.wav,2.0,0.816496581,0.800166649,4
30076368_MinPolqaSfbRecording_cut.wav,1.5,0.577350269,0.565803264,4
28682916_MinPolqaSfbRecording_cut.wav,4.2,0.447213595,0.392,5
30176762_MinPolqaSfbRecording_cut.wav,2.4,0.894427191,0.784,5
30184954_MinPolqaSfbRecording_cut.wav,2.4,0.547722558,0.48009999,5
30160322_MinPolqaSfbRecording_cut.wav,3.8,0.447213595,0.392,5
30256225_MinPolqaSfbRecording_cut.wav,2.8,0.836660027,0.733364848,5
30075805_MinPolqaSfbRecording_cut.wav,3.4,0.894427191,0.784,5
30123163_MinPolqaSfbRecording_cut.wav,2.2,0.447213595,0.392,5
29057731_MinPolqaSfbRecording_cut.wav,3.6,0.547722558,0.48009999,5
30443840_MinPolqaSfbRecording_cut.wav,2.4,1.140175425,0.999407825,5
30430035_MinPolqaSfbRecording_cut.wav,4.0,1.0,0.876538647,5
30130089_MinPolqaSfbRecording_cut.wav,3.8,1.095445115,0.960199979,5
30084146_MinPolqaSfbRecording_cut.wav,3.4,1.140175425,0.999407825,5
30066310_MinPolqaSfbRecording_cut.wav,3.4,0.547722558,0.48009999,5
29531063_MinPolqaSfbRecording_cut.wav,3.8,0.836660027,0.733364848,5
30429515_MinPolqaSfbRecording_cut.wav,3.8,0.836660027,0.733364848,5
30473739_MinPolqaSfbRecording_cut.wav,4.0,0.707106781,0.619806421,5
30521054_MinPolqaSfbRecording_cut.wav,3.2,0.447213595,0.392,5
30264008_MinPolqaSfbRecording_cut.wav,4.2,0.836660027,0.733364848,5
30060562_MinPolqaSfbRecording_cut.wav,2.2,0.836660027,0.733364848,5
30058653_MinPolqaSfbRecording_cut.wav,2.8,0.447213595,0.392,5
29544398_MinPolqaSfbRecording_cut.wav,2.8,1.095445115,0.960199979,5
30468962_MinPolqaSfbRecording_cut.wav,3.0,1.0,0.876538647,5
30523058_MinPolqaSfbRecording_cut.wav,1.8,1.303840481,1.142866571,5
30472307_MinPolqaSfbRecording_cut.wav,2.2,0.836660027,0.733364848,5
30529126_MinPolqaSfbRecording_cut.wav,3.0,0.707106781,0.619806421,5
28776391_MinPolqaSfbRecording_cut.wav,4.0,0.707106781,0.619806421,5
30454209_MinPolqaSfbRecording_cut.wav,3.6,0.547722558,0.48009999,5
30192873_MinPolqaSfbRecording_cut.wav,2.2,1.303840481,1.142866571,5
30157254_MinPolqaSfbRecording_cut.wav,4.2,0.836660027,0.733364848,5
30475124_MinPolqaSfbRecording_cut.wav,3.6,0.894427191,0.784,5
28844940_MinPolqaSfbRecording_cut.wav,3.0,1.0,0.876538647,5
28668882_MinPolqaSfbRecording_cut.wav,3.2,0.447213595,0.392,5
30174607_MinPolqaSfbRecording_cut.wav,3.2,0.836660027,0.733364848,5
28507207_MinPolqaSfbRecording_cut.wav,3.4,0.547722558,0.48009999,5
30154331_MinPolqaSfbRecording_cut.wav,2.4,1.516575089,1.329336677,5
30153978_MinPolqaSfbRecording_cut.wav,3.2,1.095445115,0.960199979,5
30420898_MinPolqaSfbRecording_cut.wav,2.6,1.341640786,1.176,5
29535571_MinPolqaSfbRecording_cut.wav,2.8,1.643167673,1.440299969,5
30186238_MinPolqaSfbRecording_cut.wav,2.8,1.303840481,1.142866571,5
30060669_MinPolqaSfbRecording_cut.wav,3.8,1.095445115,0.960199979,5
27756476_MinPolqaSfbRecording_cut.wav,3.333333333,0.577350269,0.653333333,3
30100548_MinPolqaSfbRecording_cut.wav,3.333333333,0.577350269,0.653333333,3
28424926_MinPolqaSfbRecording_cut.wav,4.0,1.0,1.131606528,3
30105028_MinPolqaSfbRecording_cut.wav,3.666666667,0.577350269,0.653333333,3
27801085_MinPolqaSfbRecording_cut.wav,3.666666667,0.577350269,0.653333333,3
30483681_MinPolqaSfbRecording_cut.wav,2.666666667,0.577350269,0.653333333,3
30491715_MinPolqaSfbRecording_cut.wav,3.0,1.0,1.131606528,3
28270792_MinPolqaSfbRecording_cut.wav,4.333333333,0.577350269,0.653333333,3
30136342_MinPolqaSfbRecording_cut.wav,3.333333333,1.527525232,1.728557523,3
27828618_MinPolqaSfbRecording_cut.wav,4.5,1.0,0.98,4
30070392_MinPolqaSfbRecording_cut.wav,3.0,0.816496581,0.800166649,4
30139414_MinPolqaSfbRecording_cut.wav,3.5,1.0,0.98,4
30151692_MinPolqaSfbRecording_cut.wav,4.0,0.816496581,0.800166649,4
30432583_MinPolqaSfbRecording_cut.wav,2.25,0.5,0.49,4
30179734_MinPolqaSfbRecording_cut.wav,2.5,0.577350269,0.565803264,4
30109312_MinPolqaSfbRecording_cut.wav,3.0,0.816496581,0.800166649,4
28492997_MinPolqaSfbRecording_cut.wav,4.5,0.577350269,0.565803264,4
30102103_MinPolqaSfbRecording_cut.wav,2.333333333,0.577350269,0.653333333,3
30250421_MinPolqaSfbRecording_cut.wav,1.666666667,0.577350269,0.653333333,3
30145930_MinPolqaSfbRecording_cut.wav,2.333333333,0.577350269,0.653333333,3
30249000_MinPolqaSfbRecording_cut.wav,3.333333333,0.577350269,0.653333333,3
30093318_MinPolqaSfbRecording_cut.wav,2.333333333,0.577350269,0.653333333,3
30083421_MinPolqaSfbRecording_cut.wav,4.0,1.0,1.131606528,3
30472857_MinPolqaSfbRecording_cut.wav,3.333333333,0.577350269,0.653333333,3
30136602_MinPolqaSfbRecording_cut.wav,3.333333333,0.577350269,0.653333333,3
30483127_MinPolqaSfbRecording_cut.wav,2.666666667,0.577350269,0.653333333,3
30078488_MinPolqaSfbRecording_cut.wav,4.0,1.0,1.131606528,3
30161291_MinPolqaSfbRecording_cut.wav,3.0,1.0,1.131606528,3
30426180_MinPolqaSfbRecording_cut.wav,3.333333333,2.081665999,2.355626833,3
30145722_MinPolqaSfbRecording_cut.wav,3.666666667,1.527525232,1.728557523,3
30069793_MinPolqaSfbRecording_cut.wav,3.333333333,2.081665999,2.355626833,3
30169349_MinPolqaSfbRecording_cut.wav,2.666666667,0.577350269,0.653333333,3
30488390_MinPolqaSfbRecording_cut.wav,3.666666667,1.154700538,1.306666667,3
30157520_MinPolqaSfbRecording_cut.wav,3.333333333,1.154700538,1.306666667,3
30413176_MinPolqaSfbRecording_cut.wav,3.333333333,1.527525232,1.728557523,3
30161576_MinPolqaSfbRecording_cut.wav,3.666666667,0.577350269,0.653333333,3
30480236_MinPolqaSfbRecording_cut.wav,2.8,0.836660027,0.733364848,5
30081101_MinPolqaSfbRecording_cut.wav,2.0,1.0,0.876538647,5
30131694_MinPolqaSfbRecording_cut.wav,2.2,1.303840481,1.142866571,5
27945040_MinPolqaSfbRecording_cut.wav,3.2,0.836660027,0.733364848,5
28640940_MinPolqaSfbRecording_cut.wav,3.8,0.447213595,0.392,5
28124252_MinPolqaSfbRecording_cut.wav,3.8,0.447213595,0.392,5
30120572_MinPolqaSfbRecording_cut.wav,2.2,0.447213595,0.392,5
30249673_MinPolqaSfbRecording_cut.wav,2.4,1.140175425,0.999407825,5
30465146_MinPolqaSfbRecording_cut.wav,2.0,1.414213562,1.239612843,5
29541710_MinPolqaSfbRecording_cut.wav,4.4,0.547722558,0.48009999,5
30137515_MinPolqaSfbRecording_cut.wav,3.8,0.447213595,0.392,5
30097422_MinPolqaSfbRecording_cut.wav,1.4,0.547722558,0.48009999,5
30488123_MinPolqaSfbRecording_cut.wav,4.4,0.547722558,0.48009999,5
27977289_MinPolqaSfbRecording_cut.wav,3.8,0.836660027,0.733364848,5
30197460_MinPolqaSfbRecording_cut.wav,1.6,0.547722558,0.48009999,5
28633791_MinPolqaSfbRecording_cut.wav,3.8,0.447213595,0.392,5
30133535_MinPolqaSfbRecording_cut.wav,3.4,1.140175425,0.999407825,5
30457894_MinPolqaSfbRecording_cut.wav,3.4,0.894427191,0.784,5
30118171_MinPolqaSfbRecording_cut.wav,1.8,0.836660027,0.733364848,5
30147156_MinPolqaSfbRecording_cut.wav,3.0,0.707106781,0.619806421,5
30128974_MinPolqaSfbRecording_cut.wav,1.0,0.0,0.0,5
30511047_MinPolqaSfbRecording_cut.wav,3.6,1.140175425,0.999407825,5
29539327_MinPolqaSfbRecording_cut.wav,3.0,0.707106781,0.619806421,5
28229228_MinPolqaSfbRecording_cut.wav,4.0,0.707106781,0.619806421,5
30121856_MinPolqaSfbRecording_cut.wav,2.0,0.707106781,0.619806421,5
30147671_MinPolqaSfbRecording_cut.wav,1.2,0.447213595,0.392,5
28301644_MinPolqaSfbRecording_cut.wav,4.5,0.577350269,0.565803264,4
30132559_MinPolqaSfbRecording_cut.wav,3.25,0.957427108,0.938278566,4
30109566_MinPolqaSfbRecording_cut.wav,2.75,1.5,1.47,4
27827521_MinPolqaSfbRecording_cut.wav,4.5,0.577350269,0.565803264,4
30160889_MinPolqaSfbRecording_cut.wav,2.5,1.732050808,1.697409791,4
30095588_MinPolqaSfbRecording_cut.wav,3.75,0.957427108,0.938278566,4
29537494_MinPolqaSfbRecording_cut.wav,4.0,0.816496581,0.800166649,4
30152118_MinPolqaSfbRecording_cut.wav,3.0,1.414213562,1.385929291,4
29539708_MinPolqaSfbRecording_cut.wav,3.25,0.957427108,0.938278566,4
30068496_MinPolqaSfbRecording_cut.wav,3.25,0.957427108,0.938278566,4
29536319_MinPolqaSfbRecording_cut.wav,2.25,1.892969449,1.85511006,4
30249590_MinPolqaSfbRecording_cut.wav,3.25,0.957427108,0.938278566,4
28277985_MinPolqaSfbRecording_cut.wav,4.25,0.5,0.49,4
30429545_MinPolqaSfbRecording_cut.wav,3.75,0.5,0.49,4
30428588_MinPolqaSfbRecording_cut.wav,2.75,0.5,0.49,4
29045839_MinPolqaSfbRecording_cut.wav,3.0,0.816496581,0.800166649,4
30421238_MinPolqaSfbRecording_cut.wav,3.25,0.5,0.49,4
30069126_MinPolqaSfbRecording_cut.wav,2.25,1.5,1.47,4
30455031_MinPolqaSfbRecording_cut.wav,2.75,1.707825128,1.673668625,4
30483714_MinPolqaSfbRecording_cut.wav,3.333333333,0.577350269,0.653333333,3
28850894_MinPolqaSfbRecording_cut.wav,4.0,1.0,1.131606528,3
28857936_MinPolqaSfbRecording_cut.wav,4.0,1.0,1.131606528,3
27725114_MinPolqaSfbRecording_cut.wav,3.333333333,0.577350269,0.653333333,3
30429073_MinPolqaSfbRecording_cut.wav,3.666666667,0.577350269,0.653333333,3
30154097_MinPolqaSfbRecording_cut.wav,2.333333333,0.577350269,0.653333333,3
30119283_MinPolqaSfbRecording_cut.wav,2.666666667,0.577350269,0.653333333,3
30083256_MinPolqaSfbRecording_cut.wav,3.666666667,1.154700538,1.306666667,3
30113696_MinPolqaSfbRecording_cut.wav,3.0,1.0,1.131606528,3
30473903_MinPolqaSfbRecording_cut.wav,2.4,1.673320053,1.466729696,5
30471793_MinPolqaSfbRecording_cut.wav,3.6,0.547722558,0.48009999,5
30162853_MinPolqaSfbRecording_cut.wav,2.8,1.095445115,0.960199979,5
30488874_MinPolqaSfbRecording_cut.wav,2.6,1.516575089,1.329336677,5
27971562_MinPolqaSfbRecording_cut.wav,4.2,0.836660027,0.733364848,5
30487946_MinPolqaSfbRecording_cut.wav,2.6,1.816590212,1.592311527,5
30406777_MinPolqaSfbRecording_cut.wav,3.4,0.894427191,0.784,5
30148554_MinPolqaSfbRecording_cut.wav,2.6,1.140175425,0.999407825,5
30164291_MinPolqaSfbRecording_cut.wav,3.5,0.707106781,0.98,2
28534465_MinPolqaSfbRecording_cut.wav,3.5,0.707106781,0.98,2
28425003_MinPolqaSfbRecording_cut.wav,4.0,0.0,0.0,2
30071271_MinPolqaSfbRecording_cut.wav,3.5,2.121320344,2.94,2
30463826_MinPolqaSfbRecording_cut.wav,3.5,2.121320344,2.94,2
27804245_MinPolqaSfbRecording_cut.wav,4.0,0.0,0.0,2
30439696_MinPolqaSfbRecording_cut.wav,3.0,1.414213562,1.96,2
28037537_MinPolqaSfbRecording_cut.wav,4.0,0.0,0.0,2
28655270_MinPolqaSfbRecording_cut.wav,4.5,0.707106781,0.98,2
30082024_MinPolqaSfbRecording_cut.wav,3.0,0.0,0.0,3
28613168_MinPolqaSfbRecording_cut.wav,4.0,1.0,1.131606528,3
30073089_MinPolqaSfbRecording_cut.wav,3.666666667,1.527525232,1.728557523,3
30439382_MinPolqaSfbRecording_cut.wav,1.666666667,0.577350269,0.653333333,3
30252799_MinPolqaSfbRecording_cut.wav,3.333333333,1.527525232,1.728557523,3
30076653_MinPolqaSfbRecording_cut.wav,3.0,0.0,0.0,3
29529563_MinPolqaSfbRecording_cut.wav,3.666666667,1.527525232,1.728557523,3
30177392_MinPolqaSfbRecording_cut.wav,2.0,1.0,1.131606528,3
30467168_MinPolqaSfbRecording_cut.wav,3.5,1.0,0.98,4
30200281_MinPolqaSfbRecording_cut.wav,3.75,0.957427108,0.938278566,4
30150875_MinPolqaSfbRecording_cut.wav,4.25,0.957427108,0.938278566,4
30528513_MinPolqaSfbRecording_cut.wav,3.75,0.5,0.49,4
30518747_MinPolqaSfbRecording_cut.wav,2.75,1.5,1.47,4
30469964_MinPolqaSfbRecording_cut.wav,2.75,0.957427108,0.938278566,4
30079436_MinPolqaSfbRecording_cut.wav,4.0,0.816496581,0.800166649,4
30152028_MinPolqaSfbRecording_cut.wav,1.666666667,1.154700538,1.306666667,3
30426277_MinPolqaSfbRecording_cut.wav,2.0,1.732050808,1.96,3
27621922_MinPolqaSfbRecording_cut.wav,3.333333333,1.154700538,1.306666667,3
28463444_MinPolqaSfbRecording_cut.wav,2.666666667,1.527525232,1.728557523,3
30150672_MinPolqaSfbRecording_cut.wav,3.0,1.732050808,1.96,3
30521040_MinPolqaSfbRecording_cut.wav,2.666666667,1.527525232,1.728557523,3
30155381_MinPolqaSfbRecording_cut.wav,2.0,1.732050808,1.96,3
27512173_MinPolqaSfbRecording_cut.wav,3.666666667,1.154700538,1.306666667,3
28532098_MinPolqaSfbRecording_cut.wav,3.8,0.836660027,0.733364848,5
30135525_MinPolqaSfbRecording_cut.wav,3.2,0.836660027,0.733364848,5
30263477_MinPolqaSfbRecording_cut.wav,3.2,1.303840481,1.142866571,5
30118852_MinPolqaSfbRecording_cut.wav,4.0,0.707106781,0.619806421,5
29537146_MinPolqaSfbRecording_cut.wav,3.2,1.303840481,1.142866571,5
30076999_MinPolqaSfbRecording_cut.wav,3.2,0.836660027,0.733364848,5
30259096_MinPolqaSfbRecording_cut.wav,3.0,0.707106781,0.619806421,5
30200851_MinPolqaSfbRecording_cut.wav,1.2,0.447213595,0.392,5
30166303_MinPolqaSfbRecording_cut.wav,2.2,0.836660027,0.733364848,5
30256460_MinPolqaSfbRecording_cut.wav,2.6,1.140175425,0.999407825,5
28160379_MinPolqaSfbRecording_cut.wav,3.8,0.836660027,0.733364848,5
28792481_MinPolqaSfbRecording_cut.wav,3.6,0.894427191,0.784,5
30497481_MinPolqaSfbRecording_cut.wav,4.4,0.547722558,0.48009999,5
27874185_MinPolqaSfbRecording_cut.wav,4.8,0.447213595,0.392,5
27574400_MinPolqaSfbRecording_cut.wav,4.0,1.0,0.876538647,5
30076996_MinPolqaSfbRecording_cut.wav,3.0,1.0,1.131606528,3
28124055_MinPolqaSfbRecording_cut.wav,3.333333333,1.154700538,1.306666667,3
30424458_MinPolqaSfbRecording_cut.wav,3.0,1.0,1.131606528,3
28428386_MinPolqaSfbRecording_cut.wav,3.666666667,0.577350269,0.653333333,3
30412608_MinPolqaSfbRecording_cut.wav,3.333333333,0.577350269,0.653333333,3
30070270_MinPolqaSfbRecording_cut.wav,3.0,1.0,1.131606528,3
28597144_MinPolqaSfbRecording_cut.wav,4.0,0.0,0.0,3
30516900_MinPolqaSfbRecording_cut.wav,2.666666667,0.577350269,0.653333333,3
30160997_MinPolqaSfbRecording_cut.wav,3.0,1.732050808,1.96,3
27906695_MinPolqaSfbRecording_cut.wav,4.8,0.447213595,0.392,5
30138858_MinPolqaSfbRecording_cut.wav,3.2,1.095445115,0.960199979,5
27811882_MinPolqaSfbRecording_cut.wav,4.0,1.0,0.876538647,5
30514113_MinPolqaSfbRecording_cut.wav,3.2,0.836660027,0.733364848,5
30214334_MinPolqaSfbRecording_cut.wav,4.2,0.836660027,0.733364848,5
30181898_MinPolqaSfbRecording_cut.wav,3.8,1.095445115,0.960199979,5
30090471_MinPolqaSfbRecording_cut.wav,4.4,0.894427191,0.784,5
28997870_MinPolqaSfbRecording_cut.wav,4.8,0.447213595,0.392,5
28125652_MinPolqaSfbRecording_cut.wav,4.0,0.816496581,0.800166649,4
28744925_MinPolqaSfbRecording_cut.wav,3.25,0.5,0.49,4
30183307_MinPolqaSfbRecording_cut.wav,3.75,0.5,0.49,4
28332721_MinPolqaSfbRecording_cut.wav,3.75,0.957427108,0.938278566,4
30494230_MinPolqaSfbRecording_cut.wav,4.25,0.5,0.49,4
30408594_MinPolqaSfbRecording_cut.wav,3.0,0.0,0.0,4
30426383_MinPolqaSfbRecording_cut.wav,1.75,0.5,0.49,4
28295532_MinPolqaSfbRecording_cut.wav,3.75,0.957427108,0.938278566,4
30095889_MinPolqaSfbRecording_cut.wav,2.0,0.0,0.0,4
30066800_MinPolqaSfbRecording_cut.wav,2.75,0.957427108,0.938278566,4
30439934_MinPolqaSfbRecording_cut.wav,3.4,1.140175425,0.999407825,5
27896315_MinPolqaSfbRecording_cut.wav,3.8,1.095445115,0.960199979,5
30158835_MinPolqaSfbRecording_cut.wav,3.0,1.58113883,1.385929291,5
30508620_MinPolqaSfbRecording_cut.wav,3.2,1.303840481,1.142866571,5
30147181_MinPolqaSfbRecording_cut.wav,3.6,1.949358869,1.708688386,5
28973177_MinPolqaSfbRecording_cut.wav,3.8,1.303840481,1.142866571,5
30137145_MinPolqaSfbRecording_cut.wav,4.0,1.224744871,1.073536213,5
30120219_MinPolqaSfbRecording_cut.wav,2.6,1.516575089,1.329336677,5
30522524_MinPolqaSfbRecording_cut.wav,2.0,1.224744871,1.073536213,5
30448887_MinPolqaSfbRecording_cut.wav,3.4,1.673320053,1.466729696,5
30072716_MinPolqaSfbRecording_cut.wav,1.666666667,0.577350269,0.653333333,3
30107422_MinPolqaSfbRecording_cut.wav,3.666666667,0.577350269,0.653333333,3
30183087_MinPolqaSfbRecording_cut.wav,3.666666667,0.577350269,0.653333333,3
28289232_MinPolqaSfbRecording_cut.wav,3.333333333,0.577350269,0.653333333,3
30522116_MinPolqaSfbRecording_cut.wav,3.333333333,2.081665999,2.355626833,3
29533320_MinPolqaSfbRecording_cut.wav,4.0,0.0,0.0,3
28811746_MinPolqaSfbRecording_cut.wav,4.5,0.577350269,0.565803264,4
28363227_MinPolqaSfbRecording_cut.wav,4.5,0.577350269,0.565803264,4
30098695_MinPolqaSfbRecording_cut.wav,4.25,0.957427108,0.938278566,4
28827927_MinPolqaSfbRecording_cut.wav,4.5,0.577350269,0.565803264,4
28838770_MinPolqaSfbRecording_cut.wav,3.75,0.5,0.49,4
30164652_MinPolqaSfbRecording_cut.wav,2.75,0.957427108,0.938278566,4
30091454_MinPolqaSfbRecording_cut.wav,4.5,0.577350269,0.565803264,4
30102807_MinPolqaSfbRecording_cut.wav,4.25,0.5,0.49,4
30508807_MinPolqaSfbRecording_cut.wav,3.75,0.957427108,0.938278566,4
30176481_MinPolqaSfbRecording_cut.wav,1.4,0.547722558,0.48009999,5
30470679_MinPolqaSfbRecording_cut.wav,3.2,0.836660027,0.733364848,5
30204761_MinPolqaSfbRecording_cut.wav,4.0,0.707106781,0.619806421,5
30160049_MinPolqaSfbRecording_cut.wav,3.4,0.547722558,0.48009999,5
30091295_MinPolqaSfbRecording_cut.wav,2.2,0.836660027,0.733364848,5
30486625_MinPolqaSfbRecording_cut.wav,4.0,0.0,0.0,5
30505947_MinPolqaSfbRecording_cut.wav,3.6,0.547722558,0.48009999,5
30140499_MinPolqaSfbRecording_cut.wav,3.8,0.447213595,0.392,5
30511287_MinPolqaSfbRecording_cut.wav,3.333333333,1.154700538,1.306666667,3
30434822_MinPolqaSfbRecording_cut.wav,2.333333333,2.309401077,2.613333333,3
30153947_MinPolqaSfbRecording_cut.wav,2.666666667,1.154700538,1.306666667,3
27141982_MinPolqaSfbRecording_cut.wav,4.333333333,0.577350269,0.653333333,3
30485026_MinPolqaSfbRecording_cut.wav,2.666666667,0.577350269,0.653333333,3
30412931_MinPolqaSfbRecording_cut.wav,3.0,1.0,1.131606528,3
30161147_MinPolqaSfbRecording_cut.wav,2.666666667,1.154700538,1.306666667,3
30456073_MinPolqaSfbRecording_cut.wav,2.666666667,0.577350269,0.653333333,3
30152376_MinPolqaSfbRecording_cut.wav,2.75,1.258305739,1.233139624,4
29536149_MinPolqaSfbRecording_cut.wav,4.25,0.5,0.49,4
30178472_MinPolqaSfbRecording_cut.wav,3.5,0.577350269,0.565803264,4
30473323_MinPolqaSfbRecording_cut.wav,3.25,0.957427108,0.938278566,4
27952736_MinPolqaSfbRecording_cut.wav,4.25,0.5,0.49,4
30259706_MinPolqaSfbRecording_cut.wav,3.5,0.577350269,0.565803264,4
30477424_MinPolqaSfbRecording_cut.wav,3.75,0.5,0.49,4
28528655_MinPolqaSfbRecording_cut.wav,4.25,0.5,0.49,4
30206692_MinPolqaSfbRecording_cut.wav,3.75,0.5,0.49,4
30503604_MinPolqaSfbRecording_cut.wav,1.333333333,0.577350269,0.653333333,3
28712090_MinPolqaSfbRecording_cut.wav,4.0,1.0,1.131606528,3
30481593_MinPolqaSfbRecording_cut.wav,2.0,0.0,0.0,3
30251259_MinPolqaSfbRecording_cut.wav,2.333333333,0.577350269,0.653333333,3
30208811_MinPolqaSfbRecording_cut.wav,4.0,0.0,0.0,3
30142900_MinPolqaSfbRecording_cut.wav,2.0,1.0,1.131606528,3
28237098_MinPolqaSfbRecording_cut.wav,3.333333333,0.577350269,0.653333333,3
28164494_MinPolqaSfbRecording_cut.wav,4.5,0.577350269,0.565803264,4
30165101_MinPolqaSfbRecording_cut.wav,2.5,1.290994449,1.26517456,4
30258112_MinPolqaSfbRecording_cut.wav,3.75,0.957427108,0.938278566,4
30165316_MinPolqaSfbRecording_cut.wav,3.25,0.5,0.49,4
30493622_MinPolqaSfbRecording_cut.wav,2.75,0.5,0.49,4
30489753_MinPolqaSfbRecording_cut.wav,2.5,0.577350269,0.565803264,4
30109352_MinPolqaSfbRecording_cut.wav,2.25,1.258305739,1.233139624,4
30127781_MinPolqaSfbRecording_cut.wav,4.25,0.957427108,0.938278566,4
30437233_MinPolqaSfbRecording_cut.wav,4.0,1.0,0.876538647,5
27784756_MinPolqaSfbRecording_cut.wav,3.8,0.447213595,0.392,5
30123600_MinPolqaSfbRecording_cut.wav,4.0,0.0,0.0,5
30513922_MinPolqaSfbRecording_cut.wav,4.0,0.707106781,0.619806421,5
27822561_MinPolqaSfbRecording_cut.wav,4.0,0.707106781,0.619806421,5
28462321_MinPolqaSfbRecording_cut.wav,3.4,0.547722558,0.48009999,5
30140546_MinPolqaSfbRecording_cut.wav,3.2,1.095445115,0.960199979,5
30428887_MinPolqaSfbRecording_cut.wav,2.8,1.643167673,1.440299969,5
30180701_MinPolqaSfbRecording_cut.wav,4.0,0.0,0.0,5
30456309_MinPolqaSfbRecording_cut.wav,3.2,0.447213595,0.392,5
30488599_MinPolqaSfbRecording_cut.wav,2.6,1.140175425,0.999407825,5
30416282_MinPolqaSfbRecording_cut.wav,3.4,1.140175425,0.999407825,5
30407751_MinPolqaSfbRecording_cut.wav,3.4,1.341640786,1.176,5
30194249_MinPolqaSfbRecording_cut.wav,2.8,0.836660027,0.733364848,5
28690569_MinPolqaSfbRecording_cut.wav,3.4,0.894427191,0.784,5
30090037_MinPolqaSfbRecording_cut.wav,2.6,1.140175425,0.999407825,5
30156453_MinPolqaSfbRecording_cut.wav,3.8,1.095445115,0.960199979,5
30444160_MinPolqaSfbRecording_cut.wav,2.0,1.224744871,1.073536213,5
30259867_MinPolqaSfbRecording_cut.wav,4.4,0.894427191,0.784,5
27713221_MinPolqaSfbRecording_cut.wav,3.6,0.547722558,0.48009999,5
30171558_MinPolqaSfbRecording_cut.wav,2.2,1.095445115,0.960199979,5
30067156_MinPolqaSfbRecording_cut.wav,4.0,0.707106781,0.619806421,5
30207612_MinPolqaSfbRecording_cut.wav,3.0,0.707106781,0.619806421,5
30193514_MinPolqaSfbRecording_cut.wav,3.0,0.707106781,0.619806421,5
30523732_MinPolqaSfbRecording_cut.wav,3.2,0.447213595,0.392,5
30484728_MinPolqaSfbRecording_cut.wav,2.8,0.836660027,0.733364848,5
28167694_MinPolqaSfbRecording_cut.wav,3.8,0.836660027,0.733364848,5
30455177_MinPolqaSfbRecording_cut.wav,3.2,0.836660027,0.733364848,5
29530174_MinPolqaSfbRecording_cut.wav,4.2,0.836660027,0.733364848,5
28725631_MinPolqaSfbRecording_cut.wav,4.2,0.836660027,0.733364848,5
28009762_MinPolqaSfbRecording_cut.wav,3.8,0.836660027,0.733364848,5
28769911_MinPolqaSfbRecording_cut.wav,3.2,0.836660027,0.733364848,5
30139294_MinPolqaSfbRecording_cut.wav,2.2,1.643167673,1.440299969,5
30105135_MinPolqaSfbRecording_cut.wav,4.0,0.707106781,0.619806421,5
30491342_MinPolqaSfbRecording_cut.wav,2.8,1.303840481,1.142866571,5
30489743_MinPolqaSfbRecording_cut.wav,2.2,0.836660027,0.733364848,5
30129607_MinPolqaSfbRecording_cut.wav,3.6,0.547722558,0.48009999,5
27641377_MinPolqaSfbRecording_cut.wav,4.2,0.447213595,0.392,5
30171323_MinPolqaSfbRecording_cut.wav,4.4,0.547722558,0.48009999,5
28435151_MinPolqaSfbRecording_cut.wav,4.2,0.836660027,0.733364848,5
30166249_MinPolqaSfbRecording_cut.wav,3.4,0.894427191,0.784,5
30429746_MinPolqaSfbRecording_cut.wav,3.6,0.547722558,0.48009999,5
30132547_MinPolqaSfbRecording_cut.wav,5.0,0.0,0.0,5
29541785_MinPolqaSfbRecording_cut.wav,2.6,0.894427191,0.784,5
28538529_MinPolqaSfbRecording_cut.wav,4.0,0.707106781,0.619806421,5
30166185_MinPolqaSfbRecording_cut.wav,4.0,0.0,0.0,5
30512185_MinPolqaSfbRecording_cut.wav,2.0,1.224744871,1.073536213,5
27784115_MinPolqaSfbRecording_cut.wav,3.6,0.547722558,0.48009999,5
30089253_MinPolqaSfbRecording_cut.wav,2.2,0.447213595,0.392,5
30135726_MinPolqaSfbRecording_cut.wav,3.2,0.447213595,0.392,5
30212052_MinPolqaSfbRecording_cut.wav,3.25,0.5,0.49,4
29054722_MinPolqaSfbRecording_cut.wav,4.25,0.5,0.49,4
30501344_MinPolqaSfbRecording_cut.wav,3.75,0.5,0.49,4
30099879_MinPolqaSfbRecording_cut.wav,3.0,0.816496581,0.800166649,4
30427669_MinPolqaSfbRecording_cut.wav,3.5,0.577350269,0.565803264,4
27670719_MinPolqaSfbRecording_cut.wav,4.25,0.5,0.49,4
28650510_MinPolqaSfbRecording_cut.wav,3.5,0.577350269,0.565803264,4
28560341_MinPolqaSfbRecording_cut.wav,3.5,0.577350269,0.565803264,4
30101118_MinPolqaSfbRecording_cut.wav,3.25,0.957427108,0.938278566,4
30066696_MinPolqaSfbRecording_cut.wav,4.5,0.577350269,0.565803264,4
30118526_MinPolqaSfbRecording_cut.wav,4.25,0.957427108,0.938278566,4
29011180_MinPolqaSfbRecording_cut.wav,4.5,0.577350269,0.565803264,4
30145507_MinPolqaSfbRecording_cut.wav,2.5,0.577350269,0.565803264,4
30179577_MinPolqaSfbRecording_cut.wav,3.5,0.577350269,0.565803264,4
30454501_MinPolqaSfbRecording_cut.wav,1.75,1.5,1.47,4
28657418_MinPolqaSfbRecording_cut.wav,4.5,0.577350269,0.565803264,4
28194939_MinPolqaSfbRecording_cut.wav,4.0,0.816496581,0.800166649,4
30075137_MinPolqaSfbRecording_cut.wav,4.0,0.707106781,0.619806421,5
30518929_MinPolqaSfbRecording_cut.wav,4.0,1.0,0.876538647,5
30205318_MinPolqaSfbRecording_cut.wav,3.8,0.447213595,0.392,5
28431189_MinPolqaSfbRecording_cut.wav,3.6,0.894427191,0.784,5
30205812_MinPolqaSfbRecording_cut.wav,4.0,1.224744871,1.073536213,5
30406709_MinPolqaSfbRecording_cut.wav,2.4,1.140175425,0.999407825,5
30411405_MinPolqaSfbRecording_cut.wav,4.0,0.816496581,0.800166649,4
29530671_MinPolqaSfbRecording_cut.wav,3.75,0.5,0.49,4
29038858_MinPolqaSfbRecording_cut.wav,4.5,0.577350269,0.565803264,4
30155713_MinPolqaSfbRecording_cut.wav,4.25,0.5,0.49,4
27708203_MinPolqaSfbRecording_cut.wav,4.25,0.957427108,0.938278566,4
30425006_MinPolqaSfbRecording_cut.wav,3.25,0.957427108,0.938278566,4
27708417_MinPolqaSfbRecording_cut.wav,4.5,0.577350269,0.565803264,4
30436424_MinPolqaSfbRecording_cut.wav,3.0,1.414213562,1.385929291,4
30150884_MinPolqaSfbRecording_cut.wav,3.4,1.140175425,0.999407825,5
29531975_MinPolqaSfbRecording_cut.wav,3.4,1.516575089,1.329336677,5
30082688_MinPolqaSfbRecording_cut.wav,3.8,0.836660027,0.733364848,5
30464748_MinPolqaSfbRecording_cut.wav,3.6,0.547722558,0.48009999,5
30440557_MinPolqaSfbRecording_cut.wav,3.0,0.707106781,0.619806421,5
28583341_MinPolqaSfbRecording_cut.wav,4.2,0.447213595,0.392,5
30071358_MinPolqaSfbRecording_cut.wav,3.2,1.303840481,1.142866571,5
30481137_MinPolqaSfbRecording_cut.wav,1.75,0.5,0.49,4
30143867_MinPolqaSfbRecording_cut.wav,2.0,0.816496581,0.800166649,4
28133919_MinPolqaSfbRecording_cut.wav,3.75,0.957427108,0.938278566,4
29540049_MinPolqaSfbRecording_cut.wav,1.0,0.0,0.0,4
30405297_MinPolqaSfbRecording_cut.wav,2.75,1.258305739,1.233139624,4
30487226_MinPolqaSfbRecording_cut.wav,2.25,1.258305739,1.233139624,4
28894156_MinPolqaSfbRecording_cut.wav,4.75,0.5,0.49,4
28900951_MinPolqaSfbRecording_cut.wav,3.4,1.140175425,0.999407825,5
30471798_MinPolqaSfbRecording_cut.wav,4.0,0.707106781,0.619806421,5
30122615_MinPolqaSfbRecording_cut.wav,3.4,0.894427191,0.784,5
30530854_MinPolqaSfbRecording_cut.wav,2.4,1.140175425,0.999407825,5
30437488_MinPolqaSfbRecording_cut.wav,2.4,1.140175425,0.999407825,5
30450618_MinPolqaSfbRecording_cut.wav,1.8,1.303840481,1.142866571,5
30259710_MinPolqaSfbRecording_cut.wav,3.333333333,0.577350269,0.653333333,3
30480571_MinPolqaSfbRecording_cut.wav,4.0,1.0,1.131606528,3
27746705_MinPolqaSfbRecording_cut.wav,4.666666667,0.577350269,0.653333333,3
30208842_MinPolqaSfbRecording_cut.wav,2.0,1.0,1.131606528,3
28291189_MinPolqaSfbRecording_cut.wav,4.333333333,0.577350269,0.653333333,3
30513913_MinPolqaSfbRecording_cut.wav,2.0,0.0,0.0,3
27813873_MinPolqaSfbRecording_cut.wav,4.666666667,0.577350269,0.653333333,3
28296457_MinPolqaSfbRecording_cut.wav,4.666666667,0.577350269,0.653333333,3
30519781_MinPolqaSfbRecording_cut.wav,1.4,0.894427191,0.784,5
30189548_MinPolqaSfbRecording_cut.wav,2.2,1.095445115,0.960199979,5
25947186_MinPolqaSfbRecording_cut.wav,3.4,0.547722558,0.48009999,5
29035878_MinPolqaSfbRecording_cut.wav,4.0,1.0,0.876538647,5
30529171_MinPolqaSfbRecording_cut.wav,3.6,0.547722558,0.48009999,5
30454250_MinPolqaSfbRecording_cut.wav,1.6,0.894427191,0.784,5
30159747_MinPolqaSfbRecording_cut.wav,1.8,1.303840481,1.142866571,5
30490401_MinPolqaSfbRecording_cut.wav,2.2,1.303840481,1.142866571,5
30064064_MinPolqaSfbRecording_cut.wav,4.8,0.447213595,0.392,5
30162503_MinPolqaSfbRecording_cut.wav,2.2,1.095445115,0.960199979,5
28328460_MinPolqaSfbRecording_cut.wav,4.4,0.547722558,0.48009999,5
27920009_MinPolqaSfbRecording_cut.wav,4.0,0.707106781,0.619806421,5
28170130_MinPolqaSfbRecording_cut.wav,4.2,0.836660027,0.733364848,5
30092808_MinPolqaSfbRecording_cut.wav,2.8,0.836660027,0.733364848,5
30120388_MinPolqaSfbRecording_cut.wav,2.2,0.836660027,0.733364848,5
30071445_MinPolqaSfbRecording_cut.wav,2.8,1.095445115,0.960199979,5
28150976_MinPolqaSfbRecording_cut.wav,4.25,0.957427108,0.938278566,4
28554249_MinPolqaSfbRecording_cut.wav,4.0,0.816496581,0.800166649,4
30515706_MinPolqaSfbRecording_cut.wav,4.25,0.957427108,0.938278566,4
30087567_MinPolqaSfbRecording_cut.wav,3.75,1.258305739,1.233139624,4
30124923_MinPolqaSfbRecording_cut.wav,4.0,0.816496581,0.800166649,4
30519926_MinPolqaSfbRecording_cut.wav,3.25,0.957427108,0.938278566,4
25958870_MinPolqaSfbRecording_cut.wav,3.75,0.5,0.49,4
30473138_MinPolqaSfbRecording_cut.wav,4.6,0.547722558,0.48009999,5
30174012_MinPolqaSfbRecording_cut.wav,3.6,0.547722558,0.48009999,5
30486353_MinPolqaSfbRecording_cut.wav,1.8,0.447213595,0.392,5
30405828_MinPolqaSfbRecording_cut.wav,3.8,0.836660027,0.733364848,5
30424830_MinPolqaSfbRecording_cut.wav,2.4,0.547722558,0.48009999,5
30174078_MinPolqaSfbRecording_cut.wav,4.4,0.894427191,0.784,5
29540277_MinPolqaSfbRecording_cut.wav,2.4,1.140175425,0.999407825,5
30083754_MinPolqaSfbRecording_cut.wav,4.0,0.816496581,0.800166649,4
30516295_MinPolqaSfbRecording_cut.wav,2.5,1.0,0.98,4
30530902_MinPolqaSfbRecording_cut.wav,3.75,0.5,0.49,4
28066904_MinPolqaSfbRecording_cut.wav,4.25,0.5,0.49,4
30100755_MinPolqaSfbRecording_cut.wav,2.5,1.290994449,1.26517456,4
30085456_MinPolqaSfbRecording_cut.wav,3.75,0.957427108,0.938278566,4
30059247_MinPolqaSfbRecording_cut.wav,3.75,0.5,0.49,4
30512987_MinPolqaSfbRecording_cut.wav,3.5,0.577350269,0.565803264,4
30071477_MinPolqaSfbRecording_cut.wav,4.25,0.957427108,0.938278566,4
30134068_MinPolqaSfbRecording_cut.wav,2.4,0.894427191,0.784,5
30522735_MinPolqaSfbRecording_cut.wav,3.4,1.140175425,0.999407825,5
30440219_MinPolqaSfbRecording_cut.wav,3.2,0.836660027,0.733364848,5
30516161_MinPolqaSfbRecording_cut.wav,2.4,0.547722558,0.48009999,5
30465953_MinPolqaSfbRecording_cut.wav,2.8,1.095445115,0.960199979,5
30138891_MinPolqaSfbRecording_cut.wav,4.0,0.707106781,0.619806421,5
30090874_MinPolqaSfbRecording_cut.wav,2.6,1.140175425,0.999407825,5
28919735_MinPolqaSfbRecording_cut.wav,4.0,0.707106781,0.619806421,5
30087695_MinPolqaSfbRecording_cut.wav,2.6,1.140175425,0.999407825,5
28505344_MinPolqaSfbRecording_cut.wav,3.6,0.894427191,0.784,5
30512248_MinPolqaSfbRecording_cut.wav,2.0,1.0,0.876538647,5
27868591_MinPolqaSfbRecording_cut.wav,4.2,0.836660027,0.733364848,5
30109790_MinPolqaSfbRecording_cut.wav,4.2,0.836660027,0.733364848,5
30103851_MinPolqaSfbRecording_cut.wav,2.0,0.707106781,0.619806421,5
30260867_MinPolqaSfbRecording_cut.wav,3.5,0.577350269,0.565803264,4
30417628_MinPolqaSfbRecording_cut.wav,3.25,0.957427108,0.938278566,4
30075806_MinPolqaSfbRecording_cut.wav,3.75,0.5,0.49,4
30511362_MinPolqaSfbRecording_cut.wav,2.75,0.5,0.49,4
30482112_MinPolqaSfbRecording_cut.wav,3.25,0.5,0.49,4
30434081_MinPolqaSfbRecording_cut.wav,3.5,0.577350269,0.565803264,4
30487757_MinPolqaSfbRecording_cut.wav,3.0,0.816496581,0.800166649,4
27852207_MinPolqaSfbRecording_cut.wav,3.5,1.0,0.98,4
30106301_MinPolqaSfbRecording_cut.wav,3.5,1.290994449,1.26517456,4
30411974_MinPolqaSfbRecording_cut.wav,3.75,0.957427108,0.938278566,4
30211377_MinPolqaSfbRecording_cut.wav,4.0,0.816496581,0.800166649,4
30175152_MinPolqaSfbRecording_cut.wav,3.25,0.957427108,0.938278566,4
30095931_MinPolqaSfbRecording_cut.wav,4.25,0.5,0.49,4
30137663_MinPolqaSfbRecording_cut.wav,2.75,1.5,1.47,4
30069938_MinPolqaSfbRecording_cut.wav,2.75,1.707825128,1.673668625,4
29530735_MinPolqaSfbRecording_cut.wav,3.75,0.957427108,0.938278566,4
30484848_MinPolqaSfbRecording_cut.wav,3.0,0.816496581,0.800166649,4
30444116_MinPolqaSfbRecording_cut.wav,3.25,0.5,0.49,4
30429035_MinPolqaSfbRecording_cut.wav,3.25,0.957427108,0.938278566,4
30502093_MinPolqaSfbRecording_cut.wav,2.5,1.290994449,1.26517456,4
30213507_MinPolqaSfbRecording_cut.wav,3.75,0.957427108,0.938278566,4
28863196_MinPolqaSfbRecording_cut.wav,3.5,0.577350269,0.565803264,4
28217753_MinPolqaSfbRecording_cut.wav,3.5,0.577350269,0.565803264,4
30150365_MinPolqaSfbRecording_cut.wav,3.25,0.5,0.49,4
30448908_MinPolqaSfbRecording_cut.wav,3.666666667,0.577350269,0.653333333,3
30497558_MinPolqaSfbRecording_cut.wav,3.666666667,1.154700538,1.306666667,3
30161597_MinPolqaSfbRecording_cut.wav,2.666666667,0.577350269,0.653333333,3
30207139_MinPolqaSfbRecording_cut.wav,4.0,1.0,1.131606528,3
30096552_MinPolqaSfbRecording_cut.wav,2.666666667,1.527525232,1.728557523,3
28242403_MinPolqaSfbRecording_cut.wav,4.0,1.0,1.131606528,3
30136192_MinPolqaSfbRecording_cut.wav,4.0,1.0,1.131606528,3
28426060_MinPolqaSfbRecording_cut.wav,4.0,1.0,1.131606528,3
28232638_MinPolqaSfbRecording_cut.wav,3.666666667,0.577350269,0.653333333,3
30130121_MinPolqaSfbRecording_cut.wav,2.666666667,1.154700538,1.306666667,3
30477892_MinPolqaSfbRecording_cut.wav,3.666666667,1.154700538,1.306666667,3
30092264_MinPolqaSfbRecording_cut.wav,3.0,1.0,1.131606528,3
28023172_MinPolqaSfbRecording_cut.wav,4.333333333,0.577350269,0.653333333,3
27795981_MinPolqaSfbRecording_cut.wav,3.333333333,0.577350269,0.653333333,3
30470135_MinPolqaSfbRecording_cut.wav,3.333333333,0.577350269,0.653333333,3
30502400_MinPolqaSfbRecording_cut.wav,2.333333333,0.577350269,0.653333333,3
30474806_MinPolqaSfbRecording_cut.wav,1.333333333,0.577350269,0.653333333,3
30064821_MinPolqaSfbRecording_cut.wav,3.4,0.547722558,0.48009999,5
30515096_MinPolqaSfbRecording_cut.wav,4.0,0.707106781,0.619806421,5
29534414_MinPolqaSfbRecording_cut.wav,3.0,0.707106781,0.619806421,5
30482738_MinPolqaSfbRecording_cut.wav,3.0,1.0,0.876538647,5
30530835_MinPolqaSfbRecording_cut.wav,3.4,0.894427191,0.784,5
30404879_MinPolqaSfbRecording_cut.wav,3.4,1.140175425,0.999407825,5
30158834_MinPolqaSfbRecording_cut.wav,2.8,0.836660027,0.733364848,5
30188957_MinPolqaSfbRecording_cut.wav,3.0,0.707106781,0.619806421,5
30250040_MinPolqaSfbRecording_cut.wav,2.4,0.547722558,0.48009999,5
27920503_MinPolqaSfbRecording_cut.wav,4.25,0.957427108,0.938278566,4
27897689_MinPolqaSfbRecording_cut.wav,4.5,0.577350269,0.565803264,4
30424918_MinPolqaSfbRecording_cut.wav,2.0,0.816496581,0.800166649,4
30171481_MinPolqaSfbRecording_cut.wav,2.75,1.258305739,1.233139624,4
30071709_MinPolqaSfbRecording_cut.wav,1.75,0.957427108,0.938278566,4
28889073_MinPolqaSfbRecording_cut.wav,3.75,0.957427108,0.938278566,4
30067319_MinPolqaSfbRecording_cut.wav,2.0,0.816496581,0.800166649,4
30206457_MinPolqaSfbRecording_cut.wav,3.8,0.836660027,0.733364848,5
27745641_MinPolqaSfbRecording_cut.wav,4.2,0.836660027,0.733364848,5
30511061_MinPolqaSfbRecording_cut.wav,3.0,1.0,0.876538647,5
30163103_MinPolqaSfbRecording_cut.wav,3.2,0.836660027,0.733364848,5
30430836_MinPolqaSfbRecording_cut.wav,2.8,0.836660027,0.733364848,5
30487548_MinPolqaSfbRecording_cut.wav,2.8,1.483239697,1.300116918,5
30188798_MinPolqaSfbRecording_cut.wav,4.2,0.836660027,0.733364848,5
28874142_MinPolqaSfbRecording_cut.wav,4.0,0.707106781,0.619806421,5
30430605_MinPolqaSfbRecording_cut.wav,4.0,0.0,0.0,4
30083069_MinPolqaSfbRecording_cut.wav,3.75,0.957427108,0.938278566,4
28838516_MinPolqaSfbRecording_cut.wav,4.5,0.577350269,0.565803264,4
30182564_MinPolqaSfbRecording_cut.wav,4.0,0.0,0.0,4
30197413_MinPolqaSfbRecording_cut.wav,2.0,0.816496581,0.800166649,4
30122521_MinPolqaSfbRecording_cut.wav,3.0,0.0,0.0,4
30451995_MinPolqaSfbRecording_cut.wav,3.0,1.0,1.131606528,3
28744993_MinPolqaSfbRecording_cut.wav,4.333333333,0.577350269,0.653333333,3
27957834_MinPolqaSfbRecording_cut.wav,3.333333333,0.577350269,0.653333333,3
30437353_MinPolqaSfbRecording_cut.wav,2.333333333,0.577350269,0.653333333,3
28868476_MinPolqaSfbRecording_cut.wav,2.333333333,0.577350269,0.653333333,3
30529758_MinPolqaSfbRecording_cut.wav,1.333333333,0.577350269,0.653333333,3
30247676_MinPolqaSfbRecording_cut.wav,3.333333333,1.154700538,1.306666667,3
27803286_MinPolqaSfbRecording_cut.wav,3.333333333,0.577350269,0.653333333,3
28917887_MinPolqaSfbRecording_cut.wav,3.666666667,0.577350269,0.653333333,3
29531717_MinPolqaSfbRecording_cut.wav,3.0,0.816496581,0.800166649,4
28042580_MinPolqaSfbRecording_cut.wav,4.0,0.816496581,0.800166649,4
28066573_MinPolqaSfbRecording_cut.wav,4.0,0.816496581,0.800166649,4
30098743_MinPolqaSfbRecording_cut.wav,3.5,0.577350269,0.565803264,4
30512998_MinPolqaSfbRecording_cut.wav,2.75,0.957427108,0.938278566,4
25918905_MinPolqaSfbRecording_cut.wav,4.5,0.577350269,0.565803264,4
30211911_MinPolqaSfbRecording_cut.wav,2.5,1.290994449,1.26517456,4
30408823_MinPolqaSfbRecording_cut.wav,4.25,0.5,0.49,4
29533801_MinPolqaSfbRecording_cut.wav,4.0,0.816496581,0.800166649,4
30205233_MinPolqaSfbRecording_cut.wav,3.0,0.0,0.0,4
27801349_MinPolqaSfbRecording_cut.wav,4.75,0.5,0.49,4
30209768_MinPolqaSfbRecording_cut.wav,2.75,0.5,0.49,4
30414639_MinPolqaSfbRecording_cut.wav,1.5,0.577350269,0.565803264,4
30466827_MinPolqaSfbRecording_cut.wav,3.25,0.5,0.49,4
30136598_MinPolqaSfbRecording_cut.wav,3.0,0.816496581,0.800166649,4
28470923_MinPolqaSfbRecording_cut.wav,4.5,0.707106781,0.98,2
30254627_MinPolqaSfbRecording_cut.wav,3.5,0.707106781,0.98,2
30522106_MinPolqaSfbRecording_cut.wav,3.5,0.707106781,0.98,2
30106420_MinPolqaSfbRecording_cut.wav,4.5,0.707106781,0.98,2
30058035_MinPolqaSfbRecording_cut.wav,4.0,0.0,0.0,2
30474485_MinPolqaSfbRecording_cut.wav,3.0,2.828427125,3.92,2
30135720_MinPolqaSfbRecording_cut.wav,4.0,0.0,0.0,2
30509001_MinPolqaSfbRecording_cut.wav,2.0,1.414213562,1.385929291,4
30449915_MinPolqaSfbRecording_cut.wav,2.5,1.0,0.98,4
30406609_MinPolqaSfbRecording_cut.wav,3.5,0.577350269,0.565803264,4
27511799_MinPolqaSfbRecording_cut.wav,4.0,0.816496581,0.800166649,4
30511060_MinPolqaSfbRecording_cut.wav,2.75,0.957427108,0.938278566,4
28673029_MinPolqaSfbRecording_cut.wav,4.25,0.5,0.49,4
30120960_MinPolqaSfbRecording_cut.wav,2.75,1.5,1.47,4
30529409_MinPolqaSfbRecording_cut.wav,3.5,0.577350269,0.565803264,4
28153344_MinPolqaSfbRecording_cut.wav,4.2,0.447213595,0.392,5
30193832_MinPolqaSfbRecording_cut.wav,2.6,1.341640786,1.176,5
30122610_MinPolqaSfbRecording_cut.wav,3.6,1.140175425,0.999407825,5
30416988_MinPolqaSfbRecording_cut.wav,3.2,0.447213595,0.392,5
28705879_MinPolqaSfbRecording_cut.wav,2.8,0.447213595,0.392,5
30262575_MinPolqaSfbRecording_cut.wav,3.0,0.707106781,0.619806421,5
30527338_MinPolqaSfbRecording_cut.wav,3.2,0.447213595,0.392,5
29530350_MinPolqaSfbRecording_cut.wav,2.4,0.547722558,0.48009999,5
30478972_MinPolqaSfbRecording_cut.wav,3.2,0.447213595,0.392,5
30254545_MinPolqaSfbRecording_cut.wav,2.0,1.224744871,1.073536213,5
30057979_MinPolqaSfbRecording_cut.wav,3.25,0.5,0.49,4
30467062_MinPolqaSfbRecording_cut.wav,3.75,0.5,0.49,4
30175019_MinPolqaSfbRecording_cut.wav,3.0,0.0,0.0,4
28769144_MinPolqaSfbRecording_cut.wav,4.0,0.0,0.0,4
30108163_MinPolqaSfbRecording_cut.wav,4.0,1.154700538,1.131606528,4
30469568_MinPolqaSfbRecording_cut.wav,3.25,0.5,0.49,4
29057140_MinPolqaSfbRecording_cut.wav,4.25,0.5,0.49,4
30165218_MinPolqaSfbRecording_cut.wav,3.0,0.0,0.0,4
29556457_MinPolqaSfbRecording_cut.wav,2.75,0.957427108,0.938278566,4
30097747_MinPolqaSfbRecording_cut.wav,2.75,0.5,0.49,4
30141631_MinPolqaSfbRecording_cut.wav,3.5,0.577350269,0.565803264,4
30069453_MinPolqaSfbRecording_cut.wav,3.0,0.816496581,0.800166649,4
27654884_MinPolqaSfbRecording_cut.wav,3.0,0.816496581,0.800166649,4
30474447_MinPolqaSfbRecording_cut.wav,3.0,0.0,0.0,4
30508778_MinPolqaSfbRecording_cut.wav,3.0,0.816496581,0.800166649,4
30137434_MinPolqaSfbRecording_cut.wav,2.25,1.5,1.47,4
27965437_MinPolqaSfbRecording_cut.wav,4.25,0.5,0.49,4
30135882_MinPolqaSfbRecording_cut.wav,2.5,1.290994449,1.26517456,4
30426596_MinPolqaSfbRecording_cut.wav,2.25,0.5,0.49,4
30075673_MinPolqaSfbRecording_cut.wav,4.25,0.5,0.49,4
30106894_MinPolqaSfbRecording_cut.wav,4.25,0.5,0.49,4
30127748_MinPolqaSfbRecording_cut.wav,2.5,1.0,0.98,4
27823957_MinPolqaSfbRecording_cut.wav,4.0,0.816496581,0.800166649,4
30060229_MinPolqaSfbRecording_cut.wav,2.0,0.816496581,0.800166649,4
28682895_MinPolqaSfbRecording_cut.wav,4.25,0.5,0.49,4
30256885_MinPolqaSfbRecording_cut.wav,2.5,0.577350269,0.565803264,4
30192852_MinPolqaSfbRecording_cut.wav,3.5,1.0,0.98,4
28850490_MinPolqaSfbRecording_cut.wav,3.75,0.5,0.49,4
30082950_MinPolqaSfbRecording_cut.wav,2.5,0.577350269,0.565803264,4
30474739_MinPolqaSfbRecording_cut.wav,2.25,0.5,0.49,4
30463393_MinPolqaSfbRecording_cut.wav,3.5,0.577350269,0.565803264,4
30263327_MinPolqaSfbRecording_cut.wav,4.5,0.577350269,0.565803264,4
30492820_MinPolqaSfbRecording_cut.wav,4.8,0.447213595,0.392,5
30118433_MinPolqaSfbRecording_cut.wav,2.8,1.095445115,0.960199979,5
30483593_MinPolqaSfbRecording_cut.wav,2.6,0.547722558,0.48009999,5
30080779_MinPolqaSfbRecording_cut.wav,3.6,0.894427191,0.784,5
30466133_MinPolqaSfbRecording_cut.wav,3.2,0.447213595,0.392,5
30110680_MinPolqaSfbRecording_cut.wav,3.2,0.836660027,0.733364848,5
30065347_MinPolqaSfbRecording_cut.wav,4.2,0.836660027,0.733364848,5
30109113_MinPolqaSfbRecording_cut.wav,2.6,1.341640786,1.176,5
30142571_MinPolqaSfbRecording_cut.wav,3.6,0.547722558,0.48009999,5
30138599_MinPolqaSfbRecording_cut.wav,3.0,0.816496581,0.800166649,4
27678135_MinPolqaSfbRecording_cut.wav,3.75,0.957427108,0.938278566,4
30073229_MinPolqaSfbRecording_cut.wav,3.5,1.0,0.98,4
27626044_MinPolqaSfbRecording_cut.wav,3.75,0.957427108,0.938278566,4
30133065_MinPolqaSfbRecording_cut.wav,4.5,0.577350269,0.565803264,4
30474409_MinPolqaSfbRecording_cut.wav,2.5,0.577350269,0.565803264,4
30250418_MinPolqaSfbRecording_cut.wav,2.0,1.154700538,1.131606528,4
30068142_MinPolqaSfbRecording_cut.wav,3.75,0.957427108,0.938278566,4
30211937_MinPolqaSfbRecording_cut.wav,3.0,0.816496581,0.800166649,4
29539724_MinPolqaSfbRecording_cut.wav,3.5,1.0,0.98,4
29052560_MinPolqaSfbRecording_cut.wav,3.75,0.5,0.49,4
30477845_MinPolqaSfbRecording_cut.wav,3.75,0.5,0.49,4
30423410_MinPolqaSfbRecording_cut.wav,3.5,1.0,0.98,4
30492747_MinPolqaSfbRecording_cut.wav,3.25,0.957427108,0.938278566,4
30516212_MinPolqaSfbRecording_cut.wav,2.25,0.5,0.49,4
30108509_MinPolqaSfbRecording_cut.wav,3.75,0.5,0.49,4
30461035_MinPolqaSfbRecording_cut.wav,3.75,0.5,0.49,4
30468093_MinPolqaSfbRecording_cut.wav,3.75,0.5,0.49,4
30506836_MinPolqaSfbRecording_cut.wav,1.75,0.5,0.49,4
30100400_MinPolqaSfbRecording_cut.wav,1.75,0.957427108,0.938278566,4
30257597_MinPolqaSfbRecording_cut.wav,4.5,0.577350269,0.565803264,4
30105087_MinPolqaSfbRecording_cut.wav,2.5,0.577350269,0.565803264,4
30211815_MinPolqaSfbRecording_cut.wav,2.0,1.154700538,1.131606528,4
30405115_MinPolqaSfbRecording_cut.wav,3.75,1.258305739,1.233139624,4
30186018_MinPolqaSfbRecording_cut.wav,1.25,0.5,0.49,4
30422913_MinPolqaSfbRecording_cut.wav,4.0,0.816496581,0.800166649,4
28449199_MinPolqaSfbRecording_cut.wav,4.6,0.547722558,0.48009999,5
30257158_MinPolqaSfbRecording_cut.wav,2.0,1.224744871,1.073536213,5
28840284_MinPolqaSfbRecording_cut.wav,4.8,0.447213595,0.392,5
30508081_MinPolqaSfbRecording_cut.wav,3.8,0.836660027,0.733364848,5
30081410_MinPolqaSfbRecording_cut.wav,3.6,0.547722558,0.48009999,5
30109571_MinPolqaSfbRecording_cut.wav,3.0,1.0,1.131606528,3
30253432_MinPolqaSfbRecording_cut.wav,2.666666667,0.577350269,0.653333333,3
30504747_MinPolqaSfbRecording_cut.wav,3.0,0.0,0.0,3
30179047_MinPolqaSfbRecording_cut.wav,1.666666667,1.154700538,1.306666667,3
30504695_MinPolqaSfbRecording_cut.wav,2.333333333,0.577350269,0.653333333,3
30523876_MinPolqaSfbRecording_cut.wav,2.0,1.0,1.131606528,3
30519979_MinPolqaSfbRecording_cut.wav,2.0,1.0,1.131606528,3
30133024_MinPolqaSfbRecording_cut.wav,3.333333333,0.577350269,0.653333333,3
28842835_MinPolqaSfbRecording_cut.wav,3.6,0.547722558,0.48009999,5
30107963_MinPolqaSfbRecording_cut.wav,2.4,0.547722558,0.48009999,5
30182409_MinPolqaSfbRecording_cut.wav,2.6,0.547722558,0.48009999,5
28025311_MinPolqaSfbRecording_cut.wav,2.8,0.836660027,0.733364848,5
30086699_MinPolqaSfbRecording_cut.wav,2.6,0.547722558,0.48009999,5
30423847_MinPolqaSfbRecording_cut.wav,4.2,0.447213595,0.392,5
30099371_MinPolqaSfbRecording_cut.wav,3.0,0.707106781,0.619806421,5
29538598_MinPolqaSfbRecording_cut.wav,2.0,1.0,0.876538647,5
28269564_MinPolqaSfbRecording_cut.wav,3.8,0.447213595,0.392,5
28011172_MinPolqaSfbRecording_cut.wav,4.2,0.447213595,0.392,5
27601811_MinPolqaSfbRecording_cut.wav,4.0,0.707106781,0.619806421,5
30204913_MinPolqaSfbRecording_cut.wav,4.0,0.0,0.0,5
30092852_MinPolqaSfbRecording_cut.wav,3.4,0.547722558,0.48009999,5
27903037_MinPolqaSfbRecording_cut.wav,4.2,0.836660027,0.733364848,5
27144691_MinPolqaSfbRecording_cut.wav,4.2,1.095445115,0.960199979,5
30206779_MinPolqaSfbRecording_cut.wav,3.4,0.547722558,0.48009999,5
30141563_MinPolqaSfbRecording_cut.wav,3.4,0.894427191,0.784,5
30195946_MinPolqaSfbRecording_cut.wav,2.8,1.303840481,1.142866571,5
30512727_MinPolqaSfbRecording_cut.wav,3.25,0.957427108,0.938278566,4
29542048_MinPolqaSfbRecording_cut.wav,3.5,0.577350269,0.565803264,4
27785787_MinPolqaSfbRecording_cut.wav,4.25,0.5,0.49,4
29536586_MinPolqaSfbRecording_cut.wav,3.5,0.577350269,0.565803264,4
30160620_MinPolqaSfbRecording_cut.wav,3.0,0.0,0.0,4
28260946_MinPolqaSfbRecording_cut.wav,3.75,0.5,0.49,4
30185447_MinPolqaSfbRecording_cut.wav,2.0,0.0,0.0,4
30083193_MinPolqaSfbRecording_cut.wav,2.75,0.5,0.49,4
30508767_MinPolqaSfbRecording_cut.wav,3.0,0.0,0.0,4
30432355_MinPolqaSfbRecording_cut.wav,3.333333333,1.154700538,1.306666667,3
30430668_MinPolqaSfbRecording_cut.wav,4.333333333,0.577350269,0.653333333,3
30060758_MinPolqaSfbRecording_cut.wav,3.666666667,0.577350269,0.653333333,3
28589300_MinPolqaSfbRecording_cut.wav,4.333333333,0.577350269,0.653333333,3
30487893_MinPolqaSfbRecording_cut.wav,3.666666667,0.577350269,0.653333333,3
28035663_MinPolqaSfbRecording_cut.wav,2.333333333,1.154700538,1.306666667,3
30263868_MinPolqaSfbRecording_cut.wav,3.666666667,0.577350269,0.653333333,3
30528101_MinPolqaSfbRecording_cut.wav,3.333333333,2.081665999,2.355626833,3
28173983_MinPolqaSfbRecording_cut.wav,3.666666667,1.527525232,1.728557523,3
30154827_MinPolqaSfbRecording_cut.wav,3.666666667,0.577350269,0.653333333,3
29537538_MinPolqaSfbRecording_cut.wav,3.333333333,0.577350269,0.653333333,3
30497431_MinPolqaSfbRecording_cut.wav,3.666666667,0.577350269,0.653333333,3
30200300_MinPolqaSfbRecording_cut.wav,3.666666667,0.577350269,0.653333333,3
30450225_MinPolqaSfbRecording_cut.wav,1.666666667,1.154700538,1.306666667,3
30207733_MinPolqaSfbRecording_cut.wav,3.0,1.0,1.131606528,3
30262780_MinPolqaSfbRecording_cut.wav,3.666666667,0.577350269,0.653333333,3
30407586_MinPolqaSfbRecording_cut.wav,4.0,0.816496581,0.800166649,4
30146563_MinPolqaSfbRecording_cut.wav,3.0,1.632993162,1.600333299,4
30439471_MinPolqaSfbRecording_cut.wav,3.25,1.707825128,1.673668625,4
30091073_MinPolqaSfbRecording_cut.wav,2.5,1.290994449,1.26517456,4
30514135_MinPolqaSfbRecording_cut.wav,2.0,1.414213562,1.385929291,4
30456702_MinPolqaSfbRecording_cut.wav,3.0,0.816496581,0.800166649,4
28539637_MinPolqaSfbRecording_cut.wav,2.75,0.957427108,0.938278566,4
28490444_MinPolqaSfbRecording_cut.wav,3.0,1.825741858,1.789227021,4
30133771_MinPolqaSfbRecording_cut.wav,2.4,1.949358869,1.708688386,5
30422885_MinPolqaSfbRecording_cut.wav,2.2,1.788854382,1.568,5
30198586_MinPolqaSfbRecording_cut.wav,4.0,0.707106781,0.619806421,5
30178385_MinPolqaSfbRecording_cut.wav,3.8,0.447213595,0.392,5
29542188_MinPolqaSfbRecording_cut.wav,4.0,0.707106781,0.619806421,5
30174077_MinPolqaSfbRecording_cut.wav,4.2,0.447213595,0.392,5
30095953_MinPolqaSfbRecording_cut.wav,3.4,0.894427191,0.784,5
30161411_MinPolqaSfbRecording_cut.wav,4.0,0.0,0.0,5
30079458_MinPolqaSfbRecording_cut.wav,2.8,0.447213595,0.392,5
30457155_MinPolqaSfbRecording_cut.wav,2.6,0.547722558,0.48009999,5
27653899_MinPolqaSfbRecording_cut.wav,3.2,0.836660027,0.733364848,5
30451192_MinPolqaSfbRecording_cut.wav,2.4,0.894427191,0.784,5
30475195_MinPolqaSfbRecording_cut.wav,2.4,0.547722558,0.48009999,5
30259156_MinPolqaSfbRecording_cut.wav,3.4,0.547722558,0.48009999,5
30083573_MinPolqaSfbRecording_cut.wav,2.8,0.447213595,0.392,5
27673574_MinPolqaSfbRecording_cut.wav,3.8,0.836660027,0.733364848,5
30084122_MinPolqaSfbRecording_cut.wav,4.2,0.836660027,0.733364848,5
28046639_MinPolqaSfbRecording_cut.wav,5.0,0.0,0.0,5
30428415_MinPolqaSfbRecording_cut.wav,2.2,0.836660027,0.733364848,5
30510221_MinPolqaSfbRecording_cut.wav,1.8,0.447213595,0.392,5
30489876_MinPolqaSfbRecording_cut.wav,4.0,0.707106781,0.619806421,5
30189153_MinPolqaSfbRecording_cut.wav,1.8,0.836660027,0.733364848,5
30102988_MinPolqaSfbRecording_cut.wav,2.6,0.547722558,0.48009999,5
30512561_MinPolqaSfbRecording_cut.wav,3.2,0.836660027,0.733364848,5
30129129_MinPolqaSfbRecording_cut.wav,3.4,0.547722558,0.48009999,5
30123089_MinPolqaSfbRecording_cut.wav,3.8,0.836660027,0.733364848,5
30098260_MinPolqaSfbRecording_cut.wav,4.0,0.707106781,0.619806421,5
30147713_MinPolqaSfbRecording_cut.wav,4.2,1.303840481,1.142866571,5
30480117_MinPolqaSfbRecording_cut.wav,3.6,1.140175425,0.999407825,5
30249576_MinPolqaSfbRecording_cut.wav,4.0,1.224744871,1.073536213,5
30154765_MinPolqaSfbRecording_cut.wav,3.2,1.303840481,1.142866571,5
30071482_MinPolqaSfbRecording_cut.wav,4.2,0.836660027,0.733364848,5
29556366_MinPolqaSfbRecording_cut.wav,3.6,0.894427191,0.784,5
30126784_MinPolqaSfbRecording_cut.wav,3.5,1.290994449,1.26517456,4
30426869_MinPolqaSfbRecording_cut.wav,4.25,0.5,0.49,4
30484907_MinPolqaSfbRecording_cut.wav,3.5,1.0,0.98,4
27962042_MinPolqaSfbRecording_cut.wav,3.5,0.577350269,0.565803264,4
30158355_MinPolqaSfbRecording_cut.wav,3.5,1.0,0.98,4
30511706_MinPolqaSfbRecording_cut.wav,3.0,1.825741858,1.789227021,4
28341960_MinPolqaSfbRecording_cut.wav,4.0,0.816496581,0.800166649,4
29535909_MinPolqaSfbRecording_cut.wav,3.75,0.5,0.49,4
30472289_MinPolqaSfbRecording_cut.wav,3.75,0.957427108,0.938278566,4
30122675_MinPolqaSfbRecording_cut.wav,3.6,1.140175425,0.999407825,5
28195994_MinPolqaSfbRecording_cut.wav,4.6,0.547722558,0.48009999,5
27941126_MinPolqaSfbRecording_cut.wav,4.0,1.224744871,1.073536213,5
30207719_MinPolqaSfbRecording_cut.wav,3.6,1.140175425,0.999407825,5
30156096_MinPolqaSfbRecording_cut.wav,4.2,0.836660027,0.733364848,5
30200926_MinPolqaSfbRecording_cut.wav,3.0,1.414213562,1.239612843,5
30066622_MinPolqaSfbRecording_cut.wav,3.6,1.140175425,0.999407825,5
30208198_MinPolqaSfbRecording_cut.wav,3.4,1.140175425,0.999407825,5
27681573_MinPolqaSfbRecording_cut.wav,4.4,0.547722558,0.48009999,5
29057853_MinPolqaSfbRecording_cut.wav,4.0,0.0,0.0,3
30162402_MinPolqaSfbRecording_cut.wav,2.666666667,1.154700538,1.306666667,3
27638423_MinPolqaSfbRecording_cut.wav,4.333333333,0.577350269,0.653333333,3
30249442_MinPolqaSfbRecording_cut.wav,2.333333333,1.527525232,1.728557523,3
28309865_MinPolqaSfbRecording_cut.wav,4.333333333,0.577350269,0.653333333,3
28921396_MinPolqaSfbRecording_cut.wav,4.333333333,0.577350269,0.653333333,3
30257311_MinPolqaSfbRecording_cut.wav,2.666666667,0.577350269,0.653333333,3
30528945_MinPolqaSfbRecording_cut.wav,3.0,0.0,0.0,3
27870704_MinPolqaSfbRecording_cut.wav,3.0,1.0,1.131606528,3
30211029_MinPolqaSfbRecording_cut.wav,3.6,1.140175425,0.999407825,5
29556379_MinPolqaSfbRecording_cut.wav,2.0,0.707106781,0.619806421,5
30127648_MinPolqaSfbRecording_cut.wav,4.4,0.547722558,0.48009999,5
30179344_MinPolqaSfbRecording_cut.wav,3.4,0.547722558,0.48009999,5
30157761_MinPolqaSfbRecording_cut.wav,2.6,1.341640786,1.176,5
30127982_MinPolqaSfbRecording_cut.wav,2.6,0.894427191,0.784,5
30180748_MinPolqaSfbRecording_cut.wav,2.4,1.140175425,0.999407825,5
27758679_MinPolqaSfbRecording_cut.wav,3.0,0.707106781,0.619806421,5
30140695_MinPolqaSfbRecording_cut.wav,2.8,0.836660027,0.733364848,5
30200776_MinPolqaSfbRecording_cut.wav,2.2,1.095445115,0.960199979,5
28303535_MinPolqaSfbRecording_cut.wav,3.4,0.547722558,0.48009999,5
27942611_MinPolqaSfbRecording_cut.wav,4.0,0.707106781,0.619806421,5
30129750_MinPolqaSfbRecording_cut.wav,1.6,0.894427191,0.784,5
30083551_MinPolqaSfbRecording_cut.wav,2.8,0.836660027,0.733364848,5
30257497_MinPolqaSfbRecording_cut.wav,2.4,0.894427191,0.784,5
30080403_MinPolqaSfbRecording_cut.wav,4.0,1.414213562,1.96,2
30185658_MinPolqaSfbRecording_cut.wav,2.0,1.414213562,1.96,2
27872483_MinPolqaSfbRecording_cut.wav,4.0,0.0,0.0,2
30174751_MinPolqaSfbRecording_cut.wav,4.0,0.0,0.0,2
30462461_MinPolqaSfbRecording_cut.wav,3.0,0.0,0.0,2
30523195_MinPolqaSfbRecording_cut.wav,3.5,0.707106781,0.98,2
30479547_MinPolqaSfbRecording_cut.wav,3.5,0.707106781,0.98,2
30429609_MinPolqaSfbRecording_cut.wav,2.5,0.707106781,0.98,2
30121451_MinPolqaSfbRecording_cut.wav,2.6,1.516575089,1.329336677,5
28642178_MinPolqaSfbRecording_cut.wav,4.0,0.707106781,0.619806421,5
30073467_MinPolqaSfbRecording_cut.wav,3.0,1.0,0.876538647,5
30417027_MinPolqaSfbRecording_cut.wav,3.6,0.894427191,0.784,5
30126268_MinPolqaSfbRecording_cut.wav,2.8,0.836660027,0.733364848,5
30140995_MinPolqaSfbRecording_cut.wav,4.0,0.707106781,0.619806421,5
30133020_MinPolqaSfbRecording_cut.wav,3.4,0.894427191,0.784,5
30257237_MinPolqaSfbRecording_cut.wav,3.0,1.414213562,1.239612843,5
30416455_MinPolqaSfbRecording_cut.wav,2.8,0.836660027,0.733364848,5
29533646_MinPolqaSfbRecording_cut.wav,3.0,0.816496581,0.800166649,4
28978492_MinPolqaSfbRecording_cut.wav,3.75,1.892969449,1.85511006,4
28723914_MinPolqaSfbRecording_cut.wav,4.5,1.0,0.98,4
30078914_MinPolqaSfbRecording_cut.wav,3.5,1.0,0.98,4
29541574_MinPolqaSfbRecording_cut.wav,3.5,1.290994449,1.26517456,4
30458495_MinPolqaSfbRecording_cut.wav,2.5,1.0,0.98,4
30457608_MinPolqaSfbRecording_cut.wav,3.5,1.0,0.98,4
30090454_MinPolqaSfbRecording_cut.wav,4.75,0.5,0.49,4
30473736_MinPolqaSfbRecording_cut.wav,3.5,1.0,0.98,4
28937040_MinPolqaSfbRecording_cut.wav,3.75,0.5,0.49,4
30446268_MinPolqaSfbRecording_cut.wav,3.5,1.290994449,1.26517456,4
30437341_MinPolqaSfbRecording_cut.wav,2.25,1.5,1.47,4
30462703_MinPolqaSfbRecording_cut.wav,1.75,0.5,0.49,4
30149736_MinPolqaSfbRecording_cut.wav,2.0,1.154700538,1.131606528,4
30442109_MinPolqaSfbRecording_cut.wav,3.5,0.577350269,0.565803264,4
30109583_MinPolqaSfbRecording_cut.wav,3.0,1.58113883,1.385929291,5
30450570_MinPolqaSfbRecording_cut.wav,4.2,0.447213595,0.392,5
30423509_MinPolqaSfbRecording_cut.wav,3.0,1.0,0.876538647,5
28785317_MinPolqaSfbRecording_cut.wav,4.4,0.547722558,0.48009999,5
30151963_MinPolqaSfbRecording_cut.wav,2.8,0.836660027,0.733364848,5
30111591_MinPolqaSfbRecording_cut.wav,4.0,0.707106781,0.619806421,5
27856008_MinPolqaSfbRecording_cut.wav,4.4,0.547722558,0.48009999,5
30184341_MinPolqaSfbRecording_cut.wav,3.25,1.258305739,1.233139624,4
28321145_MinPolqaSfbRecording_cut.wav,4.25,0.5,0.49,4
30155451_MinPolqaSfbRecording_cut.wav,3.25,0.5,0.49,4
28090550_MinPolqaSfbRecording_cut.wav,3.75,0.957427108,0.938278566,4
30206092_MinPolqaSfbRecording_cut.wav,2.5,1.0,0.98,4
30092126_MinPolqaSfbRecording_cut.wav,2.5,1.290994449,1.26517456,4
30523222_MinPolqaSfbRecording_cut.wav,2.75,1.258305739,1.233139624,4
30481408_MinPolqaSfbRecording_cut.wav,3.75,0.957427108,0.938278566,4
30212531_MinPolqaSfbRecording_cut.wav,3.5,1.290994449,1.26517456,4
27559590_MinPolqaSfbRecording_cut.wav,4.25,0.5,0.49,4
28067702_MinPolqaSfbRecording_cut.wav,5.0,0.0,0.0,4
30126250_MinPolqaSfbRecording_cut.wav,2.25,0.957427108,0.938278566,4
30206608_MinPolqaSfbRecording_cut.wav,4.25,0.5,0.49,4
30421892_MinPolqaSfbRecording_cut.wav,3.25,0.957427108,0.938278566,4
30210949_MinPolqaSfbRecording_cut.wav,4.5,0.577350269,0.565803264,4
30502499_MinPolqaSfbRecording_cut.wav,3.75,0.5,0.49,4
28170006_MinPolqaSfbRecording_cut.wav,4.0,0.707106781,0.619806421,5
30192779_MinPolqaSfbRecording_cut.wav,3.4,1.140175425,0.999407825,5
30454816_MinPolqaSfbRecording_cut.wav,3.0,1.224744871,1.073536213,5
30086685_MinPolqaSfbRecording_cut.wav,3.6,1.140175425,0.999407825,5
30097134_MinPolqaSfbRecording_cut.wav,3.2,1.303840481,1.142866571,5
29544384_MinPolqaSfbRecording_cut.wav,3.2,0.447213595,0.392,5
30516488_MinPolqaSfbRecording_cut.wav,3.2,1.095445115,0.960199979,5
30176875_MinPolqaSfbRecording_cut.wav,3.2,0.836660027,0.733364848,5
30066602_MinPolqaSfbRecording_cut.wav,3.2,1.095445115,0.960199979,5
30082114_MinPolqaSfbRecording_cut.wav,2.75,1.258305739,1.233139624,4
30137092_MinPolqaSfbRecording_cut.wav,3.75,0.5,0.49,4
30128719_MinPolqaSfbRecording_cut.wav,3.75,1.258305739,1.233139624,4
30078559_MinPolqaSfbRecording_cut.wav,2.75,1.707825128,1.673668625,4
30513003_MinPolqaSfbRecording_cut.wav,3.75,0.5,0.49,4
28168286_MinPolqaSfbRecording_cut.wav,4.5,0.577350269,0.565803264,4
30255125_MinPolqaSfbRecording_cut.wav,3.5,1.0,0.98,4
30069389_MinPolqaSfbRecording_cut.wav,1.666666667,0.577350269,0.653333333,3
30154138_MinPolqaSfbRecording_cut.wav,3.0,1.0,1.131606528,3
30467428_MinPolqaSfbRecording_cut.wav,4.0,0.0,0.0,3
30072974_MinPolqaSfbRecording_cut.wav,3.333333333,0.577350269,0.653333333,3
27835864_MinPolqaSfbRecording_cut.wav,4.333333333,0.577350269,0.653333333,3
30414602_MinPolqaSfbRecording_cut.wav,2.333333333,1.527525232,1.728557523,3
30210881_MinPolqaSfbRecording_cut.wav,3.0,0.0,0.0,3
30260971_MinPolqaSfbRecording_cut.wav,4.333333333,0.577350269,0.653333333,3
30449435_MinPolqaSfbRecording_cut.wav,3.333333333,1.527525232,1.728557523,3
30148485_MinPolqaSfbRecording_cut.wav,2.8,0.447213595,0.392,5
30254124_MinPolqaSfbRecording_cut.wav,3.0,1.0,0.876538647,5
28624920_MinPolqaSfbRecording_cut.wav,3.2,0.447213595,0.392,5
30466379_MinPolqaSfbRecording_cut.wav,3.4,0.547722558,0.48009999,5
30076588_MinPolqaSfbRecording_cut.wav,3.6,0.547722558,0.48009999,5
28716725_MinPolqaSfbRecording_cut.wav,3.4,0.547722558,0.48009999,5
30425303_MinPolqaSfbRecording_cut.wav,1.6,1.341640786,1.176,5
30165131_MinPolqaSfbRecording_cut.wav,1.6,1.341640786,1.176,5
30078876_MinPolqaSfbRecording_cut.wav,4.5,0.707106781,0.98,2
30067619_MinPolqaSfbRecording_cut.wav,4.0,1.414213562,1.96,2
30140662_MinPolqaSfbRecording_cut.wav,4.0,1.414213562,1.96,2
30120205_MinPolqaSfbRecording_cut.wav,4.5,0.707106781,0.98,2
28779590_MinPolqaSfbRecording_cut.wav,4.5,0.707106781,0.98,2
30083954_MinPolqaSfbRecording_cut.wav,3.0,2.828427125,3.92,2
30130327_MinPolqaSfbRecording_cut.wav,3.5,0.707106781,0.98,2
30147427_MinPolqaSfbRecording_cut.wav,2.0,0.816496581,0.800166649,4
28856063_MinPolqaSfbRecording_cut.wav,4.0,0.816496581,0.800166649,4
30445384_MinPolqaSfbRecording_cut.wav,2.75,0.957427108,0.938278566,4
30472578_MinPolqaSfbRecording_cut.wav,3.25,0.957427108,0.938278566,4
30200774_MinPolqaSfbRecording_cut.wav,2.0,0.816496581,0.800166649,4
30083816_MinPolqaSfbRecording_cut.wav,4.0,0.816496581,0.800166649,4
30510219_MinPolqaSfbRecording_cut.wav,1.5,0.577350269,0.565803264,4
30063289_MinPolqaSfbRecording_cut.wav,3.0,0.816496581,0.800166649,4
28781347_MinPolqaSfbRecording_cut.wav,4.5,0.577350269,0.565803264,4
30470627_MinPolqaSfbRecording_cut.wav,2.5,1.914854216,1.876557131,4
30485649_MinPolqaSfbRecording_cut.wav,3.5,1.0,0.98,4
30090826_MinPolqaSfbRecording_cut.wav,4.0,1.414213562,1.385929291,4
28417505_MinPolqaSfbRecording_cut.wav,4.25,1.5,1.47,4
29532399_MinPolqaSfbRecording_cut.wav,3.25,1.258305739,1.233139624,4
28196366_MinPolqaSfbRecording_cut.wav,4.0,0.816496581,0.800166649,4
28325144_MinPolqaSfbRecording_cut.wav,4.0,1.154700538,1.131606528,4
28426769_MinPolqaSfbRecording_cut.wav,4.333333333,0.577350269,0.653333333,3
30103301_MinPolqaSfbRecording_cut.wav,3.333333333,2.081665999,2.355626833,3
30466901_MinPolqaSfbRecording_cut.wav,4.0,1.0,1.131606528,3
30101991_MinPolqaSfbRecording_cut.wav,3.666666667,0.577350269,0.653333333,3
30156814_MinPolqaSfbRecording_cut.wav,3.333333333,1.154700538,1.306666667,3
28008188_MinPolqaSfbRecording_cut.wav,4.333333333,0.577350269,0.653333333,3
30428223_MinPolqaSfbRecording_cut.wav,4.0,1.0,1.131606528,3
30473325_MinPolqaSfbRecording_cut.wav,3.666666667,2.309401077,2.613333333,3
30119465_MinPolqaSfbRecording_cut.wav,3.666666667,1.154700538,1.306666667,3
30174108_MinPolqaSfbRecording_cut.wav,3.666666667,1.527525232,1.728557523,3
30069088_MinPolqaSfbRecording_cut.wav,4.333333333,0.577350269,0.653333333,3
30479644_MinPolqaSfbRecording_cut.wav,3.0,1.0,1.131606528,3
30105141_MinPolqaSfbRecording_cut.wav,3.666666667,0.577350269,0.653333333,3
30488678_MinPolqaSfbRecording_cut.wav,4.0,0.0,0.0,3
29053123_MinPolqaSfbRecording_cut.wav,4.0,1.0,1.131606528,3
30251637_MinPolqaSfbRecording_cut.wav,3.666666667,0.577350269,0.653333333,3
30151477_MinPolqaSfbRecording_cut.wav,3.666666667,1.154700538,1.306666667,3
30117282_MinPolqaSfbRecording_cut.wav,3.4,1.140175425,0.999407825,5
30174748_MinPolqaSfbRecording_cut.wav,3.8,0.836660027,0.733364848,5
30255202_MinPolqaSfbRecording_cut.wav,4.0,0.707106781,0.619806421,5
30179755_MinPolqaSfbRecording_cut.wav,3.4,0.547722558,0.48009999,5
30118058_MinPolqaSfbRecording_cut.wav,4.4,0.547722558,0.48009999,5
27885754_MinPolqaSfbRecording_cut.wav,4.6,0.547722558,0.48009999,5
28306220_MinPolqaSfbRecording_cut.wav,4.2,0.447213595,0.392,5
30066013_MinPolqaSfbRecording_cut.wav,3.8,0.836660027,0.733364848,5
28791439_MinPolqaSfbRecording_cut.wav,4.6,0.547722558,0.48009999,5
28227957_MinPolqaSfbRecording_cut.wav,3.2,1.483239697,1.300116918,5
30076314_MinPolqaSfbRecording_cut.wav,4.666666667,0.577350269,0.653333333,3
30081307_MinPolqaSfbRecording_cut.wav,3.333333333,0.577350269,0.653333333,3
30139341_MinPolqaSfbRecording_cut.wav,3.666666667,1.527525232,1.728557523,3
28269961_MinPolqaSfbRecording_cut.wav,3.333333333,0.577350269,0.653333333,3
30107614_MinPolqaSfbRecording_cut.wav,2.333333333,1.154700538,1.306666667,3
30480684_MinPolqaSfbRecording_cut.wav,4.0,1.0,1.131606528,3
30257314_MinPolqaSfbRecording_cut.wav,3.333333333,0.577350269,0.653333333,3
30471654_MinPolqaSfbRecording_cut.wav,5.0,0.0,0.0,3
29057608_MinPolqaSfbRecording_cut.wav,3.75,0.957427108,0.938278566,4
30200847_MinPolqaSfbRecording_cut.wav,1.0,0.0,0.0,4
28260842_MinPolqaSfbRecording_cut.wav,3.5,0.577350269,0.565803264,4
30075991_MinPolqaSfbRecording_cut.wav,3.0,0.816496581,0.800166649,4
30481933_MinPolqaSfbRecording_cut.wav,2.5,0.577350269,0.565803264,4
30442334_MinPolqaSfbRecording_cut.wav,3.25,0.5,0.49,4
30431702_MinPolqaSfbRecording_cut.wav,2.5,0.577350269,0.565803264,4
29537078_MinPolqaSfbRecording_cut.wav,2.5,0.577350269,0.565803264,4
30252674_MinPolqaSfbRecording_cut.wav,2.0,0.0,0.0,4
30182365_MinPolqaSfbRecording_cut.wav,4.0,0.0,0.0,4
30078751_MinPolqaSfbRecording_cut.wav,3.25,1.707825128,1.673668625,4
28833043_MinPolqaSfbRecording_cut.wav,4.0,0.816496581,0.800166649,4
30467484_MinPolqaSfbRecording_cut.wav,4.25,0.5,0.49,4
30138856_MinPolqaSfbRecording_cut.wav,3.5,1.290994449,1.26517456,4
27606202_MinPolqaSfbRecording_cut.wav,3.75,0.957427108,0.938278566,4
30508933_MinPolqaSfbRecording_cut.wav,3.75,0.5,0.49,4
30113287_MinPolqaSfbRecording_cut.wav,3.5,1.290994449,1.26517456,4
30492029_MinPolqaSfbRecording_cut.wav,3.333333333,0.577350269,0.653333333,3
30444796_MinPolqaSfbRecording_cut.wav,1.333333333,0.577350269,0.653333333,3
30183740_MinPolqaSfbRecording_cut.wav,2.333333333,1.154700538,1.306666667,3
30412158_MinPolqaSfbRecording_cut.wav,2.333333333,1.527525232,1.728557523,3
28124612_MinPolqaSfbRecording_cut.wav,3.666666667,0.577350269,0.653333333,3
30145175_MinPolqaSfbRecording_cut.wav,3.0,1.0,1.131606528,3
30255161_MinPolqaSfbRecording_cut.wav,4.0,1.0,1.131606528,3
29037967_MinPolqaSfbRecording_cut.wav,4.666666667,0.577350269,0.653333333,3
29543192_MinPolqaSfbRecording_cut.wav,3.666666667,0.577350269,0.653333333,3
30090218_MinPolqaSfbRecording_cut.wav,3.0,1.0,0.876538647,5
30421135_MinPolqaSfbRecording_cut.wav,3.6,0.547722558,0.48009999,5
28105165_MinPolqaSfbRecording_cut.wav,4.0,0.707106781,0.619806421,5
27713253_MinPolqaSfbRecording_cut.wav,4.2,0.836660027,0.733364848,5
28693146_MinPolqaSfbRecording_cut.wav,3.6,0.894427191,0.784,5
28125960_MinPolqaSfbRecording_cut.wav,3.6,0.894427191,0.784,5
30129135_MinPolqaSfbRecording_cut.wav,2.2,1.095445115,0.960199979,5
30144175_MinPolqaSfbRecording_cut.wav,2.0,1.224744871,1.073536213,5
30180637_MinPolqaSfbRecording_cut.wav,2.8,1.303840481,1.142866571,5
30067474_MinPolqaSfbRecording_cut.wav,2.4,0.547722558,0.48009999,5
30426946_MinPolqaSfbRecording_cut.wav,4.6,0.547722558,0.48009999,5
30103744_MinPolqaSfbRecording_cut.wav,3.2,0.447213595,0.392,5
28733647_MinPolqaSfbRecording_cut.wav,4.6,0.547722558,0.48009999,5
30123060_MinPolqaSfbRecording_cut.wav,1.0,0.0,0.0,5
30510156_MinPolqaSfbRecording_cut.wav,4.8,0.447213595,0.392,5
30404407_MinPolqaSfbRecording_cut.wav,2.8,0.836660027,0.733364848,5
29539847_MinPolqaSfbRecording_cut.wav,2.0,0.0,0.0,5
28749715_MinPolqaSfbRecording_cut.wav,4.6,0.547722558,0.48009999,5
30174418_MinPolqaSfbRecording_cut.wav,3.5,1.732050808,1.697409791,4
27832639_MinPolqaSfbRecording_cut.wav,3.5,1.0,0.98,4
30070510_MinPolqaSfbRecording_cut.wav,3.25,1.5,1.47,4
28076152_MinPolqaSfbRecording_cut.wav,4.25,0.5,0.49,4
30154146_MinPolqaSfbRecording_cut.wav,2.5,1.0,0.98,4
30081864_MinPolqaSfbRecording_cut.wav,3.25,1.5,1.47,4
28727660_MinPolqaSfbRecording_cut.wav,3.25,1.5,1.47,4
30404124_MinPolqaSfbRecording_cut.wav,2.5,1.290994449,1.26517456,4
30157654_MinPolqaSfbRecording_cut.wav,3.5,1.732050808,1.697409791,4
30432446_MinPolqaSfbRecording_cut.wav,3.8,0.447213595,0.392,5
30485144_MinPolqaSfbRecording_cut.wav,1.6,1.341640786,1.176,5
30528766_MinPolqaSfbRecording_cut.wav,2.6,1.341640786,1.176,5
30118198_MinPolqaSfbRecording_cut.wav,3.2,1.095445115,0.960199979,5
30179187_MinPolqaSfbRecording_cut.wav,3.2,1.095445115,0.960199979,5
30438397_MinPolqaSfbRecording_cut.wav,2.6,1.516575089,1.329336677,5
29534908_MinPolqaSfbRecording_cut.wav,3.2,1.303840481,1.142866571,5
30520603_MinPolqaSfbRecording_cut.wav,2.8,1.303840481,1.142866571,5
30157439_MinPolqaSfbRecording_cut.wav,3.4,1.341640786,1.176,5
30151766_MinPolqaSfbRecording_cut.wav,2.2,1.643167673,1.440299969,5
30428561_MinPolqaSfbRecording_cut.wav,1.6,1.341640786,1.176,5
30144326_MinPolqaSfbRecording_cut.wav,2.6,0.547722558,0.48009999,5
30444026_MinPolqaSfbRecording_cut.wav,3.0,0.707106781,0.619806421,5
30261530_MinPolqaSfbRecording_cut.wav,2.8,0.836660027,0.733364848,5
30193817_MinPolqaSfbRecording_cut.wav,2.8,1.303840481,1.142866571,5
30513031_MinPolqaSfbRecording_cut.wav,2.0,1.224744871,1.073536213,5
30258777_MinPolqaSfbRecording_cut.wav,1.8,1.303840481,1.142866571,5
30488251_MinPolqaSfbRecording_cut.wav,3.4,0.894427191,0.784,5
29006867_MinPolqaSfbRecording_cut.wav,4.0,0.0,0.0,2
27760214_MinPolqaSfbRecording_cut.wav,2.5,0.707106781,0.98,2
30082207_MinPolqaSfbRecording_cut.wav,2.5,0.707106781,0.98,2
30503753_MinPolqaSfbRecording_cut.wav,3.5,2.121320344,2.94,2
28311593_MinPolqaSfbRecording_cut.wav,3.5,0.707106781,0.98,2
30173522_MinPolqaSfbRecording_cut.wav,3.6,1.140175425,0.999407825,5
30257461_MinPolqaSfbRecording_cut.wav,2.0,0.707106781,0.619806421,5
30446952_MinPolqaSfbRecording_cut.wav,2.6,1.140175425,0.999407825,5
30481926_MinPolqaSfbRecording_cut.wav,3.2,1.095445115,0.960199979,5
28122292_MinPolqaSfbRecording_cut.wav,3.6,0.894427191,0.784,5
30440391_MinPolqaSfbRecording_cut.wav,1.2,0.447213595,0.392,5
30443696_MinPolqaSfbRecording_cut.wav,1.8,0.836660027,0.733364848,5
30428703_MinPolqaSfbRecording_cut.wav,1.8,0.836660027,0.733364848,5
28884898_MinPolqaSfbRecording_cut.wav,4.2,0.836660027,0.733364848,5
30193491_MinPolqaSfbRecording_cut.wav,2.4,0.547722558,0.48009999,5
30427209_MinPolqaSfbRecording_cut.wav,4.0,0.816496581,0.800166649,4
30258337_MinPolqaSfbRecording_cut.wav,3.25,0.957427108,0.938278566,4
30123873_MinPolqaSfbRecording_cut.wav,4.25,0.957427108,0.938278566,4
30061201_MinPolqaSfbRecording_cut.wav,2.75,0.5,0.49,4
27519203_MinPolqaSfbRecording_cut.wav,4.25,0.957427108,0.938278566,4
30183681_MinPolqaSfbRecording_cut.wav,3.75,0.957427108,0.938278566,4
30465833_MinPolqaSfbRecording_cut.wav,1.25,0.5,0.49,4
30102915_MinPolqaSfbRecording_cut.wav,4.0,0.816496581,0.800166649,4
30189320_MinPolqaSfbRecording_cut.wav,2.5,0.577350269,0.565803264,4
30452684_MinPolqaSfbRecording_cut.wav,3.25,0.957427108,0.938278566,4
28868963_MinPolqaSfbRecording_cut.wav,4.5,0.577350269,0.565803264,4
30431543_MinPolqaSfbRecording_cut.wav,1.75,1.5,1.47,4
30405277_MinPolqaSfbRecording_cut.wav,2.0,0.816496581,0.800166649,4
30106783_MinPolqaSfbRecording_cut.wav,2.0,1.414213562,1.385929291,4
30157077_MinPolqaSfbRecording_cut.wav,2.75,0.957427108,0.938278566,4
30068462_MinPolqaSfbRecording_cut.wav,3.25,0.5,0.49,4
30099820_MinPolqaSfbRecording_cut.wav,3.25,0.5,0.49,4
30522585_MinPolqaSfbRecording_cut.wav,1.5,0.577350269,0.565803264,4
30177782_MinPolqaSfbRecording_cut.wav,4.2,0.836660027,0.733364848,5
29536354_MinPolqaSfbRecording_cut.wav,3.2,0.447213595,0.392,5
30150721_MinPolqaSfbRecording_cut.wav,3.8,0.836660027,0.733364848,5
29013892_MinPolqaSfbRecording_cut.wav,3.6,1.140175425,0.999407825,5
29543156_MinPolqaSfbRecording_cut.wav,4.2,0.836660027,0.733364848,5
30068728_MinPolqaSfbRecording_cut.wav,2.4,1.949358869,1.708688386,5
30416863_MinPolqaSfbRecording_cut.wav,2.0,1.0,0.876538647,5
30421896_MinPolqaSfbRecording_cut.wav,2.8,0.836660027,0.733364848,5
30181178_MinPolqaSfbRecording_cut.wav,4.0,0.707106781,0.619806421,5
30081312_MinPolqaSfbRecording_cut.wav,2.4,0.894427191,0.784,5
30256072_MinPolqaSfbRecording_cut.wav,4.0,0.707106781,0.619806421,5
30182854_MinPolqaSfbRecording_cut.wav,3.8,0.836660027,0.733364848,5
27604939_MinPolqaSfbRecording_cut.wav,4.6,0.894427191,0.784,5
27703079_MinPolqaSfbRecording_cut.wav,4.4,0.894427191,0.784,5
30477859_MinPolqaSfbRecording_cut.wav,4.4,0.894427191,0.784,5
30511581_MinPolqaSfbRecording_cut.wav,4.4,0.547722558,0.48009999,5
27925419_MinPolqaSfbRecording_cut.wav,4.4,0.894427191,0.784,5
30460247_MinPolqaSfbRecording_cut.wav,4.0,0.0,0.0,4
28981727_MinPolqaSfbRecording_cut.wav,4.25,0.5,0.49,4
27834214_MinPolqaSfbRecording_cut.wav,4.25,0.5,0.49,4
28531754_MinPolqaSfbRecording_cut.wav,4.5,0.577350269,0.565803264,4
30096952_MinPolqaSfbRecording_cut.wav,2.5,0.577350269,0.565803264,4
30416553_MinPolqaSfbRecording_cut.wav,2.5,0.577350269,0.565803264,4
30120674_MinPolqaSfbRecording_cut.wav,2.5,0.577350269,0.565803264,4
27631571_MinPolqaSfbRecording_cut.wav,4.0,0.0,0.0,4
30101487_MinPolqaSfbRecording_cut.wav,3.5,1.0,0.98,4
30069525_MinPolqaSfbRecording_cut.wav,2.0,0.0,0.0,3
28292563_MinPolqaSfbRecording_cut.wav,4.0,1.0,1.131606528,3
30437343_MinPolqaSfbRecording_cut.wav,2.666666667,1.154700538,1.306666667,3
29535390_MinPolqaSfbRecording_cut.wav,2.333333333,1.527525232,1.728557523,3
30062412_MinPolqaSfbRecording_cut.wav,2.666666667,1.154700538,1.306666667,3
30127477_MinPolqaSfbRecording_cut.wav,2.0,1.732050808,1.96,3
30503654_MinPolqaSfbRecording_cut.wav,2.333333333,0.577350269,0.653333333,3
30083692_MinPolqaSfbRecording_cut.wav,2.666666667,0.577350269,0.653333333,3
28662603_MinPolqaSfbRecording_cut.wav,4.0,0.0,0.0,3
30491340_MinPolqaSfbRecording_cut.wav,2.666666667,1.154700538,1.306666667,3
27855394_MinPolqaSfbRecording_cut.wav,4.75,0.5,0.49,4
27657749_MinPolqaSfbRecording_cut.wav,4.75,0.5,0.49,4
30530408_MinPolqaSfbRecording_cut.wav,3.25,0.957427108,0.938278566,4
30403861_MinPolqaSfbRecording_cut.wav,3.75,0.957427108,0.938278566,4
30092219_MinPolqaSfbRecording_cut.wav,2.5,0.577350269,0.565803264,4
30185542_MinPolqaSfbRecording_cut.wav,3.5,1.0,0.98,4
30078981_MinPolqaSfbRecording_cut.wav,2.5,1.0,0.98,4
27852596_MinPolqaSfbRecording_cut.wav,5.0,0.0,0.0,4
28555507_MinPolqaSfbRecording_cut.wav,4.5,0.577350269,0.565803264,4
30527459_MinPolqaSfbRecording_cut.wav,4.0,0.0,0.0,4
30424238_MinPolqaSfbRecording_cut.wav,3.25,0.5,0.49,4
30119468_MinPolqaSfbRecording_cut.wav,2.75,0.5,0.49,4
30091981_MinPolqaSfbRecording_cut.wav,3.0,0.816496581,0.800166649,4
27671250_MinPolqaSfbRecording_cut.wav,3.75,0.5,0.49,4
30199840_MinPolqaSfbRecording_cut.wav,2.75,0.5,0.49,4
28486368_MinPolqaSfbRecording_cut.wav,4.0,0.0,0.0,4
30136555_MinPolqaSfbRecording_cut.wav,1.5,0.577350269,0.565803264,4
28500493_MinPolqaSfbRecording_cut.wav,3.5,1.0,0.98,4
30066017_MinPolqaSfbRecording_cut.wav,4.25,0.5,0.49,4
27665259_MinPolqaSfbRecording_cut.wav,4.0,0.0,0.0,4
30262065_MinPolqaSfbRecording_cut.wav,3.25,1.707825128,1.673668625,4
30259517_MinPolqaSfbRecording_cut.wav,3.75,0.5,0.49,4
27803565_MinPolqaSfbRecording_cut.wav,4.0,0.0,0.0,4
30514067_MinPolqaSfbRecording_cut.wav,3.5,1.0,0.98,4
30448975_MinPolqaSfbRecording_cut.wav,4.0,1.0,1.131606528,3
30107773_MinPolqaSfbRecording_cut.wav,3.666666667,0.577350269,0.653333333,3
30461302_MinPolqaSfbRecording_cut.wav,3.333333333,0.577350269,0.653333333,3
30520325_MinPolqaSfbRecording_cut.wav,3.0,2.0,2.263213055,3
28666761_MinPolqaSfbRecording_cut.wav,4.333333333,0.577350269,0.653333333,3
30484816_MinPolqaSfbRecording_cut.wav,3.333333333,0.577350269,0.653333333,3
28206246_MinPolqaSfbRecording_cut.wav,3.333333333,0.577350269,0.653333333,3
30186022_MinPolqaSfbRecording_cut.wav,3.0,1.0,1.131606528,3
30125122_MinPolqaSfbRecording_cut.wav,3.0,1.0,1.131606528,3
30430286_MinPolqaSfbRecording_cut.wav,3.0,0.816496581,0.800166649,4
30201461_MinPolqaSfbRecording_cut.wav,3.5,0.577350269,0.565803264,4
28074424_MinPolqaSfbRecording_cut.wav,3.75,0.5,0.49,4
30438424_MinPolqaSfbRecording_cut.wav,3.25,0.957427108,0.938278566,4
30412313_MinPolqaSfbRecording_cut.wav,3.25,0.957427108,0.938278566,4
30254758_MinPolqaSfbRecording_cut.wav,4.25,0.957427108,0.938278566,4
30511606_MinPolqaSfbRecording_cut.wav,4.0,0.816496581,0.800166649,4
30253455_MinPolqaSfbRecording_cut.wav,3.0,0.816496581,0.800166649,4
30520438_MinPolqaSfbRecording_cut.wav,4.333333333,0.577350269,0.653333333,3
30199597_MinPolqaSfbRecording_cut.wav,3.333333333,1.154700538,1.306666667,3
30504338_MinPolqaSfbRecording_cut.wav,2.666666667,1.527525232,1.728557523,3
30458087_MinPolqaSfbRecording_cut.wav,3.666666667,0.577350269,0.653333333,3
30138592_MinPolqaSfbRecording_cut.wav,3.0,1.0,1.131606528,3
27825755_MinPolqaSfbRecording_cut.wav,4.0,1.0,1.131606528,3
28640266_MinPolqaSfbRecording_cut.wav,3.666666667,0.577350269,0.653333333,3
30481403_MinPolqaSfbRecording_cut.wav,3.0,1.0,1.131606528,3
30100726_MinPolqaSfbRecording_cut.wav,3.666666667,0.577350269,0.653333333,3
30250257_MinPolqaSfbRecording_cut.wav,4.0,0.816496581,0.800166649,4
30417627_MinPolqaSfbRecording_cut.wav,3.5,1.290994449,1.26517456,4
27873207_MinPolqaSfbRecording_cut.wav,4.0,1.414213562,1.385929291,4
30118780_MinPolqaSfbRecording_cut.wav,3.5,0.577350269,0.565803264,4
30091921_MinPolqaSfbRecording_cut.wav,4.25,0.5,0.49,4
30444672_MinPolqaSfbRecording_cut.wav,2.75,1.5,1.47,4
30117968_MinPolqaSfbRecording_cut.wav,3.0,0.816496581,0.800166649,4
30484926_MinPolqaSfbRecording_cut.wav,3.75,0.5,0.49,4
30431134_MinPolqaSfbRecording_cut.wav,2.5,1.732050808,1.697409791,4
30410839_MinPolqaSfbRecording_cut.wav,2.25,1.258305739,1.233139624,4
30174299_MinPolqaSfbRecording_cut.wav,2.25,0.957427108,0.938278566,4
30129798_MinPolqaSfbRecording_cut.wav,2.5,1.290994449,1.26517456,4
30199750_MinPolqaSfbRecording_cut.wav,2.0,0.816496581,0.800166649,4
30122178_MinPolqaSfbRecording_cut.wav,2.5,1.290994449,1.26517456,4
30259780_MinPolqaSfbRecording_cut.wav,2.5,1.290994449,1.26517456,4
30425091_MinPolqaSfbRecording_cut.wav,2.5,1.732050808,1.697409791,4
30061720_MinPolqaSfbRecording_cut.wav,3.5,0.577350269,0.565803264,4
30070170_MinPolqaSfbRecording_cut.wav,3.75,0.5,0.49,4
28479001_MinPolqaSfbRecording_cut.wav,4.0,0.816496581,0.800166649,4
30470650_MinPolqaSfbRecording_cut.wav,3.75,0.5,0.49,4
30102064_MinPolqaSfbRecording_cut.wav,3.0,0.816496581,0.800166649,4
30105251_MinPolqaSfbRecording_cut.wav,3.5,0.577350269,0.565803264,4
30152042_MinPolqaSfbRecording_cut.wav,2.25,0.957427108,0.938278566,4
29540702_MinPolqaSfbRecording_cut.wav,3.25,1.258305739,1.233139624,4
30105891_MinPolqaSfbRecording_cut.wav,3.25,0.957427108,0.938278566,4
30472121_MinPolqaSfbRecording_cut.wav,4.25,0.957427108,0.938278566,4
30061035_MinPolqaSfbRecording_cut.wav,2.0,1.414213562,1.385929291,4
28490694_MinPolqaSfbRecording_cut.wav,4.0,0.816496581,0.800166649,4
30404449_MinPolqaSfbRecording_cut.wav,4.0,0.816496581,0.800166649,4
30121478_MinPolqaSfbRecording_cut.wav,3.25,0.957427108,0.938278566,4
28884287_MinPolqaSfbRecording_cut.wav,3.5,1.290994449,1.26517456,4
30091439_MinPolqaSfbRecording_cut.wav,2.5,1.732050808,1.697409791,4
30423402_MinPolqaSfbRecording_cut.wav,4.0,0.816496581,0.800166649,4
30177579_MinPolqaSfbRecording_cut.wav,2.25,0.5,0.49,4
30258381_MinPolqaSfbRecording_cut.wav,4.0,1.414213562,1.385929291,4
30428564_MinPolqaSfbRecording_cut.wav,1.75,0.5,0.49,4
29542112_MinPolqaSfbRecording_cut.wav,4.25,0.5,0.49,4
28717321_MinPolqaSfbRecording_cut.wav,4.25,0.957427108,0.938278566,4
29541823_MinPolqaSfbRecording_cut.wav,2.25,1.258305739,1.233139624,4
30520452_MinPolqaSfbRecording_cut.wav,2.0,1.732050808,1.96,3
30523871_MinPolqaSfbRecording_cut.wav,2.0,1.732050808,1.96,3
30157571_MinPolqaSfbRecording_cut.wav,3.333333333,1.154700538,1.306666667,3
30426187_MinPolqaSfbRecording_cut.wav,2.0,1.732050808,1.96,3
30172018_MinPolqaSfbRecording_cut.wav,2.333333333,2.309401077,2.613333333,3
30160730_MinPolqaSfbRecording_cut.wav,3.0,1.0,1.131606528,3
30177001_MinPolqaSfbRecording_cut.wav,2.666666667,1.527525232,1.728557523,3
30455351_MinPolqaSfbRecording_cut.wav,3.0,1.0,1.131606528,3
30156444_MinPolqaSfbRecording_cut.wav,2.0,1.732050808,1.96,3
30163488_MinPolqaSfbRecording_cut.wav,3.0,0.816496581,0.800166649,4
30423814_MinPolqaSfbRecording_cut.wav,3.0,0.816496581,0.800166649,4
30474639_MinPolqaSfbRecording_cut.wav,2.0,0.816496581,0.800166649,4
30166914_MinPolqaSfbRecording_cut.wav,2.75,1.258305739,1.233139624,4
30429607_MinPolqaSfbRecording_cut.wav,3.25,1.5,1.47,4
27847147_MinPolqaSfbRecording_cut.wav,4.75,0.5,0.49,4
30436692_MinPolqaSfbRecording_cut.wav,2.0,0.816496581,0.800166649,4
30258193_MinPolqaSfbRecording_cut.wav,2.25,1.258305739,1.233139624,4
30065691_MinPolqaSfbRecording_cut.wav,1.333333333,0.577350269,0.653333333,3
30467488_MinPolqaSfbRecording_cut.wav,3.0,0.0,0.0,3
30255900_MinPolqaSfbRecording_cut.wav,2.666666667,0.577350269,0.653333333,3
30263183_MinPolqaSfbRecording_cut.wav,3.333333333,0.577350269,0.653333333,3
28836984_MinPolqaSfbRecording_cut.wav,2.666666667,0.577350269,0.653333333,3
30097791_MinPolqaSfbRecording_cut.wav,1.666666667,0.577350269,0.653333333,3
30136635_MinPolqaSfbRecording_cut.wav,3.4,1.140175425,0.999407825,5
29533581_MinPolqaSfbRecording_cut.wav,2.8,1.643167673,1.440299969,5
28074385_MinPolqaSfbRecording_cut.wav,4.2,0.447213595,0.392,5
30492712_MinPolqaSfbRecording_cut.wav,1.8,0.447213595,0.392,5
30261415_MinPolqaSfbRecording_cut.wav,1.4,0.547722558,0.48009999,5
30092711_MinPolqaSfbRecording_cut.wav,2.2,1.303840481,1.142866571,5
30470404_MinPolqaSfbRecording_cut.wav,1.8,0.836660027,0.733364848,5
30155289_MinPolqaSfbRecording_cut.wav,2.0,1.0,0.876538647,5
30531489_MinPolqaSfbRecording_cut.wav,3.4,0.894427191,0.784,5
30506833_MinPolqaSfbRecording_cut.wav,2.6,1.140175425,0.999407825,5
28805959_MinPolqaSfbRecording_cut.wav,3.8,0.836660027,0.733364848,5
30484754_MinPolqaSfbRecording_cut.wav,3.8,0.836660027,0.733364848,5
30140895_MinPolqaSfbRecording_cut.wav,2.0,1.414213562,1.239612843,5
30152000_MinPolqaSfbRecording_cut.wav,2.0,1.224744871,1.073536213,5
28146001_MinPolqaSfbRecording_cut.wav,3.2,0.836660027,0.733364848,5
27858362_MinPolqaSfbRecording_cut.wav,4.2,0.447213595,0.392,5
27937054_MinPolqaSfbRecording_cut.wav,4.2,0.836660027,0.733364848,5
30183105_MinPolqaSfbRecording_cut.wav,2.6,1.140175425,0.999407825,5
28274595_MinPolqaSfbRecording_cut.wav,3.6,0.894427191,0.784,5
30138844_MinPolqaSfbRecording_cut.wav,2.6,0.894427191,0.784,5
30479410_MinPolqaSfbRecording_cut.wav,3.4,0.547722558,0.48009999,5
30261499_MinPolqaSfbRecording_cut.wav,3.2,0.836660027,0.733364848,5
30109492_MinPolqaSfbRecording_cut.wav,3.0,1.224744871,1.073536213,5
29537120_MinPolqaSfbRecording_cut.wav,2.2,1.303840481,1.142866571,5
30254117_MinPolqaSfbRecording_cut.wav,2.8,1.095445115,0.960199979,5
27846300_MinPolqaSfbRecording_cut.wav,3.6,0.547722558,0.48009999,5
30472808_MinPolqaSfbRecording_cut.wav,4.0,0.816496581,0.800166649,4
30095934_MinPolqaSfbRecording_cut.wav,4.25,0.5,0.49,4
30145172_MinPolqaSfbRecording_cut.wav,3.5,0.577350269,0.565803264,4
28497497_MinPolqaSfbRecording_cut.wav,4.5,0.577350269,0.565803264,4
28632772_MinPolqaSfbRecording_cut.wav,3.75,0.5,0.49,4
30073600_MinPolqaSfbRecording_cut.wav,4.0,0.816496581,0.800166649,4
30137500_MinPolqaSfbRecording_cut.wav,3.25,0.957427108,0.938278566,4
30146158_MinPolqaSfbRecording_cut.wav,3.5,1.0,0.98,4
30186137_MinPolqaSfbRecording_cut.wav,4.0,0.816496581,0.800166649,4
28902503_MinPolqaSfbRecording_cut.wav,3.75,0.5,0.49,4
30211388_MinPolqaSfbRecording_cut.wav,2.0,0.816496581,0.800166649,4
30058064_MinPolqaSfbRecording_cut.wav,3.25,0.957427108,0.938278566,4
30101706_MinPolqaSfbRecording_cut.wav,2.0,2.0,1.96,4
30107948_MinPolqaSfbRecording_cut.wav,3.333333333,0.577350269,0.653333333,3
30402069_MinPolqaSfbRecording_cut.wav,3.333333333,1.154700538,1.306666667,3
30447479_MinPolqaSfbRecording_cut.wav,3.0,0.0,0.0,3
30263913_MinPolqaSfbRecording_cut.wav,1.666666667,0.577350269,0.653333333,3
30098226_MinPolqaSfbRecording_cut.wav,2.333333333,1.154700538,1.306666667,3
30150594_MinPolqaSfbRecording_cut.wav,2.333333333,1.527525232,1.728557523,3
30069436_MinPolqaSfbRecording_cut.wav,2.5,0.577350269,0.565803264,4
30480277_MinPolqaSfbRecording_cut.wav,3.25,0.957427108,0.938278566,4
28789051_MinPolqaSfbRecording_cut.wav,3.25,0.957427108,0.938278566,4
30428656_MinPolqaSfbRecording_cut.wav,2.75,0.5,0.49,4
30121820_MinPolqaSfbRecording_cut.wav,3.25,0.5,0.49,4
30136432_MinPolqaSfbRecording_cut.wav,1.5,1.0,0.98,4
30466437_MinPolqaSfbRecording_cut.wav,3.25,1.258305739,1.233139624,4
30464944_MinPolqaSfbRecording_cut.wav,2.2,1.303840481,1.142866571,5
30249671_MinPolqaSfbRecording_cut.wav,3.4,0.547722558,0.48009999,5
30251782_MinPolqaSfbRecording_cut.wav,3.2,1.095445115,0.960199979,5
30479731_MinPolqaSfbRecording_cut.wav,3.6,0.894427191,0.784,5
28250809_MinPolqaSfbRecording_cut.wav,4.4,0.547722558,0.48009999,5
27514195_MinPolqaSfbRecording_cut.wav,2.4,0.547722558,0.48009999,5
28902753_MinPolqaSfbRecording_cut.wav,3.2,0.447213595,0.392,5
30208618_MinPolqaSfbRecording_cut.wav,1.4,0.894427191,0.784,5
30205252_MinPolqaSfbRecording_cut.wav,2.8,0.836660027,0.733364848,5
30176950_MinPolqaSfbRecording_cut.wav,3.333333333,0.577350269,0.653333333,3
27691242_MinPolqaSfbRecording_cut.wav,4.333333333,0.577350269,0.653333333,3
30433810_MinPolqaSfbRecording_cut.wav,2.0,1.732050808,1.96,3
30207242_MinPolqaSfbRecording_cut.wav,3.666666667,0.577350269,0.653333333,3
30181879_MinPolqaSfbRecording_cut.wav,2.666666667,0.577350269,0.653333333,3
30186323_MinPolqaSfbRecording_cut.wav,2.666666667,1.154700538,1.306666667,3
30097297_MinPolqaSfbRecording_cut.wav,4.333333333,0.577350269,0.653333333,3
30149011_MinPolqaSfbRecording_cut.wav,3.666666667,1.154700538,1.306666667,3
30119058_MinPolqaSfbRecording_cut.wav,3.0,1.0,0.876538647,5
30450637_MinPolqaSfbRecording_cut.wav,3.0,1.0,0.876538647,5
30255336_MinPolqaSfbRecording_cut.wav,3.2,0.836660027,0.733364848,5
30072893_MinPolqaSfbRecording_cut.wav,3.0,1.0,0.876538647,5
30105965_MinPolqaSfbRecording_cut.wav,4.2,0.836660027,0.733364848,5
30204893_MinPolqaSfbRecording_cut.wav,3.6,0.894427191,0.784,5
30163408_MinPolqaSfbRecording_cut.wav,3.8,1.095445115,0.960199979,5
30067715_MinPolqaSfbRecording_cut.wav,1.8,1.303840481,1.142866571,5
30530019_MinPolqaSfbRecording_cut.wav,3.0,1.0,1.131606528,3
29540080_MinPolqaSfbRecording_cut.wav,2.666666667,1.527525232,1.728557523,3
30192550_MinPolqaSfbRecording_cut.wav,2.0,1.0,1.131606528,3
28615531_MinPolqaSfbRecording_cut.wav,3.666666667,0.577350269,0.653333333,3
29539287_MinPolqaSfbRecording_cut.wav,3.666666667,0.577350269,0.653333333,3
30514188_MinPolqaSfbRecording_cut.wav,1.666666667,1.154700538,1.306666667,3
27820779_MinPolqaSfbRecording_cut.wav,3.0,0.0,0.0,3
30481913_MinPolqaSfbRecording_cut.wav,3.333333333,0.577350269,0.653333333,3
30143160_MinPolqaSfbRecording_cut.wav,2.333333333,0.577350269,0.653333333,3
30258572_MinPolqaSfbRecording_cut.wav,3.0,1.0,1.131606528,3
30132037_MinPolqaSfbRecording_cut.wav,3.75,0.957427108,0.938278566,4
30065698_MinPolqaSfbRecording_cut.wav,3.25,1.258305739,1.233139624,4
30470976_MinPolqaSfbRecording_cut.wav,3.75,0.957427108,0.938278566,4
30454660_MinPolqaSfbRecording_cut.wav,3.0,1.154700538,1.131606528,4
30172827_MinPolqaSfbRecording_cut.wav,3.5,1.290994449,1.26517456,4
30150776_MinPolqaSfbRecording_cut.wav,3.5,1.290994449,1.26517456,4
29538055_MinPolqaSfbRecording_cut.wav,4.0,0.816496581,0.800166649,4
30511026_MinPolqaSfbRecording_cut.wav,4.0,1.154700538,1.131606528,4
28483038_MinPolqaSfbRecording_cut.wav,3.0,1.414213562,1.385929291,4
30097261_MinPolqaSfbRecording_cut.wav,2.8,1.483239697,1.300116918,5
30258073_MinPolqaSfbRecording_cut.wav,3.4,0.547722558,0.48009999,5
30177971_MinPolqaSfbRecording_cut.wav,3.6,0.894427191,0.784,5
28698224_MinPolqaSfbRecording_cut.wav,3.6,1.140175425,0.999407825,5
30427389_MinPolqaSfbRecording_cut.wav,2.2,1.095445115,0.960199979,5
30200504_MinPolqaSfbRecording_cut.wav,2.4,0.547722558,0.48009999,5
30213014_MinPolqaSfbRecording_cut.wav,4.0,1.0,0.876538647,5
30181272_MinPolqaSfbRecording_cut.wav,2.8,1.483239697,1.300116918,5
30097660_MinPolqaSfbRecording_cut.wav,1.25,0.5,0.49,4
28025773_MinPolqaSfbRecording_cut.wav,3.5,0.577350269,0.565803264,4
30063871_MinPolqaSfbRecording_cut.wav,2.75,0.957427108,0.938278566,4
30485027_MinPolqaSfbRecording_cut.wav,2.0,0.816496581,0.800166649,4
29542830_MinPolqaSfbRecording_cut.wav,2.75,0.957427108,0.938278566,4
30405600_MinPolqaSfbRecording_cut.wav,3.75,0.5,0.49,4
30205291_MinPolqaSfbRecording_cut.wav,1.75,0.5,0.49,4
30474474_MinPolqaSfbRecording_cut.wav,1.25,0.5,0.49,4
27146105_MinPolqaSfbRecording_cut.wav,3.5,0.577350269,0.565803264,4
30112559_MinPolqaSfbRecording_cut.wav,2.0,0.816496581,0.800166649,4
30194482_MinPolqaSfbRecording_cut.wav,2.2,1.303840481,1.142866571,5
30134506_MinPolqaSfbRecording_cut.wav,2.2,1.303840481,1.142866571,5
30249594_MinPolqaSfbRecording_cut.wav,2.6,1.516575089,1.329336677,5
28330490_MinPolqaSfbRecording_cut.wav,3.6,1.140175425,0.999407825,5
28163399_MinPolqaSfbRecording_cut.wav,3.6,1.140175425,0.999407825,5
28030827_MinPolqaSfbRecording_cut.wav,3.6,1.140175425,0.999407825,5
30213107_MinPolqaSfbRecording_cut.wav,3.6,1.140175425,0.999407825,5
30062451_MinPolqaSfbRecording_cut.wav,3.5,0.577350269,0.565803264,4
30504564_MinPolqaSfbRecording_cut.wav,2.5,1.732050808,1.697409791,4
30091486_MinPolqaSfbRecording_cut.wav,3.25,0.5,0.49,4
29538595_MinPolqaSfbRecording_cut.wav,3.0,1.154700538,1.131606528,4
30414629_MinPolqaSfbRecording_cut.wav,3.75,0.957427108,0.938278566,4
30200955_MinPolqaSfbRecording_cut.wav,2.75,0.5,0.49,4
30064790_MinPolqaSfbRecording_cut.wav,3.5,1.290994449,1.26517456,4
28136666_MinPolqaSfbRecording_cut.wav,4.25,0.5,0.49,4
30516320_MinPolqaSfbRecording_cut.wav,4.75,0.5,0.49,4
30256915_MinPolqaSfbRecording_cut.wav,3.666666667,1.154700538,1.306666667,3
29540220_MinPolqaSfbRecording_cut.wav,3.666666667,1.154700538,1.306666667,3
27608317_MinPolqaSfbRecording_cut.wav,4.0,1.0,1.131606528,3
30406100_MinPolqaSfbRecording_cut.wav,3.666666667,0.577350269,0.653333333,3
28280143_MinPolqaSfbRecording_cut.wav,4.333333333,0.577350269,0.653333333,3
30423558_MinPolqaSfbRecording_cut.wav,3.333333333,0.577350269,0.653333333,3
30450109_MinPolqaSfbRecording_cut.wav,3.666666667,0.577350269,0.653333333,3
30160761_MinPolqaSfbRecording_cut.wav,3.666666667,0.577350269,0.653333333,3
30468575_MinPolqaSfbRecording_cut.wav,3.333333333,0.577350269,0.653333333,3
30213953_MinPolqaSfbRecording_cut.wav,3.0,1.0,1.131606528,3
30469335_MinPolqaSfbRecording_cut.wav,2.8,1.095445115,0.960199979,5
28728637_MinPolqaSfbRecording_cut.wav,2.8,1.095445115,0.960199979,5
29023337_MinPolqaSfbRecording_cut.wav,3.8,1.095445115,0.960199979,5
30137454_MinPolqaSfbRecording_cut.wav,3.8,0.447213595,0.392,5
30141478_MinPolqaSfbRecording_cut.wav,3.8,0.447213595,0.392,5
30428638_MinPolqaSfbRecording_cut.wav,2.8,1.303840481,1.142866571,5
30147517_MinPolqaSfbRecording_cut.wav,2.6,0.547722558,0.48009999,5
30180256_MinPolqaSfbRecording_cut.wav,1.666666667,0.577350269,0.653333333,3
30133547_MinPolqaSfbRecording_cut.wav,1.666666667,0.577350269,0.653333333,3
30118916_MinPolqaSfbRecording_cut.wav,4.333333333,0.577350269,0.653333333,3
30087278_MinPolqaSfbRecording_cut.wav,3.0,1.0,1.131606528,3
30113343_MinPolqaSfbRecording_cut.wav,3.333333333,0.577350269,0.653333333,3
30438067_MinPolqaSfbRecording_cut.wav,1.666666667,0.577350269,0.653333333,3
30069449_MinPolqaSfbRecording_cut.wav,2.0,1.0,1.131606528,3
30133523_MinPolqaSfbRecording_cut.wav,3.333333333,0.577350269,0.653333333,3
28592101_MinPolqaSfbRecording_cut.wav,4.25,0.957427108,0.938278566,4
28495239_MinPolqaSfbRecording_cut.wav,4.0,0.816496581,0.800166649,4
30503507_MinPolqaSfbRecording_cut.wav,2.75,0.957427108,0.938278566,4
30442174_MinPolqaSfbRecording_cut.wav,4.0,0.816496581,0.800166649,4
30435338_MinPolqaSfbRecording_cut.wav,3.5,1.0,0.98,4
30083018_MinPolqaSfbRecording_cut.wav,2.0,1.414213562,1.385929291,4
30106562_MinPolqaSfbRecording_cut.wav,1.75,1.5,1.47,4
30123825_MinPolqaSfbRecording_cut.wav,1.5,0.577350269,0.565803264,4
29040725_MinPolqaSfbRecording_cut.wav,4.8,0.447213595,0.392,5
30214457_MinPolqaSfbRecording_cut.wav,4.2,0.447213595,0.392,5
30486559_MinPolqaSfbRecording_cut.wav,4.0,0.707106781,0.619806421,5
30103526_MinPolqaSfbRecording_cut.wav,3.0,1.224744871,1.073536213,5
30491359_MinPolqaSfbRecording_cut.wav,3.4,0.894427191,0.784,5
28823430_MinPolqaSfbRecording_cut.wav,4.6,0.547722558,0.48009999,5
29556476_MinPolqaSfbRecording_cut.wav,4.0,0.707106781,0.619806421,5
27971604_MinPolqaSfbRecording_cut.wav,4.2,0.836660027,0.733364848,5
28124156_MinPolqaSfbRecording_cut.wav,4.6,0.547722558,0.48009999,5
30171112_MinPolqaSfbRecording_cut.wav,3.25,0.5,0.49,4
30487349_MinPolqaSfbRecording_cut.wav,2.5,1.732050808,1.697409791,4
30515829_MinPolqaSfbRecording_cut.wav,2.0,1.414213562,1.385929291,4
30468435_MinPolqaSfbRecording_cut.wav,3.5,0.577350269,0.565803264,4
30125215_MinPolqaSfbRecording_cut.wav,2.0,1.414213562,1.385929291,4
27553603_MinPolqaSfbRecording_cut.wav,3.75,0.957427108,0.938278566,4
30488877_MinPolqaSfbRecording_cut.wav,2.5,1.732050808,1.697409791,4
30067170_MinPolqaSfbRecording_cut.wav,2.25,1.258305739,1.233139624,4
30429248_MinPolqaSfbRecording_cut.wav,2.5,0.577350269,0.565803264,4
30100075_MinPolqaSfbRecording_cut.wav,2.666666667,0.577350269,0.653333333,3
30134557_MinPolqaSfbRecording_cut.wav,3.0,1.0,1.131606528,3
30161077_MinPolqaSfbRecording_cut.wav,3.666666667,0.577350269,0.653333333,3
30433921_MinPolqaSfbRecording_cut.wav,4.0,1.0,1.131606528,3
28742578_MinPolqaSfbRecording_cut.wav,4.333333333,0.577350269,0.653333333,3
30063994_MinPolqaSfbRecording_cut.wav,3.0,0.0,0.0,3
30061675_MinPolqaSfbRecording_cut.wav,2.333333333,0.577350269,0.653333333,3
30252418_MinPolqaSfbRecording_cut.wav,4.0,1.0,1.131606528,3
30177906_MinPolqaSfbRecording_cut.wav,4.333333333,0.577350269,0.653333333,3
30174183_MinPolqaSfbRecording_cut.wav,2.4,0.547722558,0.48009999,5
30201423_MinPolqaSfbRecording_cut.wav,3.6,0.547722558,0.48009999,5
30146414_MinPolqaSfbRecording_cut.wav,3.0,0.707106781,0.619806421,5
30136074_MinPolqaSfbRecording_cut.wav,3.4,1.140175425,0.999407825,5
27950792_MinPolqaSfbRecording_cut.wav,4.2,0.447213595,0.392,5
28995541_MinPolqaSfbRecording_cut.wav,4.2,0.447213595,0.392,5
28318804_MinPolqaSfbRecording_cut.wav,3.6,0.894427191,0.784,5
28669164_MinPolqaSfbRecording_cut.wav,4.0,1.0,1.131606528,3
30137501_MinPolqaSfbRecording_cut.wav,2.666666667,0.577350269,0.653333333,3
28537836_MinPolqaSfbRecording_cut.wav,4.333333333,0.577350269,0.653333333,3
30098614_MinPolqaSfbRecording_cut.wav,2.666666667,0.577350269,0.653333333,3
30080281_MinPolqaSfbRecording_cut.wav,2.333333333,0.577350269,0.653333333,3
28108683_MinPolqaSfbRecording_cut.wav,3.666666667,0.577350269,0.653333333,3
28423620_MinPolqaSfbRecording_cut.wav,3.0,1.0,1.131606528,3
30182769_MinPolqaSfbRecording_cut.wav,1.666666667,0.577350269,0.653333333,3
28155372_MinPolqaSfbRecording_cut.wav,3.5,1.290994449,1.26517456,4
30118005_MinPolqaSfbRecording_cut.wav,3.0,1.414213562,1.385929291,4
30119000_MinPolqaSfbRecording_cut.wav,2.0,2.0,1.96,4
30412333_MinPolqaSfbRecording_cut.wav,2.5,1.0,0.98,4
30114065_MinPolqaSfbRecording_cut.wav,3.75,1.258305739,1.233139624,4
30140666_MinPolqaSfbRecording_cut.wav,2.25,0.957427108,0.938278566,4
28202438_MinPolqaSfbRecording_cut.wav,3.25,0.957427108,0.938278566,4
30060381_MinPolqaSfbRecording_cut.wav,2.75,0.957427108,0.938278566,4
28509368_MinPolqaSfbRecording_cut.wav,3.75,1.258305739,1.233139624,4
29544360_MinPolqaSfbRecording_cut.wav,2.25,1.258305739,1.233139624,4
28333494_MinPolqaSfbRecording_cut.wav,2.75,1.258305739,1.233139624,4
30406095_MinPolqaSfbRecording_cut.wav,3.5,1.0,0.98,4
28910967_MinPolqaSfbRecording_cut.wav,3.5,0.577350269,0.565803264,4
30088970_MinPolqaSfbRecording_cut.wav,3.0,1.632993162,1.600333299,4
27717146_MinPolqaSfbRecording_cut.wav,3.75,0.957427108,0.938278566,4
30103625_MinPolqaSfbRecording_cut.wav,3.0,0.816496581,0.800166649,4
30503157_MinPolqaSfbRecording_cut.wav,3.0,0.816496581,0.800166649,4
30409385_MinPolqaSfbRecording_cut.wav,2.25,0.957427108,0.938278566,4
30138494_MinPolqaSfbRecording_cut.wav,2.75,1.258305739,1.233139624,4
30156210_MinPolqaSfbRecording_cut.wav,3.5,0.577350269,0.565803264,4
30521186_MinPolqaSfbRecording_cut.wav,4.0,0.0,0.0,4
28726966_MinPolqaSfbRecording_cut.wav,4.0,0.0,0.0,4
30204671_MinPolqaSfbRecording_cut.wav,3.5,0.577350269,0.565803264,4
30083669_MinPolqaSfbRecording_cut.wav,3.5,0.577350269,0.565803264,4
30211578_MinPolqaSfbRecording_cut.wav,4.25,0.957427108,0.938278566,4
28936867_MinPolqaSfbRecording_cut.wav,4.25,0.5,0.49,4
30109665_MinPolqaSfbRecording_cut.wav,3.25,0.957427108,0.938278566,4
28201804_MinPolqaSfbRecording_cut.wav,3.75,0.957427108,0.938278566,4
30200717_MinPolqaSfbRecording_cut.wav,1.75,0.957427108,0.938278566,4
28313873_MinPolqaSfbRecording_cut.wav,4.75,0.5,0.49,4
28115427_MinPolqaSfbRecording_cut.wav,4.25,0.5,0.49,4
30204828_MinPolqaSfbRecording_cut.wav,3.75,0.957427108,0.938278566,4
30152034_MinPolqaSfbRecording_cut.wav,2.0,0.816496581,0.800166649,4
30082043_MinPolqaSfbRecording_cut.wav,3.5,1.0,0.98,4
30199510_MinPolqaSfbRecording_cut.wav,2.25,0.957427108,0.938278566,4
30162674_MinPolqaSfbRecording_cut.wav,2.0,1.154700538,1.131606528,4
30102420_MinPolqaSfbRecording_cut.wav,3.2,0.447213595,0.392,5
30484296_MinPolqaSfbRecording_cut.wav,3.0,0.707106781,0.619806421,5
28458381_MinPolqaSfbRecording_cut.wav,3.6,0.547722558,0.48009999,5
30177019_MinPolqaSfbRecording_cut.wav,3.4,0.547722558,0.48009999,5
30097472_MinPolqaSfbRecording_cut.wav,2.4,0.894427191,0.784,5
30127519_MinPolqaSfbRecording_cut.wav,2.8,1.483239697,1.300116918,5
30432790_MinPolqaSfbRecording_cut.wav,2.2,1.095445115,0.960199979,5
30096423_MinPolqaSfbRecording_cut.wav,4.0,1.414213562,1.385929291,4
27966234_MinPolqaSfbRecording_cut.wav,4.25,0.5,0.49,4
30072873_MinPolqaSfbRecording_cut.wav,4.75,0.5,0.49,4
30413962_MinPolqaSfbRecording_cut.wav,2.25,1.258305739,1.233139624,4
30143319_MinPolqaSfbRecording_cut.wav,3.25,1.5,1.47,4
30444687_MinPolqaSfbRecording_cut.wav,4.5,0.577350269,0.565803264,4
28323197_MinPolqaSfbRecording_cut.wav,4.75,0.5,0.49,4
30086694_MinPolqaSfbRecording_cut.wav,3.0,0.816496581,0.800166649,4
30176482_MinPolqaSfbRecording_cut.wav,1.5,0.577350269,0.565803264,4
30489077_MinPolqaSfbRecording_cut.wav,2.25,0.957427108,0.938278566,4
30128782_MinPolqaSfbRecording_cut.wav,2.25,0.5,0.49,4
30062760_MinPolqaSfbRecording_cut.wav,3.5,0.577350269,0.565803264,4
30260892_MinPolqaSfbRecording_cut.wav,2.0,0.816496581,0.800166649,4
30471142_MinPolqaSfbRecording_cut.wav,2.25,0.957427108,0.938278566,4
30153975_MinPolqaSfbRecording_cut.wav,4.25,0.957427108,0.938278566,4
29537101_MinPolqaSfbRecording_cut.wav,3.6,1.140175425,0.999407825,5
30154846_MinPolqaSfbRecording_cut.wav,3.0,1.58113883,1.385929291,5
28920955_MinPolqaSfbRecording_cut.wav,4.0,1.224744871,1.073536213,5
30184157_MinPolqaSfbRecording_cut.wav,3.0,1.224744871,1.073536213,5
28132923_MinPolqaSfbRecording_cut.wav,4.0,1.224744871,1.073536213,5
28025272_MinPolqaSfbRecording_cut.wav,3.8,1.095445115,0.960199979,5
30485401_MinPolqaSfbRecording_cut.wav,2.8,1.095445115,0.960199979,5
30484372_MinPolqaSfbRecording_cut.wav,3.6,1.140175425,0.999407825,5
30149708_MinPolqaSfbRecording_cut.wav,4.0,0.0,0.0,3
29534556_MinPolqaSfbRecording_cut.wav,1.333333333,0.577350269,0.653333333,3
29533887_MinPolqaSfbRecording_cut.wav,3.666666667,0.577350269,0.653333333,3
30475544_MinPolqaSfbRecording_cut.wav,3.666666667,0.577350269,0.653333333,3
30105122_MinPolqaSfbRecording_cut.wav,3.0,0.0,0.0,3
30096067_MinPolqaSfbRecording_cut.wav,2.666666667,0.577350269,0.653333333,3
30253560_MinPolqaSfbRecording_cut.wav,3.333333333,0.577350269,0.653333333,3
30456560_MinPolqaSfbRecording_cut.wav,3.666666667,0.577350269,0.653333333,3
30213124_MinPolqaSfbRecording_cut.wav,2.333333333,0.577350269,0.653333333,3
30426818_MinPolqaSfbRecording_cut.wav,2.25,1.258305739,1.233139624,4
30465996_MinPolqaSfbRecording_cut.wav,3.75,0.5,0.49,4
28710137_MinPolqaSfbRecording_cut.wav,4.5,0.577350269,0.565803264,4
30134444_MinPolqaSfbRecording_cut.wav,3.0,0.816496581,0.800166649,4
28819176_MinPolqaSfbRecording_cut.wav,4.25,0.5,0.49,4
30096166_MinPolqaSfbRecording_cut.wav,4.5,0.577350269,0.565803264,4
30080295_MinPolqaSfbRecording_cut.wav,2.5,1.0,0.98,4
30179911_MinPolqaSfbRecording_cut.wav,3.25,0.957427108,0.938278566,4
30204758_MinPolqaSfbRecording_cut.wav,4.5,0.577350269,0.565803264,4
30477831_MinPolqaSfbRecording_cut.wav,4.0,0.0,0.0,4
29530133_MinPolqaSfbRecording_cut.wav,4.333333333,0.577350269,0.653333333,3
27806914_MinPolqaSfbRecording_cut.wav,4.333333333,1.154700538,1.306666667,3
30149424_MinPolqaSfbRecording_cut.wav,4.333333333,0.577350269,0.653333333,3
28869118_MinPolqaSfbRecording_cut.wav,4.666666667,0.577350269,0.653333333,3
28295907_MinPolqaSfbRecording_cut.wav,4.333333333,0.577350269,0.653333333,3
28667444_MinPolqaSfbRecording_cut.wav,4.333333333,0.577350269,0.653333333,3
30469263_MinPolqaSfbRecording_cut.wav,3.0,1.0,1.131606528,3
30185649_MinPolqaSfbRecording_cut.wav,1.666666667,1.154700538,1.306666667,3
28360810_MinPolqaSfbRecording_cut.wav,4.2,0.836660027,0.733364848,5
30443344_MinPolqaSfbRecording_cut.wav,2.6,0.894427191,0.784,5
27744478_MinPolqaSfbRecording_cut.wav,4.0,1.0,0.876538647,5
30207208_MinPolqaSfbRecording_cut.wav,2.8,1.303840481,1.142866571,5
28508193_MinPolqaSfbRecording_cut.wav,3.6,1.673320053,1.466729696,5
27721439_MinPolqaSfbRecording_cut.wav,3.2,0.836660027,0.733364848,5
28209148_MinPolqaSfbRecording_cut.wav,3.4,1.673320053,1.466729696,5
30514610_MinPolqaSfbRecording_cut.wav,3.4,0.894427191,0.784,5
30473397_MinPolqaSfbRecording_cut.wav,1.4,0.547722558,0.48009999,5
30253315_MinPolqaSfbRecording_cut.wav,1.0,0.0,0.0,5
30151662_MinPolqaSfbRecording_cut.wav,2.4,0.894427191,0.784,5
28303218_MinPolqaSfbRecording_cut.wav,3.0,1.224744871,1.073536213,5
29533813_MinPolqaSfbRecording_cut.wav,1.8,1.303840481,1.142866571,5
30106467_MinPolqaSfbRecording_cut.wav,3.0,0.707106781,0.619806421,5
27888231_MinPolqaSfbRecording_cut.wav,2.8,0.447213595,0.392,5
30150632_MinPolqaSfbRecording_cut.wav,2.5,1.290994449,1.26517456,4
30205987_MinPolqaSfbRecording_cut.wav,2.5,1.290994449,1.26517456,4
30206595_MinPolqaSfbRecording_cut.wav,4.5,1.0,0.98,4
30508565_MinPolqaSfbRecording_cut.wav,2.25,1.258305739,1.233139624,4
30212614_MinPolqaSfbRecording_cut.wav,2.75,0.957427108,0.938278566,4
30406025_MinPolqaSfbRecording_cut.wav,3.75,0.5,0.49,4
30181752_MinPolqaSfbRecording_cut.wav,2.5,0.577350269,0.565803264,4
30520947_MinPolqaSfbRecording_cut.wav,3.5,0.577350269,0.565803264,4
30151668_MinPolqaSfbRecording_cut.wav,3.0,0.816496581,0.800166649,4
30192557_MinPolqaSfbRecording_cut.wav,3.75,0.957427108,0.938278566,4
30175349_MinPolqaSfbRecording_cut.wav,2.75,0.957427108,0.938278566,4
30127842_MinPolqaSfbRecording_cut.wav,4.25,0.957427108,0.938278566,4
30521502_MinPolqaSfbRecording_cut.wav,3.5,1.0,0.98,4
30528682_MinPolqaSfbRecording_cut.wav,3.0,0.816496581,0.800166649,4
30462497_MinPolqaSfbRecording_cut.wav,3.75,1.258305739,1.233139624,4
28637438_MinPolqaSfbRecording_cut.wav,4.5,0.577350269,0.565803264,4
30098067_MinPolqaSfbRecording_cut.wav,4.0,0.816496581,0.800166649,4
30141199_MinPolqaSfbRecording_cut.wav,3.0,0.816496581,0.800166649,4
30154123_MinPolqaSfbRecording_cut.wav,2.0,0.707106781,0.619806421,5
30481861_MinPolqaSfbRecording_cut.wav,4.4,0.894427191,0.784,5
30254119_MinPolqaSfbRecording_cut.wav,2.8,0.836660027,0.733364848,5
30209713_MinPolqaSfbRecording_cut.wav,3.8,0.836660027,0.733364848,5
28003817_MinPolqaSfbRecording_cut.wav,3.6,0.894427191,0.784,5
28837727_MinPolqaSfbRecording_cut.wav,4.4,0.894427191,0.784,5
27939872_MinPolqaSfbRecording_cut.wav,4.6,0.547722558,0.48009999,5
28500251_MinPolqaSfbRecording_cut.wav,4.4,0.894427191,0.784,5
30129137_MinPolqaSfbRecording_cut.wav,2.6,0.547722558,0.48009999,5
30097069_MinPolqaSfbRecording_cut.wav,2.8,0.836660027,0.733364848,5
30193999_MinPolqaSfbRecording_cut.wav,3.6,0.547722558,0.48009999,5
30083191_MinPolqaSfbRecording_cut.wav,3.6,0.894427191,0.784,5
30097326_MinPolqaSfbRecording_cut.wav,2.8,0.836660027,0.733364848,5
30522217_MinPolqaSfbRecording_cut.wav,3.2,0.836660027,0.733364848,5
28278746_MinPolqaSfbRecording_cut.wav,3.8,0.836660027,0.733364848,5
30140663_MinPolqaSfbRecording_cut.wav,2.8,0.836660027,0.733364848,5
30090744_MinPolqaSfbRecording_cut.wav,3.6,0.547722558,0.48009999,5
30212838_MinPolqaSfbRecording_cut.wav,3.2,0.836660027,0.733364848,5
30475021_MinPolqaSfbRecording_cut.wav,2.2,1.643167673,1.440299969,5
30185720_MinPolqaSfbRecording_cut.wav,2.4,1.140175425,0.999407825,5
30160114_MinPolqaSfbRecording_cut.wav,2.8,0.836660027,0.733364848,5
30067166_MinPolqaSfbRecording_cut.wav,3.2,0.836660027,0.733364848,5
30165525_MinPolqaSfbRecording_cut.wav,3.4,0.547722558,0.48009999,5
30448917_MinPolqaSfbRecording_cut.wav,2.8,0.836660027,0.733364848,5
30070387_MinPolqaSfbRecording_cut.wav,2.0,0.707106781,0.619806421,5
30102814_MinPolqaSfbRecording_cut.wav,3.2,0.836660027,0.733364848,5
30082137_MinPolqaSfbRecording_cut.wav,3.8,0.447213595,0.392,5
30100196_MinPolqaSfbRecording_cut.wav,2.4,0.894427191,0.784,5
30089379_MinPolqaSfbRecording_cut.wav,2.8,0.836660027,0.733364848,5
30161006_MinPolqaSfbRecording_cut.wav,3.0,1.0,1.131606528,3
30212311_MinPolqaSfbRecording_cut.wav,3.666666667,1.154700538,1.306666667,3
28840116_MinPolqaSfbRecording_cut.wav,4.0,1.0,1.131606528,3
30262729_MinPolqaSfbRecording_cut.wav,3.0,1.732050808,1.96,3
30133884_MinPolqaSfbRecording_cut.wav,3.333333333,0.577350269,0.653333333,3
28749969_MinPolqaSfbRecording_cut.wav,5.0,0.0,0.0,3
28649959_MinPolqaSfbRecording_cut.wav,3.666666667,0.577350269,0.653333333,3
30421635_MinPolqaSfbRecording_cut.wav,4.333333333,0.577350269,0.653333333,3
30122019_MinPolqaSfbRecording_cut.wav,4.0,0.816496581,0.800166649,4
30165907_MinPolqaSfbRecording_cut.wav,3.75,0.957427108,0.938278566,4
30137071_MinPolqaSfbRecording_cut.wav,4.75,0.5,0.49,4
30522134_MinPolqaSfbRecording_cut.wav,4.25,0.957427108,0.938278566,4
30087252_MinPolqaSfbRecording_cut.wav,2.75,0.5,0.49,4
30447086_MinPolqaSfbRecording_cut.wav,2.5,0.577350269,0.565803264,4
30183207_MinPolqaSfbRecording_cut.wav,3.25,0.5,0.49,4
29537297_MinPolqaSfbRecording_cut.wav,2.0,1.154700538,1.131606528,4
30085750_MinPolqaSfbRecording_cut.wav,4.25,0.957427108,0.938278566,4
30417629_MinPolqaSfbRecording_cut.wav,2.666666667,1.527525232,1.728557523,3
30425095_MinPolqaSfbRecording_cut.wav,2.333333333,1.527525232,1.728557523,3
28551788_MinPolqaSfbRecording_cut.wav,4.0,0.0,0.0,3
30091774_MinPolqaSfbRecording_cut.wav,3.333333333,0.577350269,0.653333333,3
30087175_MinPolqaSfbRecording_cut.wav,2.333333333,1.527525232,1.728557523,3
30108318_MinPolqaSfbRecording_cut.wav,3.0,1.0,1.131606528,3
29541587_MinPolqaSfbRecording_cut.wav,3.0,1.0,1.131606528,3
30477814_MinPolqaSfbRecording_cut.wav,4.0,0.0,0.0,3
30178477_MinPolqaSfbRecording_cut.wav,2.75,0.957427108,0.938278566,4
27815409_MinPolqaSfbRecording_cut.wav,4.0,0.0,0.0,4
27626620_MinPolqaSfbRecording_cut.wav,3.5,1.0,0.98,4
27578606_MinPolqaSfbRecording_cut.wav,3.75,0.957427108,0.938278566,4
28196767_MinPolqaSfbRecording_cut.wav,3.25,0.957427108,0.938278566,4
27865950_MinPolqaSfbRecording_cut.wav,3.5,1.0,0.98,4
30512510_MinPolqaSfbRecording_cut.wav,2.0,1.154700538,1.131606528,4
28879334_MinPolqaSfbRecording_cut.wav,4.25,0.957427108,0.938278566,4
28058843_MinPolqaSfbRecording_cut.wav,5.0,0.0,0.0,4
30448973_MinPolqaSfbRecording_cut.wav,3.5,0.577350269,0.565803264,4
30082779_MinPolqaSfbRecording_cut.wav,3.5,1.0,0.98,4
30445138_MinPolqaSfbRecording_cut.wav,1.75,0.5,0.49,4
30432873_MinPolqaSfbRecording_cut.wav,2.5,0.577350269,0.565803264,4
30491243_MinPolqaSfbRecording_cut.wav,1.5,0.577350269,0.565803264,4
30135891_MinPolqaSfbRecording_cut.wav,2.0,0.816496581,0.800166649,4
30263859_MinPolqaSfbRecording_cut.wav,3.0,0.0,0.0,4
27798316_MinPolqaSfbRecording_cut.wav,4.0,0.816496581,0.800166649,4
29012392_MinPolqaSfbRecording_cut.wav,4.0,0.816496581,0.800166649,4
30260241_MinPolqaSfbRecording_cut.wav,2.0,1.414213562,1.385929291,4
28977107_MinPolqaSfbRecording_cut.wav,3.5,0.577350269,0.565803264,4
30080312_MinPolqaSfbRecording_cut.wav,3.0,0.816496581,0.800166649,4
29530356_MinPolqaSfbRecording_cut.wav,3.25,0.5,0.49,4
28135720_MinPolqaSfbRecording_cut.wav,4.25,0.957427108,0.938278566,4
28424456_MinPolqaSfbRecording_cut.wav,3.75,0.5,0.49,4
30422255_MinPolqaSfbRecording_cut.wav,3.5,2.121320344,2.94,2
30069717_MinPolqaSfbRecording_cut.wav,3.0,2.828427125,3.92,2
28023319_MinPolqaSfbRecording_cut.wav,4.5,0.707106781,0.98,2
29541495_MinPolqaSfbRecording_cut.wav,3.0,0.0,0.0,2
30467500_MinPolqaSfbRecording_cut.wav,3.5,2.121320344,2.94,2
30478418_MinPolqaSfbRecording_cut.wav,4.0,1.414213562,1.96,2
30128710_MinPolqaSfbRecording_cut.wav,3.0,0.0,0.0,2
30091879_MinPolqaSfbRecording_cut.wav,4.5,0.707106781,0.98,2
30159829_MinPolqaSfbRecording_cut.wav,2.0,1.732050808,1.96,3
28139460_MinPolqaSfbRecording_cut.wav,2.666666667,1.527525232,1.728557523,3
30485790_MinPolqaSfbRecording_cut.wav,3.0,1.0,1.131606528,3
30136690_MinPolqaSfbRecording_cut.wav,4.333333333,0.577350269,0.653333333,3
28878596_MinPolqaSfbRecording_cut.wav,4.666666667,0.577350269,0.653333333,3
30469098_MinPolqaSfbRecording_cut.wav,3.666666667,1.154700538,1.306666667,3
30193510_MinPolqaSfbRecording_cut.wav,3.0,1.0,1.131606528,3
30066244_MinPolqaSfbRecording_cut.wav,3.666666667,0.577350269,0.653333333,3
30080897_MinPolqaSfbRecording_cut.wav,3.75,0.5,0.49,4
30251806_MinPolqaSfbRecording_cut.wav,2.5,0.577350269,0.565803264,4
28629536_MinPolqaSfbRecording_cut.wav,4.0,0.816496581,0.800166649,4
30404990_MinPolqaSfbRecording_cut.wav,4.25,0.5,0.49,4
27686037_MinPolqaSfbRecording_cut.wav,3.5,0.577350269,0.565803264,4
30531987_MinPolqaSfbRecording_cut.wav,2.5,0.577350269,0.565803264,4
30428846_MinPolqaSfbRecording_cut.wav,3.75,0.5,0.49,4
30110648_MinPolqaSfbRecording_cut.wav,1.5,0.577350269,0.565803264,4
30088581_MinPolqaSfbRecording_cut.wav,3.5,0.577350269,0.565803264,4
30468063_MinPolqaSfbRecording_cut.wav,2.75,0.5,0.49,4
30176818_MinPolqaSfbRecording_cut.wav,2.75,0.957427108,0.938278566,4
29539553_MinPolqaSfbRecording_cut.wav,4.5,0.577350269,0.565803264,4
28743571_MinPolqaSfbRecording_cut.wav,4.5,0.577350269,0.565803264,4
30107360_MinPolqaSfbRecording_cut.wav,3.25,0.5,0.49,4
30413767_MinPolqaSfbRecording_cut.wav,2.75,0.5,0.49,4
30066831_MinPolqaSfbRecording_cut.wav,4.25,0.957427108,0.938278566,4
30437017_MinPolqaSfbRecording_cut.wav,3.0,0.816496581,0.800166649,4
30165217_MinPolqaSfbRecording_cut.wav,3.2,0.836660027,0.733364848,5
30082991_MinPolqaSfbRecording_cut.wav,4.0,0.707106781,0.619806421,5
28164655_MinPolqaSfbRecording_cut.wav,4.0,0.707106781,0.619806421,5
30466506_MinPolqaSfbRecording_cut.wav,3.2,0.836660027,0.733364848,5
28973613_MinPolqaSfbRecording_cut.wav,4.0,0.707106781,0.619806421,5
30090873_MinPolqaSfbRecording_cut.wav,3.4,0.547722558,0.48009999,5
30060570_MinPolqaSfbRecording_cut.wav,2.0,0.707106781,0.619806421,5
28946060_MinPolqaSfbRecording_cut.wav,3.2,0.447213595,0.392,5
30456790_MinPolqaSfbRecording_cut.wav,3.6,0.894427191,0.784,5
28335115_MinPolqaSfbRecording_cut.wav,3.8,0.836660027,0.733364848,5
28058552_MinPolqaSfbRecording_cut.wav,3.2,0.447213595,0.392,5
30511875_MinPolqaSfbRecording_cut.wav,3.6,0.894427191,0.784,5
30126257_MinPolqaSfbRecording_cut.wav,3.0,1.224744871,1.073536213,5
29530321_MinPolqaSfbRecording_cut.wav,2.4,0.547722558,0.48009999,5
30400482_MinPolqaSfbRecording_cut.wav,2.2,1.303840481,1.142866571,5
30180769_MinPolqaSfbRecording_cut.wav,2.4,1.140175425,0.999407825,5
28908825_MinPolqaSfbRecording_cut.wav,3.8,0.447213595,0.392,5
30531340_MinPolqaSfbRecording_cut.wav,3.2,1.095445115,0.960199979,5
30157883_MinPolqaSfbRecording_cut.wav,2.333333333,1.154700538,1.306666667,3
27849234_MinPolqaSfbRecording_cut.wav,2.666666667,0.577350269,0.653333333,3
29531311_MinPolqaSfbRecording_cut.wav,4.0,0.0,0.0,3
30458496_MinPolqaSfbRecording_cut.wav,2.333333333,0.577350269,0.653333333,3
30467432_MinPolqaSfbRecording_cut.wav,2.333333333,0.577350269,0.653333333,3
30456809_MinPolqaSfbRecording_cut.wav,2.0,0.0,0.0,3
28260263_MinPolqaSfbRecording_cut.wav,4.0,0.0,0.0,3
30077156_MinPolqaSfbRecording_cut.wav,2.75,0.5,0.49,4
30147883_MinPolqaSfbRecording_cut.wav,3.5,1.0,0.98,4
30211486_MinPolqaSfbRecording_cut.wav,2.5,1.0,0.98,4
30404887_MinPolqaSfbRecording_cut.wav,4.25,0.5,0.49,4
28596426_MinPolqaSfbRecording_cut.wav,3.25,0.5,0.49,4
30436754_MinPolqaSfbRecording_cut.wav,1.75,0.5,0.49,4
27898517_MinPolqaSfbRecording_cut.wav,3.75,0.957427108,0.938278566,4
30067171_MinPolqaSfbRecording_cut.wav,2.25,0.5,0.49,4
30260535_MinPolqaSfbRecording_cut.wav,4.0,0.816496581,0.800166649,4
30066263_MinPolqaSfbRecording_cut.wav,2.0,0.707106781,0.619806421,5
30152174_MinPolqaSfbRecording_cut.wav,1.6,0.894427191,0.784,5
30501388_MinPolqaSfbRecording_cut.wav,2.4,0.894427191,0.784,5
30097294_MinPolqaSfbRecording_cut.wav,3.6,0.547722558,0.48009999,5
30516899_MinPolqaSfbRecording_cut.wav,2.4,0.894427191,0.784,5
30110399_MinPolqaSfbRecording_cut.wav,3.6,0.547722558,0.48009999,5
30082288_MinPolqaSfbRecording_cut.wav,3.0,0.707106781,0.619806421,5
28898985_MinPolqaSfbRecording_cut.wav,3.8,0.836660027,0.733364848,5
30113952_MinPolqaSfbRecording_cut.wav,3.8,0.447213595,0.392,5
30508418_MinPolqaSfbRecording_cut.wav,3.2,0.836660027,0.733364848,5
30081876_MinPolqaSfbRecording_cut.wav,1.8,0.836660027,0.733364848,5
29533388_MinPolqaSfbRecording_cut.wav,3.8,0.447213595,0.392,5
30413766_MinPolqaSfbRecording_cut.wav,3.6,0.547722558,0.48009999,5
30452975_MinPolqaSfbRecording_cut.wav,2.8,1.303840481,1.142866571,5
30166426_MinPolqaSfbRecording_cut.wav,2.8,1.303840481,1.142866571,5
30466512_MinPolqaSfbRecording_cut.wav,2.8,1.303840481,1.142866571,5
30146417_MinPolqaSfbRecording_cut.wav,3.0,1.0,0.876538647,5
30478920_MinPolqaSfbRecording_cut.wav,4.4,0.547722558,0.48009999,5
30102826_MinPolqaSfbRecording_cut.wav,4.0,0.707106781,0.619806421,5
29529359_MinPolqaSfbRecording_cut.wav,4.2,0.447213595,0.392,5
28766139_MinPolqaSfbRecording_cut.wav,2.6,0.547722558,0.48009999,5
28132676_MinPolqaSfbRecording_cut.wav,4.0,0.707106781,0.619806421,5
30126429_MinPolqaSfbRecording_cut.wav,3.6,1.140175425,0.999407825,5
30405384_MinPolqaSfbRecording_cut.wav,2.0,0.707106781,0.619806421,5
30178606_MinPolqaSfbRecording_cut.wav,4.8,0.447213595,0.392,5
30124801_MinPolqaSfbRecording_cut.wav,3.0,1.224744871,1.073536213,5
27915056_MinPolqaSfbRecording_cut.wav,4.0,1.0,0.876538647,5
30098740_MinPolqaSfbRecording_cut.wav,3.8,0.836660027,0.733364848,5
30193898_MinPolqaSfbRecording_cut.wav,4.6,0.547722558,0.48009999,5
27736102_MinPolqaSfbRecording_cut.wav,4.0,0.707106781,0.619806421,5
28794613_MinPolqaSfbRecording_cut.wav,4.0,0.707106781,0.619806421,5
30461478_MinPolqaSfbRecording_cut.wav,4.0,0.0,0.0,5
28362596_MinPolqaSfbRecording_cut.wav,3.8,0.447213595,0.392,5
27684376_MinPolqaSfbRecording_cut.wav,3.6,0.547722558,0.48009999,5
30252064_MinPolqaSfbRecording_cut.wav,2.0,0.0,0.0,4
30252478_MinPolqaSfbRecording_cut.wav,2.75,0.5,0.49,4
30406007_MinPolqaSfbRecording_cut.wav,3.0,0.816496581,0.800166649,4
30484235_MinPolqaSfbRecording_cut.wav,4.0,0.816496581,0.800166649,4
30529732_MinPolqaSfbRecording_cut.wav,2.0,0.816496581,0.800166649,4
30097358_MinPolqaSfbRecording_cut.wav,3.25,0.5,0.49,4
30132908_MinPolqaSfbRecording_cut.wav,3.25,0.957427108,0.938278566,4
30422608_MinPolqaSfbRecording_cut.wav,2.75,0.5,0.49,4
30195561_MinPolqaSfbRecording_cut.wav,3.0,1.0,1.131606528,3
28210390_MinPolqaSfbRecording_cut.wav,3.666666667,0.577350269,0.653333333,3
27928781_MinPolqaSfbRecording_cut.wav,3.333333333,0.577350269,0.653333333,3
30482910_MinPolqaSfbRecording_cut.wav,3.333333333,0.577350269,0.653333333,3
30189154_MinPolqaSfbRecording_cut.wav,1.333333333,0.577350269,0.653333333,3
30162091_MinPolqaSfbRecording_cut.wav,2.333333333,1.527525232,1.728557523,3
30439059_MinPolqaSfbRecording_cut.wav,3.0,1.0,1.131606528,3
30406303_MinPolqaSfbRecording_cut.wav,2.666666667,1.154700538,1.306666667,3
30464187_MinPolqaSfbRecording_cut.wav,3.0,1.0,1.131606528,3
30427607_MinPolqaSfbRecording_cut.wav,2.333333333,0.577350269,0.653333333,3
27876122_MinPolqaSfbRecording_cut.wav,4.2,0.836660027,0.733364848,5
30067911_MinPolqaSfbRecording_cut.wav,2.8,0.836660027,0.733364848,5
30061838_MinPolqaSfbRecording_cut.wav,4.2,0.836660027,0.733364848,5
30253425_MinPolqaSfbRecording_cut.wav,3.8,0.836660027,0.733364848,5
29532325_MinPolqaSfbRecording_cut.wav,3.0,1.224744871,1.073536213,5
30430121_MinPolqaSfbRecording_cut.wav,4.4,0.894427191,0.784,5
30068422_MinPolqaSfbRecording_cut.wav,4.0,0.707106781,0.619806421,5
30433139_MinPolqaSfbRecording_cut.wav,2.8,0.836660027,0.733364848,5
30453525_MinPolqaSfbRecording_cut.wav,3.2,1.095445115,0.960199979,5
27946677_MinPolqaSfbRecording_cut.wav,4.2,0.447213595,0.392,5
30163029_MinPolqaSfbRecording_cut.wav,4.6,0.547722558,0.48009999,5
30068694_MinPolqaSfbRecording_cut.wav,3.0,1.224744871,1.073536213,5
30488879_MinPolqaSfbRecording_cut.wav,3.2,1.303840481,1.142866571,5
30403893_MinPolqaSfbRecording_cut.wav,4.2,0.836660027,0.733364848,5
30091814_MinPolqaSfbRecording_cut.wav,3.6,1.341640786,1.176,5
30090495_MinPolqaSfbRecording_cut.wav,3.6,1.516575089,1.329336677,5
30183372_MinPolqaSfbRecording_cut.wav,3.4,1.341640786,1.176,5
30067581_MinPolqaSfbRecording_cut.wav,3.2,1.303840481,1.142866571,5
30182364_MinPolqaSfbRecording_cut.wav,4.2,0.836660027,0.733364848,5
30092169_MinPolqaSfbRecording_cut.wav,4.25,0.5,0.49,4
30109865_MinPolqaSfbRecording_cut.wav,3.25,0.5,0.49,4
30509235_MinPolqaSfbRecording_cut.wav,4.0,0.816496581,0.800166649,4
30261873_MinPolqaSfbRecording_cut.wav,2.0,1.414213562,1.385929291,4
30148887_MinPolqaSfbRecording_cut.wav,4.0,0.0,0.0,4
30455646_MinPolqaSfbRecording_cut.wav,3.5,1.290994449,1.26517456,4
30528683_MinPolqaSfbRecording_cut.wav,3.0,0.816496581,0.800166649,4
29533412_MinPolqaSfbRecording_cut.wav,2.666666667,1.154700538,1.306666667,3
30144834_MinPolqaSfbRecording_cut.wav,4.333333333,0.577350269,0.653333333,3
30133097_MinPolqaSfbRecording_cut.wav,3.0,0.0,0.0,3
30426375_MinPolqaSfbRecording_cut.wav,2.333333333,0.577350269,0.653333333,3
30179090_MinPolqaSfbRecording_cut.wav,3.0,1.0,1.131606528,3
27709594_MinPolqaSfbRecording_cut.wav,3.666666667,0.577350269,0.653333333,3
30164221_MinPolqaSfbRecording_cut.wav,3.333333333,1.527525232,1.728557523,3
30161260_MinPolqaSfbRecording_cut.wav,2.333333333,1.527525232,1.728557523,3
30454162_MinPolqaSfbRecording_cut.wav,3.5,0.577350269,0.565803264,4
30066106_MinPolqaSfbRecording_cut.wav,3.75,1.258305739,1.233139624,4
30200513_MinPolqaSfbRecording_cut.wav,2.5,1.290994449,1.26517456,4
30168289_MinPolqaSfbRecording_cut.wav,4.25,0.5,0.49,4
30415326_MinPolqaSfbRecording_cut.wav,3.0,1.414213562,1.385929291,4
30165213_MinPolqaSfbRecording_cut.wav,3.25,0.5,0.49,4
28144744_MinPolqaSfbRecording_cut.wav,4.0,0.816496581,0.800166649,4
30081862_MinPolqaSfbRecording_cut.wav,3.4,0.547722558,0.48009999,5
30173167_MinPolqaSfbRecording_cut.wav,3.2,0.836660027,0.733364848,5
30071703_MinPolqaSfbRecording_cut.wav,1.6,0.547722558,0.48009999,5
28550078_MinPolqaSfbRecording_cut.wav,3.8,0.836660027,0.733364848,5
30098346_MinPolqaSfbRecording_cut.wav,3.4,0.894427191,0.784,5
30081618_MinPolqaSfbRecording_cut.wav,2.4,0.547722558,0.48009999,5
30256222_MinPolqaSfbRecording_cut.wav,3.2,1.303840481,1.142866571,5
30475683_MinPolqaSfbRecording_cut.wav,3.0,0.707106781,0.619806421,5
27842850_MinPolqaSfbRecording_cut.wav,4.0,0.707106781,0.619806421,5
30076005_MinPolqaSfbRecording_cut.wav,3.2,0.447213595,0.392,5
30127752_MinPolqaSfbRecording_cut.wav,2.6,0.894427191,0.784,5
30481419_MinPolqaSfbRecording_cut.wav,1.8,0.447213595,0.392,5
30475036_MinPolqaSfbRecording_cut.wav,3.6,0.894427191,0.784,5
30068222_MinPolqaSfbRecording_cut.wav,2.0,0.0,0.0,5
28282643_MinPolqaSfbRecording_cut.wav,4.4,0.547722558,0.48009999,5
29531972_MinPolqaSfbRecording_cut.wav,2.0,0.707106781,0.619806421,5
28493506_MinPolqaSfbRecording_cut.wav,3.8,0.836660027,0.733364848,5
30401617_MinPolqaSfbRecording_cut.wav,3.0,1.224744871,1.073536213,5
27889871_MinPolqaSfbRecording_cut.wav,4.2,0.447213595,0.392,5
30161631_MinPolqaSfbRecording_cut.wav,3.2,1.303840481,1.142866571,5
30451226_MinPolqaSfbRecording_cut.wav,1.8,0.447213595,0.392,5
30249577_MinPolqaSfbRecording_cut.wav,3.0,0.0,0.0,5
28336075_MinPolqaSfbRecording_cut.wav,2.8,0.836660027,0.733364848,5
30199970_MinPolqaSfbRecording_cut.wav,3.0,0.707106781,0.619806421,5
30482448_MinPolqaSfbRecording_cut.wav,2.2,0.836660027,0.733364848,5
30182618_MinPolqaSfbRecording_cut.wav,3.6,0.547722558,0.48009999,5
30198520_MinPolqaSfbRecording_cut.wav,1.5,0.707106781,0.98,2
30117084_MinPolqaSfbRecording_cut.wav,2.5,0.707106781,0.98,2
30456919_MinPolqaSfbRecording_cut.wav,1.0,0.0,0.0,2
30160153_MinPolqaSfbRecording_cut.wav,1.5,0.707106781,0.98,2
30138497_MinPolqaSfbRecording_cut.wav,2.5,0.707106781,0.98,2
30431646_MinPolqaSfbRecording_cut.wav,2.5,0.707106781,0.98,2
30486961_MinPolqaSfbRecording_cut.wav,1.5,0.707106781,0.98,2
30129450_MinPolqaSfbRecording_cut.wav,2.5,0.707106781,0.98,2
28672942_MinPolqaSfbRecording_cut.wav,3.5,0.707106781,0.98,2
29043002_MinPolqaSfbRecording_cut.wav,4.0,0.0,0.0,2
30160886_MinPolqaSfbRecording_cut.wav,2.0,1.414213562,1.96,2
27834209_MinPolqaSfbRecording_cut.wav,4.0,0.0,0.0,2
30457579_MinPolqaSfbRecording_cut.wav,2.5,0.707106781,0.98,2
27516426_MinPolqaSfbRecording_cut.wav,2.5,0.707106781,0.98,2
30122534_MinPolqaSfbRecording_cut.wav,4.5,0.707106781,0.98,2
30257100_MinPolqaSfbRecording_cut.wav,3.5,0.707106781,0.98,2
30250470_MinPolqaSfbRecording_cut.wav,3.0,1.414213562,1.385929291,4
30083494_MinPolqaSfbRecording_cut.wav,2.0,1.414213562,1.385929291,4
30212101_MinPolqaSfbRecording_cut.wav,3.25,0.5,0.49,4
30170787_MinPolqaSfbRecording_cut.wav,3.0,0.816496581,0.800166649,4
30443968_MinPolqaSfbRecording_cut.wav,1.75,1.5,1.47,4
30455798_MinPolqaSfbRecording_cut.wav,3.25,1.258305739,1.233139624,4
30440207_MinPolqaSfbRecording_cut.wav,2.25,1.258305739,1.233139624,4
30091318_MinPolqaSfbRecording_cut.wav,1.75,0.957427108,0.938278566,4
30176378_MinPolqaSfbRecording_cut.wav,3.333333333,1.527525232,1.728557523,3
30522939_MinPolqaSfbRecording_cut.wav,3.666666667,0.577350269,0.653333333,3
30202632_MinPolqaSfbRecording_cut.wav,4.0,0.0,0.0,3
27890326_MinPolqaSfbRecording_cut.wav,3.333333333,0.577350269,0.653333333,3
28894406_MinPolqaSfbRecording_cut.wav,3.666666667,0.577350269,0.653333333,3
30428087_MinPolqaSfbRecording_cut.wav,1.333333333,0.577350269,0.653333333,3
30174370_MinPolqaSfbRecording_cut.wav,2.333333333,0.577350269,0.653333333,3
30122899_MinPolqaSfbRecording_cut.wav,2.75,0.957427108,0.938278566,4
30060249_MinPolqaSfbRecording_cut.wav,2.5,1.290994449,1.26517456,4
28102498_MinPolqaSfbRecording_cut.wav,4.25,0.957427108,0.938278566,4
30477926_MinPolqaSfbRecording_cut.wav,2.25,1.258305739,1.233139624,4
30137986_MinPolqaSfbRecording_cut.wav,2.25,1.258305739,1.233139624,4
28338093_MinPolqaSfbRecording_cut.wav,4.25,0.957427108,0.938278566,4
30200293_MinPolqaSfbRecording_cut.wav,2.5,1.290994449,1.26517456,4
30421639_MinPolqaSfbRecording_cut.wav,3.75,0.957427108,0.938278566,4
30404691_MinPolqaSfbRecording_cut.wav,4.25,0.957427108,0.938278566,4
30467099_MinPolqaSfbRecording_cut.wav,3.75,1.258305739,1.233139624,4
30213232_MinPolqaSfbRecording_cut.wav,4.0,0.816496581,0.800166649,4
28822331_MinPolqaSfbRecording_cut.wav,4.0,0.816496581,0.800166649,4
30139590_MinPolqaSfbRecording_cut.wav,3.0,1.414213562,1.385929291,4
30457515_MinPolqaSfbRecording_cut.wav,3.75,0.5,0.49,4
30205456_MinPolqaSfbRecording_cut.wav,3.5,1.290994449,1.26517456,4
30083906_MinPolqaSfbRecording_cut.wav,3.25,0.957427108,0.938278566,4
30514638_MinPolqaSfbRecording_cut.wav,1.6,0.547722558,0.48009999,5
30483645_MinPolqaSfbRecording_cut.wav,4.0,1.414213562,1.239612843,5
30440559_MinPolqaSfbRecording_cut.wav,4.0,0.707106781,0.619806421,5
29539232_MinPolqaSfbRecording_cut.wav,3.2,1.095445115,0.960199979,5
30137406_MinPolqaSfbRecording_cut.wav,4.2,0.836660027,0.733364848,5
30443547_MinPolqaSfbRecording_cut.wav,3.4,0.894427191,0.784,5
30515684_MinPolqaSfbRecording_cut.wav,3.4,0.547722558,0.48009999,5
30164377_MinPolqaSfbRecording_cut.wav,2.0,2.0,1.96,4
27584631_MinPolqaSfbRecording_cut.wav,3.0,1.154700538,1.131606528,4
29023803_MinPolqaSfbRecording_cut.wav,2.75,1.707825128,1.673668625,4
27710870_MinPolqaSfbRecording_cut.wav,3.5,0.577350269,0.565803264,4
30257941_MinPolqaSfbRecording_cut.wav,3.0,1.414213562,1.385929291,4
27953195_MinPolqaSfbRecording_cut.wav,3.75,1.5,1.47,4
29032715_MinPolqaSfbRecording_cut.wav,3.5,1.290994449,1.26517456,4
30132196_MinPolqaSfbRecording_cut.wav,2.25,1.258305739,1.233139624,4
30069473_MinPolqaSfbRecording_cut.wav,2.0,1.414213562,1.385929291,4
30212512_MinPolqaSfbRecording_cut.wav,2.333333333,1.527525232,1.728557523,3
30443549_MinPolqaSfbRecording_cut.wav,2.666666667,0.577350269,0.653333333,3
30101062_MinPolqaSfbRecording_cut.wav,2.666666667,0.577350269,0.653333333,3
29556451_MinPolqaSfbRecording_cut.wav,3.333333333,0.577350269,0.653333333,3
30527502_MinPolqaSfbRecording_cut.wav,2.0,0.0,0.0,3
30504205_MinPolqaSfbRecording_cut.wav,2.0,1.0,1.131606528,3
27926141_MinPolqaSfbRecording_cut.wav,4.0,0.0,0.0,2
27655459_MinPolqaSfbRecording_cut.wav,4.0,0.0,0.0,2
30257197_MinPolqaSfbRecording_cut.wav,3.0,0.0,0.0,2
30523354_MinPolqaSfbRecording_cut.wav,1.5,0.707106781,0.98,2
29542528_MinPolqaSfbRecording_cut.wav,3.5,0.707106781,0.98,2
30154388_MinPolqaSfbRecording_cut.wav,1.0,0.0,0.0,2
27900635_MinPolqaSfbRecording_cut.wav,4.0,0.0,0.0,2
30093117_MinPolqaSfbRecording_cut.wav,2.5,0.707106781,0.98,2
30504295_MinPolqaSfbRecording_cut.wav,2.333333333,0.577350269,0.653333333,3
30511485_MinPolqaSfbRecording_cut.wav,1.333333333,0.577350269,0.653333333,3
30197410_MinPolqaSfbRecording_cut.wav,2.666666667,0.577350269,0.653333333,3
30505703_MinPolqaSfbRecording_cut.wav,3.333333333,0.577350269,0.653333333,3
28040852_MinPolqaSfbRecording_cut.wav,4.0,1.0,1.131606528,3
30485420_MinPolqaSfbRecording_cut.wav,3.333333333,1.154700538,1.306666667,3
30091438_MinPolqaSfbRecording_cut.wav,1.333333333,0.577350269,0.653333333,3
30087612_MinPolqaSfbRecording_cut.wav,2.666666667,0.577350269,0.653333333,3
30142607_MinPolqaSfbRecording_cut.wav,3.666666667,0.577350269,0.653333333,3
28751701_MinPolqaSfbRecording_cut.wav,3.666666667,0.577350269,0.653333333,3
30084969_MinPolqaSfbRecording_cut.wav,2.8,0.836660027,0.733364848,5
30423132_MinPolqaSfbRecording_cut.wav,3.2,0.447213595,0.392,5
30502138_MinPolqaSfbRecording_cut.wav,2.0,0.707106781,0.619806421,5
28931958_MinPolqaSfbRecording_cut.wav,3.8,0.447213595,0.392,5
30510774_MinPolqaSfbRecording_cut.wav,2.6,0.547722558,0.48009999,5
30511181_MinPolqaSfbRecording_cut.wav,3.8,0.836660027,0.733364848,5
30160251_MinPolqaSfbRecording_cut.wav,3.4,0.547722558,0.48009999,5
30065475_MinPolqaSfbRecording_cut.wav,3.0,0.707106781,0.619806421,5
30092720_MinPolqaSfbRecording_cut.wav,3.5,0.577350269,0.565803264,4
30411662_MinPolqaSfbRecording_cut.wav,4.0,0.816496581,0.800166649,4
30490595_MinPolqaSfbRecording_cut.wav,3.25,0.5,0.49,4
28750394_MinPolqaSfbRecording_cut.wav,3.25,0.5,0.49,4
30060748_MinPolqaSfbRecording_cut.wav,1.25,0.5,0.49,4
30140750_MinPolqaSfbRecording_cut.wav,3.25,0.5,0.49,4
27754662_MinPolqaSfbRecording_cut.wav,3.5,0.577350269,0.565803264,4
28808984_MinPolqaSfbRecording_cut.wav,3.75,0.5,0.49,4
29533734_MinPolqaSfbRecording_cut.wav,3.0,0.816496581,0.800166649,4
30510491_MinPolqaSfbRecording_cut.wav,4.5,1.0,0.98,4
30209975_MinPolqaSfbRecording_cut.wav,2.0,0.816496581,0.800166649,4
30205584_MinPolqaSfbRecording_cut.wav,3.25,0.5,0.49,4
27687528_MinPolqaSfbRecording_cut.wav,3.75,0.957427108,0.938278566,4
30065752_MinPolqaSfbRecording_cut.wav,4.5,1.0,0.98,4
28662576_MinPolqaSfbRecording_cut.wav,4.25,0.957427108,0.938278566,4
30091779_MinPolqaSfbRecording_cut.wav,4.0,1.154700538,1.131606528,4
30124724_MinPolqaSfbRecording_cut.wav,3.0,0.0,0.0,4
27761038_MinPolqaSfbRecording_cut.wav,3.6,0.547722558,0.48009999,5
30206929_MinPolqaSfbRecording_cut.wav,3.2,1.483239697,1.300116918,5
30523018_MinPolqaSfbRecording_cut.wav,2.4,1.140175425,0.999407825,5
30436198_MinPolqaSfbRecording_cut.wav,3.0,1.224744871,1.073536213,5
30081364_MinPolqaSfbRecording_cut.wav,2.8,1.095445115,0.960199979,5
30194240_MinPolqaSfbRecording_cut.wav,3.0,1.58113883,1.385929291,5
30484911_MinPolqaSfbRecording_cut.wav,3.2,1.303840481,1.142866571,5
28937297_MinPolqaSfbRecording_cut.wav,5.0,0.0,0.0,3
28111409_MinPolqaSfbRecording_cut.wav,4.666666667,0.577350269,0.653333333,3
30522666_MinPolqaSfbRecording_cut.wav,1.666666667,1.154700538,1.306666667,3
30212121_MinPolqaSfbRecording_cut.wav,3.333333333,0.577350269,0.653333333,3
30509075_MinPolqaSfbRecording_cut.wav,2.0,1.732050808,1.96,3
28669535_MinPolqaSfbRecording_cut.wav,4.0,1.0,1.131606528,3
30438891_MinPolqaSfbRecording_cut.wav,3.666666667,0.577350269,0.653333333,3
30404246_MinPolqaSfbRecording_cut.wav,2.666666667,0.577350269,0.653333333,3
28125192_MinPolqaSfbRecording_cut.wav,4.0,0.0,0.0,3
28134050_MinPolqaSfbRecording_cut.wav,4.25,0.5,0.49,4
30099268_MinPolqaSfbRecording_cut.wav,1.75,0.5,0.49,4
30429603_MinPolqaSfbRecording_cut.wav,2.5,0.577350269,0.565803264,4
30422929_MinPolqaSfbRecording_cut.wav,3.5,0.577350269,0.565803264,4
30189461_MinPolqaSfbRecording_cut.wav,2.5,0.577350269,0.565803264,4
30137796_MinPolqaSfbRecording_cut.wav,1.25,0.5,0.49,4
28752698_MinPolqaSfbRecording_cut.wav,4.25,0.5,0.49,4
30430699_MinPolqaSfbRecording_cut.wav,3.75,0.5,0.49,4
30200753_MinPolqaSfbRecording_cut.wav,1.5,0.577350269,0.565803264,4
29016662_MinPolqaSfbRecording_cut.wav,4.5,0.577350269,0.565803264,4
28536635_MinPolqaSfbRecording_cut.wav,3.25,0.5,0.49,4
30472252_MinPolqaSfbRecording_cut.wav,4.5,0.577350269,0.565803264,4
30486099_MinPolqaSfbRecording_cut.wav,2.5,0.577350269,0.565803264,4
30192782_MinPolqaSfbRecording_cut.wav,3.5,0.577350269,0.565803264,4
30126365_MinPolqaSfbRecording_cut.wav,3.5,0.577350269,0.565803264,4
28038796_MinPolqaSfbRecording_cut.wav,4.0,0.816496581,0.800166649,4
30100847_MinPolqaSfbRecording_cut.wav,4.25,0.5,0.49,4
30128784_MinPolqaSfbRecording_cut.wav,3.5,0.577350269,0.565803264,4
30106985_MinPolqaSfbRecording_cut.wav,2.0,0.816496581,0.800166649,4
30081718_MinPolqaSfbRecording_cut.wav,2.5,1.290994449,1.26517456,4
30480114_MinPolqaSfbRecording_cut.wav,2.25,0.957427108,0.938278566,4
30198250_MinPolqaSfbRecording_cut.wav,1.75,0.5,0.49,4
30145669_MinPolqaSfbRecording_cut.wav,2.75,0.957427108,0.938278566,4
28121845_MinPolqaSfbRecording_cut.wav,4.25,0.957427108,0.938278566,4
30069094_MinPolqaSfbRecording_cut.wav,3.25,0.957427108,0.938278566,4
30439891_MinPolqaSfbRecording_cut.wav,3.5,1.0,0.98,4
30059859_MinPolqaSfbRecording_cut.wav,2.25,1.258305739,1.233139624,4
30486500_MinPolqaSfbRecording_cut.wav,3.0,1.224744871,1.073536213,5
28295059_MinPolqaSfbRecording_cut.wav,4.4,0.547722558,0.48009999,5
30248927_MinPolqaSfbRecording_cut.wav,4.0,0.707106781,0.619806421,5
30172089_MinPolqaSfbRecording_cut.wav,3.6,0.894427191,0.784,5
28259629_MinPolqaSfbRecording_cut.wav,3.0,1.224744871,1.073536213,5
30424548_MinPolqaSfbRecording_cut.wav,3.4,1.140175425,0.999407825,5
30201917_MinPolqaSfbRecording_cut.wav,2.2,1.788854382,1.568,5
30083891_MinPolqaSfbRecording_cut.wav,3.0,0.707106781,0.619806421,5
27827060_MinPolqaSfbRecording_cut.wav,4.2,0.447213595,0.392,5
30420980_MinPolqaSfbRecording_cut.wav,4.0,1.0,0.876538647,5
30150347_MinPolqaSfbRecording_cut.wav,4.2,0.447213595,0.392,5
28711460_MinPolqaSfbRecording_cut.wav,4.6,0.547722558,0.48009999,5
28995530_MinPolqaSfbRecording_cut.wav,4.2,0.447213595,0.392,5
30141879_MinPolqaSfbRecording_cut.wav,3.0,1.224744871,1.073536213,5
30090951_MinPolqaSfbRecording_cut.wav,4.4,0.894427191,0.784,5
30059576_MinPolqaSfbRecording_cut.wav,3.2,0.836660027,0.733364848,5
30254494_MinPolqaSfbRecording_cut.wav,3.6,0.547722558,0.48009999,5
30154889_MinPolqaSfbRecording_cut.wav,3.4,1.140175425,0.999407825,5
30137984_MinPolqaSfbRecording_cut.wav,2.8,1.303840481,1.142866571,5
27759220_MinPolqaSfbRecording_cut.wav,4.5,1.0,0.98,4
30255913_MinPolqaSfbRecording_cut.wav,3.25,0.5,0.49,4
30514874_MinPolqaSfbRecording_cut.wav,3.25,0.5,0.49,4
30193054_MinPolqaSfbRecording_cut.wav,4.25,0.5,0.49,4
30122118_MinPolqaSfbRecording_cut.wav,4.0,0.0,0.0,4
30083629_MinPolqaSfbRecording_cut.wav,1.5,0.577350269,0.565803264,4
28933657_MinPolqaSfbRecording_cut.wav,3.75,0.5,0.49,4
30082705_MinPolqaSfbRecording_cut.wav,2.75,0.5,0.49,4
28704065_MinPolqaSfbRecording_cut.wav,4.0,1.154700538,1.131606528,4
30068939_MinPolqaSfbRecording_cut.wav,3.0,1.224744871,1.073536213,5
27651674_MinPolqaSfbRecording_cut.wav,3.8,1.303840481,1.142866571,5
28027474_MinPolqaSfbRecording_cut.wav,3.4,1.516575089,1.329336677,5
30469959_MinPolqaSfbRecording_cut.wav,2.4,1.341640786,1.176,5
30475515_MinPolqaSfbRecording_cut.wav,3.8,1.095445115,0.960199979,5
30194043_MinPolqaSfbRecording_cut.wav,3.2,1.483239697,1.300116918,5
30084685_MinPolqaSfbRecording_cut.wav,3.8,1.303840481,1.142866571,5
28757758_MinPolqaSfbRecording_cut.wav,3.4,1.140175425,0.999407825,5
28524777_MinPolqaSfbRecording_cut.wav,4.333333333,0.577350269,0.653333333,3
30468704_MinPolqaSfbRecording_cut.wav,3.0,1.732050808,1.96,3
30513027_MinPolqaSfbRecording_cut.wav,3.0,1.0,1.131606528,3
30091743_MinPolqaSfbRecording_cut.wav,2.666666667,1.154700538,1.306666667,3
30441997_MinPolqaSfbRecording_cut.wav,4.333333333,1.154700538,1.306666667,3
30441711_MinPolqaSfbRecording_cut.wav,2.666666667,1.527525232,1.728557523,3
28915668_MinPolqaSfbRecording_cut.wav,3.333333333,0.577350269,0.653333333,3
30069976_MinPolqaSfbRecording_cut.wav,2.333333333,1.527525232,1.728557523,3
28891458_MinPolqaSfbRecording_cut.wav,3.666666667,0.577350269,0.653333333,3
30250683_MinPolqaSfbRecording_cut.wav,1.75,0.957427108,0.938278566,4
30077029_MinPolqaSfbRecording_cut.wav,2.25,0.5,0.49,4
30252326_MinPolqaSfbRecording_cut.wav,2.5,0.577350269,0.565803264,4
30414164_MinPolqaSfbRecording_cut.wav,1.25,0.5,0.49,4
30455027_MinPolqaSfbRecording_cut.wav,1.25,0.5,0.49,4
30443007_MinPolqaSfbRecording_cut.wav,2.75,0.957427108,0.938278566,4
30148019_MinPolqaSfbRecording_cut.wav,3.333333333,0.577350269,0.653333333,3
30062967_MinPolqaSfbRecording_cut.wav,3.666666667,0.577350269,0.653333333,3
28665340_MinPolqaSfbRecording_cut.wav,3.333333333,0.577350269,0.653333333,3
28462619_MinPolqaSfbRecording_cut.wav,3.666666667,0.577350269,0.653333333,3
30161324_MinPolqaSfbRecording_cut.wav,3.0,0.0,0.0,3
30132519_MinPolqaSfbRecording_cut.wav,1.0,0.0,0.0,3
30416900_MinPolqaSfbRecording_cut.wav,2.666666667,1.154700538,1.306666667,3
27980064_MinPolqaSfbRecording_cut.wav,3.666666667,0.577350269,0.653333333,3
28803203_MinPolqaSfbRecording_cut.wav,3.666666667,0.577350269,0.653333333,3
30093114_MinPolqaSfbRecording_cut.wav,3.25,1.258305739,1.233139624,4
28919576_MinPolqaSfbRecording_cut.wav,4.0,0.0,0.0,4
30460104_MinPolqaSfbRecording_cut.wav,1.75,0.5,0.49,4
30481133_MinPolqaSfbRecording_cut.wav,2.25,0.957427108,0.938278566,4
30128750_MinPolqaSfbRecording_cut.wav,4.0,0.816496581,0.800166649,4
30192266_MinPolqaSfbRecording_cut.wav,2.75,0.957427108,0.938278566,4
30103226_MinPolqaSfbRecording_cut.wav,3.0,0.816496581,0.800166649,4
30134228_MinPolqaSfbRecording_cut.wav,3.25,0.5,0.49,4
29530348_MinPolqaSfbRecording_cut.wav,3.333333333,1.154700538,1.306666667,3
30496422_MinPolqaSfbRecording_cut.wav,3.666666667,1.527525232,1.728557523,3
30127981_MinPolqaSfbRecording_cut.wav,3.333333333,1.154700538,1.306666667,3
28758044_MinPolqaSfbRecording_cut.wav,4.0,1.0,1.131606528,3
30249932_MinPolqaSfbRecording_cut.wav,3.666666667,1.527525232,1.728557523,3
30416540_MinPolqaSfbRecording_cut.wav,4.0,1.0,1.131606528,3
30161540_MinPolqaSfbRecording_cut.wav,4.666666667,0.577350269,0.653333333,3
30481334_MinPolqaSfbRecording_cut.wav,4.0,0.816496581,0.800166649,4
28112452_MinPolqaSfbRecording_cut.wav,3.75,0.957427108,0.938278566,4
30511686_MinPolqaSfbRecording_cut.wav,2.75,0.957427108,0.938278566,4
30147360_MinPolqaSfbRecording_cut.wav,2.75,1.707825128,1.673668625,4
30491398_MinPolqaSfbRecording_cut.wav,3.5,0.577350269,0.565803264,4
28166749_MinPolqaSfbRecording_cut.wav,3.25,1.258305739,1.233139624,4
30467486_MinPolqaSfbRecording_cut.wav,3.0,0.816496581,0.800166649,4
30199318_MinPolqaSfbRecording_cut.wav,3.25,0.5,0.49,4
30132190_MinPolqaSfbRecording_cut.wav,3.0,0.816496581,0.800166649,4
30408943_MinPolqaSfbRecording_cut.wav,2.75,0.5,0.49,4
30466062_MinPolqaSfbRecording_cut.wav,2.4,0.894427191,0.784,5
30092272_MinPolqaSfbRecording_cut.wav,3.8,0.447213595,0.392,5
29535955_MinPolqaSfbRecording_cut.wav,4.0,0.707106781,0.619806421,5
30186494_MinPolqaSfbRecording_cut.wav,2.8,0.836660027,0.733364848,5
30529104_MinPolqaSfbRecording_cut.wav,1.8,0.836660027,0.733364848,5
30192781_MinPolqaSfbRecording_cut.wav,3.8,1.095445115,0.960199979,5
30497095_MinPolqaSfbRecording_cut.wav,3.8,0.447213595,0.392,5
27842417_MinPolqaSfbRecording_cut.wav,4.8,0.447213595,0.392,5
28293248_MinPolqaSfbRecording_cut.wav,4.8,0.447213595,0.392,5
30407699_MinPolqaSfbRecording_cut.wav,1.6,0.894427191,0.784,5
30083192_MinPolqaSfbRecording_cut.wav,3.4,1.140175425,0.999407825,5
30483162_MinPolqaSfbRecording_cut.wav,2.8,0.836660027,0.733364848,5
30113652_MinPolqaSfbRecording_cut.wav,2.4,0.547722558,0.48009999,5
30175161_MinPolqaSfbRecording_cut.wav,3.6,0.894427191,0.784,5
30530419_MinPolqaSfbRecording_cut.wav,3.2,0.447213595,0.392,5
30437784_MinPolqaSfbRecording_cut.wav,2.6,0.894427191,0.784,5
30193924_MinPolqaSfbRecording_cut.wav,2.2,0.447213595,0.392,5
30408371_MinPolqaSfbRecording_cut.wav,1.25,0.5,0.49,4
30250023_MinPolqaSfbRecording_cut.wav,3.0,0.0,0.0,4
30181345_MinPolqaSfbRecording_cut.wav,4.0,0.0,0.0,4
30473200_MinPolqaSfbRecording_cut.wav,2.25,0.5,0.49,4
27807021_MinPolqaSfbRecording_cut.wav,4.25,0.5,0.49,4
30148316_MinPolqaSfbRecording_cut.wav,2.5,0.577350269,0.565803264,4
28801956_MinPolqaSfbRecording_cut.wav,3.25,0.5,0.49,4
30154620_MinPolqaSfbRecording_cut.wav,3.0,0.816496581,0.800166649,4
28046000_MinPolqaSfbRecording_cut.wav,4.0,0.816496581,0.800166649,4
30166376_MinPolqaSfbRecording_cut.wav,4.0,0.0,0.0,3
30472800_MinPolqaSfbRecording_cut.wav,2.666666667,0.577350269,0.653333333,3
30142359_MinPolqaSfbRecording_cut.wav,2.333333333,1.154700538,1.306666667,3
30061311_MinPolqaSfbRecording_cut.wav,4.0,0.0,0.0,3
27853428_MinPolqaSfbRecording_cut.wav,3.666666667,0.577350269,0.653333333,3
30102762_MinPolqaSfbRecording_cut.wav,2.5,1.0,0.98,4
30150887_MinPolqaSfbRecording_cut.wav,3.0,0.0,0.0,4
30528602_MinPolqaSfbRecording_cut.wav,1.75,0.5,0.49,4
30469592_MinPolqaSfbRecording_cut.wav,3.0,1.154700538,1.131606528,4
30427262_MinPolqaSfbRecording_cut.wav,2.25,0.5,0.49,4
30066880_MinPolqaSfbRecording_cut.wav,2.75,0.957427108,0.938278566,4
28250132_MinPolqaSfbRecording_cut.wav,3.25,0.5,0.49,4
27568359_MinPolqaSfbRecording_cut.wav,3.8,0.447213595,0.392,5
28529468_MinPolqaSfbRecording_cut.wav,3.6,0.547722558,0.48009999,5
30264150_MinPolqaSfbRecording_cut.wav,3.2,0.836660027,0.733364848,5
30137451_MinPolqaSfbRecording_cut.wav,3.2,0.836660027,0.733364848,5
30147119_MinPolqaSfbRecording_cut.wav,3.4,0.547722558,0.48009999,5
30149653_MinPolqaSfbRecording_cut.wav,2.8,1.095445115,0.960199979,5
30143320_MinPolqaSfbRecording_cut.wav,3.2,0.836660027,0.733364848,5
30174371_MinPolqaSfbRecording_cut.wav,3.2,0.836660027,0.733364848,5
28848451_MinPolqaSfbRecording_cut.wav,4.0,0.707106781,0.619806421,5
28456519_MinPolqaSfbRecording_cut.wav,4.0,0.0,0.0,3
27795651_MinPolqaSfbRecording_cut.wav,3.666666667,1.154700538,1.306666667,3
30160896_MinPolqaSfbRecording_cut.wav,2.666666667,0.577350269,0.653333333,3
30522573_MinPolqaSfbRecording_cut.wav,4.0,0.0,0.0,3
30402071_MinPolqaSfbRecording_cut.wav,3.666666667,0.577350269,0.653333333,3
30207184_MinPolqaSfbRecording_cut.wav,4.0,0.0,0.0,3
30513264_MinPolqaSfbRecording_cut.wav,3.0,1.0,1.131606528,3
30414163_MinPolqaSfbRecording_cut.wav,1.6,0.547722558,0.48009999,5
30520445_MinPolqaSfbRecording_cut.wav,1.4,0.547722558,0.48009999,5
28457759_MinPolqaSfbRecording_cut.wav,4.6,0.547722558,0.48009999,5
30444565_MinPolqaSfbRecording_cut.wav,2.6,0.547722558,0.48009999,5
30149649_MinPolqaSfbRecording_cut.wav,2.2,0.447213595,0.392,5
30183504_MinPolqaSfbRecording_cut.wav,1.0,0.0,0.0,5
30127684_MinPolqaSfbRecording_cut.wav,2.8,0.447213595,0.392,5
30088761_MinPolqaSfbRecording_cut.wav,2.2,0.447213595,0.392,5
30192854_MinPolqaSfbRecording_cut.wav,3.6,0.547722558,0.48009999,5
30513075_MinPolqaSfbRecording_cut.wav,1.0,0.0,0.0,4
30156583_MinPolqaSfbRecording_cut.wav,3.0,1.414213562,1.385929291,4
30510859_MinPolqaSfbRecording_cut.wav,3.0,1.414213562,1.385929291,4
30132335_MinPolqaSfbRecording_cut.wav,2.0,0.816496581,0.800166649,4
30258305_MinPolqaSfbRecording_cut.wav,3.75,0.5,0.49,4
28334420_MinPolqaSfbRecording_cut.wav,4.0,0.0,0.0,4
30150349_MinPolqaSfbRecording_cut.wav,1.75,0.957427108,0.938278566,4
28053905_MinPolqaSfbRecording_cut.wav,4.25,0.5,0.49,4
30189521_MinPolqaSfbRecording_cut.wav,2.75,0.5,0.49,4
30437766_MinPolqaSfbRecording_cut.wav,3.0,0.816496581,0.800166649,4
30068611_MinPolqaSfbRecording_cut.wav,2.5,0.577350269,0.565803264,4
30483183_MinPolqaSfbRecording_cut.wav,2.5,0.577350269,0.565803264,4
30159848_MinPolqaSfbRecording_cut.wav,2.25,1.258305739,1.233139624,4
30084007_MinPolqaSfbRecording_cut.wav,2.5,1.732050808,1.697409791,4
28423072_MinPolqaSfbRecording_cut.wav,4.0,0.0,0.0,4
30129113_MinPolqaSfbRecording_cut.wav,3.0,0.816496581,0.800166649,4
28007769_MinPolqaSfbRecording_cut.wav,3.4,0.547722558,0.48009999,5
30426286_MinPolqaSfbRecording_cut.wav,2.8,1.643167673,1.440299969,5
30176373_MinPolqaSfbRecording_cut.wav,2.6,0.547722558,0.48009999,5
30407975_MinPolqaSfbRecording_cut.wav,2.0,1.414213562,1.239612843,5
30066281_MinPolqaSfbRecording_cut.wav,1.8,1.303840481,1.142866571,5
30178645_MinPolqaSfbRecording_cut.wav,1.8,0.836660027,0.733364848,5
30100674_MinPolqaSfbRecording_cut.wav,3.0,1.0,0.876538647,5
30067247_MinPolqaSfbRecording_cut.wav,1.6,0.547722558,0.48009999,5
30432146_MinPolqaSfbRecording_cut.wav,1.8,0.836660027,0.733364848,5
30184248_MinPolqaSfbRecording_cut.wav,1.75,0.957427108,0.938278566,4
27791806_MinPolqaSfbRecording_cut.wav,3.75,0.957427108,0.938278566,4
30256989_MinPolqaSfbRecording_cut.wav,1.0,0.0,0.0,4
29014175_MinPolqaSfbRecording_cut.wav,3.0,0.0,0.0,4
30062158_MinPolqaSfbRecording_cut.wav,1.5,0.577350269,0.565803264,4
30480099_MinPolqaSfbRecording_cut.wav,1.75,0.957427108,0.938278566,4
30075771_MinPolqaSfbRecording_cut.wav,2.0,0.816496581,0.800166649,4
30431300_MinPolqaSfbRecording_cut.wav,1.0,0.0,0.0,4
30064029_MinPolqaSfbRecording_cut.wav,3.6,0.547722558,0.48009999,5
30424580_MinPolqaSfbRecording_cut.wav,2.6,0.547722558,0.48009999,5
28277369_MinPolqaSfbRecording_cut.wav,3.4,0.894427191,0.784,5
30058033_MinPolqaSfbRecording_cut.wav,3.4,0.547722558,0.48009999,5
30158085_MinPolqaSfbRecording_cut.wav,3.8,0.447213595,0.392,5
30522151_MinPolqaSfbRecording_cut.wav,3.8,0.836660027,0.733364848,5
30124885_MinPolqaSfbRecording_cut.wav,2.4,0.894427191,0.784,5
27764965_MinPolqaSfbRecording_cut.wav,3.4,0.547722558,0.48009999,5
30135631_MinPolqaSfbRecording_cut.wav,2.6,0.894427191,0.784,5
27911623_MinPolqaSfbRecording_cut.wav,4.5,0.707106781,0.98,2
30157125_MinPolqaSfbRecording_cut.wav,4.0,0.0,0.0,2
28241793_MinPolqaSfbRecording_cut.wav,4.0,1.414213562,1.96,2
30097412_MinPolqaSfbRecording_cut.wav,2.0,0.0,0.0,2
30487917_MinPolqaSfbRecording_cut.wav,4.5,0.707106781,0.98,2
30163513_MinPolqaSfbRecording_cut.wav,3.0,0.0,0.0,2
28892734_MinPolqaSfbRecording_cut.wav,4.5,0.707106781,0.98,2
30251526_MinPolqaSfbRecording_cut.wav,3.5,0.707106781,0.98,2
28024809_MinPolqaSfbRecording_cut.wav,4.0,1.414213562,1.96,2
30210736_MinPolqaSfbRecording_cut.wav,4.25,0.5,0.49,4
30148378_MinPolqaSfbRecording_cut.wav,4.0,0.816496581,0.800166649,4
29540267_MinPolqaSfbRecording_cut.wav,3.25,1.5,1.47,4
30140754_MinPolqaSfbRecording_cut.wav,4.75,0.5,0.49,4
30403684_MinPolqaSfbRecording_cut.wav,3.5,0.577350269,0.565803264,4
30520679_MinPolqaSfbRecording_cut.wav,4.5,0.577350269,0.565803264,4
28214106_MinPolqaSfbRecording_cut.wav,4.0,1.154700538,1.131606528,4
30160578_MinPolqaSfbRecording_cut.wav,2.75,0.957427108,0.938278566,4
30436691_MinPolqaSfbRecording_cut.wav,1.75,0.957427108,0.938278566,4
30162108_MinPolqaSfbRecording_cut.wav,3.5,0.577350269,0.565803264,4
30175112_MinPolqaSfbRecording_cut.wav,3.0,0.0,0.0,4
30095562_MinPolqaSfbRecording_cut.wav,3.5,0.577350269,0.565803264,4
30127236_MinPolqaSfbRecording_cut.wav,3.5,0.577350269,0.565803264,4
30522176_MinPolqaSfbRecording_cut.wav,3.0,0.816496581,0.800166649,4
30422336_MinPolqaSfbRecording_cut.wav,4.0,0.816496581,0.800166649,4
30120439_MinPolqaSfbRecording_cut.wav,3.25,0.5,0.49,4
29532811_MinPolqaSfbRecording_cut.wav,2.75,0.5,0.49,4
30087262_MinPolqaSfbRecording_cut.wav,3.25,0.5,0.49,4
30099815_MinPolqaSfbRecording_cut.wav,3.25,0.957427108,0.938278566,4
30473620_MinPolqaSfbRecording_cut.wav,3.0,0.0,0.0,4
30530387_MinPolqaSfbRecording_cut.wav,2.0,0.816496581,0.800166649,4
30254847_MinPolqaSfbRecording_cut.wav,3.5,0.577350269,0.565803264,4
27964534_MinPolqaSfbRecording_cut.wav,3.5,0.577350269,0.565803264,4
30105029_MinPolqaSfbRecording_cut.wav,3.0,0.816496581,0.800166649,4
30529430_MinPolqaSfbRecording_cut.wav,3.25,0.957427108,0.938278566,4
30470142_MinPolqaSfbRecording_cut.wav,3.0,0.816496581,0.800166649,4
30254175_MinPolqaSfbRecording_cut.wav,3.25,0.957427108,0.938278566,4
29062087_MinPolqaSfbRecording_cut.wav,4.0,1.154700538,1.131606528,4
28267108_MinPolqaSfbRecording_cut.wav,3.5,0.577350269,0.565803264,4
30091794_MinPolqaSfbRecording_cut.wav,3.75,1.258305739,1.233139624,4
30148131_MinPolqaSfbRecording_cut.wav,3.0,1.154700538,1.131606528,4
30169098_MinPolqaSfbRecording_cut.wav,3.25,0.957427108,0.938278566,4
30435323_MinPolqaSfbRecording_cut.wav,1.5,1.0,0.98,4
30200986_MinPolqaSfbRecording_cut.wav,3.25,0.957427108,0.938278566,4
30143293_MinPolqaSfbRecording_cut.wav,3.25,0.957427108,0.938278566,4
28285678_MinPolqaSfbRecording_cut.wav,4.25,0.957427108,0.938278566,4
28991426_MinPolqaSfbRecording_cut.wav,4.0,0.816496581,0.800166649,4
28920892_MinPolqaSfbRecording_cut.wav,4.0,0.816496581,0.800166649,4
28886195_MinPolqaSfbRecording_cut.wav,4.0,0.816496581,0.800166649,4
30461305_MinPolqaSfbRecording_cut.wav,2.75,1.5,1.47,4
30207690_MinPolqaSfbRecording_cut.wav,2.75,1.258305739,1.233139624,4
29529806_MinPolqaSfbRecording_cut.wav,4.25,0.5,0.49,4
28791345_MinPolqaSfbRecording_cut.wav,4.0,0.816496581,0.800166649,4
30473855_MinPolqaSfbRecording_cut.wav,3.5,1.0,0.98,4
30465415_MinPolqaSfbRecording_cut.wav,2.25,0.957427108,0.938278566,4
30406005_MinPolqaSfbRecording_cut.wav,3.4,0.547722558,0.48009999,5
30068219_MinPolqaSfbRecording_cut.wav,3.0,0.707106781,0.619806421,5
30264212_MinPolqaSfbRecording_cut.wav,3.6,0.547722558,0.48009999,5
30067592_MinPolqaSfbRecording_cut.wav,2.0,1.414213562,1.239612843,5
30410940_MinPolqaSfbRecording_cut.wav,2.8,1.095445115,0.960199979,5
28202338_MinPolqaSfbRecording_cut.wav,3.0,1.0,0.876538647,5
28250372_MinPolqaSfbRecording_cut.wav,4.0,0.0,0.0,5
30205305_MinPolqaSfbRecording_cut.wav,1.8,1.303840481,1.142866571,5
29530638_MinPolqaSfbRecording_cut.wav,3.2,0.836660027,0.733364848,5
30409578_MinPolqaSfbRecording_cut.wav,3.8,0.836660027,0.733364848,5
27622046_MinPolqaSfbRecording_cut.wav,4.0,1.224744871,1.073536213,5
30192678_MinPolqaSfbRecording_cut.wav,2.2,0.836660027,0.733364848,5
30471763_MinPolqaSfbRecording_cut.wav,2.8,0.836660027,0.733364848,5
30082788_MinPolqaSfbRecording_cut.wav,2.4,0.547722558,0.48009999,5
30090631_MinPolqaSfbRecording_cut.wav,1.8,0.836660027,0.733364848,5
28583949_MinPolqaSfbRecording_cut.wav,4.2,0.836660027,0.733364848,5
30512486_MinPolqaSfbRecording_cut.wav,3.0,1.224744871,1.073536213,5
30429539_MinPolqaSfbRecording_cut.wav,2.6,0.894427191,0.784,5
30086171_MinPolqaSfbRecording_cut.wav,4.0,0.0,0.0,2
30182659_MinPolqaSfbRecording_cut.wav,4.0,0.0,0.0,2
30512729_MinPolqaSfbRecording_cut.wav,3.5,0.707106781,0.98,2
30126801_MinPolqaSfbRecording_cut.wav,2.0,0.0,0.0,2
30471848_MinPolqaSfbRecording_cut.wav,3.5,0.707106781,0.98,2
30098432_MinPolqaSfbRecording_cut.wav,3.0,0.0,0.0,2
30258561_MinPolqaSfbRecording_cut.wav,2.5,0.707106781,0.98,2
30081370_MinPolqaSfbRecording_cut.wav,3.0,0.0,0.0,2
28015426_MinPolqaSfbRecording_cut.wav,4.5,0.707106781,0.98,2
30081423_MinPolqaSfbRecording_cut.wav,3.5,0.577350269,0.565803264,4
30264210_MinPolqaSfbRecording_cut.wav,4.0,0.816496581,0.800166649,4
30064218_MinPolqaSfbRecording_cut.wav,3.75,0.957427108,0.938278566,4
27636308_MinPolqaSfbRecording_cut.wav,4.0,0.816496581,0.800166649,4
28159068_MinPolqaSfbRecording_cut.wav,4.0,0.816496581,0.800166649,4
30204905_MinPolqaSfbRecording_cut.wav,2.25,0.5,0.49,4
28233000_MinPolqaSfbRecording_cut.wav,4.0,0.816496581,0.800166649,4
30174165_MinPolqaSfbRecording_cut.wav,4.75,0.5,0.49,4
28141268_MinPolqaSfbRecording_cut.wav,3.75,0.5,0.49,4
30164145_MinPolqaSfbRecording_cut.wav,3.75,0.957427108,0.938278566,4
30189086_MinPolqaSfbRecording_cut.wav,4.25,0.957427108,0.938278566,4
30066433_MinPolqaSfbRecording_cut.wav,4.25,0.957427108,0.938278566,4
30162509_MinPolqaSfbRecording_cut.wav,2.0,0.816496581,0.800166649,4
30252467_MinPolqaSfbRecording_cut.wav,3.5,0.577350269,0.565803264,4
30176408_MinPolqaSfbRecording_cut.wav,4.0,0.816496581,0.800166649,4
28325205_MinPolqaSfbRecording_cut.wav,3.5,1.0,0.98,4
30522156_MinPolqaSfbRecording_cut.wav,3.75,1.258305739,1.233139624,4
30410515_MinPolqaSfbRecording_cut.wav,4.25,0.957427108,0.938278566,4
30143762_MinPolqaSfbRecording_cut.wav,4.25,0.957427108,0.938278566,4
30086637_MinPolqaSfbRecording_cut.wav,2.0,0.816496581,0.800166649,4
30178730_MinPolqaSfbRecording_cut.wav,2.25,0.5,0.49,4
28700778_MinPolqaSfbRecording_cut.wav,3.25,0.5,0.49,4
27758898_MinPolqaSfbRecording_cut.wav,4.75,0.5,0.49,4
30145779_MinPolqaSfbRecording_cut.wav,2.25,0.5,0.49,4
30469323_MinPolqaSfbRecording_cut.wav,3.75,0.957427108,0.938278566,4
30261979_MinPolqaSfbRecording_cut.wav,2.25,0.5,0.49,4
27517557_MinPolqaSfbRecording_cut.wav,3.5,1.0,0.98,4
28057540_MinPolqaSfbRecording_cut.wav,3.75,0.957427108,0.938278566,4
30098867_MinPolqaSfbRecording_cut.wav,3.75,0.5,0.49,4
30463922_MinPolqaSfbRecording_cut.wav,4.0,0.816496581,0.800166649,4
29529654_MinPolqaSfbRecording_cut.wav,3.75,0.5,0.49,4
27868376_MinPolqaSfbRecording_cut.wav,4.0,0.0,0.0,4
28043100_MinPolqaSfbRecording_cut.wav,4.75,0.5,0.49,4
27890228_MinPolqaSfbRecording_cut.wav,4.25,0.957427108,0.938278566,4
30086173_MinPolqaSfbRecording_cut.wav,3.25,1.5,1.47,4
30098259_MinPolqaSfbRecording_cut.wav,3.25,0.5,0.49,4
30489968_MinPolqaSfbRecording_cut.wav,4.0,1.0,1.131606528,3
27893261_MinPolqaSfbRecording_cut.wav,3.666666667,0.577350269,0.653333333,3
30461032_MinPolqaSfbRecording_cut.wav,4.333333333,1.154700538,1.306666667,3
30132708_MinPolqaSfbRecording_cut.wav,4.333333333,0.577350269,0.653333333,3
30065697_MinPolqaSfbRecording_cut.wav,1.666666667,0.577350269,0.653333333,3
28121993_MinPolqaSfbRecording_cut.wav,4.0,1.0,1.131606528,3
30496445_MinPolqaSfbRecording_cut.wav,2.8,0.836660027,0.733364848,5
30407326_MinPolqaSfbRecording_cut.wav,2.8,0.836660027,0.733364848,5
30157232_MinPolqaSfbRecording_cut.wav,2.6,0.894427191,0.784,5
29001262_MinPolqaSfbRecording_cut.wav,4.8,0.447213595,0.392,5
27931548_MinPolqaSfbRecording_cut.wav,4.8,0.447213595,0.392,5
30407081_MinPolqaSfbRecording_cut.wav,2.2,1.643167673,1.440299969,5
30070246_MinPolqaSfbRecording_cut.wav,2.0,0.707106781,0.619806421,5
30080691_MinPolqaSfbRecording_cut.wav,2.2,1.303840481,1.142866571,5
30510611_MinPolqaSfbRecording_cut.wav,1.75,1.5,1.47,4
30510464_MinPolqaSfbRecording_cut.wav,2.5,0.577350269,0.565803264,4
27602669_MinPolqaSfbRecording_cut.wav,2.75,0.957427108,0.938278566,4
29541402_MinPolqaSfbRecording_cut.wav,2.75,1.707825128,1.673668625,4
30086913_MinPolqaSfbRecording_cut.wav,2.75,0.957427108,0.938278566,4
30421032_MinPolqaSfbRecording_cut.wav,2.0,0.816496581,0.800166649,4
28027537_MinPolqaSfbRecording_cut.wav,3.5,1.290994449,1.26517456,4
30174503_MinPolqaSfbRecording_cut.wav,3.0,0.816496581,0.800166649,4
28869711_MinPolqaSfbRecording_cut.wav,3.75,0.5,0.49,4
30091868_MinPolqaSfbRecording_cut.wav,3.0,0.816496581,0.800166649,4
27810870_MinPolqaSfbRecording_cut.wav,4.0,0.0,0.0,4
30490029_MinPolqaSfbRecording_cut.wav,3.0,0.816496581,0.800166649,4
28417259_MinPolqaSfbRecording_cut.wav,4.25,0.5,0.49,4
30452381_MinPolqaSfbRecording_cut.wav,2.25,1.258305739,1.233139624,4
30519572_MinPolqaSfbRecording_cut.wav,3.5,0.577350269,0.565803264,4
30497681_MinPolqaSfbRecording_cut.wav,4.25,0.5,0.49,4
30458587_MinPolqaSfbRecording_cut.wav,4.0,1.154700538,1.131606528,4
30256178_MinPolqaSfbRecording_cut.wav,2.25,0.957427108,0.938278566,4
30069539_MinPolqaSfbRecording_cut.wav,3.5,1.290994449,1.26517456,4
30207182_MinPolqaSfbRecording_cut.wav,3.75,0.5,0.49,4
30086313_MinPolqaSfbRecording_cut.wav,3.75,0.5,0.49,4
30473572_MinPolqaSfbRecording_cut.wav,3.5,1.290994449,1.26517456,4
30522945_MinPolqaSfbRecording_cut.wav,3.75,0.957427108,0.938278566,4
28428764_MinPolqaSfbRecording_cut.wav,4.5,0.577350269,0.565803264,4
30156989_MinPolqaSfbRecording_cut.wav,3.25,0.5,0.49,4
30509059_MinPolqaSfbRecording_cut.wav,2.25,0.957427108,0.938278566,4
28613989_MinPolqaSfbRecording_cut.wav,4.5,1.0,0.98,4
27949611_MinPolqaSfbRecording_cut.wav,3.25,0.5,0.49,4
30097780_MinPolqaSfbRecording_cut.wav,3.0,0.816496581,0.800166649,4
30407978_MinPolqaSfbRecording_cut.wav,2.0,0.816496581,0.800166649,4
30106865_MinPolqaSfbRecording_cut.wav,3.75,0.5,0.49,4
30478987_MinPolqaSfbRecording_cut.wav,3.25,0.5,0.49,4
29536228_MinPolqaSfbRecording_cut.wav,1.4,0.547722558,0.48009999,5
30160606_MinPolqaSfbRecording_cut.wav,3.2,0.447213595,0.392,5
30070743_MinPolqaSfbRecording_cut.wav,3.4,0.547722558,0.48009999,5
30505777_MinPolqaSfbRecording_cut.wav,2.8,0.447213595,0.392,5
30177436_MinPolqaSfbRecording_cut.wav,3.0,1.0,0.876538647,5
28884368_MinPolqaSfbRecording_cut.wav,4.0,0.707106781,0.619806421,5
30102858_MinPolqaSfbRecording_cut.wav,4.0,0.707106781,0.619806421,5
30513738_MinPolqaSfbRecording_cut.wav,2.6,0.894427191,0.784,5
30469075_MinPolqaSfbRecording_cut.wav,4.0,0.707106781,0.619806421,5
28067455_MinPolqaSfbRecording_cut.wav,4.4,0.894427191,0.784,5
27966930_MinPolqaSfbRecording_cut.wav,4.2,0.836660027,0.733364848,5
28700649_MinPolqaSfbRecording_cut.wav,4.2,0.836660027,0.733364848,5
30182744_MinPolqaSfbRecording_cut.wav,3.0,0.707106781,0.619806421,5
27762707_MinPolqaSfbRecording_cut.wav,4.2,0.836660027,0.733364848,5
30402633_MinPolqaSfbRecording_cut.wav,3.0,1.224744871,1.073536213,5
28521923_MinPolqaSfbRecording_cut.wav,3.666666667,1.527525232,1.728557523,3
30404256_MinPolqaSfbRecording_cut.wav,3.666666667,1.527525232,1.728557523,3
30504070_MinPolqaSfbRecording_cut.wav,4.333333333,0.577350269,0.653333333,3
27731156_MinPolqaSfbRecording_cut.wav,4.666666667,0.577350269,0.653333333,3
30263575_MinPolqaSfbRecording_cut.wav,4.0,1.0,1.131606528,3
30262091_MinPolqaSfbRecording_cut.wav,3.333333333,1.154700538,1.306666667,3
30140683_MinPolqaSfbRecording_cut.wav,3.666666667,0.577350269,0.653333333,3
30058545_MinPolqaSfbRecording_cut.wav,2.0,1.0,1.131606528,3
30099079_MinPolqaSfbRecording_cut.wav,4.0,0.816496581,0.800166649,4
30208184_MinPolqaSfbRecording_cut.wav,3.0,0.816496581,0.800166649,4
28300065_MinPolqaSfbRecording_cut.wav,4.5,0.577350269,0.565803264,4
30104572_MinPolqaSfbRecording_cut.wav,2.75,1.258305739,1.233139624,4
30432726_MinPolqaSfbRecording_cut.wav,2.75,1.258305739,1.233139624,4
30485280_MinPolqaSfbRecording_cut.wav,3.0,1.414213562,1.385929291,4
30107322_MinPolqaSfbRecording_cut.wav,3.75,0.957427108,0.938278566,4
30256176_MinPolqaSfbRecording_cut.wav,3.5,1.0,0.98,4
30145534_MinPolqaSfbRecording_cut.wav,2.5,1.0,0.98,4
30122448_MinPolqaSfbRecording_cut.wav,3.5,0.577350269,0.565803264,4
30213988_MinPolqaSfbRecording_cut.wav,2.75,0.957427108,0.938278566,4
28298457_MinPolqaSfbRecording_cut.wav,3.75,0.957427108,0.938278566,4
30471322_MinPolqaSfbRecording_cut.wav,3.0,1.414213562,1.385929291,4
27920508_MinPolqaSfbRecording_cut.wav,4.5,0.577350269,0.565803264,4
30425330_MinPolqaSfbRecording_cut.wav,2.0,0.816496581,0.800166649,4
30076011_MinPolqaSfbRecording_cut.wav,3.25,0.957427108,0.938278566,4
27637826_MinPolqaSfbRecording_cut.wav,4.5,0.577350269,0.565803264,4
29530560_MinPolqaSfbRecording_cut.wav,3.5,1.290994449,1.26517456,4
30483473_MinPolqaSfbRecording_cut.wav,4.0,0.816496581,0.800166649,4
30067540_MinPolqaSfbRecording_cut.wav,3.8,0.447213595,0.392,5
30065770_MinPolqaSfbRecording_cut.wav,2.8,1.095445115,0.960199979,5
30447003_MinPolqaSfbRecording_cut.wav,2.8,1.095445115,0.960199979,5
28702135_MinPolqaSfbRecording_cut.wav,4.4,0.547722558,0.48009999,5
30403753_MinPolqaSfbRecording_cut.wav,2.4,1.140175425,0.999407825,5
30148724_MinPolqaSfbRecording_cut.wav,2.4,1.140175425,0.999407825,5
30450468_MinPolqaSfbRecording_cut.wav,4.0,0.0,0.0,5
30529864_MinPolqaSfbRecording_cut.wav,2.2,0.836660027,0.733364848,5
30433368_MinPolqaSfbRecording_cut.wav,3.2,0.836660027,0.733364848,5
29531241_MinPolqaSfbRecording_cut.wav,3.5,1.290994449,1.26517456,4
30484422_MinPolqaSfbRecording_cut.wav,2.0,2.0,1.96,4
30084897_MinPolqaSfbRecording_cut.wav,2.75,1.5,1.47,4
30079443_MinPolqaSfbRecording_cut.wav,4.0,0.0,0.0,4
30520101_MinPolqaSfbRecording_cut.wav,2.25,1.258305739,1.233139624,4
27707064_MinPolqaSfbRecording_cut.wav,4.0,0.816496581,0.800166649,4
28439346_MinPolqaSfbRecording_cut.wav,4.0,0.816496581,0.800166649,4
30087546_MinPolqaSfbRecording_cut.wav,2.5,1.732050808,1.697409791,4
27861934_MinPolqaSfbRecording_cut.wav,4.0,0.0,0.0,3
30407886_MinPolqaSfbRecording_cut.wav,3.333333333,0.577350269,0.653333333,3
30472298_MinPolqaSfbRecording_cut.wav,2.666666667,0.577350269,0.653333333,3
28941063_MinPolqaSfbRecording_cut.wav,3.333333333,0.577350269,0.653333333,3
28433485_MinPolqaSfbRecording_cut.wav,3.666666667,0.577350269,0.653333333,3
30090930_MinPolqaSfbRecording_cut.wav,4.0,0.0,0.0,3
30487512_MinPolqaSfbRecording_cut.wav,2.666666667,1.527525232,1.728557523,3
30193098_MinPolqaSfbRecording_cut.wav,2.666666667,1.154700538,1.306666667,3
30510090_MinPolqaSfbRecording_cut.wav,3.75,0.957427108,0.938278566,4
30199859_MinPolqaSfbRecording_cut.wav,3.75,0.957427108,0.938278566,4
30087361_MinPolqaSfbRecording_cut.wav,2.75,0.957427108,0.938278566,4
30171342_MinPolqaSfbRecording_cut.wav,3.25,0.5,0.49,4
30068473_MinPolqaSfbRecording_cut.wav,2.0,1.414213562,1.385929291,4
30519786_MinPolqaSfbRecording_cut.wav,2.0,0.816496581,0.800166649,4
27968756_MinPolqaSfbRecording_cut.wav,4.0,0.816496581,0.800166649,4
30085792_MinPolqaSfbRecording_cut.wav,3.0,0.816496581,0.800166649,4
30426599_MinPolqaSfbRecording_cut.wav,2.5,2.121320344,2.94,2
27815365_MinPolqaSfbRecording_cut.wav,4.0,0.0,0.0,2
29531890_MinPolqaSfbRecording_cut.wav,2.5,2.121320344,2.94,2
27666523_MinPolqaSfbRecording_cut.wav,3.5,0.707106781,0.98,2
30491680_MinPolqaSfbRecording_cut.wav,2.5,0.707106781,0.98,2
30523786_MinPolqaSfbRecording_cut.wav,2.5,2.121320344,2.94,2
30091400_MinPolqaSfbRecording_cut.wav,3.5,0.707106781,0.98,2
27787357_MinPolqaSfbRecording_cut.wav,3.5,0.707106781,0.98,2
28017567_MinPolqaSfbRecording_cut.wav,4.4,0.894427191,0.784,5
30447006_MinPolqaSfbRecording_cut.wav,2.0,0.707106781,0.619806421,5
30161722_MinPolqaSfbRecording_cut.wav,3.8,0.836660027,0.733364848,5
27869278_MinPolqaSfbRecording_cut.wav,4.4,0.547722558,0.48009999,5
30455350_MinPolqaSfbRecording_cut.wav,3.6,1.140175425,0.999407825,5
30130192_MinPolqaSfbRecording_cut.wav,1.8,0.836660027,0.733364848,5
29056373_MinPolqaSfbRecording_cut.wav,4.25,0.957427108,0.938278566,4
30100234_MinPolqaSfbRecording_cut.wav,3.5,1.0,0.98,4
30426189_MinPolqaSfbRecording_cut.wav,3.5,1.914854216,1.876557131,4
30148096_MinPolqaSfbRecording_cut.wav,2.75,1.258305739,1.233139624,4
28935382_MinPolqaSfbRecording_cut.wav,4.0,0.816496581,0.800166649,4
30479041_MinPolqaSfbRecording_cut.wav,2.75,0.5,0.49,4
28706852_MinPolqaSfbRecording_cut.wav,4.0,0.816496581,0.800166649,4
30487051_MinPolqaSfbRecording_cut.wav,3.75,0.5,0.49,4
30453039_MinPolqaSfbRecording_cut.wav,3.75,0.957427108,0.938278566,4
28261900_MinPolqaSfbRecording_cut.wav,3.6,0.547722558,0.48009999,5
30510886_MinPolqaSfbRecording_cut.wav,2.8,1.095445115,0.960199979,5
30103684_MinPolqaSfbRecording_cut.wav,2.6,1.140175425,0.999407825,5
30513556_MinPolqaSfbRecording_cut.wav,3.0,0.707106781,0.619806421,5
29536278_MinPolqaSfbRecording_cut.wav,2.2,0.836660027,0.733364848,5
30403809_MinPolqaSfbRecording_cut.wav,3.4,0.894427191,0.784,5
30429520_MinPolqaSfbRecording_cut.wav,3.6,1.140175425,0.999407825,5
29020067_MinPolqaSfbRecording_cut.wav,3.2,0.836660027,0.733364848,5
30460806_MinPolqaSfbRecording_cut.wav,3.0,0.707106781,0.619806421,5
30138836_MinPolqaSfbRecording_cut.wav,3.333333333,1.527525232,1.728557523,3
30178441_MinPolqaSfbRecording_cut.wav,2.666666667,0.577350269,0.653333333,3
30104715_MinPolqaSfbRecording_cut.wav,3.333333333,0.577350269,0.653333333,3
30439413_MinPolqaSfbRecording_cut.wav,3.333333333,0.577350269,0.653333333,3
27882063_MinPolqaSfbRecording_cut.wav,4.0,1.0,1.131606528,3
30150407_MinPolqaSfbRecording_cut.wav,4.0,1.0,1.131606528,3
30151381_MinPolqaSfbRecording_cut.wav,3.333333333,0.577350269,0.653333333,3
27698658_MinPolqaSfbRecording_cut.wav,4.0,1.0,1.131606528,3
30410990_MinPolqaSfbRecording_cut.wav,3.0,0.816496581,0.800166649,4
30490363_MinPolqaSfbRecording_cut.wav,2.75,0.957427108,0.938278566,4
28779169_MinPolqaSfbRecording_cut.wav,3.0,0.816496581,0.800166649,4
30528013_MinPolqaSfbRecording_cut.wav,3.25,0.957427108,0.938278566,4
30161367_MinPolqaSfbRecording_cut.wav,2.5,1.290994449,1.26517456,4
30488466_MinPolqaSfbRecording_cut.wav,2.75,1.5,1.47,4
28495858_MinPolqaSfbRecording_cut.wav,3.0,0.816496581,0.800166649,4
30150370_MinPolqaSfbRecording_cut.wav,4.25,0.957427108,0.938278566,4
30250316_MinPolqaSfbRecording_cut.wav,2.75,0.957427108,0.938278566,4
30072026_MinPolqaSfbRecording_cut.wav,2.6,0.894427191,0.784,5
28020858_MinPolqaSfbRecording_cut.wav,3.8,0.447213595,0.392,5
30489101_MinPolqaSfbRecording_cut.wav,2.0,1.224744871,1.073536213,5
27632280_MinPolqaSfbRecording_cut.wav,3.8,0.447213595,0.392,5
30163784_MinPolqaSfbRecording_cut.wav,3.4,0.547722558,0.48009999,5
30430583_MinPolqaSfbRecording_cut.wav,3.2,0.836660027,0.733364848,5
30466397_MinPolqaSfbRecording_cut.wav,4.0,0.0,0.0,5
29011375_MinPolqaSfbRecording_cut.wav,3.8,0.447213595,0.392,5
30408287_MinPolqaSfbRecording_cut.wav,3.8,1.095445115,0.960199979,5
30206927_MinPolqaSfbRecording_cut.wav,3.0,0.707106781,0.619806421,5
30202113_MinPolqaSfbRecording_cut.wav,2.4,1.140175425,0.999407825,5
30529172_MinPolqaSfbRecording_cut.wav,3.8,0.836660027,0.733364848,5
30183184_MinPolqaSfbRecording_cut.wav,2.2,1.303840481,1.142866571,5
28926280_MinPolqaSfbRecording_cut.wav,3.8,1.095445115,0.960199979,5
30446503_MinPolqaSfbRecording_cut.wav,2.6,1.140175425,0.999407825,5
30162138_MinPolqaSfbRecording_cut.wav,2.4,1.140175425,0.999407825,5
30156528_MinPolqaSfbRecording_cut.wav,3.0,0.816496581,0.800166649,4
30091485_MinPolqaSfbRecording_cut.wav,2.75,0.957427108,0.938278566,4
28879974_MinPolqaSfbRecording_cut.wav,3.75,0.5,0.49,4
30164137_MinPolqaSfbRecording_cut.wav,3.75,0.5,0.49,4
30210855_MinPolqaSfbRecording_cut.wav,3.25,0.5,0.49,4
30091576_MinPolqaSfbRecording_cut.wav,2.25,1.5,1.47,4
28774513_MinPolqaSfbRecording_cut.wav,4.0,1.154700538,1.131606528,4
30081081_MinPolqaSfbRecording_cut.wav,3.0,0.816496581,0.800166649,4
30429610_MinPolqaSfbRecording_cut.wav,3.5,1.0,0.98,4
30483093_MinPolqaSfbRecording_cut.wav,3.25,0.957427108,0.938278566,4
30260895_MinPolqaSfbRecording_cut.wav,2.25,0.5,0.49,4
30445588_MinPolqaSfbRecording_cut.wav,2.5,0.577350269,0.565803264,4
28628226_MinPolqaSfbRecording_cut.wav,4.0,0.0,0.0,4
30145478_MinPolqaSfbRecording_cut.wav,3.5,1.0,0.98,4
30083709_MinPolqaSfbRecording_cut.wav,4.25,0.957427108,0.938278566,4
30105957_MinPolqaSfbRecording_cut.wav,3.0,0.816496581,0.800166649,4
30091532_MinPolqaSfbRecording_cut.wav,1.75,0.5,0.49,4
30095910_MinPolqaSfbRecording_cut.wav,4.4,0.547722558,0.48009999,5
30403787_MinPolqaSfbRecording_cut.wav,4.0,0.0,0.0,5
30522689_MinPolqaSfbRecording_cut.wav,3.2,0.447213595,0.392,5
28420415_MinPolqaSfbRecording_cut.wav,4.4,0.547722558,0.48009999,5
30090954_MinPolqaSfbRecording_cut.wav,4.0,1.0,0.876538647,5
30168568_MinPolqaSfbRecording_cut.wav,4.0,0.707106781,0.619806421,5
30488102_MinPolqaSfbRecording_cut.wav,2.6,0.547722558,0.48009999,5
30481439_MinPolqaSfbRecording_cut.wav,4.8,0.447213595,0.392,5
30069935_MinPolqaSfbRecording_cut.wav,3.4,0.547722558,0.48009999,5
30461853_MinPolqaSfbRecording_cut.wav,3.4,0.547722558,0.48009999,5
30439400_MinPolqaSfbRecording_cut.wav,2.25,0.957427108,0.938278566,4
30133908_MinPolqaSfbRecording_cut.wav,3.25,0.957427108,0.938278566,4
30117557_MinPolqaSfbRecording_cut.wav,3.5,1.914854216,1.876557131,4
28681308_MinPolqaSfbRecording_cut.wav,4.0,0.816496581,0.800166649,4
30133475_MinPolqaSfbRecording_cut.wav,4.0,0.816496581,0.800166649,4
28793522_MinPolqaSfbRecording_cut.wav,3.25,1.258305739,1.233139624,4
30130093_MinPolqaSfbRecording_cut.wav,3.25,0.957427108,0.938278566,4
28798709_MinPolqaSfbRecording_cut.wav,3.25,0.5,0.49,4
30411384_MinPolqaSfbRecording_cut.wav,4.25,0.957427108,0.938278566,4
30259415_MinPolqaSfbRecording_cut.wav,3.0,0.816496581,0.800166649,4
30174054_MinPolqaSfbRecording_cut.wav,2.25,1.258305739,1.233139624,4
30469586_MinPolqaSfbRecording_cut.wav,3.0,0.816496581,0.800166649,4
27925266_MinPolqaSfbRecording_cut.wav,4.0,0.816496581,0.800166649,4
30414599_MinPolqaSfbRecording_cut.wav,1.75,0.957427108,0.938278566,4
30162636_MinPolqaSfbRecording_cut.wav,3.5,0.577350269,0.565803264,4
30159147_MinPolqaSfbRecording_cut.wav,1.4,0.547722558,0.48009999,5
28238651_MinPolqaSfbRecording_cut.wav,4.2,0.836660027,0.733364848,5
30102008_MinPolqaSfbRecording_cut.wav,4.0,0.707106781,0.619806421,5
30145792_MinPolqaSfbRecording_cut.wav,3.8,0.836660027,0.733364848,5
30124405_MinPolqaSfbRecording_cut.wav,2.4,0.547722558,0.48009999,5
30433892_MinPolqaSfbRecording_cut.wav,3.4,1.140175425,0.999407825,5
30138487_MinPolqaSfbRecording_cut.wav,3.8,1.095445115,0.960199979,5
30486220_MinPolqaSfbRecording_cut.wav,3.0,0.707106781,0.619806421,5
30206687_MinPolqaSfbRecording_cut.wav,4.0,0.0,0.0,5
28252165_MinPolqaSfbRecording_cut.wav,4.2,0.836660027,0.733364848,5
30101149_MinPolqaSfbRecording_cut.wav,2.8,0.836660027,0.733364848,5
30213860_MinPolqaSfbRecording_cut.wav,3.4,0.547722558,0.48009999,5
28222279_MinPolqaSfbRecording_cut.wav,3.0,1.0,0.876538647,5
30184108_MinPolqaSfbRecording_cut.wav,3.6,0.547722558,0.48009999,5
30426393_MinPolqaSfbRecording_cut.wav,4.2,0.836660027,0.733364848,5
29541744_MinPolqaSfbRecording_cut.wav,3.6,0.547722558,0.48009999,5
30177845_MinPolqaSfbRecording_cut.wav,2.4,0.894427191,0.784,5
30067263_MinPolqaSfbRecording_cut.wav,4.5,0.577350269,0.565803264,4
30166879_MinPolqaSfbRecording_cut.wav,3.0,1.414213562,1.385929291,4
30068410_MinPolqaSfbRecording_cut.wav,3.5,1.290994449,1.26517456,4
28288983_MinPolqaSfbRecording_cut.wav,3.5,0.577350269,0.565803264,4
27746642_MinPolqaSfbRecording_cut.wav,4.25,0.5,0.49,4
28265481_MinPolqaSfbRecording_cut.wav,4.0,0.816496581,0.800166649,4
30511418_MinPolqaSfbRecording_cut.wav,3.75,1.258305739,1.233139624,4
29545087_MinPolqaSfbRecording_cut.wav,3.0,1.632993162,1.600333299,4
30193431_MinPolqaSfbRecording_cut.wav,4.25,0.957427108,0.938278566,4
30156462_MinPolqaSfbRecording_cut.wav,3.25,0.957427108,0.938278566,4
30402647_MinPolqaSfbRecording_cut.wav,4.25,0.957427108,0.938278566,4
28588850_MinPolqaSfbRecording_cut.wav,4.25,0.5,0.49,4
30173492_MinPolqaSfbRecording_cut.wav,3.75,0.957427108,0.938278566,4
30107233_MinPolqaSfbRecording_cut.wav,2.5,1.290994449,1.26517456,4
30179011_MinPolqaSfbRecording_cut.wav,3.25,0.957427108,0.938278566,4
28306745_MinPolqaSfbRecording_cut.wav,3.75,0.5,0.49,4
27749460_MinPolqaSfbRecording_cut.wav,3.5,0.577350269,0.565803264,4
30193055_MinPolqaSfbRecording_cut.wav,4.2,0.836660027,0.733364848,5
30142158_MinPolqaSfbRecording_cut.wav,2.6,1.140175425,0.999407825,5
29542116_MinPolqaSfbRecording_cut.wav,4.4,0.894427191,0.784,5
30066400_MinPolqaSfbRecording_cut.wav,3.6,1.341640786,1.176,5
30085603_MinPolqaSfbRecording_cut.wav,3.8,1.303840481,1.142866571,5
30119839_MinPolqaSfbRecording_cut.wav,2.8,1.483239697,1.300116918,5
28525429_MinPolqaSfbRecording_cut.wav,4.4,0.547722558,0.48009999,5
29537162_MinPolqaSfbRecording_cut.wav,2.2,1.303840481,1.142866571,5
30092829_MinPolqaSfbRecording_cut.wav,4.0,1.0,0.876538647,5
28797435_MinPolqaSfbRecording_cut.wav,3.5,0.577350269,0.565803264,4
30431399_MinPolqaSfbRecording_cut.wav,3.0,0.816496581,0.800166649,4
30119727_MinPolqaSfbRecording_cut.wav,3.25,0.5,0.49,4
29544931_MinPolqaSfbRecording_cut.wav,3.5,1.0,0.98,4
30166261_MinPolqaSfbRecording_cut.wav,3.0,0.816496581,0.800166649,4
27731085_MinPolqaSfbRecording_cut.wav,4.0,0.816496581,0.800166649,4
30409794_MinPolqaSfbRecording_cut.wav,3.5,1.290994449,1.26517456,4
30091392_MinPolqaSfbRecording_cut.wav,3.75,0.957427108,0.938278566,4
30084356_MinPolqaSfbRecording_cut.wav,2.5,0.577350269,0.565803264,4
30079747_MinPolqaSfbRecording_cut.wav,2.5,1.290994449,1.26517456,4
30083964_MinPolqaSfbRecording_cut.wav,3.25,0.5,0.49,4
30062966_MinPolqaSfbRecording_cut.wav,3.75,0.957427108,0.938278566,4
28271498_MinPolqaSfbRecording_cut.wav,4.0,0.816496581,0.800166649,4
30177403_MinPolqaSfbRecording_cut.wav,2.75,0.957427108,0.938278566,4
30466070_MinPolqaSfbRecording_cut.wav,3.75,0.957427108,0.938278566,4
30156123_MinPolqaSfbRecording_cut.wav,3.0,,,1
27958307_MinPolqaSfbRecording_cut.wav,4.0,,,1
30109489_MinPolqaSfbRecording_cut.wav,3.0,,,1
30165683_MinPolqaSfbRecording_cut.wav,3.0,,,1
30117985_MinPolqaSfbRecording_cut.wav,3.0,,,1
30484351_MinPolqaSfbRecording_cut.wav,3.0,,,1
30159627_MinPolqaSfbRecording_cut.wav,1.0,,,1
30465836_MinPolqaSfbRecording_cut.wav,1.8,1.303840481,1.142866571,5
30449512_MinPolqaSfbRecording_cut.wav,4.0,1.0,0.876538647,5
30467874_MinPolqaSfbRecording_cut.wav,3.4,0.547722558,0.48009999,5
30133172_MinPolqaSfbRecording_cut.wav,2.8,0.836660027,0.733364848,5
30430075_MinPolqaSfbRecording_cut.wav,4.0,0.707106781,0.619806421,5
30458201_MinPolqaSfbRecording_cut.wav,1.6,1.341640786,1.176,5
30486890_MinPolqaSfbRecording_cut.wav,3.6,0.894427191,0.784,5
30474158_MinPolqaSfbRecording_cut.wav,3.5,1.290994449,1.26517456,4
27744567_MinPolqaSfbRecording_cut.wav,4.75,0.5,0.49,4
27746037_MinPolqaSfbRecording_cut.wav,4.25,0.5,0.49,4
30103062_MinPolqaSfbRecording_cut.wav,4.25,0.5,0.49,4
30171690_MinPolqaSfbRecording_cut.wav,2.75,0.957427108,0.938278566,4
30485312_MinPolqaSfbRecording_cut.wav,3.75,0.957427108,0.938278566,4
28280698_MinPolqaSfbRecording_cut.wav,4.25,0.957427108,0.938278566,4
29539775_MinPolqaSfbRecording_cut.wav,3.75,0.957427108,0.938278566,4
30194992_MinPolqaSfbRecording_cut.wav,3.5,0.577350269,0.565803264,4
30508015_MinPolqaSfbRecording_cut.wav,3.0,0.816496581,0.800166649,4
28324050_MinPolqaSfbRecording_cut.wav,2.75,0.957427108,0.938278566,4
28123599_MinPolqaSfbRecording_cut.wav,3.75,0.5,0.49,4
30189330_MinPolqaSfbRecording_cut.wav,2.25,1.258305739,1.233139624,4
27940712_MinPolqaSfbRecording_cut.wav,3.75,0.5,0.49,4
30192175_MinPolqaSfbRecording_cut.wav,4.0,0.0,0.0,4
29539762_MinPolqaSfbRecording_cut.wav,2.2,1.095445115,0.960199979,5
30521057_MinPolqaSfbRecording_cut.wav,3.2,1.303840481,1.142866571,5
30118905_MinPolqaSfbRecording_cut.wav,3.0,1.224744871,1.073536213,5
30487844_MinPolqaSfbRecording_cut.wav,3.0,0.707106781,0.619806421,5
30089983_MinPolqaSfbRecording_cut.wav,3.6,0.547722558,0.48009999,5
30137431_MinPolqaSfbRecording_cut.wav,2.6,0.894427191,0.784,5
30110133_MinPolqaSfbRecording_cut.wav,3.2,0.836660027,0.733364848,5
30128840_MinPolqaSfbRecording_cut.wav,3.4,0.894427191,0.784,5
30078171_MinPolqaSfbRecording_cut.wav,4.0,0.707106781,0.619806421,5
30159634_MinPolqaSfbRecording_cut.wav,1.6,0.894427191,0.784,5
28194389_MinPolqaSfbRecording_cut.wav,3.0,1.414213562,1.239612843,5
30178343_MinPolqaSfbRecording_cut.wav,2.0,1.224744871,1.073536213,5
27752117_MinPolqaSfbRecording_cut.wav,4.6,0.547722558,0.48009999,5
30530235_MinPolqaSfbRecording_cut.wav,2.4,0.894427191,0.784,5
30145941_MinPolqaSfbRecording_cut.wav,2.0,1.732050808,1.518209472,5
28461827_MinPolqaSfbRecording_cut.wav,3.8,1.095445115,0.960199979,5
30456221_MinPolqaSfbRecording_cut.wav,1.8,1.303840481,1.142866571,5
30092727_MinPolqaSfbRecording_cut.wav,2.4,0.547722558,0.48009999,5
30068396_MinPolqaSfbRecording_cut.wav,1.8,0.447213595,0.392,5
30133056_MinPolqaSfbRecording_cut.wav,2.4,0.547722558,0.48009999,5
30405596_MinPolqaSfbRecording_cut.wav,3.8,0.836660027,0.733364848,5
28942463_MinPolqaSfbRecording_cut.wav,4.4,0.547722558,0.48009999,5
30060087_MinPolqaSfbRecording_cut.wav,1.4,0.547722558,0.48009999,5
30109582_MinPolqaSfbRecording_cut.wav,1.6,0.547722558,0.48009999,5
30178407_MinPolqaSfbRecording_cut.wav,3.0,1.224744871,1.073536213,5
30428745_MinPolqaSfbRecording_cut.wav,3.4,0.547722558,0.48009999,5
30480127_MinPolqaSfbRecording_cut.wav,1.8,0.447213595,0.392,5
30252339_MinPolqaSfbRecording_cut.wav,2.0,0.707106781,0.619806421,5
28496106_MinPolqaSfbRecording_cut.wav,3.8,0.447213595,0.392,5
30096377_MinPolqaSfbRecording_cut.wav,3.2,0.447213595,0.392,5
30163561_MinPolqaSfbRecording_cut.wav,2.0,0.707106781,0.619806421,5
29531254_MinPolqaSfbRecording_cut.wav,2.6,0.547722558,0.48009999,5
30090065_MinPolqaSfbRecording_cut.wav,3.8,0.447213595,0.392,5
30060643_MinPolqaSfbRecording_cut.wav,3.6,0.547722558,0.48009999,5
30467646_MinPolqaSfbRecording_cut.wav,1.6,0.547722558,0.48009999,5
30493952_MinPolqaSfbRecording_cut.wav,1.8,0.836660027,0.733364848,5
30408623_MinPolqaSfbRecording_cut.wav,4.0,0.816496581,0.800166649,4
29532860_MinPolqaSfbRecording_cut.wav,3.75,0.5,0.49,4
30173118_MinPolqaSfbRecording_cut.wav,4.25,0.957427108,0.938278566,4
30122739_MinPolqaSfbRecording_cut.wav,4.25,0.5,0.49,4
30165793_MinPolqaSfbRecording_cut.wav,3.75,0.957427108,0.938278566,4
30513866_MinPolqaSfbRecording_cut.wav,3.75,0.5,0.49,4
28788723_MinPolqaSfbRecording_cut.wav,4.25,0.5,0.49,4
30067760_MinPolqaSfbRecording_cut.wav,3.0,0.0,0.0,4
28238555_MinPolqaSfbRecording_cut.wav,3.75,0.5,0.49,4
30092094_MinPolqaSfbRecording_cut.wav,3.75,0.5,0.49,4
28650667_MinPolqaSfbRecording_cut.wav,4.0,0.816496581,0.800166649,4
30179188_MinPolqaSfbRecording_cut.wav,4.0,0.816496581,0.800166649,4
30166580_MinPolqaSfbRecording_cut.wav,3.25,1.5,1.47,4
30106988_MinPolqaSfbRecording_cut.wav,2.0,0.0,0.0,4
30155764_MinPolqaSfbRecording_cut.wav,4.25,0.5,0.49,4
30158059_MinPolqaSfbRecording_cut.wav,2.75,0.5,0.49,4
27961638_MinPolqaSfbRecording_cut.wav,4.0,0.0,0.0,4
30426271_MinPolqaSfbRecording_cut.wav,2.5,1.290994449,1.26517456,4
27609188_MinPolqaSfbRecording_cut.wav,3.666666667,0.577350269,0.653333333,3
29531644_MinPolqaSfbRecording_cut.wav,1.0,0.0,0.0,3
30467971_MinPolqaSfbRecording_cut.wav,1.666666667,0.577350269,0.653333333,3
30152547_MinPolqaSfbRecording_cut.wav,2.333333333,0.577350269,0.653333333,3
30144493_MinPolqaSfbRecording_cut.wav,1.333333333,0.577350269,0.653333333,3
30178486_MinPolqaSfbRecording_cut.wav,4.333333333,0.577350269,0.653333333,3
30162518_MinPolqaSfbRecording_cut.wav,3.0,0.0,0.0,3
30067185_MinPolqaSfbRecording_cut.wav,2.666666667,0.577350269,0.653333333,3
30442222_MinPolqaSfbRecording_cut.wav,4.0,0.0,0.0,3
30425430_MinPolqaSfbRecording_cut.wav,3.666666667,0.577350269,0.653333333,3
28475898_MinPolqaSfbRecording_cut.wav,3.333333333,0.577350269,0.653333333,3
30474353_MinPolqaSfbRecording_cut.wav,2.333333333,0.577350269,0.653333333,3
30084113_MinPolqaSfbRecording_cut.wav,4.0,0.0,0.0,3
30514163_MinPolqaSfbRecording_cut.wav,3.333333333,0.577350269,0.653333333,3
28809486_MinPolqaSfbRecording_cut.wav,4.0,1.0,1.131606528,3
28641652_MinPolqaSfbRecording_cut.wav,4.666666667,0.577350269,0.653333333,3
30462493_MinPolqaSfbRecording_cut.wav,2.666666667,1.154700538,1.306666667,3
30500596_MinPolqaSfbRecording_cut.wav,4.333333333,0.577350269,0.653333333,3
28033814_MinPolqaSfbRecording_cut.wav,5.0,0.0,0.0,3
30130046_MinPolqaSfbRecording_cut.wav,3.333333333,0.577350269,0.653333333,3
30155084_MinPolqaSfbRecording_cut.wav,1.666666667,0.577350269,0.653333333,3
30478200_MinPolqaSfbRecording_cut.wav,2.0,0.0,0.0,3
30514250_MinPolqaSfbRecording_cut.wav,4.0,0.0,0.0,3
30080299_MinPolqaSfbRecording_cut.wav,3.0,0.0,0.0,3
30505952_MinPolqaSfbRecording_cut.wav,4.0,1.0,1.131606528,3
30116973_MinPolqaSfbRecording_cut.wav,3.0,0.816496581,0.800166649,4
30097104_MinPolqaSfbRecording_cut.wav,2.25,1.258305739,1.233139624,4
30494004_MinPolqaSfbRecording_cut.wav,3.25,0.957427108,0.938278566,4
28307108_MinPolqaSfbRecording_cut.wav,3.5,0.577350269,0.565803264,4
28055196_MinPolqaSfbRecording_cut.wav,4.0,0.816496581,0.800166649,4
30426755_MinPolqaSfbRecording_cut.wav,2.0,1.154700538,1.131606528,4
30157527_MinPolqaSfbRecording_cut.wav,4.25,0.5,0.49,4
30197834_MinPolqaSfbRecording_cut.wav,2.75,1.707825128,1.673668625,4
30141189_MinPolqaSfbRecording_cut.wav,2.75,0.957427108,0.938278566,4
30462469_MinPolqaSfbRecording_cut.wav,3.0,0.816496581,0.800166649,4
29535056_MinPolqaSfbRecording_cut.wav,3.25,1.258305739,1.233139624,4
27643429_MinPolqaSfbRecording_cut.wav,3.75,0.5,0.49,4
28500380_MinPolqaSfbRecording_cut.wav,4.0,1.154700538,1.131606528,4
30491562_MinPolqaSfbRecording_cut.wav,2.25,0.957427108,0.938278566,4
27824400_MinPolqaSfbRecording_cut.wav,3.5,1.0,0.98,4
28823961_MinPolqaSfbRecording_cut.wav,3.75,0.957427108,0.938278566,4
28051457_MinPolqaSfbRecording_cut.wav,3.0,0.816496581,0.800166649,4
30262895_MinPolqaSfbRecording_cut.wav,4.0,0.816496581,0.800166649,4
29541401_MinPolqaSfbRecording_cut.wav,3.25,0.5,0.49,4
28726756_MinPolqaSfbRecording_cut.wav,2.75,1.707825128,1.673668625,4
30199825_MinPolqaSfbRecording_cut.wav,2.5,0.577350269,0.565803264,4
30483783_MinPolqaSfbRecording_cut.wav,2.25,1.258305739,1.233139624,4
28156259_MinPolqaSfbRecording_cut.wav,3.75,0.5,0.49,4
29539204_MinPolqaSfbRecording_cut.wav,2.5,1.0,0.98,4
27576587_MinPolqaSfbRecording_cut.wav,4.0,0.816496581,0.800166649,4
28157416_MinPolqaSfbRecording_cut.wav,3.25,0.5,0.49,4
30422914_MinPolqaSfbRecording_cut.wav,2.5,0.577350269,0.565803264,4
30156581_MinPolqaSfbRecording_cut.wav,2.0,0.816496581,0.800166649,4
30105170_MinPolqaSfbRecording_cut.wav,3.25,0.5,0.49,4
30137878_MinPolqaSfbRecording_cut.wav,3.5,0.577350269,0.565803264,4
30104362_MinPolqaSfbRecording_cut.wav,1.75,0.5,0.49,4
29529769_MinPolqaSfbRecording_cut.wav,2.75,0.957427108,0.938278566,4
29017626_MinPolqaSfbRecording_cut.wav,3.75,0.5,0.49,4
30195700_MinPolqaSfbRecording_cut.wav,3.75,0.5,0.49,4
30438895_MinPolqaSfbRecording_cut.wav,3.25,0.5,0.49,4
28641723_MinPolqaSfbRecording_cut.wav,3.25,1.258305739,1.233139624,4
30200275_MinPolqaSfbRecording_cut.wav,2.5,1.732050808,1.697409791,4
30257393_MinPolqaSfbRecording_cut.wav,3.0,0.0,0.0,4
30093120_MinPolqaSfbRecording_cut.wav,2.25,1.258305739,1.233139624,4
30157487_MinPolqaSfbRecording_cut.wav,3.75,0.957427108,0.938278566,4
30060796_MinPolqaSfbRecording_cut.wav,3.2,0.447213595,0.392,5
30167102_MinPolqaSfbRecording_cut.wav,3.2,0.836660027,0.733364848,5
28033380_MinPolqaSfbRecording_cut.wav,3.6,0.894427191,0.784,5
28331951_MinPolqaSfbRecording_cut.wav,3.2,0.836660027,0.733364848,5
30112052_MinPolqaSfbRecording_cut.wav,2.4,0.894427191,0.784,5
30064088_MinPolqaSfbRecording_cut.wav,2.0,1.0,0.876538647,5
30413901_MinPolqaSfbRecording_cut.wav,2.6,0.547722558,0.48009999,5
30127235_MinPolqaSfbRecording_cut.wav,3.2,0.447213595,0.392,5
30431644_MinPolqaSfbRecording_cut.wav,3.0,0.0,0.0,5
30477782_MinPolqaSfbRecording_cut.wav,4.333333333,1.154700538,1.306666667,3
30455594_MinPolqaSfbRecording_cut.wav,3.666666667,0.577350269,0.653333333,3
30178483_MinPolqaSfbRecording_cut.wav,4.0,1.0,1.131606528,3
30195119_MinPolqaSfbRecording_cut.wav,2.333333333,0.577350269,0.653333333,3
30254618_MinPolqaSfbRecording_cut.wav,2.333333333,0.577350269,0.653333333,3
30146344_MinPolqaSfbRecording_cut.wav,3.0,1.0,1.131606528,3
29542600_MinPolqaSfbRecording_cut.wav,3.666666667,0.577350269,0.653333333,3
30422849_MinPolqaSfbRecording_cut.wav,3.333333333,0.577350269,0.653333333,3
30453341_MinPolqaSfbRecording_cut.wav,4.0,0.0,0.0,3
30166428_MinPolqaSfbRecording_cut.wav,3.0,1.0,1.131606528,3
30431613_MinPolqaSfbRecording_cut.wav,4.666666667,0.577350269,0.653333333,3
30506683_MinPolqaSfbRecording_cut.wav,4.666666667,0.577350269,0.653333333,3
30197817_MinPolqaSfbRecording_cut.wav,2.666666667,1.527525232,1.728557523,3
30200826_MinPolqaSfbRecording_cut.wav,3.333333333,1.154700538,1.306666667,3
29533609_MinPolqaSfbRecording_cut.wav,2.666666667,0.577350269,0.653333333,3
30210359_MinPolqaSfbRecording_cut.wav,4.0,1.0,1.131606528,3
30472894_MinPolqaSfbRecording_cut.wav,3.0,0.707106781,0.619806421,5
30173727_MinPolqaSfbRecording_cut.wav,2.6,0.547722558,0.48009999,5
30157055_MinPolqaSfbRecording_cut.wav,4.0,0.707106781,0.619806421,5
30083040_MinPolqaSfbRecording_cut.wav,2.8,0.836660027,0.733364848,5
30140617_MinPolqaSfbRecording_cut.wav,1.8,0.447213595,0.392,5
30142254_MinPolqaSfbRecording_cut.wav,2.2,0.836660027,0.733364848,5
29531837_MinPolqaSfbRecording_cut.wav,3.0,0.707106781,0.619806421,5
30145194_MinPolqaSfbRecording_cut.wav,3.5,0.707106781,0.98,2
28157274_MinPolqaSfbRecording_cut.wav,5.0,0.0,0.0,2
30523167_MinPolqaSfbRecording_cut.wav,2.0,1.414213562,1.96,2
30431602_MinPolqaSfbRecording_cut.wav,3.0,0.0,0.0,2
30424520_MinPolqaSfbRecording_cut.wav,1.5,0.707106781,0.98,2
30090910_MinPolqaSfbRecording_cut.wav,4.0,0.0,0.0,2
30487855_MinPolqaSfbRecording_cut.wav,1.5,0.707106781,0.98,2
30066587_MinPolqaSfbRecording_cut.wav,2.5,0.707106781,0.98,2
30255636_MinPolqaSfbRecording_cut.wav,3.25,0.957427108,0.938278566,4
30482818_MinPolqaSfbRecording_cut.wav,3.0,1.154700538,1.131606528,4
27548458_MinPolqaSfbRecording_cut.wav,4.0,0.816496581,0.800166649,4
30141176_MinPolqaSfbRecording_cut.wav,2.75,0.957427108,0.938278566,4
30117355_MinPolqaSfbRecording_cut.wav,1.75,0.957427108,0.938278566,4
30176857_MinPolqaSfbRecording_cut.wav,1.75,0.957427108,0.938278566,4
30455105_MinPolqaSfbRecording_cut.wav,3.25,1.5,1.47,4
30179140_MinPolqaSfbRecording_cut.wav,2.25,0.5,0.49,4
30439674_MinPolqaSfbRecording_cut.wav,1.25,0.5,0.49,4
28067353_MinPolqaSfbRecording_cut.wav,4.75,0.5,0.49,4
30409343_MinPolqaSfbRecording_cut.wav,3.666666667,0.577350269,0.653333333,3
30164928_MinPolqaSfbRecording_cut.wav,3.0,1.0,1.131606528,3
28859574_MinPolqaSfbRecording_cut.wav,4.333333333,0.577350269,0.653333333,3
30136688_MinPolqaSfbRecording_cut.wav,3.666666667,1.154700538,1.306666667,3
30483656_MinPolqaSfbRecording_cut.wav,4.0,1.0,1.131606528,3
30119294_MinPolqaSfbRecording_cut.wav,4.666666667,0.577350269,0.653333333,3
30150931_MinPolqaSfbRecording_cut.wav,1.666666667,1.154700538,1.306666667,3
30107286_MinPolqaSfbRecording_cut.wav,3.5,0.577350269,0.565803264,4
30506452_MinPolqaSfbRecording_cut.wav,3.25,0.5,0.49,4
28716352_MinPolqaSfbRecording_cut.wav,3.5,0.577350269,0.565803264,4
30406004_MinPolqaSfbRecording_cut.wav,3.0,0.0,0.0,4
30178566_MinPolqaSfbRecording_cut.wav,3.75,0.5,0.49,4
30421361_MinPolqaSfbRecording_cut.wav,3.0,0.0,0.0,4
30140719_MinPolqaSfbRecording_cut.wav,3.75,0.5,0.49,4
28626793_MinPolqaSfbRecording_cut.wav,4.25,0.957427108,0.938278566,4
30091346_MinPolqaSfbRecording_cut.wav,3.2,0.836660027,0.733364848,5
30185541_MinPolqaSfbRecording_cut.wav,3.2,0.447213595,0.392,5
30255190_MinPolqaSfbRecording_cut.wav,2.8,1.095445115,0.960199979,5
27950778_MinPolqaSfbRecording_cut.wav,4.0,0.0,0.0,5
30147042_MinPolqaSfbRecording_cut.wav,3.0,1.0,0.876538647,5
30185051_MinPolqaSfbRecording_cut.wav,3.4,0.547722558,0.48009999,5
30258274_MinPolqaSfbRecording_cut.wav,3.8,0.836660027,0.733364848,5
30430498_MinPolqaSfbRecording_cut.wav,1.0,0.0,0.0,5
28949815_MinPolqaSfbRecording_cut.wav,3.2,0.447213595,0.392,5
28311863_MinPolqaSfbRecording_cut.wav,3.4,0.547722558,0.48009999,5
30164271_MinPolqaSfbRecording_cut.wav,3.0,0.707106781,0.619806421,5
27597493_MinPolqaSfbRecording_cut.wav,2.8,0.447213595,0.392,5
29534899_MinPolqaSfbRecording_cut.wav,2.8,0.836660027,0.733364848,5
30213771_MinPolqaSfbRecording_cut.wav,4.0,0.707106781,0.619806421,5
30213047_MinPolqaSfbRecording_cut.wav,1.8,0.447213595,0.392,5
30068880_MinPolqaSfbRecording_cut.wav,4.8,0.447213595,0.392,5
28949188_MinPolqaSfbRecording_cut.wav,3.25,0.5,0.49,4
30423781_MinPolqaSfbRecording_cut.wav,3.75,1.258305739,1.233139624,4
30523056_MinPolqaSfbRecording_cut.wav,2.25,0.5,0.49,4
30427263_MinPolqaSfbRecording_cut.wav,2.0,0.816496581,0.800166649,4
30426521_MinPolqaSfbRecording_cut.wav,2.75,0.5,0.49,4
30105026_MinPolqaSfbRecording_cut.wav,3.75,0.5,0.49,4
30207356_MinPolqaSfbRecording_cut.wav,2.5,1.0,0.98,4
28615052_MinPolqaSfbRecording_cut.wav,3.5,0.577350269,0.565803264,4
30408838_MinPolqaSfbRecording_cut.wav,2.5,0.577350269,0.565803264,4
30428962_MinPolqaSfbRecording_cut.wav,2.5,1.0,0.98,4
30468737_MinPolqaSfbRecording_cut.wav,3.2,0.447213595,0.392,5
30182041_MinPolqaSfbRecording_cut.wav,3.6,0.894427191,0.784,5
30522881_MinPolqaSfbRecording_cut.wav,1.8,0.836660027,0.733364848,5
30493326_MinPolqaSfbRecording_cut.wav,4.0,0.707106781,0.619806421,5
27678705_MinPolqaSfbRecording_cut.wav,4.0,0.707106781,0.619806421,5
30404696_MinPolqaSfbRecording_cut.wav,3.6,0.547722558,0.48009999,5
30516643_MinPolqaSfbRecording_cut.wav,1.0,0.0,0.0,5
30401616_MinPolqaSfbRecording_cut.wav,3.0,0.707106781,0.619806421,5
30519687_MinPolqaSfbRecording_cut.wav,2.0,0.0,0.0,5
30501466_MinPolqaSfbRecording_cut.wav,1.75,0.5,0.49,4
30504793_MinPolqaSfbRecording_cut.wav,2.0,0.0,0.0,4
27801801_MinPolqaSfbRecording_cut.wav,4.25,0.5,0.49,4
30099189_MinPolqaSfbRecording_cut.wav,4.25,0.5,0.49,4
30528705_MinPolqaSfbRecording_cut.wav,3.0,0.816496581,0.800166649,4
30501901_MinPolqaSfbRecording_cut.wav,3.25,0.5,0.49,4
30505166_MinPolqaSfbRecording_cut.wav,2.5,1.0,0.98,4
30142748_MinPolqaSfbRecording_cut.wav,1.75,0.5,0.49,4
30154780_MinPolqaSfbRecording_cut.wav,1.75,0.5,0.49,4
30180212_MinPolqaSfbRecording_cut.wav,2.75,0.957427108,0.938278566,4
30400960_MinPolqaSfbRecording_cut.wav,4.0,0.707106781,0.619806421,5
30060409_MinPolqaSfbRecording_cut.wav,1.6,0.547722558,0.48009999,5
30427929_MinPolqaSfbRecording_cut.wav,2.8,1.303840481,1.142866571,5
30421040_MinPolqaSfbRecording_cut.wav,3.6,1.140175425,0.999407825,5
30473698_MinPolqaSfbRecording_cut.wav,2.6,0.547722558,0.48009999,5
30192197_MinPolqaSfbRecording_cut.wav,3.4,0.894427191,0.784,5
28147497_MinPolqaSfbRecording_cut.wav,4.4,0.547722558,0.48009999,5
30193913_MinPolqaSfbRecording_cut.wav,2.4,1.140175425,0.999407825,5
30509211_MinPolqaSfbRecording_cut.wav,3.4,0.547722558,0.48009999,5
28505727_MinPolqaSfbRecording_cut.wav,3.4,0.547722558,0.48009999,5
30408778_MinPolqaSfbRecording_cut.wav,3.4,0.894427191,0.784,5
30154345_MinPolqaSfbRecording_cut.wav,3.4,0.547722558,0.48009999,5
30060512_MinPolqaSfbRecording_cut.wav,1.6,0.894427191,0.784,5
27968685_MinPolqaSfbRecording_cut.wav,4.2,0.447213595,0.392,5
30150637_MinPolqaSfbRecording_cut.wav,2.2,1.095445115,0.960199979,5
29530197_MinPolqaSfbRecording_cut.wav,3.0,0.707106781,0.619806421,5
28009044_MinPolqaSfbRecording_cut.wav,4.0,0.707106781,0.619806421,5
30174186_MinPolqaSfbRecording_cut.wav,2.6,0.547722558,0.48009999,5
30408324_MinPolqaSfbRecording_cut.wav,4.0,0.707106781,0.619806421,5
27750093_MinPolqaSfbRecording_cut.wav,4.2,0.447213595,0.392,5
30488742_MinPolqaSfbRecording_cut.wav,1.8,0.836660027,0.733364848,5
30440554_MinPolqaSfbRecording_cut.wav,3.0,1.58113883,1.385929291,5
30182445_MinPolqaSfbRecording_cut.wav,2.6,1.516575089,1.329336677,5
27756801_MinPolqaSfbRecording_cut.wav,3.6,1.140175425,0.999407825,5
30166465_MinPolqaSfbRecording_cut.wav,4.2,0.836660027,0.733364848,5
30405446_MinPolqaSfbRecording_cut.wav,3.0,1.0,0.876538647,5
30432823_MinPolqaSfbRecording_cut.wav,2.4,1.341640786,1.176,5
28079240_MinPolqaSfbRecording_cut.wav,3.8,0.447213595,0.392,5
30465824_MinPolqaSfbRecording_cut.wav,2.2,1.303840481,1.142866571,5
27917975_MinPolqaSfbRecording_cut.wav,3.8,1.303840481,1.142866571,5
30454092_MinPolqaSfbRecording_cut.wav,3.666666667,1.527525232,1.728557523,3
30211568_MinPolqaSfbRecording_cut.wav,3.666666667,1.527525232,1.728557523,3
30488615_MinPolqaSfbRecording_cut.wav,3.333333333,0.577350269,0.653333333,3
30407092_MinPolqaSfbRecording_cut.wav,2.666666667,1.154700538,1.306666667,3
27653034_MinPolqaSfbRecording_cut.wav,3.666666667,0.577350269,0.653333333,3
30208276_MinPolqaSfbRecording_cut.wav,3.333333333,0.577350269,0.653333333,3
30124496_MinPolqaSfbRecording_cut.wav,3.666666667,0.577350269,0.653333333,3
30107391_MinPolqaSfbRecording_cut.wav,4.0,1.0,1.131606528,3
30144306_MinPolqaSfbRecording_cut.wav,3.25,1.258305739,1.233139624,4
30083517_MinPolqaSfbRecording_cut.wav,3.5,0.577350269,0.565803264,4
30483581_MinPolqaSfbRecording_cut.wav,2.5,0.577350269,0.565803264,4
28446827_MinPolqaSfbRecording_cut.wav,4.25,0.5,0.49,4
30095559_MinPolqaSfbRecording_cut.wav,4.25,0.5,0.49,4
30128235_MinPolqaSfbRecording_cut.wav,3.25,0.5,0.49,4
30137643_MinPolqaSfbRecording_cut.wav,3.5,1.0,0.98,4
27950621_MinPolqaSfbRecording_cut.wav,3.75,0.957427108,0.938278566,4
30064825_MinPolqaSfbRecording_cut.wav,2.8,1.303840481,1.142866571,5
30251201_MinPolqaSfbRecording_cut.wav,2.0,0.707106781,0.619806421,5
30178598_MinPolqaSfbRecording_cut.wav,3.2,1.303840481,1.142866571,5
28554645_MinPolqaSfbRecording_cut.wav,3.8,0.447213595,0.392,5
30068463_MinPolqaSfbRecording_cut.wav,3.2,1.483239697,1.300116918,5
30069083_MinPolqaSfbRecording_cut.wav,2.6,1.140175425,0.999407825,5
27840021_MinPolqaSfbRecording_cut.wav,3.6,0.894427191,0.784,5
30092804_MinPolqaSfbRecording_cut.wav,2.0,0.707106781,0.619806421,5
30251561_MinPolqaSfbRecording_cut.wav,2.0,0.816496581,0.800166649,4
30105066_MinPolqaSfbRecording_cut.wav,3.5,0.577350269,0.565803264,4
28322414_MinPolqaSfbRecording_cut.wav,3.75,0.5,0.49,4
30484456_MinPolqaSfbRecording_cut.wav,3.0,0.0,0.0,4
29534006_MinPolqaSfbRecording_cut.wav,2.5,0.577350269,0.565803264,4
30072024_MinPolqaSfbRecording_cut.wav,3.25,0.5,0.49,4
30523915_MinPolqaSfbRecording_cut.wav,3.25,0.5,0.49,4
28172204_MinPolqaSfbRecording_cut.wav,4.0,0.816496581,0.800166649,4
29533879_MinPolqaSfbRecording_cut.wav,3.0,0.0,0.0,4
30254809_MinPolqaSfbRecording_cut.wav,3.666666667,0.577350269,0.653333333,3
30169682_MinPolqaSfbRecording_cut.wav,2.666666667,0.577350269,0.653333333,3
30133466_MinPolqaSfbRecording_cut.wav,4.0,0.0,0.0,3
30067736_MinPolqaSfbRecording_cut.wav,2.666666667,0.577350269,0.653333333,3
30491808_MinPolqaSfbRecording_cut.wav,3.666666667,0.577350269,0.653333333,3
30408832_MinPolqaSfbRecording_cut.wav,2.0,1.732050808,1.96,3
30069543_MinPolqaSfbRecording_cut.wav,3.0,0.0,0.0,2
30133456_MinPolqaSfbRecording_cut.wav,3.0,0.0,0.0,2
30412531_MinPolqaSfbRecording_cut.wav,3.0,0.0,0.0,2
27977736_MinPolqaSfbRecording_cut.wav,3.5,0.707106781,0.98,2
30108413_MinPolqaSfbRecording_cut.wav,2.0,0.0,0.0,2
30427149_MinPolqaSfbRecording_cut.wav,3.0,0.0,0.0,2
30403750_MinPolqaSfbRecording_cut.wav,2.5,0.707106781,0.98,2
30429359_MinPolqaSfbRecording_cut.wav,2.0,0.0,0.0,2
30207821_MinPolqaSfbRecording_cut.wav,2.666666667,1.527525232,1.728557523,3
28251996_MinPolqaSfbRecording_cut.wav,4.0,0.0,0.0,3
30415717_MinPolqaSfbRecording_cut.wav,3.0,1.0,1.131606528,3
30449434_MinPolqaSfbRecording_cut.wav,2.333333333,1.527525232,1.728557523,3
30130830_MinPolqaSfbRecording_cut.wav,4.333333333,0.577350269,0.653333333,3
27674846_MinPolqaSfbRecording_cut.wav,4.666666667,0.577350269,0.653333333,3
30529975_MinPolqaSfbRecording_cut.wav,3.666666667,0.577350269,0.653333333,3
30120594_MinPolqaSfbRecording_cut.wav,4.0,1.0,1.131606528,3
30530311_MinPolqaSfbRecording_cut.wav,2.2,1.303840481,1.142866571,5
30439935_MinPolqaSfbRecording_cut.wav,3.6,0.894427191,0.784,5
30463251_MinPolqaSfbRecording_cut.wav,2.6,1.516575089,1.329336677,5
30446712_MinPolqaSfbRecording_cut.wav,2.8,1.303840481,1.142866571,5
27895297_MinPolqaSfbRecording_cut.wav,3.2,1.303840481,1.142866571,5
30083953_MinPolqaSfbRecording_cut.wav,3.4,1.341640786,1.176,5
30128239_MinPolqaSfbRecording_cut.wav,2.6,1.516575089,1.329336677,5
27813981_MinPolqaSfbRecording_cut.wav,3.8,1.095445115,0.960199979,5
28473036_MinPolqaSfbRecording_cut.wav,4.2,1.303840481,1.142866571,5
30121340_MinPolqaSfbRecording_cut.wav,2.4,1.673320053,1.466729696,5
30147990_MinPolqaSfbRecording_cut.wav,4.25,0.5,0.49,4
30142364_MinPolqaSfbRecording_cut.wav,1.25,0.5,0.49,4
30067990_MinPolqaSfbRecording_cut.wav,2.75,0.957427108,0.938278566,4
30113586_MinPolqaSfbRecording_cut.wav,2.0,0.816496581,0.800166649,4
28142950_MinPolqaSfbRecording_cut.wav,5.0,0.0,0.0,4
30508376_MinPolqaSfbRecording_cut.wav,4.0,0.816496581,0.800166649,4
27664785_MinPolqaSfbRecording_cut.wav,4.5,0.577350269,0.565803264,4
30162994_MinPolqaSfbRecording_cut.wav,1.75,0.957427108,0.938278566,4
30164164_MinPolqaSfbRecording_cut.wav,2.25,1.258305739,1.233139624,4
28503685_MinPolqaSfbRecording_cut.wav,4.75,0.5,0.49,4
30509671_MinPolqaSfbRecording_cut.wav,3.75,0.957427108,0.938278566,4
30204731_MinPolqaSfbRecording_cut.wav,1.75,0.957427108,0.938278566,4
30202123_MinPolqaSfbRecording_cut.wav,1.25,0.5,0.49,4
28032742_MinPolqaSfbRecording_cut.wav,4.5,0.577350269,0.565803264,4
30427557_MinPolqaSfbRecording_cut.wav,1.5,0.577350269,0.565803264,4
30066265_MinPolqaSfbRecording_cut.wav,2.25,0.957427108,0.938278566,4
28009172_MinPolqaSfbRecording_cut.wav,3.75,0.957427108,0.938278566,4
28473461_MinPolqaSfbRecording_cut.wav,4.5,0.577350269,0.565803264,4
28961399_MinPolqaSfbRecording_cut.wav,4.0,1.0,1.131606528,3
30458221_MinPolqaSfbRecording_cut.wav,2.0,1.732050808,1.96,3
28074090_MinPolqaSfbRecording_cut.wav,4.0,1.0,1.131606528,3
30526969_MinPolqaSfbRecording_cut.wav,2.666666667,0.577350269,0.653333333,3
30142064_MinPolqaSfbRecording_cut.wav,2.666666667,1.527525232,1.728557523,3
27770759_MinPolqaSfbRecording_cut.wav,4.0,1.0,1.131606528,3
30106983_MinPolqaSfbRecording_cut.wav,2.0,0.0,0.0,5
30059168_MinPolqaSfbRecording_cut.wav,4.2,0.447213595,0.392,5
30142011_MinPolqaSfbRecording_cut.wav,3.2,0.447213595,0.392,5
30524044_MinPolqaSfbRecording_cut.wav,3.0,0.0,0.0,5
30423784_MinPolqaSfbRecording_cut.wav,2.2,0.447213595,0.392,5
30090088_MinPolqaSfbRecording_cut.wav,1.8,0.447213595,0.392,5
27641080_MinPolqaSfbRecording_cut.wav,4.2,0.447213595,0.392,5
30131915_MinPolqaSfbRecording_cut.wav,2.0,0.0,0.0,5
30485351_MinPolqaSfbRecording_cut.wav,1.8,0.447213595,0.392,5
30413879_MinPolqaSfbRecording_cut.wav,2.8,0.836660027,0.733364848,5
30507536_MinPolqaSfbRecording_cut.wav,3.2,1.095445115,0.960199979,5
27849786_MinPolqaSfbRecording_cut.wav,3.8,0.836660027,0.733364848,5
28154616_MinPolqaSfbRecording_cut.wav,4.0,0.707106781,0.619806421,5
30091897_MinPolqaSfbRecording_cut.wav,1.6,0.547722558,0.48009999,5
27750521_MinPolqaSfbRecording_cut.wav,3.4,0.547722558,0.48009999,5
28872669_MinPolqaSfbRecording_cut.wav,3.8,0.836660027,0.733364848,5
27923884_MinPolqaSfbRecording_cut.wav,4.666666667,0.577350269,0.653333333,3
30478326_MinPolqaSfbRecording_cut.wav,4.0,1.0,1.131606528,3
28964084_MinPolqaSfbRecording_cut.wav,3.666666667,0.577350269,0.653333333,3
30176695_MinPolqaSfbRecording_cut.wav,3.666666667,0.577350269,0.653333333,3
27615345_MinPolqaSfbRecording_cut.wav,4.333333333,0.577350269,0.653333333,3
30202444_MinPolqaSfbRecording_cut.wav,4.0,1.0,1.131606528,3
30262913_MinPolqaSfbRecording_cut.wav,2.333333333,0.577350269,0.653333333,3
30487559_MinPolqaSfbRecording_cut.wav,3.666666667,0.577350269,0.653333333,3
30135819_MinPolqaSfbRecording_cut.wav,2.25,0.957427108,0.938278566,4
30445390_MinPolqaSfbRecording_cut.wav,2.75,1.5,1.47,4
28695964_MinPolqaSfbRecording_cut.wav,4.25,0.5,0.49,4
30100005_MinPolqaSfbRecording_cut.wav,3.0,0.816496581,0.800166649,4
30260296_MinPolqaSfbRecording_cut.wav,3.75,0.957427108,0.938278566,4
30090103_MinPolqaSfbRecording_cut.wav,3.25,0.957427108,0.938278566,4
30256075_MinPolqaSfbRecording_cut.wav,4.25,0.5,0.49,4
30458359_MinPolqaSfbRecording_cut.wav,2.25,1.258305739,1.233139624,4
28333537_MinPolqaSfbRecording_cut.wav,2.75,1.707825128,1.673668625,4
28683927_MinPolqaSfbRecording_cut.wav,4.0,0.816496581,0.800166649,4
30519283_MinPolqaSfbRecording_cut.wav,2.75,1.5,1.47,4
28342863_MinPolqaSfbRecording_cut.wav,5.0,0.0,0.0,4
30188869_MinPolqaSfbRecording_cut.wav,4.75,0.5,0.49,4
30123243_MinPolqaSfbRecording_cut.wav,3.0,0.0,0.0,4
30065179_MinPolqaSfbRecording_cut.wav,3.25,0.957427108,0.938278566,4
30513952_MinPolqaSfbRecording_cut.wav,2.75,0.957427108,0.938278566,4
30154306_MinPolqaSfbRecording_cut.wav,4.25,0.957427108,0.938278566,4
30117741_MinPolqaSfbRecording_cut.wav,3.75,0.957427108,0.938278566,4
30154852_MinPolqaSfbRecording_cut.wav,4.25,0.957427108,0.938278566,4
30489226_MinPolqaSfbRecording_cut.wav,4.5,0.577350269,0.565803264,4
29531636_MinPolqaSfbRecording_cut.wav,2.5,0.577350269,0.565803264,4
30500572_MinPolqaSfbRecording_cut.wav,3.5,0.577350269,0.565803264,4
29056317_MinPolqaSfbRecording_cut.wav,4.0,0.816496581,0.800166649,4
30426472_MinPolqaSfbRecording_cut.wav,3.75,0.957427108,0.938278566,4
30171715_MinPolqaSfbRecording_cut.wav,4.25,0.957427108,0.938278566,4
30083014_MinPolqaSfbRecording_cut.wav,3.0,0.816496581,0.800166649,4
30062846_MinPolqaSfbRecording_cut.wav,2.8,0.836660027,0.733364848,5
28302764_MinPolqaSfbRecording_cut.wav,4.8,0.447213595,0.392,5
30120203_MinPolqaSfbRecording_cut.wav,3.6,1.140175425,0.999407825,5
30255064_MinPolqaSfbRecording_cut.wav,2.8,1.303840481,1.142866571,5
30465655_MinPolqaSfbRecording_cut.wav,4.2,0.836660027,0.733364848,5
30522364_MinPolqaSfbRecording_cut.wav,1.4,0.547722558,0.48009999,5
28664863_MinPolqaSfbRecording_cut.wav,4.4,0.547722558,0.48009999,5
30413900_MinPolqaSfbRecording_cut.wav,2.8,1.303840481,1.142866571,5
30181827_MinPolqaSfbRecording_cut.wav,3.6,0.894427191,0.784,5
28004403_MinPolqaSfbRecording_cut.wav,3.8,0.447213595,0.392,5
30165208_MinPolqaSfbRecording_cut.wav,4.0,1.0,0.876538647,5
28917459_MinPolqaSfbRecording_cut.wav,4.2,0.836660027,0.733364848,5
30434765_MinPolqaSfbRecording_cut.wav,3.4,0.547722558,0.48009999,5
30404268_MinPolqaSfbRecording_cut.wav,3.2,0.447213595,0.392,5
30433775_MinPolqaSfbRecording_cut.wav,4.0,0.707106781,0.619806421,5
27648327_MinPolqaSfbRecording_cut.wav,4.4,0.547722558,0.48009999,5
29537892_MinPolqaSfbRecording_cut.wav,2.75,0.957427108,0.938278566,4
30407188_MinPolqaSfbRecording_cut.wav,2.5,1.290994449,1.26517456,4
30061766_MinPolqaSfbRecording_cut.wav,2.75,0.5,0.49,4
30109111_MinPolqaSfbRecording_cut.wav,2.0,0.816496581,0.800166649,4
30205859_MinPolqaSfbRecording_cut.wav,3.75,0.5,0.49,4
30091742_MinPolqaSfbRecording_cut.wav,2.5,0.577350269,0.565803264,4
30264427_MinPolqaSfbRecording_cut.wav,3.5,0.577350269,0.565803264,4
30206234_MinPolqaSfbRecording_cut.wav,2.75,1.258305739,1.233139624,4
30120955_MinPolqaSfbRecording_cut.wav,3.0,,,1
30153917_MinPolqaSfbRecording_cut.wav,3.0,,,1
30096625_MinPolqaSfbRecording_cut.wav,3.0,,,1
30403804_MinPolqaSfbRecording_cut.wav,3.0,,,1
27568951_MinPolqaSfbRecording_cut.wav,4.0,,,1
30155145_MinPolqaSfbRecording_cut.wav,2.0,,,1
30120635_MinPolqaSfbRecording_cut.wav,2.0,,,1
30471203_MinPolqaSfbRecording_cut.wav,4.0,0.707106781,0.619806421,5
30443309_MinPolqaSfbRecording_cut.wav,3.4,0.894427191,0.784,5
30426795_MinPolqaSfbRecording_cut.wav,3.6,1.516575089,1.329336677,5
28296016_MinPolqaSfbRecording_cut.wav,4.6,0.547722558,0.48009999,5
30213552_MinPolqaSfbRecording_cut.wav,4.2,0.836660027,0.733364848,5
30122900_MinPolqaSfbRecording_cut.wav,3.2,1.303840481,1.142866571,5
30091072_MinPolqaSfbRecording_cut.wav,3.2,1.303840481,1.142866571,5
30193810_MinPolqaSfbRecording_cut.wav,3.0,1.870828693,1.639853652,5
30467102_MinPolqaSfbRecording_cut.wav,3.25,0.5,0.49,4
30192269_MinPolqaSfbRecording_cut.wav,2.75,0.957427108,0.938278566,4
30080699_MinPolqaSfbRecording_cut.wav,4.0,0.816496581,0.800166649,4
30071428_MinPolqaSfbRecording_cut.wav,4.25,0.5,0.49,4
30098752_MinPolqaSfbRecording_cut.wav,3.75,0.5,0.49,4
30129279_MinPolqaSfbRecording_cut.wav,2.25,0.957427108,0.938278566,4
30406892_MinPolqaSfbRecording_cut.wav,2.0,1.224744871,1.073536213,5
30406273_MinPolqaSfbRecording_cut.wav,2.8,0.836660027,0.733364848,5
30107947_MinPolqaSfbRecording_cut.wav,2.6,0.547722558,0.48009999,5
30467463_MinPolqaSfbRecording_cut.wav,3.6,0.547722558,0.48009999,5
27879618_MinPolqaSfbRecording_cut.wav,3.6,0.547722558,0.48009999,5
30086691_MinPolqaSfbRecording_cut.wav,2.8,1.095445115,0.960199979,5
30159768_MinPolqaSfbRecording_cut.wav,2.0,0.707106781,0.619806421,5
30070396_MinPolqaSfbRecording_cut.wav,2.25,0.957427108,0.938278566,4
29536519_MinPolqaSfbRecording_cut.wav,2.0,0.0,0.0,4
27606083_MinPolqaSfbRecording_cut.wav,3.5,1.290994449,1.26517456,4
29537524_MinPolqaSfbRecording_cut.wav,1.5,1.0,0.98,4
30154783_MinPolqaSfbRecording_cut.wav,2.0,0.0,0.0,4
28509727_MinPolqaSfbRecording_cut.wav,4.25,0.957427108,0.938278566,4
30105142_MinPolqaSfbRecording_cut.wav,2.75,1.258305739,1.233139624,4
30091492_MinPolqaSfbRecording_cut.wav,3.0,0.816496581,0.800166649,4
30082218_MinPolqaSfbRecording_cut.wav,3.0,2.0,2.263213055,3
28008273_MinPolqaSfbRecording_cut.wav,2.0,0.0,0.0,3
30464213_MinPolqaSfbRecording_cut.wav,3.0,1.732050808,1.96,3
30195144_MinPolqaSfbRecording_cut.wav,2.333333333,1.527525232,1.728557523,3
28352444_MinPolqaSfbRecording_cut.wav,3.666666667,1.154700538,1.306666667,3
28088125_MinPolqaSfbRecording_cut.wav,4.666666667,0.577350269,0.653333333,3
30208206_MinPolqaSfbRecording_cut.wav,2.333333333,1.527525232,1.728557523,3
30158180_MinPolqaSfbRecording_cut.wav,2.333333333,1.527525232,1.728557523,3
30511836_MinPolqaSfbRecording_cut.wav,3.666666667,1.154700538,1.306666667,3
30523181_MinPolqaSfbRecording_cut.wav,3.0,0.0,0.0,3
30433816_MinPolqaSfbRecording_cut.wav,2.2,1.303840481,1.142866571,5
27734466_MinPolqaSfbRecording_cut.wav,3.8,0.836660027,0.733364848,5
30081991_MinPolqaSfbRecording_cut.wav,4.0,0.707106781,0.619806421,5
30491537_MinPolqaSfbRecording_cut.wav,2.6,1.140175425,0.999407825,5
30493458_MinPolqaSfbRecording_cut.wav,1.8,0.447213595,0.392,5
30263579_MinPolqaSfbRecording_cut.wav,3.4,0.547722558,0.48009999,5
30069437_MinPolqaSfbRecording_cut.wav,2.8,0.447213595,0.392,5
28535378_MinPolqaSfbRecording_cut.wav,3.6,0.894427191,0.784,5
28656089_MinPolqaSfbRecording_cut.wav,4.75,0.5,0.49,4
30153744_MinPolqaSfbRecording_cut.wav,3.0,0.0,0.0,4
30160664_MinPolqaSfbRecording_cut.wav,1.25,0.5,0.49,4
30424752_MinPolqaSfbRecording_cut.wav,2.25,0.957427108,0.938278566,4
30174796_MinPolqaSfbRecording_cut.wav,2.0,0.816496581,0.800166649,4
30137962_MinPolqaSfbRecording_cut.wav,2.75,1.707825128,1.673668625,4
29052438_MinPolqaSfbRecording_cut.wav,4.5,0.577350269,0.565803264,4
30145211_MinPolqaSfbRecording_cut.wav,2.75,0.5,0.49,4
28354836_MinPolqaSfbRecording_cut.wav,3.5,1.732050808,1.697409791,4
27822365_MinPolqaSfbRecording_cut.wav,4.0,0.816496581,0.800166649,4
30139268_MinPolqaSfbRecording_cut.wav,3.5,0.577350269,0.565803264,4
30095954_MinPolqaSfbRecording_cut.wav,2.5,0.577350269,0.565803264,4
30098713_MinPolqaSfbRecording_cut.wav,1.5,0.577350269,0.565803264,4
30208099_MinPolqaSfbRecording_cut.wav,3.0,0.0,0.0,4
30151623_MinPolqaSfbRecording_cut.wav,3.5,0.577350269,0.565803264,4
30101844_MinPolqaSfbRecording_cut.wav,3.75,0.5,0.49,4
28497276_MinPolqaSfbRecording_cut.wav,4.0,0.816496581,0.800166649,4
30063531_MinPolqaSfbRecording_cut.wav,3.25,0.957427108,0.938278566,4
30485678_MinPolqaSfbRecording_cut.wav,2.0,0.816496581,0.800166649,4
30065420_MinPolqaSfbRecording_cut.wav,3.0,0.816496581,0.800166649,4
30466314_MinPolqaSfbRecording_cut.wav,2.75,0.957427108,0.938278566,4
30209393_MinPolqaSfbRecording_cut.wav,1.75,0.5,0.49,4
30192677_MinPolqaSfbRecording_cut.wav,1.5,0.577350269,0.565803264,4
30467051_MinPolqaSfbRecording_cut.wav,1.5,0.577350269,0.565803264,4
29538045_MinPolqaSfbRecording_cut.wav,2.0,0.0,0.0,4
30182933_MinPolqaSfbRecording_cut.wav,2.4,0.547722558,0.48009999,5
29536066_MinPolqaSfbRecording_cut.wav,4.2,0.836660027,0.733364848,5
30522623_MinPolqaSfbRecording_cut.wav,2.2,1.095445115,0.960199979,5
28791471_MinPolqaSfbRecording_cut.wav,4.0,0.0,0.0,5
30502074_MinPolqaSfbRecording_cut.wav,3.8,0.836660027,0.733364848,5
30501138_MinPolqaSfbRecording_cut.wav,3.0,0.707106781,0.619806421,5
30522614_MinPolqaSfbRecording_cut.wav,3.25,0.957427108,0.938278566,4
30104779_MinPolqaSfbRecording_cut.wav,3.0,0.816496581,0.800166649,4
30182563_MinPolqaSfbRecording_cut.wav,4.0,0.816496581,0.800166649,4
30128646_MinPolqaSfbRecording_cut.wav,3.0,0.816496581,0.800166649,4
30066612_MinPolqaSfbRecording_cut.wav,2.0,0.816496581,0.800166649,4
30147750_MinPolqaSfbRecording_cut.wav,3.0,0.816496581,0.800166649,4
30186113_MinPolqaSfbRecording_cut.wav,4.0,1.154700538,1.131606528,4
30205686_MinPolqaSfbRecording_cut.wav,4.0,0.816496581,0.800166649,4
30157444_MinPolqaSfbRecording_cut.wav,3.0,1.0,0.876538647,5
30491103_MinPolqaSfbRecording_cut.wav,2.4,0.894427191,0.784,5
30100631_MinPolqaSfbRecording_cut.wav,2.0,0.0,0.0,5
30425299_MinPolqaSfbRecording_cut.wav,1.0,0.0,0.0,5
30448122_MinPolqaSfbRecording_cut.wav,3.4,0.547722558,0.48009999,5
30154778_MinPolqaSfbRecording_cut.wav,1.8,0.447213595,0.392,5
30415927_MinPolqaSfbRecording_cut.wav,3.0,1.414213562,1.239612843,5
27954342_MinPolqaSfbRecording_cut.wav,3.4,1.341640786,1.176,5
29540333_MinPolqaSfbRecording_cut.wav,2.2,0.447213595,0.392,5
30509229_MinPolqaSfbRecording_cut.wav,3.4,1.341640786,1.176,5
30110156_MinPolqaSfbRecording_cut.wav,3.6,0.894427191,0.784,5
30176808_MinPolqaSfbRecording_cut.wav,2.8,1.095445115,0.960199979,5
30432443_MinPolqaSfbRecording_cut.wav,4.2,0.836660027,0.733364848,5
29534235_MinPolqaSfbRecording_cut.wav,3.2,1.303840481,1.142866571,5
30109003_MinPolqaSfbRecording_cut.wav,1.4,0.547722558,0.48009999,5
30127813_MinPolqaSfbRecording_cut.wav,1.4,0.547722558,0.48009999,5
27890870_MinPolqaSfbRecording_cut.wav,3.4,0.894427191,0.784,5
28638525_MinPolqaSfbRecording_cut.wav,4.333333333,0.577350269,0.653333333,3
30145315_MinPolqaSfbRecording_cut.wav,2.666666667,1.154700538,1.306666667,3
27716823_MinPolqaSfbRecording_cut.wav,3.333333333,0.577350269,0.653333333,3
30207697_MinPolqaSfbRecording_cut.wav,2.333333333,1.527525232,1.728557523,3
28821387_MinPolqaSfbRecording_cut.wav,4.0,0.0,0.0,3
28351328_MinPolqaSfbRecording_cut.wav,4.0,1.0,1.131606528,3
30136648_MinPolqaSfbRecording_cut.wav,2.0,1.0,1.131606528,3
30401471_MinPolqaSfbRecording_cut.wav,1.0,0.0,0.0,3
30471404_MinPolqaSfbRecording_cut.wav,3.333333333,1.527525232,1.728557523,3
27881419_MinPolqaSfbRecording_cut.wav,3.666666667,1.154700538,1.306666667,3
30099308_MinPolqaSfbRecording_cut.wav,3.333333333,0.577350269,0.653333333,3
30126320_MinPolqaSfbRecording_cut.wav,3.0,1.732050808,1.96,3
30513736_MinPolqaSfbRecording_cut.wav,2.333333333,2.309401077,2.613333333,3
28847347_MinPolqaSfbRecording_cut.wav,4.0,1.0,1.131606528,3
30076246_MinPolqaSfbRecording_cut.wav,3.666666667,1.154700538,1.306666667,3
30260186_MinPolqaSfbRecording_cut.wav,2.666666667,1.154700538,1.306666667,3
27831242_MinPolqaSfbRecording_cut.wav,3.4,0.894427191,0.784,5
30078641_MinPolqaSfbRecording_cut.wav,3.4,0.547722558,0.48009999,5
30489141_MinPolqaSfbRecording_cut.wav,1.2,0.447213595,0.392,5
30097296_MinPolqaSfbRecording_cut.wav,3.6,1.140175425,0.999407825,5
30492743_MinPolqaSfbRecording_cut.wav,1.4,0.547722558,0.48009999,5
30403428_MinPolqaSfbRecording_cut.wav,2.8,0.447213595,0.392,5
30463851_MinPolqaSfbRecording_cut.wav,3.6,0.547722558,0.48009999,5
29033622_MinPolqaSfbRecording_cut.wav,3.8,0.836660027,0.733364848,5
29537657_MinPolqaSfbRecording_cut.wav,4.333333333,0.577350269,0.653333333,3
28031975_MinPolqaSfbRecording_cut.wav,4.333333333,1.154700538,1.306666667,3
30080714_MinPolqaSfbRecording_cut.wav,4.333333333,0.577350269,0.653333333,3
28592691_MinPolqaSfbRecording_cut.wav,3.666666667,0.577350269,0.653333333,3
28474026_MinPolqaSfbRecording_cut.wav,4.0,1.0,1.131606528,3
30510122_MinPolqaSfbRecording_cut.wav,4.0,1.0,1.131606528,3
29532534_MinPolqaSfbRecording_cut.wav,3.666666667,0.577350269,0.653333333,3
29533094_MinPolqaSfbRecording_cut.wav,4.0,1.0,1.131606528,3
27833331_MinPolqaSfbRecording_cut.wav,4.333333333,0.577350269,0.653333333,3
30485412_MinPolqaSfbRecording_cut.wav,3.4,0.894427191,0.784,5
28324430_MinPolqaSfbRecording_cut.wav,3.8,0.836660027,0.733364848,5
28736371_MinPolqaSfbRecording_cut.wav,4.0,1.0,0.876538647,5
30193912_MinPolqaSfbRecording_cut.wav,2.6,1.341640786,1.176,5
30212070_MinPolqaSfbRecording_cut.wav,3.2,0.836660027,0.733364848,5
30151071_MinPolqaSfbRecording_cut.wav,2.8,1.095445115,0.960199979,5
30127846_MinPolqaSfbRecording_cut.wav,2.8,1.303840481,1.142866571,5
30169170_MinPolqaSfbRecording_cut.wav,3.6,0.547722558,0.48009999,5
29534169_MinPolqaSfbRecording_cut.wav,2.2,1.643167673,1.440299969,5
30138493_MinPolqaSfbRecording_cut.wav,3.0,1.0,0.876538647,5
30151293_MinPolqaSfbRecording_cut.wav,3.4,0.547722558,0.48009999,5
30403765_MinPolqaSfbRecording_cut.wav,3.0,1.0,0.876538647,5
30469519_MinPolqaSfbRecording_cut.wav,3.6,0.547722558,0.48009999,5
30442158_MinPolqaSfbRecording_cut.wav,3.6,0.894427191,0.784,5
30192466_MinPolqaSfbRecording_cut.wav,4.0,0.0,0.0,5
30489765_MinPolqaSfbRecording_cut.wav,4.0,0.0,0.0,5
28298755_MinPolqaSfbRecording_cut.wav,2.8,0.836660027,0.733364848,5
30410301_MinPolqaSfbRecording_cut.wav,3.2,0.836660027,0.733364848,5
30252318_MinPolqaSfbRecording_cut.wav,3.2,0.836660027,0.733364848,5
28679913_MinPolqaSfbRecording_cut.wav,3.6,1.140175425,0.999407825,5
30421724_MinPolqaSfbRecording_cut.wav,3.2,0.836660027,0.733364848,5
28169376_MinPolqaSfbRecording_cut.wav,4.2,0.836660027,0.733364848,5
30100165_MinPolqaSfbRecording_cut.wav,3.8,0.836660027,0.733364848,5
28642730_MinPolqaSfbRecording_cut.wav,4.4,0.547722558,0.48009999,5
27916374_MinPolqaSfbRecording_cut.wav,4.8,0.447213595,0.392,5
30087161_MinPolqaSfbRecording_cut.wav,3.666666667,0.577350269,0.653333333,3
30061156_MinPolqaSfbRecording_cut.wav,3.666666667,1.527525232,1.728557523,3
30119405_MinPolqaSfbRecording_cut.wav,4.0,0.0,0.0,3
28737474_MinPolqaSfbRecording_cut.wav,4.666666667,0.577350269,0.653333333,3
30124778_MinPolqaSfbRecording_cut.wav,5.0,0.0,0.0,3
30514684_MinPolqaSfbRecording_cut.wav,4.0,0.0,0.0,3
27738531_MinPolqaSfbRecording_cut.wav,4.666666667,0.577350269,0.653333333,3
30134410_MinPolqaSfbRecording_cut.wav,1.666666667,1.154700538,1.306666667,3
30063498_MinPolqaSfbRecording_cut.wav,4.0,0.707106781,0.619806421,5
28074331_MinPolqaSfbRecording_cut.wav,3.4,1.341640786,1.176,5
28425185_MinPolqaSfbRecording_cut.wav,4.2,0.836660027,0.733364848,5
30108506_MinPolqaSfbRecording_cut.wav,3.6,1.341640786,1.176,5
30255712_MinPolqaSfbRecording_cut.wav,3.0,1.224744871,1.073536213,5
29533973_MinPolqaSfbRecording_cut.wav,3.2,1.303840481,1.142866571,5
29539229_MinPolqaSfbRecording_cut.wav,2.666666667,1.154700538,1.306666667,3
30146965_MinPolqaSfbRecording_cut.wav,3.0,1.0,1.131606528,3
30406924_MinPolqaSfbRecording_cut.wav,3.666666667,0.577350269,0.653333333,3
30526403_MinPolqaSfbRecording_cut.wav,2.666666667,0.577350269,0.653333333,3
30151033_MinPolqaSfbRecording_cut.wav,3.666666667,0.577350269,0.653333333,3
30427608_MinPolqaSfbRecording_cut.wav,2.0,1.0,1.131606528,3
30530269_MinPolqaSfbRecording_cut.wav,1.333333333,0.577350269,0.653333333,3
30254014_MinPolqaSfbRecording_cut.wav,2.333333333,0.577350269,0.653333333,3
28911719_MinPolqaSfbRecording_cut.wav,4.666666667,0.577350269,0.653333333,3
30454662_MinPolqaSfbRecording_cut.wav,2.5,1.290994449,1.26517456,4
27959916_MinPolqaSfbRecording_cut.wav,4.25,0.5,0.49,4
30180861_MinPolqaSfbRecording_cut.wav,3.5,1.0,0.98,4
30118889_MinPolqaSfbRecording_cut.wav,3.25,0.957427108,0.938278566,4
30251231_MinPolqaSfbRecording_cut.wav,3.25,0.957427108,0.938278566,4
30426794_MinPolqaSfbRecording_cut.wav,3.75,1.258305739,1.233139624,4
30137904_MinPolqaSfbRecording_cut.wav,3.5,1.732050808,1.697409791,4
30429602_MinPolqaSfbRecording_cut.wav,3.0,1.414213562,1.385929291,4
28583336_MinPolqaSfbRecording_cut.wav,3.666666667,1.154700538,1.306666667,3
30154261_MinPolqaSfbRecording_cut.wav,4.0,1.0,1.131606528,3
29531270_MinPolqaSfbRecording_cut.wav,3.0,0.0,0.0,3
30119434_MinPolqaSfbRecording_cut.wav,1.666666667,0.577350269,0.653333333,3
30485258_MinPolqaSfbRecording_cut.wav,1.666666667,0.577350269,0.653333333,3
30502530_MinPolqaSfbRecording_cut.wav,1.666666667,0.577350269,0.653333333,3
30467423_MinPolqaSfbRecording_cut.wav,2.666666667,0.577350269,0.653333333,3
30083153_MinPolqaSfbRecording_cut.wav,2.666666667,0.577350269,0.653333333,3
30509730_MinPolqaSfbRecording_cut.wav,2.666666667,1.154700538,1.306666667,3
30132280_MinPolqaSfbRecording_cut.wav,1.333333333,0.577350269,0.653333333,3
30531433_MinPolqaSfbRecording_cut.wav,1.333333333,0.577350269,0.653333333,3
30133115_MinPolqaSfbRecording_cut.wav,4.0,1.0,1.131606528,3
27554512_MinPolqaSfbRecording_cut.wav,3.666666667,0.577350269,0.653333333,3
27646332_MinPolqaSfbRecording_cut.wav,3.0,1.0,1.131606528,3
27947855_MinPolqaSfbRecording_cut.wav,3.666666667,0.577350269,0.653333333,3
30479072_MinPolqaSfbRecording_cut.wav,3.0,1.0,1.131606528,3
30156298_MinPolqaSfbRecording_cut.wav,3.333333333,0.577350269,0.653333333,3
30184327_MinPolqaSfbRecording_cut.wav,3.25,1.707825128,1.673668625,4
30124223_MinPolqaSfbRecording_cut.wav,3.75,0.5,0.49,4
30429207_MinPolqaSfbRecording_cut.wav,2.0,0.816496581,0.800166649,4
27698172_MinPolqaSfbRecording_cut.wav,3.75,1.258305739,1.233139624,4
30109350_MinPolqaSfbRecording_cut.wav,2.0,0.816496581,0.800166649,4
30491766_MinPolqaSfbRecording_cut.wav,2.75,0.5,0.49,4
28904118_MinPolqaSfbRecording_cut.wav,4.5,0.577350269,0.565803264,4
30487518_MinPolqaSfbRecording_cut.wav,3.0,1.414213562,1.385929291,4
27896407_MinPolqaSfbRecording_cut.wav,4.25,0.957427108,0.938278566,4
30185659_MinPolqaSfbRecording_cut.wav,2.666666667,1.527525232,1.728557523,3
30202171_MinPolqaSfbRecording_cut.wav,3.333333333,0.577350269,0.653333333,3
30436758_MinPolqaSfbRecording_cut.wav,4.0,1.0,1.131606528,3
30176738_MinPolqaSfbRecording_cut.wav,3.0,0.0,0.0,3
30454264_MinPolqaSfbRecording_cut.wav,3.666666667,0.577350269,0.653333333,3
30090560_MinPolqaSfbRecording_cut.wav,3.333333333,1.527525232,1.728557523,3
28246671_MinPolqaSfbRecording_cut.wav,4.333333333,0.577350269,0.653333333,3
30169311_MinPolqaSfbRecording_cut.wav,4.0,1.0,1.131606528,3
30420437_MinPolqaSfbRecording_cut.wav,4.333333333,0.577350269,0.653333333,3
28474654_MinPolqaSfbRecording_cut.wav,4.333333333,0.577350269,0.653333333,3
30414150_MinPolqaSfbRecording_cut.wav,2.0,1.0,1.131606528,3
29022284_MinPolqaSfbRecording_cut.wav,4.333333333,1.154700538,1.306666667,3
27774565_MinPolqaSfbRecording_cut.wav,4.0,1.0,1.131606528,3
30148165_MinPolqaSfbRecording_cut.wav,3.333333333,1.527525232,1.728557523,3
30202517_MinPolqaSfbRecording_cut.wav,4.0,0.0,0.0,3
30260738_MinPolqaSfbRecording_cut.wav,2.333333333,1.527525232,1.728557523,3
27668401_MinPolqaSfbRecording_cut.wav,3.333333333,1.154700538,1.306666667,3
30462491_MinPolqaSfbRecording_cut.wav,3.0,1.0,1.131606528,3
30123674_MinPolqaSfbRecording_cut.wav,2.25,0.5,0.49,4
29009743_MinPolqaSfbRecording_cut.wav,3.75,1.5,1.47,4
30493373_MinPolqaSfbRecording_cut.wav,3.5,1.0,0.98,4
30067120_MinPolqaSfbRecording_cut.wav,3.25,0.957427108,0.938278566,4
30511508_MinPolqaSfbRecording_cut.wav,3.0,0.816496581,0.800166649,4
30513921_MinPolqaSfbRecording_cut.wav,3.0,0.816496581,0.800166649,4
30254046_MinPolqaSfbRecording_cut.wav,3.25,1.5,1.47,4
30192835_MinPolqaSfbRecording_cut.wav,4.25,0.5,0.49,4
30118494_MinPolqaSfbRecording_cut.wav,3.25,0.957427108,0.938278566,4
28592500_MinPolqaSfbRecording_cut.wav,3.0,0.816496581,0.800166649,4
30122672_MinPolqaSfbRecording_cut.wav,4.25,0.5,0.49,4
30485461_MinPolqaSfbRecording_cut.wav,2.5,0.577350269,0.565803264,4
30491633_MinPolqaSfbRecording_cut.wav,4.0,0.816496581,0.800166649,4
29538537_MinPolqaSfbRecording_cut.wav,3.0,0.0,0.0,3
30065674_MinPolqaSfbRecording_cut.wav,4.0,1.0,1.131606528,3
28072786_MinPolqaSfbRecording_cut.wav,3.666666667,1.527525232,1.728557523,3
28142934_MinPolqaSfbRecording_cut.wav,3.666666667,0.577350269,0.653333333,3
30528601_MinPolqaSfbRecording_cut.wav,1.0,0.0,0.0,3
30151670_MinPolqaSfbRecording_cut.wav,2.333333333,0.577350269,0.653333333,3
30200206_MinPolqaSfbRecording_cut.wav,1.666666667,0.577350269,0.653333333,3
28744827_MinPolqaSfbRecording_cut.wav,3.666666667,0.577350269,0.653333333,3
30067883_MinPolqaSfbRecording_cut.wav,3.0,1.0,1.131606528,3
27754588_MinPolqaSfbRecording_cut.wav,3.333333333,1.154700538,1.306666667,3
30427439_MinPolqaSfbRecording_cut.wav,2.333333333,1.154700538,1.306666667,3
30474417_MinPolqaSfbRecording_cut.wav,1.333333333,0.577350269,0.653333333,3
28470246_MinPolqaSfbRecording_cut.wav,4.666666667,0.577350269,0.653333333,3
30258831_MinPolqaSfbRecording_cut.wav,2.0,1.0,1.131606528,3
28483588_MinPolqaSfbRecording_cut.wav,3.0,1.0,1.131606528,3
30436211_MinPolqaSfbRecording_cut.wav,2.333333333,1.154700538,1.306666667,3
30146261_MinPolqaSfbRecording_cut.wav,2.0,1.0,1.131606528,3
30503334_MinPolqaSfbRecording_cut.wav,1.0,0.0,0.0,3
30161619_MinPolqaSfbRecording_cut.wav,1.666666667,1.154700538,1.306666667,3
29539448_MinPolqaSfbRecording_cut.wav,3.0,1.0,1.131606528,3
30092166_MinPolqaSfbRecording_cut.wav,3.666666667,0.577350269,0.653333333,3
30515875_MinPolqaSfbRecording_cut.wav,2.0,0.0,0.0,3
30154288_MinPolqaSfbRecording_cut.wav,1.333333333,0.577350269,0.653333333,3
29539440_MinPolqaSfbRecording_cut.wav,2.0,1.0,1.131606528,3
30105522_MinPolqaSfbRecording_cut.wav,2.0,1.0,1.131606528,3
28283720_MinPolqaSfbRecording_cut.wav,4.25,0.5,0.49,4
30096493_MinPolqaSfbRecording_cut.wav,2.0,1.414213562,1.385929291,4
30080704_MinPolqaSfbRecording_cut.wav,2.25,1.258305739,1.233139624,4
27964253_MinPolqaSfbRecording_cut.wav,4.75,0.5,0.49,4
30462408_MinPolqaSfbRecording_cut.wav,3.25,0.5,0.49,4
30450906_MinPolqaSfbRecording_cut.wav,2.0,1.414213562,1.385929291,4
30472002_MinPolqaSfbRecording_cut.wav,4.0,0.816496581,0.800166649,4
30455508_MinPolqaSfbRecording_cut.wav,3.75,0.5,0.49,4
30512731_MinPolqaSfbRecording_cut.wav,3.25,0.5,0.49,4
30148462_MinPolqaSfbRecording_cut.wav,3.5,0.577350269,0.565803264,4
30527554_MinPolqaSfbRecording_cut.wav,3.5,0.577350269,0.565803264,4
30501705_MinPolqaSfbRecording_cut.wav,2.25,0.5,0.49,4
30426499_MinPolqaSfbRecording_cut.wav,4.25,0.5,0.49,4
28802954_MinPolqaSfbRecording_cut.wav,4.25,0.5,0.49,4
28824070_MinPolqaSfbRecording_cut.wav,4.0,0.0,0.0,4
30106925_MinPolqaSfbRecording_cut.wav,2.333333333,0.577350269,0.653333333,3
30113918_MinPolqaSfbRecording_cut.wav,4.0,1.0,1.131606528,3
30261484_MinPolqaSfbRecording_cut.wav,3.0,1.732050808,1.96,3
30192010_MinPolqaSfbRecording_cut.wav,4.0,1.0,1.131606528,3
29006266_MinPolqaSfbRecording_cut.wav,4.0,1.0,1.131606528,3
30169782_MinPolqaSfbRecording_cut.wav,3.75,0.5,0.49,4
30081527_MinPolqaSfbRecording_cut.wav,3.0,0.816496581,0.800166649,4
30262715_MinPolqaSfbRecording_cut.wav,3.75,0.957427108,0.938278566,4
30250423_MinPolqaSfbRecording_cut.wav,3.75,0.957427108,0.938278566,4
30411292_MinPolqaSfbRecording_cut.wav,3.5,1.290994449,1.26517456,4
28741628_MinPolqaSfbRecording_cut.wav,3.5,0.577350269,0.565803264,4
28972871_MinPolqaSfbRecording_cut.wav,4.0,0.816496581,0.800166649,4
30205361_MinPolqaSfbRecording_cut.wav,4.0,0.816496581,0.800166649,4
30402609_MinPolqaSfbRecording_cut.wav,4.333333333,0.577350269,0.653333333,3
30076321_MinPolqaSfbRecording_cut.wav,4.0,1.0,1.131606528,3
30103184_MinPolqaSfbRecording_cut.wav,3.666666667,0.577350269,0.653333333,3
30156987_MinPolqaSfbRecording_cut.wav,3.666666667,1.154700538,1.306666667,3
30460341_MinPolqaSfbRecording_cut.wav,2.333333333,1.527525232,1.728557523,3
30412654_MinPolqaSfbRecording_cut.wav,3.333333333,0.577350269,0.653333333,3
30497480_MinPolqaSfbRecording_cut.wav,4.0,0.0,0.0,3
30158122_MinPolqaSfbRecording_cut.wav,3.666666667,1.154700538,1.306666667,3
30164440_MinPolqaSfbRecording_cut.wav,3.5,0.707106781,0.98,2
30096895_MinPolqaSfbRecording_cut.wav,3.0,0.0,0.0,2
30059312_MinPolqaSfbRecording_cut.wav,4.0,0.0,0.0,2
30190000_MinPolqaSfbRecording_cut.wav,3.0,1.414213562,1.96,2
30509160_MinPolqaSfbRecording_cut.wav,2.5,0.707106781,0.98,2
30134284_MinPolqaSfbRecording_cut.wav,3.0,0.0,0.0,2
30069683_MinPolqaSfbRecording_cut.wav,2.5,0.707106781,0.98,2
30134576_MinPolqaSfbRecording_cut.wav,1.5,0.707106781,0.98,2
28722630_MinPolqaSfbRecording_cut.wav,3.8,0.447213595,0.392,5
30153888_MinPolqaSfbRecording_cut.wav,3.6,0.894427191,0.784,5
30140819_MinPolqaSfbRecording_cut.wav,2.2,0.447213595,0.392,5
30147645_MinPolqaSfbRecording_cut.wav,2.6,0.547722558,0.48009999,5
29533828_MinPolqaSfbRecording_cut.wav,3.8,0.836660027,0.733364848,5
30491107_MinPolqaSfbRecording_cut.wav,3.6,0.894427191,0.784,5
30429523_MinPolqaSfbRecording_cut.wav,2.4,0.547722558,0.48009999,5
30086631_MinPolqaSfbRecording_cut.wav,3.2,0.447213595,0.392,5
28953613_MinPolqaSfbRecording_cut.wav,4.0,1.0,1.131606528,3
27618973_MinPolqaSfbRecording_cut.wav,4.333333333,0.577350269,0.653333333,3
30489538_MinPolqaSfbRecording_cut.wav,3.333333333,1.154700538,1.306666667,3
30450018_MinPolqaSfbRecording_cut.wav,1.333333333,0.577350269,0.653333333,3
30431526_MinPolqaSfbRecording_cut.wav,3.333333333,0.577350269,0.653333333,3
29038091_MinPolqaSfbRecording_cut.wav,3.666666667,0.577350269,0.653333333,3
30083884_MinPolqaSfbRecording_cut.wav,2.0,1.0,1.131606528,3
30163275_MinPolqaSfbRecording_cut.wav,2.666666667,0.577350269,0.653333333,3
30258435_MinPolqaSfbRecording_cut.wav,3.0,1.0,1.131606528,3
30105456_MinPolqaSfbRecording_cut.wav,2.666666667,0.577350269,0.653333333,3
27649032_MinPolqaSfbRecording_cut.wav,3.333333333,0.577350269,0.653333333,3
30129726_MinPolqaSfbRecording_cut.wav,2.0,0.0,0.0,3
30250679_MinPolqaSfbRecording_cut.wav,2.0,0.0,0.0,3
30416431_MinPolqaSfbRecording_cut.wav,2.0,0.0,0.0,3
30126804_MinPolqaSfbRecording_cut.wav,3.333333333,0.577350269,0.653333333,3
30463187_MinPolqaSfbRecording_cut.wav,3.666666667,0.577350269,0.653333333,3
27857658_MinPolqaSfbRecording_cut.wav,4.75,0.5,0.49,4
30127380_MinPolqaSfbRecording_cut.wav,3.25,1.707825128,1.673668625,4
30263646_MinPolqaSfbRecording_cut.wav,3.75,1.892969449,1.85511006,4
30122273_MinPolqaSfbRecording_cut.wav,3.0,0.816496581,0.800166649,4
30469869_MinPolqaSfbRecording_cut.wav,3.25,1.707825128,1.673668625,4
30096348_MinPolqaSfbRecording_cut.wav,3.0,1.414213562,1.385929291,4
30511704_MinPolqaSfbRecording_cut.wav,2.0,0.816496581,0.800166649,4
30473619_MinPolqaSfbRecording_cut.wav,2.5,1.290994449,1.26517456,4
29014971_MinPolqaSfbRecording_cut.wav,4.8,0.447213595,0.392,5
28463294_MinPolqaSfbRecording_cut.wav,2.8,0.836660027,0.733364848,5
30083546_MinPolqaSfbRecording_cut.wav,3.2,0.836660027,0.733364848,5
30066840_MinPolqaSfbRecording_cut.wav,1.4,0.547722558,0.48009999,5
30100652_MinPolqaSfbRecording_cut.wav,2.8,0.836660027,0.733364848,5
30068654_MinPolqaSfbRecording_cut.wav,2.8,0.447213595,0.392,5
30470736_MinPolqaSfbRecording_cut.wav,4.5,0.707106781,0.98,2
28865900_MinPolqaSfbRecording_cut.wav,4.5,0.707106781,0.98,2
28900132_MinPolqaSfbRecording_cut.wav,4.0,0.0,0.0,2
28277387_MinPolqaSfbRecording_cut.wav,4.5,0.707106781,0.98,2
30408625_MinPolqaSfbRecording_cut.wav,4.5,0.707106781,0.98,2
30156811_MinPolqaSfbRecording_cut.wav,3.0,0.0,0.0,2
30098741_MinPolqaSfbRecording_cut.wav,3.5,0.707106781,0.98,2
30454249_MinPolqaSfbRecording_cut.wav,1.0,0.0,0.0,2
30401623_MinPolqaSfbRecording_cut.wav,3.5,0.577350269,0.565803264,4
27577865_MinPolqaSfbRecording_cut.wav,4.5,0.577350269,0.565803264,4
30171113_MinPolqaSfbRecording_cut.wav,3.5,0.577350269,0.565803264,4
28989954_MinPolqaSfbRecording_cut.wav,4.0,0.816496581,0.800166649,4
30451697_MinPolqaSfbRecording_cut.wav,4.25,0.957427108,0.938278566,4
30082183_MinPolqaSfbRecording_cut.wav,3.75,0.5,0.49,4
30129603_MinPolqaSfbRecording_cut.wav,2.5,1.290994449,1.26517456,4
30067783_MinPolqaSfbRecording_cut.wav,2.75,0.5,0.49,4
30213713_MinPolqaSfbRecording_cut.wav,4.75,0.5,0.49,4
27521718_MinPolqaSfbRecording_cut.wav,4.5,0.577350269,0.565803264,4
30407359_MinPolqaSfbRecording_cut.wav,2.5,0.577350269,0.565803264,4
27760860_MinPolqaSfbRecording_cut.wav,3.5,1.290994449,1.26517456,4
30483161_MinPolqaSfbRecording_cut.wav,2.5,1.0,0.98,4
28509980_MinPolqaSfbRecording_cut.wav,4.25,0.957427108,0.938278566,4
29544142_MinPolqaSfbRecording_cut.wav,2.5,1.732050808,1.697409791,4
28480601_MinPolqaSfbRecording_cut.wav,4.0,0.816496581,0.800166649,4
30076484_MinPolqaSfbRecording_cut.wav,3.25,0.957427108,0.938278566,4
30174221_MinPolqaSfbRecording_cut.wav,3.5,1.290994449,1.26517456,4
30491749_MinPolqaSfbRecording_cut.wav,3.5,1.290994449,1.26517456,4
30156538_MinPolqaSfbRecording_cut.wav,3.5,1.290994449,1.26517456,4
27691506_MinPolqaSfbRecording_cut.wav,4.25,0.957427108,0.938278566,4
30411307_MinPolqaSfbRecording_cut.wav,4.5,0.577350269,0.565803264,4
30133907_MinPolqaSfbRecording_cut.wav,4.5,0.577350269,0.565803264,4
30163163_MinPolqaSfbRecording_cut.wav,3.5,1.0,0.98,4
30129501_MinPolqaSfbRecording_cut.wav,3.5,0.577350269,0.565803264,4
28948652_MinPolqaSfbRecording_cut.wav,4.0,0.816496581,0.800166649,4
28957529_MinPolqaSfbRecording_cut.wav,4.0,0.816496581,0.800166649,4
29538119_MinPolqaSfbRecording_cut.wav,2.5,1.0,0.98,4
30516342_MinPolqaSfbRecording_cut.wav,3.5,1.290994449,1.26517456,4
30412159_MinPolqaSfbRecording_cut.wav,1.75,0.957427108,0.938278566,4
30211812_MinPolqaSfbRecording_cut.wav,2.25,0.5,0.49,4
29533946_MinPolqaSfbRecording_cut.wav,2.0,0.816496581,0.800166649,4
30103944_MinPolqaSfbRecording_cut.wav,4.25,0.5,0.49,4
30128699_MinPolqaSfbRecording_cut.wav,2.5,0.577350269,0.565803264,4
30121752_MinPolqaSfbRecording_cut.wav,1.5,0.577350269,0.565803264,4
30120913_MinPolqaSfbRecording_cut.wav,2.25,1.258305739,1.233139624,4
30154185_MinPolqaSfbRecording_cut.wav,3.0,0.816496581,0.800166649,4
30157480_MinPolqaSfbRecording_cut.wav,2.25,1.258305739,1.233139624,4
30101065_MinPolqaSfbRecording_cut.wav,3.0,0.707106781,0.619806421,5
30133437_MinPolqaSfbRecording_cut.wav,2.8,0.447213595,0.392,5
28768500_MinPolqaSfbRecording_cut.wav,3.2,1.095445115,0.960199979,5
30098327_MinPolqaSfbRecording_cut.wav,2.6,1.140175425,0.999407825,5
28774361_MinPolqaSfbRecording_cut.wav,4.0,0.707106781,0.619806421,5
29536431_MinPolqaSfbRecording_cut.wav,1.8,0.836660027,0.733364848,5
28527580_MinPolqaSfbRecording_cut.wav,4.75,0.5,0.49,4
30130125_MinPolqaSfbRecording_cut.wav,1.75,0.5,0.49,4
30404388_MinPolqaSfbRecording_cut.wav,2.5,0.577350269,0.565803264,4
30514627_MinPolqaSfbRecording_cut.wav,2.5,0.577350269,0.565803264,4
30109868_MinPolqaSfbRecording_cut.wav,2.75,0.957427108,0.938278566,4
30117910_MinPolqaSfbRecording_cut.wav,4.0,0.816496581,0.800166649,4
30154499_MinPolqaSfbRecording_cut.wav,3.25,0.5,0.49,4
30145370_MinPolqaSfbRecording_cut.wav,2.0,0.816496581,0.800166649,4
30136209_MinPolqaSfbRecording_cut.wav,4.0,0.0,0.0,4
28301624_MinPolqaSfbRecording_cut.wav,3.75,0.957427108,0.938278566,4
30066623_MinPolqaSfbRecording_cut.wav,3.5,1.0,0.98,4
30200267_MinPolqaSfbRecording_cut.wav,3.5,1.0,0.98,4
30193320_MinPolqaSfbRecording_cut.wav,1.75,0.957427108,0.938278566,4
28616408_MinPolqaSfbRecording_cut.wav,3.25,0.5,0.49,4
30506085_MinPolqaSfbRecording_cut.wav,2.75,1.707825128,1.673668625,4
30082650_MinPolqaSfbRecording_cut.wav,2.5,0.577350269,0.565803264,4
30491610_MinPolqaSfbRecording_cut.wav,3.5,0.577350269,0.565803264,4
30126115_MinPolqaSfbRecording_cut.wav,2.5,0.577350269,0.565803264,4
30143390_MinPolqaSfbRecording_cut.wav,3.333333333,1.154700538,1.306666667,3
30209288_MinPolqaSfbRecording_cut.wav,2.0,1.0,1.131606528,3
30070916_MinPolqaSfbRecording_cut.wav,1.666666667,0.577350269,0.653333333,3
27671891_MinPolqaSfbRecording_cut.wav,3.666666667,1.154700538,1.306666667,3
30487595_MinPolqaSfbRecording_cut.wav,3.333333333,0.577350269,0.653333333,3
30210552_MinPolqaSfbRecording_cut.wav,2.666666667,1.154700538,1.306666667,3
30199065_MinPolqaSfbRecording_cut.wav,1.666666667,1.154700538,1.306666667,3
30148413_MinPolqaSfbRecording_cut.wav,4.0,1.0,1.131606528,3
30184319_MinPolqaSfbRecording_cut.wav,3.5,1.0,0.98,4
30171891_MinPolqaSfbRecording_cut.wav,4.0,0.816496581,0.800166649,4
30402620_MinPolqaSfbRecording_cut.wav,1.75,0.5,0.49,4
30195770_MinPolqaSfbRecording_cut.wav,3.75,0.5,0.49,4
29533335_MinPolqaSfbRecording_cut.wav,2.25,0.957427108,0.938278566,4
27959797_MinPolqaSfbRecording_cut.wav,3.5,0.577350269,0.565803264,4
30213043_MinPolqaSfbRecording_cut.wav,2.5,0.577350269,0.565803264,4
30208631_MinPolqaSfbRecording_cut.wav,2.0,0.816496581,0.800166649,4
30062422_MinPolqaSfbRecording_cut.wav,3.25,0.5,0.49,4
30477840_MinPolqaSfbRecording_cut.wav,2.0,0.816496581,0.800166649,4
29534718_MinPolqaSfbRecording_cut.wav,2.5,1.290994449,1.26517456,4
30523754_MinPolqaSfbRecording_cut.wav,2.75,1.5,1.47,4
30478988_MinPolqaSfbRecording_cut.wav,3.0,1.154700538,1.131606528,4
30431301_MinPolqaSfbRecording_cut.wav,2.25,1.5,1.47,4
29002578_MinPolqaSfbRecording_cut.wav,2.75,0.957427108,0.938278566,4
30206180_MinPolqaSfbRecording_cut.wav,2.0,1.414213562,1.385929291,4
27735769_MinPolqaSfbRecording_cut.wav,3.0,1.825741858,1.789227021,4
30121827_MinPolqaSfbRecording_cut.wav,3.4,0.547722558,0.48009999,5
30129708_MinPolqaSfbRecording_cut.wav,3.0,0.707106781,0.619806421,5
28506942_MinPolqaSfbRecording_cut.wav,4.4,0.547722558,0.48009999,5
30149654_MinPolqaSfbRecording_cut.wav,2.0,1.224744871,1.073536213,5
28755363_MinPolqaSfbRecording_cut.wav,4.0,0.0,0.0,5
30135691_MinPolqaSfbRecording_cut.wav,2.0,0.0,0.0,5
28032608_MinPolqaSfbRecording_cut.wav,2.8,0.836660027,0.733364848,5
29530979_MinPolqaSfbRecording_cut.wav,2.4,0.894427191,0.784,5
27764433_MinPolqaSfbRecording_cut.wav,4.0,0.707106781,0.619806421,5
30413501_MinPolqaSfbRecording_cut.wav,2.0,0.707106781,0.619806421,5
29011426_MinPolqaSfbRecording_cut.wav,3.8,0.447213595,0.392,5
30205818_MinPolqaSfbRecording_cut.wav,3.4,0.547722558,0.48009999,5
30485406_MinPolqaSfbRecording_cut.wav,2.0,0.707106781,0.619806421,5
27765794_MinPolqaSfbRecording_cut.wav,3.8,0.447213595,0.392,5
28876427_MinPolqaSfbRecording_cut.wav,3.6,0.547722558,0.48009999,5
30450436_MinPolqaSfbRecording_cut.wav,2.2,0.447213595,0.392,5
29540438_MinPolqaSfbRecording_cut.wav,2.6,0.547722558,0.48009999,5
30403928_MinPolqaSfbRecording_cut.wav,3.333333333,0.577350269,0.653333333,3
30211658_MinPolqaSfbRecording_cut.wav,4.333333333,0.577350269,0.653333333,3
30454883_MinPolqaSfbRecording_cut.wav,4.333333333,0.577350269,0.653333333,3
30064470_MinPolqaSfbRecording_cut.wav,4.0,0.0,0.0,3
30437106_MinPolqaSfbRecording_cut.wav,2.333333333,0.577350269,0.653333333,3
28648096_MinPolqaSfbRecording_cut.wav,4.333333333,0.577350269,0.653333333,3
30473854_MinPolqaSfbRecording_cut.wav,2.666666667,0.577350269,0.653333333,3
30531861_MinPolqaSfbRecording_cut.wav,3.333333333,0.577350269,0.653333333,3
28548324_MinPolqaSfbRecording_cut.wav,4.0,0.0,0.0,3
30122777_MinPolqaSfbRecording_cut.wav,3.333333333,0.577350269,0.653333333,3
30250667_MinPolqaSfbRecording_cut.wav,4.5,0.577350269,0.565803264,4
30119953_MinPolqaSfbRecording_cut.wav,4.5,1.0,0.98,4
28197867_MinPolqaSfbRecording_cut.wav,4.75,0.5,0.49,4
27695096_MinPolqaSfbRecording_cut.wav,4.5,0.577350269,0.565803264,4
30160235_MinPolqaSfbRecording_cut.wav,2.5,1.0,0.98,4
30514648_MinPolqaSfbRecording_cut.wav,3.0,1.154700538,1.131606528,4
30159148_MinPolqaSfbRecording_cut.wav,3.0,1.154700538,1.131606528,4
30181965_MinPolqaSfbRecording_cut.wav,4.25,0.5,0.49,4
30091411_MinPolqaSfbRecording_cut.wav,4.25,0.957427108,0.938278566,4
27760081_MinPolqaSfbRecording_cut.wav,4.5,1.0,0.98,4
30453504_MinPolqaSfbRecording_cut.wav,3.75,1.258305739,1.233139624,4
28314884_MinPolqaSfbRecording_cut.wav,4.5,1.0,0.98,4
30060334_MinPolqaSfbRecording_cut.wav,2.75,1.707825128,1.673668625,4
30488738_MinPolqaSfbRecording_cut.wav,1.5,0.577350269,0.565803264,4
30063323_MinPolqaSfbRecording_cut.wav,2.5,1.914854216,1.876557131,4
30179012_MinPolqaSfbRecording_cut.wav,2.25,1.5,1.47,4
30087557_MinPolqaSfbRecording_cut.wav,2.25,1.5,1.47,4
27857585_MinPolqaSfbRecording_cut.wav,4.75,0.5,0.49,4
30480278_MinPolqaSfbRecording_cut.wav,4.0,0.816496581,0.800166649,4
30070559_MinPolqaSfbRecording_cut.wav,3.75,1.5,1.47,4
30176694_MinPolqaSfbRecording_cut.wav,3.75,0.957427108,0.938278566,4
30112670_MinPolqaSfbRecording_cut.wav,3.75,1.5,1.47,4
30192788_MinPolqaSfbRecording_cut.wav,3.75,0.957427108,0.938278566,4
30145155_MinPolqaSfbRecording_cut.wav,4.0,0.816496581,0.800166649,4
30457767_MinPolqaSfbRecording_cut.wav,4.0,0.816496581,0.800166649,4
30470141_MinPolqaSfbRecording_cut.wav,3.666666667,1.154700538,1.306666667,3
30432164_MinPolqaSfbRecording_cut.wav,4.0,1.0,1.131606528,3
30124220_MinPolqaSfbRecording_cut.wav,3.333333333,1.154700538,1.306666667,3
30430855_MinPolqaSfbRecording_cut.wav,2.666666667,0.577350269,0.653333333,3
30426343_MinPolqaSfbRecording_cut.wav,4.333333333,0.577350269,0.653333333,3
30210824_MinPolqaSfbRecording_cut.wav,3.333333333,1.154700538,1.306666667,3
30181616_MinPolqaSfbRecording_cut.wav,3.666666667,0.577350269,0.653333333,3
30252376_MinPolqaSfbRecording_cut.wav,3.666666667,0.577350269,0.653333333,3
30513849_MinPolqaSfbRecording_cut.wav,3.5,1.0,0.98,4
30090860_MinPolqaSfbRecording_cut.wav,4.25,0.5,0.49,4
30137590_MinPolqaSfbRecording_cut.wav,3.75,0.5,0.49,4
27855955_MinPolqaSfbRecording_cut.wav,3.75,0.957427108,0.938278566,4
27793533_MinPolqaSfbRecording_cut.wav,3.25,1.5,1.47,4
30454305_MinPolqaSfbRecording_cut.wav,2.25,1.258305739,1.233139624,4
30473072_MinPolqaSfbRecording_cut.wav,3.5,1.0,0.98,4
30101584_MinPolqaSfbRecording_cut.wav,4.0,0.816496581,0.800166649,4
27836113_MinPolqaSfbRecording_cut.wav,3.25,1.5,1.47,4
30062692_MinPolqaSfbRecording_cut.wav,3.25,1.258305739,1.233139624,4
30426326_MinPolqaSfbRecording_cut.wav,3.0,0.816496581,0.800166649,4
30086696_MinPolqaSfbRecording_cut.wav,2.5,1.0,0.98,4
30482215_MinPolqaSfbRecording_cut.wav,2.0,0.816496581,0.800166649,4
30206132_MinPolqaSfbRecording_cut.wav,2.0,0.816496581,0.800166649,4
28085785_MinPolqaSfbRecording_cut.wav,3.75,0.5,0.49,4
30147480_MinPolqaSfbRecording_cut.wav,3.0,1.154700538,1.131606528,4
30095949_MinPolqaSfbRecording_cut.wav,3.0,1.632993162,1.600333299,4
30075084_MinPolqaSfbRecording_cut.wav,3.25,1.258305739,1.233139624,4
30081619_MinPolqaSfbRecording_cut.wav,2.0,1.0,1.131606528,3
30145667_MinPolqaSfbRecording_cut.wav,2.333333333,0.577350269,0.653333333,3
30520435_MinPolqaSfbRecording_cut.wav,1.333333333,0.577350269,0.653333333,3
30149015_MinPolqaSfbRecording_cut.wav,3.666666667,0.577350269,0.653333333,3
27737730_MinPolqaSfbRecording_cut.wav,4.333333333,0.577350269,0.653333333,3
30426370_MinPolqaSfbRecording_cut.wav,2.333333333,0.577350269,0.653333333,3
30179184_MinPolqaSfbRecording_cut.wav,2.666666667,1.154700538,1.306666667,3
28719463_MinPolqaSfbRecording_cut.wav,4.0,0.0,0.0,3
30102754_MinPolqaSfbRecording_cut.wav,3.666666667,0.577350269,0.653333333,3
30164245_MinPolqaSfbRecording_cut.wav,3.0,1.732050808,1.96,3
30424108_MinPolqaSfbRecording_cut.wav,3.333333333,0.577350269,0.653333333,3
30258016_MinPolqaSfbRecording_cut.wav,4.0,0.0,0.0,3
30496481_MinPolqaSfbRecording_cut.wav,2.666666667,1.527525232,1.728557523,3
30117467_MinPolqaSfbRecording_cut.wav,3.0,1.732050808,1.96,3
28624008_MinPolqaSfbRecording_cut.wav,4.0,0.0,0.0,3
28012265_MinPolqaSfbRecording_cut.wav,3.0,1.0,1.131606528,3
30483198_MinPolqaSfbRecording_cut.wav,2.666666667,1.527525232,1.728557523,3
30520432_MinPolqaSfbRecording_cut.wav,3.0,1.0,0.876538647,5
30097282_MinPolqaSfbRecording_cut.wav,3.8,0.836660027,0.733364848,5
30178268_MinPolqaSfbRecording_cut.wav,3.8,1.303840481,1.142866571,5
30455675_MinPolqaSfbRecording_cut.wav,2.8,1.788854382,1.568,5
30508771_MinPolqaSfbRecording_cut.wav,3.8,1.303840481,1.142866571,5
30166344_MinPolqaSfbRecording_cut.wav,3.4,0.894427191,0.784,5
30200918_MinPolqaSfbRecording_cut.wav,2.8,1.643167673,1.440299969,5
28991480_MinPolqaSfbRecording_cut.wav,4.6,0.547722558,0.48009999,5
30516816_MinPolqaSfbRecording_cut.wav,3.8,0.836660027,0.733364848,5
30185886_MinPolqaSfbRecording_cut.wav,2.0,1.732050808,1.518209472,5
30131739_MinPolqaSfbRecording_cut.wav,3.333333333,0.577350269,0.653333333,3
28054636_MinPolqaSfbRecording_cut.wav,3.666666667,0.577350269,0.653333333,3
28206703_MinPolqaSfbRecording_cut.wav,3.333333333,0.577350269,0.653333333,3
30173030_MinPolqaSfbRecording_cut.wav,4.0,0.0,0.0,3
30131702_MinPolqaSfbRecording_cut.wav,2.333333333,0.577350269,0.653333333,3
27861606_MinPolqaSfbRecording_cut.wav,4.0,0.0,0.0,3
30201422_MinPolqaSfbRecording_cut.wav,2.666666667,0.577350269,0.653333333,3
29534790_MinPolqaSfbRecording_cut.wav,2.0,1.0,1.131606528,3
30461066_MinPolqaSfbRecording_cut.wav,2.333333333,0.577350269,0.653333333,3
30440073_MinPolqaSfbRecording_cut.wav,2.8,0.447213595,0.392,5
30110323_MinPolqaSfbRecording_cut.wav,2.6,0.547722558,0.48009999,5
28027818_MinPolqaSfbRecording_cut.wav,2.6,0.547722558,0.48009999,5
30166610_MinPolqaSfbRecording_cut.wav,3.0,0.707106781,0.619806421,5
30429639_MinPolqaSfbRecording_cut.wav,1.4,0.547722558,0.48009999,5
30089863_MinPolqaSfbRecording_cut.wav,2.2,0.836660027,0.733364848,5
30061798_MinPolqaSfbRecording_cut.wav,3.25,1.707825128,1.673668625,4
30171512_MinPolqaSfbRecording_cut.wav,3.5,0.577350269,0.565803264,4
30412518_MinPolqaSfbRecording_cut.wav,4.0,0.816496581,0.800166649,4
28771777_MinPolqaSfbRecording_cut.wav,4.25,0.5,0.49,4
30264354_MinPolqaSfbRecording_cut.wav,3.25,0.957427108,0.938278566,4
30467098_MinPolqaSfbRecording_cut.wav,3.0,0.816496581,0.800166649,4
30194994_MinPolqaSfbRecording_cut.wav,3.5,1.290994449,1.26517456,4
30469618_MinPolqaSfbRecording_cut.wav,3.75,0.5,0.49,4
30085753_MinPolqaSfbRecording_cut.wav,2.8,0.447213595,0.392,5
30065962_MinPolqaSfbRecording_cut.wav,2.2,0.836660027,0.733364848,5
30083910_MinPolqaSfbRecording_cut.wav,3.2,0.836660027,0.733364848,5
30254174_MinPolqaSfbRecording_cut.wav,2.6,0.894427191,0.784,5
30489153_MinPolqaSfbRecording_cut.wav,3.8,1.095445115,0.960199979,5
28163203_MinPolqaSfbRecording_cut.wav,3.4,0.894427191,0.784,5
28149922_MinPolqaSfbRecording_cut.wav,3.6,1.140175425,0.999407825,5
30173592_MinPolqaSfbRecording_cut.wav,4.25,0.957427108,0.938278566,4
30136522_MinPolqaSfbRecording_cut.wav,3.25,0.5,0.49,4
30469556_MinPolqaSfbRecording_cut.wav,1.75,0.5,0.49,4
30109641_MinPolqaSfbRecording_cut.wav,1.75,0.5,0.49,4
30445132_MinPolqaSfbRecording_cut.wav,1.5,0.577350269,0.565803264,4
30467497_MinPolqaSfbRecording_cut.wav,2.5,0.577350269,0.565803264,4
30161293_MinPolqaSfbRecording_cut.wav,3.25,0.957427108,0.938278566,4
30528050_MinPolqaSfbRecording_cut.wav,4.5,0.577350269,0.565803264,4
30479716_MinPolqaSfbRecording_cut.wav,1.25,0.5,0.49,4
30194616_MinPolqaSfbRecording_cut.wav,2.0,0.816496581,0.800166649,4
28164820_MinPolqaSfbRecording_cut.wav,3.75,0.5,0.49,4
30136610_MinPolqaSfbRecording_cut.wav,4.0,0.0,0.0,4
30150228_MinPolqaSfbRecording_cut.wav,2.5,1.0,0.98,4
29533575_MinPolqaSfbRecording_cut.wav,4.25,0.5,0.49,4
27572312_MinPolqaSfbRecording_cut.wav,4.0,0.0,0.0,4
30125594_MinPolqaSfbRecording_cut.wav,3.75,0.957427108,0.938278566,4
30406182_MinPolqaSfbRecording_cut.wav,3.5,0.577350269,0.565803264,4
30192819_MinPolqaSfbRecording_cut.wav,3.0,1.414213562,1.385929291,4
30433851_MinPolqaSfbRecording_cut.wav,2.6,0.894427191,0.784,5
28921357_MinPolqaSfbRecording_cut.wav,3.2,0.836660027,0.733364848,5
28054875_MinPolqaSfbRecording_cut.wav,3.6,0.547722558,0.48009999,5
29531838_MinPolqaSfbRecording_cut.wav,3.2,1.483239697,1.300116918,5
27551972_MinPolqaSfbRecording_cut.wav,4.0,0.707106781,0.619806421,5
30259627_MinPolqaSfbRecording_cut.wav,3.4,0.547722558,0.48009999,5
30516473_MinPolqaSfbRecording_cut.wav,2.8,0.836660027,0.733364848,5
30058644_MinPolqaSfbRecording_cut.wav,3.2,1.095445115,0.960199979,5
28469660_MinPolqaSfbRecording_cut.wav,3.8,0.447213595,0.392,5
30259037_MinPolqaSfbRecording_cut.wav,4.0,0.0,0.0,4
28968320_MinPolqaSfbRecording_cut.wav,4.0,0.816496581,0.800166649,4
30182584_MinPolqaSfbRecording_cut.wav,1.75,0.5,0.49,4
30426155_MinPolqaSfbRecording_cut.wav,3.5,0.577350269,0.565803264,4
30158102_MinPolqaSfbRecording_cut.wav,2.75,0.5,0.49,4
30159290_MinPolqaSfbRecording_cut.wav,3.5,0.577350269,0.565803264,4
30075666_MinPolqaSfbRecording_cut.wav,3.75,0.5,0.49,4
28990739_MinPolqaSfbRecording_cut.wav,3.5,0.707106781,0.98,2
30471520_MinPolqaSfbRecording_cut.wav,1.5,0.707106781,0.98,2
30445099_MinPolqaSfbRecording_cut.wav,2.0,0.0,0.0,2
30122256_MinPolqaSfbRecording_cut.wav,3.5,0.707106781,0.98,2
30092267_MinPolqaSfbRecording_cut.wav,3.5,0.707106781,0.98,2
30206527_MinPolqaSfbRecording_cut.wav,3.5,0.707106781,0.98,2
30438100_MinPolqaSfbRecording_cut.wav,2.5,2.121320344,2.94,2
30206635_MinPolqaSfbRecording_cut.wav,2.4,1.140175425,0.999407825,5
30076564_MinPolqaSfbRecording_cut.wav,4.0,0.707106781,0.619806421,5
30431593_MinPolqaSfbRecording_cut.wav,2.0,1.224744871,1.073536213,5
30406562_MinPolqaSfbRecording_cut.wav,3.0,1.224744871,1.073536213,5
30214050_MinPolqaSfbRecording_cut.wav,2.2,1.303840481,1.142866571,5
30408944_MinPolqaSfbRecording_cut.wav,3.0,0.707106781,0.619806421,5
30078571_MinPolqaSfbRecording_cut.wav,2.8,0.836660027,0.733364848,5
28269299_MinPolqaSfbRecording_cut.wav,4.0,0.707106781,0.619806421,5
30151572_MinPolqaSfbRecording_cut.wav,3.0,1.0,0.876538647,5
30193816_MinPolqaSfbRecording_cut.wav,1.4,0.547722558,0.48009999,5
29535488_MinPolqaSfbRecording_cut.wav,2.666666667,1.527525232,1.728557523,3
30528690_MinPolqaSfbRecording_cut.wav,2.666666667,1.527525232,1.728557523,3
30446846_MinPolqaSfbRecording_cut.wav,2.0,1.0,1.131606528,3
30527669_MinPolqaSfbRecording_cut.wav,3.333333333,1.527525232,1.728557523,3
30097074_MinPolqaSfbRecording_cut.wav,1.0,0.0,0.0,3
30073602_MinPolqaSfbRecording_cut.wav,2.333333333,1.154700538,1.306666667,3
30482040_MinPolqaSfbRecording_cut.wav,2.333333333,1.154700538,1.306666667,3
28758908_MinPolqaSfbRecording_cut.wav,3.666666667,1.527525232,1.728557523,3
30437733_MinPolqaSfbRecording_cut.wav,2.0,1.0,1.131606528,3
30137517_MinPolqaSfbRecording_cut.wav,1.75,0.957427108,0.938278566,4
28928455_MinPolqaSfbRecording_cut.wav,4.5,0.577350269,0.565803264,4
30206089_MinPolqaSfbRecording_cut.wav,1.75,0.957427108,0.938278566,4
27515284_MinPolqaSfbRecording_cut.wav,4.25,0.5,0.49,4
30461913_MinPolqaSfbRecording_cut.wav,3.75,0.5,0.49,4
30096074_MinPolqaSfbRecording_cut.wav,2.5,1.290994449,1.26517456,4
30142518_MinPolqaSfbRecording_cut.wav,2.5,0.577350269,0.565803264,4
30062463_MinPolqaSfbRecording_cut.wav,3.75,0.5,0.49,4
30209271_MinPolqaSfbRecording_cut.wav,3.75,0.5,0.49,4
29541674_MinPolqaSfbRecording_cut.wav,3.25,0.5,0.49,4
30160418_MinPolqaSfbRecording_cut.wav,2.5,1.290994449,1.26517456,4
27879624_MinPolqaSfbRecording_cut.wav,4.0,0.0,0.0,4
30487004_MinPolqaSfbRecording_cut.wav,3.25,0.5,0.49,4
30402642_MinPolqaSfbRecording_cut.wav,3.25,0.957427108,0.938278566,4
30118843_MinPolqaSfbRecording_cut.wav,2.25,0.5,0.49,4
30119272_MinPolqaSfbRecording_cut.wav,2.5,0.577350269,0.565803264,4
30213133_MinPolqaSfbRecording_cut.wav,3.5,0.577350269,0.565803264,4
30076852_MinPolqaSfbRecording_cut.wav,3.333333333,0.577350269,0.653333333,3
29028418_MinPolqaSfbRecording_cut.wav,4.0,1.0,1.131606528,3
28881239_MinPolqaSfbRecording_cut.wav,4.0,1.0,1.131606528,3
30092118_MinPolqaSfbRecording_cut.wav,3.0,0.0,0.0,3
30120392_MinPolqaSfbRecording_cut.wav,3.0,1.0,1.131606528,3
30429611_MinPolqaSfbRecording_cut.wav,3.666666667,0.577350269,0.653333333,3
28160897_MinPolqaSfbRecording_cut.wav,4.0,1.0,1.131606528,3
30528693_MinPolqaSfbRecording_cut.wav,3.666666667,1.154700538,1.306666667,3
30085150_MinPolqaSfbRecording_cut.wav,2.5,0.577350269,0.565803264,4
30258519_MinPolqaSfbRecording_cut.wav,3.5,0.577350269,0.565803264,4
30112793_MinPolqaSfbRecording_cut.wav,4.5,0.577350269,0.565803264,4
29536861_MinPolqaSfbRecording_cut.wav,2.75,0.957427108,0.938278566,4
30205387_MinPolqaSfbRecording_cut.wav,2.75,0.957427108,0.938278566,4
27864661_MinPolqaSfbRecording_cut.wav,3.75,0.957427108,0.938278566,4
30182643_MinPolqaSfbRecording_cut.wav,2.75,0.5,0.49,4
30179020_MinPolqaSfbRecording_cut.wav,3.5,0.577350269,0.565803264,4
30155452_MinPolqaSfbRecording_cut.wav,3.0,0.816496581,0.800166649,4
30409815_MinPolqaSfbRecording_cut.wav,3.25,0.5,0.49,4
30439075_MinPolqaSfbRecording_cut.wav,4.0,0.0,0.0,4
27951982_MinPolqaSfbRecording_cut.wav,4.5,0.577350269,0.565803264,4
29538219_MinPolqaSfbRecording_cut.wav,4.25,0.5,0.49,4
28778589_MinPolqaSfbRecording_cut.wav,3.5,1.0,0.98,4
30478316_MinPolqaSfbRecording_cut.wav,3.25,0.957427108,0.938278566,4
30177196_MinPolqaSfbRecording_cut.wav,2.75,0.5,0.49,4
30420717_MinPolqaSfbRecording_cut.wav,3.0,1.414213562,1.385929291,4
27973414_MinPolqaSfbRecording_cut.wav,4.25,0.5,0.49,4
30528845_MinPolqaSfbRecording_cut.wav,2.5,1.290994449,1.26517456,4
30500722_MinPolqaSfbRecording_cut.wav,2.0,0.816496581,0.800166649,4
30403779_MinPolqaSfbRecording_cut.wav,3.5,1.0,0.98,4
30097382_MinPolqaSfbRecording_cut.wav,1.75,0.957427108,0.938278566,4
30479052_MinPolqaSfbRecording_cut.wav,2.25,1.5,1.47,4
30474002_MinPolqaSfbRecording_cut.wav,2.25,0.957427108,0.938278566,4
28081990_MinPolqaSfbRecording_cut.wav,3.5,1.290994449,1.26517456,4
30123462_MinPolqaSfbRecording_cut.wav,4.0,0.816496581,0.800166649,4
30063436_MinPolqaSfbRecording_cut.wav,3.25,1.5,1.47,4
30512197_MinPolqaSfbRecording_cut.wav,3.5,1.290994449,1.26517456,4
30263940_MinPolqaSfbRecording_cut.wav,4.0,1.154700538,1.131606528,4
30200276_MinPolqaSfbRecording_cut.wav,3.5,1.0,0.98,4
30428469_MinPolqaSfbRecording_cut.wav,4.25,0.957427108,0.938278566,4
28595663_MinPolqaSfbRecording_cut.wav,3.5,1.290994449,1.26517456,4
30180364_MinPolqaSfbRecording_cut.wav,4.0,0.816496581,0.800166649,4
30083908_MinPolqaSfbRecording_cut.wav,4.25,0.5,0.49,4
30172000_MinPolqaSfbRecording_cut.wav,2.0,0.707106781,0.619806421,5
30139375_MinPolqaSfbRecording_cut.wav,4.0,1.732050808,1.518209472,5
30456264_MinPolqaSfbRecording_cut.wav,3.0,0.707106781,0.619806421,5
28727145_MinPolqaSfbRecording_cut.wav,3.8,1.643167673,1.440299969,5
28232732_MinPolqaSfbRecording_cut.wav,4.2,1.303840481,1.142866571,5
30522691_MinPolqaSfbRecording_cut.wav,2.2,0.447213595,0.392,5
30059008_MinPolqaSfbRecording_cut.wav,3.666666667,1.527525232,1.728557523,3
30144918_MinPolqaSfbRecording_cut.wav,3.0,1.0,1.131606528,3
30154255_MinPolqaSfbRecording_cut.wav,4.666666667,0.577350269,0.653333333,3
29539125_MinPolqaSfbRecording_cut.wav,1.0,0.0,0.0,3
30144422_MinPolqaSfbRecording_cut.wav,3.0,1.0,1.131606528,3
30162570_MinPolqaSfbRecording_cut.wav,2.333333333,0.577350269,0.653333333,3
27684218_MinPolqaSfbRecording_cut.wav,4.666666667,0.577350269,0.653333333,3
28715145_MinPolqaSfbRecording_cut.wav,4.0,1.0,1.131606528,3
30508713_MinPolqaSfbRecording_cut.wav,2.666666667,1.527525232,1.728557523,3
29544339_MinPolqaSfbRecording_cut.wav,2.75,0.5,0.49,4
30083951_MinPolqaSfbRecording_cut.wav,1.75,0.5,0.49,4
28287489_MinPolqaSfbRecording_cut.wav,2.75,0.5,0.49,4
30520060_MinPolqaSfbRecording_cut.wav,3.0,0.816496581,0.800166649,4
30497723_MinPolqaSfbRecording_cut.wav,2.5,0.577350269,0.565803264,4
30464533_MinPolqaSfbRecording_cut.wav,1.75,0.5,0.49,4
30109519_MinPolqaSfbRecording_cut.wav,3.0,1.414213562,1.385929291,4
30264369_MinPolqaSfbRecording_cut.wav,3.5,0.577350269,0.565803264,4
30068409_MinPolqaSfbRecording_cut.wav,3.0,0.816496581,0.800166649,4
30467060_MinPolqaSfbRecording_cut.wav,3.75,1.258305739,1.233139624,4
30112843_MinPolqaSfbRecording_cut.wav,3.0,0.816496581,0.800166649,4
29530394_MinPolqaSfbRecording_cut.wav,1.75,0.957427108,0.938278566,4
30454651_MinPolqaSfbRecording_cut.wav,2.75,0.957427108,0.938278566,4
30437016_MinPolqaSfbRecording_cut.wav,2.5,1.0,0.98,4
30198841_MinPolqaSfbRecording_cut.wav,2.25,0.5,0.49,4
30512036_MinPolqaSfbRecording_cut.wav,3.6,0.547722558,0.48009999,5
30518859_MinPolqaSfbRecording_cut.wav,4.4,0.547722558,0.48009999,5
30159177_MinPolqaSfbRecording_cut.wav,4.4,0.547722558,0.48009999,5
27793235_MinPolqaSfbRecording_cut.wav,3.8,1.303840481,1.142866571,5
30510227_MinPolqaSfbRecording_cut.wav,2.4,0.894427191,0.784,5
30508857_MinPolqaSfbRecording_cut.wav,4.2,0.447213595,0.392,5
30255609_MinPolqaSfbRecording_cut.wav,4.4,0.547722558,0.48009999,5
30138187_MinPolqaSfbRecording_cut.wav,3.6,1.140175425,0.999407825,5
30262868_MinPolqaSfbRecording_cut.wav,4.0,0.816496581,0.800166649,4
30171293_MinPolqaSfbRecording_cut.wav,4.25,0.5,0.49,4
30068071_MinPolqaSfbRecording_cut.wav,3.5,0.577350269,0.565803264,4
28641637_MinPolqaSfbRecording_cut.wav,4.25,0.5,0.49,4
28765316_MinPolqaSfbRecording_cut.wav,3.5,1.0,0.98,4
30147608_MinPolqaSfbRecording_cut.wav,3.0,0.816496581,0.800166649,4
30174044_MinPolqaSfbRecording_cut.wav,4.5,0.577350269,0.565803264,4
30088773_MinPolqaSfbRecording_cut.wav,3.5,0.577350269,0.565803264,4
30185161_MinPolqaSfbRecording_cut.wav,2.25,0.5,0.49,4
30165961_MinPolqaSfbRecording_cut.wav,1.5,1.0,0.98,4
30075833_MinPolqaSfbRecording_cut.wav,2.8,0.447213595,0.392,5
30136214_MinPolqaSfbRecording_cut.wav,4.0,0.707106781,0.619806421,5
27700471_MinPolqaSfbRecording_cut.wav,4.0,1.224744871,1.073536213,5
27770156_MinPolqaSfbRecording_cut.wav,4.0,1.224744871,1.073536213,5
29544230_MinPolqaSfbRecording_cut.wav,4.2,0.836660027,0.733364848,5
30463139_MinPolqaSfbRecording_cut.wav,3.4,0.547722558,0.48009999,5
30169214_MinPolqaSfbRecording_cut.wav,4.6,0.894427191,0.784,5
28837873_MinPolqaSfbRecording_cut.wav,4.2,0.836660027,0.733364848,5
30411559_MinPolqaSfbRecording_cut.wav,4.2,0.836660027,0.733364848,5
30261490_MinPolqaSfbRecording_cut.wav,3.5,1.0,0.98,4
30211936_MinPolqaSfbRecording_cut.wav,3.0,1.154700538,1.131606528,4
29532428_MinPolqaSfbRecording_cut.wav,3.25,1.258305739,1.233139624,4
30200849_MinPolqaSfbRecording_cut.wav,2.25,1.892969449,1.85511006,4
30166433_MinPolqaSfbRecording_cut.wav,4.25,0.5,0.49,4
30445202_MinPolqaSfbRecording_cut.wav,2.75,2.061552813,2.020321757,4
30512678_MinPolqaSfbRecording_cut.wav,3.25,0.957427108,0.938278566,4
30447279_MinPolqaSfbRecording_cut.wav,3.25,1.5,1.47,4
30528457_MinPolqaSfbRecording_cut.wav,4.25,0.5,0.49,4
30515243_MinPolqaSfbRecording_cut.wav,3.4,0.547722558,0.48009999,5
28457186_MinPolqaSfbRecording_cut.wav,4.2,0.836660027,0.733364848,5
30504795_MinPolqaSfbRecording_cut.wav,3.4,1.341640786,1.176,5
28764144_MinPolqaSfbRecording_cut.wav,4.0,0.707106781,0.619806421,5
30201741_MinPolqaSfbRecording_cut.wav,3.6,1.140175425,0.999407825,5
30255572_MinPolqaSfbRecording_cut.wav,3.2,0.836660027,0.733364848,5
28895203_MinPolqaSfbRecording_cut.wav,3.6,0.547722558,0.48009999,5
28751884_MinPolqaSfbRecording_cut.wav,4.6,0.894427191,0.784,5
30166190_MinPolqaSfbRecording_cut.wav,2.333333333,2.309401077,2.613333333,3
30148924_MinPolqaSfbRecording_cut.wav,2.666666667,0.577350269,0.653333333,3
30092638_MinPolqaSfbRecording_cut.wav,2.666666667,0.577350269,0.653333333,3
29540184_MinPolqaSfbRecording_cut.wav,3.666666667,0.577350269,0.653333333,3
30478411_MinPolqaSfbRecording_cut.wav,3.333333333,0.577350269,0.653333333,3
30400527_MinPolqaSfbRecording_cut.wav,1.333333333,0.577350269,0.653333333,3
27877405_MinPolqaSfbRecording_cut.wav,4.0,1.0,1.131606528,3
28862992_MinPolqaSfbRecording_cut.wav,4.666666667,0.577350269,0.653333333,3
28763457_MinPolqaSfbRecording_cut.wav,4.5,0.577350269,0.565803264,4
30471518_MinPolqaSfbRecording_cut.wav,1.75,0.5,0.49,4
30405447_MinPolqaSfbRecording_cut.wav,2.5,0.577350269,0.565803264,4
30147032_MinPolqaSfbRecording_cut.wav,2.0,1.414213562,1.385929291,4
30410938_MinPolqaSfbRecording_cut.wav,2.75,0.957427108,0.938278566,4
30247925_MinPolqaSfbRecording_cut.wav,3.75,0.957427108,0.938278566,4
28455710_MinPolqaSfbRecording_cut.wav,4.25,0.957427108,0.938278566,4
30129951_MinPolqaSfbRecording_cut.wav,1.5,0.577350269,0.565803264,4
27819101_MinPolqaSfbRecording_cut.wav,4.5,0.577350269,0.565803264,4
30254626_MinPolqaSfbRecording_cut.wav,4.25,0.5,0.49,4
30439469_MinPolqaSfbRecording_cut.wav,3.4,0.894427191,0.784,5
30104202_MinPolqaSfbRecording_cut.wav,3.2,1.303840481,1.142866571,5
30205261_MinPolqaSfbRecording_cut.wav,2.0,1.0,0.876538647,5
30185023_MinPolqaSfbRecording_cut.wav,2.6,1.341640786,1.176,5
30432231_MinPolqaSfbRecording_cut.wav,1.8,0.447213595,0.392,5
30456780_MinPolqaSfbRecording_cut.wav,2.8,1.095445115,0.960199979,5
30466066_MinPolqaSfbRecording_cut.wav,3.0,0.707106781,0.619806421,5
28055439_MinPolqaSfbRecording_cut.wav,3.6,1.140175425,0.999407825,5
27616486_MinPolqaSfbRecording_cut.wav,3.666666667,0.577350269,0.653333333,3
30083070_MinPolqaSfbRecording_cut.wav,3.333333333,1.154700538,1.306666667,3
30079449_MinPolqaSfbRecording_cut.wav,3.0,1.0,1.131606528,3
30093125_MinPolqaSfbRecording_cut.wav,3.0,1.0,1.131606528,3
28122426_MinPolqaSfbRecording_cut.wav,3.333333333,2.081665999,2.355626833,3
30066198_MinPolqaSfbRecording_cut.wav,4.0,1.0,1.131606528,3
30481577_MinPolqaSfbRecording_cut.wav,3.333333333,1.527525232,1.728557523,3
30183166_MinPolqaSfbRecording_cut.wav,3.8,1.303840481,1.142866571,5
30101037_MinPolqaSfbRecording_cut.wav,4.4,0.547722558,0.48009999,5
30257737_MinPolqaSfbRecording_cut.wav,2.6,1.140175425,0.999407825,5
30106637_MinPolqaSfbRecording_cut.wav,2.6,1.140175425,0.999407825,5
30446065_MinPolqaSfbRecording_cut.wav,2.0,0.707106781,0.619806421,5
30438493_MinPolqaSfbRecording_cut.wav,2.4,1.140175425,0.999407825,5
30444480_MinPolqaSfbRecording_cut.wav,2.6,1.140175425,0.999407825,5
27819091_MinPolqaSfbRecording_cut.wav,4.2,0.836660027,0.733364848,5
29537768_MinPolqaSfbRecording_cut.wav,3.4,0.547722558,0.48009999,5
30070028_MinPolqaSfbRecording_cut.wav,3.0,0.816496581,0.800166649,4
28074676_MinPolqaSfbRecording_cut.wav,4.0,0.0,0.0,4
30194624_MinPolqaSfbRecording_cut.wav,3.25,0.5,0.49,4
30162629_MinPolqaSfbRecording_cut.wav,2.25,1.258305739,1.233139624,4
30467464_MinPolqaSfbRecording_cut.wav,4.0,0.816496581,0.800166649,4
30454248_MinPolqaSfbRecording_cut.wav,2.75,1.707825128,1.673668625,4
30164849_MinPolqaSfbRecording_cut.wav,3.25,1.5,1.47,4
30213270_MinPolqaSfbRecording_cut.wav,4.0,0.0,0.0,4
30481554_MinPolqaSfbRecording_cut.wav,3.333333333,1.154700538,1.306666667,3
30249737_MinPolqaSfbRecording_cut.wav,2.0,0.0,0.0,3
30107706_MinPolqaSfbRecording_cut.wav,2.0,0.0,0.0,3
30133013_MinPolqaSfbRecording_cut.wav,4.0,1.0,1.131606528,3
30127676_MinPolqaSfbRecording_cut.wav,3.0,0.0,0.0,3
30206135_MinPolqaSfbRecording_cut.wav,1.666666667,0.577350269,0.653333333,3
30146183_MinPolqaSfbRecording_cut.wav,2.0,0.0,0.0,3
27789184_MinPolqaSfbRecording_cut.wav,3.6,0.547722558,0.48009999,5
29539092_MinPolqaSfbRecording_cut.wav,1.4,0.547722558,0.48009999,5
30443625_MinPolqaSfbRecording_cut.wav,2.0,0.707106781,0.619806421,5
27796984_MinPolqaSfbRecording_cut.wav,3.4,0.547722558,0.48009999,5
27882462_MinPolqaSfbRecording_cut.wav,3.2,0.836660027,0.733364848,5
30426247_MinPolqaSfbRecording_cut.wav,3.4,0.894427191,0.784,5
30403828_MinPolqaSfbRecording_cut.wav,3.6,0.547722558,0.48009999,5
27873024_MinPolqaSfbRecording_cut.wav,4.2,0.836660027,0.733364848,5
30209144_MinPolqaSfbRecording_cut.wav,2.0,,,1
30483267_MinPolqaSfbRecording_cut.wav,4.0,,,1
30201737_MinPolqaSfbRecording_cut.wav,5.0,,,1
30201553_MinPolqaSfbRecording_cut.wav,1.0,,,1
30442714_MinPolqaSfbRecording_cut.wav,4.0,,,1
30106236_MinPolqaSfbRecording_cut.wav,2.0,,,1
30413498_MinPolqaSfbRecording_cut.wav,2.0,,,1
30262770_MinPolqaSfbRecording_cut.wav,2.0,,,1
30446265_MinPolqaSfbRecording_cut.wav,3.4,0.547722558,0.48009999,5
30426715_MinPolqaSfbRecording_cut.wav,2.8,0.447213595,0.392,5
30436902_MinPolqaSfbRecording_cut.wav,2.8,1.095445115,0.960199979,5
28164180_MinPolqaSfbRecording_cut.wav,3.6,0.894427191,0.784,5
30132340_MinPolqaSfbRecording_cut.wav,2.4,0.894427191,0.784,5
30471769_MinPolqaSfbRecording_cut.wav,3.4,0.894427191,0.784,5
30163634_MinPolqaSfbRecording_cut.wav,3.2,0.447213595,0.392,5
30131861_MinPolqaSfbRecording_cut.wav,3.2,0.836660027,0.733364848,5
30123386_MinPolqaSfbRecording_cut.wav,2.8,0.836660027,0.733364848,5
30522122_MinPolqaSfbRecording_cut.wav,3.0,0.707106781,0.619806421,5
30413524_MinPolqaSfbRecording_cut.wav,2.2,1.303840481,1.142866571,5
29044322_MinPolqaSfbRecording_cut.wav,3.4,0.894427191,0.784,5
30157117_MinPolqaSfbRecording_cut.wav,3.4,0.547722558,0.48009999,5
30144260_MinPolqaSfbRecording_cut.wav,3.2,0.447213595,0.392,5
27593099_MinPolqaSfbRecording_cut.wav,3.6,0.894427191,0.784,5
28754302_MinPolqaSfbRecording_cut.wav,4.2,0.447213595,0.392,5
30514704_MinPolqaSfbRecording_cut.wav,2.6,0.894427191,0.784,5
30061927_MinPolqaSfbRecording_cut.wav,2.8,1.095445115,0.960199979,5
29544058_MinPolqaSfbRecording_cut.wav,1.8,0.836660027,0.733364848,5
28487468_MinPolqaSfbRecording_cut.wav,4.0,1.0,0.876538647,5
30101067_MinPolqaSfbRecording_cut.wav,3.8,0.836660027,0.733364848,5
28972970_MinPolqaSfbRecording_cut.wav,3.8,0.836660027,0.733364848,5
30424452_MinPolqaSfbRecording_cut.wav,3.2,1.095445115,0.960199979,5
27705628_MinPolqaSfbRecording_cut.wav,3.2,0.836660027,0.733364848,5
30098717_MinPolqaSfbRecording_cut.wav,3.0,1.224744871,1.073536213,5
30198988_MinPolqaSfbRecording_cut.wav,4.333333333,0.577350269,0.653333333,3
28197410_MinPolqaSfbRecording_cut.wav,4.0,0.0,0.0,3
30128878_MinPolqaSfbRecording_cut.wav,2.333333333,2.309401077,2.613333333,3
30061673_MinPolqaSfbRecording_cut.wav,3.0,0.0,0.0,3
30202115_MinPolqaSfbRecording_cut.wav,2.333333333,2.309401077,2.613333333,3
28286528_MinPolqaSfbRecording_cut.wav,4.0,0.0,0.0,3
30491185_MinPolqaSfbRecording_cut.wav,4.0,1.0,1.131606528,3
30105063_MinPolqaSfbRecording_cut.wav,3.333333333,0.577350269,0.653333333,3
28998091_MinPolqaSfbRecording_cut.wav,4.333333333,0.577350269,0.653333333,3
30478319_MinPolqaSfbRecording_cut.wav,3.666666667,1.527525232,1.728557523,3
28160786_MinPolqaSfbRecording_cut.wav,3.666666667,0.577350269,0.653333333,3
30102009_MinPolqaSfbRecording_cut.wav,3.666666667,1.154700538,1.306666667,3
30431612_MinPolqaSfbRecording_cut.wav,4.333333333,0.577350269,0.653333333,3
30098068_MinPolqaSfbRecording_cut.wav,4.0,0.0,0.0,3
28084480_MinPolqaSfbRecording_cut.wav,3.666666667,0.577350269,0.653333333,3
30515242_MinPolqaSfbRecording_cut.wav,4.333333333,0.577350269,0.653333333,3
30092762_MinPolqaSfbRecording_cut.wav,4.0,1.0,1.131606528,3
27781792_MinPolqaSfbRecording_cut.wav,4.0,1.0,1.131606528,3
29021498_MinPolqaSfbRecording_cut.wav,3.0,1.0,1.131606528,3
30164330_MinPolqaSfbRecording_cut.wav,2.0,1.0,1.131606528,3
30195882_MinPolqaSfbRecording_cut.wav,2.333333333,1.154700538,1.306666667,3
28062482_MinPolqaSfbRecording_cut.wav,3.0,1.0,1.131606528,3
30073065_MinPolqaSfbRecording_cut.wav,1.666666667,0.577350269,0.653333333,3
30148492_MinPolqaSfbRecording_cut.wav,1.333333333,0.577350269,0.653333333,3
30082395_MinPolqaSfbRecording_cut.wav,2.0,1.0,1.131606528,3
30508792_MinPolqaSfbRecording_cut.wav,2.0,1.0,1.131606528,3
30518954_MinPolqaSfbRecording_cut.wav,2.5,0.577350269,0.565803264,4
30086748_MinPolqaSfbRecording_cut.wav,2.0,0.816496581,0.800166649,4
30469089_MinPolqaSfbRecording_cut.wav,2.25,0.957427108,0.938278566,4
30406021_MinPolqaSfbRecording_cut.wav,3.25,0.5,0.49,4
30180949_MinPolqaSfbRecording_cut.wav,2.5,0.577350269,0.565803264,4
27549693_MinPolqaSfbRecording_cut.wav,3.75,0.5,0.49,4
30497079_MinPolqaSfbRecording_cut.wav,3.5,0.577350269,0.565803264,4
30456931_MinPolqaSfbRecording_cut.wav,3.5,0.577350269,0.565803264,4
30466436_MinPolqaSfbRecording_cut.wav,3.0,0.0,0.0,4
30185726_MinPolqaSfbRecording_cut.wav,2.2,0.447213595,0.392,5
30504245_MinPolqaSfbRecording_cut.wav,3.4,0.547722558,0.48009999,5
30112811_MinPolqaSfbRecording_cut.wav,2.8,0.836660027,0.733364848,5
30175195_MinPolqaSfbRecording_cut.wav,3.6,0.547722558,0.48009999,5
29001856_MinPolqaSfbRecording_cut.wav,3.8,0.447213595,0.392,5
28720628_MinPolqaSfbRecording_cut.wav,3.6,0.547722558,0.48009999,5
30136286_MinPolqaSfbRecording_cut.wav,2.8,0.447213595,0.392,5
28754036_MinPolqaSfbRecording_cut.wav,3.6,0.894427191,0.784,5
30185008_MinPolqaSfbRecording_cut.wav,2.2,0.836660027,0.733364848,5
27769534_MinPolqaSfbRecording_cut.wav,4.0,0.816496581,0.800166649,4
28689567_MinPolqaSfbRecording_cut.wav,4.0,0.816496581,0.800166649,4
30511603_MinPolqaSfbRecording_cut.wav,4.0,0.816496581,0.800166649,4
30513475_MinPolqaSfbRecording_cut.wav,2.0,1.154700538,1.131606528,4
30062160_MinPolqaSfbRecording_cut.wav,2.5,1.290994449,1.26517456,4
30414149_MinPolqaSfbRecording_cut.wav,1.25,0.5,0.49,4
30162005_MinPolqaSfbRecording_cut.wav,1.75,0.5,0.49,4
28063528_MinPolqaSfbRecording_cut.wav,3.333333333,0.577350269,0.653333333,3
30201571_MinPolqaSfbRecording_cut.wav,1.333333333,0.577350269,0.653333333,3
29041327_MinPolqaSfbRecording_cut.wav,4.0,1.0,1.131606528,3
29539577_MinPolqaSfbRecording_cut.wav,4.0,1.0,1.131606528,3
30210753_MinPolqaSfbRecording_cut.wav,3.666666667,0.577350269,0.653333333,3
30173984_MinPolqaSfbRecording_cut.wav,4.0,1.0,1.131606528,3
30139419_MinPolqaSfbRecording_cut.wav,3.0,1.0,1.131606528,3
30183041_MinPolqaSfbRecording_cut.wav,4.333333333,0.577350269,0.653333333,3
28134594_MinPolqaSfbRecording_cut.wav,3.666666667,0.577350269,0.653333333,3
30073473_MinPolqaSfbRecording_cut.wav,1.666666667,0.577350269,0.653333333,3
30171708_MinPolqaSfbRecording_cut.wav,3.0,0.0,0.0,3
30112054_MinPolqaSfbRecording_cut.wav,2.0,0.0,0.0,3
30414014_MinPolqaSfbRecording_cut.wav,2.0,0.0,0.0,3
30150325_MinPolqaSfbRecording_cut.wav,3.0,0.0,0.0,3
30119273_MinPolqaSfbRecording_cut.wav,2.0,0.0,0.0,3
30177229_MinPolqaSfbRecording_cut.wav,3.0,0.0,0.0,3
29538696_MinPolqaSfbRecording_cut.wav,3.6,0.547722558,0.48009999,5
30153933_MinPolqaSfbRecording_cut.wav,4.0,0.707106781,0.619806421,5
30422530_MinPolqaSfbRecording_cut.wav,3.8,0.836660027,0.733364848,5
30523230_MinPolqaSfbRecording_cut.wav,3.2,0.447213595,0.392,5
30458082_MinPolqaSfbRecording_cut.wav,3.4,0.547722558,0.48009999,5
30513511_MinPolqaSfbRecording_cut.wav,3.6,0.894427191,0.784,5
28871413_MinPolqaSfbRecording_cut.wav,3.4,1.140175425,0.999407825,5
30157642_MinPolqaSfbRecording_cut.wav,5.0,0.0,0.0,2
30071331_MinPolqaSfbRecording_cut.wav,4.5,0.707106781,0.98,2
29531775_MinPolqaSfbRecording_cut.wav,2.0,0.0,0.0,2
30497561_MinPolqaSfbRecording_cut.wav,3.0,0.0,0.0,2
30465936_MinPolqaSfbRecording_cut.wav,5.0,0.0,0.0,2
30179226_MinPolqaSfbRecording_cut.wav,3.4,0.894427191,0.784,5
30149177_MinPolqaSfbRecording_cut.wav,2.6,0.547722558,0.48009999,5
28909045_MinPolqaSfbRecording_cut.wav,4.4,0.547722558,0.48009999,5
30489377_MinPolqaSfbRecording_cut.wav,1.8,0.447213595,0.392,5
30263550_MinPolqaSfbRecording_cut.wav,2.0,0.707106781,0.619806421,5
27973756_MinPolqaSfbRecording_cut.wav,4.2,0.836660027,0.733364848,5
30062351_MinPolqaSfbRecording_cut.wav,3.8,0.447213595,0.392,5
30200253_MinPolqaSfbRecording_cut.wav,3.0,0.0,0.0,5
30107949_MinPolqaSfbRecording_cut.wav,3.0,0.0,0.0,5
30148491_MinPolqaSfbRecording_cut.wav,2.25,0.957427108,0.938278566,4
30405556_MinPolqaSfbRecording_cut.wav,2.0,0.816496581,0.800166649,4
30101127_MinPolqaSfbRecording_cut.wav,4.0,1.154700538,1.131606528,4
30455028_MinPolqaSfbRecording_cut.wav,2.75,0.957427108,0.938278566,4
30072943_MinPolqaSfbRecording_cut.wav,2.75,0.5,0.49,4
30151484_MinPolqaSfbRecording_cut.wav,2.5,1.290994449,1.26517456,4
28300417_MinPolqaSfbRecording_cut.wav,4.25,0.957427108,0.938278566,4
30211780_MinPolqaSfbRecording_cut.wav,2.75,0.5,0.49,4
29530043_MinPolqaSfbRecording_cut.wav,3.8,1.095445115,0.960199979,5
30519976_MinPolqaSfbRecording_cut.wav,3.4,0.894427191,0.784,5
30483414_MinPolqaSfbRecording_cut.wav,2.2,1.303840481,1.142866571,5
30423763_MinPolqaSfbRecording_cut.wav,3.0,1.224744871,1.073536213,5
30410160_MinPolqaSfbRecording_cut.wav,2.2,0.836660027,0.733364848,5
28643934_MinPolqaSfbRecording_cut.wav,4.0,1.0,0.876538647,5
27777375_MinPolqaSfbRecording_cut.wav,3.4,1.341640786,1.176,5
28035817_MinPolqaSfbRecording_cut.wav,4.0,0.707106781,0.619806421,5
29529704_MinPolqaSfbRecording_cut.wav,2.2,0.836660027,0.733364848,5
30446317_MinPolqaSfbRecording_cut.wav,2.0,1.0,0.876538647,5
30104722_MinPolqaSfbRecording_cut.wav,2.6,0.894427191,0.784,5
30427433_MinPolqaSfbRecording_cut.wav,1.8,0.836660027,0.733364848,5
30209899_MinPolqaSfbRecording_cut.wav,2.4,0.894427191,0.784,5
30173194_MinPolqaSfbRecording_cut.wav,2.6,1.140175425,0.999407825,5
30081367_MinPolqaSfbRecording_cut.wav,2.8,1.095445115,0.960199979,5
30195627_MinPolqaSfbRecording_cut.wav,3.8,0.836660027,0.733364848,5
30457095_MinPolqaSfbRecording_cut.wav,1.0,0.0,0.0,4
30156650_MinPolqaSfbRecording_cut.wav,1.75,0.5,0.49,4
28666250_MinPolqaSfbRecording_cut.wav,3.5,0.577350269,0.565803264,4
30439695_MinPolqaSfbRecording_cut.wav,3.25,0.5,0.49,4
30064369_MinPolqaSfbRecording_cut.wav,1.75,0.5,0.49,4
30120081_MinPolqaSfbRecording_cut.wav,3.75,0.957427108,0.938278566,4
30064824_MinPolqaSfbRecording_cut.wav,3.0,0.816496581,0.800166649,4
27970031_MinPolqaSfbRecording_cut.wav,4.25,0.5,0.49,4
30210924_MinPolqaSfbRecording_cut.wav,3.0,0.816496581,0.800166649,4
30104926_MinPolqaSfbRecording_cut.wav,1.5,0.577350269,0.565803264,4
30401620_MinPolqaSfbRecording_cut.wav,3.5,0.577350269,0.565803264,4
30204198_MinPolqaSfbRecording_cut.wav,2.25,1.258305739,1.233139624,4
30432834_MinPolqaSfbRecording_cut.wav,2.5,0.577350269,0.565803264,4
30480190_MinPolqaSfbRecording_cut.wav,1.75,0.957427108,0.938278566,4
30081912_MinPolqaSfbRecording_cut.wav,1.25,0.5,0.49,4
30153790_MinPolqaSfbRecording_cut.wav,2.75,0.5,0.49,4
30449819_MinPolqaSfbRecording_cut.wav,3.75,0.957427108,0.938278566,4
30427091_MinPolqaSfbRecording_cut.wav,3.666666667,1.154700538,1.306666667,3
30471271_MinPolqaSfbRecording_cut.wav,4.0,1.0,1.131606528,3
27950921_MinPolqaSfbRecording_cut.wav,4.333333333,0.577350269,0.653333333,3
27858956_MinPolqaSfbRecording_cut.wav,4.0,1.0,1.131606528,3
30433979_MinPolqaSfbRecording_cut.wav,4.0,1.0,1.131606528,3
30092283_MinPolqaSfbRecording_cut.wav,4.333333333,0.577350269,0.653333333,3
30146135_MinPolqaSfbRecording_cut.wav,2.333333333,0.577350269,0.653333333,3
30069393_MinPolqaSfbRecording_cut.wav,3.333333333,0.577350269,0.653333333,3
28346218_MinPolqaSfbRecording_cut.wav,4.0,1.0,1.131606528,3
30529113_MinPolqaSfbRecording_cut.wav,2.2,0.447213595,0.392,5
30511830_MinPolqaSfbRecording_cut.wav,2.6,0.894427191,0.784,5
28131259_MinPolqaSfbRecording_cut.wav,4.0,1.0,0.876538647,5
30129165_MinPolqaSfbRecording_cut.wav,1.4,0.547722558,0.48009999,5
30257435_MinPolqaSfbRecording_cut.wav,3.4,1.341640786,1.176,5
30107283_MinPolqaSfbRecording_cut.wav,2.8,1.095445115,0.960199979,5
30136172_MinPolqaSfbRecording_cut.wav,3.0,1.0,0.876538647,5
28198981_MinPolqaSfbRecording_cut.wav,3.4,0.547722558,0.48009999,5
30160284_MinPolqaSfbRecording_cut.wav,2.0,0.707106781,0.619806421,5
30416517_MinPolqaSfbRecording_cut.wav,4.0,0.816496581,0.800166649,4
30099877_MinPolqaSfbRecording_cut.wav,4.0,0.816496581,0.800166649,4
30484753_MinPolqaSfbRecording_cut.wav,4.0,0.816496581,0.800166649,4
30497366_MinPolqaSfbRecording_cut.wav,3.5,1.290994449,1.26517456,4
29541337_MinPolqaSfbRecording_cut.wav,1.5,0.577350269,0.565803264,4
29540308_MinPolqaSfbRecording_cut.wav,4.0,0.816496581,0.800166649,4
28270501_MinPolqaSfbRecording_cut.wav,3.75,0.957427108,0.938278566,4
30475452_MinPolqaSfbRecording_cut.wav,3.0,0.816496581,0.800166649,4
28902613_MinPolqaSfbRecording_cut.wav,4.333333333,0.577350269,0.653333333,3
28762258_MinPolqaSfbRecording_cut.wav,4.333333333,0.577350269,0.653333333,3
30404757_MinPolqaSfbRecording_cut.wav,2.666666667,1.527525232,1.728557523,3
30095902_MinPolqaSfbRecording_cut.wav,4.333333333,0.577350269,0.653333333,3
30130030_MinPolqaSfbRecording_cut.wav,2.666666667,1.154700538,1.306666667,3
28144393_MinPolqaSfbRecording_cut.wav,4.0,1.0,1.131606528,3
30404697_MinPolqaSfbRecording_cut.wav,3.666666667,0.577350269,0.653333333,3
30200297_MinPolqaSfbRecording_cut.wav,3.0,1.414213562,1.385929291,4
30185433_MinPolqaSfbRecording_cut.wav,3.75,1.258305739,1.233139624,4
30082926_MinPolqaSfbRecording_cut.wav,4.5,0.577350269,0.565803264,4
28881499_MinPolqaSfbRecording_cut.wav,4.25,0.957427108,0.938278566,4
29532024_MinPolqaSfbRecording_cut.wav,3.25,1.707825128,1.673668625,4
30500155_MinPolqaSfbRecording_cut.wav,2.25,1.258305739,1.233139624,4
29066437_MinPolqaSfbRecording_cut.wav,3.5,1.290994449,1.26517456,4
30249982_MinPolqaSfbRecording_cut.wav,1.5,1.0,0.98,4
30512683_MinPolqaSfbRecording_cut.wav,2.5,0.577350269,0.565803264,4
30180960_MinPolqaSfbRecording_cut.wav,3.25,1.258305739,1.233139624,4
30467213_MinPolqaSfbRecording_cut.wav,4.0,1.154700538,1.131606528,4
30167396_MinPolqaSfbRecording_cut.wav,3.5,1.0,0.98,4
30472290_MinPolqaSfbRecording_cut.wav,3.0,0.0,0.0,4
30142540_MinPolqaSfbRecording_cut.wav,3.0,0.0,0.0,4
30095413_MinPolqaSfbRecording_cut.wav,3.75,0.5,0.49,4
30409279_MinPolqaSfbRecording_cut.wav,2.8,1.095445115,0.960199979,5
30508488_MinPolqaSfbRecording_cut.wav,4.0,0.707106781,0.619806421,5
30478589_MinPolqaSfbRecording_cut.wav,2.8,1.095445115,0.960199979,5
30262897_MinPolqaSfbRecording_cut.wav,3.8,0.447213595,0.392,5
30430492_MinPolqaSfbRecording_cut.wav,2.4,1.949358869,1.708688386,5
30149335_MinPolqaSfbRecording_cut.wav,3.2,0.836660027,0.733364848,5
30090527_MinPolqaSfbRecording_cut.wav,4.4,0.894427191,0.784,5
30480580_MinPolqaSfbRecording_cut.wav,3.8,0.836660027,0.733364848,5
30529752_MinPolqaSfbRecording_cut.wav,3.6,0.547722558,0.48009999,5
30446365_MinPolqaSfbRecording_cut.wav,3.6,1.140175425,0.999407825,5
30127886_MinPolqaSfbRecording_cut.wav,2.5,0.707106781,0.98,2
30260763_MinPolqaSfbRecording_cut.wav,3.0,0.0,0.0,2
30149433_MinPolqaSfbRecording_cut.wav,1.0,0.0,0.0,2
30251336_MinPolqaSfbRecording_cut.wav,3.0,0.0,0.0,2
27686985_MinPolqaSfbRecording_cut.wav,4.0,0.0,0.0,2
30132124_MinPolqaSfbRecording_cut.wav,3.0,0.0,0.0,2
30096945_MinPolqaSfbRecording_cut.wav,3.0,0.0,0.0,2
27607581_MinPolqaSfbRecording_cut.wav,2.0,0.0,0.0,2
28334454_MinPolqaSfbRecording_cut.wav,3.25,0.5,0.49,4
30205572_MinPolqaSfbRecording_cut.wav,2.75,1.258305739,1.233139624,4
28800626_MinPolqaSfbRecording_cut.wav,2.5,0.577350269,0.565803264,4
27862188_MinPolqaSfbRecording_cut.wav,3.75,0.957427108,0.938278566,4
30422912_MinPolqaSfbRecording_cut.wav,2.0,1.414213562,1.385929291,4
30263399_MinPolqaSfbRecording_cut.wav,2.75,1.5,1.47,4
30473898_MinPolqaSfbRecording_cut.wav,2.25,1.258305739,1.233139624,4
29542102_MinPolqaSfbRecording_cut.wav,3.5,1.0,0.98,4
27590551_MinPolqaSfbRecording_cut.wav,4.0,0.0,0.0,4
30430793_MinPolqaSfbRecording_cut.wav,3.75,0.5,0.49,4
28225702_MinPolqaSfbRecording_cut.wav,4.0,0.816496581,0.800166649,4
30132733_MinPolqaSfbRecording_cut.wav,2.75,0.5,0.49,4
30099370_MinPolqaSfbRecording_cut.wav,3.25,0.5,0.49,4
29541614_MinPolqaSfbRecording_cut.wav,3.25,0.957427108,0.938278566,4
28322705_MinPolqaSfbRecording_cut.wav,3.25,0.5,0.49,4
30192746_MinPolqaSfbRecording_cut.wav,3.0,0.816496581,0.800166649,4
30522218_MinPolqaSfbRecording_cut.wav,3.0,0.816496581,0.800166649,4
30091319_MinPolqaSfbRecording_cut.wav,2.25,0.5,0.49,4
28059297_MinPolqaSfbRecording_cut.wav,4.5,0.577350269,0.565803264,4
30181294_MinPolqaSfbRecording_cut.wav,3.75,0.957427108,0.938278566,4
28005827_MinPolqaSfbRecording_cut.wav,4.25,0.5,0.49,4
30133603_MinPolqaSfbRecording_cut.wav,2.75,0.5,0.49,4
30165851_MinPolqaSfbRecording_cut.wav,3.5,0.577350269,0.565803264,4
29009271_MinPolqaSfbRecording_cut.wav,4.25,0.957427108,0.938278566,4
30147515_MinPolqaSfbRecording_cut.wav,2.0,0.0,0.0,4
30491513_MinPolqaSfbRecording_cut.wav,1.666666667,0.577350269,0.653333333,3
28499153_MinPolqaSfbRecording_cut.wav,4.0,0.0,0.0,3
30211808_MinPolqaSfbRecording_cut.wav,3.333333333,0.577350269,0.653333333,3
30503158_MinPolqaSfbRecording_cut.wav,3.333333333,0.577350269,0.653333333,3
28815929_MinPolqaSfbRecording_cut.wav,3.666666667,0.577350269,0.653333333,3
30488646_MinPolqaSfbRecording_cut.wav,2.666666667,0.577350269,0.653333333,3
30514177_MinPolqaSfbRecording_cut.wav,2.0,0.0,0.0,3
30119766_MinPolqaSfbRecording_cut.wav,3.75,0.5,0.49,4
30148359_MinPolqaSfbRecording_cut.wav,4.5,1.0,0.98,4
30483204_MinPolqaSfbRecording_cut.wav,3.75,0.5,0.49,4
30177516_MinPolqaSfbRecording_cut.wav,3.5,0.577350269,0.565803264,4
30152032_MinPolqaSfbRecording_cut.wav,3.0,1.414213562,1.385929291,4
28498598_MinPolqaSfbRecording_cut.wav,4.0,0.816496581,0.800166649,4
30200908_MinPolqaSfbRecording_cut.wav,3.0,1.154700538,1.131606528,4
30482097_MinPolqaSfbRecording_cut.wav,3.666666667,0.577350269,0.653333333,3
30425360_MinPolqaSfbRecording_cut.wav,3.666666667,1.154700538,1.306666667,3
28046181_MinPolqaSfbRecording_cut.wav,3.333333333,0.577350269,0.653333333,3
30198500_MinPolqaSfbRecording_cut.wav,2.333333333,1.154700538,1.306666667,3
29529675_MinPolqaSfbRecording_cut.wav,3.666666667,0.577350269,0.653333333,3
28969827_MinPolqaSfbRecording_cut.wav,3.333333333,1.154700538,1.306666667,3
30480554_MinPolqaSfbRecording_cut.wav,3.333333333,0.577350269,0.653333333,3
30124813_MinPolqaSfbRecording_cut.wav,3.333333333,0.577350269,0.653333333,3
28222757_MinPolqaSfbRecording_cut.wav,4.5,0.577350269,0.565803264,4
28164756_MinPolqaSfbRecording_cut.wav,4.5,0.577350269,0.565803264,4
30206724_MinPolqaSfbRecording_cut.wav,3.25,1.258305739,1.233139624,4
30447038_MinPolqaSfbRecording_cut.wav,1.75,1.5,1.47,4
29533773_MinPolqaSfbRecording_cut.wav,3.0,0.816496581,0.800166649,4
30430626_MinPolqaSfbRecording_cut.wav,3.75,1.5,1.47,4
30496941_MinPolqaSfbRecording_cut.wav,3.25,1.5,1.47,4
28485148_MinPolqaSfbRecording_cut.wav,4.25,0.5,0.49,4
29531343_MinPolqaSfbRecording_cut.wav,1.8,0.447213595,0.392,5
30142466_MinPolqaSfbRecording_cut.wav,2.2,0.836660027,0.733364848,5
28148897_MinPolqaSfbRecording_cut.wav,3.8,0.836660027,0.733364848,5
30139277_MinPolqaSfbRecording_cut.wav,3.2,0.836660027,0.733364848,5
27564674_MinPolqaSfbRecording_cut.wav,2.8,0.836660027,0.733364848,5
30500863_MinPolqaSfbRecording_cut.wav,2.6,0.547722558,0.48009999,5
27862622_MinPolqaSfbRecording_cut.wav,2.8,0.447213595,0.392,5
27649462_MinPolqaSfbRecording_cut.wav,3.4,0.894427191,0.784,5
30460087_MinPolqaSfbRecording_cut.wav,3.0,0.0,0.0,4
30404352_MinPolqaSfbRecording_cut.wav,3.0,1.414213562,1.385929291,4
30156115_MinPolqaSfbRecording_cut.wav,3.25,0.957427108,0.938278566,4
30076498_MinPolqaSfbRecording_cut.wav,2.25,0.957427108,0.938278566,4
30257351_MinPolqaSfbRecording_cut.wav,3.0,0.816496581,0.800166649,4
30135667_MinPolqaSfbRecording_cut.wav,3.5,1.290994449,1.26517456,4
30137435_MinPolqaSfbRecording_cut.wav,2.25,0.957427108,0.938278566,4
30457119_MinPolqaSfbRecording_cut.wav,2.75,0.957427108,0.938278566,4
27575974_MinPolqaSfbRecording_cut.wav,4.5,0.577350269,0.565803264,4
29539396_MinPolqaSfbRecording_cut.wav,2.75,1.5,1.47,4
29535254_MinPolqaSfbRecording_cut.wav,4.25,0.957427108,0.938278566,4
30447004_MinPolqaSfbRecording_cut.wav,2.75,0.957427108,0.938278566,4
30456071_MinPolqaSfbRecording_cut.wav,3.25,0.5,0.49,4
30131930_MinPolqaSfbRecording_cut.wav,4.5,0.577350269,0.565803264,4
30431172_MinPolqaSfbRecording_cut.wav,2.25,0.5,0.49,4
30098668_MinPolqaSfbRecording_cut.wav,3.25,1.258305739,1.233139624,4
30404650_MinPolqaSfbRecording_cut.wav,2.75,0.5,0.49,4
30068119_MinPolqaSfbRecording_cut.wav,4.0,0.707106781,0.619806421,5
30183002_MinPolqaSfbRecording_cut.wav,4.0,0.707106781,0.619806421,5
30408694_MinPolqaSfbRecording_cut.wav,2.8,0.836660027,0.733364848,5
30445137_MinPolqaSfbRecording_cut.wav,1.6,0.894427191,0.784,5
30172191_MinPolqaSfbRecording_cut.wav,2.8,0.836660027,0.733364848,5
30414181_MinPolqaSfbRecording_cut.wav,3.6,0.547722558,0.48009999,5
30161246_MinPolqaSfbRecording_cut.wav,2.4,0.547722558,0.48009999,5
28159264_MinPolqaSfbRecording_cut.wav,3.6,0.547722558,0.48009999,5
30161817_MinPolqaSfbRecording_cut.wav,1.6,0.894427191,0.784,5
28599318_MinPolqaSfbRecording_cut.wav,4.333333333,0.577350269,0.653333333,3
30514066_MinPolqaSfbRecording_cut.wav,3.333333333,1.154700538,1.306666667,3
30157764_MinPolqaSfbRecording_cut.wav,3.0,1.0,1.131606528,3
30130028_MinPolqaSfbRecording_cut.wav,2.666666667,1.527525232,1.728557523,3
28820072_MinPolqaSfbRecording_cut.wav,4.666666667,0.577350269,0.653333333,3
30147343_MinPolqaSfbRecording_cut.wav,2.333333333,0.577350269,0.653333333,3
30188909_MinPolqaSfbRecording_cut.wav,4.0,1.0,1.131606528,3
30460754_MinPolqaSfbRecording_cut.wav,3.333333333,0.577350269,0.653333333,3
30065657_MinPolqaSfbRecording_cut.wav,2.333333333,1.154700538,1.306666667,3
30164203_MinPolqaSfbRecording_cut.wav,3.666666667,0.577350269,0.653333333,3
30263783_MinPolqaSfbRecording_cut.wav,3.333333333,1.154700538,1.306666667,3
30493158_MinPolqaSfbRecording_cut.wav,1.333333333,0.577350269,0.653333333,3
29539037_MinPolqaSfbRecording_cut.wav,3.666666667,0.577350269,0.653333333,3
30163034_MinPolqaSfbRecording_cut.wav,1.666666667,1.154700538,1.306666667,3
30257347_MinPolqaSfbRecording_cut.wav,2.0,1.732050808,1.96,3
30163226_MinPolqaSfbRecording_cut.wav,2.666666667,0.577350269,0.653333333,3
30103632_MinPolqaSfbRecording_cut.wav,3.666666667,0.577350269,0.653333333,3
30467825_MinPolqaSfbRecording_cut.wav,3.25,0.957427108,0.938278566,4
30109354_MinPolqaSfbRecording_cut.wav,1.75,0.5,0.49,4
30485429_MinPolqaSfbRecording_cut.wav,3.5,0.577350269,0.565803264,4
30484060_MinPolqaSfbRecording_cut.wav,3.25,1.5,1.47,4
30529026_MinPolqaSfbRecording_cut.wav,4.5,0.577350269,0.565803264,4
27654329_MinPolqaSfbRecording_cut.wav,4.25,0.957427108,0.938278566,4
30095659_MinPolqaSfbRecording_cut.wav,1.75,0.5,0.49,4
30168502_MinPolqaSfbRecording_cut.wav,4.0,0.816496581,0.800166649,4
30485843_MinPolqaSfbRecording_cut.wav,2.75,1.258305739,1.233139624,4
30411370_MinPolqaSfbRecording_cut.wav,2.75,0.957427108,0.938278566,4
30143012_MinPolqaSfbRecording_cut.wav,2.333333333,0.577350269,0.653333333,3
30183001_MinPolqaSfbRecording_cut.wav,2.333333333,0.577350269,0.653333333,3
30248682_MinPolqaSfbRecording_cut.wav,1.0,0.0,0.0,3
30126798_MinPolqaSfbRecording_cut.wav,2.333333333,0.577350269,0.653333333,3
30405810_MinPolqaSfbRecording_cut.wav,2.0,0.0,0.0,3
27782267_MinPolqaSfbRecording_cut.wav,3.0,1.0,1.131606528,3
30148771_MinPolqaSfbRecording_cut.wav,1.0,0.0,0.0,3
30529142_MinPolqaSfbRecording_cut.wav,1.0,0.0,0.0,3
28738751_MinPolqaSfbRecording_cut.wav,2.666666667,0.577350269,0.653333333,3
30130883_MinPolqaSfbRecording_cut.wav,3.2,0.836660027,0.733364848,5
27626507_MinPolqaSfbRecording_cut.wav,3.8,0.836660027,0.733364848,5
30529296_MinPolqaSfbRecording_cut.wav,3.4,0.894427191,0.784,5
27945938_MinPolqaSfbRecording_cut.wav,4.2,0.836660027,0.733364848,5
30501985_MinPolqaSfbRecording_cut.wav,3.2,0.836660027,0.733364848,5
29544613_MinPolqaSfbRecording_cut.wav,2.8,0.836660027,0.733364848,5
28335582_MinPolqaSfbRecording_cut.wav,3.8,0.836660027,0.733364848,5
27720457_MinPolqaSfbRecording_cut.wav,3.8,0.447213595,0.392,5
28508472_MinPolqaSfbRecording_cut.wav,3.4,0.894427191,0.784,5
30108640_MinPolqaSfbRecording_cut.wav,3.333333333,0.577350269,0.653333333,3
30530713_MinPolqaSfbRecording_cut.wav,3.666666667,1.154700538,1.306666667,3
28208343_MinPolqaSfbRecording_cut.wav,4.333333333,0.577350269,0.653333333,3
30437732_MinPolqaSfbRecording_cut.wav,3.0,1.0,1.131606528,3
28628636_MinPolqaSfbRecording_cut.wav,4.0,0.0,0.0,3
27912977_MinPolqaSfbRecording_cut.wav,4.333333333,0.577350269,0.653333333,3
30404936_MinPolqaSfbRecording_cut.wav,3.333333333,0.577350269,0.653333333,3
27717758_MinPolqaSfbRecording_cut.wav,4.333333333,0.577350269,0.653333333,3
30413564_MinPolqaSfbRecording_cut.wav,3.25,1.258305739,1.233139624,4
30423275_MinPolqaSfbRecording_cut.wav,2.75,0.957427108,0.938278566,4
30514356_MinPolqaSfbRecording_cut.wav,3.75,0.957427108,0.938278566,4
28654600_MinPolqaSfbRecording_cut.wav,4.5,0.577350269,0.565803264,4
30064837_MinPolqaSfbRecording_cut.wav,2.5,1.0,0.98,4
28043735_MinPolqaSfbRecording_cut.wav,3.75,1.5,1.47,4
30063493_MinPolqaSfbRecording_cut.wav,3.25,1.258305739,1.233139624,4
29541730_MinPolqaSfbRecording_cut.wav,3.0,0.816496581,0.800166649,4
28292741_MinPolqaSfbRecording_cut.wav,3.25,0.5,0.49,4
28794597_MinPolqaSfbRecording_cut.wav,3.5,0.577350269,0.565803264,4
30180591_MinPolqaSfbRecording_cut.wav,2.75,0.5,0.49,4
30097672_MinPolqaSfbRecording_cut.wav,1.25,0.5,0.49,4
30085361_MinPolqaSfbRecording_cut.wav,2.5,1.290994449,1.26517456,4
30426836_MinPolqaSfbRecording_cut.wav,3.666666667,1.527525232,1.728557523,3
30201680_MinPolqaSfbRecording_cut.wav,2.666666667,0.577350269,0.653333333,3
30467470_MinPolqaSfbRecording_cut.wav,4.333333333,0.577350269,0.653333333,3
30173696_MinPolqaSfbRecording_cut.wav,2.333333333,1.527525232,1.728557523,3
27753597_MinPolqaSfbRecording_cut.wav,4.0,1.0,1.131606528,3
28040332_MinPolqaSfbRecording_cut.wav,4.0,1.0,1.131606528,3
28181606_MinPolqaSfbRecording_cut.wav,3.666666667,0.577350269,0.653333333,3
30497353_MinPolqaSfbRecording_cut.wav,2.333333333,1.527525232,1.728557523,3
30138521_MinPolqaSfbRecording_cut.wav,3.666666667,0.577350269,0.653333333,3
30147422_MinPolqaSfbRecording_cut.wav,3.8,1.095445115,0.960199979,5
28758376_MinPolqaSfbRecording_cut.wav,4.2,0.836660027,0.733364848,5
28298244_MinPolqaSfbRecording_cut.wav,4.2,0.836660027,0.733364848,5
30444667_MinPolqaSfbRecording_cut.wav,2.0,1.224744871,1.073536213,5
28810959_MinPolqaSfbRecording_cut.wav,4.2,1.303840481,1.142866571,5
30461303_MinPolqaSfbRecording_cut.wav,2.8,1.303840481,1.142866571,5
30426317_MinPolqaSfbRecording_cut.wav,3.0,1.224744871,1.073536213,5
30470711_MinPolqaSfbRecording_cut.wav,3.0,1.0,0.876538647,5
30512057_MinPolqaSfbRecording_cut.wav,3.5,1.0,0.98,4
30428227_MinPolqaSfbRecording_cut.wav,3.5,1.0,0.98,4
29047174_MinPolqaSfbRecording_cut.wav,4.0,0.0,0.0,4
30142547_MinPolqaSfbRecording_cut.wav,3.0,0.816496581,0.800166649,4
30522210_MinPolqaSfbRecording_cut.wav,3.0,1.414213562,1.385929291,4
30462434_MinPolqaSfbRecording_cut.wav,3.5,0.577350269,0.565803264,4
30206647_MinPolqaSfbRecording_cut.wav,3.25,0.5,0.49,4
30423815_MinPolqaSfbRecording_cut.wav,3.25,0.957427108,0.938278566,4
30452693_MinPolqaSfbRecording_cut.wav,3.25,0.957427108,0.938278566,4
30096407_MinPolqaSfbRecording_cut.wav,2.75,1.5,1.47,4
30154498_MinPolqaSfbRecording_cut.wav,2.333333333,0.577350269,0.653333333,3
30201448_MinPolqaSfbRecording_cut.wav,1.666666667,0.577350269,0.653333333,3
30206844_MinPolqaSfbRecording_cut.wav,2.333333333,0.577350269,0.653333333,3
30082758_MinPolqaSfbRecording_cut.wav,3.333333333,1.154700538,1.306666667,3
28228974_MinPolqaSfbRecording_cut.wav,3.666666667,0.577350269,0.653333333,3
30511133_MinPolqaSfbRecording_cut.wav,1.666666667,1.154700538,1.306666667,3
30069832_MinPolqaSfbRecording_cut.wav,2.666666667,0.577350269,0.653333333,3
30519610_MinPolqaSfbRecording_cut.wav,3.0,0.707106781,0.619806421,5
30098002_MinPolqaSfbRecording_cut.wav,4.6,0.547722558,0.48009999,5
30259250_MinPolqaSfbRecording_cut.wav,3.2,1.303840481,1.142866571,5
28528805_MinPolqaSfbRecording_cut.wav,4.4,0.894427191,0.784,5
28265062_MinPolqaSfbRecording_cut.wav,4.2,0.447213595,0.392,5
30262302_MinPolqaSfbRecording_cut.wav,2.2,0.447213595,0.392,5
30516508_MinPolqaSfbRecording_cut.wav,4.0,1.0,0.876538647,5
29541853_MinPolqaSfbRecording_cut.wav,2.4,0.894427191,0.784,5
30504639_MinPolqaSfbRecording_cut.wav,3.0,1.0,0.876538647,5
28784160_MinPolqaSfbRecording_cut.wav,4.2,0.836660027,0.733364848,5
30264272_MinPolqaSfbRecording_cut.wav,4.333333333,1.154700538,1.306666667,3
28420035_MinPolqaSfbRecording_cut.wav,3.666666667,0.577350269,0.653333333,3
30073550_MinPolqaSfbRecording_cut.wav,3.666666667,0.577350269,0.653333333,3
27813397_MinPolqaSfbRecording_cut.wav,3.666666667,0.577350269,0.653333333,3
30410152_MinPolqaSfbRecording_cut.wav,3.666666667,0.577350269,0.653333333,3
30080734_MinPolqaSfbRecording_cut.wav,2.0,0.0,0.0,3
27735489_MinPolqaSfbRecording_cut.wav,4.333333333,0.577350269,0.653333333,3
30473272_MinPolqaSfbRecording_cut.wav,3.0,1.0,0.876538647,5
30249129_MinPolqaSfbRecording_cut.wav,3.0,0.707106781,0.619806421,5
28060972_MinPolqaSfbRecording_cut.wav,4.2,0.836660027,0.733364848,5
28846407_MinPolqaSfbRecording_cut.wav,4.6,0.547722558,0.48009999,5
30133910_MinPolqaSfbRecording_cut.wav,3.4,0.894427191,0.784,5
30123660_MinPolqaSfbRecording_cut.wav,3.2,0.447213595,0.392,5
30090829_MinPolqaSfbRecording_cut.wav,2.25,0.957427108,0.938278566,4
30522272_MinPolqaSfbRecording_cut.wav,3.5,1.732050808,1.697409791,4
30144259_MinPolqaSfbRecording_cut.wav,2.25,0.957427108,0.938278566,4
30139246_MinPolqaSfbRecording_cut.wav,2.0,0.816496581,0.800166649,4
30411302_MinPolqaSfbRecording_cut.wav,1.75,0.5,0.49,4
30128009_MinPolqaSfbRecording_cut.wav,1.75,0.957427108,0.938278566,4
30529316_MinPolqaSfbRecording_cut.wav,1.0,0.0,0.0,4
30423645_MinPolqaSfbRecording_cut.wav,1.5,1.0,0.98,4
30483754_MinPolqaSfbRecording_cut.wav,2.25,1.258305739,1.233139624,4
30103185_MinPolqaSfbRecording_cut.wav,3.0,1.414213562,1.385929291,4
28997573_MinPolqaSfbRecording_cut.wav,4.0,0.707106781,0.619806421,5
30428808_MinPolqaSfbRecording_cut.wav,3.4,0.547722558,0.48009999,5
30214162_MinPolqaSfbRecording_cut.wav,3.2,0.447213595,0.392,5
30484761_MinPolqaSfbRecording_cut.wav,2.4,1.140175425,0.999407825,5
30155285_MinPolqaSfbRecording_cut.wav,3.2,0.836660027,0.733364848,5
28869658_MinPolqaSfbRecording_cut.wav,4.2,0.836660027,0.733364848,5
30206653_MinPolqaSfbRecording_cut.wav,3.0,0.707106781,0.619806421,5
30530636_MinPolqaSfbRecording_cut.wav,3.8,0.836660027,0.733364848,5
30065473_MinPolqaSfbRecording_cut.wav,3.4,0.547722558,0.48009999,5
30073027_MinPolqaSfbRecording_cut.wav,2.25,0.5,0.49,4
30436695_MinPolqaSfbRecording_cut.wav,1.75,0.957427108,0.938278566,4
30262334_MinPolqaSfbRecording_cut.wav,4.25,0.5,0.49,4
30189470_MinPolqaSfbRecording_cut.wav,2.75,0.5,0.49,4
30113349_MinPolqaSfbRecording_cut.wav,3.75,0.957427108,0.938278566,4
30261058_MinPolqaSfbRecording_cut.wav,2.25,0.957427108,0.938278566,4
30467365_MinPolqaSfbRecording_cut.wav,2.75,0.5,0.49,4
30148596_MinPolqaSfbRecording_cut.wav,3.0,0.816496581,0.800166649,4
30065256_MinPolqaSfbRecording_cut.wav,2.25,1.258305739,1.233139624,4
30505645_MinPolqaSfbRecording_cut.wav,3.25,1.707825128,1.673668625,4
30080854_MinPolqaSfbRecording_cut.wav,2.25,1.258305739,1.233139624,4
27749733_MinPolqaSfbRecording_cut.wav,4.0,0.816496581,0.800166649,4
30501989_MinPolqaSfbRecording_cut.wav,3.0,0.816496581,0.800166649,4
30470202_MinPolqaSfbRecording_cut.wav,2.0,1.414213562,1.385929291,4
30150268_MinPolqaSfbRecording_cut.wav,3.25,0.957427108,0.938278566,4
30430612_MinPolqaSfbRecording_cut.wav,1.75,0.957427108,0.938278566,4
29533400_MinPolqaSfbRecording_cut.wav,3.0,1.224744871,1.073536213,5
30489249_MinPolqaSfbRecording_cut.wav,2.6,1.516575089,1.329336677,5
28419580_MinPolqaSfbRecording_cut.wav,4.6,0.547722558,0.48009999,5
30258047_MinPolqaSfbRecording_cut.wav,3.2,1.303840481,1.142866571,5
30427570_MinPolqaSfbRecording_cut.wav,3.8,1.303840481,1.142866571,5
30505516_MinPolqaSfbRecording_cut.wav,2.8,2.049390153,1.796369672,5
28831414_MinPolqaSfbRecording_cut.wav,3.0,0.707106781,0.619806421,5
30185529_MinPolqaSfbRecording_cut.wav,2.8,0.447213595,0.392,5
30205742_MinPolqaSfbRecording_cut.wav,2.4,1.140175425,0.999407825,5
30181557_MinPolqaSfbRecording_cut.wav,2.2,1.303840481,1.142866571,5
30497728_MinPolqaSfbRecording_cut.wav,2.4,0.894427191,0.784,5
30177831_MinPolqaSfbRecording_cut.wav,1.2,0.447213595,0.392,5
30146144_MinPolqaSfbRecording_cut.wav,3.2,1.095445115,0.960199979,5
30199464_MinPolqaSfbRecording_cut.wav,2.4,1.140175425,0.999407825,5
27959773_MinPolqaSfbRecording_cut.wav,4.0,1.414213562,1.239612843,5
28181668_MinPolqaSfbRecording_cut.wav,4.0,0.707106781,0.619806421,5
30208175_MinPolqaSfbRecording_cut.wav,1.8,0.447213595,0.392,5
30151911_MinPolqaSfbRecording_cut.wav,1.8,0.447213595,0.392,5
30412458_MinPolqaSfbRecording_cut.wav,2.8,0.836660027,0.733364848,5
30189436_MinPolqaSfbRecording_cut.wav,3.8,0.447213595,0.392,5
30444587_MinPolqaSfbRecording_cut.wav,1.4,0.547722558,0.48009999,5
30062496_MinPolqaSfbRecording_cut.wav,2.4,0.894427191,0.784,5
30117888_MinPolqaSfbRecording_cut.wav,2.2,0.836660027,0.733364848,5
30105856_MinPolqaSfbRecording_cut.wav,2.6,0.547722558,0.48009999,5
29543150_MinPolqaSfbRecording_cut.wav,3.8,0.447213595,0.392,5
30080687_MinPolqaSfbRecording_cut.wav,2.0,1.224744871,1.073536213,5
28173027_MinPolqaSfbRecording_cut.wav,4.0,0.707106781,0.619806421,5
28135914_MinPolqaSfbRecording_cut.wav,4.6,0.547722558,0.48009999,5
28226740_MinPolqaSfbRecording_cut.wav,4.2,0.447213595,0.392,5
27850300_MinPolqaSfbRecording_cut.wav,3.8,1.095445115,0.960199979,5
30136182_MinPolqaSfbRecording_cut.wav,4.0,1.0,0.876538647,5
30064422_MinPolqaSfbRecording_cut.wav,3.6,0.547722558,0.48009999,5
29531124_MinPolqaSfbRecording_cut.wav,4.4,0.547722558,0.48009999,5
28726248_MinPolqaSfbRecording_cut.wav,4.6,0.894427191,0.784,5
30200641_MinPolqaSfbRecording_cut.wav,1.4,0.547722558,0.48009999,5
29042022_MinPolqaSfbRecording_cut.wav,5.0,0.0,0.0,5
28526611_MinPolqaSfbRecording_cut.wav,4.2,0.836660027,0.733364848,5
30428695_MinPolqaSfbRecording_cut.wav,4.0,0.707106781,0.619806421,5
28419706_MinPolqaSfbRecording_cut.wav,4.2,0.836660027,0.733364848,5
30152507_MinPolqaSfbRecording_cut.wav,1.8,0.447213595,0.392,5
30405894_MinPolqaSfbRecording_cut.wav,2.2,0.447213595,0.392,5
30161720_MinPolqaSfbRecording_cut.wav,3.2,0.836660027,0.733364848,5
30406644_MinPolqaSfbRecording_cut.wav,1.8,1.303840481,1.142866571,5
30160692_MinPolqaSfbRecording_cut.wav,2.6,0.547722558,0.48009999,5
28972341_MinPolqaSfbRecording_cut.wav,4.0,1.224744871,1.073536213,5
30475563_MinPolqaSfbRecording_cut.wav,3.0,0.707106781,0.619806421,5
30107930_MinPolqaSfbRecording_cut.wav,3.0,0.707106781,0.619806421,5
27757754_MinPolqaSfbRecording_cut.wav,3.8,1.095445115,0.960199979,5
30412738_MinPolqaSfbRecording_cut.wav,1.6,0.547722558,0.48009999,5
29015344_MinPolqaSfbRecording_cut.wav,3.2,0.836660027,0.733364848,5
30189473_MinPolqaSfbRecording_cut.wav,3.2,0.836660027,0.733364848,5
30255776_MinPolqaSfbRecording_cut.wav,3.0,0.816496581,0.800166649,4
28300421_MinPolqaSfbRecording_cut.wav,3.75,0.957427108,0.938278566,4
30257072_MinPolqaSfbRecording_cut.wav,2.75,0.5,0.49,4
30503539_MinPolqaSfbRecording_cut.wav,3.5,0.577350269,0.565803264,4
30186560_MinPolqaSfbRecording_cut.wav,2.5,0.577350269,0.565803264,4
30123152_MinPolqaSfbRecording_cut.wav,3.0,0.0,0.0,4
30527158_MinPolqaSfbRecording_cut.wav,3.5,1.290994449,1.26517456,4
30147170_MinPolqaSfbRecording_cut.wav,2.5,0.577350269,0.565803264,4
30431303_MinPolqaSfbRecording_cut.wav,1.5,0.577350269,0.565803264,4
30102805_MinPolqaSfbRecording_cut.wav,3.25,0.5,0.49,4
30174216_MinPolqaSfbRecording_cut.wav,2.5,1.0,0.98,4
30161596_MinPolqaSfbRecording_cut.wav,1.5,0.577350269,0.565803264,4
30264246_MinPolqaSfbRecording_cut.wav,2.75,0.957427108,0.938278566,4
30514507_MinPolqaSfbRecording_cut.wav,2.5,0.577350269,0.565803264,4
30098404_MinPolqaSfbRecording_cut.wav,2.75,0.5,0.49,4
28331764_MinPolqaSfbRecording_cut.wav,4.5,0.707106781,0.98,2
28294533_MinPolqaSfbRecording_cut.wav,4.0,0.0,0.0,2
28817293_MinPolqaSfbRecording_cut.wav,4.0,0.0,0.0,2
30120276_MinPolqaSfbRecording_cut.wav,4.0,0.0,0.0,2
30107946_MinPolqaSfbRecording_cut.wav,3.0,1.414213562,1.96,2
30213542_MinPolqaSfbRecording_cut.wav,3.5,0.707106781,0.98,2
30504136_MinPolqaSfbRecording_cut.wav,3.5,0.707106781,0.98,2
30097846_MinPolqaSfbRecording_cut.wav,2.5,0.707106781,0.98,2
28160909_MinPolqaSfbRecording_cut.wav,4.0,0.0,0.0,2
27710511_MinPolqaSfbRecording_cut.wav,4.0,0.0,0.0,2
30108503_MinPolqaSfbRecording_cut.wav,3.6,1.140175425,0.999407825,5
30151427_MinPolqaSfbRecording_cut.wav,1.2,0.447213595,0.392,5
28481622_MinPolqaSfbRecording_cut.wav,3.8,0.836660027,0.733364848,5
30509067_MinPolqaSfbRecording_cut.wav,1.2,0.447213595,0.392,5
30182981_MinPolqaSfbRecording_cut.wav,1.8,0.836660027,0.733364848,5
30128697_MinPolqaSfbRecording_cut.wav,2.2,0.447213595,0.392,5
30514971_MinPolqaSfbRecording_cut.wav,2.0,1.0,0.876538647,5
30141804_MinPolqaSfbRecording_cut.wav,2.8,0.836660027,0.733364848,5
30252798_MinPolqaSfbRecording_cut.wav,3.0,1.0,0.876538647,5
27843106_MinPolqaSfbRecording_cut.wav,3.8,0.836660027,0.733364848,5
30483202_MinPolqaSfbRecording_cut.wav,2.5,0.577350269,0.565803264,4
30473490_MinPolqaSfbRecording_cut.wav,2.25,0.5,0.49,4
30523070_MinPolqaSfbRecording_cut.wav,1.5,0.577350269,0.565803264,4
30189432_MinPolqaSfbRecording_cut.wav,3.25,0.5,0.49,4
30249478_MinPolqaSfbRecording_cut.wav,3.0,0.816496581,0.800166649,4
30132189_MinPolqaSfbRecording_cut.wav,3.75,0.5,0.49,4
28767607_MinPolqaSfbRecording_cut.wav,3.75,0.957427108,0.938278566,4
30463837_MinPolqaSfbRecording_cut.wav,3.25,0.5,0.49,4
27968637_MinPolqaSfbRecording_cut.wav,3.5,0.577350269,0.565803264,4
30133344_MinPolqaSfbRecording_cut.wav,3.5,0.577350269,0.565803264,4
30061834_MinPolqaSfbRecording_cut.wav,2.666666667,2.081665999,2.355626833,3
30168811_MinPolqaSfbRecording_cut.wav,3.333333333,1.527525232,1.728557523,3
28269773_MinPolqaSfbRecording_cut.wav,4.0,0.0,0.0,3
30445729_MinPolqaSfbRecording_cut.wav,1.666666667,0.577350269,0.653333333,3
30261551_MinPolqaSfbRecording_cut.wav,1.666666667,1.154700538,1.306666667,3
29543631_MinPolqaSfbRecording_cut.wav,1.666666667,1.154700538,1.306666667,3
30437300_MinPolqaSfbRecording_cut.wav,1.333333333,0.577350269,0.653333333,3
30185383_MinPolqaSfbRecording_cut.wav,2.666666667,1.527525232,1.728557523,3
30174060_MinPolqaSfbRecording_cut.wav,2.0,1.0,1.131606528,3
30511176_MinPolqaSfbRecording_cut.wav,4.333333333,1.154700538,1.306666667,3
30061649_MinPolqaSfbRecording_cut.wav,3.666666667,0.577350269,0.653333333,3
30255772_MinPolqaSfbRecording_cut.wav,4.0,1.0,1.131606528,3
30441879_MinPolqaSfbRecording_cut.wav,3.333333333,0.577350269,0.653333333,3
27770664_MinPolqaSfbRecording_cut.wav,4.333333333,0.577350269,0.653333333,3
30504094_MinPolqaSfbRecording_cut.wav,4.0,0.0,0.0,3
28742575_MinPolqaSfbRecording_cut.wav,4.333333333,1.154700538,1.306666667,3
30070314_MinPolqaSfbRecording_cut.wav,3.0,1.0,1.131606528,3
30137449_MinPolqaSfbRecording_cut.wav,4.333333333,0.577350269,0.653333333,3
30415143_MinPolqaSfbRecording_cut.wav,3.8,0.836660027,0.733364848,5
27862213_MinPolqaSfbRecording_cut.wav,2.8,0.836660027,0.733364848,5
30080709_MinPolqaSfbRecording_cut.wav,3.4,0.547722558,0.48009999,5
27727115_MinPolqaSfbRecording_cut.wav,3.8,0.836660027,0.733364848,5
30136075_MinPolqaSfbRecording_cut.wav,3.2,0.836660027,0.733364848,5
28265937_MinPolqaSfbRecording_cut.wav,2.8,0.447213595,0.392,5
28923637_MinPolqaSfbRecording_cut.wav,3.8,0.447213595,0.392,5
30208892_MinPolqaSfbRecording_cut.wav,2.4,0.894427191,0.784,5
27675897_MinPolqaSfbRecording_cut.wav,3.8,0.836660027,0.733364848,5
30465231_MinPolqaSfbRecording_cut.wav,2.6,0.547722558,0.48009999,5
28170192_MinPolqaSfbRecording_cut.wav,4.0,1.0,0.876538647,5
29530632_MinPolqaSfbRecording_cut.wav,3.4,0.894427191,0.784,5
30120375_MinPolqaSfbRecording_cut.wav,2.6,0.547722558,0.48009999,5
30096378_MinPolqaSfbRecording_cut.wav,3.8,0.836660027,0.733364848,5
28066020_MinPolqaSfbRecording_cut.wav,4.2,0.836660027,0.733364848,5
30484531_MinPolqaSfbRecording_cut.wav,1.8,0.836660027,0.733364848,5
28909294_MinPolqaSfbRecording_cut.wav,4.2,0.447213595,0.392,5
30137507_MinPolqaSfbRecording_cut.wav,2.75,1.258305739,1.233139624,4
30088583_MinPolqaSfbRecording_cut.wav,4.0,0.816496581,0.800166649,4
30202467_MinPolqaSfbRecording_cut.wav,4.25,0.957427108,0.938278566,4
30106639_MinPolqaSfbRecording_cut.wav,3.0,1.825741858,1.789227021,4
30149075_MinPolqaSfbRecording_cut.wav,4.0,0.816496581,0.800166649,4
30159517_MinPolqaSfbRecording_cut.wav,4.25,0.5,0.49,4
30065362_MinPolqaSfbRecording_cut.wav,4.25,0.957427108,0.938278566,4
30070811_MinPolqaSfbRecording_cut.wav,3.25,0.957427108,0.938278566,4
30181315_MinPolqaSfbRecording_cut.wav,3.75,0.5,0.49,4
28715444_MinPolqaSfbRecording_cut.wav,3.0,0.707106781,0.619806421,5
30515135_MinPolqaSfbRecording_cut.wav,3.2,0.447213595,0.392,5
30063534_MinPolqaSfbRecording_cut.wav,3.4,0.547722558,0.48009999,5
30086740_MinPolqaSfbRecording_cut.wav,2.0,1.0,0.876538647,5
30177943_MinPolqaSfbRecording_cut.wav,1.8,1.303840481,1.142866571,5
30062731_MinPolqaSfbRecording_cut.wav,2.4,0.894427191,0.784,5
30206406_MinPolqaSfbRecording_cut.wav,1.8,1.303840481,1.142866571,5
30083065_MinPolqaSfbRecording_cut.wav,3.0,0.707106781,0.619806421,5
30253963_MinPolqaSfbRecording_cut.wav,2.8,0.836660027,0.733364848,5
27954219_MinPolqaSfbRecording_cut.wav,4.0,0.0,0.0,5
27550454_MinPolqaSfbRecording_cut.wav,4.25,0.5,0.49,4
29055810_MinPolqaSfbRecording_cut.wav,4.0,0.816496581,0.800166649,4
30113119_MinPolqaSfbRecording_cut.wav,2.75,0.957427108,0.938278566,4
28321640_MinPolqaSfbRecording_cut.wav,4.5,0.577350269,0.565803264,4
29531578_MinPolqaSfbRecording_cut.wav,3.5,0.577350269,0.565803264,4
30076476_MinPolqaSfbRecording_cut.wav,2.25,1.258305739,1.233139624,4
28646059_MinPolqaSfbRecording_cut.wav,4.0,0.816496581,0.800166649,4
27856808_MinPolqaSfbRecording_cut.wav,4.0,0.0,0.0,4
30472056_MinPolqaSfbRecording_cut.wav,2.4,0.894427191,0.784,5
30516509_MinPolqaSfbRecording_cut.wav,3.4,1.140175425,0.999407825,5
30058768_MinPolqaSfbRecording_cut.wav,2.6,0.547722558,0.48009999,5
30429058_MinPolqaSfbRecording_cut.wav,3.2,0.447213595,0.392,5
30100716_MinPolqaSfbRecording_cut.wav,3.0,0.0,0.0,5
27869356_MinPolqaSfbRecording_cut.wav,3.4,0.547722558,0.48009999,5
28016806_MinPolqaSfbRecording_cut.wav,4.0,0.707106781,0.619806421,5
27869816_MinPolqaSfbRecording_cut.wav,3.6,0.547722558,0.48009999,5
30184401_MinPolqaSfbRecording_cut.wav,3.25,0.957427108,0.938278566,4
30492129_MinPolqaSfbRecording_cut.wav,2.0,0.816496581,0.800166649,4
28056285_MinPolqaSfbRecording_cut.wav,3.75,0.5,0.49,4
28428752_MinPolqaSfbRecording_cut.wav,4.25,0.957427108,0.938278566,4
28298512_MinPolqaSfbRecording_cut.wav,3.25,0.957427108,0.938278566,4
30151432_MinPolqaSfbRecording_cut.wav,1.25,0.5,0.49,4
30096208_MinPolqaSfbRecording_cut.wav,2.0,0.816496581,0.800166649,4
30157090_MinPolqaSfbRecording_cut.wav,3.0,0.816496581,0.800166649,4
30429704_MinPolqaSfbRecording_cut.wav,3.25,0.5,0.49,4
30061332_MinPolqaSfbRecording_cut.wav,3.0,1.0,1.131606528,3
28834482_MinPolqaSfbRecording_cut.wav,4.333333333,0.577350269,0.653333333,3
30064418_MinPolqaSfbRecording_cut.wav,4.333333333,0.577350269,0.653333333,3
27687048_MinPolqaSfbRecording_cut.wav,4.333333333,0.577350269,0.653333333,3
30132615_MinPolqaSfbRecording_cut.wav,3.333333333,1.527525232,1.728557523,3
30087193_MinPolqaSfbRecording_cut.wav,4.666666667,0.577350269,0.653333333,3
30401998_MinPolqaSfbRecording_cut.wav,4.666666667,0.577350269,0.653333333,3
30513246_MinPolqaSfbRecording_cut.wav,3.666666667,0.577350269,0.653333333,3
30462489_MinPolqaSfbRecording_cut.wav,3.0,1.0,1.131606528,3
27647605_MinPolqaSfbRecording_cut.wav,5.0,0.0,0.0,3
30129067_MinPolqaSfbRecording_cut.wav,3.0,1.0,0.876538647,5
30492945_MinPolqaSfbRecording_cut.wav,2.2,0.447213595,0.392,5
30156914_MinPolqaSfbRecording_cut.wav,2.6,0.547722558,0.48009999,5
30084589_MinPolqaSfbRecording_cut.wav,2.4,0.547722558,0.48009999,5
30152526_MinPolqaSfbRecording_cut.wav,2.6,0.547722558,0.48009999,5
28214718_MinPolqaSfbRecording_cut.wav,3.6,0.894427191,0.784,5
28989700_MinPolqaSfbRecording_cut.wav,3.4,0.547722558,0.48009999,5
30097092_MinPolqaSfbRecording_cut.wav,3.8,0.447213595,0.392,5
30255595_MinPolqaSfbRecording_cut.wav,3.6,0.894427191,0.784,5
30428389_MinPolqaSfbRecording_cut.wav,2.0,1.224744871,1.073536213,5
25626967_MinPolqaSfbRecording_cut.wav,4.0,1.224744871,1.073536213,5
30081704_MinPolqaSfbRecording_cut.wav,3.4,0.547722558,0.48009999,5
30121190_MinPolqaSfbRecording_cut.wav,2.2,1.095445115,0.960199979,5
30127870_MinPolqaSfbRecording_cut.wav,2.6,1.516575089,1.329336677,5
30195679_MinPolqaSfbRecording_cut.wav,2.8,0.836660027,0.733364848,5
27783301_MinPolqaSfbRecording_cut.wav,3.8,0.836660027,0.733364848,5
30462549_MinPolqaSfbRecording_cut.wav,2.5,1.732050808,1.697409791,4
30063515_MinPolqaSfbRecording_cut.wav,3.5,1.290994449,1.26517456,4
30080791_MinPolqaSfbRecording_cut.wav,2.75,1.258305739,1.233139624,4
30503067_MinPolqaSfbRecording_cut.wav,1.5,0.577350269,0.565803264,4
30100838_MinPolqaSfbRecording_cut.wav,3.25,0.5,0.49,4
30143141_MinPolqaSfbRecording_cut.wav,2.5,1.290994449,1.26517456,4
29539751_MinPolqaSfbRecording_cut.wav,1.75,0.957427108,0.938278566,4
28419600_MinPolqaSfbRecording_cut.wav,3.5,0.577350269,0.565803264,4
30185718_MinPolqaSfbRecording_cut.wav,2.25,1.5,1.47,4
30121288_MinPolqaSfbRecording_cut.wav,3.25,1.5,1.47,4
30109840_MinPolqaSfbRecording_cut.wav,4.25,0.957427108,0.938278566,4
30136541_MinPolqaSfbRecording_cut.wav,3.25,1.5,1.47,4
30256234_MinPolqaSfbRecording_cut.wav,3.5,1.290994449,1.26517456,4
30423644_MinPolqaSfbRecording_cut.wav,1.5,1.0,0.98,4
30502626_MinPolqaSfbRecording_cut.wav,2.75,0.5,0.49,4
30181936_MinPolqaSfbRecording_cut.wav,3.0,0.0,0.0,4
30062666_MinPolqaSfbRecording_cut.wav,2.0,0.0,0.0,4
30430556_MinPolqaSfbRecording_cut.wav,1.75,1.5,1.47,4
30089276_MinPolqaSfbRecording_cut.wav,2.75,0.957427108,0.938278566,4
30161076_MinPolqaSfbRecording_cut.wav,3.75,0.5,0.49,4
27755157_MinPolqaSfbRecording_cut.wav,4.5,0.577350269,0.565803264,4
30519900_MinPolqaSfbRecording_cut.wav,3.75,0.5,0.49,4
30481637_MinPolqaSfbRecording_cut.wav,3.5,0.577350269,0.565803264,4
27982085_MinPolqaSfbRecording_cut.wav,4.5,1.0,0.98,4
30136447_MinPolqaSfbRecording_cut.wav,2.75,0.5,0.49,4
30158168_MinPolqaSfbRecording_cut.wav,2.75,0.5,0.49,4
30107641_MinPolqaSfbRecording_cut.wav,2.5,1.0,0.98,4
30527570_MinPolqaSfbRecording_cut.wav,2.75,0.5,0.49,4
30142425_MinPolqaSfbRecording_cut.wav,1.25,0.5,0.49,4
30496480_MinPolqaSfbRecording_cut.wav,1.25,0.5,0.49,4
30155293_MinPolqaSfbRecording_cut.wav,2.5,0.577350269,0.565803264,4
30455745_MinPolqaSfbRecording_cut.wav,4.0,0.816496581,0.800166649,4
30523225_MinPolqaSfbRecording_cut.wav,2.25,0.957427108,0.938278566,4
28646120_MinPolqaSfbRecording_cut.wav,3.8,0.447213595,0.392,5
27574023_MinPolqaSfbRecording_cut.wav,4.2,0.836660027,0.733364848,5
30202508_MinPolqaSfbRecording_cut.wav,4.2,0.836660027,0.733364848,5
30403870_MinPolqaSfbRecording_cut.wav,2.4,1.140175425,0.999407825,5
30492127_MinPolqaSfbRecording_cut.wav,2.8,0.836660027,0.733364848,5
29050728_MinPolqaSfbRecording_cut.wav,3.6,0.894427191,0.784,5
27815310_MinPolqaSfbRecording_cut.wav,4.2,0.836660027,0.733364848,5
28544639_MinPolqaSfbRecording_cut.wav,4.4,0.547722558,0.48009999,5
30405379_MinPolqaSfbRecording_cut.wav,2.5,0.577350269,0.565803264,4
28355305_MinPolqaSfbRecording_cut.wav,4.0,0.0,0.0,4
27745966_MinPolqaSfbRecording_cut.wav,3.5,0.577350269,0.565803264,4
28105902_MinPolqaSfbRecording_cut.wav,4.0,0.0,0.0,4
30097210_MinPolqaSfbRecording_cut.wav,2.75,0.5,0.49,4
30257192_MinPolqaSfbRecording_cut.wav,2.25,0.5,0.49,4
30143876_MinPolqaSfbRecording_cut.wav,1.0,0.0,0.0,4
30496424_MinPolqaSfbRecording_cut.wav,2.75,1.258305739,1.233139624,4
30155886_MinPolqaSfbRecording_cut.wav,2.0,0.816496581,0.800166649,4
30505504_MinPolqaSfbRecording_cut.wav,2.0,0.0,0.0,4
29536397_MinPolqaSfbRecording_cut.wav,3.0,0.0,0.0,3
28895608_MinPolqaSfbRecording_cut.wav,3.666666667,0.577350269,0.653333333,3
28317081_MinPolqaSfbRecording_cut.wav,3.666666667,0.577350269,0.653333333,3
30204833_MinPolqaSfbRecording_cut.wav,2.666666667,0.577350269,0.653333333,3
30096495_MinPolqaSfbRecording_cut.wav,1.333333333,0.577350269,0.653333333,3
28874409_MinPolqaSfbRecording_cut.wav,3.333333333,1.154700538,1.306666667,3
30440905_MinPolqaSfbRecording_cut.wav,1.333333333,0.577350269,0.653333333,3
30193512_MinPolqaSfbRecording_cut.wav,1.666666667,0.577350269,0.653333333,3
30104552_MinPolqaSfbRecording_cut.wav,2.333333333,1.527525232,1.728557523,3
30207021_MinPolqaSfbRecording_cut.wav,2.333333333,0.577350269,0.653333333,3
29064594_MinPolqaSfbRecording_cut.wav,3.0,1.0,1.131606528,3
30081866_MinPolqaSfbRecording_cut.wav,3.6,0.547722558,0.48009999,5
30143971_MinPolqaSfbRecording_cut.wav,3.2,1.303840481,1.142866571,5
27939287_MinPolqaSfbRecording_cut.wav,3.8,0.836660027,0.733364848,5
29533747_MinPolqaSfbRecording_cut.wav,4.2,0.836660027,0.733364848,5
28706171_MinPolqaSfbRecording_cut.wav,3.8,1.095445115,0.960199979,5
30523184_MinPolqaSfbRecording_cut.wav,3.6,1.140175425,0.999407825,5
30138366_MinPolqaSfbRecording_cut.wav,3.4,0.894427191,0.784,5
27933704_MinPolqaSfbRecording_cut.wav,3.2,1.303840481,1.142866571,5
28484929_MinPolqaSfbRecording_cut.wav,4.0,1.0,0.876538647,5
30129145_MinPolqaSfbRecording_cut.wav,3.25,0.957427108,0.938278566,4
30107304_MinPolqaSfbRecording_cut.wav,2.25,0.5,0.49,4
30425343_MinPolqaSfbRecording_cut.wav,3.75,0.5,0.49,4
28975741_MinPolqaSfbRecording_cut.wav,3.75,0.5,0.49,4
30127707_MinPolqaSfbRecording_cut.wav,2.0,0.816496581,0.800166649,4
30428399_MinPolqaSfbRecording_cut.wav,1.5,0.577350269,0.565803264,4
27694757_MinPolqaSfbRecording_cut.wav,3.5,0.577350269,0.565803264,4
30202122_MinPolqaSfbRecording_cut.wav,1.25,0.5,0.49,4
30472512_MinPolqaSfbRecording_cut.wav,1.5,0.577350269,0.565803264,4
27655850_MinPolqaSfbRecording_cut.wav,4.0,0.816496581,0.800166649,4
28202218_MinPolqaSfbRecording_cut.wav,3.75,0.957427108,0.938278566,4
30461373_MinPolqaSfbRecording_cut.wav,2.0,0.816496581,0.800166649,4
28637378_MinPolqaSfbRecording_cut.wav,3.25,1.258305739,1.233139624,4
30503137_MinPolqaSfbRecording_cut.wav,2.5,0.577350269,0.565803264,4
30171863_MinPolqaSfbRecording_cut.wav,2.75,0.5,0.49,4
29536579_MinPolqaSfbRecording_cut.wav,2.5,0.577350269,0.565803264,4
30511069_MinPolqaSfbRecording_cut.wav,2.5,1.290994449,1.26517456,4
30110636_MinPolqaSfbRecording_cut.wav,2.75,0.5,0.49,4
27802963_MinPolqaSfbRecording_cut.wav,4.5,0.577350269,0.565803264,4
30083668_MinPolqaSfbRecording_cut.wav,2.75,0.957427108,0.938278566,4
27859759_MinPolqaSfbRecording_cut.wav,3.25,0.957427108,0.938278566,4
28840735_MinPolqaSfbRecording_cut.wav,4.0,0.816496581,0.800166649,4
28235799_MinPolqaSfbRecording_cut.wav,4.0,1.414213562,1.385929291,4
30432226_MinPolqaSfbRecording_cut.wav,2.75,0.957427108,0.938278566,4
30479642_MinPolqaSfbRecording_cut.wav,2.0,0.816496581,0.800166649,4
30132248_MinPolqaSfbRecording_cut.wav,2.75,1.258305739,1.233139624,4
28617161_MinPolqaSfbRecording_cut.wav,3.0,0.0,0.0,3
27894138_MinPolqaSfbRecording_cut.wav,2.666666667,0.577350269,0.653333333,3
30195428_MinPolqaSfbRecording_cut.wav,3.666666667,0.577350269,0.653333333,3
29538213_MinPolqaSfbRecording_cut.wav,3.0,0.0,0.0,3
30479034_MinPolqaSfbRecording_cut.wav,3.333333333,0.577350269,0.653333333,3
30488223_MinPolqaSfbRecording_cut.wav,2.666666667,0.577350269,0.653333333,3
30259141_MinPolqaSfbRecording_cut.wav,3.333333333,0.577350269,0.653333333,3
30211642_MinPolqaSfbRecording_cut.wav,1.333333333,0.577350269,0.653333333,3
30255590_MinPolqaSfbRecording_cut.wav,3.333333333,0.577350269,0.653333333,3
30502515_MinPolqaSfbRecording_cut.wav,3.666666667,0.577350269,0.653333333,3
28552321_MinPolqaSfbRecording_cut.wav,4.0,0.0,0.0,3
30175280_MinPolqaSfbRecording_cut.wav,2.666666667,0.577350269,0.653333333,3
30424555_MinPolqaSfbRecording_cut.wav,3.333333333,0.577350269,0.653333333,3
27970976_MinPolqaSfbRecording_cut.wav,3.666666667,0.577350269,0.653333333,3
30479889_MinPolqaSfbRecording_cut.wav,3.666666667,0.577350269,0.653333333,3
30513438_MinPolqaSfbRecording_cut.wav,3.666666667,0.577350269,0.653333333,3
30521140_MinPolqaSfbRecording_cut.wav,2.75,0.957427108,0.938278566,4
30089282_MinPolqaSfbRecording_cut.wav,2.5,1.290994449,1.26517456,4
30108343_MinPolqaSfbRecording_cut.wav,3.0,1.414213562,1.385929291,4
30411556_MinPolqaSfbRecording_cut.wav,3.0,0.816496581,0.800166649,4
30253530_MinPolqaSfbRecording_cut.wav,2.75,0.957427108,0.938278566,4
30469520_MinPolqaSfbRecording_cut.wav,3.25,0.5,0.49,4
30260574_MinPolqaSfbRecording_cut.wav,2.5,0.577350269,0.565803264,4
30177806_MinPolqaSfbRecording_cut.wav,2.75,0.957427108,0.938278566,4
30457991_MinPolqaSfbRecording_cut.wav,3.4,0.547722558,0.48009999,5
30169774_MinPolqaSfbRecording_cut.wav,3.8,0.836660027,0.733364848,5
30427936_MinPolqaSfbRecording_cut.wav,2.2,1.303840481,1.142866571,5
28248453_MinPolqaSfbRecording_cut.wav,4.0,0.707106781,0.619806421,5
28221772_MinPolqaSfbRecording_cut.wav,4.0,0.707106781,0.619806421,5
30163221_MinPolqaSfbRecording_cut.wav,3.0,0.0,0.0,5
27790825_MinPolqaSfbRecording_cut.wav,3.8,0.447213595,0.392,5
29540107_MinPolqaSfbRecording_cut.wav,2.6,0.894427191,0.784,5
30118338_MinPolqaSfbRecording_cut.wav,3.4,0.547722558,0.48009999,5
30415882_MinPolqaSfbRecording_cut.wav,4.5,0.577350269,0.565803264,4
30122561_MinPolqaSfbRecording_cut.wav,3.5,0.577350269,0.565803264,4
27813546_MinPolqaSfbRecording_cut.wav,4.25,0.957427108,0.938278566,4
30092696_MinPolqaSfbRecording_cut.wav,2.75,1.5,1.47,4
30154857_MinPolqaSfbRecording_cut.wav,3.5,0.577350269,0.565803264,4
30466874_MinPolqaSfbRecording_cut.wav,3.5,1.290994449,1.26517456,4
30150592_MinPolqaSfbRecording_cut.wav,3.25,0.5,0.49,4
30098399_MinPolqaSfbRecording_cut.wav,3.5,0.577350269,0.565803264,4
30076595_MinPolqaSfbRecording_cut.wav,3.75,0.957427108,0.938278566,4
30158130_MinPolqaSfbRecording_cut.wav,2.8,0.836660027,0.733364848,5
30424663_MinPolqaSfbRecording_cut.wav,3.8,0.836660027,0.733364848,5
30091037_MinPolqaSfbRecording_cut.wav,3.8,0.836660027,0.733364848,5
29531206_MinPolqaSfbRecording_cut.wav,3.4,0.547722558,0.48009999,5
28466281_MinPolqaSfbRecording_cut.wav,3.8,0.836660027,0.733364848,5
28470737_MinPolqaSfbRecording_cut.wav,3.4,0.894427191,0.784,5
30465978_MinPolqaSfbRecording_cut.wav,3.0,1.0,0.876538647,5
28326320_MinPolqaSfbRecording_cut.wav,4.0,1.0,1.131606528,3
30161595_MinPolqaSfbRecording_cut.wav,2.0,0.0,0.0,3
30068824_MinPolqaSfbRecording_cut.wav,3.333333333,1.527525232,1.728557523,3
30155633_MinPolqaSfbRecording_cut.wav,2.333333333,1.527525232,1.728557523,3
30061911_MinPolqaSfbRecording_cut.wav,2.666666667,1.154700538,1.306666667,3
30137077_MinPolqaSfbRecording_cut.wav,1.666666667,0.577350269,0.653333333,3
30210867_MinPolqaSfbRecording_cut.wav,3.666666667,0.577350269,0.653333333,3
28640551_MinPolqaSfbRecording_cut.wav,4.0,1.0,1.131606528,3
28778065_MinPolqaSfbRecording_cut.wav,4.0,1.0,1.131606528,3
30103200_MinPolqaSfbRecording_cut.wav,4.5,1.0,0.98,4
28947372_MinPolqaSfbRecording_cut.wav,4.5,1.0,0.98,4
30424744_MinPolqaSfbRecording_cut.wav,3.75,1.258305739,1.233139624,4
30110375_MinPolqaSfbRecording_cut.wav,3.25,0.957427108,0.938278566,4
30067867_MinPolqaSfbRecording_cut.wav,3.25,0.957427108,0.938278566,4
30124441_MinPolqaSfbRecording_cut.wav,4.5,0.577350269,0.565803264,4
30117329_MinPolqaSfbRecording_cut.wav,2.75,0.957427108,0.938278566,4
30163491_MinPolqaSfbRecording_cut.wav,3.0,1.632993162,1.600333299,4
30212267_MinPolqaSfbRecording_cut.wav,4.0,1.414213562,1.385929291,4
29037978_MinPolqaSfbRecording_cut.wav,3.75,0.5,0.49,4
30421646_MinPolqaSfbRecording_cut.wav,3.25,0.5,0.49,4
27747367_MinPolqaSfbRecording_cut.wav,4.0,0.816496581,0.800166649,4
30125781_MinPolqaSfbRecording_cut.wav,3.0,0.816496581,0.800166649,4
28636319_MinPolqaSfbRecording_cut.wav,3.5,0.577350269,0.565803264,4
29541563_MinPolqaSfbRecording_cut.wav,2.75,0.5,0.49,4
30118794_MinPolqaSfbRecording_cut.wav,3.25,0.5,0.49,4
30471323_MinPolqaSfbRecording_cut.wav,3.25,1.258305739,1.233139624,4
30469570_MinPolqaSfbRecording_cut.wav,2.75,0.5,0.49,4
30091361_MinPolqaSfbRecording_cut.wav,2.6,0.894427191,0.784,5
27933222_MinPolqaSfbRecording_cut.wav,3.4,0.894427191,0.784,5
30124889_MinPolqaSfbRecording_cut.wav,3.0,0.707106781,0.619806421,5
30472524_MinPolqaSfbRecording_cut.wav,3.0,0.707106781,0.619806421,5
30075996_MinPolqaSfbRecording_cut.wav,3.2,0.836660027,0.733364848,5
30207146_MinPolqaSfbRecording_cut.wav,2.4,0.547722558,0.48009999,5
28790591_MinPolqaSfbRecording_cut.wav,3.4,0.547722558,0.48009999,5
30085263_MinPolqaSfbRecording_cut.wav,3.4,0.894427191,0.784,5
25759136_MinPolqaSfbRecording_cut.wav,4.0,0.707106781,0.619806421,5
30091763_MinPolqaSfbRecording_cut.wav,1.8,0.836660027,0.733364848,5
27614751_MinPolqaSfbRecording_cut.wav,3.5,1.290994449,1.26517456,4
28817134_MinPolqaSfbRecording_cut.wav,2.5,0.577350269,0.565803264,4
30081308_MinPolqaSfbRecording_cut.wav,2.0,0.816496581,0.800166649,4
30156668_MinPolqaSfbRecording_cut.wav,3.5,1.290994449,1.26517456,4
30522143_MinPolqaSfbRecording_cut.wav,4.0,0.816496581,0.800166649,4
30258484_MinPolqaSfbRecording_cut.wav,3.75,0.957427108,0.938278566,4
28259515_MinPolqaSfbRecording_cut.wav,4.25,0.957427108,0.938278566,4
30446075_MinPolqaSfbRecording_cut.wav,1.75,0.5,0.49,4
30153797_MinPolqaSfbRecording_cut.wav,3.75,0.5,0.49,4
30431311_MinPolqaSfbRecording_cut.wav,2.25,0.5,0.49,4
30132431_MinPolqaSfbRecording_cut.wav,3.0,0.816496581,0.800166649,4
29064892_MinPolqaSfbRecording_cut.wav,4.5,0.577350269,0.565803264,4
30201355_MinPolqaSfbRecording_cut.wav,2.75,0.5,0.49,4
30249016_MinPolqaSfbRecording_cut.wav,2.25,0.957427108,0.938278566,4
30151936_MinPolqaSfbRecording_cut.wav,4.0,0.0,0.0,4
30180213_MinPolqaSfbRecording_cut.wav,3.5,0.577350269,0.565803264,4
30076365_MinPolqaSfbRecording_cut.wav,2.25,0.957427108,0.938278566,4
30106544_MinPolqaSfbRecording_cut.wav,2.25,0.957427108,0.938278566,4
28260000_MinPolqaSfbRecording_cut.wav,3.5,0.577350269,0.565803264,4
30107449_MinPolqaSfbRecording_cut.wav,2.5,1.290994449,1.26517456,4
27727200_MinPolqaSfbRecording_cut.wav,3.75,0.5,0.49,4
30157778_MinPolqaSfbRecording_cut.wav,2.75,0.5,0.49,4
30469595_MinPolqaSfbRecording_cut.wav,2.5,1.0,0.98,4
30201962_MinPolqaSfbRecording_cut.wav,2.5,0.577350269,0.565803264,4
30100768_MinPolqaSfbRecording_cut.wav,3.4,0.894427191,0.784,5
30178533_MinPolqaSfbRecording_cut.wav,3.2,1.483239697,1.300116918,5
30194300_MinPolqaSfbRecording_cut.wav,3.2,1.303840481,1.142866571,5
30462054_MinPolqaSfbRecording_cut.wav,3.4,0.894427191,0.784,5
30523646_MinPolqaSfbRecording_cut.wav,3.2,0.836660027,0.733364848,5
30157250_MinPolqaSfbRecording_cut.wav,4.6,0.547722558,0.48009999,5
30081744_MinPolqaSfbRecording_cut.wav,3.2,0.836660027,0.733364848,5
30411841_MinPolqaSfbRecording_cut.wav,3.8,0.447213595,0.392,5
30208816_MinPolqaSfbRecording_cut.wav,3.8,0.836660027,0.733364848,5
30444114_MinPolqaSfbRecording_cut.wav,3.6,0.894427191,0.784,5
30520493_MinPolqaSfbRecording_cut.wav,1.8,1.303840481,1.142866571,5
30503029_MinPolqaSfbRecording_cut.wav,2.8,1.643167673,1.440299969,5
30066631_MinPolqaSfbRecording_cut.wav,3.0,0.707106781,0.619806421,5
30428691_MinPolqaSfbRecording_cut.wav,3.2,1.095445115,0.960199979,5
30137998_MinPolqaSfbRecording_cut.wav,3.2,0.836660027,0.733364848,5
28712833_MinPolqaSfbRecording_cut.wav,3.2,0.836660027,0.733364848,5
30142024_MinPolqaSfbRecording_cut.wav,2.6,1.341640786,1.176,5
30076423_MinPolqaSfbRecording_cut.wav,4.2,0.447213595,0.392,5
30458259_MinPolqaSfbRecording_cut.wav,2.0,0.816496581,0.800166649,4
30157449_MinPolqaSfbRecording_cut.wav,3.5,0.577350269,0.565803264,4
30184391_MinPolqaSfbRecording_cut.wav,2.75,0.957427108,0.938278566,4
30471873_MinPolqaSfbRecording_cut.wav,3.75,0.5,0.49,4
30163259_MinPolqaSfbRecording_cut.wav,2.75,0.957427108,0.938278566,4
30082176_MinPolqaSfbRecording_cut.wav,3.5,0.577350269,0.565803264,4
30513123_MinPolqaSfbRecording_cut.wav,3.25,0.957427108,0.938278566,4
30456844_MinPolqaSfbRecording_cut.wav,3.5,1.0,0.98,4
30514127_MinPolqaSfbRecording_cut.wav,3.4,0.547722558,0.48009999,5
30481324_MinPolqaSfbRecording_cut.wav,4.2,0.447213595,0.392,5
30089311_MinPolqaSfbRecording_cut.wav,4.4,0.547722558,0.48009999,5
30460342_MinPolqaSfbRecording_cut.wav,2.8,1.303840481,1.142866571,5
30501918_MinPolqaSfbRecording_cut.wav,4.0,0.707106781,0.619806421,5
30149405_MinPolqaSfbRecording_cut.wav,4.0,0.707106781,0.619806421,5
30144401_MinPolqaSfbRecording_cut.wav,3.6,0.547722558,0.48009999,5
30171411_MinPolqaSfbRecording_cut.wav,4.0,0.707106781,0.619806421,5
30202542_MinPolqaSfbRecording_cut.wav,2.4,1.516575089,1.329336677,5
30069586_MinPolqaSfbRecording_cut.wav,3.333333333,2.081665999,2.355626833,3
30095409_MinPolqaSfbRecording_cut.wav,3.666666667,1.527525232,1.728557523,3
29530625_MinPolqaSfbRecording_cut.wav,2.333333333,1.154700538,1.306666667,3
29537834_MinPolqaSfbRecording_cut.wav,3.0,1.732050808,1.96,3
30527957_MinPolqaSfbRecording_cut.wav,2.666666667,1.527525232,1.728557523,3
30482019_MinPolqaSfbRecording_cut.wav,3.666666667,0.577350269,0.653333333,3
30507053_MinPolqaSfbRecording_cut.wav,4.333333333,0.577350269,0.653333333,3
30501299_MinPolqaSfbRecording_cut.wav,3.5,0.577350269,0.565803264,4
27514052_MinPolqaSfbRecording_cut.wav,4.75,0.5,0.49,4
27925071_MinPolqaSfbRecording_cut.wav,3.5,0.577350269,0.565803264,4
30068623_MinPolqaSfbRecording_cut.wav,4.0,0.816496581,0.800166649,4
30112608_MinPolqaSfbRecording_cut.wav,1.75,0.957427108,0.938278566,4
30073434_MinPolqaSfbRecording_cut.wav,2.0,0.0,0.0,4
30107560_MinPolqaSfbRecording_cut.wav,1.5,0.577350269,0.565803264,4
27850354_MinPolqaSfbRecording_cut.wav,4.25,0.957427108,0.938278566,4
30098565_MinPolqaSfbRecording_cut.wav,2.25,0.957427108,0.938278566,4
30145903_MinPolqaSfbRecording_cut.wav,2.666666667,1.154700538,1.306666667,3
30106839_MinPolqaSfbRecording_cut.wav,3.666666667,1.154700538,1.306666667,3
27932356_MinPolqaSfbRecording_cut.wav,4.0,1.0,1.131606528,3
30521021_MinPolqaSfbRecording_cut.wav,3.333333333,0.577350269,0.653333333,3
28904721_MinPolqaSfbRecording_cut.wav,4.333333333,0.577350269,0.653333333,3
30211926_MinPolqaSfbRecording_cut.wav,3.0,1.0,1.131606528,3
27689397_MinPolqaSfbRecording_cut.wav,4.333333333,0.577350269,0.653333333,3
30164605_MinPolqaSfbRecording_cut.wav,4.0,1.0,1.131606528,3
30469381_MinPolqaSfbRecording_cut.wav,4.0,0.0,0.0,3
30207218_MinPolqaSfbRecording_cut.wav,1.666666667,1.154700538,1.306666667,3
30199794_MinPolqaSfbRecording_cut.wav,2.333333333,1.527525232,1.728557523,3
30464296_MinPolqaSfbRecording_cut.wav,1.333333333,0.577350269,0.653333333,3
30199585_MinPolqaSfbRecording_cut.wav,4.0,0.0,0.0,3
30416005_MinPolqaSfbRecording_cut.wav,1.0,0.0,0.0,3
30095630_MinPolqaSfbRecording_cut.wav,3.333333333,0.577350269,0.653333333,3
29031720_MinPolqaSfbRecording_cut.wav,3.666666667,1.154700538,1.306666667,3
30092888_MinPolqaSfbRecording_cut.wav,1.666666667,0.577350269,0.653333333,3
27761806_MinPolqaSfbRecording_cut.wav,4.0,1.0,1.131606528,3
30466621_MinPolqaSfbRecording_cut.wav,1.666666667,0.577350269,0.653333333,3
30164690_MinPolqaSfbRecording_cut.wav,2.333333333,0.577350269,0.653333333,3
28107393_MinPolqaSfbRecording_cut.wav,4.333333333,1.154700538,1.306666667,3
30522648_MinPolqaSfbRecording_cut.wav,2.4,1.949358869,1.708688386,5
30522583_MinPolqaSfbRecording_cut.wav,2.4,1.516575089,1.329336677,5
28743869_MinPolqaSfbRecording_cut.wav,3.6,0.547722558,0.48009999,5
29539695_MinPolqaSfbRecording_cut.wav,2.4,0.894427191,0.784,5
30109532_MinPolqaSfbRecording_cut.wav,2.8,1.303840481,1.142866571,5
30431228_MinPolqaSfbRecording_cut.wav,2.2,1.303840481,1.142866571,5
30151918_MinPolqaSfbRecording_cut.wav,2.6,1.140175425,0.999407825,5
27886754_MinPolqaSfbRecording_cut.wav,3.0,0.707106781,0.619806421,5
27887146_MinPolqaSfbRecording_cut.wav,4.4,0.547722558,0.48009999,5
30159012_MinPolqaSfbRecording_cut.wav,3.8,0.447213595,0.392,5
30468508_MinPolqaSfbRecording_cut.wav,2.4,0.894427191,0.784,5
30157443_MinPolqaSfbRecording_cut.wav,3.4,0.547722558,0.48009999,5
30118770_MinPolqaSfbRecording_cut.wav,3.8,0.836660027,0.733364848,5
28168602_MinPolqaSfbRecording_cut.wav,3.8,0.447213595,0.392,5
30201735_MinPolqaSfbRecording_cut.wav,3.8,0.836660027,0.733364848,5
30415780_MinPolqaSfbRecording_cut.wav,3.2,0.447213595,0.392,5
30529447_MinPolqaSfbRecording_cut.wav,2.2,0.447213595,0.392,5
27684074_MinPolqaSfbRecording_cut.wav,2.0,0.707106781,0.619806421,5
30156091_MinPolqaSfbRecording_cut.wav,1.8,0.836660027,0.733364848,5
30113085_MinPolqaSfbRecording_cut.wav,1.4,0.547722558,0.48009999,5
28139091_MinPolqaSfbRecording_cut.wav,4.0,1.0,0.876538647,5
29533989_MinPolqaSfbRecording_cut.wav,2.4,0.894427191,0.784,5
30472809_MinPolqaSfbRecording_cut.wav,3.2,0.836660027,0.733364848,5
27744293_MinPolqaSfbRecording_cut.wav,3.0,0.707106781,0.619806421,5
28214470_MinPolqaSfbRecording_cut.wav,4.6,0.894427191,0.784,5
30490604_MinPolqaSfbRecording_cut.wav,3.6,1.140175425,0.999407825,5
30124482_MinPolqaSfbRecording_cut.wav,3.6,1.140175425,0.999407825,5
30254808_MinPolqaSfbRecording_cut.wav,2.8,1.483239697,1.300116918,5
30176478_MinPolqaSfbRecording_cut.wav,1.6,1.341640786,1.176,5
30259181_MinPolqaSfbRecording_cut.wav,4.0,1.0,0.876538647,5
30085783_MinPolqaSfbRecording_cut.wav,3.4,1.341640786,1.176,5
27673830_MinPolqaSfbRecording_cut.wav,4.4,0.547722558,0.48009999,5
30133307_MinPolqaSfbRecording_cut.wav,2.2,1.303840481,1.142866571,5
30514360_MinPolqaSfbRecording_cut.wav,2.6,0.547722558,0.48009999,5
28918515_MinPolqaSfbRecording_cut.wav,3.8,0.447213595,0.392,5
28971048_MinPolqaSfbRecording_cut.wav,3.8,0.836660027,0.733364848,5
28283214_MinPolqaSfbRecording_cut.wav,3.4,0.894427191,0.784,5
30082708_MinPolqaSfbRecording_cut.wav,2.2,1.303840481,1.142866571,5
30436697_MinPolqaSfbRecording_cut.wav,2.2,0.836660027,0.733364848,5
30063183_MinPolqaSfbRecording_cut.wav,2.4,1.140175425,0.999407825,5
30507792_MinPolqaSfbRecording_cut.wav,2.6,0.894427191,0.784,5
30439837_MinPolqaSfbRecording_cut.wav,4.0,1.0,0.876538647,5
30409176_MinPolqaSfbRecording_cut.wav,1.0,0.0,0.0,5
30504132_MinPolqaSfbRecording_cut.wav,3.0,1.0,1.131606528,3
30497471_MinPolqaSfbRecording_cut.wav,2.666666667,0.577350269,0.653333333,3
30081115_MinPolqaSfbRecording_cut.wav,2.666666667,0.577350269,0.653333333,3
30066258_MinPolqaSfbRecording_cut.wav,3.0,1.0,1.131606528,3
30529130_MinPolqaSfbRecording_cut.wav,2.666666667,0.577350269,0.653333333,3
30096062_MinPolqaSfbRecording_cut.wav,2.666666667,0.577350269,0.653333333,3
28457255_MinPolqaSfbRecording_cut.wav,3.333333333,1.154700538,1.306666667,3
30509756_MinPolqaSfbRecording_cut.wav,3.0,0.0,0.0,3
30162706_MinPolqaSfbRecording_cut.wav,3.0,0.816496581,0.800166649,4
27522598_MinPolqaSfbRecording_cut.wav,3.25,0.5,0.49,4
30461444_MinPolqaSfbRecording_cut.wav,4.25,0.5,0.49,4
30164380_MinPolqaSfbRecording_cut.wav,2.0,0.0,0.0,4
30065232_MinPolqaSfbRecording_cut.wav,3.25,0.957427108,0.938278566,4
28754679_MinPolqaSfbRecording_cut.wav,4.0,0.816496581,0.800166649,4
30158197_MinPolqaSfbRecording_cut.wav,3.0,0.0,0.0,4
29027210_MinPolqaSfbRecording_cut.wav,3.25,0.957427108,0.938278566,4
27866733_MinPolqaSfbRecording_cut.wav,3.25,0.5,0.49,4
30475048_MinPolqaSfbRecording_cut.wav,3.0,0.816496581,0.800166649,4
30475424_MinPolqaSfbRecording_cut.wav,2.4,0.547722558,0.48009999,5
30209610_MinPolqaSfbRecording_cut.wav,1.8,0.836660027,0.733364848,5
30201500_MinPolqaSfbRecording_cut.wav,2.4,1.140175425,0.999407825,5
30176479_MinPolqaSfbRecording_cut.wav,2.2,1.643167673,1.440299969,5
30503117_MinPolqaSfbRecording_cut.wav,1.8,1.303840481,1.142866571,5
28758509_MinPolqaSfbRecording_cut.wav,4.0,0.707106781,0.619806421,5
30256510_MinPolqaSfbRecording_cut.wav,1.8,0.447213595,0.392,5
30126842_MinPolqaSfbRecording_cut.wav,2.4,0.547722558,0.48009999,5
30117930_MinPolqaSfbRecording_cut.wav,2.8,0.836660027,0.733364848,5
28026501_MinPolqaSfbRecording_cut.wav,4.333333333,0.577350269,0.653333333,3
30164160_MinPolqaSfbRecording_cut.wav,1.666666667,0.577350269,0.653333333,3
30435014_MinPolqaSfbRecording_cut.wav,3.666666667,0.577350269,0.653333333,3
30070481_MinPolqaSfbRecording_cut.wav,1.333333333,0.577350269,0.653333333,3
28625846_MinPolqaSfbRecording_cut.wav,4.0,0.0,0.0,3
30462112_MinPolqaSfbRecording_cut.wav,3.666666667,0.577350269,0.653333333,3
30448920_MinPolqaSfbRecording_cut.wav,2.666666667,0.577350269,0.653333333,3
30160282_MinPolqaSfbRecording_cut.wav,2.25,1.892969449,1.85511006,4
30512995_MinPolqaSfbRecording_cut.wav,2.75,1.707825128,1.673668625,4
30528307_MinPolqaSfbRecording_cut.wav,3.25,1.707825128,1.673668625,4
30210726_MinPolqaSfbRecording_cut.wav,2.25,1.892969449,1.85511006,4
30485936_MinPolqaSfbRecording_cut.wav,3.0,1.632993162,1.600333299,4
30424001_MinPolqaSfbRecording_cut.wav,3.0,1.414213562,1.385929291,4
30257203_MinPolqaSfbRecording_cut.wav,2.5,1.732050808,1.697409791,4
30503155_MinPolqaSfbRecording_cut.wav,3.0,1.632993162,1.600333299,4
28826282_MinPolqaSfbRecording_cut.wav,3.75,1.258305739,1.233139624,4
28883840_MinPolqaSfbRecording_cut.wav,4.5,0.577350269,0.565803264,4
30103803_MinPolqaSfbRecording_cut.wav,1.5,0.577350269,0.565803264,4
30439807_MinPolqaSfbRecording_cut.wav,2.0,0.816496581,0.800166649,4
28944890_MinPolqaSfbRecording_cut.wav,4.25,0.5,0.49,4
30531889_MinPolqaSfbRecording_cut.wav,1.5,0.577350269,0.565803264,4
30176451_MinPolqaSfbRecording_cut.wav,2.75,1.258305739,1.233139624,4
30462291_MinPolqaSfbRecording_cut.wav,1.75,0.957427108,0.938278566,4
30254584_MinPolqaSfbRecording_cut.wav,2.5,1.290994449,1.26517456,4
30141088_MinPolqaSfbRecording_cut.wav,4.0,0.0,0.0,3
30153811_MinPolqaSfbRecording_cut.wav,3.666666667,0.577350269,0.653333333,3
30443916_MinPolqaSfbRecording_cut.wav,2.0,1.0,1.131606528,3
30091717_MinPolqaSfbRecording_cut.wav,4.0,1.0,1.131606528,3
30481618_MinPolqaSfbRecording_cut.wav,3.666666667,0.577350269,0.653333333,3
30122763_MinPolqaSfbRecording_cut.wav,1.666666667,0.577350269,0.653333333,3
30102881_MinPolqaSfbRecording_cut.wav,3.2,1.303840481,1.142866571,5
30201409_MinPolqaSfbRecording_cut.wav,3.0,1.224744871,1.073536213,5
30087197_MinPolqaSfbRecording_cut.wav,2.8,0.836660027,0.733364848,5
28921613_MinPolqaSfbRecording_cut.wav,3.8,0.836660027,0.733364848,5
28289484_MinPolqaSfbRecording_cut.wav,3.6,0.547722558,0.48009999,5
30462321_MinPolqaSfbRecording_cut.wav,3.4,1.140175425,0.999407825,5
30063934_MinPolqaSfbRecording_cut.wav,2.4,1.140175425,0.999407825,5
30482865_MinPolqaSfbRecording_cut.wav,2.6,0.547722558,0.48009999,5
30445098_MinPolqaSfbRecording_cut.wav,3.4,0.894427191,0.784,5
30092571_MinPolqaSfbRecording_cut.wav,3.8,0.447213595,0.392,5
28420171_MinPolqaSfbRecording_cut.wav,4.4,0.547722558,0.48009999,5
29543333_MinPolqaSfbRecording_cut.wav,3.4,0.547722558,0.48009999,5
30439195_MinPolqaSfbRecording_cut.wav,3.2,0.447213595,0.392,5
29544059_MinPolqaSfbRecording_cut.wav,2.6,1.140175425,0.999407825,5
30426834_MinPolqaSfbRecording_cut.wav,3.6,0.894427191,0.784,5
30255076_MinPolqaSfbRecording_cut.wav,4.0,0.707106781,0.619806421,5
30185985_MinPolqaSfbRecording_cut.wav,3.2,0.836660027,0.733364848,5
29538850_MinPolqaSfbRecording_cut.wav,3.2,0.836660027,0.733364848,5
30467483_MinPolqaSfbRecording_cut.wav,2.75,0.957427108,0.938278566,4
30212915_MinPolqaSfbRecording_cut.wav,3.25,0.957427108,0.938278566,4
30427269_MinPolqaSfbRecording_cut.wav,1.75,0.957427108,0.938278566,4
30425185_MinPolqaSfbRecording_cut.wav,2.25,1.258305739,1.233139624,4
30068471_MinPolqaSfbRecording_cut.wav,1.75,1.5,1.47,4
28997372_MinPolqaSfbRecording_cut.wav,4.75,0.5,0.49,4
28458052_MinPolqaSfbRecording_cut.wav,4.6,0.547722558,0.48009999,5
29004066_MinPolqaSfbRecording_cut.wav,3.8,0.836660027,0.733364848,5
30460795_MinPolqaSfbRecording_cut.wav,2.4,0.547722558,0.48009999,5
30204841_MinPolqaSfbRecording_cut.wav,1.8,0.836660027,0.733364848,5
30122673_MinPolqaSfbRecording_cut.wav,3.4,0.894427191,0.784,5
29534345_MinPolqaSfbRecording_cut.wav,1.8,0.836660027,0.733364848,5
30509276_MinPolqaSfbRecording_cut.wav,2.0,1.224744871,1.073536213,5
30258634_MinPolqaSfbRecording_cut.wav,4.0,0.707106781,0.619806421,5
30254593_MinPolqaSfbRecording_cut.wav,4.2,0.836660027,0.733364848,5
30257505_MinPolqaSfbRecording_cut.wav,2.4,1.341640786,1.176,5
30113622_MinPolqaSfbRecording_cut.wav,3.5,1.0,0.98,4
30429008_MinPolqaSfbRecording_cut.wav,1.75,0.5,0.49,4
30501598_MinPolqaSfbRecording_cut.wav,1.75,0.5,0.49,4
30209501_MinPolqaSfbRecording_cut.wav,3.25,0.957427108,0.938278566,4
29532852_MinPolqaSfbRecording_cut.wav,2.75,1.258305739,1.233139624,4
30097097_MinPolqaSfbRecording_cut.wav,3.75,0.957427108,0.938278566,4
30485405_MinPolqaSfbRecording_cut.wav,3.25,0.957427108,0.938278566,4
28136143_MinPolqaSfbRecording_cut.wav,4.25,0.957427108,0.938278566,4
30457470_MinPolqaSfbRecording_cut.wav,4.0,0.707106781,0.619806421,5
29543052_MinPolqaSfbRecording_cut.wav,2.6,1.140175425,0.999407825,5
27138380_MinPolqaSfbRecording_cut.wav,4.0,0.707106781,0.619806421,5
28655255_MinPolqaSfbRecording_cut.wav,4.6,0.894427191,0.784,5
30061488_MinPolqaSfbRecording_cut.wav,2.4,1.140175425,0.999407825,5
30158893_MinPolqaSfbRecording_cut.wav,2.4,1.516575089,1.329336677,5
27650459_MinPolqaSfbRecording_cut.wav,4.6,0.894427191,0.784,5
30516341_MinPolqaSfbRecording_cut.wav,3.0,1.0,0.876538647,5
30430776_MinPolqaSfbRecording_cut.wav,1.6,0.894427191,0.784,5
29533448_MinPolqaSfbRecording_cut.wav,3.0,0.816496581,0.800166649,4
30528874_MinPolqaSfbRecording_cut.wav,2.25,0.957427108,0.938278566,4
30078921_MinPolqaSfbRecording_cut.wav,3.25,0.5,0.49,4
29025168_MinPolqaSfbRecording_cut.wav,4.0,0.816496581,0.800166649,4
30213965_MinPolqaSfbRecording_cut.wav,2.25,0.5,0.49,4
30184888_MinPolqaSfbRecording_cut.wav,2.25,0.957427108,0.938278566,4
30415642_MinPolqaSfbRecording_cut.wav,3.75,0.957427108,0.938278566,4
27823647_MinPolqaSfbRecording_cut.wav,3.75,0.5,0.49,4
30488685_MinPolqaSfbRecording_cut.wav,2.75,0.957427108,0.938278566,4
30478968_MinPolqaSfbRecording_cut.wav,2.75,0.957427108,0.938278566,4
30472599_MinPolqaSfbRecording_cut.wav,2.75,0.957427108,0.938278566,4
30409013_MinPolqaSfbRecording_cut.wav,4.0,1.414213562,1.385929291,4
30428159_MinPolqaSfbRecording_cut.wav,2.0,1.154700538,1.131606528,4
30092164_MinPolqaSfbRecording_cut.wav,3.5,0.577350269,0.565803264,4
28736407_MinPolqaSfbRecording_cut.wav,3.5,1.0,0.98,4
30173697_MinPolqaSfbRecording_cut.wav,1.75,0.957427108,0.938278566,4
30142902_MinPolqaSfbRecording_cut.wav,2.4,0.547722558,0.48009999,5
28249060_MinPolqaSfbRecording_cut.wav,4.4,0.547722558,0.48009999,5
30126828_MinPolqaSfbRecording_cut.wav,2.6,0.894427191,0.784,5
30481588_MinPolqaSfbRecording_cut.wav,2.2,0.836660027,0.733364848,5
28733023_MinPolqaSfbRecording_cut.wav,3.6,0.894427191,0.784,5
30447482_MinPolqaSfbRecording_cut.wav,3.0,0.0,0.0,5
30259303_MinPolqaSfbRecording_cut.wav,2.0,0.707106781,0.619806421,5
30163664_MinPolqaSfbRecording_cut.wav,3.0,1.0,0.876538647,5
30523063_MinPolqaSfbRecording_cut.wav,2.25,0.5,0.49,4
30205992_MinPolqaSfbRecording_cut.wav,1.5,0.577350269,0.565803264,4
30137060_MinPolqaSfbRecording_cut.wav,2.75,0.957427108,0.938278566,4
30121499_MinPolqaSfbRecording_cut.wav,3.75,0.5,0.49,4
30133355_MinPolqaSfbRecording_cut.wav,1.25,0.5,0.49,4
28432762_MinPolqaSfbRecording_cut.wav,4.0,0.816496581,0.800166649,4
30067118_MinPolqaSfbRecording_cut.wav,3.5,0.577350269,0.565803264,4
30466972_MinPolqaSfbRecording_cut.wav,2.25,0.5,0.49,4
28789205_MinPolqaSfbRecording_cut.wav,4.5,0.707106781,0.98,2
27717575_MinPolqaSfbRecording_cut.wav,4.0,1.414213562,1.96,2
30128122_MinPolqaSfbRecording_cut.wav,4.0,1.414213562,1.96,2
29542124_MinPolqaSfbRecording_cut.wav,3.5,0.707106781,0.98,2
28219146_MinPolqaSfbRecording_cut.wav,4.5,0.707106781,0.98,2
30062126_MinPolqaSfbRecording_cut.wav,4.0,0.0,0.0,2
27514038_MinPolqaSfbRecording_cut.wav,4.5,0.707106781,0.98,2
30192610_MinPolqaSfbRecording_cut.wav,4.0,0.0,0.0,2
30523841_MinPolqaSfbRecording_cut.wav,3.25,0.957427108,0.938278566,4
30068185_MinPolqaSfbRecording_cut.wav,4.25,0.5,0.49,4
30414017_MinPolqaSfbRecording_cut.wav,3.25,0.957427108,0.938278566,4
30149431_MinPolqaSfbRecording_cut.wav,3.25,1.258305739,1.233139624,4
30120463_MinPolqaSfbRecording_cut.wav,3.75,0.957427108,0.938278566,4
30469625_MinPolqaSfbRecording_cut.wav,2.75,0.957427108,0.938278566,4
30184119_MinPolqaSfbRecording_cut.wav,4.0,0.816496581,0.800166649,4
28505243_MinPolqaSfbRecording_cut.wav,4.5,0.577350269,0.565803264,4
30455488_MinPolqaSfbRecording_cut.wav,3.25,0.957427108,0.938278566,4
30258624_MinPolqaSfbRecording_cut.wav,2.0,0.707106781,0.619806421,5
28807449_MinPolqaSfbRecording_cut.wav,3.8,0.836660027,0.733364848,5
28521989_MinPolqaSfbRecording_cut.wav,3.8,0.836660027,0.733364848,5
30480688_MinPolqaSfbRecording_cut.wav,3.8,0.836660027,0.733364848,5
30179620_MinPolqaSfbRecording_cut.wav,2.4,1.341640786,1.176,5
30160985_MinPolqaSfbRecording_cut.wav,2.2,1.303840481,1.142866571,5
30431312_MinPolqaSfbRecording_cut.wav,1.6,0.894427191,0.784,5
30171721_MinPolqaSfbRecording_cut.wav,3.4,0.894427191,0.784,5
30479631_MinPolqaSfbRecording_cut.wav,4.0,0.707106781,0.619806421,5
30512181_MinPolqaSfbRecording_cut.wav,1.6,0.547722558,0.48009999,5
30461110_MinPolqaSfbRecording_cut.wav,3.8,0.447213595,0.392,5
28219801_MinPolqaSfbRecording_cut.wav,3.8,0.836660027,0.733364848,5
30151980_MinPolqaSfbRecording_cut.wav,4.2,0.447213595,0.392,5
30213235_MinPolqaSfbRecording_cut.wav,4.2,0.447213595,0.392,5
30071289_MinPolqaSfbRecording_cut.wav,4.2,0.447213595,0.392,5
30145808_MinPolqaSfbRecording_cut.wav,1.4,0.547722558,0.48009999,5
30087337_MinPolqaSfbRecording_cut.wav,2.8,1.095445115,0.960199979,5
28312106_MinPolqaSfbRecording_cut.wav,3.4,0.894427191,0.784,5
30462406_MinPolqaSfbRecording_cut.wav,3.2,1.303840481,1.142866571,5
27720607_MinPolqaSfbRecording_cut.wav,4.0,0.0,0.0,5
30147551_MinPolqaSfbRecording_cut.wav,2.6,1.516575089,1.329336677,5
30214289_MinPolqaSfbRecording_cut.wav,2.2,1.303840481,1.142866571,5
30201661_MinPolqaSfbRecording_cut.wav,3.4,0.894427191,0.784,5
29542100_MinPolqaSfbRecording_cut.wav,3.0,2.828427125,3.92,2
27941257_MinPolqaSfbRecording_cut.wav,5.0,0.0,0.0,2
30066801_MinPolqaSfbRecording_cut.wav,2.5,2.121320344,2.94,2
28326821_MinPolqaSfbRecording_cut.wav,5.0,0.0,0.0,2
30422843_MinPolqaSfbRecording_cut.wav,3.0,1.414213562,1.96,2
28594514_MinPolqaSfbRecording_cut.wav,5.0,0.0,0.0,2
28513793_MinPolqaSfbRecording_cut.wav,4.0,1.414213562,1.96,2
27754991_MinPolqaSfbRecording_cut.wav,5.0,0.0,0.0,2
27710497_MinPolqaSfbRecording_cut.wav,4.0,0.707106781,0.619806421,5
30105501_MinPolqaSfbRecording_cut.wav,2.2,1.303840481,1.142866571,5
27824064_MinPolqaSfbRecording_cut.wav,4.2,0.447213595,0.392,5
30207720_MinPolqaSfbRecording_cut.wav,3.6,0.894427191,0.784,5
30489215_MinPolqaSfbRecording_cut.wav,3.0,1.58113883,1.385929291,5
30263843_MinPolqaSfbRecording_cut.wav,3.2,1.303840481,1.142866571,5
30129017_MinPolqaSfbRecording_cut.wav,2.2,1.303840481,1.142866571,5
27783807_MinPolqaSfbRecording_cut.wav,3.75,0.5,0.49,4
30426226_MinPolqaSfbRecording_cut.wav,2.25,0.5,0.49,4
27968046_MinPolqaSfbRecording_cut.wav,4.25,0.5,0.49,4
30148601_MinPolqaSfbRecording_cut.wav,2.25,0.5,0.49,4
30509719_MinPolqaSfbRecording_cut.wav,3.75,0.957427108,0.938278566,4
30529660_MinPolqaSfbRecording_cut.wav,3.75,0.5,0.49,4
30130036_MinPolqaSfbRecording_cut.wav,4.0,1.154700538,1.131606528,4
30488221_MinPolqaSfbRecording_cut.wav,3.5,0.577350269,0.565803264,4
30125052_MinPolqaSfbRecording_cut.wav,3.0,1.0,0.876538647,5
30118202_MinPolqaSfbRecording_cut.wav,2.6,1.140175425,0.999407825,5
30172204_MinPolqaSfbRecording_cut.wav,3.2,1.483239697,1.300116918,5
28357869_MinPolqaSfbRecording_cut.wav,4.0,0.707106781,0.619806421,5
28207379_MinPolqaSfbRecording_cut.wav,4.0,0.707106781,0.619806421,5
30152196_MinPolqaSfbRecording_cut.wav,2.6,1.516575089,1.329336677,5
28949732_MinPolqaSfbRecording_cut.wav,3.8,1.095445115,0.960199979,5
30518952_MinPolqaSfbRecording_cut.wav,3.6,1.140175425,0.999407825,5
30527141_MinPolqaSfbRecording_cut.wav,1.2,0.447213595,0.392,5
30173036_MinPolqaSfbRecording_cut.wav,4.4,0.894427191,0.784,5
30443837_MinPolqaSfbRecording_cut.wav,2.0,1.0,0.876538647,5
30483686_MinPolqaSfbRecording_cut.wav,2.6,0.894427191,0.784,5
30260821_MinPolqaSfbRecording_cut.wav,3.4,0.894427191,0.784,5
30179594_MinPolqaSfbRecording_cut.wav,1.2,0.447213595,0.392,5
30472261_MinPolqaSfbRecording_cut.wav,3.0,0.707106781,0.619806421,5
27846930_MinPolqaSfbRecording_cut.wav,3.8,1.095445115,0.960199979,5
30484110_MinPolqaSfbRecording_cut.wav,4.5,0.577350269,0.565803264,4
28791316_MinPolqaSfbRecording_cut.wav,2.0,0.0,0.0,4
28090520_MinPolqaSfbRecording_cut.wav,3.75,0.5,0.49,4
30127828_MinPolqaSfbRecording_cut.wav,2.75,0.5,0.49,4
30128180_MinPolqaSfbRecording_cut.wav,2.5,0.577350269,0.565803264,4
29033025_MinPolqaSfbRecording_cut.wav,3.75,0.5,0.49,4
30141629_MinPolqaSfbRecording_cut.wav,4.25,0.5,0.49,4
28475776_MinPolqaSfbRecording_cut.wav,4.0,0.0,0.0,4
30457704_MinPolqaSfbRecording_cut.wav,3.25,0.5,0.49,4
30526527_MinPolqaSfbRecording_cut.wav,2.0,0.0,0.0,4
30477908_MinPolqaSfbRecording_cut.wav,1.5,0.577350269,0.565803264,4
30083260_MinPolqaSfbRecording_cut.wav,3.0,0.0,0.0,4
30430136_MinPolqaSfbRecording_cut.wav,1.25,0.5,0.49,4
29000112_MinPolqaSfbRecording_cut.wav,2.5,0.577350269,0.565803264,4
29536232_MinPolqaSfbRecording_cut.wav,1.0,0.0,0.0,4
30401126_MinPolqaSfbRecording_cut.wav,2.0,0.816496581,0.800166649,4
30409573_MinPolqaSfbRecording_cut.wav,2.75,0.5,0.49,4
30106702_MinPolqaSfbRecording_cut.wav,3.25,1.5,1.47,4
30423973_MinPolqaSfbRecording_cut.wav,2.5,0.577350269,0.565803264,4
30106935_MinPolqaSfbRecording_cut.wav,2.0,0.0,0.0,4
30119680_MinPolqaSfbRecording_cut.wav,3.0,0.0,0.0,4
30100994_MinPolqaSfbRecording_cut.wav,2.0,0.0,0.0,4
30078526_MinPolqaSfbRecording_cut.wav,3.5,1.0,0.98,4
30427208_MinPolqaSfbRecording_cut.wav,1.5,0.577350269,0.565803264,4
30080790_MinPolqaSfbRecording_cut.wav,2.25,0.5,0.49,4
30153739_MinPolqaSfbRecording_cut.wav,1.5,0.577350269,0.565803264,4
28948498_MinPolqaSfbRecording_cut.wav,3.6,0.894427191,0.784,5
30067147_MinPolqaSfbRecording_cut.wav,2.4,0.894427191,0.784,5
30082860_MinPolqaSfbRecording_cut.wav,3.8,0.447213595,0.392,5
30132691_MinPolqaSfbRecording_cut.wav,2.4,0.894427191,0.784,5
30210864_MinPolqaSfbRecording_cut.wav,4.0,0.707106781,0.619806421,5
28672781_MinPolqaSfbRecording_cut.wav,4.4,0.547722558,0.48009999,5
30170021_MinPolqaSfbRecording_cut.wav,3.4,0.547722558,0.48009999,5
30184518_MinPolqaSfbRecording_cut.wav,2.2,1.095445115,0.960199979,5
30470979_MinPolqaSfbRecording_cut.wav,2.2,1.095445115,0.960199979,5
28490101_MinPolqaSfbRecording_cut.wav,3.4,0.547722558,0.48009999,5
27702710_MinPolqaSfbRecording_cut.wav,4.4,0.547722558,0.48009999,5
30483205_MinPolqaSfbRecording_cut.wav,3.6,1.673320053,1.466729696,5
30086755_MinPolqaSfbRecording_cut.wav,3.2,1.483239697,1.300116918,5
30421344_MinPolqaSfbRecording_cut.wav,2.8,1.095445115,0.960199979,5
30081142_MinPolqaSfbRecording_cut.wav,1.8,1.095445115,0.960199979,5
30466724_MinPolqaSfbRecording_cut.wav,3.0,1.0,0.876538647,5
28971160_MinPolqaSfbRecording_cut.wav,4.0,1.0,0.876538647,5
30176845_MinPolqaSfbRecording_cut.wav,2.25,1.5,1.47,4
30151653_MinPolqaSfbRecording_cut.wav,3.75,0.5,0.49,4
30146665_MinPolqaSfbRecording_cut.wav,3.75,0.5,0.49,4
29542816_MinPolqaSfbRecording_cut.wav,2.25,1.258305739,1.233139624,4
30172281_MinPolqaSfbRecording_cut.wav,3.25,0.957427108,0.938278566,4
30099080_MinPolqaSfbRecording_cut.wav,4.0,0.816496581,0.800166649,4
27704860_MinPolqaSfbRecording_cut.wav,3.75,0.5,0.49,4
30134445_MinPolqaSfbRecording_cut.wav,2.0,0.0,0.0,3
30138428_MinPolqaSfbRecording_cut.wav,3.0,0.0,0.0,3
30484255_MinPolqaSfbRecording_cut.wav,3.333333333,0.577350269,0.653333333,3
30173495_MinPolqaSfbRecording_cut.wav,3.0,0.0,0.0,3
28911924_MinPolqaSfbRecording_cut.wav,4.666666667,0.577350269,0.653333333,3
30097574_MinPolqaSfbRecording_cut.wav,3.666666667,0.577350269,0.653333333,3
30457385_MinPolqaSfbRecording_cut.wav,3.0,1.0,1.131606528,3
30406740_MinPolqaSfbRecording_cut.wav,3.333333333,0.577350269,0.653333333,3
27965211_MinPolqaSfbRecording_cut.wav,3.666666667,1.154700538,1.306666667,3
30461820_MinPolqaSfbRecording_cut.wav,3.333333333,0.577350269,0.653333333,3
30480494_MinPolqaSfbRecording_cut.wav,3.5,0.577350269,0.565803264,4
30108652_MinPolqaSfbRecording_cut.wav,4.5,1.0,0.98,4
30412724_MinPolqaSfbRecording_cut.wav,4.5,0.577350269,0.565803264,4
27971520_MinPolqaSfbRecording_cut.wav,3.75,0.5,0.49,4
30480187_MinPolqaSfbRecording_cut.wav,3.0,0.816496581,0.800166649,4
30198502_MinPolqaSfbRecording_cut.wav,2.0,1.414213562,1.385929291,4
30059233_MinPolqaSfbRecording_cut.wav,3.75,1.258305739,1.233139624,4
30161982_MinPolqaSfbRecording_cut.wav,3.0,0.816496581,0.800166649,4
28694417_MinPolqaSfbRecording_cut.wav,4.25,0.957427108,0.938278566,4
30067762_MinPolqaSfbRecording_cut.wav,3.5,1.290994449,1.26517456,4
30110678_MinPolqaSfbRecording_cut.wav,2.2,0.836660027,0.733364848,5
28252341_MinPolqaSfbRecording_cut.wav,4.4,0.547722558,0.48009999,5
29009669_MinPolqaSfbRecording_cut.wav,3.8,0.447213595,0.392,5
30436196_MinPolqaSfbRecording_cut.wav,2.8,1.303840481,1.142866571,5
30439885_MinPolqaSfbRecording_cut.wav,2.4,0.547722558,0.48009999,5
30259039_MinPolqaSfbRecording_cut.wav,2.8,1.303840481,1.142866571,5
30126344_MinPolqaSfbRecording_cut.wav,3.2,0.836660027,0.733364848,5
30065265_MinPolqaSfbRecording_cut.wav,2.75,1.258305739,1.233139624,4
30178962_MinPolqaSfbRecording_cut.wav,1.5,0.577350269,0.565803264,4
30166869_MinPolqaSfbRecording_cut.wav,3.0,0.816496581,0.800166649,4
30183737_MinPolqaSfbRecording_cut.wav,2.25,0.5,0.49,4
28505554_MinPolqaSfbRecording_cut.wav,3.0,0.0,0.0,4
30212046_MinPolqaSfbRecording_cut.wav,3.5,1.0,0.98,4
30404954_MinPolqaSfbRecording_cut.wav,3.25,0.5,0.49,4
28107467_MinPolqaSfbRecording_cut.wav,4.75,0.5,0.49,4
27971426_MinPolqaSfbRecording_cut.wav,4.0,0.816496581,0.800166649,4
30177017_MinPolqaSfbRecording_cut.wav,2.8,0.836660027,0.733364848,5
28505822_MinPolqaSfbRecording_cut.wav,3.6,0.547722558,0.48009999,5
28874034_MinPolqaSfbRecording_cut.wav,3.6,1.140175425,0.999407825,5
28697701_MinPolqaSfbRecording_cut.wav,4.6,0.547722558,0.48009999,5
30423657_MinPolqaSfbRecording_cut.wav,3.8,0.447213595,0.392,5
30199587_MinPolqaSfbRecording_cut.wav,3.8,0.447213595,0.392,5
27846361_MinPolqaSfbRecording_cut.wav,3.6,0.547722558,0.48009999,5
28485241_MinPolqaSfbRecording_cut.wav,4.6,0.547722558,0.48009999,5
30409580_MinPolqaSfbRecording_cut.wav,1.2,0.447213595,0.392,5
30408233_MinPolqaSfbRecording_cut.wav,1.6,0.894427191,0.784,5
30145632_MinPolqaSfbRecording_cut.wav,3.0,1.224744871,1.073536213,5
30522545_MinPolqaSfbRecording_cut.wav,3.8,0.836660027,0.733364848,5
30477625_MinPolqaSfbRecording_cut.wav,4.0,0.707106781,0.619806421,5
28540811_MinPolqaSfbRecording_cut.wav,3.8,0.836660027,0.733364848,5
30119814_MinPolqaSfbRecording_cut.wav,2.8,1.643167673,1.440299969,5
28150588_MinPolqaSfbRecording_cut.wav,4.2,0.836660027,0.733364848,5
30089307_MinPolqaSfbRecording_cut.wav,3.2,1.303840481,1.142866571,5
30097424_MinPolqaSfbRecording_cut.wav,2.8,1.303840481,1.142866571,5
30447480_MinPolqaSfbRecording_cut.wav,3.6,0.894427191,0.784,5
30475410_MinPolqaSfbRecording_cut.wav,4.333333333,0.577350269,0.653333333,3
30129130_MinPolqaSfbRecording_cut.wav,2.333333333,0.577350269,0.653333333,3
30255544_MinPolqaSfbRecording_cut.wav,3.666666667,0.577350269,0.653333333,3
30515957_MinPolqaSfbRecording_cut.wav,4.0,0.0,0.0,3
30135220_MinPolqaSfbRecording_cut.wav,3.0,1.732050808,1.96,3
30092150_MinPolqaSfbRecording_cut.wav,3.666666667,1.154700538,1.306666667,3
30408892_MinPolqaSfbRecording_cut.wav,4.333333333,1.154700538,1.306666667,3
30523178_MinPolqaSfbRecording_cut.wav,3.333333333,1.527525232,1.728557523,3
30490632_MinPolqaSfbRecording_cut.wav,3.5,1.0,0.98,4
30079035_MinPolqaSfbRecording_cut.wav,2.0,0.816496581,0.800166649,4
30062826_MinPolqaSfbRecording_cut.wav,3.5,0.577350269,0.565803264,4
27567637_MinPolqaSfbRecording_cut.wav,3.0,0.816496581,0.800166649,4
30123693_MinPolqaSfbRecording_cut.wav,2.5,0.577350269,0.565803264,4
30521058_MinPolqaSfbRecording_cut.wav,2.25,0.5,0.49,4
28625672_MinPolqaSfbRecording_cut.wav,3.5,1.290994449,1.26517456,4
30066398_MinPolqaSfbRecording_cut.wav,3.0,0.816496581,0.800166649,4
29535386_MinPolqaSfbRecording_cut.wav,2.5,0.577350269,0.565803264,4
28170471_MinPolqaSfbRecording_cut.wav,4.5,0.577350269,0.565803264,4
28292762_MinPolqaSfbRecording_cut.wav,4.5,0.577350269,0.565803264,4
30193404_MinPolqaSfbRecording_cut.wav,3.0,0.816496581,0.800166649,4
30154720_MinPolqaSfbRecording_cut.wav,2.25,1.258305739,1.233139624,4
28520306_MinPolqaSfbRecording_cut.wav,3.5,0.577350269,0.565803264,4
28471923_MinPolqaSfbRecording_cut.wav,4.25,0.5,0.49,4
28902928_MinPolqaSfbRecording_cut.wav,4.0,0.0,0.0,4
30254495_MinPolqaSfbRecording_cut.wav,2.666666667,0.577350269,0.653333333,3
30202347_MinPolqaSfbRecording_cut.wav,2.666666667,0.577350269,0.653333333,3
30063339_MinPolqaSfbRecording_cut.wav,3.666666667,1.527525232,1.728557523,3
30180631_MinPolqaSfbRecording_cut.wav,3.333333333,0.577350269,0.653333333,3
27770101_MinPolqaSfbRecording_cut.wav,4.666666667,0.577350269,0.653333333,3
30184855_MinPolqaSfbRecording_cut.wav,4.666666667,0.577350269,0.653333333,3
27929954_MinPolqaSfbRecording_cut.wav,4.666666667,0.577350269,0.653333333,3
30156059_MinPolqaSfbRecording_cut.wav,2.333333333,0.577350269,0.653333333,3
30129710_MinPolqaSfbRecording_cut.wav,3.0,0.0,0.0,3
30154954_MinPolqaSfbRecording_cut.wav,3.0,0.0,0.0,3
30177365_MinPolqaSfbRecording_cut.wav,3.4,0.547722558,0.48009999,5
29544738_MinPolqaSfbRecording_cut.wav,3.4,0.547722558,0.48009999,5
30256273_MinPolqaSfbRecording_cut.wav,2.6,0.894427191,0.784,5
30083548_MinPolqaSfbRecording_cut.wav,3.2,0.836660027,0.733364848,5
30107307_MinPolqaSfbRecording_cut.wav,2.4,1.140175425,0.999407825,5
30089166_MinPolqaSfbRecording_cut.wav,3.4,1.140175425,0.999407825,5
30118936_MinPolqaSfbRecording_cut.wav,3.0,1.0,0.876538647,5
30208942_MinPolqaSfbRecording_cut.wav,2.5,1.0,0.98,4
30510361_MinPolqaSfbRecording_cut.wav,3.0,1.414213562,1.385929291,4
30429164_MinPolqaSfbRecording_cut.wav,2.75,0.957427108,0.938278566,4
30213994_MinPolqaSfbRecording_cut.wav,2.75,0.957427108,0.938278566,4
30213019_MinPolqaSfbRecording_cut.wav,3.75,0.957427108,0.938278566,4
27611085_MinPolqaSfbRecording_cut.wav,3.5,0.577350269,0.565803264,4
30520048_MinPolqaSfbRecording_cut.wav,2.0,1.414213562,1.385929291,4
28270368_MinPolqaSfbRecording_cut.wav,4.0,0.707106781,0.619806421,5
30486781_MinPolqaSfbRecording_cut.wav,3.2,1.095445115,0.960199979,5
30086174_MinPolqaSfbRecording_cut.wav,3.6,1.140175425,0.999407825,5
30060041_MinPolqaSfbRecording_cut.wav,3.6,1.341640786,1.176,5
30062755_MinPolqaSfbRecording_cut.wav,4.0,0.707106781,0.619806421,5
30252490_MinPolqaSfbRecording_cut.wav,2.6,0.547722558,0.48009999,5
30483494_MinPolqaSfbRecording_cut.wav,2.6,0.547722558,0.48009999,5
30207225_MinPolqaSfbRecording_cut.wav,3.2,0.836660027,0.733364848,5
30068252_MinPolqaSfbRecording_cut.wav,2.6,0.894427191,0.784,5
30154155_MinPolqaSfbRecording_cut.wav,1.5,0.577350269,0.565803264,4
27959379_MinPolqaSfbRecording_cut.wav,4.5,0.577350269,0.565803264,4
29543841_MinPolqaSfbRecording_cut.wav,2.25,0.5,0.49,4
30096222_MinPolqaSfbRecording_cut.wav,5.0,0.0,0.0,4
29535647_MinPolqaSfbRecording_cut.wav,1.25,0.5,0.49,4
28107535_MinPolqaSfbRecording_cut.wav,4.25,0.5,0.49,4
28341784_MinPolqaSfbRecording_cut.wav,4.75,0.5,0.49,4
30425117_MinPolqaSfbRecording_cut.wav,3.5,0.577350269,0.565803264,4
29019581_MinPolqaSfbRecording_cut.wav,3.0,0.0,0.0,4
30122328_MinPolqaSfbRecording_cut.wav,2.75,1.707825128,1.673668625,4
30504241_MinPolqaSfbRecording_cut.wav,3.75,1.892969449,1.85511006,4
30080786_MinPolqaSfbRecording_cut.wav,2.0,0.816496581,0.800166649,4
28335203_MinPolqaSfbRecording_cut.wav,2.5,1.0,0.98,4
30120509_MinPolqaSfbRecording_cut.wav,4.0,1.414213562,1.385929291,4
30524043_MinPolqaSfbRecording_cut.wav,3.25,1.258305739,1.233139624,4
30488452_MinPolqaSfbRecording_cut.wav,3.5,1.290994449,1.26517456,4
30148578_MinPolqaSfbRecording_cut.wav,1.75,0.5,0.49,4
30057785_MinPolqaSfbRecording_cut.wav,3.2,0.836660027,0.733364848,5
30255166_MinPolqaSfbRecording_cut.wav,4.4,0.547722558,0.48009999,5
30261526_MinPolqaSfbRecording_cut.wav,4.0,0.707106781,0.619806421,5
30516698_MinPolqaSfbRecording_cut.wav,2.4,1.140175425,0.999407825,5
27892981_MinPolqaSfbRecording_cut.wav,4.2,0.836660027,0.733364848,5
28939335_MinPolqaSfbRecording_cut.wav,4.0,1.0,0.876538647,5
30415855_MinPolqaSfbRecording_cut.wav,1.8,0.836660027,0.733364848,5
28365747_MinPolqaSfbRecording_cut.wav,3.8,0.447213595,0.392,5
30112691_MinPolqaSfbRecording_cut.wav,1.25,0.5,0.49,4
30184744_MinPolqaSfbRecording_cut.wav,1.25,0.5,0.49,4
30527250_MinPolqaSfbRecording_cut.wav,3.5,0.577350269,0.565803264,4
30505864_MinPolqaSfbRecording_cut.wav,3.25,0.5,0.49,4
30211782_MinPolqaSfbRecording_cut.wav,3.75,1.258305739,1.233139624,4
27146736_MinPolqaSfbRecording_cut.wav,3.75,0.5,0.49,4
30487734_MinPolqaSfbRecording_cut.wav,2.5,0.577350269,0.565803264,4
30254183_MinPolqaSfbRecording_cut.wav,4.25,0.5,0.49,4
30424751_MinPolqaSfbRecording_cut.wav,3.0,0.0,0.0,4
30082414_MinPolqaSfbRecording_cut.wav,4.0,0.816496581,0.800166649,4
30061042_MinPolqaSfbRecording_cut.wav,2.75,0.5,0.49,4
28923049_MinPolqaSfbRecording_cut.wav,4.0,0.0,0.0,4
30208788_MinPolqaSfbRecording_cut.wav,1.5,0.577350269,0.565803264,4
27583607_MinPolqaSfbRecording_cut.wav,4.25,0.5,0.49,4
28085211_MinPolqaSfbRecording_cut.wav,4.5,0.577350269,0.565803264,4
28112395_MinPolqaSfbRecording_cut.wav,4.25,0.957427108,0.938278566,4
30481261_MinPolqaSfbRecording_cut.wav,3.75,0.957427108,0.938278566,4
29533457_MinPolqaSfbRecording_cut.wav,1.5,0.577350269,0.565803264,4
27926013_MinPolqaSfbRecording_cut.wav,3.25,0.957427108,0.938278566,4
30425141_MinPolqaSfbRecording_cut.wav,3.0,0.816496581,0.800166649,4
30110289_MinPolqaSfbRecording_cut.wav,3.0,0.0,0.0,4
30421025_MinPolqaSfbRecording_cut.wav,1.5,0.577350269,0.565803264,4
30155549_MinPolqaSfbRecording_cut.wav,1.0,0.0,0.0,4
30462984_MinPolqaSfbRecording_cut.wav,1.75,0.957427108,0.938278566,4
30472095_MinPolqaSfbRecording_cut.wav,3.25,0.957427108,0.938278566,4
27880522_MinPolqaSfbRecording_cut.wav,4.2,0.836660027,0.733364848,5
30189058_MinPolqaSfbRecording_cut.wav,3.2,0.836660027,0.733364848,5
30494013_MinPolqaSfbRecording_cut.wav,2.4,0.894427191,0.784,5
30210909_MinPolqaSfbRecording_cut.wav,4.2,0.836660027,0.733364848,5
30084177_MinPolqaSfbRecording_cut.wav,2.4,1.140175425,0.999407825,5
30529687_MinPolqaSfbRecording_cut.wav,4.0,0.707106781,0.619806421,5
28717724_MinPolqaSfbRecording_cut.wav,3.6,1.140175425,0.999407825,5
30429703_MinPolqaSfbRecording_cut.wav,4.2,0.836660027,0.733364848,5
28541116_MinPolqaSfbRecording_cut.wav,4.2,0.447213595,0.392,5
30470278_MinPolqaSfbRecording_cut.wav,3.4,1.516575089,1.329336677,5
30076501_MinPolqaSfbRecording_cut.wav,2.8,1.303840481,1.142866571,5
30096810_MinPolqaSfbRecording_cut.wav,2.2,0.836660027,0.733364848,5
30151598_MinPolqaSfbRecording_cut.wav,3.0,0.707106781,0.619806421,5
28155095_MinPolqaSfbRecording_cut.wav,3.8,0.836660027,0.733364848,5
30119853_MinPolqaSfbRecording_cut.wav,2.8,0.836660027,0.733364848,5
28501395_MinPolqaSfbRecording_cut.wav,4.2,0.447213595,0.392,5
30161095_MinPolqaSfbRecording_cut.wav,2.6,1.341640786,1.176,5
29529355_MinPolqaSfbRecording_cut.wav,3.4,1.140175425,0.999407825,5
30409208_MinPolqaSfbRecording_cut.wav,3.0,1.414213562,1.239612843,5
30135685_MinPolqaSfbRecording_cut.wav,3.6,0.894427191,0.784,5
30127037_MinPolqaSfbRecording_cut.wav,2.6,1.140175425,0.999407825,5
30194308_MinPolqaSfbRecording_cut.wav,3.8,0.836660027,0.733364848,5
30527656_MinPolqaSfbRecording_cut.wav,3.8,1.303840481,1.142866571,5
30098714_MinPolqaSfbRecording_cut.wav,2.8,0.836660027,0.733364848,5
28526896_MinPolqaSfbRecording_cut.wav,3.8,0.836660027,0.733364848,5
30490934_MinPolqaSfbRecording_cut.wav,4.2,0.836660027,0.733364848,5
29544814_MinPolqaSfbRecording_cut.wav,4.0,0.707106781,0.619806421,5
28684298_MinPolqaSfbRecording_cut.wav,4.4,0.894427191,0.784,5
30097515_MinPolqaSfbRecording_cut.wav,1.4,0.894427191,0.784,5
30138852_MinPolqaSfbRecording_cut.wav,2.2,0.836660027,0.733364848,5
30439587_MinPolqaSfbRecording_cut.wav,2.0,1.0,0.876538647,5
27557424_MinPolqaSfbRecording_cut.wav,3.2,0.836660027,0.733364848,5
30174174_MinPolqaSfbRecording_cut.wav,3.4,0.547722558,0.48009999,5
30100621_MinPolqaSfbRecording_cut.wav,3.4,0.547722558,0.48009999,5
30064680_MinPolqaSfbRecording_cut.wav,2.0,0.0,0.0,3
28146485_MinPolqaSfbRecording_cut.wav,4.333333333,0.577350269,0.653333333,3
30432825_MinPolqaSfbRecording_cut.wav,2.666666667,0.577350269,0.653333333,3
27857264_MinPolqaSfbRecording_cut.wav,3.666666667,0.577350269,0.653333333,3
30253515_MinPolqaSfbRecording_cut.wav,3.333333333,0.577350269,0.653333333,3
30506374_MinPolqaSfbRecording_cut.wav,1.666666667,0.577350269,0.653333333,3
30464810_MinPolqaSfbRecording_cut.wav,1.333333333,0.577350269,0.653333333,3
30144996_MinPolqaSfbRecording_cut.wav,2.0,0.0,0.0,3
30261917_MinPolqaSfbRecording_cut.wav,1.666666667,0.577350269,0.653333333,3
30428495_MinPolqaSfbRecording_cut.wav,3.333333333,0.577350269,0.653333333,3
28123380_MinPolqaSfbRecording_cut.wav,4.5,0.707106781,0.98,2
30443930_MinPolqaSfbRecording_cut.wav,2.0,1.414213562,1.96,2
30200371_MinPolqaSfbRecording_cut.wav,2.0,1.414213562,1.96,2
30135747_MinPolqaSfbRecording_cut.wav,3.0,0.0,0.0,2
30209777_MinPolqaSfbRecording_cut.wav,1.5,0.707106781,0.98,2
28356410_MinPolqaSfbRecording_cut.wav,3.5,0.707106781,0.98,2
30445452_MinPolqaSfbRecording_cut.wav,3.0,1.414213562,1.96,2
30520758_MinPolqaSfbRecording_cut.wav,2.5,0.707106781,0.98,2
30411979_MinPolqaSfbRecording_cut.wav,3.5,0.707106781,0.98,2
30171882_MinPolqaSfbRecording_cut.wav,3.5,2.121320344,2.94,2
30124822_MinPolqaSfbRecording_cut.wav,3.25,0.5,0.49,4
30064881_MinPolqaSfbRecording_cut.wav,2.25,1.258305739,1.233139624,4
30150490_MinPolqaSfbRecording_cut.wav,1.75,0.5,0.49,4
30120607_MinPolqaSfbRecording_cut.wav,2.25,1.258305739,1.233139624,4
30260533_MinPolqaSfbRecording_cut.wav,2.5,1.290994449,1.26517456,4
30432928_MinPolqaSfbRecording_cut.wav,1.75,0.957427108,0.938278566,4
30450156_MinPolqaSfbRecording_cut.wav,2.0,1.154700538,1.131606528,4
30250879_MinPolqaSfbRecording_cut.wav,3.25,0.957427108,0.938278566,4
30488736_MinPolqaSfbRecording_cut.wav,2.0,1.414213562,1.385929291,4
30477825_MinPolqaSfbRecording_cut.wav,3.2,1.483239697,1.300116918,5
28870856_MinPolqaSfbRecording_cut.wav,3.8,1.095445115,0.960199979,5
30151655_MinPolqaSfbRecording_cut.wav,3.8,0.836660027,0.733364848,5
29542786_MinPolqaSfbRecording_cut.wav,4.4,0.547722558,0.48009999,5
30156540_MinPolqaSfbRecording_cut.wav,1.8,0.836660027,0.733364848,5
30120622_MinPolqaSfbRecording_cut.wav,4.2,0.447213595,0.392,5
30250062_MinPolqaSfbRecording_cut.wav,2.6,0.547722558,0.48009999,5
30141611_MinPolqaSfbRecording_cut.wav,3.2,0.836660027,0.733364848,5
30078997_MinPolqaSfbRecording_cut.wav,2.6,0.547722558,0.48009999,5
30090660_MinPolqaSfbRecording_cut.wav,3.8,0.447213595,0.392,5
30134555_MinPolqaSfbRecording_cut.wav,3.2,0.447213595,0.392,5
30257660_MinPolqaSfbRecording_cut.wav,2.6,1.140175425,0.999407825,5
30107789_MinPolqaSfbRecording_cut.wav,3.0,0.0,0.0,5
30521902_MinPolqaSfbRecording_cut.wav,3.2,0.836660027,0.733364848,5
27958815_MinPolqaSfbRecording_cut.wav,4.2,0.836660027,0.733364848,5
30413055_MinPolqaSfbRecording_cut.wav,2.6,1.516575089,1.329336677,5
30421172_MinPolqaSfbRecording_cut.wav,3.8,0.447213595,0.392,5
30523175_MinPolqaSfbRecording_cut.wav,4.0,1.0,0.876538647,5
30213584_MinPolqaSfbRecording_cut.wav,2.8,0.836660027,0.733364848,5
30150381_MinPolqaSfbRecording_cut.wav,2.8,1.303840481,1.142866571,5
30158254_MinPolqaSfbRecording_cut.wav,2.0,1.0,1.131606528,3
30164375_MinPolqaSfbRecording_cut.wav,1.666666667,0.577350269,0.653333333,3
30477780_MinPolqaSfbRecording_cut.wav,3.0,1.0,1.131606528,3
30084149_MinPolqaSfbRecording_cut.wav,3.0,0.0,0.0,3
30172426_MinPolqaSfbRecording_cut.wav,3.666666667,0.577350269,0.653333333,3
30126512_MinPolqaSfbRecording_cut.wav,1.666666667,1.154700538,1.306666667,3
28504712_MinPolqaSfbRecording_cut.wav,4.333333333,0.577350269,0.653333333,3
28137301_MinPolqaSfbRecording_cut.wav,4.333333333,0.577350269,0.653333333,3
29537733_MinPolqaSfbRecording_cut.wav,1.0,0.0,0.0,5
30262813_MinPolqaSfbRecording_cut.wav,3.0,0.707106781,0.619806421,5
30121487_MinPolqaSfbRecording_cut.wav,3.0,1.0,0.876538647,5
27934428_MinPolqaSfbRecording_cut.wav,4.0,0.707106781,0.619806421,5
30522599_MinPolqaSfbRecording_cut.wav,2.0,0.0,0.0,5
30164592_MinPolqaSfbRecording_cut.wav,2.6,0.894427191,0.784,5
30096364_MinPolqaSfbRecording_cut.wav,2.6,0.547722558,0.48009999,5
30114023_MinPolqaSfbRecording_cut.wav,3.8,0.447213595,0.392,5
30429995_MinPolqaSfbRecording_cut.wav,2.2,0.836660027,0.733364848,5
30065665_MinPolqaSfbRecording_cut.wav,3.8,0.836660027,0.733364848,5
30164382_MinPolqaSfbRecording_cut.wav,2.2,1.095445115,0.960199979,5
30209608_MinPolqaSfbRecording_cut.wav,1.8,0.836660027,0.733364848,5
27637707_MinPolqaSfbRecording_cut.wav,3.2,0.447213595,0.392,5
30436292_MinPolqaSfbRecording_cut.wav,3.6,0.547722558,0.48009999,5
30438430_MinPolqaSfbRecording_cut.wav,1.4,0.547722558,0.48009999,5
30437449_MinPolqaSfbRecording_cut.wav,3.2,0.836660027,0.733364848,5
30200122_MinPolqaSfbRecording_cut.wav,3.2,0.836660027,0.733364848,5
28198927_MinPolqaSfbRecording_cut.wav,3.8,0.447213595,0.392,5
30444156_MinPolqaSfbRecording_cut.wav,2.0,0.0,0.0,2
27890811_MinPolqaSfbRecording_cut.wav,5.0,0.0,0.0,2
30509914_MinPolqaSfbRecording_cut.wav,1.5,0.707106781,0.98,2
30492868_MinPolqaSfbRecording_cut.wav,3.5,0.707106781,0.98,2
30177774_MinPolqaSfbRecording_cut.wav,2.5,0.707106781,0.98,2
30097594_MinPolqaSfbRecording_cut.wav,2.0,1.414213562,1.96,2
30154975_MinPolqaSfbRecording_cut.wav,2.5,0.707106781,0.98,2
30208840_MinPolqaSfbRecording_cut.wav,1.0,0.0,0.0,2
30148597_MinPolqaSfbRecording_cut.wav,2.4,0.547722558,0.48009999,5
27586738_MinPolqaSfbRecording_cut.wav,4.2,0.447213595,0.392,5
30251216_MinPolqaSfbRecording_cut.wav,3.2,0.447213595,0.392,5
30089917_MinPolqaSfbRecording_cut.wav,3.0,0.707106781,0.619806421,5
27827674_MinPolqaSfbRecording_cut.wav,3.2,0.836660027,0.733364848,5
27658583_MinPolqaSfbRecording_cut.wav,3.2,1.095445115,0.960199979,5
28787357_MinPolqaSfbRecording_cut.wav,3.8,0.836660027,0.733364848,5
30260440_MinPolqaSfbRecording_cut.wav,2.8,0.836660027,0.733364848,5
28945006_MinPolqaSfbRecording_cut.wav,3.8,0.836660027,0.733364848,5
30214035_MinPolqaSfbRecording_cut.wav,2.4,1.516575089,1.329336677,5
30118954_MinPolqaSfbRecording_cut.wav,3.0,0.707106781,0.619806421,5
30091768_MinPolqaSfbRecording_cut.wav,4.0,0.707106781,0.619806421,5
28358241_MinPolqaSfbRecording_cut.wav,4.2,0.836660027,0.733364848,5
30447002_MinPolqaSfbRecording_cut.wav,2.0,1.224744871,1.073536213,5
30425288_MinPolqaSfbRecording_cut.wav,2.0,1.224744871,1.073536213,5
30180985_MinPolqaSfbRecording_cut.wav,3.0,0.707106781,0.619806421,5
28921538_MinPolqaSfbRecording_cut.wav,4.0,0.707106781,0.619806421,5
28851246_MinPolqaSfbRecording_cut.wav,4.2,0.836660027,0.733364848,5
30247685_MinPolqaSfbRecording_cut.wav,3.6,0.547722558,0.48009999,5
30194011_MinPolqaSfbRecording_cut.wav,2.8,0.447213595,0.392,5
30522233_MinPolqaSfbRecording_cut.wav,3.2,0.836660027,0.733364848,5
30522145_MinPolqaSfbRecording_cut.wav,3.4,0.894427191,0.784,5
30212521_MinPolqaSfbRecording_cut.wav,2.8,0.447213595,0.392,5
30148467_MinPolqaSfbRecording_cut.wav,3.4,1.140175425,0.999407825,5
30462520_MinPolqaSfbRecording_cut.wav,1.6,0.894427191,0.784,5
30179004_MinPolqaSfbRecording_cut.wav,2.4,0.894427191,0.784,5
30148367_MinPolqaSfbRecording_cut.wav,3.4,1.140175425,0.999407825,5
30131733_MinPolqaSfbRecording_cut.wav,3.0,1.224744871,1.073536213,5
30184225_MinPolqaSfbRecording_cut.wav,2.4,1.516575089,1.329336677,5
30163715_MinPolqaSfbRecording_cut.wav,3.2,1.095445115,0.960199979,5
30211779_MinPolqaSfbRecording_cut.wav,3.4,1.140175425,0.999407825,5
30438796_MinPolqaSfbRecording_cut.wav,2.0,1.224744871,1.073536213,5
30085040_MinPolqaSfbRecording_cut.wav,2.6,1.516575089,1.329336677,5
30101126_MinPolqaSfbRecording_cut.wav,3.6,1.140175425,0.999407825,5
28770247_MinPolqaSfbRecording_cut.wav,3.2,0.447213595,0.392,5
27512353_MinPolqaSfbRecording_cut.wav,3.6,0.894427191,0.784,5
30258629_MinPolqaSfbRecording_cut.wav,3.6,1.140175425,0.999407825,5
27650723_MinPolqaSfbRecording_cut.wav,3.6,0.547722558,0.48009999,5
28176060_MinPolqaSfbRecording_cut.wav,3.6,0.894427191,0.784,5
30086763_MinPolqaSfbRecording_cut.wav,2.4,0.894427191,0.784,5
28190198_MinPolqaSfbRecording_cut.wav,4.0,0.707106781,0.619806421,5
30458718_MinPolqaSfbRecording_cut.wav,1.8,0.447213595,0.392,5
30155163_MinPolqaSfbRecording_cut.wav,3.0,1.414213562,1.385929291,4
28934645_MinPolqaSfbRecording_cut.wav,3.25,0.5,0.49,4
28299291_MinPolqaSfbRecording_cut.wav,3.5,0.577350269,0.565803264,4
30527568_MinPolqaSfbRecording_cut.wav,3.5,0.577350269,0.565803264,4
28979168_MinPolqaSfbRecording_cut.wav,3.5,0.577350269,0.565803264,4
28662385_MinPolqaSfbRecording_cut.wav,3.25,1.707825128,1.673668625,4
30138618_MinPolqaSfbRecording_cut.wav,2.0,1.154700538,1.131606528,4
30174372_MinPolqaSfbRecording_cut.wav,3.25,0.957427108,0.938278566,4
29542815_MinPolqaSfbRecording_cut.wav,2.75,0.957427108,0.938278566,4
30426182_MinPolqaSfbRecording_cut.wav,2.4,1.140175425,0.999407825,5
30173572_MinPolqaSfbRecording_cut.wav,2.8,0.836660027,0.733364848,5
30078311_MinPolqaSfbRecording_cut.wav,3.6,0.894427191,0.784,5
30214405_MinPolqaSfbRecording_cut.wav,2.0,1.224744871,1.073536213,5
30174202_MinPolqaSfbRecording_cut.wav,3.8,1.303840481,1.142866571,5
28695138_MinPolqaSfbRecording_cut.wav,3.8,1.095445115,0.960199979,5
30076568_MinPolqaSfbRecording_cut.wav,2.2,1.303840481,1.142866571,5
30097260_MinPolqaSfbRecording_cut.wav,2.0,1.414213562,1.239612843,5
30451510_MinPolqaSfbRecording_cut.wav,1.8,1.095445115,0.960199979,5
30522085_MinPolqaSfbRecording_cut.wav,4.666666667,0.577350269,0.653333333,3
30504231_MinPolqaSfbRecording_cut.wav,3.0,1.0,1.131606528,3
28634409_MinPolqaSfbRecording_cut.wav,5.0,0.0,0.0,3
30151194_MinPolqaSfbRecording_cut.wav,4.0,0.0,0.0,3
30186147_MinPolqaSfbRecording_cut.wav,2.666666667,0.577350269,0.653333333,3
28182193_MinPolqaSfbRecording_cut.wav,4.333333333,0.577350269,0.653333333,3
30148520_MinPolqaSfbRecording_cut.wav,4.0,0.0,0.0,3
27739448_MinPolqaSfbRecording_cut.wav,4.333333333,0.577350269,0.653333333,3
30076577_MinPolqaSfbRecording_cut.wav,4.0,1.0,1.131606528,3
30061409_MinPolqaSfbRecording_cut.wav,2.8,0.447213595,0.392,5
30118781_MinPolqaSfbRecording_cut.wav,2.0,0.707106781,0.619806421,5
28127234_MinPolqaSfbRecording_cut.wav,3.6,1.140175425,0.999407825,5
30480998_MinPolqaSfbRecording_cut.wav,1.8,0.447213595,0.392,5
30523692_MinPolqaSfbRecording_cut.wav,3.2,0.447213595,0.392,5
29012135_MinPolqaSfbRecording_cut.wav,4.2,0.447213595,0.392,5
30457473_MinPolqaSfbRecording_cut.wav,4.0,0.707106781,0.619806421,5
30526777_MinPolqaSfbRecording_cut.wav,2.0,0.707106781,0.619806421,5
30151136_MinPolqaSfbRecording_cut.wav,3.2,0.836660027,0.733364848,5
30073349_MinPolqaSfbRecording_cut.wav,3.0,0.0,0.0,5
30487995_MinPolqaSfbRecording_cut.wav,3.0,1.0,1.131606528,3
30514017_MinPolqaSfbRecording_cut.wav,4.0,0.0,0.0,3
30421712_MinPolqaSfbRecording_cut.wav,4.0,0.0,0.0,3
29543703_MinPolqaSfbRecording_cut.wav,4.0,1.0,1.131606528,3
28654927_MinPolqaSfbRecording_cut.wav,3.333333333,0.577350269,0.653333333,3
28770190_MinPolqaSfbRecording_cut.wav,3.333333333,0.577350269,0.653333333,3
30201501_MinPolqaSfbRecording_cut.wav,2.4,1.140175425,0.999407825,5
30523248_MinPolqaSfbRecording_cut.wav,2.4,1.140175425,0.999407825,5
30128635_MinPolqaSfbRecording_cut.wav,2.6,1.140175425,0.999407825,5
29530131_MinPolqaSfbRecording_cut.wav,3.2,0.836660027,0.733364848,5
29541036_MinPolqaSfbRecording_cut.wav,3.8,1.095445115,0.960199979,5
30462614_MinPolqaSfbRecording_cut.wav,3.8,0.836660027,0.733364848,5
30505834_MinPolqaSfbRecording_cut.wav,3.0,1.414213562,1.239612843,5
30255700_MinPolqaSfbRecording_cut.wav,3.4,0.894427191,0.784,5
30509720_MinPolqaSfbRecording_cut.wav,3.4,0.894427191,0.784,5
30514920_MinPolqaSfbRecording_cut.wav,3.5,1.0,0.98,4
30507687_MinPolqaSfbRecording_cut.wav,3.0,1.632993162,1.600333299,4
30084353_MinPolqaSfbRecording_cut.wav,3.5,1.290994449,1.26517456,4
30138235_MinPolqaSfbRecording_cut.wav,3.0,1.414213562,1.385929291,4
30490138_MinPolqaSfbRecording_cut.wav,3.0,1.414213562,1.385929291,4
30110372_MinPolqaSfbRecording_cut.wav,3.25,1.5,1.47,4
28705889_MinPolqaSfbRecording_cut.wav,4.8,0.447213595,0.392,5
30508616_MinPolqaSfbRecording_cut.wav,3.8,0.836660027,0.733364848,5
30408196_MinPolqaSfbRecording_cut.wav,3.0,0.0,0.0,5
28689489_MinPolqaSfbRecording_cut.wav,4.6,0.547722558,0.48009999,5
30089375_MinPolqaSfbRecording_cut.wav,3.4,0.547722558,0.48009999,5
27965641_MinPolqaSfbRecording_cut.wav,4.6,0.547722558,0.48009999,5
30206691_MinPolqaSfbRecording_cut.wav,4.2,0.836660027,0.733364848,5
28220818_MinPolqaSfbRecording_cut.wav,4.2,0.447213595,0.392,5
30184390_MinPolqaSfbRecording_cut.wav,3.0,1.224744871,1.073536213,5
30253967_MinPolqaSfbRecording_cut.wav,4.0,0.0,0.0,5
30121595_MinPolqaSfbRecording_cut.wav,3.4,0.894427191,0.784,5
30437937_MinPolqaSfbRecording_cut.wav,2.2,1.095445115,0.960199979,5
30151220_MinPolqaSfbRecording_cut.wav,3.8,0.447213595,0.392,5
30082041_MinPolqaSfbRecording_cut.wav,3.8,1.095445115,0.960199979,5
30076309_MinPolqaSfbRecording_cut.wav,4.2,1.303840481,1.142866571,5
28430695_MinPolqaSfbRecording_cut.wav,4.0,0.707106781,0.619806421,5
30426634_MinPolqaSfbRecording_cut.wav,2.8,1.303840481,1.142866571,5
30431314_MinPolqaSfbRecording_cut.wav,1.4,0.894427191,0.784,5
30165293_MinPolqaSfbRecording_cut.wav,4.0,0.0,0.0,5
30484752_MinPolqaSfbRecording_cut.wav,3.8,0.447213595,0.392,5
30201966_MinPolqaSfbRecording_cut.wav,2.4,0.547722558,0.48009999,5
28061276_MinPolqaSfbRecording_cut.wav,4.6,0.547722558,0.48009999,5
30411976_MinPolqaSfbRecording_cut.wav,3.6,0.547722558,0.48009999,5
30130213_MinPolqaSfbRecording_cut.wav,2.666666667,1.527525232,1.728557523,3
28472636_MinPolqaSfbRecording_cut.wav,3.333333333,0.577350269,0.653333333,3
27932345_MinPolqaSfbRecording_cut.wav,2.666666667,0.577350269,0.653333333,3
30083238_MinPolqaSfbRecording_cut.wav,1.666666667,0.577350269,0.653333333,3
30519942_MinPolqaSfbRecording_cut.wav,3.333333333,1.154700538,1.306666667,3
30111880_MinPolqaSfbRecording_cut.wav,2.333333333,1.154700538,1.306666667,3
27938866_MinPolqaSfbRecording_cut.wav,2.666666667,0.577350269,0.653333333,3
30471833_MinPolqaSfbRecording_cut.wav,2.2,0.447213595,0.392,5
30526619_MinPolqaSfbRecording_cut.wav,3.0,0.707106781,0.619806421,5
30081650_MinPolqaSfbRecording_cut.wav,4.0,0.707106781,0.619806421,5
30060040_MinPolqaSfbRecording_cut.wav,3.0,0.707106781,0.619806421,5
30092859_MinPolqaSfbRecording_cut.wav,2.2,0.447213595,0.392,5
27520499_MinPolqaSfbRecording_cut.wav,3.4,0.547722558,0.48009999,5
30492081_MinPolqaSfbRecording_cut.wav,3.6,1.140175425,0.999407825,5
30082655_MinPolqaSfbRecording_cut.wav,2.6,0.547722558,0.48009999,5
30063282_MinPolqaSfbRecording_cut.wav,3.0,0.707106781,0.619806421,5
27838626_MinPolqaSfbRecording_cut.wav,3.4,0.547722558,0.48009999,5
30404858_MinPolqaSfbRecording_cut.wav,1.25,0.5,0.49,4
27759612_MinPolqaSfbRecording_cut.wav,3.75,0.5,0.49,4
30478935_MinPolqaSfbRecording_cut.wav,2.5,1.0,0.98,4
28292052_MinPolqaSfbRecording_cut.wav,4.75,0.5,0.49,4
27644378_MinPolqaSfbRecording_cut.wav,3.5,0.577350269,0.565803264,4
30075357_MinPolqaSfbRecording_cut.wav,2.0,1.154700538,1.131606528,4
30096881_MinPolqaSfbRecording_cut.wav,2.5,0.577350269,0.565803264,4
30202591_MinPolqaSfbRecording_cut.wav,3.5,1.0,0.98,4
30456457_MinPolqaSfbRecording_cut.wav,2.5,0.577350269,0.565803264,4
30527841_MinPolqaSfbRecording_cut.wav,3.5,1.290994449,1.26517456,4
30098739_MinPolqaSfbRecording_cut.wav,3.75,0.957427108,0.938278566,4
28214322_MinPolqaSfbRecording_cut.wav,3.5,0.577350269,0.565803264,4
30480322_MinPolqaSfbRecording_cut.wav,4.25,0.957427108,0.938278566,4
30091607_MinPolqaSfbRecording_cut.wav,3.5,1.290994449,1.26517456,4
30070450_MinPolqaSfbRecording_cut.wav,2.25,0.957427108,0.938278566,4
29540266_MinPolqaSfbRecording_cut.wav,2.5,1.290994449,1.26517456,4
30081247_MinPolqaSfbRecording_cut.wav,3.75,0.957427108,0.938278566,4
30062645_MinPolqaSfbRecording_cut.wav,3.4,0.894427191,0.784,5
27893124_MinPolqaSfbRecording_cut.wav,4.6,0.547722558,0.48009999,5
28701459_MinPolqaSfbRecording_cut.wav,4.4,0.894427191,0.784,5
30192181_MinPolqaSfbRecording_cut.wav,3.8,1.095445115,0.960199979,5
30425172_MinPolqaSfbRecording_cut.wav,2.8,1.303840481,1.142866571,5
28917637_MinPolqaSfbRecording_cut.wav,4.6,0.547722558,0.48009999,5
30112821_MinPolqaSfbRecording_cut.wav,3.0,1.224744871,1.073536213,5
30064167_MinPolqaSfbRecording_cut.wav,3.8,0.836660027,0.733364848,5
30134535_MinPolqaSfbRecording_cut.wav,3.8,1.095445115,0.960199979,5
30479743_MinPolqaSfbRecording_cut.wav,2.6,1.140175425,0.999407825,5
30431770_MinPolqaSfbRecording_cut.wav,2.25,0.957427108,0.938278566,4
29539014_MinPolqaSfbRecording_cut.wav,2.75,1.258305739,1.233139624,4
30496617_MinPolqaSfbRecording_cut.wav,2.25,0.957427108,0.938278566,4
28208430_MinPolqaSfbRecording_cut.wav,3.75,0.957427108,0.938278566,4
28666791_MinPolqaSfbRecording_cut.wav,3.75,0.957427108,0.938278566,4
30464824_MinPolqaSfbRecording_cut.wav,3.0,0.816496581,0.800166649,4
27687804_MinPolqaSfbRecording_cut.wav,4.5,0.577350269,0.565803264,4
30139452_MinPolqaSfbRecording_cut.wav,1.75,0.957427108,0.938278566,4
30067344_MinPolqaSfbRecording_cut.wav,2.25,1.258305739,1.233139624,4
30113978_MinPolqaSfbRecording_cut.wav,4.0,0.0,0.0,3
30073000_MinPolqaSfbRecording_cut.wav,4.333333333,0.577350269,0.653333333,3
30067554_MinPolqaSfbRecording_cut.wav,2.666666667,0.577350269,0.653333333,3
30166844_MinPolqaSfbRecording_cut.wav,5.0,0.0,0.0,3
30119787_MinPolqaSfbRecording_cut.wav,2.666666667,1.154700538,1.306666667,3
28425180_MinPolqaSfbRecording_cut.wav,4.0,0.0,0.0,3
30520357_MinPolqaSfbRecording_cut.wav,2.333333333,1.154700538,1.306666667,3
30461470_MinPolqaSfbRecording_cut.wav,4.0,1.0,1.131606528,3
30461031_MinPolqaSfbRecording_cut.wav,4.333333333,0.577350269,0.653333333,3
28212028_MinPolqaSfbRecording_cut.wav,4.75,0.5,0.49,4
30480181_MinPolqaSfbRecording_cut.wav,1.5,1.0,0.98,4
30406785_MinPolqaSfbRecording_cut.wav,2.75,0.5,0.49,4
30092736_MinPolqaSfbRecording_cut.wav,3.75,0.957427108,0.938278566,4
28027239_MinPolqaSfbRecording_cut.wav,3.75,0.957427108,0.938278566,4
27658240_MinPolqaSfbRecording_cut.wav,4.5,0.577350269,0.565803264,4
28207820_MinPolqaSfbRecording_cut.wav,3.75,0.957427108,0.938278566,4
30465500_MinPolqaSfbRecording_cut.wav,2.0,1.224744871,1.073536213,5
30259912_MinPolqaSfbRecording_cut.wav,2.2,1.303840481,1.142866571,5
28592292_MinPolqaSfbRecording_cut.wav,5.0,0.0,0.0,5
30527735_MinPolqaSfbRecording_cut.wav,2.2,1.095445115,0.960199979,5
30100117_MinPolqaSfbRecording_cut.wav,4.6,0.547722558,0.48009999,5
30511477_MinPolqaSfbRecording_cut.wav,3.0,1.58113883,1.385929291,5
28881641_MinPolqaSfbRecording_cut.wav,5.0,0.0,0.0,5
30413902_MinPolqaSfbRecording_cut.wav,3.6,0.894427191,0.784,5
30483588_MinPolqaSfbRecording_cut.wav,2.5,0.577350269,0.565803264,4
30171396_MinPolqaSfbRecording_cut.wav,2.0,0.816496581,0.800166649,4
30068036_MinPolqaSfbRecording_cut.wav,2.25,0.5,0.49,4
30249534_MinPolqaSfbRecording_cut.wav,3.0,0.0,0.0,4
29531684_MinPolqaSfbRecording_cut.wav,3.25,0.957427108,0.938278566,4
29544378_MinPolqaSfbRecording_cut.wav,2.0,0.0,0.0,4
30255635_MinPolqaSfbRecording_cut.wav,3.0,1.414213562,1.385929291,4
28849628_MinPolqaSfbRecording_cut.wav,4.25,0.5,0.49,4
30483004_MinPolqaSfbRecording_cut.wav,3.0,0.707106781,0.619806421,5
27859592_MinPolqaSfbRecording_cut.wav,3.2,0.447213595,0.392,5
27579273_MinPolqaSfbRecording_cut.wav,3.6,0.547722558,0.48009999,5
29532265_MinPolqaSfbRecording_cut.wav,3.6,1.140175425,0.999407825,5
27812703_MinPolqaSfbRecording_cut.wav,4.0,0.707106781,0.619806421,5
30410512_MinPolqaSfbRecording_cut.wav,2.8,0.836660027,0.733364848,5
30128930_MinPolqaSfbRecording_cut.wav,1.6,0.547722558,0.48009999,5
30444542_MinPolqaSfbRecording_cut.wav,3.4,1.140175425,0.999407825,5
30078652_MinPolqaSfbRecording_cut.wav,3.5,0.577350269,0.565803264,4
28779751_MinPolqaSfbRecording_cut.wav,3.75,0.5,0.49,4
30493374_MinPolqaSfbRecording_cut.wav,3.5,0.577350269,0.565803264,4
30129051_MinPolqaSfbRecording_cut.wav,3.0,0.816496581,0.800166649,4
30110332_MinPolqaSfbRecording_cut.wav,4.0,0.0,0.0,4
30134182_MinPolqaSfbRecording_cut.wav,2.25,1.5,1.47,4
28274005_MinPolqaSfbRecording_cut.wav,4.25,0.5,0.49,4
30207864_MinPolqaSfbRecording_cut.wav,3.25,0.5,0.49,4
30492884_MinPolqaSfbRecording_cut.wav,3.0,1.154700538,1.131606528,4
29529360_MinPolqaSfbRecording_cut.wav,3.75,0.5,0.49,4
30209384_MinPolqaSfbRecording_cut.wav,2.2,1.095445115,0.960199979,5
28255177_MinPolqaSfbRecording_cut.wav,4.6,0.894427191,0.784,5
30158139_MinPolqaSfbRecording_cut.wav,2.8,0.836660027,0.733364848,5
30196374_MinPolqaSfbRecording_cut.wav,3.0,0.707106781,0.619806421,5
30415327_MinPolqaSfbRecording_cut.wav,3.6,0.547722558,0.48009999,5
30206534_MinPolqaSfbRecording_cut.wav,3.4,0.547722558,0.48009999,5
30212584_MinPolqaSfbRecording_cut.wav,4.4,0.547722558,0.48009999,5
27632898_MinPolqaSfbRecording_cut.wav,3.8,0.836660027,0.733364848,5
30083691_MinPolqaSfbRecording_cut.wav,2.6,1.516575089,1.329336677,5
30458085_MinPolqaSfbRecording_cut.wav,3.0,2.0,2.263213055,3
30207469_MinPolqaSfbRecording_cut.wav,3.333333333,1.527525232,1.728557523,3
30059566_MinPolqaSfbRecording_cut.wav,2.666666667,1.154700538,1.306666667,3
30148772_MinPolqaSfbRecording_cut.wav,2.666666667,1.154700538,1.306666667,3
30445638_MinPolqaSfbRecording_cut.wav,2.333333333,1.527525232,1.728557523,3
29005591_MinPolqaSfbRecording_cut.wav,3.333333333,0.577350269,0.653333333,3
30086034_MinPolqaSfbRecording_cut.wav,2.666666667,0.577350269,0.653333333,3
30470299_MinPolqaSfbRecording_cut.wav,2.0,1.0,1.131606528,3
30248861_MinPolqaSfbRecording_cut.wav,2.25,0.5,0.49,4
30065234_MinPolqaSfbRecording_cut.wav,3.5,0.577350269,0.565803264,4
30129591_MinPolqaSfbRecording_cut.wav,2.75,0.957427108,0.938278566,4
30471907_MinPolqaSfbRecording_cut.wav,3.0,0.816496581,0.800166649,4
30085541_MinPolqaSfbRecording_cut.wav,1.5,1.0,0.98,4
30200505_MinPolqaSfbRecording_cut.wav,3.0,0.0,0.0,4
30153847_MinPolqaSfbRecording_cut.wav,3.25,0.5,0.49,4
28063933_MinPolqaSfbRecording_cut.wav,3.0,0.0,0.0,4
30118004_MinPolqaSfbRecording_cut.wav,2.75,0.957427108,0.938278566,4
29540659_MinPolqaSfbRecording_cut.wav,2.75,0.5,0.49,4
30150883_MinPolqaSfbRecording_cut.wav,2.5,0.577350269,0.565803264,4
30103645_MinPolqaSfbRecording_cut.wav,2.5,0.577350269,0.565803264,4
28322383_MinPolqaSfbRecording_cut.wav,3.25,0.5,0.49,4
30199376_MinPolqaSfbRecording_cut.wav,1.5,1.0,0.98,4
30470295_MinPolqaSfbRecording_cut.wav,2.5,1.0,0.98,4
30439058_MinPolqaSfbRecording_cut.wav,2.25,0.957427108,0.938278566,4
28690027_MinPolqaSfbRecording_cut.wav,2.75,0.5,0.49,4
30522373_MinPolqaSfbRecording_cut.wav,1.5,1.0,0.98,4
28450719_MinPolqaSfbRecording_cut.wav,3.0,0.816496581,0.800166649,4
29536366_MinPolqaSfbRecording_cut.wav,2.0,0.816496581,0.800166649,4
28541271_MinPolqaSfbRecording_cut.wav,2.75,0.5,0.49,4
30207694_MinPolqaSfbRecording_cut.wav,2.75,1.258305739,1.233139624,4
28444544_MinPolqaSfbRecording_cut.wav,4.0,0.0,0.0,4
30124351_MinPolqaSfbRecording_cut.wav,2.25,0.957427108,0.938278566,4
28512723_MinPolqaSfbRecording_cut.wav,3.5,0.577350269,0.565803264,4
29542658_MinPolqaSfbRecording_cut.wav,2.5,0.577350269,0.565803264,4
30113589_MinPolqaSfbRecording_cut.wav,1.5,0.577350269,0.565803264,4
30450752_MinPolqaSfbRecording_cut.wav,2.25,0.5,0.49,4
30470783_MinPolqaSfbRecording_cut.wav,4.0,0.816496581,0.800166649,4
30152165_MinPolqaSfbRecording_cut.wav,1.5,0.577350269,0.565803264,4
28651697_MinPolqaSfbRecording_cut.wav,3.75,0.5,0.49,4
28018611_MinPolqaSfbRecording_cut.wav,3.75,0.5,0.49,4
30521992_MinPolqaSfbRecording_cut.wav,2.5,0.577350269,0.565803264,4
30213553_MinPolqaSfbRecording_cut.wav,4.25,0.5,0.49,4
30154616_MinPolqaSfbRecording_cut.wav,3.25,0.5,0.49,4
30199119_MinPolqaSfbRecording_cut.wav,3.2,1.303840481,1.142866571,5
30166189_MinPolqaSfbRecording_cut.wav,1.0,0.0,0.0,5
30118172_MinPolqaSfbRecording_cut.wav,2.8,1.303840481,1.142866571,5
30123658_MinPolqaSfbRecording_cut.wav,2.8,1.303840481,1.142866571,5
30401544_MinPolqaSfbRecording_cut.wav,2.6,0.894427191,0.784,5
27787254_MinPolqaSfbRecording_cut.wav,3.8,0.447213595,0.392,5
28438173_MinPolqaSfbRecording_cut.wav,3.8,0.447213595,0.392,5
30250293_MinPolqaSfbRecording_cut.wav,2.2,0.836660027,0.733364848,5
28675091_MinPolqaSfbRecording_cut.wav,3.4,0.547722558,0.48009999,5
30200064_MinPolqaSfbRecording_cut.wav,2.5,1.290994449,1.26517456,4
30174552_MinPolqaSfbRecording_cut.wav,2.75,0.957427108,0.938278566,4
30200752_MinPolqaSfbRecording_cut.wav,2.0,0.816496581,0.800166649,4
30433981_MinPolqaSfbRecording_cut.wav,3.75,1.258305739,1.233139624,4
27624413_MinPolqaSfbRecording_cut.wav,4.0,0.816496581,0.800166649,4
30118882_MinPolqaSfbRecording_cut.wav,3.75,1.5,1.47,4
28836185_MinPolqaSfbRecording_cut.wav,4.5,0.577350269,0.565803264,4
30157938_MinPolqaSfbRecording_cut.wav,3.2,0.836660027,0.733364848,5
30465012_MinPolqaSfbRecording_cut.wav,2.0,0.707106781,0.619806421,5
28857354_MinPolqaSfbRecording_cut.wav,4.0,0.707106781,0.619806421,5
30176770_MinPolqaSfbRecording_cut.wav,3.4,0.547722558,0.48009999,5
30446955_MinPolqaSfbRecording_cut.wav,3.0,0.707106781,0.619806421,5
30127812_MinPolqaSfbRecording_cut.wav,1.6,0.547722558,0.48009999,5
30486374_MinPolqaSfbRecording_cut.wav,2.8,0.836660027,0.733364848,5
30250550_MinPolqaSfbRecording_cut.wav,2.6,1.341640786,1.176,5
30414637_MinPolqaSfbRecording_cut.wav,1.8,1.303840481,1.142866571,5
30069637_MinPolqaSfbRecording_cut.wav,2.8,0.836660027,0.733364848,5
30183867_MinPolqaSfbRecording_cut.wav,2.0,1.732050808,1.518209472,5
27835203_MinPolqaSfbRecording_cut.wav,3.6,0.894427191,0.784,5
30095946_MinPolqaSfbRecording_cut.wav,4.0,0.707106781,0.619806421,5
28738608_MinPolqaSfbRecording_cut.wav,3.2,0.836660027,0.733364848,5
27751278_MinPolqaSfbRecording_cut.wav,4.2,0.836660027,0.733364848,5
30484878_MinPolqaSfbRecording_cut.wav,3.4,0.547722558,0.48009999,5
28225732_MinPolqaSfbRecording_cut.wav,3.6,0.894427191,0.784,5
28677876_MinPolqaSfbRecording_cut.wav,3.8,0.836660027,0.733364848,5
30066291_MinPolqaSfbRecording_cut.wav,2.8,1.303840481,1.142866571,5
30527960_MinPolqaSfbRecording_cut.wav,1.2,0.447213595,0.392,5
28337844_MinPolqaSfbRecording_cut.wav,3.4,0.894427191,0.784,5
30139292_MinPolqaSfbRecording_cut.wav,2.2,0.836660027,0.733364848,5
28155886_MinPolqaSfbRecording_cut.wav,3.2,0.836660027,0.733364848,5
28193378_MinPolqaSfbRecording_cut.wav,4.0,0.707106781,0.619806421,5
29039002_MinPolqaSfbRecording_cut.wav,3.8,0.836660027,0.733364848,5
30146170_MinPolqaSfbRecording_cut.wav,1.6,0.894427191,0.784,5
30410419_MinPolqaSfbRecording_cut.wav,2.8,0.447213595,0.392,5
30213129_MinPolqaSfbRecording_cut.wav,4.25,0.957427108,0.938278566,4
27714297_MinPolqaSfbRecording_cut.wav,4.25,0.957427108,0.938278566,4
30523153_MinPolqaSfbRecording_cut.wav,3.5,1.290994449,1.26517456,4
30067179_MinPolqaSfbRecording_cut.wav,3.25,1.5,1.47,4
30251891_MinPolqaSfbRecording_cut.wav,2.25,1.258305739,1.233139624,4
30098120_MinPolqaSfbRecording_cut.wav,3.75,1.258305739,1.233139624,4
27782912_MinPolqaSfbRecording_cut.wav,4.4,0.547722558,0.48009999,5
30186112_MinPolqaSfbRecording_cut.wav,3.8,0.836660027,0.733364848,5
30073194_MinPolqaSfbRecording_cut.wav,3.0,1.0,0.876538647,5
28634688_MinPolqaSfbRecording_cut.wav,2.4,0.547722558,0.48009999,5
30485830_MinPolqaSfbRecording_cut.wav,3.0,0.707106781,0.619806421,5
27902549_MinPolqaSfbRecording_cut.wav,4.0,0.0,0.0,5
30210788_MinPolqaSfbRecording_cut.wav,3.4,0.547722558,0.48009999,5
30148611_MinPolqaSfbRecording_cut.wav,1.4,0.894427191,0.784,5
30468454_MinPolqaSfbRecording_cut.wav,2.6,0.894427191,0.784,5
30088778_MinPolqaSfbRecording_cut.wav,3.4,0.547722558,0.48009999,5
30186081_MinPolqaSfbRecording_cut.wav,2.6,0.894427191,0.784,5
30211505_MinPolqaSfbRecording_cut.wav,3.6,0.894427191,0.784,5
30426592_MinPolqaSfbRecording_cut.wav,2.2,1.095445115,0.960199979,5
29541514_MinPolqaSfbRecording_cut.wav,3.2,0.836660027,0.733364848,5
30253915_MinPolqaSfbRecording_cut.wav,2.8,1.643167673,1.440299969,5
28984485_MinPolqaSfbRecording_cut.wav,4.6,0.547722558,0.48009999,5
30127809_MinPolqaSfbRecording_cut.wav,2.0,1.224744871,1.073536213,5
30178564_MinPolqaSfbRecording_cut.wav,3.8,0.836660027,0.733364848,5
30478375_MinPolqaSfbRecording_cut.wav,4.0,0.0,0.0,3
27595549_MinPolqaSfbRecording_cut.wav,3.0,1.0,1.131606528,3
29539993_MinPolqaSfbRecording_cut.wav,3.333333333,0.577350269,0.653333333,3
30097984_MinPolqaSfbRecording_cut.wav,2.0,1.732050808,1.96,3
30463822_MinPolqaSfbRecording_cut.wav,2.333333333,0.577350269,0.653333333,3
30107030_MinPolqaSfbRecording_cut.wav,1.666666667,0.577350269,0.653333333,3
30475011_MinPolqaSfbRecording_cut.wav,4.0,0.0,0.0,3
30264019_MinPolqaSfbRecording_cut.wav,3.333333333,0.577350269,0.653333333,3
30405376_MinPolqaSfbRecording_cut.wav,2.0,0.0,0.0,3
30504029_MinPolqaSfbRecording_cut.wav,3.333333333,0.577350269,0.653333333,3
30205422_MinPolqaSfbRecording_cut.wav,3.75,0.5,0.49,4
27553674_MinPolqaSfbRecording_cut.wav,4.0,0.0,0.0,4
28693889_MinPolqaSfbRecording_cut.wav,4.0,0.816496581,0.800166649,4
30438923_MinPolqaSfbRecording_cut.wav,4.25,0.957427108,0.938278566,4
30180753_MinPolqaSfbRecording_cut.wav,2.25,0.5,0.49,4
27958702_MinPolqaSfbRecording_cut.wav,3.5,0.577350269,0.565803264,4
30196043_MinPolqaSfbRecording_cut.wav,1.25,0.5,0.49,4
30424954_MinPolqaSfbRecording_cut.wav,2.75,0.5,0.49,4
29534252_MinPolqaSfbRecording_cut.wav,4.0,0.707106781,0.619806421,5
30455873_MinPolqaSfbRecording_cut.wav,3.2,1.643167673,1.440299969,5
30406525_MinPolqaSfbRecording_cut.wav,4.0,0.707106781,0.619806421,5
28635861_MinPolqaSfbRecording_cut.wav,4.2,0.836660027,0.733364848,5
28905254_MinPolqaSfbRecording_cut.wav,3.2,0.836660027,0.733364848,5
27640384_MinPolqaSfbRecording_cut.wav,3.8,1.303840481,1.142866571,5
30477852_MinPolqaSfbRecording_cut.wav,3.8,0.836660027,0.733364848,5
30164660_MinPolqaSfbRecording_cut.wav,3.0,0.707106781,0.619806421,5
30500980_MinPolqaSfbRecording_cut.wav,3.5,1.0,0.98,4
30161685_MinPolqaSfbRecording_cut.wav,3.25,0.5,0.49,4
28697403_MinPolqaSfbRecording_cut.wav,3.75,0.957427108,0.938278566,4
30109564_MinPolqaSfbRecording_cut.wav,3.25,0.957427108,0.938278566,4
30101697_MinPolqaSfbRecording_cut.wav,2.25,1.258305739,1.233139624,4
30183089_MinPolqaSfbRecording_cut.wav,3.5,0.577350269,0.565803264,4
28045595_MinPolqaSfbRecording_cut.wav,4.0,0.0,0.0,4
28923872_MinPolqaSfbRecording_cut.wav,3.25,0.5,0.49,4
30193398_MinPolqaSfbRecording_cut.wav,3.75,0.957427108,0.938278566,4
30178334_MinPolqaSfbRecording_cut.wav,3.6,0.894427191,0.784,5
27825988_MinPolqaSfbRecording_cut.wav,3.8,0.836660027,0.733364848,5
29539122_MinPolqaSfbRecording_cut.wav,1.4,0.894427191,0.784,5
30142133_MinPolqaSfbRecording_cut.wav,2.8,0.836660027,0.733364848,5
30452093_MinPolqaSfbRecording_cut.wav,1.2,0.447213595,0.392,5
27916158_MinPolqaSfbRecording_cut.wav,4.4,0.547722558,0.48009999,5
30148424_MinPolqaSfbRecording_cut.wav,3.2,0.447213595,0.392,5
30479786_MinPolqaSfbRecording_cut.wav,2.2,0.447213595,0.392,5
30133096_MinPolqaSfbRecording_cut.wav,3.0,0.707106781,0.619806421,5
30206088_MinPolqaSfbRecording_cut.wav,1.25,0.5,0.49,4
27862640_MinPolqaSfbRecording_cut.wav,4.25,0.957427108,0.938278566,4
30507562_MinPolqaSfbRecording_cut.wav,3.5,0.577350269,0.565803264,4
28077758_MinPolqaSfbRecording_cut.wav,4.0,0.816496581,0.800166649,4
30139361_MinPolqaSfbRecording_cut.wav,3.25,0.5,0.49,4
27895652_MinPolqaSfbRecording_cut.wav,4.0,0.816496581,0.800166649,4
30151966_MinPolqaSfbRecording_cut.wav,2.0,0.816496581,0.800166649,4
30067150_MinPolqaSfbRecording_cut.wav,1.75,0.957427108,0.938278566,4
30482548_MinPolqaSfbRecording_cut.wav,4.25,0.5,0.49,4
30165796_MinPolqaSfbRecording_cut.wav,3.0,0.816496581,0.800166649,4
30431629_MinPolqaSfbRecording_cut.wav,1.5,0.577350269,0.565803264,4
30137094_MinPolqaSfbRecording_cut.wav,3.0,0.816496581,0.800166649,4
28643765_MinPolqaSfbRecording_cut.wav,4.25,0.957427108,0.938278566,4
28417967_MinPolqaSfbRecording_cut.wav,3.25,0.5,0.49,4
30406779_MinPolqaSfbRecording_cut.wav,3.25,0.957427108,0.938278566,4
30263867_MinPolqaSfbRecording_cut.wav,3.25,0.957427108,0.938278566,4
30484459_MinPolqaSfbRecording_cut.wav,3.75,0.957427108,0.938278566,4
29025661_MinPolqaSfbRecording_cut.wav,4.25,0.5,0.49,4
28322199_MinPolqaSfbRecording_cut.wav,3.75,0.5,0.49,4
30517042_MinPolqaSfbRecording_cut.wav,1.5,0.577350269,0.565803264,4
30413068_MinPolqaSfbRecording_cut.wav,2.5,1.0,0.98,4
28978165_MinPolqaSfbRecording_cut.wav,3.0,0.0,0.0,4
27751650_MinPolqaSfbRecording_cut.wav,4.0,0.816496581,0.800166649,4
30111380_MinPolqaSfbRecording_cut.wav,1.75,0.5,0.49,4
30412289_MinPolqaSfbRecording_cut.wav,3.75,0.5,0.49,4
28164427_MinPolqaSfbRecording_cut.wav,3.25,0.957427108,0.938278566,4
30256395_MinPolqaSfbRecording_cut.wav,4.25,0.5,0.49,4
28492527_MinPolqaSfbRecording_cut.wav,4.0,0.816496581,0.800166649,4
30404854_MinPolqaSfbRecording_cut.wav,3.0,1.825741858,1.789227021,4
28957743_MinPolqaSfbRecording_cut.wav,3.75,0.957427108,0.938278566,4
28285846_MinPolqaSfbRecording_cut.wav,4.25,0.957427108,0.938278566,4
30127395_MinPolqaSfbRecording_cut.wav,3.25,1.258305739,1.233139624,4
30121429_MinPolqaSfbRecording_cut.wav,3.5,1.0,0.98,4
30132412_MinPolqaSfbRecording_cut.wav,3.0,1.154700538,1.131606528,4
30058764_MinPolqaSfbRecording_cut.wav,3.5,0.577350269,0.565803264,4
30251137_MinPolqaSfbRecording_cut.wav,4.0,0.816496581,0.800166649,4
30420514_MinPolqaSfbRecording_cut.wav,3.5,0.577350269,0.565803264,4
27745809_MinPolqaSfbRecording_cut.wav,4.5,0.577350269,0.565803264,4
30063276_MinPolqaSfbRecording_cut.wav,3.5,0.577350269,0.565803264,4
30526911_MinPolqaSfbRecording_cut.wav,2.75,0.957427108,0.938278566,4
30214196_MinPolqaSfbRecording_cut.wav,3.75,0.5,0.49,4
30098013_MinPolqaSfbRecording_cut.wav,2.25,1.258305739,1.233139624,4
27933791_MinPolqaSfbRecording_cut.wav,3.75,0.5,0.49,4
30147638_MinPolqaSfbRecording_cut.wav,3.25,0.957427108,0.938278566,4
30100694_MinPolqaSfbRecording_cut.wav,3.0,0.0,0.0,4
28301581_MinPolqaSfbRecording_cut.wav,4.333333333,0.577350269,0.653333333,3
28454086_MinPolqaSfbRecording_cut.wav,2.666666667,0.577350269,0.653333333,3
28731837_MinPolqaSfbRecording_cut.wav,4.0,0.0,0.0,3
28366939_MinPolqaSfbRecording_cut.wav,3.666666667,0.577350269,0.653333333,3
29068176_MinPolqaSfbRecording_cut.wav,3.0,1.0,1.131606528,3
30159994_MinPolqaSfbRecording_cut.wav,1.333333333,0.577350269,0.653333333,3
30497627_MinPolqaSfbRecording_cut.wav,3.0,0.0,0.0,3
28636420_MinPolqaSfbRecording_cut.wav,3.0,1.0,1.131606528,3
30127728_MinPolqaSfbRecording_cut.wav,2.8,1.483239697,1.300116918,5
28079763_MinPolqaSfbRecording_cut.wav,3.6,1.140175425,0.999407825,5
28660106_MinPolqaSfbRecording_cut.wav,3.8,1.303840481,1.142866571,5
30491208_MinPolqaSfbRecording_cut.wav,2.6,1.140175425,0.999407825,5
30105065_MinPolqaSfbRecording_cut.wav,4.0,0.707106781,0.619806421,5
28803648_MinPolqaSfbRecording_cut.wav,3.6,1.341640786,1.176,5
30497497_MinPolqaSfbRecording_cut.wav,3.8,0.836660027,0.733364848,5
30080702_MinPolqaSfbRecording_cut.wav,3.8,0.836660027,0.733364848,5
30497022_MinPolqaSfbRecording_cut.wav,2.4,0.547722558,0.48009999,5
30145311_MinPolqaSfbRecording_cut.wav,3.4,1.516575089,1.329336677,5
30137592_MinPolqaSfbRecording_cut.wav,3.0,0.707106781,0.619806421,5
30162119_MinPolqaSfbRecording_cut.wav,2.8,0.836660027,0.733364848,5
27751808_MinPolqaSfbRecording_cut.wav,4.0,0.707106781,0.619806421,5
30151976_MinPolqaSfbRecording_cut.wav,3.4,0.547722558,0.48009999,5
30118406_MinPolqaSfbRecording_cut.wav,2.0,1.0,0.876538647,5
30120442_MinPolqaSfbRecording_cut.wav,3.2,0.836660027,0.733364848,5
30156119_MinPolqaSfbRecording_cut.wav,3.0,0.0,0.0,5
30400526_MinPolqaSfbRecording_cut.wav,2.0,1.0,0.876538647,5
30154264_MinPolqaSfbRecording_cut.wav,2.4,0.547722558,0.48009999,5
28417612_MinPolqaSfbRecording_cut.wav,2.5,0.577350269,0.565803264,4
29531720_MinPolqaSfbRecording_cut.wav,3.5,0.577350269,0.565803264,4
28157925_MinPolqaSfbRecording_cut.wav,4.0,0.816496581,0.800166649,4
30069919_MinPolqaSfbRecording_cut.wav,1.5,0.577350269,0.565803264,4
30157086_MinPolqaSfbRecording_cut.wav,3.5,0.577350269,0.565803264,4
30255715_MinPolqaSfbRecording_cut.wav,2.5,1.0,0.98,4
28428193_MinPolqaSfbRecording_cut.wav,2.5,0.577350269,0.565803264,4
30181442_MinPolqaSfbRecording_cut.wav,2.5,0.577350269,0.565803264,4
28135630_MinPolqaSfbRecording_cut.wav,3.5,1.290994449,1.26517456,4
28216145_MinPolqaSfbRecording_cut.wav,3.25,0.957427108,0.938278566,4
30212526_MinPolqaSfbRecording_cut.wav,2.8,0.836660027,0.733364848,5
30175356_MinPolqaSfbRecording_cut.wav,2.2,0.836660027,0.733364848,5
30142544_MinPolqaSfbRecording_cut.wav,1.8,0.836660027,0.733364848,5
27808158_MinPolqaSfbRecording_cut.wav,4.0,1.0,0.876538647,5
28268683_MinPolqaSfbRecording_cut.wav,4.0,0.707106781,0.619806421,5
30164300_MinPolqaSfbRecording_cut.wav,3.2,0.836660027,0.733364848,5
30450824_MinPolqaSfbRecording_cut.wav,2.4,0.547722558,0.48009999,5
30082600_MinPolqaSfbRecording_cut.wav,2.8,0.447213595,0.392,5
30170890_MinPolqaSfbRecording_cut.wav,3.0,1.0,0.876538647,5
30478478_MinPolqaSfbRecording_cut.wav,2.4,1.140175425,0.999407825,5
30181872_MinPolqaSfbRecording_cut.wav,3.8,1.095445115,0.960199979,5
28623616_MinPolqaSfbRecording_cut.wav,4.4,0.894427191,0.784,5
29531722_MinPolqaSfbRecording_cut.wav,4.2,0.447213595,0.392,5
30469593_MinPolqaSfbRecording_cut.wav,3.4,0.894427191,0.784,5
28494578_MinPolqaSfbRecording_cut.wav,4.6,0.547722558,0.48009999,5
28434607_MinPolqaSfbRecording_cut.wav,4.4,0.547722558,0.48009999,5
30523856_MinPolqaSfbRecording_cut.wav,4.4,0.547722558,0.48009999,5
28022096_MinPolqaSfbRecording_cut.wav,4.6,0.547722558,0.48009999,5
30065580_MinPolqaSfbRecording_cut.wav,1.2,0.447213595,0.392,5
29035765_MinPolqaSfbRecording_cut.wav,3.8,0.836660027,0.733364848,5
30066208_MinPolqaSfbRecording_cut.wav,3.4,0.894427191,0.784,5
30121380_MinPolqaSfbRecording_cut.wav,1.4,0.547722558,0.48009999,5
30404454_MinPolqaSfbRecording_cut.wav,2.8,1.303840481,1.142866571,5
30124745_MinPolqaSfbRecording_cut.wav,2.2,1.095445115,0.960199979,5
30101014_MinPolqaSfbRecording_cut.wav,2.0,0.816496581,0.800166649,4
30501052_MinPolqaSfbRecording_cut.wav,2.75,0.5,0.49,4
30184292_MinPolqaSfbRecording_cut.wav,2.25,0.957427108,0.938278566,4
30157124_MinPolqaSfbRecording_cut.wav,2.75,0.5,0.49,4
30066882_MinPolqaSfbRecording_cut.wav,1.75,0.5,0.49,4
30080176_MinPolqaSfbRecording_cut.wav,3.0,0.816496581,0.800166649,4
30142974_MinPolqaSfbRecording_cut.wav,2.0,0.816496581,0.800166649,4
30473850_MinPolqaSfbRecording_cut.wav,3.5,0.577350269,0.565803264,4
30070551_MinPolqaSfbRecording_cut.wav,1.0,0.0,0.0,4
30065024_MinPolqaSfbRecording_cut.wav,3.25,1.707825128,1.673668625,4
30479070_MinPolqaSfbRecording_cut.wav,2.5,1.290994449,1.26517456,4
30522309_MinPolqaSfbRecording_cut.wav,2.25,0.957427108,0.938278566,4
28081634_MinPolqaSfbRecording_cut.wav,3.5,1.732050808,1.697409791,4
28365785_MinPolqaSfbRecording_cut.wav,3.75,0.957427108,0.938278566,4
28263353_MinPolqaSfbRecording_cut.wav,4.0,1.154700538,1.131606528,4
29531919_MinPolqaSfbRecording_cut.wav,2.75,1.258305739,1.233139624,4
29532848_MinPolqaSfbRecording_cut.wav,3.0,1.825741858,1.789227021,4
30482176_MinPolqaSfbRecording_cut.wav,3.0,2.0,2.263213055,3
30479614_MinPolqaSfbRecording_cut.wav,3.666666667,1.154700538,1.306666667,3
30173723_MinPolqaSfbRecording_cut.wav,4.0,1.0,1.131606528,3
30485264_MinPolqaSfbRecording_cut.wav,3.666666667,1.154700538,1.306666667,3
30200468_MinPolqaSfbRecording_cut.wav,1.666666667,0.577350269,0.653333333,3
27933066_MinPolqaSfbRecording_cut.wav,4.666666667,0.577350269,0.653333333,3
30208290_MinPolqaSfbRecording_cut.wav,4.0,1.0,1.131606528,3
30491179_MinPolqaSfbRecording_cut.wav,2.666666667,1.527525232,1.728557523,3
30069633_MinPolqaSfbRecording_cut.wav,3.333333333,0.577350269,0.653333333,3
30503139_MinPolqaSfbRecording_cut.wav,4.0,0.0,0.0,3
28739746_MinPolqaSfbRecording_cut.wav,3.75,0.957427108,0.938278566,4
29036030_MinPolqaSfbRecording_cut.wav,3.5,1.0,0.98,4
29538705_MinPolqaSfbRecording_cut.wav,3.5,0.577350269,0.565803264,4
30520505_MinPolqaSfbRecording_cut.wav,3.25,0.5,0.49,4
30492692_MinPolqaSfbRecording_cut.wav,3.0,0.816496581,0.800166649,4
28964945_MinPolqaSfbRecording_cut.wav,3.5,1.0,0.98,4
28474687_MinPolqaSfbRecording_cut.wav,4.0,1.154700538,1.131606528,4
30156560_MinPolqaSfbRecording_cut.wav,2.75,0.957427108,0.938278566,4
30200303_MinPolqaSfbRecording_cut.wav,4.0,0.816496581,0.800166649,4
27825801_MinPolqaSfbRecording_cut.wav,4.25,0.957427108,0.938278566,4
30262815_MinPolqaSfbRecording_cut.wav,3.5,0.577350269,0.565803264,4
30139451_MinPolqaSfbRecording_cut.wav,1.75,0.5,0.49,4
28893400_MinPolqaSfbRecording_cut.wav,4.0,0.0,0.0,4
29049289_MinPolqaSfbRecording_cut.wav,4.0,0.816496581,0.800166649,4
29538860_MinPolqaSfbRecording_cut.wav,2.5,0.577350269,0.565803264,4
29022779_MinPolqaSfbRecording_cut.wav,4.25,0.5,0.49,4
30174300_MinPolqaSfbRecording_cut.wav,3.25,0.5,0.49,4
30175157_MinPolqaSfbRecording_cut.wav,2.25,0.5,0.49,4
30109546_MinPolqaSfbRecording_cut.wav,2.5,1.290994449,1.26517456,4
30444590_MinPolqaSfbRecording_cut.wav,2.0,0.816496581,0.800166649,4
29535840_MinPolqaSfbRecording_cut.wav,3.0,0.816496581,0.800166649,4
28757226_MinPolqaSfbRecording_cut.wav,4.25,0.957427108,0.938278566,4
30502310_MinPolqaSfbRecording_cut.wav,2.75,1.258305739,1.233139624,4
29069459_MinPolqaSfbRecording_cut.wav,3.25,0.5,0.49,4
30253312_MinPolqaSfbRecording_cut.wav,1.5,1.0,0.98,4
27850678_MinPolqaSfbRecording_cut.wav,3.25,0.5,0.49,4
28252316_MinPolqaSfbRecording_cut.wav,3.75,0.5,0.49,4
30469177_MinPolqaSfbRecording_cut.wav,1.25,0.5,0.49,4
30063595_MinPolqaSfbRecording_cut.wav,3.25,0.5,0.49,4
30065323_MinPolqaSfbRecording_cut.wav,2.25,0.5,0.49,4
28618749_MinPolqaSfbRecording_cut.wav,3.25,0.957427108,0.938278566,4
28067229_MinPolqaSfbRecording_cut.wav,4.5,0.577350269,0.565803264,4
30442029_MinPolqaSfbRecording_cut.wav,3.0,0.816496581,0.800166649,4
30529107_MinPolqaSfbRecording_cut.wav,1.75,0.5,0.49,4
30522767_MinPolqaSfbRecording_cut.wav,1.75,0.5,0.49,4
30174558_MinPolqaSfbRecording_cut.wav,1.0,0.0,0.0,4
27922250_MinPolqaSfbRecording_cut.wav,3.75,0.957427108,0.938278566,4
30162845_MinPolqaSfbRecording_cut.wav,1.25,0.5,0.49,4
30506276_MinPolqaSfbRecording_cut.wav,2.5,1.290994449,1.26517456,4
30062735_MinPolqaSfbRecording_cut.wav,2.25,0.957427108,0.938278566,4
30516394_MinPolqaSfbRecording_cut.wav,2.0,0.816496581,0.800166649,4
30118294_MinPolqaSfbRecording_cut.wav,3.0,0.816496581,0.800166649,4
30480669_MinPolqaSfbRecording_cut.wav,3.25,0.957427108,0.938278566,4
30155645_MinPolqaSfbRecording_cut.wav,2.5,1.0,0.98,4
30450435_MinPolqaSfbRecording_cut.wav,3.75,0.957427108,0.938278566,4
30461411_MinPolqaSfbRecording_cut.wav,4.0,0.816496581,0.800166649,4
30264438_MinPolqaSfbRecording_cut.wav,3.0,0.816496581,0.800166649,4
30135665_MinPolqaSfbRecording_cut.wav,3.25,0.957427108,0.938278566,4
27648988_MinPolqaSfbRecording_cut.wav,4.0,0.816496581,0.800166649,4
27769881_MinPolqaSfbRecording_cut.wav,3.25,1.258305739,1.233139624,4
28864781_MinPolqaSfbRecording_cut.wav,3.25,0.5,0.49,4
30117796_MinPolqaSfbRecording_cut.wav,2.75,0.957427108,0.938278566,4
30087542_MinPolqaSfbRecording_cut.wav,3.25,1.258305739,1.233139624,4
30251641_MinPolqaSfbRecording_cut.wav,2.0,1.414213562,1.385929291,4
30461433_MinPolqaSfbRecording_cut.wav,1.75,0.957427108,0.938278566,4
30073120_MinPolqaSfbRecording_cut.wav,2.5,1.0,0.98,4
30506912_MinPolqaSfbRecording_cut.wav,3.5,0.577350269,0.565803264,4
30146231_MinPolqaSfbRecording_cut.wav,3.25,0.5,0.49,4
27877163_MinPolqaSfbRecording_cut.wav,4.5,0.577350269,0.565803264,4
27833445_MinPolqaSfbRecording_cut.wav,4.0,0.816496581,0.800166649,4
28015512_MinPolqaSfbRecording_cut.wav,3.5,0.577350269,0.565803264,4
28460092_MinPolqaSfbRecording_cut.wav,4.25,0.957427108,0.938278566,4
27863059_MinPolqaSfbRecording_cut.wav,3.5,0.577350269,0.565803264,4
30413656_MinPolqaSfbRecording_cut.wav,3.5,1.0,0.98,4
30429096_MinPolqaSfbRecording_cut.wav,3.75,0.957427108,0.938278566,4
30093669_MinPolqaSfbRecording_cut.wav,3.75,0.5,0.49,4
30436072_MinPolqaSfbRecording_cut.wav,3.25,0.5,0.49,4
30092276_MinPolqaSfbRecording_cut.wav,3.5,0.577350269,0.565803264,4
30194623_MinPolqaSfbRecording_cut.wav,4.25,0.5,0.49,4
29046398_MinPolqaSfbRecording_cut.wav,4.25,0.5,0.49,4
30104034_MinPolqaSfbRecording_cut.wav,3.25,0.5,0.49,4
30184214_MinPolqaSfbRecording_cut.wav,4.0,0.0,0.0,4
30138510_MinPolqaSfbRecording_cut.wav,3.25,1.707825128,1.673668625,4
30430135_MinPolqaSfbRecording_cut.wav,4.25,0.957427108,0.938278566,4
30408291_MinPolqaSfbRecording_cut.wav,2.75,1.5,1.47,4
30193125_MinPolqaSfbRecording_cut.wav,3.0,0.816496581,0.800166649,4
30205573_MinPolqaSfbRecording_cut.wav,4.75,0.5,0.49,4
30439513_MinPolqaSfbRecording_cut.wav,3.5,1.290994449,1.26517456,4
27921584_MinPolqaSfbRecording_cut.wav,5.0,0.0,0.0,4
29530480_MinPolqaSfbRecording_cut.wav,3.5,1.732050808,1.697409791,4
30521045_MinPolqaSfbRecording_cut.wav,3.25,0.5,0.49,4
30256770_MinPolqaSfbRecording_cut.wav,3.5,1.0,0.98,4
30108160_MinPolqaSfbRecording_cut.wav,3.25,0.5,0.49,4
27668116_MinPolqaSfbRecording_cut.wav,4.0,0.816496581,0.800166649,4
27825360_MinPolqaSfbRecording_cut.wav,4.0,0.816496581,0.800166649,4
30420436_MinPolqaSfbRecording_cut.wav,3.75,0.957427108,0.938278566,4
30448472_MinPolqaSfbRecording_cut.wav,2.0,0.816496581,0.800166649,4
27796865_MinPolqaSfbRecording_cut.wav,3.0,0.0,0.0,4
30126879_MinPolqaSfbRecording_cut.wav,2.0,0.0,0.0,4
30256025_MinPolqaSfbRecording_cut.wav,3.0,0.0,0.0,4
30264330_MinPolqaSfbRecording_cut.wav,3.25,0.5,0.49,4
30254551_MinPolqaSfbRecording_cut.wav,3.5,1.0,0.98,4
30119404_MinPolqaSfbRecording_cut.wav,4.0,0.816496581,0.800166649,4
28238103_MinPolqaSfbRecording_cut.wav,4.5,0.577350269,0.565803264,4
30145192_MinPolqaSfbRecording_cut.wav,4.0,1.154700538,1.131606528,4
29537560_MinPolqaSfbRecording_cut.wav,2.5,1.0,0.98,4
30505857_MinPolqaSfbRecording_cut.wav,4.25,0.5,0.49,4
30161323_MinPolqaSfbRecording_cut.wav,3.5,1.0,0.98,4
30488141_MinPolqaSfbRecording_cut.wav,4.0,0.816496581,0.800166649,4
30194329_MinPolqaSfbRecording_cut.wav,3.5,1.0,0.98,4
30135862_MinPolqaSfbRecording_cut.wav,3.25,0.957427108,0.938278566,4
27141250_MinPolqaSfbRecording_cut.wav,4.0,0.816496581,0.800166649,4
30183068_MinPolqaSfbRecording_cut.wav,3.75,0.5,0.49,4
30405713_MinPolqaSfbRecording_cut.wav,2.75,0.5,0.49,4
29541490_MinPolqaSfbRecording_cut.wav,3.5,0.577350269,0.565803264,4
30529797_MinPolqaSfbRecording_cut.wav,2.4,0.547722558,0.48009999,5
30176383_MinPolqaSfbRecording_cut.wav,3.6,0.547722558,0.48009999,5
30086762_MinPolqaSfbRecording_cut.wav,2.6,0.547722558,0.48009999,5
28615407_MinPolqaSfbRecording_cut.wav,3.8,1.303840481,1.142866571,5
30257508_MinPolqaSfbRecording_cut.wav,3.2,0.836660027,0.733364848,5
30068111_MinPolqaSfbRecording_cut.wav,2.8,0.447213595,0.392,5
27644144_MinPolqaSfbRecording_cut.wav,3.8,1.095445115,0.960199979,5
30464808_MinPolqaSfbRecording_cut.wav,2.8,0.836660027,0.733364848,5
30107511_MinPolqaSfbRecording_cut.wav,2.8,0.447213595,0.392,5
30193285_MinPolqaSfbRecording_cut.wav,2.6,1.140175425,0.999407825,5
30122372_MinPolqaSfbRecording_cut.wav,3.4,0.894427191,0.784,5
30207742_MinPolqaSfbRecording_cut.wav,2.2,1.643167673,1.440299969,5
30509162_MinPolqaSfbRecording_cut.wav,2.0,1.224744871,1.073536213,5
30457283_MinPolqaSfbRecording_cut.wav,2.6,1.516575089,1.329336677,5
30100542_MinPolqaSfbRecording_cut.wav,1.8,1.788854382,1.568,5
30256908_MinPolqaSfbRecording_cut.wav,2.2,1.095445115,0.960199979,5
28757500_MinPolqaSfbRecording_cut.wav,3.4,1.140175425,0.999407825,5
29036321_MinPolqaSfbRecording_cut.wav,4.4,0.894427191,0.784,5
30522739_MinPolqaSfbRecording_cut.wav,3.4,0.894427191,0.784,5
30193325_MinPolqaSfbRecording_cut.wav,1.4,0.547722558,0.48009999,5
30505842_MinPolqaSfbRecording_cut.wav,3.4,0.894427191,0.784,5
29530081_MinPolqaSfbRecording_cut.wav,3.2,0.447213595,0.392,5
30156651_MinPolqaSfbRecording_cut.wav,2.0,0.707106781,0.619806421,5
30454885_MinPolqaSfbRecording_cut.wav,3.4,0.894427191,0.784,5
30067637_MinPolqaSfbRecording_cut.wav,3.4,1.140175425,0.999407825,5
30429598_MinPolqaSfbRecording_cut.wav,2.0,1.0,0.876538647,5
28663103_MinPolqaSfbRecording_cut.wav,4.2,0.836660027,0.733364848,5
30256140_MinPolqaSfbRecording_cut.wav,4.0,0.707106781,0.619806421,5
30256546_MinPolqaSfbRecording_cut.wav,3.25,0.5,0.49,4
30145340_MinPolqaSfbRecording_cut.wav,2.25,0.5,0.49,4
30174853_MinPolqaSfbRecording_cut.wav,2.25,1.258305739,1.233139624,4
30185163_MinPolqaSfbRecording_cut.wav,2.75,0.5,0.49,4
30437327_MinPolqaSfbRecording_cut.wav,3.25,0.5,0.49,4
30429360_MinPolqaSfbRecording_cut.wav,2.0,0.816496581,0.800166649,4
30133546_MinPolqaSfbRecording_cut.wav,2.5,0.577350269,0.565803264,4
28017637_MinPolqaSfbRecording_cut.wav,4.25,0.5,0.49,4
28468789_MinPolqaSfbRecording_cut.wav,4.0,0.816496581,0.800166649,4
30412652_MinPolqaSfbRecording_cut.wav,3.5,1.290994449,1.26517456,4
30531944_MinPolqaSfbRecording_cut.wav,2.0,0.816496581,0.800166649,4
30463852_MinPolqaSfbRecording_cut.wav,3.0,1.414213562,1.385929291,4
30140705_MinPolqaSfbRecording_cut.wav,3.0,1.154700538,1.131606528,4
30175071_MinPolqaSfbRecording_cut.wav,4.0,0.816496581,0.800166649,4
28505231_MinPolqaSfbRecording_cut.wav,4.0,1.414213562,1.385929291,4
29055917_MinPolqaSfbRecording_cut.wav,3.75,0.957427108,0.938278566,4
30429355_MinPolqaSfbRecording_cut.wav,2.0,1.414213562,1.385929291,4
28878918_MinPolqaSfbRecording_cut.wav,3.75,0.5,0.49,4
30431614_MinPolqaSfbRecording_cut.wav,3.75,0.957427108,0.938278566,4
30253533_MinPolqaSfbRecording_cut.wav,3.25,1.258305739,1.233139624,4
30098592_MinPolqaSfbRecording_cut.wav,2.25,1.258305739,1.233139624,4
30155271_MinPolqaSfbRecording_cut.wav,2.75,1.5,1.47,4
28210179_MinPolqaSfbRecording_cut.wav,4.25,0.5,0.49,4
30132825_MinPolqaSfbRecording_cut.wav,2.75,2.061552813,2.020321757,4
28831518_MinPolqaSfbRecording_cut.wav,3.5,0.577350269,0.565803264,4
29035271_MinPolqaSfbRecording_cut.wav,4.25,0.957427108,0.938278566,4
30512318_MinPolqaSfbRecording_cut.wav,2.75,2.061552813,2.020321757,4
30424783_MinPolqaSfbRecording_cut.wav,3.5,1.0,0.98,4
30140753_MinPolqaSfbRecording_cut.wav,3.25,0.5,0.49,4
29531139_MinPolqaSfbRecording_cut.wav,3.0,1.632993162,1.600333299,4
30520982_MinPolqaSfbRecording_cut.wav,3.25,2.061552813,2.020321757,4
28047360_MinPolqaSfbRecording_cut.wav,3.0,1.414213562,1.385929291,4
30260937_MinPolqaSfbRecording_cut.wav,2.25,1.258305739,1.233139624,4
27561268_MinPolqaSfbRecording_cut.wav,4.0,0.816496581,0.800166649,4
30435040_MinPolqaSfbRecording_cut.wav,3.25,0.957427108,0.938278566,4
30150588_MinPolqaSfbRecording_cut.wav,1.5,0.577350269,0.565803264,4
28651152_MinPolqaSfbRecording_cut.wav,3.75,0.5,0.49,4
30138200_MinPolqaSfbRecording_cut.wav,3.5,1.0,0.98,4
30162568_MinPolqaSfbRecording_cut.wav,2.0,0.816496581,0.800166649,4
30519990_MinPolqaSfbRecording_cut.wav,2.0,0.816496581,0.800166649,4
30213450_MinPolqaSfbRecording_cut.wav,3.0,0.816496581,0.800166649,4
27707020_MinPolqaSfbRecording_cut.wav,3.6,0.894427191,0.784,5
27581706_MinPolqaSfbRecording_cut.wav,4.8,0.447213595,0.392,5
30126231_MinPolqaSfbRecording_cut.wav,2.2,0.836660027,0.733364848,5
30118415_MinPolqaSfbRecording_cut.wav,2.2,0.836660027,0.733364848,5
30193227_MinPolqaSfbRecording_cut.wav,4.4,0.547722558,0.48009999,5
30086705_MinPolqaSfbRecording_cut.wav,1.4,0.547722558,0.48009999,5
30097379_MinPolqaSfbRecording_cut.wav,2.5,1.290994449,1.26517456,4
30158124_MinPolqaSfbRecording_cut.wav,3.25,1.5,1.47,4
30107774_MinPolqaSfbRecording_cut.wav,2.5,0.577350269,0.565803264,4
28180607_MinPolqaSfbRecording_cut.wav,4.25,0.957427108,0.938278566,4
29530291_MinPolqaSfbRecording_cut.wav,4.0,0.816496581,0.800166649,4
27515012_MinPolqaSfbRecording_cut.wav,3.5,1.290994449,1.26517456,4
27837526_MinPolqaSfbRecording_cut.wav,4.0,0.816496581,0.800166649,4
28762828_MinPolqaSfbRecording_cut.wav,3.25,0.957427108,0.938278566,4
30429077_MinPolqaSfbRecording_cut.wav,3.75,0.957427108,0.938278566,4
30066804_MinPolqaSfbRecording_cut.wav,2.75,1.707825128,1.673668625,4
30122911_MinPolqaSfbRecording_cut.wav,3.6,1.140175425,0.999407825,5
30404909_MinPolqaSfbRecording_cut.wav,3.4,0.547722558,0.48009999,5
27948975_MinPolqaSfbRecording_cut.wav,3.0,1.224744871,1.073536213,5
30520457_MinPolqaSfbRecording_cut.wav,3.4,1.140175425,0.999407825,5
30421838_MinPolqaSfbRecording_cut.wav,2.4,0.547722558,0.48009999,5
30444669_MinPolqaSfbRecording_cut.wav,2.0,1.0,0.876538647,5
30256349_MinPolqaSfbRecording_cut.wav,3.8,0.836660027,0.733364848,5
30059937_MinPolqaSfbRecording_cut.wav,4.0,0.707106781,0.619806421,5
30213865_MinPolqaSfbRecording_cut.wav,3.6,1.140175425,0.999407825,5
30063630_MinPolqaSfbRecording_cut.wav,4.0,0.816496581,0.800166649,4
30478048_MinPolqaSfbRecording_cut.wav,1.75,0.957427108,0.938278566,4
30207383_MinPolqaSfbRecording_cut.wav,2.75,0.5,0.49,4
30462547_MinPolqaSfbRecording_cut.wav,3.25,0.5,0.49,4
28051510_MinPolqaSfbRecording_cut.wav,3.5,1.0,0.98,4
30467065_MinPolqaSfbRecording_cut.wav,4.0,0.816496581,0.800166649,4
30516343_MinPolqaSfbRecording_cut.wav,2.25,0.5,0.49,4
30437340_MinPolqaSfbRecording_cut.wav,3.0,1.414213562,1.239612843,5
30062087_MinPolqaSfbRecording_cut.wav,3.6,1.673320053,1.466729696,5
30402612_MinPolqaSfbRecording_cut.wav,3.8,1.788854382,1.568,5
29534173_MinPolqaSfbRecording_cut.wav,2.8,1.788854382,1.568,5
30147535_MinPolqaSfbRecording_cut.wav,3.6,1.673320053,1.466729696,5
30425811_MinPolqaSfbRecording_cut.wav,2.6,1.516575089,1.329336677,5
30122873_MinPolqaSfbRecording_cut.wav,2.8,1.483239697,1.300116918,5
30486789_MinPolqaSfbRecording_cut.wav,3.6,1.949358869,1.708688386,5
30143604_MinPolqaSfbRecording_cut.wav,3.2,1.643167673,1.440299969,5
30147199_MinPolqaSfbRecording_cut.wav,2.25,1.5,1.47,4
30202773_MinPolqaSfbRecording_cut.wav,2.5,1.290994449,1.26517456,4
30109672_MinPolqaSfbRecording_cut.wav,3.5,1.0,0.98,4
30438425_MinPolqaSfbRecording_cut.wav,4.0,1.154700538,1.131606528,4
28448599_MinPolqaSfbRecording_cut.wav,4.5,0.577350269,0.565803264,4
30452924_MinPolqaSfbRecording_cut.wav,3.0,1.154700538,1.131606528,4
30491842_MinPolqaSfbRecording_cut.wav,2.5,2.121320344,2.94,2
28485562_MinPolqaSfbRecording_cut.wav,5.0,0.0,0.0,2
27917730_MinPolqaSfbRecording_cut.wav,4.5,0.707106781,0.98,2
30140682_MinPolqaSfbRecording_cut.wav,3.5,0.707106781,0.98,2
30478293_MinPolqaSfbRecording_cut.wav,3.5,0.707106781,0.98,2
30404746_MinPolqaSfbRecording_cut.wav,1.0,0.0,0.0,2
30406083_MinPolqaSfbRecording_cut.wav,3.5,0.707106781,0.98,2
28621637_MinPolqaSfbRecording_cut.wav,3.2,0.836660027,0.733364848,5
30165791_MinPolqaSfbRecording_cut.wav,2.6,1.140175425,0.999407825,5
27723303_MinPolqaSfbRecording_cut.wav,4.6,0.547722558,0.48009999,5
30105886_MinPolqaSfbRecording_cut.wav,3.8,0.836660027,0.733364848,5
30430522_MinPolqaSfbRecording_cut.wav,2.2,0.836660027,0.733364848,5
30177401_MinPolqaSfbRecording_cut.wav,3.4,0.894427191,0.784,5
30428048_MinPolqaSfbRecording_cut.wav,2.8,0.836660027,0.733364848,5
30407981_MinPolqaSfbRecording_cut.wav,4.0,0.816496581,0.800166649,4
30473327_MinPolqaSfbRecording_cut.wav,2.25,0.957427108,0.938278566,4
29533832_MinPolqaSfbRecording_cut.wav,4.25,0.5,0.49,4
28240418_MinPolqaSfbRecording_cut.wav,3.75,0.5,0.49,4
30113982_MinPolqaSfbRecording_cut.wav,4.0,0.816496581,0.800166649,4
28711593_MinPolqaSfbRecording_cut.wav,4.25,0.5,0.49,4
30154957_MinPolqaSfbRecording_cut.wav,3.0,0.0,0.0,4
28085435_MinPolqaSfbRecording_cut.wav,3.75,0.5,0.49,4
30089980_MinPolqaSfbRecording_cut.wav,3.25,0.957427108,0.938278566,4
30069929_MinPolqaSfbRecording_cut.wav,2.25,0.957427108,0.938278566,4
30252481_MinPolqaSfbRecording_cut.wav,2.25,0.5,0.49,4
30473236_MinPolqaSfbRecording_cut.wav,2.5,1.732050808,1.697409791,4
30090299_MinPolqaSfbRecording_cut.wav,3.0,0.816496581,0.800166649,4
30068416_MinPolqaSfbRecording_cut.wav,3.0,1.414213562,1.385929291,4
30206556_MinPolqaSfbRecording_cut.wav,3.75,0.5,0.49,4
30137101_MinPolqaSfbRecording_cut.wav,3.0,0.816496581,0.800166649,4
30437936_MinPolqaSfbRecording_cut.wav,2.0,1.154700538,1.131606528,4
30182904_MinPolqaSfbRecording_cut.wav,2.8,0.836660027,0.733364848,5
30458203_MinPolqaSfbRecording_cut.wav,2.8,1.303840481,1.142866571,5
28496504_MinPolqaSfbRecording_cut.wav,3.8,0.836660027,0.733364848,5
30415409_MinPolqaSfbRecording_cut.wav,2.8,1.303840481,1.142866571,5
30163654_MinPolqaSfbRecording_cut.wav,3.2,1.095445115,0.960199979,5
29540711_MinPolqaSfbRecording_cut.wav,2.4,1.140175425,0.999407825,5
30166843_MinPolqaSfbRecording_cut.wav,4.0,0.707106781,0.619806421,5
28629364_MinPolqaSfbRecording_cut.wav,4.2,0.447213595,0.392,5
30159016_MinPolqaSfbRecording_cut.wav,4.0,0.0,0.0,5
27850335_MinPolqaSfbRecording_cut.wav,4.4,0.894427191,0.784,5
30194683_MinPolqaSfbRecording_cut.wav,3.5,1.290994449,1.26517456,4
28808062_MinPolqaSfbRecording_cut.wav,4.0,0.816496581,0.800166649,4
30430774_MinPolqaSfbRecording_cut.wav,1.25,0.5,0.49,4
30252547_MinPolqaSfbRecording_cut.wav,3.0,0.816496581,0.800166649,4
30489404_MinPolqaSfbRecording_cut.wav,3.75,0.957427108,0.938278566,4
30157187_MinPolqaSfbRecording_cut.wav,3.0,1.154700538,1.131606528,4
28555639_MinPolqaSfbRecording_cut.wav,3.75,0.957427108,0.938278566,4
30429483_MinPolqaSfbRecording_cut.wav,2.75,0.5,0.49,4
30128715_MinPolqaSfbRecording_cut.wav,3.25,0.5,0.49,4
30208165_MinPolqaSfbRecording_cut.wav,4.0,0.816496581,0.800166649,4
30407017_MinPolqaSfbRecording_cut.wav,3.25,0.957427108,0.938278566,4
30188794_MinPolqaSfbRecording_cut.wav,4.0,0.816496581,0.800166649,4
30429509_MinPolqaSfbRecording_cut.wav,2.5,0.577350269,0.565803264,4
30460084_MinPolqaSfbRecording_cut.wav,2.75,0.5,0.49,4
30189464_MinPolqaSfbRecording_cut.wav,2.75,0.957427108,0.938278566,4
28102446_MinPolqaSfbRecording_cut.wav,4.0,0.707106781,0.619806421,5
30068468_MinPolqaSfbRecording_cut.wav,3.4,0.547722558,0.48009999,5
30098746_MinPolqaSfbRecording_cut.wav,4.0,0.707106781,0.619806421,5
30117585_MinPolqaSfbRecording_cut.wav,2.0,0.0,0.0,5
28074500_MinPolqaSfbRecording_cut.wav,3.6,0.547722558,0.48009999,5
27836562_MinPolqaSfbRecording_cut.wav,3.6,0.547722558,0.48009999,5
28204596_MinPolqaSfbRecording_cut.wav,3.4,0.547722558,0.48009999,5
30178955_MinPolqaSfbRecording_cut.wav,3.2,0.447213595,0.392,5
30516311_MinPolqaSfbRecording_cut.wav,3.2,0.836660027,0.733364848,5
30438940_MinPolqaSfbRecording_cut.wav,2.0,0.707106781,0.619806421,5
30135769_MinPolqaSfbRecording_cut.wav,2.8,0.836660027,0.733364848,5
28110751_MinPolqaSfbRecording_cut.wav,4.6,0.547722558,0.48009999,5
30473287_MinPolqaSfbRecording_cut.wav,3.2,1.483239697,1.300116918,5
30155818_MinPolqaSfbRecording_cut.wav,2.4,0.547722558,0.48009999,5
30442075_MinPolqaSfbRecording_cut.wav,2.6,1.516575089,1.329336677,5
30210394_MinPolqaSfbRecording_cut.wav,3.6,1.140175425,0.999407825,5
30504589_MinPolqaSfbRecording_cut.wav,3.25,1.5,1.47,4
27849392_MinPolqaSfbRecording_cut.wav,4.5,0.577350269,0.565803264,4
30079642_MinPolqaSfbRecording_cut.wav,2.75,1.258305739,1.233139624,4
30085428_MinPolqaSfbRecording_cut.wav,2.75,0.5,0.49,4
30399523_MinPolqaSfbRecording_cut.wav,3.5,1.290994449,1.26517456,4
30089919_MinPolqaSfbRecording_cut.wav,3.75,0.957427108,0.938278566,4
30457172_MinPolqaSfbRecording_cut.wav,4.25,0.957427108,0.938278566,4
30103325_MinPolqaSfbRecording_cut.wav,4.25,0.957427108,0.938278566,4
30403683_MinPolqaSfbRecording_cut.wav,3.75,0.957427108,0.938278566,4
30478930_MinPolqaSfbRecording_cut.wav,4.25,0.957427108,0.938278566,4
30061645_MinPolqaSfbRecording_cut.wav,4.0,0.816496581,0.800166649,4
30148390_MinPolqaSfbRecording_cut.wav,3.5,0.577350269,0.565803264,4
30146143_MinPolqaSfbRecording_cut.wav,4.25,0.5,0.49,4
27681000_MinPolqaSfbRecording_cut.wav,5.0,0.0,0.0,4
30430049_MinPolqaSfbRecording_cut.wav,2.75,1.5,1.47,4
30430152_MinPolqaSfbRecording_cut.wav,3.75,0.957427108,0.938278566,4
27802693_MinPolqaSfbRecording_cut.wav,4.0,0.0,0.0,4
30199900_MinPolqaSfbRecording_cut.wav,3.0,0.816496581,0.800166649,4
30490444_MinPolqaSfbRecording_cut.wav,3.75,0.5,0.49,4
30137535_MinPolqaSfbRecording_cut.wav,3.5,0.577350269,0.565803264,4
30531005_MinPolqaSfbRecording_cut.wav,2.75,0.957427108,0.938278566,4
30186066_MinPolqaSfbRecording_cut.wav,2.25,0.957427108,0.938278566,4
28352399_MinPolqaSfbRecording_cut.wav,4.25,0.957427108,0.938278566,4
30425840_MinPolqaSfbRecording_cut.wav,1.333333333,0.577350269,0.653333333,3
28338879_MinPolqaSfbRecording_cut.wav,3.666666667,0.577350269,0.653333333,3
29531825_MinPolqaSfbRecording_cut.wav,1.666666667,0.577350269,0.653333333,3
29531329_MinPolqaSfbRecording_cut.wav,2.666666667,1.154700538,1.306666667,3
30469820_MinPolqaSfbRecording_cut.wav,1.666666667,0.577350269,0.653333333,3
27753406_MinPolqaSfbRecording_cut.wav,3.333333333,0.577350269,0.653333333,3
29536969_MinPolqaSfbRecording_cut.wav,2.0,0.0,0.0,3
30193472_MinPolqaSfbRecording_cut.wav,2.333333333,0.577350269,0.653333333,3
30095432_MinPolqaSfbRecording_cut.wav,3.333333333,0.577350269,0.653333333,3
30092862_MinPolqaSfbRecording_cut.wav,3.0,1.0,1.131606528,3
30181066_MinPolqaSfbRecording_cut.wav,2.666666667,0.577350269,0.653333333,3
27774692_MinPolqaSfbRecording_cut.wav,4.0,1.0,1.131606528,3
29542041_MinPolqaSfbRecording_cut.wav,4.0,1.0,1.131606528,3
30068822_MinPolqaSfbRecording_cut.wav,3.0,1.0,1.131606528,3
28870800_MinPolqaSfbRecording_cut.wav,4.333333333,0.577350269,0.653333333,3
30178574_MinPolqaSfbRecording_cut.wav,2.666666667,1.154700538,1.306666667,3
28624217_MinPolqaSfbRecording_cut.wav,3.666666667,0.577350269,0.653333333,3
30060008_MinPolqaSfbRecording_cut.wav,3.333333333,0.577350269,0.653333333,3
30423510_MinPolqaSfbRecording_cut.wav,1.5,0.577350269,0.565803264,4
28619571_MinPolqaSfbRecording_cut.wav,4.0,0.0,0.0,4
30061769_MinPolqaSfbRecording_cut.wav,2.5,1.0,0.98,4
30127647_MinPolqaSfbRecording_cut.wav,4.0,0.0,0.0,4
30169275_MinPolqaSfbRecording_cut.wav,3.75,0.5,0.49,4
30149768_MinPolqaSfbRecording_cut.wav,3.5,0.577350269,0.565803264,4
30467493_MinPolqaSfbRecording_cut.wav,2.0,0.816496581,0.800166649,4
30164075_MinPolqaSfbRecording_cut.wav,1.75,0.5,0.49,4
30171420_MinPolqaSfbRecording_cut.wav,1.75,0.957427108,0.938278566,4
28118897_MinPolqaSfbRecording_cut.wav,3.666666667,0.577350269,0.653333333,3
30064058_MinPolqaSfbRecording_cut.wav,3.0,0.0,0.0,3
30404952_MinPolqaSfbRecording_cut.wav,3.333333333,0.577350269,0.653333333,3
30157970_MinPolqaSfbRecording_cut.wav,2.333333333,0.577350269,0.653333333,3
30160731_MinPolqaSfbRecording_cut.wav,3.666666667,0.577350269,0.653333333,3
28130563_MinPolqaSfbRecording_cut.wav,4.0,0.0,0.0,3
29541743_MinPolqaSfbRecording_cut.wav,3.666666667,0.577350269,0.653333333,3
30213131_MinPolqaSfbRecording_cut.wav,4.0,0.0,0.0,3
28485596_MinPolqaSfbRecording_cut.wav,3.0,1.0,1.131606528,3
28234127_MinPolqaSfbRecording_cut.wav,3.666666667,1.527525232,1.728557523,3
30132701_MinPolqaSfbRecording_cut.wav,3.666666667,1.527525232,1.728557523,3
30442197_MinPolqaSfbRecording_cut.wav,2.0,0.0,0.0,3
28312936_MinPolqaSfbRecording_cut.wav,4.0,1.732050808,1.96,3
30062100_MinPolqaSfbRecording_cut.wav,3.333333333,0.577350269,0.653333333,3
28768936_MinPolqaSfbRecording_cut.wav,3.666666667,1.527525232,1.728557523,3
29541859_MinPolqaSfbRecording_cut.wav,2.666666667,0.577350269,0.653333333,3
30141194_MinPolqaSfbRecording_cut.wav,3.333333333,1.527525232,1.728557523,3
30250005_MinPolqaSfbRecording_cut.wav,2.333333333,1.527525232,1.728557523,3
27959055_MinPolqaSfbRecording_cut.wav,4.666666667,0.577350269,0.653333333,3
30105930_MinPolqaSfbRecording_cut.wav,3.666666667,1.154700538,1.306666667,3
30439993_MinPolqaSfbRecording_cut.wav,3.333333333,1.527525232,1.728557523,3
30405814_MinPolqaSfbRecording_cut.wav,4.333333333,0.577350269,0.653333333,3
30090648_MinPolqaSfbRecording_cut.wav,3.333333333,1.527525232,1.728557523,3
30520680_MinPolqaSfbRecording_cut.wav,3.666666667,1.527525232,1.728557523,3
30502783_MinPolqaSfbRecording_cut.wav,2.75,1.258305739,1.233139624,4
30207723_MinPolqaSfbRecording_cut.wav,3.75,0.957427108,0.938278566,4
29541243_MinPolqaSfbRecording_cut.wav,3.5,1.290994449,1.26517456,4
30213942_MinPolqaSfbRecording_cut.wav,3.75,0.5,0.49,4
28441433_MinPolqaSfbRecording_cut.wav,3.25,0.5,0.49,4
28869578_MinPolqaSfbRecording_cut.wav,4.25,0.5,0.49,4
30487439_MinPolqaSfbRecording_cut.wav,3.5,0.577350269,0.565803264,4
30479595_MinPolqaSfbRecording_cut.wav,3.0,0.816496581,0.800166649,4
28176394_MinPolqaSfbRecording_cut.wav,4.25,0.5,0.49,4
28547863_MinPolqaSfbRecording_cut.wav,3.75,0.957427108,0.938278566,4
30530666_MinPolqaSfbRecording_cut.wav,3.4,0.894427191,0.784,5
28296108_MinPolqaSfbRecording_cut.wav,3.8,0.836660027,0.733364848,5
30148486_MinPolqaSfbRecording_cut.wav,2.4,0.894427191,0.784,5
29538567_MinPolqaSfbRecording_cut.wav,2.8,1.643167673,1.440299969,5
29543591_MinPolqaSfbRecording_cut.wav,2.4,0.547722558,0.48009999,5
30103805_MinPolqaSfbRecording_cut.wav,1.8,1.303840481,1.142866571,5
28791836_MinPolqaSfbRecording_cut.wav,3.4,0.547722558,0.48009999,5
30480799_MinPolqaSfbRecording_cut.wav,3.6,1.140175425,0.999407825,5
30516432_MinPolqaSfbRecording_cut.wav,3.0,1.0,0.876538647,5
30166963_MinPolqaSfbRecording_cut.wav,2.2,1.303840481,1.142866571,5
30513429_MinPolqaSfbRecording_cut.wav,2.0,1.224744871,1.073536213,5
30513247_MinPolqaSfbRecording_cut.wav,2.4,1.140175425,0.999407825,5
30426154_MinPolqaSfbRecording_cut.wav,3.2,0.836660027,0.733364848,5
30516304_MinPolqaSfbRecording_cut.wav,2.2,0.836660027,0.733364848,5
30194435_MinPolqaSfbRecording_cut.wav,3.2,0.836660027,0.733364848,5
30138708_MinPolqaSfbRecording_cut.wav,3.0,1.414213562,1.239612843,5
30176412_MinPolqaSfbRecording_cut.wav,3.4,1.140175425,0.999407825,5
30197926_MinPolqaSfbRecording_cut.wav,2.0,1.732050808,1.518209472,5
27968337_MinPolqaSfbRecording_cut.wav,3.8,0.836660027,0.733364848,5
30447171_MinPolqaSfbRecording_cut.wav,1.8,0.836660027,0.733364848,5
30065334_MinPolqaSfbRecording_cut.wav,4.2,1.095445115,0.960199979,5
30523803_MinPolqaSfbRecording_cut.wav,2.4,1.516575089,1.329336677,5
30087198_MinPolqaSfbRecording_cut.wav,3.25,0.957427108,0.938278566,4
30083631_MinPolqaSfbRecording_cut.wav,1.75,0.957427108,0.938278566,4
28303255_MinPolqaSfbRecording_cut.wav,3.75,0.957427108,0.938278566,4
30475472_MinPolqaSfbRecording_cut.wav,2.25,1.258305739,1.233139624,4
30422988_MinPolqaSfbRecording_cut.wav,2.75,1.258305739,1.233139624,4
29531226_MinPolqaSfbRecording_cut.wav,2.0,0.816496581,0.800166649,4
30145577_MinPolqaSfbRecording_cut.wav,2.75,1.707825128,1.673668625,4
30531192_MinPolqaSfbRecording_cut.wav,3.5,1.290994449,1.26517456,4
30485142_MinPolqaSfbRecording_cut.wav,1.75,0.957427108,0.938278566,4
30141212_MinPolqaSfbRecording_cut.wav,3.4,1.140175425,0.999407825,5
30168592_MinPolqaSfbRecording_cut.wav,4.0,0.707106781,0.619806421,5
30264446_MinPolqaSfbRecording_cut.wav,3.6,0.894427191,0.784,5
29029163_MinPolqaSfbRecording_cut.wav,3.8,0.836660027,0.733364848,5
27902182_MinPolqaSfbRecording_cut.wav,4.2,0.836660027,0.733364848,5
27919759_MinPolqaSfbRecording_cut.wav,3.6,0.547722558,0.48009999,5
30065765_MinPolqaSfbRecording_cut.wav,4.4,0.894427191,0.784,5
30409746_MinPolqaSfbRecording_cut.wav,2.2,0.836660027,0.733364848,5
30175139_MinPolqaSfbRecording_cut.wav,4.2,0.836660027,0.733364848,5
30213495_MinPolqaSfbRecording_cut.wav,2.666666667,0.577350269,0.653333333,3
30261455_MinPolqaSfbRecording_cut.wav,3.666666667,0.577350269,0.653333333,3
30489294_MinPolqaSfbRecording_cut.wav,3.333333333,0.577350269,0.653333333,3
28993226_MinPolqaSfbRecording_cut.wav,4.666666667,0.577350269,0.653333333,3
30472227_MinPolqaSfbRecording_cut.wav,2.666666667,0.577350269,0.653333333,3
29530810_MinPolqaSfbRecording_cut.wav,1.333333333,0.577350269,0.653333333,3
30206622_MinPolqaSfbRecording_cut.wav,4.333333333,0.577350269,0.653333333,3
30401618_MinPolqaSfbRecording_cut.wav,3.333333333,0.577350269,0.653333333,3
30179941_MinPolqaSfbRecording_cut.wav,3.0,0.0,0.0,3
30428032_MinPolqaSfbRecording_cut.wav,2.333333333,0.577350269,0.653333333,3
28841796_MinPolqaSfbRecording_cut.wav,4.2,0.836660027,0.733364848,5
30199680_MinPolqaSfbRecording_cut.wav,3.4,0.547722558,0.48009999,5
30485028_MinPolqaSfbRecording_cut.wav,3.2,0.447213595,0.392,5
30182619_MinPolqaSfbRecording_cut.wav,3.8,0.836660027,0.733364848,5
30174056_MinPolqaSfbRecording_cut.wav,2.4,1.516575089,1.329336677,5
30059857_MinPolqaSfbRecording_cut.wav,2.8,1.303840481,1.142866571,5
30491985_MinPolqaSfbRecording_cut.wav,4.4,0.547722558,0.48009999,5
30523174_MinPolqaSfbRecording_cut.wav,3.6,0.547722558,0.48009999,5
28523620_MinPolqaSfbRecording_cut.wav,4.0,1.0,0.876538647,5
30081456_MinPolqaSfbRecording_cut.wav,1.5,0.577350269,0.565803264,4
29047212_MinPolqaSfbRecording_cut.wav,3.5,0.577350269,0.565803264,4
30212585_MinPolqaSfbRecording_cut.wav,4.75,0.5,0.49,4
28957797_MinPolqaSfbRecording_cut.wav,4.25,0.957427108,0.938278566,4
28251346_MinPolqaSfbRecording_cut.wav,4.25,0.5,0.49,4
30430669_MinPolqaSfbRecording_cut.wav,2.75,1.258305739,1.233139624,4
30456918_MinPolqaSfbRecording_cut.wav,2.0,0.816496581,0.800166649,4
30142046_MinPolqaSfbRecording_cut.wav,1.5,1.0,0.98,4
30433003_MinPolqaSfbRecording_cut.wav,1.25,0.5,0.49,4
30136383_MinPolqaSfbRecording_cut.wav,3.0,1.0,1.131606528,3
30188936_MinPolqaSfbRecording_cut.wav,3.333333333,1.154700538,1.306666667,3
30192379_MinPolqaSfbRecording_cut.wav,1.666666667,1.154700538,1.306666667,3
30489668_MinPolqaSfbRecording_cut.wav,3.333333333,0.577350269,0.653333333,3
30150856_MinPolqaSfbRecording_cut.wav,3.333333333,0.577350269,0.653333333,3
30405486_MinPolqaSfbRecording_cut.wav,4.0,1.0,1.131606528,3
28191115_MinPolqaSfbRecording_cut.wav,3.666666667,0.577350269,0.653333333,3
30090120_MinPolqaSfbRecording_cut.wav,3.666666667,0.577350269,0.653333333,3
30443621_MinPolqaSfbRecording_cut.wav,2.666666667,2.081665999,2.355626833,3
30503721_MinPolqaSfbRecording_cut.wav,3.75,0.5,0.49,4
30181193_MinPolqaSfbRecording_cut.wav,3.5,0.577350269,0.565803264,4
30063632_MinPolqaSfbRecording_cut.wav,4.0,0.816496581,0.800166649,4
30473375_MinPolqaSfbRecording_cut.wav,4.25,0.5,0.49,4
28033392_MinPolqaSfbRecording_cut.wav,4.25,0.957427108,0.938278566,4
30090036_MinPolqaSfbRecording_cut.wav,3.75,0.957427108,0.938278566,4
30061021_MinPolqaSfbRecording_cut.wav,3.75,0.5,0.49,4
30090092_MinPolqaSfbRecording_cut.wav,2.5,0.707106781,0.98,2
28836224_MinPolqaSfbRecording_cut.wav,4.5,0.707106781,0.98,2
30471679_MinPolqaSfbRecording_cut.wav,4.0,0.0,0.0,2
30496865_MinPolqaSfbRecording_cut.wav,3.0,0.0,0.0,2
30487872_MinPolqaSfbRecording_cut.wav,2.5,0.707106781,0.98,2
28589747_MinPolqaSfbRecording_cut.wav,4.0,0.0,0.0,2
30130819_MinPolqaSfbRecording_cut.wav,3.0,0.0,0.0,2
30493223_MinPolqaSfbRecording_cut.wav,3.5,0.707106781,0.98,2
27666352_MinPolqaSfbRecording_cut.wav,3.5,0.707106781,0.98,2
29537556_MinPolqaSfbRecording_cut.wav,3.0,0.0,0.0,2
30179886_MinPolqaSfbRecording_cut.wav,3.5,0.577350269,0.565803264,4
30254456_MinPolqaSfbRecording_cut.wav,2.25,0.5,0.49,4
30142559_MinPolqaSfbRecording_cut.wav,3.25,0.5,0.49,4
30456311_MinPolqaSfbRecording_cut.wav,3.75,0.957427108,0.938278566,4
30210224_MinPolqaSfbRecording_cut.wav,4.25,0.5,0.49,4
30075245_MinPolqaSfbRecording_cut.wav,2.75,0.957427108,0.938278566,4
30069516_MinPolqaSfbRecording_cut.wav,2.25,0.957427108,0.938278566,4
30434810_MinPolqaSfbRecording_cut.wav,3.75,0.957427108,0.938278566,4
27792067_MinPolqaSfbRecording_cut.wav,3.333333333,0.577350269,0.653333333,3
30469949_MinPolqaSfbRecording_cut.wav,3.333333333,1.527525232,1.728557523,3
30520671_MinPolqaSfbRecording_cut.wav,3.666666667,1.527525232,1.728557523,3
30422874_MinPolqaSfbRecording_cut.wav,2.666666667,2.081665999,2.355626833,3
30449591_MinPolqaSfbRecording_cut.wav,3.666666667,1.527525232,1.728557523,3
30165471_MinPolqaSfbRecording_cut.wav,2.0,1.732050808,1.96,3
30118918_MinPolqaSfbRecording_cut.wav,3.333333333,1.527525232,1.728557523,3
30510399_MinPolqaSfbRecording_cut.wav,3.666666667,1.154700538,1.306666667,3
30526409_MinPolqaSfbRecording_cut.wav,3.0,0.816496581,0.800166649,4
29529587_MinPolqaSfbRecording_cut.wav,3.75,0.957427108,0.938278566,4
30097985_MinPolqaSfbRecording_cut.wav,1.0,0.0,0.0,4
28875767_MinPolqaSfbRecording_cut.wav,4.75,0.5,0.49,4
30118418_MinPolqaSfbRecording_cut.wav,2.75,1.5,1.47,4
27808622_MinPolqaSfbRecording_cut.wav,4.5,1.0,0.98,4
30060967_MinPolqaSfbRecording_cut.wav,4.25,0.5,0.49,4
29047616_MinPolqaSfbRecording_cut.wav,4.5,0.577350269,0.565803264,4
30437141_MinPolqaSfbRecording_cut.wav,3.25,1.5,1.47,4
30209350_MinPolqaSfbRecording_cut.wav,2.0,1.414213562,1.385929291,4
30450825_MinPolqaSfbRecording_cut.wav,2.0,1.0,1.131606528,3
30192084_MinPolqaSfbRecording_cut.wav,3.0,1.0,1.131606528,3
30168505_MinPolqaSfbRecording_cut.wav,2.666666667,0.577350269,0.653333333,3
30489297_MinPolqaSfbRecording_cut.wav,2.0,1.0,1.131606528,3
30112686_MinPolqaSfbRecording_cut.wav,3.0,2.0,2.263213055,3
30133116_MinPolqaSfbRecording_cut.wav,3.666666667,1.154700538,1.306666667,3
28893984_MinPolqaSfbRecording_cut.wav,3.666666667,1.154700538,1.306666667,3
28525318_MinPolqaSfbRecording_cut.wav,4.333333333,0.577350269,0.653333333,3
28450910_MinPolqaSfbRecording_cut.wav,3.666666667,1.154700538,1.306666667,3
30184641_MinPolqaSfbRecording_cut.wav,2.6,0.547722558,0.48009999,5
30101216_MinPolqaSfbRecording_cut.wav,3.0,1.0,0.876538647,5
27600020_MinPolqaSfbRecording_cut.wav,3.0,1.224744871,1.073536213,5
29537003_MinPolqaSfbRecording_cut.wav,2.2,0.836660027,0.733364848,5
30428964_MinPolqaSfbRecording_cut.wav,1.6,0.547722558,0.48009999,5
28141304_MinPolqaSfbRecording_cut.wav,3.4,1.140175425,0.999407825,5
30093273_MinPolqaSfbRecording_cut.wav,1.6,0.547722558,0.48009999,5
28156380_MinPolqaSfbRecording_cut.wav,3.0,0.707106781,0.619806421,5
27695235_MinPolqaSfbRecording_cut.wav,2.8,0.836660027,0.733364848,5
27515367_MinPolqaSfbRecording_cut.wav,2.6,0.547722558,0.48009999,5
30106984_MinPolqaSfbRecording_cut.wav,1.75,0.957427108,0.938278566,4
30162192_MinPolqaSfbRecording_cut.wav,3.25,0.5,0.49,4
29529566_MinPolqaSfbRecording_cut.wav,3.25,1.258305739,1.233139624,4
28801505_MinPolqaSfbRecording_cut.wav,4.25,0.957427108,0.938278566,4
28756050_MinPolqaSfbRecording_cut.wav,4.25,0.957427108,0.938278566,4
30067677_MinPolqaSfbRecording_cut.wav,3.0,0.816496581,0.800166649,4
30446668_MinPolqaSfbRecording_cut.wav,3.5,1.290994449,1.26517456,4
28958184_MinPolqaSfbRecording_cut.wav,4.0,0.816496581,0.800166649,4
30409714_MinPolqaSfbRecording_cut.wav,2.666666667,1.154700538,1.306666667,3
30487351_MinPolqaSfbRecording_cut.wav,2.0,0.0,0.0,3
27664345_MinPolqaSfbRecording_cut.wav,4.0,1.732050808,1.96,3
30509453_MinPolqaSfbRecording_cut.wav,2.666666667,0.577350269,0.653333333,3
30405402_MinPolqaSfbRecording_cut.wav,3.333333333,1.527525232,1.728557523,3
28799740_MinPolqaSfbRecording_cut.wav,3.0,1.0,1.131606528,3
30142095_MinPolqaSfbRecording_cut.wav,3.333333333,1.154700538,1.306666667,3
27818021_MinPolqaSfbRecording_cut.wav,4.666666667,0.577350269,0.653333333,3
27556031_MinPolqaSfbRecording_cut.wav,4.666666667,0.577350269,0.653333333,3
30404126_MinPolqaSfbRecording_cut.wav,1.333333333,0.577350269,0.653333333,3
27770125_MinPolqaSfbRecording_cut.wav,4.333333333,0.577350269,0.653333333,3
30067991_MinPolqaSfbRecording_cut.wav,3.333333333,0.577350269,0.653333333,3
30405996_MinPolqaSfbRecording_cut.wav,3.666666667,1.154700538,1.306666667,3
30465839_MinPolqaSfbRecording_cut.wav,1.2,0.447213595,0.392,5
29533170_MinPolqaSfbRecording_cut.wav,3.4,0.547722558,0.48009999,5
30083503_MinPolqaSfbRecording_cut.wav,2.0,0.707106781,0.619806421,5
30069987_MinPolqaSfbRecording_cut.wav,3.0,0.0,0.0,5
30184650_MinPolqaSfbRecording_cut.wav,1.8,0.836660027,0.733364848,5
29543578_MinPolqaSfbRecording_cut.wav,3.2,0.447213595,0.392,5
30138280_MinPolqaSfbRecording_cut.wav,2.6,0.547722558,0.48009999,5
30531031_MinPolqaSfbRecording_cut.wav,2.8,0.447213595,0.392,5
30206025_MinPolqaSfbRecording_cut.wav,3.0,0.707106781,0.619806421,5
30522212_MinPolqaSfbRecording_cut.wav,3.0,1.414213562,1.385929291,4
29539848_MinPolqaSfbRecording_cut.wav,1.75,0.5,0.49,4
29026707_MinPolqaSfbRecording_cut.wav,4.25,0.957427108,0.938278566,4
30162569_MinPolqaSfbRecording_cut.wav,2.25,0.957427108,0.938278566,4
30431584_MinPolqaSfbRecording_cut.wav,2.5,1.0,0.98,4
27738183_MinPolqaSfbRecording_cut.wav,4.0,0.816496581,0.800166649,4
30119968_MinPolqaSfbRecording_cut.wav,2.75,1.258305739,1.233139624,4
30161026_MinPolqaSfbRecording_cut.wav,3.0,0.816496581,0.800166649,4
30429118_MinPolqaSfbRecording_cut.wav,3.333333333,1.527525232,1.728557523,3
30457270_MinPolqaSfbRecording_cut.wav,3.333333333,1.527525232,1.728557523,3
30135910_MinPolqaSfbRecording_cut.wav,3.0,2.0,2.263213055,3
30091382_MinPolqaSfbRecording_cut.wav,2.666666667,0.577350269,0.653333333,3
30253314_MinPolqaSfbRecording_cut.wav,1.0,0.0,0.0,3
30103646_MinPolqaSfbRecording_cut.wav,3.666666667,1.154700538,1.306666667,3
28778513_MinPolqaSfbRecording_cut.wav,4.0,1.0,1.131606528,3
30413613_MinPolqaSfbRecording_cut.wav,3.0,1.732050808,1.96,3
27700039_MinPolqaSfbRecording_cut.wav,3.0,0.0,0.0,3
30212786_MinPolqaSfbRecording_cut.wav,1.6,0.894427191,0.784,5
30193806_MinPolqaSfbRecording_cut.wav,1.6,0.547722558,0.48009999,5
30136689_MinPolqaSfbRecording_cut.wav,4.0,1.224744871,1.073536213,5
30523918_MinPolqaSfbRecording_cut.wav,3.2,1.095445115,0.960199979,5
30457951_MinPolqaSfbRecording_cut.wav,2.6,0.547722558,0.48009999,5
30106408_MinPolqaSfbRecording_cut.wav,1.6,0.894427191,0.784,5
30197878_MinPolqaSfbRecording_cut.wav,3.0,1.224744871,1.073536213,5
30106545_MinPolqaSfbRecording_cut.wav,2.4,0.894427191,0.784,5
30429354_MinPolqaSfbRecording_cut.wav,1.4,0.547722558,0.48009999,5
30188915_MinPolqaSfbRecording_cut.wav,1.8,0.836660027,0.733364848,5
30504110_MinPolqaSfbRecording_cut.wav,3.0,1.0,1.131606528,3
30260274_MinPolqaSfbRecording_cut.wav,4.666666667,0.577350269,0.653333333,3
30092714_MinPolqaSfbRecording_cut.wav,4.0,1.0,1.131606528,3
28961548_MinPolqaSfbRecording_cut.wav,4.0,1.0,1.131606528,3
30163557_MinPolqaSfbRecording_cut.wav,4.0,1.0,1.131606528,3
30106383_MinPolqaSfbRecording_cut.wav,2.333333333,2.309401077,2.613333333,3
28000410_MinPolqaSfbRecording_cut.wav,4.0,1.0,1.131606528,3
30437610_MinPolqaSfbRecording_cut.wav,3.2,0.447213595,0.392,5
30174557_MinPolqaSfbRecording_cut.wav,1.6,0.547722558,0.48009999,5
30169156_MinPolqaSfbRecording_cut.wav,2.8,1.643167673,1.440299969,5
30254344_MinPolqaSfbRecording_cut.wav,4.2,0.447213595,0.392,5
30200004_MinPolqaSfbRecording_cut.wav,4.2,0.836660027,0.733364848,5
30141274_MinPolqaSfbRecording_cut.wav,2.0,0.707106781,0.619806421,5
30483260_MinPolqaSfbRecording_cut.wav,2.8,0.447213595,0.392,5
30516302_MinPolqaSfbRecording_cut.wav,3.0,0.707106781,0.619806421,5
30258192_MinPolqaSfbRecording_cut.wav,2.2,0.447213595,0.392,5
30132179_MinPolqaSfbRecording_cut.wav,2.8,0.447213595,0.392,5
30192856_MinPolqaSfbRecording_cut.wav,3.0,0.707106781,0.619806421,5
30130048_MinPolqaSfbRecording_cut.wav,2.0,0.0,0.0,5
30485893_MinPolqaSfbRecording_cut.wav,3.8,0.836660027,0.733364848,5
30071783_MinPolqaSfbRecording_cut.wav,3.8,0.836660027,0.733364848,5
28721668_MinPolqaSfbRecording_cut.wav,3.4,0.547722558,0.48009999,5
28560683_MinPolqaSfbRecording_cut.wav,4.0,0.707106781,0.619806421,5
30486009_MinPolqaSfbRecording_cut.wav,2.0,0.0,0.0,3
30063544_MinPolqaSfbRecording_cut.wav,2.0,0.0,0.0,3
30504188_MinPolqaSfbRecording_cut.wav,3.0,1.0,1.131606528,3
29542013_MinPolqaSfbRecording_cut.wav,2.0,0.0,0.0,3
30193323_MinPolqaSfbRecording_cut.wav,1.666666667,0.577350269,0.653333333,3
30421636_MinPolqaSfbRecording_cut.wav,4.0,0.0,0.0,3
28524327_MinPolqaSfbRecording_cut.wav,5.0,0.0,0.0,3
30435044_MinPolqaSfbRecording_cut.wav,3.666666667,0.577350269,0.653333333,3
30129692_MinPolqaSfbRecording_cut.wav,3.0,1.0,1.131606528,3
28531134_MinPolqaSfbRecording_cut.wav,4.333333333,1.154700538,1.306666667,3
30180348_MinPolqaSfbRecording_cut.wav,4.2,0.836660027,0.733364848,5
30470522_MinPolqaSfbRecording_cut.wav,3.0,1.0,0.876538647,5
28725928_MinPolqaSfbRecording_cut.wav,4.2,0.836660027,0.733364848,5
30450644_MinPolqaSfbRecording_cut.wav,2.0,1.224744871,1.073536213,5
30134178_MinPolqaSfbRecording_cut.wav,2.0,1.224744871,1.073536213,5
30080647_MinPolqaSfbRecording_cut.wav,2.6,1.516575089,1.329336677,5
30260215_MinPolqaSfbRecording_cut.wav,4.0,1.0,0.876538647,5
27799014_MinPolqaSfbRecording_cut.wav,2.6,1.341640786,1.176,5
30097845_MinPolqaSfbRecording_cut.wav,2.6,0.894427191,0.784,5
28868581_MinPolqaSfbRecording_cut.wav,4.2,0.836660027,0.733364848,5
28323424_MinPolqaSfbRecording_cut.wav,4.0,0.707106781,0.619806421,5
30154291_MinPolqaSfbRecording_cut.wav,1.6,0.894427191,0.784,5
30443923_MinPolqaSfbRecording_cut.wav,1.6,0.547722558,0.48009999,5
30446364_MinPolqaSfbRecording_cut.wav,2.8,1.303840481,1.142866571,5
30460416_MinPolqaSfbRecording_cut.wav,1.2,0.447213595,0.392,5
29026191_MinPolqaSfbRecording_cut.wav,4.0,1.0,0.876538647,5
30488894_MinPolqaSfbRecording_cut.wav,3.4,1.140175425,0.999407825,5
30529244_MinPolqaSfbRecording_cut.wav,5.0,0.0,0.0,2
30516375_MinPolqaSfbRecording_cut.wav,4.5,0.707106781,0.98,2
30129995_MinPolqaSfbRecording_cut.wav,4.5,0.707106781,0.98,2
30432980_MinPolqaSfbRecording_cut.wav,3.5,0.707106781,0.98,2
27780621_MinPolqaSfbRecording_cut.wav,5.0,0.0,0.0,2
30083578_MinPolqaSfbRecording_cut.wav,4.5,0.707106781,0.98,2
29529581_MinPolqaSfbRecording_cut.wav,4.5,0.707106781,0.98,2
27882230_MinPolqaSfbRecording_cut.wav,4.0,1.414213562,1.96,2
30080266_MinPolqaSfbRecording_cut.wav,3.5,0.577350269,0.565803264,4
28038747_MinPolqaSfbRecording_cut.wav,3.75,0.5,0.49,4
28651046_MinPolqaSfbRecording_cut.wav,2.75,0.957427108,0.938278566,4
30129924_MinPolqaSfbRecording_cut.wav,1.75,1.5,1.47,4
27953650_MinPolqaSfbRecording_cut.wav,3.75,0.5,0.49,4
30487222_MinPolqaSfbRecording_cut.wav,3.5,0.577350269,0.565803264,4
30075866_MinPolqaSfbRecording_cut.wav,2.25,1.258305739,1.233139624,4
30472322_MinPolqaSfbRecording_cut.wav,2.75,0.957427108,0.938278566,4
30100839_MinPolqaSfbRecording_cut.wav,3.5,0.577350269,0.565803264,4
29530559_MinPolqaSfbRecording_cut.wav,2.0,1.0,0.876538647,5
29542646_MinPolqaSfbRecording_cut.wav,4.0,1.0,0.876538647,5
29540073_MinPolqaSfbRecording_cut.wav,2.8,1.095445115,0.960199979,5
30475613_MinPolqaSfbRecording_cut.wav,2.8,1.095445115,0.960199979,5
28262381_MinPolqaSfbRecording_cut.wav,3.8,0.447213595,0.392,5
30143826_MinPolqaSfbRecording_cut.wav,2.6,0.894427191,0.784,5
30503958_MinPolqaSfbRecording_cut.wav,2.2,0.836660027,0.733364848,5
29540051_MinPolqaSfbRecording_cut.wav,3.8,0.447213595,0.392,5
30160176_MinPolqaSfbRecording_cut.wav,3.6,0.894427191,0.784,5
30102993_MinPolqaSfbRecording_cut.wav,2.4,1.140175425,0.999407825,5
30482527_MinPolqaSfbRecording_cut.wav,4.4,0.547722558,0.48009999,5
30071584_MinPolqaSfbRecording_cut.wav,3.6,0.894427191,0.784,5
30176817_MinPolqaSfbRecording_cut.wav,3.6,0.894427191,0.784,5
30435047_MinPolqaSfbRecording_cut.wav,4.2,0.836660027,0.733364848,5
30117517_MinPolqaSfbRecording_cut.wav,2.6,0.547722558,0.48009999,5
30129567_MinPolqaSfbRecording_cut.wav,3.4,0.547722558,0.48009999,5
30147939_MinPolqaSfbRecording_cut.wav,3.8,1.303840481,1.142866571,5
27604149_MinPolqaSfbRecording_cut.wav,3.75,0.5,0.49,4
30455825_MinPolqaSfbRecording_cut.wav,2.0,1.414213562,1.385929291,4
30137544_MinPolqaSfbRecording_cut.wav,3.0,0.816496581,0.800166649,4
30078212_MinPolqaSfbRecording_cut.wav,2.5,1.732050808,1.697409791,4
30153860_MinPolqaSfbRecording_cut.wav,3.0,1.414213562,1.385929291,4
30109339_MinPolqaSfbRecording_cut.wav,3.25,1.258305739,1.233139624,4
30479122_MinPolqaSfbRecording_cut.wav,3.0,1.414213562,1.385929291,4
28431217_MinPolqaSfbRecording_cut.wav,3.0,0.816496581,0.800166649,4
30445695_MinPolqaSfbRecording_cut.wav,3.5,0.577350269,0.565803264,4
27768536_MinPolqaSfbRecording_cut.wav,4.0,0.816496581,0.800166649,4
28915909_MinPolqaSfbRecording_cut.wav,4.0,0.707106781,0.619806421,5
28199165_MinPolqaSfbRecording_cut.wav,4.2,0.836660027,0.733364848,5
30491047_MinPolqaSfbRecording_cut.wav,3.4,0.894427191,0.784,5
30100675_MinPolqaSfbRecording_cut.wav,3.2,0.836660027,0.733364848,5
28468594_MinPolqaSfbRecording_cut.wav,3.2,0.447213595,0.392,5
30211859_MinPolqaSfbRecording_cut.wav,2.4,0.547722558,0.48009999,5
30081176_MinPolqaSfbRecording_cut.wav,3.4,0.547722558,0.48009999,5
30213509_MinPolqaSfbRecording_cut.wav,3.75,0.5,0.49,4
30185914_MinPolqaSfbRecording_cut.wav,3.25,0.5,0.49,4
30133548_MinPolqaSfbRecording_cut.wav,1.25,0.5,0.49,4
30201336_MinPolqaSfbRecording_cut.wav,4.0,0.816496581,0.800166649,4
30424641_MinPolqaSfbRecording_cut.wav,3.25,0.5,0.49,4
30157641_MinPolqaSfbRecording_cut.wav,4.25,0.5,0.49,4
30141588_MinPolqaSfbRecording_cut.wav,4.25,0.5,0.49,4
28970408_MinPolqaSfbRecording_cut.wav,4.25,0.5,0.49,4
30091770_MinPolqaSfbRecording_cut.wav,4.0,0.816496581,0.800166649,4
30122906_MinPolqaSfbRecording_cut.wav,4.0,1.0,0.876538647,5
30507486_MinPolqaSfbRecording_cut.wav,3.8,0.447213595,0.392,5
28339611_MinPolqaSfbRecording_cut.wav,4.4,0.547722558,0.48009999,5
27807036_MinPolqaSfbRecording_cut.wav,4.2,0.447213595,0.392,5
30083998_MinPolqaSfbRecording_cut.wav,4.4,0.547722558,0.48009999,5
30200221_MinPolqaSfbRecording_cut.wav,2.8,0.836660027,0.733364848,5
28296121_MinPolqaSfbRecording_cut.wav,4.2,0.447213595,0.392,5
29534164_MinPolqaSfbRecording_cut.wav,3.4,0.547722558,0.48009999,5
30529755_MinPolqaSfbRecording_cut.wav,3.8,0.447213595,0.392,5
30530305_MinPolqaSfbRecording_cut.wav,3.0,0.707106781,0.619806421,5
27574282_MinPolqaSfbRecording_cut.wav,4.4,0.547722558,0.48009999,5
30118015_MinPolqaSfbRecording_cut.wav,3.2,0.836660027,0.733364848,5
30073082_MinPolqaSfbRecording_cut.wav,2.4,1.140175425,0.999407825,5
30087618_MinPolqaSfbRecording_cut.wav,3.0,0.707106781,0.619806421,5
28849133_MinPolqaSfbRecording_cut.wav,3.8,0.447213595,0.392,5
30429500_MinPolqaSfbRecording_cut.wav,2.2,0.836660027,0.733364848,5
30161713_MinPolqaSfbRecording_cut.wav,2.8,0.447213595,0.392,5
30472665_MinPolqaSfbRecording_cut.wav,2.0,1.0,1.131606528,3
28230987_MinPolqaSfbRecording_cut.wav,3.666666667,1.154700538,1.306666667,3
30256646_MinPolqaSfbRecording_cut.wav,3.333333333,0.577350269,0.653333333,3
30449360_MinPolqaSfbRecording_cut.wav,1.333333333,0.577350269,0.653333333,3
28646824_MinPolqaSfbRecording_cut.wav,3.333333333,0.577350269,0.653333333,3
30513637_MinPolqaSfbRecording_cut.wav,1.0,0.0,0.0,3
28946978_MinPolqaSfbRecording_cut.wav,4.333333333,1.154700538,1.306666667,3
30412157_MinPolqaSfbRecording_cut.wav,1.0,0.0,0.0,3
30132582_MinPolqaSfbRecording_cut.wav,3.666666667,1.527525232,1.728557523,3
30434068_MinPolqaSfbRecording_cut.wav,4.0,0.0,0.0,5
28657790_MinPolqaSfbRecording_cut.wav,3.8,0.447213595,0.392,5
30421686_MinPolqaSfbRecording_cut.wav,1.8,0.447213595,0.392,5
30428884_MinPolqaSfbRecording_cut.wav,3.2,0.836660027,0.733364848,5
30172378_MinPolqaSfbRecording_cut.wav,3.6,1.140175425,0.999407825,5
27788037_MinPolqaSfbRecording_cut.wav,4.4,0.894427191,0.784,5
30201789_MinPolqaSfbRecording_cut.wav,3.8,0.836660027,0.733364848,5
28356134_MinPolqaSfbRecording_cut.wav,4.0,0.707106781,0.619806421,5
30068062_MinPolqaSfbRecording_cut.wav,4.4,0.547722558,0.48009999,5
30065982_MinPolqaSfbRecording_cut.wav,1.5,0.577350269,0.565803264,4
30069711_MinPolqaSfbRecording_cut.wav,2.25,0.957427108,0.938278566,4
30462472_MinPolqaSfbRecording_cut.wav,3.25,0.957427108,0.938278566,4
30097652_MinPolqaSfbRecording_cut.wav,1.5,1.0,0.98,4
28459662_MinPolqaSfbRecording_cut.wav,4.5,0.577350269,0.565803264,4
30138932_MinPolqaSfbRecording_cut.wav,4.25,0.957427108,0.938278566,4
28699216_MinPolqaSfbRecording_cut.wav,4.0,0.816496581,0.800166649,4
30189085_MinPolqaSfbRecording_cut.wav,2.0,1.414213562,1.385929291,4
28491774_MinPolqaSfbRecording_cut.wav,2.5,0.577350269,0.565803264,4
30435076_MinPolqaSfbRecording_cut.wav,2.75,0.957427108,0.938278566,4
28744314_MinPolqaSfbRecording_cut.wav,3.75,0.957427108,0.938278566,4
30111605_MinPolqaSfbRecording_cut.wav,3.25,0.957427108,0.938278566,4
28671878_MinPolqaSfbRecording_cut.wav,4.25,0.5,0.49,4
28517427_MinPolqaSfbRecording_cut.wav,4.0,0.816496581,0.800166649,4
30462388_MinPolqaSfbRecording_cut.wav,2.25,0.957427108,0.938278566,4
30171766_MinPolqaSfbRecording_cut.wav,3.75,0.5,0.49,4
28722232_MinPolqaSfbRecording_cut.wav,3.0,1.0,0.876538647,5
29535411_MinPolqaSfbRecording_cut.wav,3.0,1.224744871,1.073536213,5
29542610_MinPolqaSfbRecording_cut.wav,2.4,0.894427191,0.784,5
30135659_MinPolqaSfbRecording_cut.wav,3.6,1.140175425,0.999407825,5
30121838_MinPolqaSfbRecording_cut.wav,3.2,0.836660027,0.733364848,5
30423901_MinPolqaSfbRecording_cut.wav,2.2,0.836660027,0.733364848,5
30531395_MinPolqaSfbRecording_cut.wav,2.6,0.547722558,0.48009999,5
30263837_MinPolqaSfbRecording_cut.wav,4.0,1.0,0.876538647,5
30431568_MinPolqaSfbRecording_cut.wav,1.6,0.547722558,0.48009999,5
30249211_MinPolqaSfbRecording_cut.wav,2.8,0.447213595,0.392,5
30170789_MinPolqaSfbRecording_cut.wav,3.0,0.707106781,0.619806421,5
28739778_MinPolqaSfbRecording_cut.wav,3.4,0.547722558,0.48009999,5
30523884_MinPolqaSfbRecording_cut.wav,2.0,0.707106781,0.619806421,5
30169715_MinPolqaSfbRecording_cut.wav,3.4,1.140175425,0.999407825,5
30143118_MinPolqaSfbRecording_cut.wav,1.8,0.447213595,0.392,5
28735445_MinPolqaSfbRecording_cut.wav,3.0,0.0,0.0,4
28192333_MinPolqaSfbRecording_cut.wav,3.75,0.5,0.49,4
30519553_MinPolqaSfbRecording_cut.wav,3.75,0.5,0.49,4
30528709_MinPolqaSfbRecording_cut.wav,4.25,0.5,0.49,4
30071492_MinPolqaSfbRecording_cut.wav,3.25,0.5,0.49,4
30523249_MinPolqaSfbRecording_cut.wav,3.5,0.577350269,0.565803264,4
30452841_MinPolqaSfbRecording_cut.wav,3.5,0.577350269,0.565803264,4
30500673_MinPolqaSfbRecording_cut.wav,3.25,0.957427108,0.938278566,4
30108630_MinPolqaSfbRecording_cut.wav,3.0,0.816496581,0.800166649,4
27781484_MinPolqaSfbRecording_cut.wav,4.25,0.5,0.49,4
30437020_MinPolqaSfbRecording_cut.wav,3.75,0.957427108,0.938278566,4
30504207_MinPolqaSfbRecording_cut.wav,2.5,1.290994449,1.26517456,4
30263165_MinPolqaSfbRecording_cut.wav,3.75,0.5,0.49,4
30183807_MinPolqaSfbRecording_cut.wav,3.5,1.290994449,1.26517456,4
30472938_MinPolqaSfbRecording_cut.wav,3.5,0.577350269,0.565803264,4
30404673_MinPolqaSfbRecording_cut.wav,2.0,1.154700538,1.131606528,4
27870984_MinPolqaSfbRecording_cut.wav,3.8,0.447213595,0.392,5
30171386_MinPolqaSfbRecording_cut.wav,2.6,0.894427191,0.784,5
28591942_MinPolqaSfbRecording_cut.wav,3.2,1.643167673,1.440299969,5
30487192_MinPolqaSfbRecording_cut.wav,3.4,0.894427191,0.784,5
30089270_MinPolqaSfbRecording_cut.wav,3.6,1.140175425,0.999407825,5
30069428_MinPolqaSfbRecording_cut.wav,2.2,1.303840481,1.142866571,5
30408820_MinPolqaSfbRecording_cut.wav,3.8,0.836660027,0.733364848,5
30472179_MinPolqaSfbRecording_cut.wav,2.6,0.894427191,0.784,5
30117555_MinPolqaSfbRecording_cut.wav,3.8,1.303840481,1.142866571,5
30496444_MinPolqaSfbRecording_cut.wav,2.4,0.894427191,0.784,5
30163181_MinPolqaSfbRecording_cut.wav,1.4,0.547722558,0.48009999,5
30422718_MinPolqaSfbRecording_cut.wav,3.6,0.894427191,0.784,5
30259741_MinPolqaSfbRecording_cut.wav,2.8,0.836660027,0.733364848,5
30249670_MinPolqaSfbRecording_cut.wav,2.8,0.836660027,0.733364848,5
30406154_MinPolqaSfbRecording_cut.wav,1.4,0.547722558,0.48009999,5
28787324_MinPolqaSfbRecording_cut.wav,4.25,0.957427108,0.938278566,4
27758460_MinPolqaSfbRecording_cut.wav,4.25,0.957427108,0.938278566,4
30120408_MinPolqaSfbRecording_cut.wav,4.0,1.154700538,1.131606528,4
30405555_MinPolqaSfbRecording_cut.wav,2.25,0.5,0.49,4
30160709_MinPolqaSfbRecording_cut.wav,3.75,1.258305739,1.233139624,4
28559717_MinPolqaSfbRecording_cut.wav,4.0,0.816496581,0.800166649,4
30089997_MinPolqaSfbRecording_cut.wav,3.0,0.816496581,0.800166649,4
30487479_MinPolqaSfbRecording_cut.wav,2.75,0.957427108,0.938278566,4
30100953_MinPolqaSfbRecording_cut.wav,2.5,0.577350269,0.565803264,4
30429453_MinPolqaSfbRecording_cut.wav,2.5,1.0,0.98,4
29541883_MinPolqaSfbRecording_cut.wav,4.25,0.5,0.49,4
30173388_MinPolqaSfbRecording_cut.wav,2.5,0.577350269,0.565803264,4
27927102_MinPolqaSfbRecording_cut.wav,2.75,0.5,0.49,4
30526402_MinPolqaSfbRecording_cut.wav,3.0,0.0,0.0,4
30442763_MinPolqaSfbRecording_cut.wav,3.25,0.5,0.49,4
29541794_MinPolqaSfbRecording_cut.wav,2.75,0.957427108,0.938278566,4
28765802_MinPolqaSfbRecording_cut.wav,3.25,0.5,0.49,4
30112607_MinPolqaSfbRecording_cut.wav,2.75,1.258305739,1.233139624,4
30471897_MinPolqaSfbRecording_cut.wav,4.0,0.816496581,0.800166649,4
30259690_MinPolqaSfbRecording_cut.wav,2.5,1.290994449,1.26517456,4
29005408_MinPolqaSfbRecording_cut.wav,4.0,0.816496581,0.800166649,4
30065196_MinPolqaSfbRecording_cut.wav,3.25,0.5,0.49,4
30264447_MinPolqaSfbRecording_cut.wav,4.0,0.816496581,0.800166649,4
30199986_MinPolqaSfbRecording_cut.wav,4.0,0.816496581,0.800166649,4
28817940_MinPolqaSfbRecording_cut.wav,3.5,0.577350269,0.565803264,4
30184143_MinPolqaSfbRecording_cut.wav,3.0,0.816496581,0.800166649,4
30114016_MinPolqaSfbRecording_cut.wav,3.75,0.5,0.49,4
30413010_MinPolqaSfbRecording_cut.wav,3.5,0.577350269,0.565803264,4
28117082_MinPolqaSfbRecording_cut.wav,3.5,0.577350269,0.565803264,4
30529246_MinPolqaSfbRecording_cut.wav,3.75,0.957427108,0.938278566,4
30060850_MinPolqaSfbRecording_cut.wav,3.5,0.577350269,0.565803264,4
30466559_MinPolqaSfbRecording_cut.wav,3.5,0.577350269,0.565803264,4
30067225_MinPolqaSfbRecording_cut.wav,2.75,0.5,0.49,4
30429165_MinPolqaSfbRecording_cut.wav,2.75,0.5,0.49,4
30207016_MinPolqaSfbRecording_cut.wav,2.75,0.5,0.49,4
30249015_MinPolqaSfbRecording_cut.wav,2.0,0.816496581,0.800166649,4
30163182_MinPolqaSfbRecording_cut.wav,1.75,0.5,0.49,4
25944508_MinPolqaSfbRecording_cut.wav,4.5,1.0,0.98,4
30516782_MinPolqaSfbRecording_cut.wav,3.5,1.290994449,1.26517456,4
28448932_MinPolqaSfbRecording_cut.wav,4.0,0.816496581,0.800166649,4
30097410_MinPolqaSfbRecording_cut.wav,2.25,0.5,0.49,4
27643516_MinPolqaSfbRecording_cut.wav,3.25,0.5,0.49,4
30064672_MinPolqaSfbRecording_cut.wav,3.5,0.577350269,0.565803264,4
30519877_MinPolqaSfbRecording_cut.wav,2.0,0.0,0.0,4
30134206_MinPolqaSfbRecording_cut.wav,1.75,1.5,1.47,4
30127262_MinPolqaSfbRecording_cut.wav,3.0,0.0,0.0,4
30091924_MinPolqaSfbRecording_cut.wav,3.25,0.5,0.49,4
27850039_MinPolqaSfbRecording_cut.wav,3.8,0.447213595,0.392,5
29057469_MinPolqaSfbRecording_cut.wav,4.0,0.0,0.0,5
28457220_MinPolqaSfbRecording_cut.wav,4.0,0.707106781,0.619806421,5
30258886_MinPolqaSfbRecording_cut.wav,4.0,0.707106781,0.619806421,5
30196235_MinPolqaSfbRecording_cut.wav,4.0,0.816496581,0.800166649,4
30407698_MinPolqaSfbRecording_cut.wav,1.75,0.5,0.49,4
30133021_MinPolqaSfbRecording_cut.wav,4.0,0.816496581,0.800166649,4
27689352_MinPolqaSfbRecording_cut.wav,4.25,0.5,0.49,4
30156997_MinPolqaSfbRecording_cut.wav,2.75,0.5,0.49,4
30478412_MinPolqaSfbRecording_cut.wav,3.75,0.957427108,0.938278566,4
30528296_MinPolqaSfbRecording_cut.wav,3.25,1.258305739,1.233139624,4
30099114_MinPolqaSfbRecording_cut.wav,3.0,1.154700538,1.131606528,4
28238236_MinPolqaSfbRecording_cut.wav,4.5,0.577350269,0.565803264,4
30150162_MinPolqaSfbRecording_cut.wav,4.4,0.547722558,0.48009999,5
30180796_MinPolqaSfbRecording_cut.wav,3.4,1.140175425,0.999407825,5
30448909_MinPolqaSfbRecording_cut.wav,4.2,0.836660027,0.733364848,5
27730671_MinPolqaSfbRecording_cut.wav,3.8,1.095445115,0.960199979,5
30208895_MinPolqaSfbRecording_cut.wav,1.8,0.836660027,0.733364848,5
27616317_MinPolqaSfbRecording_cut.wav,4.8,0.447213595,0.392,5
28127635_MinPolqaSfbRecording_cut.wav,4.0,0.707106781,0.619806421,5
28728764_MinPolqaSfbRecording_cut.wav,3.4,0.894427191,0.784,5
30162613_MinPolqaSfbRecording_cut.wav,4.2,0.447213595,0.392,5
30154143_MinPolqaSfbRecording_cut.wav,2.5,1.290994449,1.26517456,4
30430108_MinPolqaSfbRecording_cut.wav,3.0,1.632993162,1.600333299,4
30202463_MinPolqaSfbRecording_cut.wav,3.0,0.816496581,0.800166649,4
30154140_MinPolqaSfbRecording_cut.wav,2.0,0.816496581,0.800166649,4
30529605_MinPolqaSfbRecording_cut.wav,2.0,1.154700538,1.131606528,4
30254531_MinPolqaSfbRecording_cut.wav,3.25,1.5,1.47,4
30078642_MinPolqaSfbRecording_cut.wav,2.75,1.707825128,1.673668625,4
30126405_MinPolqaSfbRecording_cut.wav,1.5,1.0,0.98,4
30210911_MinPolqaSfbRecording_cut.wav,3.75,1.892969449,1.85511006,4
30410335_MinPolqaSfbRecording_cut.wav,3.5,0.577350269,0.565803264,4
30066307_MinPolqaSfbRecording_cut.wav,2.5,1.290994449,1.26517456,4
30518860_MinPolqaSfbRecording_cut.wav,3.25,0.957427108,0.938278566,4
29062081_MinPolqaSfbRecording_cut.wav,3.75,0.5,0.49,4
30163681_MinPolqaSfbRecording_cut.wav,2.5,1.732050808,1.697409791,4
28517574_MinPolqaSfbRecording_cut.wav,4.0,0.816496581,0.800166649,4
29539878_MinPolqaSfbRecording_cut.wav,2.5,1.0,0.98,4
30180339_MinPolqaSfbRecording_cut.wav,3.5,0.577350269,0.565803264,4
30147733_MinPolqaSfbRecording_cut.wav,3.5,1.0,0.98,4
30199702_MinPolqaSfbRecording_cut.wav,4.0,0.816496581,0.800166649,4
30522104_MinPolqaSfbRecording_cut.wav,2.5,1.290994449,1.26517456,4
28618349_MinPolqaSfbRecording_cut.wav,3.75,0.957427108,0.938278566,4
30523801_MinPolqaSfbRecording_cut.wav,2.75,0.5,0.49,4
30205687_MinPolqaSfbRecording_cut.wav,3.25,0.5,0.49,4
28661554_MinPolqaSfbRecording_cut.wav,3.0,0.0,0.0,4
30110677_MinPolqaSfbRecording_cut.wav,2.333333333,1.527525232,1.728557523,3
30175287_MinPolqaSfbRecording_cut.wav,3.666666667,1.154700538,1.306666667,3
30463937_MinPolqaSfbRecording_cut.wav,3.666666667,1.154700538,1.306666667,3
27624531_MinPolqaSfbRecording_cut.wav,3.0,1.0,1.131606528,3
30257380_MinPolqaSfbRecording_cut.wav,3.0,1.0,1.131606528,3
30086992_MinPolqaSfbRecording_cut.wav,2.0,1.0,1.131606528,3
28442076_MinPolqaSfbRecording_cut.wav,4.0,0.0,0.0,3
30256272_MinPolqaSfbRecording_cut.wav,2.0,1.0,1.131606528,3
30528797_MinPolqaSfbRecording_cut.wav,2.5,0.577350269,0.565803264,4
30405392_MinPolqaSfbRecording_cut.wav,2.5,1.290994449,1.26517456,4
29535738_MinPolqaSfbRecording_cut.wav,2.5,0.577350269,0.565803264,4
28757365_MinPolqaSfbRecording_cut.wav,3.75,0.5,0.49,4
28286216_MinPolqaSfbRecording_cut.wav,3.0,0.816496581,0.800166649,4
27748438_MinPolqaSfbRecording_cut.wav,3.25,0.5,0.49,4
30194828_MinPolqaSfbRecording_cut.wav,1.5,0.577350269,0.565803264,4
27674306_MinPolqaSfbRecording_cut.wav,4.333333333,1.154700538,1.306666667,3
30106627_MinPolqaSfbRecording_cut.wav,2.0,1.0,1.131606528,3
30409772_MinPolqaSfbRecording_cut.wav,2.666666667,2.081665999,2.355626833,3
28896943_MinPolqaSfbRecording_cut.wav,3.333333333,0.577350269,0.653333333,3
29540099_MinPolqaSfbRecording_cut.wav,3.666666667,1.154700538,1.306666667,3
30469320_MinPolqaSfbRecording_cut.wav,4.0,1.0,1.131606528,3
27883793_MinPolqaSfbRecording_cut.wav,4.333333333,0.577350269,0.653333333,3
30157082_MinPolqaSfbRecording_cut.wav,4.333333333,0.577350269,0.653333333,3
30130222_MinPolqaSfbRecording_cut.wav,1.0,0.0,0.0,3
28803774_MinPolqaSfbRecording_cut.wav,4.333333333,1.154700538,1.306666667,3
30529431_MinPolqaSfbRecording_cut.wav,3.666666667,0.577350269,0.653333333,3
28867285_MinPolqaSfbRecording_cut.wav,4.666666667,0.577350269,0.653333333,3
29529552_MinPolqaSfbRecording_cut.wav,3.0,0.0,0.0,3
30467913_MinPolqaSfbRecording_cut.wav,3.333333333,0.577350269,0.653333333,3
30213625_MinPolqaSfbRecording_cut.wav,4.0,1.0,1.131606528,3
30514685_MinPolqaSfbRecording_cut.wav,2.5,0.707106781,0.98,2
30072667_MinPolqaSfbRecording_cut.wav,2.5,0.707106781,0.98,2
30142689_MinPolqaSfbRecording_cut.wav,3.0,1.414213562,1.96,2
30261021_MinPolqaSfbRecording_cut.wav,3.5,0.707106781,0.98,2
30128772_MinPolqaSfbRecording_cut.wav,3.5,0.707106781,0.98,2
30439470_MinPolqaSfbRecording_cut.wav,2.5,0.707106781,0.98,2
30059771_MinPolqaSfbRecording_cut.wav,1.5,0.707106781,0.98,2
30477855_MinPolqaSfbRecording_cut.wav,3.5,0.707106781,0.98,2
29532327_MinPolqaSfbRecording_cut.wav,2.0,1.414213562,1.96,2
30147179_MinPolqaSfbRecording_cut.wav,3.0,0.816496581,0.800166649,4
29540661_MinPolqaSfbRecording_cut.wav,1.5,1.0,0.98,4
30439060_MinPolqaSfbRecording_cut.wav,2.25,0.957427108,0.938278566,4
29018264_MinPolqaSfbRecording_cut.wav,4.5,0.577350269,0.565803264,4
30153769_MinPolqaSfbRecording_cut.wav,4.0,1.414213562,1.385929291,4
30437298_MinPolqaSfbRecording_cut.wav,1.75,0.957427108,0.938278566,4
30453340_MinPolqaSfbRecording_cut.wav,2.5,0.577350269,0.565803264,4
30159171_MinPolqaSfbRecording_cut.wav,3.5,0.577350269,0.565803264,4
30477692_MinPolqaSfbRecording_cut.wav,2.5,0.577350269,0.565803264,4
30159091_MinPolqaSfbRecording_cut.wav,3.333333333,0.577350269,0.653333333,3
30405826_MinPolqaSfbRecording_cut.wav,3.333333333,0.577350269,0.653333333,3
30195753_MinPolqaSfbRecording_cut.wav,4.0,0.0,0.0,3
30092123_MinPolqaSfbRecording_cut.wav,2.333333333,0.577350269,0.653333333,3
28687070_MinPolqaSfbRecording_cut.wav,4.0,1.0,1.131606528,3
30415805_MinPolqaSfbRecording_cut.wav,4.0,1.0,1.131606528,3
27732355_MinPolqaSfbRecording_cut.wav,4.666666667,0.577350269,0.653333333,3
30186131_MinPolqaSfbRecording_cut.wav,3.333333333,0.577350269,0.653333333,3
30078909_MinPolqaSfbRecording_cut.wav,4.333333333,0.577350269,0.653333333,3
28716798_MinPolqaSfbRecording_cut.wav,3.75,0.5,0.49,4
28119510_MinPolqaSfbRecording_cut.wav,4.0,0.0,0.0,4
27138685_MinPolqaSfbRecording_cut.wav,4.0,0.0,0.0,4
30147719_MinPolqaSfbRecording_cut.wav,3.0,0.816496581,0.800166649,4
30526408_MinPolqaSfbRecording_cut.wav,2.75,0.5,0.49,4
28182248_MinPolqaSfbRecording_cut.wav,4.25,0.5,0.49,4
30177515_MinPolqaSfbRecording_cut.wav,3.25,0.5,0.49,4
30446711_MinPolqaSfbRecording_cut.wav,2.75,0.957427108,0.938278566,4
27700773_MinPolqaSfbRecording_cut.wav,3.25,0.5,0.49,4
30485099_MinPolqaSfbRecording_cut.wav,3.8,0.836660027,0.733364848,5
30473417_MinPolqaSfbRecording_cut.wav,3.0,0.707106781,0.619806421,5
30086249_MinPolqaSfbRecording_cut.wav,3.8,0.836660027,0.733364848,5
28584043_MinPolqaSfbRecording_cut.wav,3.6,1.140175425,0.999407825,5
29531249_MinPolqaSfbRecording_cut.wav,1.6,0.547722558,0.48009999,5
30100632_MinPolqaSfbRecording_cut.wav,1.2,0.447213595,0.392,5
28227517_MinPolqaSfbRecording_cut.wav,4.0,0.707106781,0.619806421,5
28171314_MinPolqaSfbRecording_cut.wav,3.4,0.547722558,0.48009999,5
30424707_MinPolqaSfbRecording_cut.wav,2.5,0.577350269,0.565803264,4
30078010_MinPolqaSfbRecording_cut.wav,2.75,0.5,0.49,4
30527909_MinPolqaSfbRecording_cut.wav,2.25,0.5,0.49,4
30063666_MinPolqaSfbRecording_cut.wav,2.25,0.957427108,0.938278566,4
30436366_MinPolqaSfbRecording_cut.wav,2.25,0.5,0.49,4
30254118_MinPolqaSfbRecording_cut.wav,2.0,0.816496581,0.800166649,4
30505514_MinPolqaSfbRecording_cut.wav,1.75,0.5,0.49,4
30520600_MinPolqaSfbRecording_cut.wav,2.5,0.577350269,0.565803264,4
30487555_MinPolqaSfbRecording_cut.wav,2.0,1.0,1.131606528,3
27686462_MinPolqaSfbRecording_cut.wav,3.666666667,0.577350269,0.653333333,3
30457534_MinPolqaSfbRecording_cut.wav,4.0,0.0,0.0,3
30184852_MinPolqaSfbRecording_cut.wav,4.0,1.732050808,1.96,3
28458459_MinPolqaSfbRecording_cut.wav,4.0,0.0,0.0,3
30462808_MinPolqaSfbRecording_cut.wav,2.333333333,0.577350269,0.653333333,3
30103142_MinPolqaSfbRecording_cut.wav,3.8,0.447213595,0.392,5
30472967_MinPolqaSfbRecording_cut.wav,3.6,0.894427191,0.784,5
30080785_MinPolqaSfbRecording_cut.wav,2.8,0.836660027,0.733364848,5
30100211_MinPolqaSfbRecording_cut.wav,4.2,0.447213595,0.392,5
30179148_MinPolqaSfbRecording_cut.wav,2.4,0.547722558,0.48009999,5
28810613_MinPolqaSfbRecording_cut.wav,4.0,0.707106781,0.619806421,5
30467636_MinPolqaSfbRecording_cut.wav,1.2,0.447213595,0.392,5
30504798_MinPolqaSfbRecording_cut.wav,4.0,0.707106781,0.619806421,5
30210804_MinPolqaSfbRecording_cut.wav,2.6,0.547722558,0.48009999,5
30151630_MinPolqaSfbRecording_cut.wav,3.8,0.447213595,0.392,5
29050650_MinPolqaSfbRecording_cut.wav,3.75,0.5,0.49,4
28244524_MinPolqaSfbRecording_cut.wav,4.5,0.577350269,0.565803264,4
30468738_MinPolqaSfbRecording_cut.wav,2.5,0.577350269,0.565803264,4
30151102_MinPolqaSfbRecording_cut.wav,3.75,0.5,0.49,4
30088801_MinPolqaSfbRecording_cut.wav,2.5,0.577350269,0.565803264,4
30483594_MinPolqaSfbRecording_cut.wav,2.0,0.816496581,0.800166649,4
30107301_MinPolqaSfbRecording_cut.wav,2.0,1.154700538,1.131606528,4
30101535_MinPolqaSfbRecording_cut.wav,4.25,0.5,0.49,4
28981145_MinPolqaSfbRecording_cut.wav,3.75,0.957427108,0.938278566,4
30172835_MinPolqaSfbRecording_cut.wav,3.666666667,0.577350269,0.653333333,3
29005357_MinPolqaSfbRecording_cut.wav,3.666666667,0.577350269,0.653333333,3
30197901_MinPolqaSfbRecording_cut.wav,2.666666667,1.154700538,1.306666667,3
27779319_MinPolqaSfbRecording_cut.wav,3.666666667,0.577350269,0.653333333,3
29059160_MinPolqaSfbRecording_cut.wav,2.666666667,0.577350269,0.653333333,3
30162469_MinPolqaSfbRecording_cut.wav,3.666666667,0.577350269,0.653333333,3
30148928_MinPolqaSfbRecording_cut.wav,3.333333333,0.577350269,0.653333333,3
30107083_MinPolqaSfbRecording_cut.wav,1.666666667,0.577350269,0.653333333,3
30137988_MinPolqaSfbRecording_cut.wav,3.75,1.258305739,1.233139624,4
30520642_MinPolqaSfbRecording_cut.wav,4.25,0.957427108,0.938278566,4
30150855_MinPolqaSfbRecording_cut.wav,4.0,0.816496581,0.800166649,4
29006808_MinPolqaSfbRecording_cut.wav,3.0,1.825741858,1.789227021,4
30175158_MinPolqaSfbRecording_cut.wav,3.5,1.0,0.98,4
30211007_MinPolqaSfbRecording_cut.wav,3.0,1.154700538,1.131606528,4
30208145_MinPolqaSfbRecording_cut.wav,3.75,1.5,1.47,4
30462495_MinPolqaSfbRecording_cut.wav,2.75,0.5,0.49,4
30068952_MinPolqaSfbRecording_cut.wav,2.0,0.816496581,0.800166649,4
28970132_MinPolqaSfbRecording_cut.wav,4.75,0.5,0.49,4
30105131_MinPolqaSfbRecording_cut.wav,3.75,0.5,0.49,4
30099892_MinPolqaSfbRecording_cut.wav,2.5,0.577350269,0.565803264,4
30251892_MinPolqaSfbRecording_cut.wav,2.0,0.0,0.0,4
30503846_MinPolqaSfbRecording_cut.wav,2.25,0.5,0.49,4
27550234_MinPolqaSfbRecording_cut.wav,4.25,0.5,0.49,4
30489621_MinPolqaSfbRecording_cut.wav,1.75,0.5,0.49,4
30133304_MinPolqaSfbRecording_cut.wav,2.25,0.5,0.49,4
30502005_MinPolqaSfbRecording_cut.wav,2.0,0.816496581,0.800166649,4
30189543_MinPolqaSfbRecording_cut.wav,2.25,0.5,0.49,4
30154643_MinPolqaSfbRecording_cut.wav,4.0,0.816496581,0.800166649,4
27684006_MinPolqaSfbRecording_cut.wav,3.75,0.957427108,0.938278566,4
28616069_MinPolqaSfbRecording_cut.wav,4.25,0.5,0.49,4
30400816_MinPolqaSfbRecording_cut.wav,2.25,0.957427108,0.938278566,4
30529173_MinPolqaSfbRecording_cut.wav,3.0,0.816496581,0.800166649,4
30132569_MinPolqaSfbRecording_cut.wav,3.0,1.154700538,1.131606528,4
29541336_MinPolqaSfbRecording_cut.wav,2.0,0.816496581,0.800166649,4
30171528_MinPolqaSfbRecording_cut.wav,3.75,1.258305739,1.233139624,4
29001418_MinPolqaSfbRecording_cut.wav,3.75,0.957427108,0.938278566,4
30103107_MinPolqaSfbRecording_cut.wav,2.75,0.957427108,0.938278566,4
27809715_MinPolqaSfbRecording_cut.wav,3.5,0.577350269,0.565803264,4
30182501_MinPolqaSfbRecording_cut.wav,2.25,0.5,0.49,4
30112966_MinPolqaSfbRecording_cut.wav,1.75,0.5,0.49,4
30428470_MinPolqaSfbRecording_cut.wav,2.75,0.5,0.49,4
30467955_MinPolqaSfbRecording_cut.wav,3.25,0.5,0.49,4
27708807_MinPolqaSfbRecording_cut.wav,3.75,0.5,0.49,4
30154764_MinPolqaSfbRecording_cut.wav,3.25,0.5,0.49,4
30487390_MinPolqaSfbRecording_cut.wav,2.5,0.577350269,0.565803264,4
30262826_MinPolqaSfbRecording_cut.wav,3.0,0.816496581,0.800166649,4
30262034_MinPolqaSfbRecording_cut.wav,2.25,1.258305739,1.233139624,4
27926134_MinPolqaSfbRecording_cut.wav,3.5,1.0,0.98,4
30436928_MinPolqaSfbRecording_cut.wav,2.75,0.5,0.49,4
30520647_MinPolqaSfbRecording_cut.wav,3.5,1.0,0.98,4
30486565_MinPolqaSfbRecording_cut.wav,2.75,1.5,1.47,4
30091767_MinPolqaSfbRecording_cut.wav,2.75,1.707825128,1.673668625,4
30070978_MinPolqaSfbRecording_cut.wav,1.75,0.957427108,0.938278566,4
30122336_MinPolqaSfbRecording_cut.wav,3.75,1.5,1.47,4
27704202_MinPolqaSfbRecording_cut.wav,4.0,0.816496581,0.800166649,4
30159348_MinPolqaSfbRecording_cut.wav,2.5,1.290994449,1.26517456,4
30401611_MinPolqaSfbRecording_cut.wav,3.5,1.0,0.98,4
28815158_MinPolqaSfbRecording_cut.wav,4.75,0.5,0.49,4
30214078_MinPolqaSfbRecording_cut.wav,3.25,0.957427108,0.938278566,4
30252313_MinPolqaSfbRecording_cut.wav,3.5,1.0,0.98,4
30458351_MinPolqaSfbRecording_cut.wav,1.5,1.0,0.98,4
30196379_MinPolqaSfbRecording_cut.wav,3.5,0.577350269,0.565803264,4
28660059_MinPolqaSfbRecording_cut.wav,4.25,0.5,0.49,4
30212474_MinPolqaSfbRecording_cut.wav,2.75,0.5,0.49,4
28766440_MinPolqaSfbRecording_cut.wav,4.75,0.5,0.49,4
30478456_MinPolqaSfbRecording_cut.wav,3.0,0.816496581,0.800166649,4
30206441_MinPolqaSfbRecording_cut.wav,3.0,0.816496581,0.800166649,4
30139037_MinPolqaSfbRecording_cut.wav,3.0,0.0,0.0,4
28291016_MinPolqaSfbRecording_cut.wav,4.25,0.957427108,0.938278566,4
28739493_MinPolqaSfbRecording_cut.wav,3.5,0.577350269,0.565803264,4
28465952_MinPolqaSfbRecording_cut.wav,4.0,0.816496581,0.800166649,4
30429339_MinPolqaSfbRecording_cut.wav,2.75,0.957427108,0.938278566,4
30070284_MinPolqaSfbRecording_cut.wav,4.0,0.816496581,0.800166649,4
30212583_MinPolqaSfbRecording_cut.wav,4.25,0.5,0.49,4
30211436_MinPolqaSfbRecording_cut.wav,4.0,0.816496581,0.800166649,4
30506905_MinPolqaSfbRecording_cut.wav,2.75,0.957427108,0.938278566,4
28500908_MinPolqaSfbRecording_cut.wav,4.0,0.816496581,0.800166649,4
28085302_MinPolqaSfbRecording_cut.wav,2.4,1.140175425,0.999407825,5
30096287_MinPolqaSfbRecording_cut.wav,3.0,1.0,0.876538647,5
30060815_MinPolqaSfbRecording_cut.wav,2.6,1.140175425,0.999407825,5
30176793_MinPolqaSfbRecording_cut.wav,3.2,1.095445115,0.960199979,5
28246198_MinPolqaSfbRecording_cut.wav,3.8,0.836660027,0.733364848,5
30429246_MinPolqaSfbRecording_cut.wav,2.0,1.0,0.876538647,5
29537296_MinPolqaSfbRecording_cut.wav,1.2,0.447213595,0.392,5
30069697_MinPolqaSfbRecording_cut.wav,2.4,0.547722558,0.48009999,5
30059304_MinPolqaSfbRecording_cut.wav,3.0,1.414213562,1.385929291,4
30205966_MinPolqaSfbRecording_cut.wav,2.0,0.816496581,0.800166649,4
30423727_MinPolqaSfbRecording_cut.wav,2.75,1.258305739,1.233139624,4
30154154_MinPolqaSfbRecording_cut.wav,1.5,0.577350269,0.565803264,4
30253631_MinPolqaSfbRecording_cut.wav,3.0,0.816496581,0.800166649,4
30145846_MinPolqaSfbRecording_cut.wav,2.25,0.957427108,0.938278566,4
28650262_MinPolqaSfbRecording_cut.wav,4.0,0.707106781,0.619806421,5
28800129_MinPolqaSfbRecording_cut.wav,4.2,0.836660027,0.733364848,5
30138994_MinPolqaSfbRecording_cut.wav,2.8,1.303840481,1.142866571,5
30444021_MinPolqaSfbRecording_cut.wav,3.4,0.894427191,0.784,5
28363581_MinPolqaSfbRecording_cut.wav,4.2,0.836660027,0.733364848,5
27734363_MinPolqaSfbRecording_cut.wav,4.0,0.707106781,0.619806421,5
30093216_MinPolqaSfbRecording_cut.wav,1.4,0.894427191,0.784,5
28206971_MinPolqaSfbRecording_cut.wav,4.666666667,0.577350269,0.653333333,3
30257570_MinPolqaSfbRecording_cut.wav,3.0,1.0,1.131606528,3
30102757_MinPolqaSfbRecording_cut.wav,2.666666667,0.577350269,0.653333333,3
30469951_MinPolqaSfbRecording_cut.wav,3.666666667,1.527525232,1.728557523,3
30250863_MinPolqaSfbRecording_cut.wav,3.0,1.0,1.131606528,3
30457353_MinPolqaSfbRecording_cut.wav,3.0,1.732050808,1.96,3
30519962_MinPolqaSfbRecording_cut.wav,3.666666667,1.527525232,1.728557523,3
30529174_MinPolqaSfbRecording_cut.wav,3.666666667,1.527525232,1.728557523,3
30181373_MinPolqaSfbRecording_cut.wav,4.0,0.0,0.0,4
30467875_MinPolqaSfbRecording_cut.wav,3.25,0.5,0.49,4
30066012_MinPolqaSfbRecording_cut.wav,4.5,0.577350269,0.565803264,4
30437215_MinPolqaSfbRecording_cut.wav,4.5,0.577350269,0.565803264,4
29539062_MinPolqaSfbRecording_cut.wav,3.75,0.5,0.49,4
28321846_MinPolqaSfbRecording_cut.wav,3.5,0.577350269,0.565803264,4
30407088_MinPolqaSfbRecording_cut.wav,3.75,0.957427108,0.938278566,4
29039720_MinPolqaSfbRecording_cut.wav,2.8,0.447213595,0.392,5
29030188_MinPolqaSfbRecording_cut.wav,3.6,0.547722558,0.48009999,5
30471267_MinPolqaSfbRecording_cut.wav,3.4,1.341640786,1.176,5
30156092_MinPolqaSfbRecording_cut.wav,2.0,1.224744871,1.073536213,5
30487927_MinPolqaSfbRecording_cut.wav,2.4,0.894427191,0.784,5
28109854_MinPolqaSfbRecording_cut.wav,2.2,0.447213595,0.392,5
30065658_MinPolqaSfbRecording_cut.wav,1.8,0.836660027,0.733364848,5
30207928_MinPolqaSfbRecording_cut.wav,2.6,0.547722558,0.48009999,5
30430323_MinPolqaSfbRecording_cut.wav,1.333333333,0.577350269,0.653333333,3
30138464_MinPolqaSfbRecording_cut.wav,3.333333333,0.577350269,0.653333333,3
30150406_MinPolqaSfbRecording_cut.wav,4.666666667,0.577350269,0.653333333,3
30145934_MinPolqaSfbRecording_cut.wav,2.0,0.0,0.0,3
28722571_MinPolqaSfbRecording_cut.wav,4.333333333,1.154700538,1.306666667,3
30086160_MinPolqaSfbRecording_cut.wav,3.666666667,0.577350269,0.653333333,3
30520496_MinPolqaSfbRecording_cut.wav,1.333333333,0.577350269,0.653333333,3
30491810_MinPolqaSfbRecording_cut.wav,3.2,0.447213595,0.392,5
28235373_MinPolqaSfbRecording_cut.wav,3.0,0.0,0.0,5
28054075_MinPolqaSfbRecording_cut.wav,3.2,0.836660027,0.733364848,5
29534450_MinPolqaSfbRecording_cut.wav,2.4,0.547722558,0.48009999,5
27738203_MinPolqaSfbRecording_cut.wav,4.6,0.547722558,0.48009999,5
30192549_MinPolqaSfbRecording_cut.wav,1.8,0.836660027,0.733364848,5
30138757_MinPolqaSfbRecording_cut.wav,2.6,0.894427191,0.784,5
29541547_MinPolqaSfbRecording_cut.wav,3.8,0.836660027,0.733364848,5
30508072_MinPolqaSfbRecording_cut.wav,2.2,1.643167673,1.440299969,5
30089942_MinPolqaSfbRecording_cut.wav,3.2,0.447213595,0.392,5
30208137_MinPolqaSfbRecording_cut.wav,3.8,0.836660027,0.733364848,5
28275306_MinPolqaSfbRecording_cut.wav,4.2,1.303840481,1.142866571,5
29541489_MinPolqaSfbRecording_cut.wav,4.2,0.836660027,0.733364848,5
27736569_MinPolqaSfbRecording_cut.wav,4.4,0.547722558,0.48009999,5
30490432_MinPolqaSfbRecording_cut.wav,3.6,0.547722558,0.48009999,5
28815900_MinPolqaSfbRecording_cut.wav,3.4,0.894427191,0.784,5
30433978_MinPolqaSfbRecording_cut.wav,4.0,0.0,0.0,4
30510997_MinPolqaSfbRecording_cut.wav,1.75,0.5,0.49,4
27852170_MinPolqaSfbRecording_cut.wav,4.75,0.5,0.49,4
27807427_MinPolqaSfbRecording_cut.wav,3.5,0.577350269,0.565803264,4
30435326_MinPolqaSfbRecording_cut.wav,1.5,0.577350269,0.565803264,4
30427033_MinPolqaSfbRecording_cut.wav,1.25,0.5,0.49,4
30082497_MinPolqaSfbRecording_cut.wav,4.0,0.0,0.0,4
30164507_MinPolqaSfbRecording_cut.wav,1.75,0.5,0.49,4
30409180_MinPolqaSfbRecording_cut.wav,1.333333333,0.577350269,0.653333333,3
30207213_MinPolqaSfbRecording_cut.wav,2.333333333,1.154700538,1.306666667,3
28260282_MinPolqaSfbRecording_cut.wav,3.666666667,1.154700538,1.306666667,3
28607314_MinPolqaSfbRecording_cut.wav,3.666666667,0.577350269,0.653333333,3
28640980_MinPolqaSfbRecording_cut.wav,4.333333333,0.577350269,0.653333333,3
30171972_MinPolqaSfbRecording_cut.wav,2.0,0.0,0.0,3
30151962_MinPolqaSfbRecording_cut.wav,2.666666667,0.577350269,0.653333333,3
28084622_MinPolqaSfbRecording_cut.wav,3.666666667,1.154700538,1.306666667,3
30065263_MinPolqaSfbRecording_cut.wav,3.25,0.957427108,0.938278566,4
30207802_MinPolqaSfbRecording_cut.wav,3.0,1.414213562,1.385929291,4
30426470_MinPolqaSfbRecording_cut.wav,3.25,0.5,0.49,4
28584918_MinPolqaSfbRecording_cut.wav,3.25,0.957427108,0.938278566,4
30485906_MinPolqaSfbRecording_cut.wav,2.5,1.290994449,1.26517456,4
27672446_MinPolqaSfbRecording_cut.wav,3.75,0.5,0.49,4
30515955_MinPolqaSfbRecording_cut.wav,4.0,0.816496581,0.800166649,4
27835700_MinPolqaSfbRecording_cut.wav,3.75,0.5,0.49,4
29537147_MinPolqaSfbRecording_cut.wav,2.0,0.816496581,0.800166649,4
30481412_MinPolqaSfbRecording_cut.wav,3.0,0.0,0.0,4
30148978_MinPolqaSfbRecording_cut.wav,1.5,1.0,0.98,4
30257046_MinPolqaSfbRecording_cut.wav,3.0,0.0,0.0,4
25760694_MinPolqaSfbRecording_cut.wav,3.5,0.577350269,0.565803264,4
30109794_MinPolqaSfbRecording_cut.wav,2.5,0.577350269,0.565803264,4
30250195_MinPolqaSfbRecording_cut.wav,2.75,0.957427108,0.938278566,4
30146265_MinPolqaSfbRecording_cut.wav,3.0,0.0,0.0,4
28792755_MinPolqaSfbRecording_cut.wav,3.25,0.5,0.49,4
30096369_MinPolqaSfbRecording_cut.wav,3.25,0.5,0.49,4
30096961_MinPolqaSfbRecording_cut.wav,2.5,0.577350269,0.565803264,4
30160691_MinPolqaSfbRecording_cut.wav,2.5,0.577350269,0.565803264,4
30483149_MinPolqaSfbRecording_cut.wav,2.25,0.5,0.49,4
28064838_MinPolqaSfbRecording_cut.wav,3.0,0.816496581,0.800166649,4
30446318_MinPolqaSfbRecording_cut.wav,2.25,0.5,0.49,4
30400547_MinPolqaSfbRecording_cut.wav,3.5,0.577350269,0.565803264,4
30102752_MinPolqaSfbRecording_cut.wav,3.333333333,1.154700538,1.306666667,3
30161167_MinPolqaSfbRecording_cut.wav,4.333333333,0.577350269,0.653333333,3
27548330_MinPolqaSfbRecording_cut.wav,4.333333333,1.154700538,1.306666667,3
28779644_MinPolqaSfbRecording_cut.wav,3.666666667,0.577350269,0.653333333,3
30208274_MinPolqaSfbRecording_cut.wav,3.0,1.0,1.131606528,3
30133206_MinPolqaSfbRecording_cut.wav,4.333333333,0.577350269,0.653333333,3
30444263_MinPolqaSfbRecording_cut.wav,3.0,2.0,2.263213055,3
27792169_MinPolqaSfbRecording_cut.wav,3.666666667,0.577350269,0.653333333,3
30108638_MinPolqaSfbRecording_cut.wav,3.666666667,0.577350269,0.653333333,3
30431658_MinPolqaSfbRecording_cut.wav,3.0,0.816496581,0.800166649,4
30214167_MinPolqaSfbRecording_cut.wav,2.75,1.707825128,1.673668625,4
30173004_MinPolqaSfbRecording_cut.wav,4.0,0.816496581,0.800166649,4
27705390_MinPolqaSfbRecording_cut.wav,3.25,0.5,0.49,4
28068919_MinPolqaSfbRecording_cut.wav,3.5,1.0,0.98,4
30492867_MinPolqaSfbRecording_cut.wav,2.75,0.957427108,0.938278566,4
30462593_MinPolqaSfbRecording_cut.wav,2.75,0.957427108,0.938278566,4
30186145_MinPolqaSfbRecording_cut.wav,3.25,0.5,0.49,4
30507432_MinPolqaSfbRecording_cut.wav,3.25,1.5,1.47,4
30523299_MinPolqaSfbRecording_cut.wav,2.5,1.732050808,1.697409791,4
30522940_MinPolqaSfbRecording_cut.wav,4.0,0.707106781,0.619806421,5
30486865_MinPolqaSfbRecording_cut.wav,2.6,1.816590212,1.592311527,5
30486398_MinPolqaSfbRecording_cut.wav,2.8,1.095445115,0.960199979,5
30067139_MinPolqaSfbRecording_cut.wav,3.8,0.447213595,0.392,5
30434899_MinPolqaSfbRecording_cut.wav,2.4,0.894427191,0.784,5
30089963_MinPolqaSfbRecording_cut.wav,3.8,1.095445115,0.960199979,5
30470603_MinPolqaSfbRecording_cut.wav,1.5,0.577350269,0.565803264,4
30108203_MinPolqaSfbRecording_cut.wav,2.75,0.957427108,0.938278566,4
30087617_MinPolqaSfbRecording_cut.wav,2.25,0.5,0.49,4
30466131_MinPolqaSfbRecording_cut.wav,1.5,1.0,0.98,4
30473087_MinPolqaSfbRecording_cut.wav,3.25,0.957427108,0.938278566,4
30183888_MinPolqaSfbRecording_cut.wav,1.25,0.5,0.49,4
30143005_MinPolqaSfbRecording_cut.wav,3.5,1.290994449,1.26517456,4
30109318_MinPolqaSfbRecording_cut.wav,3.5,0.577350269,0.565803264,4
30181355_MinPolqaSfbRecording_cut.wav,3.0,1.0,1.131606528,3
30086280_MinPolqaSfbRecording_cut.wav,1.333333333,0.577350269,0.653333333,3
27926068_MinPolqaSfbRecording_cut.wav,3.666666667,0.577350269,0.653333333,3
30442472_MinPolqaSfbRecording_cut.wav,3.333333333,0.577350269,0.653333333,3
30258778_MinPolqaSfbRecording_cut.wav,1.666666667,0.577350269,0.653333333,3
27816397_MinPolqaSfbRecording_cut.wav,4.0,1.0,1.131606528,3
28264582_MinPolqaSfbRecording_cut.wav,4.0,1.0,0.876538647,5
30263195_MinPolqaSfbRecording_cut.wav,3.2,0.836660027,0.733364848,5
30166199_MinPolqaSfbRecording_cut.wav,2.0,1.224744871,1.073536213,5
30249573_MinPolqaSfbRecording_cut.wav,3.4,1.140175425,0.999407825,5
30414634_MinPolqaSfbRecording_cut.wav,3.2,0.836660027,0.733364848,5
29007958_MinPolqaSfbRecording_cut.wav,4.0,0.707106781,0.619806421,5
30430613_MinPolqaSfbRecording_cut.wav,2.4,1.140175425,0.999407825,5
30143929_MinPolqaSfbRecording_cut.wav,3.0,1.0,0.876538647,5
30184887_MinPolqaSfbRecording_cut.wav,2.8,1.095445115,0.960199979,5
30478970_MinPolqaSfbRecording_cut.wav,3.0,1.58113883,1.385929291,5
30081598_MinPolqaSfbRecording_cut.wav,3.2,0.836660027,0.733364848,5
30146254_MinPolqaSfbRecording_cut.wav,2.6,1.341640786,1.176,5
30069585_MinPolqaSfbRecording_cut.wav,2.0,1.0,0.876538647,5
30486499_MinPolqaSfbRecording_cut.wav,3.4,1.140175425,0.999407825,5
30178505_MinPolqaSfbRecording_cut.wav,2.0,1.0,0.876538647,5
28979936_MinPolqaSfbRecording_cut.wav,4.4,0.547722558,0.48009999,5
30106382_MinPolqaSfbRecording_cut.wav,1.4,0.547722558,0.48009999,5
30250077_MinPolqaSfbRecording_cut.wav,2.8,0.836660027,0.733364848,5
30509019_MinPolqaSfbRecording_cut.wav,3.8,0.836660027,0.733364848,5
30152065_MinPolqaSfbRecording_cut.wav,3.4,0.894427191,0.784,5
30444766_MinPolqaSfbRecording_cut.wav,2.0,0.707106781,0.619806421,5
28059378_MinPolqaSfbRecording_cut.wav,4.0,0.707106781,0.619806421,5
30486959_MinPolqaSfbRecording_cut.wav,4.6,0.547722558,0.48009999,5
30156493_MinPolqaSfbRecording_cut.wav,2.4,0.547722558,0.48009999,5
30456482_MinPolqaSfbRecording_cut.wav,3.4,0.547722558,0.48009999,5
30471227_MinPolqaSfbRecording_cut.wav,4.25,0.5,0.49,4
30106936_MinPolqaSfbRecording_cut.wav,1.0,0.0,0.0,4
28600976_MinPolqaSfbRecording_cut.wav,2.75,0.957427108,0.938278566,4
28476328_MinPolqaSfbRecording_cut.wav,3.0,0.816496581,0.800166649,4
30122475_MinPolqaSfbRecording_cut.wav,2.25,0.957427108,0.938278566,4
30148365_MinPolqaSfbRecording_cut.wav,3.5,1.732050808,1.697409791,4
30176794_MinPolqaSfbRecording_cut.wav,3.0,1.414213562,1.385929291,4
30172778_MinPolqaSfbRecording_cut.wav,3.5,1.0,0.98,4
28789161_MinPolqaSfbRecording_cut.wav,2.75,0.5,0.49,4
30523674_MinPolqaSfbRecording_cut.wav,2.0,1.224744871,1.073536213,5
30060015_MinPolqaSfbRecording_cut.wav,3.6,0.547722558,0.48009999,5
29556376_MinPolqaSfbRecording_cut.wav,1.8,1.788854382,1.568,5
30177448_MinPolqaSfbRecording_cut.wav,3.2,1.303840481,1.142866571,5
30425184_MinPolqaSfbRecording_cut.wav,3.0,1.414213562,1.239612843,5
30506410_MinPolqaSfbRecording_cut.wav,2.4,1.949358869,1.708688386,5
28306613_MinPolqaSfbRecording_cut.wav,3.8,1.095445115,0.960199979,5
30431599_MinPolqaSfbRecording_cut.wav,3.2,1.095445115,0.960199979,5
30112612_MinPolqaSfbRecording_cut.wav,1.75,0.957427108,0.938278566,4
30454815_MinPolqaSfbRecording_cut.wav,1.75,0.957427108,0.938278566,4
30491392_MinPolqaSfbRecording_cut.wav,3.5,1.290994449,1.26517456,4
30201054_MinPolqaSfbRecording_cut.wav,1.25,0.5,0.49,4
30096496_MinPolqaSfbRecording_cut.wav,1.75,0.5,0.49,4
30112564_MinPolqaSfbRecording_cut.wav,2.0,0.816496581,0.800166649,4
30157016_MinPolqaSfbRecording_cut.wav,3.5,1.290994449,1.26517456,4
30070869_MinPolqaSfbRecording_cut.wav,3.25,0.957427108,0.938278566,4
29537030_MinPolqaSfbRecording_cut.wav,2.75,0.957427108,0.938278566,4
30132163_MinPolqaSfbRecording_cut.wav,2.2,0.447213595,0.392,5
30409184_MinPolqaSfbRecording_cut.wav,1.6,0.547722558,0.48009999,5
27618143_MinPolqaSfbRecording_cut.wav,3.4,0.547722558,0.48009999,5
30149362_MinPolqaSfbRecording_cut.wav,2.0,0.707106781,0.619806421,5
30195772_MinPolqaSfbRecording_cut.wav,3.4,0.547722558,0.48009999,5
30492764_MinPolqaSfbRecording_cut.wav,2.0,1.0,0.876538647,5
30403615_MinPolqaSfbRecording_cut.wav,3.2,0.447213595,0.392,5
30439338_MinPolqaSfbRecording_cut.wav,1.4,0.547722558,0.48009999,5
30422353_MinPolqaSfbRecording_cut.wav,2.8,0.447213595,0.392,5
30264313_MinPolqaSfbRecording_cut.wav,3.0,0.816496581,0.800166649,4
28069109_MinPolqaSfbRecording_cut.wav,3.5,0.577350269,0.565803264,4
30497096_MinPolqaSfbRecording_cut.wav,3.5,0.577350269,0.565803264,4
30084898_MinPolqaSfbRecording_cut.wav,2.25,1.258305739,1.233139624,4
28140522_MinPolqaSfbRecording_cut.wav,3.5,0.577350269,0.565803264,4
28707944_MinPolqaSfbRecording_cut.wav,4.0,0.816496581,0.800166649,4
30442678_MinPolqaSfbRecording_cut.wav,2.0,1.414213562,1.385929291,4
30073597_MinPolqaSfbRecording_cut.wav,3.25,0.5,0.49,4
30526846_MinPolqaSfbRecording_cut.wav,2.0,2.0,1.96,4
30493803_MinPolqaSfbRecording_cut.wav,2.5,0.707106781,0.98,2
30073654_MinPolqaSfbRecording_cut.wav,1.0,0.0,0.0,2
30435051_MinPolqaSfbRecording_cut.wav,3.0,0.0,0.0,2
30482820_MinPolqaSfbRecording_cut.wav,2.5,0.707106781,0.98,2
30162680_MinPolqaSfbRecording_cut.wav,2.0,0.0,0.0,2
30515768_MinPolqaSfbRecording_cut.wav,2.0,0.0,0.0,2
30154732_MinPolqaSfbRecording_cut.wav,3.0,0.0,0.0,2
30427741_MinPolqaSfbRecording_cut.wav,2.25,0.5,0.49,4
30470705_MinPolqaSfbRecording_cut.wav,2.5,0.577350269,0.565803264,4
30075736_MinPolqaSfbRecording_cut.wav,3.75,1.258305739,1.233139624,4
30061287_MinPolqaSfbRecording_cut.wav,3.5,1.290994449,1.26517456,4
29556460_MinPolqaSfbRecording_cut.wav,2.5,1.0,0.98,4
30257162_MinPolqaSfbRecording_cut.wav,1.5,0.577350269,0.565803264,4
28868471_MinPolqaSfbRecording_cut.wav,4.5,0.577350269,0.565803264,4
27874253_MinPolqaSfbRecording_cut.wav,4.5,0.577350269,0.565803264,4
27889316_MinPolqaSfbRecording_cut.wav,3.25,0.5,0.49,4
30067772_MinPolqaSfbRecording_cut.wav,3.75,0.5,0.49,4
30485842_MinPolqaSfbRecording_cut.wav,2.0,0.816496581,0.800166649,4
30528701_MinPolqaSfbRecording_cut.wav,2.25,0.5,0.49,4
30211455_MinPolqaSfbRecording_cut.wav,2.0,0.0,0.0,4
30248997_MinPolqaSfbRecording_cut.wav,3.25,0.957427108,0.938278566,4
30143163_MinPolqaSfbRecording_cut.wav,1.75,0.5,0.49,4
29529475_MinPolqaSfbRecording_cut.wav,2.25,0.5,0.49,4
30261968_MinPolqaSfbRecording_cut.wav,1.5,0.577350269,0.565803264,4
30449431_MinPolqaSfbRecording_cut.wav,1.6,0.547722558,0.48009999,5
30522182_MinPolqaSfbRecording_cut.wav,3.4,0.894427191,0.784,5
30117318_MinPolqaSfbRecording_cut.wav,2.0,0.707106781,0.619806421,5
30104339_MinPolqaSfbRecording_cut.wav,2.8,0.836660027,0.733364848,5
27931286_MinPolqaSfbRecording_cut.wav,3.8,1.095445115,0.960199979,5
30157452_MinPolqaSfbRecording_cut.wav,4.4,0.547722558,0.48009999,5
30145740_MinPolqaSfbRecording_cut.wav,3.6,0.547722558,0.48009999,5
30259814_MinPolqaSfbRecording_cut.wav,2.2,0.447213595,0.392,5
28655285_MinPolqaSfbRecording_cut.wav,2.333333333,0.577350269,0.653333333,3
30463344_MinPolqaSfbRecording_cut.wav,2.333333333,0.577350269,0.653333333,3
25903096_MinPolqaSfbRecording_cut.wav,4.0,1.0,1.131606528,3
28436206_MinPolqaSfbRecording_cut.wav,4.666666667,0.577350269,0.653333333,3
28714621_MinPolqaSfbRecording_cut.wav,4.333333333,0.577350269,0.653333333,3
30483688_MinPolqaSfbRecording_cut.wav,2.333333333,0.577350269,0.653333333,3
30070805_MinPolqaSfbRecording_cut.wav,2.0,1.224744871,1.073536213,5
30111946_MinPolqaSfbRecording_cut.wav,2.2,0.836660027,0.733364848,5
28962753_MinPolqaSfbRecording_cut.wav,3.8,0.836660027,0.733364848,5
30142504_MinPolqaSfbRecording_cut.wav,2.4,0.547722558,0.48009999,5
30129834_MinPolqaSfbRecording_cut.wav,1.0,0.0,0.0,5
30531426_MinPolqaSfbRecording_cut.wav,1.0,0.0,0.0,5
30136140_MinPolqaSfbRecording_cut.wav,1.4,0.894427191,0.784,5
30521649_MinPolqaSfbRecording_cut.wav,3.4,1.140175425,0.999407825,5
30060391_MinPolqaSfbRecording_cut.wav,2.0,0.707106781,0.619806421,5
30172278_MinPolqaSfbRecording_cut.wav,4.2,0.836660027,0.733364848,5
30488298_MinPolqaSfbRecording_cut.wav,2.8,1.303840481,1.142866571,5
30096044_MinPolqaSfbRecording_cut.wav,3.4,0.894427191,0.784,5
30079033_MinPolqaSfbRecording_cut.wav,2.4,0.894427191,0.784,5
29543644_MinPolqaSfbRecording_cut.wav,3.0,1.224744871,1.073536213,5
28314033_MinPolqaSfbRecording_cut.wav,4.2,0.836660027,0.733364848,5
30466405_MinPolqaSfbRecording_cut.wav,3.0,1.0,0.876538647,5
28534247_MinPolqaSfbRecording_cut.wav,3.6,0.547722558,0.48009999,5
30098244_MinPolqaSfbRecording_cut.wav,2.4,0.547722558,0.48009999,5
30164729_MinPolqaSfbRecording_cut.wav,3.8,0.836660027,0.733364848,5
30475609_MinPolqaSfbRecording_cut.wav,1.8,0.836660027,0.733364848,5
28466234_MinPolqaSfbRecording_cut.wav,2.6,0.894427191,0.784,5
30504088_MinPolqaSfbRecording_cut.wav,2.4,0.547722558,0.48009999,5
30110535_MinPolqaSfbRecording_cut.wav,3.6,0.547722558,0.48009999,5
30160672_MinPolqaSfbRecording_cut.wav,3.0,0.707106781,0.619806421,5
30455793_MinPolqaSfbRecording_cut.wav,3.6,0.547722558,0.48009999,5
28764755_MinPolqaSfbRecording_cut.wav,4.2,0.447213595,0.392,5
30125234_MinPolqaSfbRecording_cut.wav,2.4,0.547722558,0.48009999,5
30144906_MinPolqaSfbRecording_cut.wav,3.0,0.0,0.0,2
30208715_MinPolqaSfbRecording_cut.wav,2.0,0.0,0.0,2
30461709_MinPolqaSfbRecording_cut.wav,1.0,0.0,0.0,2
30120831_MinPolqaSfbRecording_cut.wav,2.5,0.707106781,0.98,2
30117954_MinPolqaSfbRecording_cut.wav,2.5,0.707106781,0.98,2
30128344_MinPolqaSfbRecording_cut.wav,3.0,1.414213562,1.96,2
30204818_MinPolqaSfbRecording_cut.wav,2.5,0.707106781,0.98,2
30138798_MinPolqaSfbRecording_cut.wav,1.0,0.0,0.0,2
30141705_MinPolqaSfbRecording_cut.wav,2.5,0.707106781,0.98,2
30427468_MinPolqaSfbRecording_cut.wav,2.0,1.414213562,1.96,2
30069587_MinPolqaSfbRecording_cut.wav,2.0,1.414213562,1.96,2
30439591_MinPolqaSfbRecording_cut.wav,1.5,0.707106781,0.98,2
28996979_MinPolqaSfbRecording_cut.wav,4.0,1.414213562,1.96,2
28108874_MinPolqaSfbRecording_cut.wav,3.0,1.414213562,1.96,2
28780171_MinPolqaSfbRecording_cut.wav,3.0,1.414213562,1.96,2
30060538_MinPolqaSfbRecording_cut.wav,2.5,0.707106781,0.98,2
30463134_MinPolqaSfbRecording_cut.wav,3.0,1.414213562,1.96,2
30087573_MinPolqaSfbRecording_cut.wav,1.5,0.707106781,0.98,2
28509882_MinPolqaSfbRecording_cut.wav,4.0,1.414213562,1.96,2
30515592_MinPolqaSfbRecording_cut.wav,1.75,0.957427108,0.938278566,4
30172951_MinPolqaSfbRecording_cut.wav,2.25,0.957427108,0.938278566,4
30514125_MinPolqaSfbRecording_cut.wav,2.5,0.577350269,0.565803264,4
30185357_MinPolqaSfbRecording_cut.wav,2.5,1.290994449,1.26517456,4
27924620_MinPolqaSfbRecording_cut.wav,4.0,0.816496581,0.800166649,4
30416951_MinPolqaSfbRecording_cut.wav,3.25,1.258305739,1.233139624,4
27805778_MinPolqaSfbRecording_cut.wav,4.25,0.957427108,0.938278566,4
30408683_MinPolqaSfbRecording_cut.wav,1.6,0.894427191,0.784,5
30519562_MinPolqaSfbRecording_cut.wav,2.6,0.894427191,0.784,5
30521019_MinPolqaSfbRecording_cut.wav,2.6,0.547722558,0.48009999,5
28022434_MinPolqaSfbRecording_cut.wav,3.8,0.447213595,0.392,5
28897646_MinPolqaSfbRecording_cut.wav,4.4,0.547722558,0.48009999,5
30530276_MinPolqaSfbRecording_cut.wav,2.2,0.836660027,0.733364848,5
27596611_MinPolqaSfbRecording_cut.wav,3.2,0.447213595,0.392,5
30082928_MinPolqaSfbRecording_cut.wav,1.4,0.894427191,0.784,5
30120981_MinPolqaSfbRecording_cut.wav,4.6,0.547722558,0.48009999,5
30180251_MinPolqaSfbRecording_cut.wav,1.6,0.894427191,0.784,5
30078468_MinPolqaSfbRecording_cut.wav,1.4,0.894427191,0.784,5
30144308_MinPolqaSfbRecording_cut.wav,2.2,0.447213595,0.392,5
30164201_MinPolqaSfbRecording_cut.wav,1.6,1.341640786,1.176,5
30166071_MinPolqaSfbRecording_cut.wav,3.0,0.0,0.0,3
30430310_MinPolqaSfbRecording_cut.wav,3.333333333,0.577350269,0.653333333,3
30455147_MinPolqaSfbRecording_cut.wav,3.333333333,0.577350269,0.653333333,3
30467840_MinPolqaSfbRecording_cut.wav,1.0,0.0,0.0,3
30528034_MinPolqaSfbRecording_cut.wav,2.0,0.0,0.0,3
30097518_MinPolqaSfbRecording_cut.wav,1.333333333,0.577350269,0.653333333,3
30450648_MinPolqaSfbRecording_cut.wav,1.0,0.0,0.0,3
30259757_MinPolqaSfbRecording_cut.wav,2.0,0.0,0.0,3
30480103_MinPolqaSfbRecording_cut.wav,2.0,1.0,1.131606528,3
28666329_MinPolqaSfbRecording_cut.wav,3.666666667,0.577350269,0.653333333,3
29542542_MinPolqaSfbRecording_cut.wav,2.2,0.836660027,0.733364848,5
29536434_MinPolqaSfbRecording_cut.wav,2.0,0.707106781,0.619806421,5
30445192_MinPolqaSfbRecording_cut.wav,2.2,0.836660027,0.733364848,5
30080639_MinPolqaSfbRecording_cut.wav,4.0,0.0,0.0,5
30516988_MinPolqaSfbRecording_cut.wav,1.2,0.447213595,0.392,5
28560268_MinPolqaSfbRecording_cut.wav,3.2,1.303840481,1.142866571,5
30184338_MinPolqaSfbRecording_cut.wav,2.6,0.547722558,0.48009999,5
30138901_MinPolqaSfbRecording_cut.wav,2.4,0.547722558,0.48009999,5
30487353_MinPolqaSfbRecording_cut.wav,1.4,0.547722558,0.48009999,5
30251888_MinPolqaSfbRecording_cut.wav,2.6,1.516575089,1.329336677,5
30142705_MinPolqaSfbRecording_cut.wav,1.6,1.341640786,1.176,5
28730925_MinPolqaSfbRecording_cut.wav,4.2,0.836660027,0.733364848,5
30096000_MinPolqaSfbRecording_cut.wav,3.4,1.140175425,0.999407825,5
30427537_MinPolqaSfbRecording_cut.wav,2.6,0.894427191,0.784,5
28304112_MinPolqaSfbRecording_cut.wav,3.2,0.836660027,0.733364848,5
30158086_MinPolqaSfbRecording_cut.wav,3.8,1.303840481,1.142866571,5
30139002_MinPolqaSfbRecording_cut.wav,2.75,0.957427108,0.938278566,4
29535556_MinPolqaSfbRecording_cut.wav,2.0,1.154700538,1.131606528,4
28954679_MinPolqaSfbRecording_cut.wav,3.75,0.5,0.49,4
30472477_MinPolqaSfbRecording_cut.wav,1.75,0.957427108,0.938278566,4
28288326_MinPolqaSfbRecording_cut.wav,3.75,0.957427108,0.938278566,4
30527400_MinPolqaSfbRecording_cut.wav,1.5,0.577350269,0.565803264,4
28699848_MinPolqaSfbRecording_cut.wav,3.5,0.577350269,0.565803264,4
27565905_MinPolqaSfbRecording_cut.wav,3.5,0.707106781,0.98,2
30090064_MinPolqaSfbRecording_cut.wav,4.0,0.0,0.0,2
30454267_MinPolqaSfbRecording_cut.wav,3.5,0.707106781,0.98,2
30521999_MinPolqaSfbRecording_cut.wav,3.0,0.0,0.0,2
30474887_MinPolqaSfbRecording_cut.wav,4.5,0.707106781,0.98,2
30455403_MinPolqaSfbRecording_cut.wav,2.5,0.707106781,0.98,2
30142062_MinPolqaSfbRecording_cut.wav,3.2,0.836660027,0.733364848,5
29544736_MinPolqaSfbRecording_cut.wav,3.4,0.894427191,0.784,5
30196378_MinPolqaSfbRecording_cut.wav,3.0,1.0,0.876538647,5
30178777_MinPolqaSfbRecording_cut.wav,2.6,0.547722558,0.48009999,5
30199183_MinPolqaSfbRecording_cut.wav,4.0,0.707106781,0.619806421,5
30090019_MinPolqaSfbRecording_cut.wav,3.4,0.894427191,0.784,5
30501937_MinPolqaSfbRecording_cut.wav,2.2,0.836660027,0.733364848,5
30175918_MinPolqaSfbRecording_cut.wav,1.6,0.547722558,0.48009999,5
30176177_MinPolqaSfbRecording_cut.wav,4.0,0.707106781,0.619806421,5
29543775_MinPolqaSfbRecording_cut.wav,3.333333333,0.577350269,0.653333333,3
30137938_MinPolqaSfbRecording_cut.wav,3.666666667,1.154700538,1.306666667,3
30411800_MinPolqaSfbRecording_cut.wav,3.333333333,0.577350269,0.653333333,3
30491105_MinPolqaSfbRecording_cut.wav,2.666666667,1.154700538,1.306666667,3
30067962_MinPolqaSfbRecording_cut.wav,3.666666667,0.577350269,0.653333333,3
30070512_MinPolqaSfbRecording_cut.wav,2.666666667,0.577350269,0.653333333,3
27526071_MinPolqaSfbRecording_cut.wav,3.666666667,0.577350269,0.653333333,3
30183000_MinPolqaSfbRecording_cut.wav,3.5,1.0,0.98,4
30207989_MinPolqaSfbRecording_cut.wav,2.25,1.258305739,1.233139624,4
30126339_MinPolqaSfbRecording_cut.wav,4.25,0.5,0.49,4
29542246_MinPolqaSfbRecording_cut.wav,3.75,0.5,0.49,4
29540237_MinPolqaSfbRecording_cut.wav,2.0,0.816496581,0.800166649,4
29535354_MinPolqaSfbRecording_cut.wav,2.0,0.816496581,0.800166649,4
30468591_MinPolqaSfbRecording_cut.wav,2.5,0.577350269,0.565803264,4
30084435_MinPolqaSfbRecording_cut.wav,1.75,0.5,0.49,4
28264969_MinPolqaSfbRecording_cut.wav,4.0,0.816496581,0.800166649,4
30163531_MinPolqaSfbRecording_cut.wav,3.0,1.0,0.876538647,5
30404447_MinPolqaSfbRecording_cut.wav,3.2,1.095445115,0.960199979,5
28003805_MinPolqaSfbRecording_cut.wav,3.8,0.836660027,0.733364848,5
28807434_MinPolqaSfbRecording_cut.wav,4.2,0.836660027,0.733364848,5
30192912_MinPolqaSfbRecording_cut.wav,2.6,0.547722558,0.48009999,5
30066162_MinPolqaSfbRecording_cut.wav,2.8,0.836660027,0.733364848,5
30165229_MinPolqaSfbRecording_cut.wav,3.0,0.707106781,0.619806421,5
30194948_MinPolqaSfbRecording_cut.wav,2.2,0.836660027,0.733364848,5
28056018_MinPolqaSfbRecording_cut.wav,3.8,0.836660027,0.733364848,5
28294203_MinPolqaSfbRecording_cut.wav,4.333333333,1.154700538,1.306666667,3
30527200_MinPolqaSfbRecording_cut.wav,2.666666667,1.154700538,1.306666667,3
28692001_MinPolqaSfbRecording_cut.wav,3.666666667,1.154700538,1.306666667,3
30067176_MinPolqaSfbRecording_cut.wav,4.0,1.0,1.131606528,3
30505791_MinPolqaSfbRecording_cut.wav,1.333333333,0.577350269,0.653333333,3
30137593_MinPolqaSfbRecording_cut.wav,3.333333333,0.577350269,0.653333333,3
30179624_MinPolqaSfbRecording_cut.wav,2.666666667,0.577350269,0.653333333,3
30457509_MinPolqaSfbRecording_cut.wav,3.6,1.140175425,0.999407825,5
30083005_MinPolqaSfbRecording_cut.wav,2.8,0.836660027,0.733364848,5
30262496_MinPolqaSfbRecording_cut.wav,3.4,0.894427191,0.784,5
27942015_MinPolqaSfbRecording_cut.wav,4.2,1.095445115,0.960199979,5
30209382_MinPolqaSfbRecording_cut.wav,2.2,0.836660027,0.733364848,5
30432900_MinPolqaSfbRecording_cut.wav,1.0,0.0,0.0,5
28501045_MinPolqaSfbRecording_cut.wav,4.2,1.095445115,0.960199979,5
30100782_MinPolqaSfbRecording_cut.wav,4.5,1.0,0.98,4
27914763_MinPolqaSfbRecording_cut.wav,4.0,0.816496581,0.800166649,4
30161005_MinPolqaSfbRecording_cut.wav,2.25,1.258305739,1.233139624,4
27632349_MinPolqaSfbRecording_cut.wav,4.25,0.957427108,0.938278566,4
30511050_MinPolqaSfbRecording_cut.wav,3.75,0.957427108,0.938278566,4
30469764_MinPolqaSfbRecording_cut.wav,2.25,1.258305739,1.233139624,4
30185883_MinPolqaSfbRecording_cut.wav,2.0,0.816496581,0.800166649,4
27752890_MinPolqaSfbRecording_cut.wav,4.0,0.0,0.0,4
30205667_MinPolqaSfbRecording_cut.wav,1.75,0.5,0.49,4
27699608_MinPolqaSfbRecording_cut.wav,3.0,0.816496581,0.800166649,4
30145676_MinPolqaSfbRecording_cut.wav,1.5,0.577350269,0.565803264,4
27927628_MinPolqaSfbRecording_cut.wav,2.0,0.816496581,0.800166649,4
30114024_MinPolqaSfbRecording_cut.wav,3.0,0.816496581,0.800166649,4
30399420_MinPolqaSfbRecording_cut.wav,2.5,1.0,0.98,4
30161097_MinPolqaSfbRecording_cut.wav,1.5,0.577350269,0.565803264,4
30257318_MinPolqaSfbRecording_cut.wav,3.0,1.414213562,1.385929291,4
30209367_MinPolqaSfbRecording_cut.wav,3.25,1.5,1.47,4
30173576_MinPolqaSfbRecording_cut.wav,1.5,0.577350269,0.565803264,4
28789152_MinPolqaSfbRecording_cut.wav,4.5,0.577350269,0.565803264,4
30171343_MinPolqaSfbRecording_cut.wav,2.5,1.0,0.98,4
27967112_MinPolqaSfbRecording_cut.wav,3.75,0.957427108,0.938278566,4
30210951_MinPolqaSfbRecording_cut.wav,3.5,1.0,0.98,4
27688052_MinPolqaSfbRecording_cut.wav,4.5,0.577350269,0.565803264,4
30488169_MinPolqaSfbRecording_cut.wav,3.0,1.414213562,1.385929291,4
29541223_MinPolqaSfbRecording_cut.wav,3.0,1.414213562,1.385929291,4
30174606_MinPolqaSfbRecording_cut.wav,4.4,0.894427191,0.784,5
29535145_MinPolqaSfbRecording_cut.wav,2.6,1.516575089,1.329336677,5
30433111_MinPolqaSfbRecording_cut.wav,2.6,0.894427191,0.784,5
28333407_MinPolqaSfbRecording_cut.wav,3.4,0.547722558,0.48009999,5
28198048_MinPolqaSfbRecording_cut.wav,3.6,1.140175425,0.999407825,5
27838874_MinPolqaSfbRecording_cut.wav,3.8,0.836660027,0.733364848,5
30257356_MinPolqaSfbRecording_cut.wav,3.2,0.836660027,0.733364848,5
28972208_MinPolqaSfbRecording_cut.wav,3.6,0.547722558,0.48009999,5
30162403_MinPolqaSfbRecording_cut.wav,3.6,0.547722558,0.48009999,5
30527954_MinPolqaSfbRecording_cut.wav,3.0,0.707106781,0.619806421,5
30407628_MinPolqaSfbRecording_cut.wav,3.2,0.447213595,0.392,5
30454818_MinPolqaSfbRecording_cut.wav,2.8,1.303840481,1.142866571,5
30105155_MinPolqaSfbRecording_cut.wav,2.2,1.643167673,1.440299969,5
30193684_MinPolqaSfbRecording_cut.wav,2.8,0.836660027,0.733364848,5
30123249_MinPolqaSfbRecording_cut.wav,3.6,0.547722558,0.48009999,5
30082667_MinPolqaSfbRecording_cut.wav,3.0,1.0,0.876538647,5
30111950_MinPolqaSfbRecording_cut.wav,3.8,0.836660027,0.733364848,5
30199858_MinPolqaSfbRecording_cut.wav,2.333333333,0.577350269,0.653333333,3
30118416_MinPolqaSfbRecording_cut.wav,2.333333333,0.577350269,0.653333333,3
28220425_MinPolqaSfbRecording_cut.wav,1.666666667,1.154700538,1.306666667,3
27918668_MinPolqaSfbRecording_cut.wav,2.666666667,0.577350269,0.653333333,3
30156922_MinPolqaSfbRecording_cut.wav,1.333333333,0.577350269,0.653333333,3
30404902_MinPolqaSfbRecording_cut.wav,4.0,0.0,0.0,3
30200853_MinPolqaSfbRecording_cut.wav,1.333333333,0.577350269,0.653333333,3
28070574_MinPolqaSfbRecording_cut.wav,3.666666667,0.577350269,0.653333333,3
30415818_MinPolqaSfbRecording_cut.wav,2.75,0.957427108,0.938278566,4
30405885_MinPolqaSfbRecording_cut.wav,2.25,0.957427108,0.938278566,4
30455936_MinPolqaSfbRecording_cut.wav,3.0,0.816496581,0.800166649,4
28077873_MinPolqaSfbRecording_cut.wav,3.75,0.5,0.49,4
30494006_MinPolqaSfbRecording_cut.wav,3.5,0.577350269,0.565803264,4
30514751_MinPolqaSfbRecording_cut.wav,3.0,0.0,0.0,4
30530266_MinPolqaSfbRecording_cut.wav,2.25,0.5,0.49,4
30147077_MinPolqaSfbRecording_cut.wav,3.75,1.258305739,1.233139624,4
30126042_MinPolqaSfbRecording_cut.wav,3.4,0.547722558,0.48009999,5
30523539_MinPolqaSfbRecording_cut.wav,2.6,0.547722558,0.48009999,5
30528220_MinPolqaSfbRecording_cut.wav,3.2,0.836660027,0.733364848,5
28733641_MinPolqaSfbRecording_cut.wav,3.8,0.836660027,0.733364848,5
27578467_MinPolqaSfbRecording_cut.wav,3.8,0.836660027,0.733364848,5
30406747_MinPolqaSfbRecording_cut.wav,3.4,0.547722558,0.48009999,5
30084458_MinPolqaSfbRecording_cut.wav,3.2,0.447213595,0.392,5
28803108_MinPolqaSfbRecording_cut.wav,4.0,0.707106781,0.619806421,5
27969922_MinPolqaSfbRecording_cut.wav,3.4,0.547722558,0.48009999,5
30147056_MinPolqaSfbRecording_cut.wav,2.25,0.5,0.49,4
30443247_MinPolqaSfbRecording_cut.wav,2.5,0.577350269,0.565803264,4
28889473_MinPolqaSfbRecording_cut.wav,3.0,0.0,0.0,4
28954607_MinPolqaSfbRecording_cut.wav,2.5,0.577350269,0.565803264,4
28690295_MinPolqaSfbRecording_cut.wav,3.25,0.5,0.49,4
30191954_MinPolqaSfbRecording_cut.wav,3.25,0.5,0.49,4
30063224_MinPolqaSfbRecording_cut.wav,1.25,0.5,0.49,4
30070272_MinPolqaSfbRecording_cut.wav,1.25,0.5,0.49,4
30163218_MinPolqaSfbRecording_cut.wav,3.0,1.414213562,1.96,2
30065843_MinPolqaSfbRecording_cut.wav,4.5,0.707106781,0.98,2
30096930_MinPolqaSfbRecording_cut.wav,4.5,0.707106781,0.98,2
30117769_MinPolqaSfbRecording_cut.wav,4.0,1.414213562,1.96,2
30154351_MinPolqaSfbRecording_cut.wav,4.0,1.414213562,1.96,2
30194528_MinPolqaSfbRecording_cut.wav,3.5,0.707106781,0.98,2
27847962_MinPolqaSfbRecording_cut.wav,4.5,0.707106781,0.98,2
30126965_MinPolqaSfbRecording_cut.wav,4.0,1.414213562,1.96,2
29542513_MinPolqaSfbRecording_cut.wav,2.6,1.341640786,1.176,5
30135689_MinPolqaSfbRecording_cut.wav,1.4,0.894427191,0.784,5
30491206_MinPolqaSfbRecording_cut.wav,1.2,0.447213595,0.392,5
30143986_MinPolqaSfbRecording_cut.wav,2.8,0.447213595,0.392,5
30470279_MinPolqaSfbRecording_cut.wav,1.8,0.447213595,0.392,5
30486405_MinPolqaSfbRecording_cut.wav,1.4,0.547722558,0.48009999,5
30078479_MinPolqaSfbRecording_cut.wav,3.2,0.447213595,0.392,5
30438396_MinPolqaSfbRecording_cut.wav,2.4,0.547722558,0.48009999,5
30447367_MinPolqaSfbRecording_cut.wav,3.6,0.547722558,0.48009999,5
30514063_MinPolqaSfbRecording_cut.wav,3.0,1.0,0.876538647,5
30211571_MinPolqaSfbRecording_cut.wav,2.0,0.707106781,0.619806421,5
30059701_MinPolqaSfbRecording_cut.wav,2.2,0.836660027,0.733364848,5
30112785_MinPolqaSfbRecording_cut.wav,2.4,0.894427191,0.784,5
30168597_MinPolqaSfbRecording_cut.wav,2.6,0.547722558,0.48009999,5
27658413_MinPolqaSfbRecording_cut.wav,3.0,0.816496581,0.800166649,4
30212119_MinPolqaSfbRecording_cut.wav,3.75,0.5,0.49,4
29023246_MinPolqaSfbRecording_cut.wav,3.5,0.577350269,0.565803264,4
30126487_MinPolqaSfbRecording_cut.wav,3.25,0.5,0.49,4
30529133_MinPolqaSfbRecording_cut.wav,2.25,0.5,0.49,4
30500255_MinPolqaSfbRecording_cut.wav,3.0,0.816496581,0.800166649,4
30161550_MinPolqaSfbRecording_cut.wav,2.0,0.0,0.0,4
30181395_MinPolqaSfbRecording_cut.wav,3.0,0.816496581,0.800166649,4
30099288_MinPolqaSfbRecording_cut.wav,3.5,0.577350269,0.565803264,4
30415808_MinPolqaSfbRecording_cut.wav,4.0,0.0,0.0,4
30150629_MinPolqaSfbRecording_cut.wav,3.0,0.816496581,0.800166649,4
28896412_MinPolqaSfbRecording_cut.wav,4.25,0.5,0.49,4
30108504_MinPolqaSfbRecording_cut.wav,3.0,0.816496581,0.800166649,4
28825665_MinPolqaSfbRecording_cut.wav,3.75,0.957427108,0.938278566,4
30508080_MinPolqaSfbRecording_cut.wav,3.0,0.816496581,0.800166649,4
30416959_MinPolqaSfbRecording_cut.wav,3.0,0.816496581,0.800166649,4
30497594_MinPolqaSfbRecording_cut.wav,2.75,0.957427108,0.938278566,4
30206543_MinPolqaSfbRecording_cut.wav,4.75,0.5,0.49,4
30429444_MinPolqaSfbRecording_cut.wav,2.75,0.5,0.49,4
30096437_MinPolqaSfbRecording_cut.wav,2.75,0.957427108,0.938278566,4
30450084_MinPolqaSfbRecording_cut.wav,2.25,0.5,0.49,4
30145248_MinPolqaSfbRecording_cut.wav,3.0,0.816496581,0.800166649,4
30258580_MinPolqaSfbRecording_cut.wav,4.333333333,0.577350269,0.653333333,3
30150929_MinPolqaSfbRecording_cut.wav,2.333333333,1.527525232,1.728557523,3
30416814_MinPolqaSfbRecording_cut.wav,1.666666667,0.577350269,0.653333333,3
30489289_MinPolqaSfbRecording_cut.wav,3.333333333,0.577350269,0.653333333,3
28217795_MinPolqaSfbRecording_cut.wav,3.666666667,0.577350269,0.653333333,3
30455672_MinPolqaSfbRecording_cut.wav,3.0,0.0,0.0,3
30410112_MinPolqaSfbRecording_cut.wav,2.333333333,0.577350269,0.653333333,3
30250291_MinPolqaSfbRecording_cut.wav,4.0,0.0,0.0,3
28963210_MinPolqaSfbRecording_cut.wav,2.4,0.894427191,0.784,5
30146347_MinPolqaSfbRecording_cut.wav,1.6,0.894427191,0.784,5
30413056_MinPolqaSfbRecording_cut.wav,1.6,0.894427191,0.784,5
28880226_MinPolqaSfbRecording_cut.wav,3.4,1.140175425,0.999407825,5
30143945_MinPolqaSfbRecording_cut.wav,4.0,0.707106781,0.619806421,5
30147820_MinPolqaSfbRecording_cut.wav,2.2,0.836660027,0.733364848,5
30528062_MinPolqaSfbRecording_cut.wav,2.6,1.140175425,0.999407825,5
28305225_MinPolqaSfbRecording_cut.wav,4.0,1.0,0.876538647,5
28962731_MinPolqaSfbRecording_cut.wav,3.4,1.140175425,0.999407825,5
30102099_MinPolqaSfbRecording_cut.wav,3.4,0.547722558,0.48009999,5
30497078_MinPolqaSfbRecording_cut.wav,4.4,0.547722558,0.48009999,5
30407276_MinPolqaSfbRecording_cut.wav,4.2,0.836660027,0.733364848,5
30201347_MinPolqaSfbRecording_cut.wav,3.8,0.836660027,0.733364848,5
30066633_MinPolqaSfbRecording_cut.wav,4.0,0.707106781,0.619806421,5
30466067_MinPolqaSfbRecording_cut.wav,4.4,0.547722558,0.48009999,5
27573169_MinPolqaSfbRecording_cut.wav,4.4,0.894427191,0.784,5
29532165_MinPolqaSfbRecording_cut.wav,4.4,0.547722558,0.48009999,5
30486362_MinPolqaSfbRecording_cut.wav,3.5,0.577350269,0.565803264,4
30457154_MinPolqaSfbRecording_cut.wav,2.5,0.577350269,0.565803264,4
30186020_MinPolqaSfbRecording_cut.wav,1.25,0.5,0.49,4
30501701_MinPolqaSfbRecording_cut.wav,2.25,0.957427108,0.938278566,4
28448992_MinPolqaSfbRecording_cut.wav,3.5,0.577350269,0.565803264,4
30145277_MinPolqaSfbRecording_cut.wav,3.0,0.816496581,0.800166649,4
30161623_MinPolqaSfbRecording_cut.wav,2.0,0.816496581,0.800166649,4
27999808_MinPolqaSfbRecording_cut.wav,3.5,0.577350269,0.565803264,4
30199779_MinPolqaSfbRecording_cut.wav,1.6,1.341640786,1.176,5
30165523_MinPolqaSfbRecording_cut.wav,3.0,1.58113883,1.385929291,5
30061672_MinPolqaSfbRecording_cut.wav,2.2,1.303840481,1.142866571,5
30192872_MinPolqaSfbRecording_cut.wav,1.6,0.547722558,0.48009999,5
30154390_MinPolqaSfbRecording_cut.wav,2.4,1.673320053,1.466729696,5
30432202_MinPolqaSfbRecording_cut.wav,2.0,1.414213562,1.239612843,5
27662023_MinPolqaSfbRecording_cut.wav,3.6,0.894427191,0.784,5
30457093_MinPolqaSfbRecording_cut.wav,1.8,1.303840481,1.142866571,5
30255921_MinPolqaSfbRecording_cut.wav,2.8,1.095445115,0.960199979,5
28244756_MinPolqaSfbRecording_cut.wav,3.2,0.836660027,0.733364848,5
28768781_MinPolqaSfbRecording_cut.wav,3.0,0.707106781,0.619806421,5
30530018_MinPolqaSfbRecording_cut.wav,1.8,0.836660027,0.733364848,5
30145718_MinPolqaSfbRecording_cut.wav,2.6,0.894427191,0.784,5
29544737_MinPolqaSfbRecording_cut.wav,3.6,0.547722558,0.48009999,5
27708660_MinPolqaSfbRecording_cut.wav,3.2,0.447213595,0.392,5
30147544_MinPolqaSfbRecording_cut.wav,3.8,0.836660027,0.733364848,5
28801600_MinPolqaSfbRecording_cut.wav,3.2,0.836660027,0.733364848,5
30127810_MinPolqaSfbRecording_cut.wav,2.0,1.224744871,1.073536213,5
30172294_MinPolqaSfbRecording_cut.wav,3.4,0.894427191,0.784,5
30173745_MinPolqaSfbRecording_cut.wav,2.8,0.447213595,0.392,5
28439470_MinPolqaSfbRecording_cut.wav,4.0,0.707106781,0.619806421,5
28933736_MinPolqaSfbRecording_cut.wav,3.6,0.894427191,0.784,5
30136586_MinPolqaSfbRecording_cut.wav,2.6,0.547722558,0.48009999,5
28554831_MinPolqaSfbRecording_cut.wav,3.4,0.894427191,0.784,5
30436457_MinPolqaSfbRecording_cut.wav,3.0,0.707106781,0.619806421,5
30117780_MinPolqaSfbRecording_cut.wav,1.8,0.447213595,0.392,5
28851863_MinPolqaSfbRecording_cut.wav,3.0,0.707106781,0.619806421,5
30161933_MinPolqaSfbRecording_cut.wav,3.0,0.707106781,0.619806421,5
30141817_MinPolqaSfbRecording_cut.wav,2.8,0.836660027,0.733364848,5
30117956_MinPolqaSfbRecording_cut.wav,3.2,1.303840481,1.142866571,5
28781838_MinPolqaSfbRecording_cut.wav,4.2,0.447213595,0.392,5
30092153_MinPolqaSfbRecording_cut.wav,3.0,1.0,0.876538647,5
30081383_MinPolqaSfbRecording_cut.wav,3.0,1.224744871,1.073536213,5
30481799_MinPolqaSfbRecording_cut.wav,4.4,0.547722558,0.48009999,5
30148409_MinPolqaSfbRecording_cut.wav,3.0,1.0,0.876538647,5
30150917_MinPolqaSfbRecording_cut.wav,2.0,0.707106781,0.619806421,5
29532719_MinPolqaSfbRecording_cut.wav,3.6,0.894427191,0.784,5
30411291_MinPolqaSfbRecording_cut.wav,3.0,0.0,0.0,2
27838138_MinPolqaSfbRecording_cut.wav,3.5,0.707106781,0.98,2
28901534_MinPolqaSfbRecording_cut.wav,2.5,2.121320344,2.94,2
30137926_MinPolqaSfbRecording_cut.wav,3.0,1.414213562,1.96,2
30450674_MinPolqaSfbRecording_cut.wav,3.0,1.414213562,1.96,2
30516214_MinPolqaSfbRecording_cut.wav,3.5,0.707106781,0.98,2
30416283_MinPolqaSfbRecording_cut.wav,2.5,0.707106781,0.98,2
30075112_MinPolqaSfbRecording_cut.wav,2.5,0.707106781,0.98,2
28066181_MinPolqaSfbRecording_cut.wav,4.0,0.707106781,0.619806421,5
30473601_MinPolqaSfbRecording_cut.wav,3.4,1.140175425,0.999407825,5
30501863_MinPolqaSfbRecording_cut.wav,2.2,0.836660027,0.733364848,5
28024188_MinPolqaSfbRecording_cut.wav,3.8,0.836660027,0.733364848,5
27637221_MinPolqaSfbRecording_cut.wav,4.2,1.095445115,0.960199979,5
30186083_MinPolqaSfbRecording_cut.wav,1.8,0.836660027,0.733364848,5
30117154_MinPolqaSfbRecording_cut.wav,2.8,1.095445115,0.960199979,5
30060705_MinPolqaSfbRecording_cut.wav,3.0,0.707106781,0.619806421,5
28205664_MinPolqaSfbRecording_cut.wav,3.8,1.303840481,1.142866571,5
29535611_MinPolqaSfbRecording_cut.wav,1.8,1.303840481,1.142866571,5
28588438_MinPolqaSfbRecording_cut.wav,2.6,1.516575089,1.329336677,5
28540372_MinPolqaSfbRecording_cut.wav,3.4,1.516575089,1.329336677,5
30465738_MinPolqaSfbRecording_cut.wav,1.6,0.894427191,0.784,5
30515189_MinPolqaSfbRecording_cut.wav,2.0,0.707106781,0.619806421,5
28675198_MinPolqaSfbRecording_cut.wav,4.2,0.836660027,0.733364848,5
30415948_MinPolqaSfbRecording_cut.wav,2.75,0.5,0.49,4
30061648_MinPolqaSfbRecording_cut.wav,3.0,0.816496581,0.800166649,4
30469948_MinPolqaSfbRecording_cut.wav,3.0,0.816496581,0.800166649,4
29532824_MinPolqaSfbRecording_cut.wav,4.5,0.577350269,0.565803264,4
30061814_MinPolqaSfbRecording_cut.wav,3.5,1.0,0.98,4
28456612_MinPolqaSfbRecording_cut.wav,4.5,0.577350269,0.565803264,4
30098622_MinPolqaSfbRecording_cut.wav,3.0,0.816496581,0.800166649,4
30113557_MinPolqaSfbRecording_cut.wav,3.333333333,0.577350269,0.653333333,3
30183147_MinPolqaSfbRecording_cut.wav,2.333333333,0.577350269,0.653333333,3
30153799_MinPolqaSfbRecording_cut.wav,4.0,1.0,1.131606528,3
30067722_MinPolqaSfbRecording_cut.wav,3.0,0.0,0.0,3
30176743_MinPolqaSfbRecording_cut.wav,2.333333333,0.577350269,0.653333333,3
30445586_MinPolqaSfbRecording_cut.wav,2.666666667,0.577350269,0.653333333,3
27953502_MinPolqaSfbRecording_cut.wav,4.0,1.0,1.131606528,3
28266679_MinPolqaSfbRecording_cut.wav,5.0,,,1
30520533_MinPolqaSfbRecording_cut.wav,3.0,,,1
30471603_MinPolqaSfbRecording_cut.wav,4.0,,,1
30183109_MinPolqaSfbRecording_cut.wav,3.0,,,1
30155100_MinPolqaSfbRecording_cut.wav,1.0,,,1
30199561_MinPolqaSfbRecording_cut.wav,4.0,,,1
28902127_MinPolqaSfbRecording_cut.wav,5.0,,,1
27836757_MinPolqaSfbRecording_cut.wav,5.0,,,1
30127702_MinPolqaSfbRecording_cut.wav,5.0,,,1
30134398_MinPolqaSfbRecording_cut.wav,3.2,0.836660027,0.733364848,5
30155700_MinPolqaSfbRecording_cut.wav,1.8,0.447213595,0.392,5
30211449_MinPolqaSfbRecording_cut.wav,3.6,0.547722558,0.48009999,5
30135779_MinPolqaSfbRecording_cut.wav,2.0,1.0,0.876538647,5
27790416_MinPolqaSfbRecording_cut.wav,4.0,1.0,0.876538647,5
30437198_MinPolqaSfbRecording_cut.wav,1.0,0.0,0.0,5
30137909_MinPolqaSfbRecording_cut.wav,2.8,0.836660027,0.733364848,5
30142073_MinPolqaSfbRecording_cut.wav,2.8,0.836660027,0.733364848,5
30107273_MinPolqaSfbRecording_cut.wav,1.0,0.0,0.0,5
30138845_MinPolqaSfbRecording_cut.wav,2.8,0.447213595,0.392,5
30430391_MinPolqaSfbRecording_cut.wav,2.2,1.643167673,1.440299969,5
30408782_MinPolqaSfbRecording_cut.wav,4.0,1.0,0.876538647,5
30178961_MinPolqaSfbRecording_cut.wav,2.0,1.414213562,1.239612843,5
30501154_MinPolqaSfbRecording_cut.wav,2.2,1.095445115,0.960199979,5
30521159_MinPolqaSfbRecording_cut.wav,3.6,0.894427191,0.784,5
30261460_MinPolqaSfbRecording_cut.wav,3.8,0.836660027,0.733364848,5
27718311_MinPolqaSfbRecording_cut.wav,4.2,0.447213595,0.392,5
30263320_MinPolqaSfbRecording_cut.wav,2.6,0.894427191,0.784,5
30439882_MinPolqaSfbRecording_cut.wav,1.6,0.547722558,0.48009999,5
30138635_MinPolqaSfbRecording_cut.wav,2.75,0.957427108,0.938278566,4
30078424_MinPolqaSfbRecording_cut.wav,4.0,1.414213562,1.385929291,4
30491186_MinPolqaSfbRecording_cut.wav,3.5,0.577350269,0.565803264,4
30130124_MinPolqaSfbRecording_cut.wav,2.25,1.5,1.47,4
28487667_MinPolqaSfbRecording_cut.wav,4.5,0.577350269,0.565803264,4
30477789_MinPolqaSfbRecording_cut.wav,4.5,0.577350269,0.565803264,4
30090091_MinPolqaSfbRecording_cut.wav,3.25,1.258305739,1.233139624,4
30108719_MinPolqaSfbRecording_cut.wav,3.5,0.707106781,0.98,2
30254176_MinPolqaSfbRecording_cut.wav,2.5,0.707106781,0.98,2
29531033_MinPolqaSfbRecording_cut.wav,1.5,0.707106781,0.98,2
30179271_MinPolqaSfbRecording_cut.wav,2.0,1.414213562,1.96,2
30253505_MinPolqaSfbRecording_cut.wav,4.0,0.0,0.0,2
30130189_MinPolqaSfbRecording_cut.wav,1.5,0.707106781,0.98,2
30100090_MinPolqaSfbRecording_cut.wav,3.5,0.707106781,0.98,2
30106418_MinPolqaSfbRecording_cut.wav,4.0,0.0,0.0,2
30513890_MinPolqaSfbRecording_cut.wav,3.6,0.894427191,0.784,5
30162179_MinPolqaSfbRecording_cut.wav,3.6,0.894427191,0.784,5
30097329_MinPolqaSfbRecording_cut.wav,3.0,1.0,0.876538647,5
29556522_MinPolqaSfbRecording_cut.wav,2.2,1.303840481,1.142866571,5
30107288_MinPolqaSfbRecording_cut.wav,3.2,1.095445115,0.960199979,5
30516189_MinPolqaSfbRecording_cut.wav,2.8,1.303840481,1.142866571,5
30401608_MinPolqaSfbRecording_cut.wav,2.6,0.547722558,0.48009999,5
27713854_MinPolqaSfbRecording_cut.wav,2.4,0.894427191,0.784,5
27667205_MinPolqaSfbRecording_cut.wav,3.6,0.894427191,0.784,5
30193317_MinPolqaSfbRecording_cut.wav,3.666666667,0.577350269,0.653333333,3
29008154_MinPolqaSfbRecording_cut.wav,3.333333333,0.577350269,0.653333333,3
30063941_MinPolqaSfbRecording_cut.wav,2.333333333,0.577350269,0.653333333,3
30407564_MinPolqaSfbRecording_cut.wav,2.666666667,0.577350269,0.653333333,3
28946402_MinPolqaSfbRecording_cut.wav,4.0,0.0,0.0,3
30464901_MinPolqaSfbRecording_cut.wav,2.0,0.0,0.0,3
30101052_MinPolqaSfbRecording_cut.wav,2.666666667,0.577350269,0.653333333,3
28137149_MinPolqaSfbRecording_cut.wav,3.0,0.0,0.0,3
30097694_MinPolqaSfbRecording_cut.wav,3.0,0.0,0.0,3
30261548_MinPolqaSfbRecording_cut.wav,2.75,0.5,0.49,4
30174106_MinPolqaSfbRecording_cut.wav,2.0,0.816496581,0.800166649,4
27980491_MinPolqaSfbRecording_cut.wav,4.75,0.5,0.49,4
30083502_MinPolqaSfbRecording_cut.wav,2.75,0.5,0.49,4
30184167_MinPolqaSfbRecording_cut.wav,3.25,0.5,0.49,4
30174519_MinPolqaSfbRecording_cut.wav,3.5,0.577350269,0.565803264,4
30484707_MinPolqaSfbRecording_cut.wav,3.25,0.957427108,0.938278566,4
30146943_MinPolqaSfbRecording_cut.wav,3.75,0.5,0.49,4
30527690_MinPolqaSfbRecording_cut.wav,2.666666667,1.154700538,1.306666667,3
30507696_MinPolqaSfbRecording_cut.wav,3.666666667,1.527525232,1.728557523,3
30102741_MinPolqaSfbRecording_cut.wav,4.333333333,0.577350269,0.653333333,3
30205623_MinPolqaSfbRecording_cut.wav,2.666666667,1.527525232,1.728557523,3
30479902_MinPolqaSfbRecording_cut.wav,3.666666667,0.577350269,0.653333333,3
30432219_MinPolqaSfbRecording_cut.wav,2.0,1.0,1.131606528,3
27918816_MinPolqaSfbRecording_cut.wav,4.666666667,0.577350269,0.653333333,3
30128826_MinPolqaSfbRecording_cut.wav,3.333333333,1.154700538,1.306666667,3
30509444_MinPolqaSfbRecording_cut.wav,3.0,1.0,0.876538647,5
30119813_MinPolqaSfbRecording_cut.wav,1.8,0.836660027,0.733364848,5
30474896_MinPolqaSfbRecording_cut.wav,3.8,0.836660027,0.733364848,5
27685469_MinPolqaSfbRecording_cut.wav,4.0,0.707106781,0.619806421,5
30424488_MinPolqaSfbRecording_cut.wav,2.4,1.516575089,1.329336677,5
27549946_MinPolqaSfbRecording_cut.wav,3.8,0.447213595,0.392,5
30487856_MinPolqaSfbRecording_cut.wav,2.6,0.894427191,0.784,5
27883544_MinPolqaSfbRecording_cut.wav,3.8,0.447213595,0.392,5
30082780_MinPolqaSfbRecording_cut.wav,2.8,1.095445115,0.960199979,5
28167849_MinPolqaSfbRecording_cut.wav,3.75,0.957427108,0.938278566,4
30057945_MinPolqaSfbRecording_cut.wav,3.25,0.5,0.49,4
28249653_MinPolqaSfbRecording_cut.wav,4.25,0.5,0.49,4
27693646_MinPolqaSfbRecording_cut.wav,4.25,0.5,0.49,4
30157546_MinPolqaSfbRecording_cut.wav,2.75,0.5,0.49,4
30257104_MinPolqaSfbRecording_cut.wav,3.75,0.957427108,0.938278566,4
28063838_MinPolqaSfbRecording_cut.wav,4.5,0.577350269,0.565803264,4
30404359_MinPolqaSfbRecording_cut.wav,4.5,0.577350269,0.565803264,4
30248974_MinPolqaSfbRecording_cut.wav,3.5,0.577350269,0.565803264,4
30177357_MinPolqaSfbRecording_cut.wav,2.75,0.5,0.49,4
30527142_MinPolqaSfbRecording_cut.wav,2.0,0.816496581,0.800166649,4
30468577_MinPolqaSfbRecording_cut.wav,2.0,0.816496581,0.800166649,4
30465242_MinPolqaSfbRecording_cut.wav,2.5,0.577350269,0.565803264,4
30261544_MinPolqaSfbRecording_cut.wav,2.5,0.577350269,0.565803264,4
30471760_MinPolqaSfbRecording_cut.wav,3.5,0.577350269,0.565803264,4
30106380_MinPolqaSfbRecording_cut.wav,1.25,0.5,0.49,4
27660232_MinPolqaSfbRecording_cut.wav,4.0,1.0,0.876538647,5
30152393_MinPolqaSfbRecording_cut.wav,3.0,1.224744871,1.073536213,5
30480780_MinPolqaSfbRecording_cut.wav,2.8,0.836660027,0.733364848,5
30109659_MinPolqaSfbRecording_cut.wav,3.4,0.547722558,0.48009999,5
30160700_MinPolqaSfbRecording_cut.wav,2.6,1.140175425,0.999407825,5
28430541_MinPolqaSfbRecording_cut.wav,3.4,0.894427191,0.784,5
29012322_MinPolqaSfbRecording_cut.wav,4.4,0.547722558,0.48009999,5
29542204_MinPolqaSfbRecording_cut.wav,2.0,1.224744871,1.073536213,5
30430106_MinPolqaSfbRecording_cut.wav,3.4,0.547722558,0.48009999,5
30162198_MinPolqaSfbRecording_cut.wav,2.6,0.894427191,0.784,5
30151803_MinPolqaSfbRecording_cut.wav,2.2,0.836660027,0.733364848,5
30118339_MinPolqaSfbRecording_cut.wav,2.8,1.303840481,1.142866571,5
30452977_MinPolqaSfbRecording_cut.wav,1.8,0.836660027,0.733364848,5
30075193_MinPolqaSfbRecording_cut.wav,3.4,0.547722558,0.48009999,5
27923393_MinPolqaSfbRecording_cut.wav,3.4,1.140175425,0.999407825,5
30124866_MinPolqaSfbRecording_cut.wav,2.2,0.447213595,0.392,5
30122843_MinPolqaSfbRecording_cut.wav,2.8,1.095445115,0.960199979,5
30489914_MinPolqaSfbRecording_cut.wav,4.25,0.5,0.49,4
28623722_MinPolqaSfbRecording_cut.wav,3.75,0.5,0.49,4
28685013_MinPolqaSfbRecording_cut.wav,4.5,0.577350269,0.565803264,4
30429570_MinPolqaSfbRecording_cut.wav,1.5,0.577350269,0.565803264,4
30067321_MinPolqaSfbRecording_cut.wav,2.0,0.0,0.0,4
30259173_MinPolqaSfbRecording_cut.wav,3.25,0.5,0.49,4
28788377_MinPolqaSfbRecording_cut.wav,3.75,0.5,0.49,4
30493487_MinPolqaSfbRecording_cut.wav,3.75,0.5,0.49,4
30526480_MinPolqaSfbRecording_cut.wav,3.25,0.957427108,0.938278566,4
27836849_MinPolqaSfbRecording_cut.wav,4.25,0.5,0.49,4
30491397_MinPolqaSfbRecording_cut.wav,3.25,1.5,1.47,4
30184216_MinPolqaSfbRecording_cut.wav,3.25,1.5,1.47,4
30520009_MinPolqaSfbRecording_cut.wav,3.25,0.957427108,0.938278566,4
28288378_MinPolqaSfbRecording_cut.wav,4.0,0.816496581,0.800166649,4
30184154_MinPolqaSfbRecording_cut.wav,3.5,1.732050808,1.697409791,4
30425236_MinPolqaSfbRecording_cut.wav,2.75,1.258305739,1.233139624,4
30502693_MinPolqaSfbRecording_cut.wav,2.5,1.0,0.98,4
30166222_MinPolqaSfbRecording_cut.wav,2.75,1.258305739,1.233139624,4
30078409_MinPolqaSfbRecording_cut.wav,2.25,0.957427108,0.938278566,4
28312253_MinPolqaSfbRecording_cut.wav,3.75,0.957427108,0.938278566,4
30117830_MinPolqaSfbRecording_cut.wav,1.75,1.5,1.47,4
30492771_MinPolqaSfbRecording_cut.wav,3.75,0.957427108,0.938278566,4
30214459_MinPolqaSfbRecording_cut.wav,2.0,0.816496581,0.800166649,4
30155340_MinPolqaSfbRecording_cut.wav,3.75,0.957427108,0.938278566,4
30098335_MinPolqaSfbRecording_cut.wav,2.75,0.957427108,0.938278566,4
30178905_MinPolqaSfbRecording_cut.wav,1.5,1.0,0.98,4
30519557_MinPolqaSfbRecording_cut.wav,3.25,1.258305739,1.233139624,4
30506466_MinPolqaSfbRecording_cut.wav,3.666666667,1.527525232,1.728557523,3
30059568_MinPolqaSfbRecording_cut.wav,3.0,1.0,1.131606528,3
28307462_MinPolqaSfbRecording_cut.wav,4.333333333,0.577350269,0.653333333,3
30446781_MinPolqaSfbRecording_cut.wav,3.0,0.0,0.0,3
27724853_MinPolqaSfbRecording_cut.wav,4.333333333,0.577350269,0.653333333,3
28117644_MinPolqaSfbRecording_cut.wav,4.0,1.0,1.131606528,3
30261191_MinPolqaSfbRecording_cut.wav,1.666666667,0.577350269,0.653333333,3
30082724_MinPolqaSfbRecording_cut.wav,4.0,1.0,1.131606528,3
30405269_MinPolqaSfbRecording_cut.wav,1.75,0.957427108,0.938278566,4
30181441_MinPolqaSfbRecording_cut.wav,3.5,1.0,0.98,4
30136591_MinPolqaSfbRecording_cut.wav,2.5,0.577350269,0.565803264,4
30138638_MinPolqaSfbRecording_cut.wav,3.0,0.816496581,0.800166649,4
30527355_MinPolqaSfbRecording_cut.wav,2.25,0.957427108,0.938278566,4
28148136_MinPolqaSfbRecording_cut.wav,3.25,0.5,0.49,4
30092610_MinPolqaSfbRecording_cut.wav,2.5,0.577350269,0.565803264,4
28848675_MinPolqaSfbRecording_cut.wav,3.75,0.5,0.49,4
30496171_MinPolqaSfbRecording_cut.wav,2.8,0.447213595,0.392,5
30135636_MinPolqaSfbRecording_cut.wav,3.4,0.547722558,0.48009999,5
29530689_MinPolqaSfbRecording_cut.wav,2.2,0.836660027,0.733364848,5
30454886_MinPolqaSfbRecording_cut.wav,3.6,0.547722558,0.48009999,5
30416254_MinPolqaSfbRecording_cut.wav,1.6,0.894427191,0.784,5
28081736_MinPolqaSfbRecording_cut.wav,3.4,0.547722558,0.48009999,5
27918125_MinPolqaSfbRecording_cut.wav,4.2,0.447213595,0.392,5
27922845_MinPolqaSfbRecording_cut.wav,3.0,0.816496581,0.800166649,4
30492705_MinPolqaSfbRecording_cut.wav,2.5,1.0,0.98,4
30095933_MinPolqaSfbRecording_cut.wav,3.0,0.816496581,0.800166649,4
30173943_MinPolqaSfbRecording_cut.wav,3.0,0.816496581,0.800166649,4
27959654_MinPolqaSfbRecording_cut.wav,3.0,0.816496581,0.800166649,4
30106403_MinPolqaSfbRecording_cut.wav,1.75,0.957427108,0.938278566,4
30144748_MinPolqaSfbRecording_cut.wav,3.75,1.5,1.47,4
30182484_MinPolqaSfbRecording_cut.wav,2.5,1.290994449,1.26517456,4
28064274_MinPolqaSfbRecording_cut.wav,4.25,0.5,0.49,4
30150740_MinPolqaSfbRecording_cut.wav,2.75,1.707825128,1.673668625,4
30096060_MinPolqaSfbRecording_cut.wav,2.6,1.140175425,0.999407825,5
27939435_MinPolqaSfbRecording_cut.wav,3.4,0.894427191,0.784,5
30156935_MinPolqaSfbRecording_cut.wav,2.2,1.303840481,1.142866571,5
30079577_MinPolqaSfbRecording_cut.wav,4.4,0.547722558,0.48009999,5
28527465_MinPolqaSfbRecording_cut.wav,4.0,0.707106781,0.619806421,5
30089326_MinPolqaSfbRecording_cut.wav,2.8,0.836660027,0.733364848,5
30163104_MinPolqaSfbRecording_cut.wav,2.2,0.836660027,0.733364848,5
30150366_MinPolqaSfbRecording_cut.wav,3.75,1.258305739,1.233139624,4
30507324_MinPolqaSfbRecording_cut.wav,2.25,0.957427108,0.938278566,4
30082709_MinPolqaSfbRecording_cut.wav,3.0,0.816496581,0.800166649,4
30211208_MinPolqaSfbRecording_cut.wav,2.75,0.957427108,0.938278566,4
30069459_MinPolqaSfbRecording_cut.wav,2.5,0.577350269,0.565803264,4
30085590_MinPolqaSfbRecording_cut.wav,2.75,0.5,0.49,4
30488768_MinPolqaSfbRecording_cut.wav,3.25,0.957427108,0.938278566,4
30092567_MinPolqaSfbRecording_cut.wav,2.75,1.258305739,1.233139624,4
30414092_MinPolqaSfbRecording_cut.wav,2.25,0.957427108,0.938278566,4
30122044_MinPolqaSfbRecording_cut.wav,3.25,1.5,1.47,4
30125681_MinPolqaSfbRecording_cut.wav,2.5,1.0,0.98,4
30126352_MinPolqaSfbRecording_cut.wav,2.5,1.290994449,1.26517456,4
30096035_MinPolqaSfbRecording_cut.wav,1.25,0.5,0.49,4
30092265_MinPolqaSfbRecording_cut.wav,3.0,1.414213562,1.385929291,4
30467362_MinPolqaSfbRecording_cut.wav,3.5,1.732050808,1.697409791,4
30182682_MinPolqaSfbRecording_cut.wav,3.25,1.5,1.47,4
30091789_MinPolqaSfbRecording_cut.wav,3.25,0.5,0.49,4
27871138_MinPolqaSfbRecording_cut.wav,3.25,0.5,0.49,4
30512783_MinPolqaSfbRecording_cut.wav,3.75,0.957427108,0.938278566,4
30161086_MinPolqaSfbRecording_cut.wav,3.5,0.577350269,0.565803264,4
30114031_MinPolqaSfbRecording_cut.wav,3.75,0.957427108,0.938278566,4
30521011_MinPolqaSfbRecording_cut.wav,3.25,0.957427108,0.938278566,4
27913201_MinPolqaSfbRecording_cut.wav,4.25,0.957427108,0.938278566,4
30202087_MinPolqaSfbRecording_cut.wav,3.5,1.290994449,1.26517456,4
27648927_MinPolqaSfbRecording_cut.wav,4.5,0.577350269,0.565803264,4
30131749_MinPolqaSfbRecording_cut.wav,3.333333333,1.154700538,1.306666667,3
30454661_MinPolqaSfbRecording_cut.wav,1.666666667,0.577350269,0.653333333,3
30093247_MinPolqaSfbRecording_cut.wav,2.333333333,1.154700538,1.306666667,3
30122167_MinPolqaSfbRecording_cut.wav,3.0,1.0,1.131606528,3
30192997_MinPolqaSfbRecording_cut.wav,3.0,0.0,0.0,3
30067881_MinPolqaSfbRecording_cut.wav,3.666666667,0.577350269,0.653333333,3
27142560_MinPolqaSfbRecording_cut.wav,3.666666667,0.577350269,0.653333333,3
30428128_MinPolqaSfbRecording_cut.wav,2.333333333,0.577350269,0.653333333,3
27743726_MinPolqaSfbRecording_cut.wav,3.75,0.5,0.49,4
30456274_MinPolqaSfbRecording_cut.wav,3.5,0.577350269,0.565803264,4
30214080_MinPolqaSfbRecording_cut.wav,2.75,0.957427108,0.938278566,4
30062675_MinPolqaSfbRecording_cut.wav,2.5,1.290994449,1.26517456,4
30148023_MinPolqaSfbRecording_cut.wav,1.25,0.5,0.49,4
28551951_MinPolqaSfbRecording_cut.wav,3.25,0.5,0.49,4
30160144_MinPolqaSfbRecording_cut.wav,1.5,0.577350269,0.565803264,4
27947067_MinPolqaSfbRecording_cut.wav,3.25,0.5,0.49,4
30144266_MinPolqaSfbRecording_cut.wav,2.5,1.290994449,1.26517456,4
30485071_MinPolqaSfbRecording_cut.wav,5.0,0.0,0.0,3
30136139_MinPolqaSfbRecording_cut.wav,1.666666667,1.154700538,1.306666667,3
30155698_MinPolqaSfbRecording_cut.wav,3.333333333,0.577350269,0.653333333,3
30207725_MinPolqaSfbRecording_cut.wav,2.666666667,1.154700538,1.306666667,3
30451127_MinPolqaSfbRecording_cut.wav,3.333333333,1.154700538,1.306666667,3
30063429_MinPolqaSfbRecording_cut.wav,5.0,0.0,0.0,3
30506762_MinPolqaSfbRecording_cut.wav,4.666666667,0.577350269,0.653333333,3
27650277_MinPolqaSfbRecording_cut.wav,4.0,0.0,0.0,3
30440541_MinPolqaSfbRecording_cut.wav,3.666666667,1.154700538,1.306666667,3
27657110_MinPolqaSfbRecording_cut.wav,4.333333333,0.577350269,0.653333333,3
30137885_MinPolqaSfbRecording_cut.wav,2.0,0.0,0.0,3
30254763_MinPolqaSfbRecording_cut.wav,3.666666667,1.154700538,1.306666667,3
29538450_MinPolqaSfbRecording_cut.wav,3.0,0.0,0.0,3
28207891_MinPolqaSfbRecording_cut.wav,3.666666667,0.577350269,0.653333333,3
30404876_MinPolqaSfbRecording_cut.wav,3.8,0.836660027,0.733364848,5
29543214_MinPolqaSfbRecording_cut.wav,3.2,0.836660027,0.733364848,5
30400545_MinPolqaSfbRecording_cut.wav,4.0,0.707106781,0.619806421,5
27672990_MinPolqaSfbRecording_cut.wav,3.6,0.894427191,0.784,5
28833817_MinPolqaSfbRecording_cut.wav,4.0,0.707106781,0.619806421,5
30063273_MinPolqaSfbRecording_cut.wav,3.6,0.547722558,0.48009999,5
30156437_MinPolqaSfbRecording_cut.wav,3.8,1.095445115,0.960199979,5
30516397_MinPolqaSfbRecording_cut.wav,1.0,0.0,0.0,5
30083000_MinPolqaSfbRecording_cut.wav,2.8,0.836660027,0.733364848,5
30453018_MinPolqaSfbRecording_cut.wav,2.75,0.957427108,0.938278566,4
28243615_MinPolqaSfbRecording_cut.wav,4.5,0.577350269,0.565803264,4
30096808_MinPolqaSfbRecording_cut.wav,2.5,1.914854216,1.876557131,4
30421030_MinPolqaSfbRecording_cut.wav,4.0,1.414213562,1.385929291,4
28919769_MinPolqaSfbRecording_cut.wav,4.0,1.154700538,1.131606528,4
30204885_MinPolqaSfbRecording_cut.wav,2.5,1.0,0.98,4
30529762_MinPolqaSfbRecording_cut.wav,2.0,1.414213562,1.385929291,4
28005670_MinPolqaSfbRecording_cut.wav,3.25,1.258305739,1.233139624,4
30401604_MinPolqaSfbRecording_cut.wav,2.0,1.414213562,1.385929291,4
28052170_MinPolqaSfbRecording_cut.wav,4.0,1.154700538,1.131606528,4
28080705_MinPolqaSfbRecording_cut.wav,3.2,0.447213595,0.392,5
30451508_MinPolqaSfbRecording_cut.wav,2.0,0.707106781,0.619806421,5
28430116_MinPolqaSfbRecording_cut.wav,4.0,0.707106781,0.619806421,5
28111701_MinPolqaSfbRecording_cut.wav,4.0,0.707106781,0.619806421,5
30437851_MinPolqaSfbRecording_cut.wav,3.6,0.894427191,0.784,5
30154357_MinPolqaSfbRecording_cut.wav,4.0,0.707106781,0.619806421,5
30489229_MinPolqaSfbRecording_cut.wav,3.2,1.095445115,0.960199979,5
30097790_MinPolqaSfbRecording_cut.wav,2.0,0.0,0.0,5
30068450_MinPolqaSfbRecording_cut.wav,3.2,0.447213595,0.392,5
30064028_MinPolqaSfbRecording_cut.wav,4.2,0.836660027,0.733364848,5
30160609_MinPolqaSfbRecording_cut.wav,3.2,0.836660027,0.733364848,5
27981514_MinPolqaSfbRecording_cut.wav,3.6,0.547722558,0.48009999,5
27893827_MinPolqaSfbRecording_cut.wav,4.0,0.707106781,0.619806421,5
30412599_MinPolqaSfbRecording_cut.wav,2.6,0.547722558,0.48009999,5
30069844_MinPolqaSfbRecording_cut.wav,2.0,0.707106781,0.619806421,5
30183803_MinPolqaSfbRecording_cut.wav,2.8,0.447213595,0.392,5
30431035_MinPolqaSfbRecording_cut.wav,3.0,1.0,1.131606528,3
30450202_MinPolqaSfbRecording_cut.wav,3.333333333,0.577350269,0.653333333,3
30460976_MinPolqaSfbRecording_cut.wav,3.0,1.0,1.131606528,3
29530981_MinPolqaSfbRecording_cut.wav,2.333333333,1.527525232,1.728557523,3
27910600_MinPolqaSfbRecording_cut.wav,4.0,0.0,0.0,3
30076636_MinPolqaSfbRecording_cut.wav,3.666666667,0.577350269,0.653333333,3
30145371_MinPolqaSfbRecording_cut.wav,2.666666667,0.577350269,0.653333333,3
30453724_MinPolqaSfbRecording_cut.wav,2.0,1.0,1.131606528,3
30414180_MinPolqaSfbRecording_cut.wav,4.0,0.0,0.0,3
30068066_MinPolqaSfbRecording_cut.wav,3.333333333,0.577350269,0.653333333,3
30256865_MinPolqaSfbRecording_cut.wav,4.0,0.707106781,0.619806421,5
30516450_MinPolqaSfbRecording_cut.wav,2.8,1.303840481,1.142866571,5
28182353_MinPolqaSfbRecording_cut.wav,4.0,0.707106781,0.619806421,5
28855552_MinPolqaSfbRecording_cut.wav,3.6,0.547722558,0.48009999,5
30157638_MinPolqaSfbRecording_cut.wav,3.8,0.836660027,0.733364848,5
30500568_MinPolqaSfbRecording_cut.wav,3.0,1.224744871,1.073536213,5
28455966_MinPolqaSfbRecording_cut.wav,4.0,1.0,0.876538647,5
27728170_MinPolqaSfbRecording_cut.wav,3.25,0.957427108,0.938278566,4
30523752_MinPolqaSfbRecording_cut.wav,3.25,1.258305739,1.233139624,4
30100842_MinPolqaSfbRecording_cut.wav,3.0,0.816496581,0.800166649,4
30212000_MinPolqaSfbRecording_cut.wav,3.75,0.5,0.49,4
30457952_MinPolqaSfbRecording_cut.wav,2.5,0.577350269,0.565803264,4
30159847_MinPolqaSfbRecording_cut.wav,1.25,0.5,0.49,4
30471794_MinPolqaSfbRecording_cut.wav,3.5,0.577350269,0.565803264,4
30090871_MinPolqaSfbRecording_cut.wav,1.75,0.957427108,0.938278566,4
30149176_MinPolqaSfbRecording_cut.wav,1.5,0.577350269,0.565803264,4
29019505_MinPolqaSfbRecording_cut.wav,3.75,0.5,0.49,4
28528122_MinPolqaSfbRecording_cut.wav,3.25,0.957427108,0.938278566,4
30166197_MinPolqaSfbRecording_cut.wav,1.25,0.5,0.49,4
30423613_MinPolqaSfbRecording_cut.wav,1.75,0.957427108,0.938278566,4
30104094_MinPolqaSfbRecording_cut.wav,4.0,0.0,0.0,4
30405597_MinPolqaSfbRecording_cut.wav,4.5,0.577350269,0.565803264,4
30478330_MinPolqaSfbRecording_cut.wav,4.0,0.0,0.0,4
30197933_MinPolqaSfbRecording_cut.wav,2.4,1.516575089,1.329336677,5
30257342_MinPolqaSfbRecording_cut.wav,2.0,0.707106781,0.619806421,5
30252455_MinPolqaSfbRecording_cut.wav,3.6,0.547722558,0.48009999,5
28779334_MinPolqaSfbRecording_cut.wav,4.0,0.707106781,0.619806421,5
28526512_MinPolqaSfbRecording_cut.wav,4.4,0.547722558,0.48009999,5
30185950_MinPolqaSfbRecording_cut.wav,3.0,0.707106781,0.619806421,5
29054598_MinPolqaSfbRecording_cut.wav,2.5,1.0,0.98,4
30091803_MinPolqaSfbRecording_cut.wav,2.25,0.5,0.49,4
30474710_MinPolqaSfbRecording_cut.wav,2.25,0.5,0.49,4
30138921_MinPolqaSfbRecording_cut.wav,2.75,0.5,0.49,4
30511468_MinPolqaSfbRecording_cut.wav,2.75,1.707825128,1.673668625,4
30181257_MinPolqaSfbRecording_cut.wav,2.5,1.290994449,1.26517456,4
30109625_MinPolqaSfbRecording_cut.wav,2.75,0.5,0.49,4
30409276_MinPolqaSfbRecording_cut.wav,1.25,0.5,0.49,4
28730890_MinPolqaSfbRecording_cut.wav,3.0,0.816496581,0.800166649,4
30529796_MinPolqaSfbRecording_cut.wav,2.25,0.5,0.49,4
30109433_MinPolqaSfbRecording_cut.wav,3.5,1.0,0.98,4
30138519_MinPolqaSfbRecording_cut.wav,3.75,0.5,0.49,4
30461139_MinPolqaSfbRecording_cut.wav,1.5,0.577350269,0.565803264,4
30472475_MinPolqaSfbRecording_cut.wav,2.25,0.5,0.49,4
30522163_MinPolqaSfbRecording_cut.wav,2.5,0.577350269,0.565803264,4
28785308_MinPolqaSfbRecording_cut.wav,3.0,0.0,0.0,4
28886507_MinPolqaSfbRecording_cut.wav,3.5,0.577350269,0.565803264,4
30456312_MinPolqaSfbRecording_cut.wav,3.5,1.0,0.98,4
30123848_MinPolqaSfbRecording_cut.wav,3.0,0.707106781,0.619806421,5
30462806_MinPolqaSfbRecording_cut.wav,1.8,1.303840481,1.142866571,5
30466892_MinPolqaSfbRecording_cut.wav,3.6,0.547722558,0.48009999,5
28592762_MinPolqaSfbRecording_cut.wav,3.4,0.894427191,0.784,5
30405381_MinPolqaSfbRecording_cut.wav,3.2,1.095445115,0.960199979,5
30176911_MinPolqaSfbRecording_cut.wav,2.8,0.836660027,0.733364848,5
30172039_MinPolqaSfbRecording_cut.wav,3.2,0.836660027,0.733364848,5
30065716_MinPolqaSfbRecording_cut.wav,4.6,0.547722558,0.48009999,5
27861856_MinPolqaSfbRecording_cut.wav,4.0,1.0,0.876538647,5
30117646_MinPolqaSfbRecording_cut.wav,2.25,1.258305739,1.233139624,4
30201985_MinPolqaSfbRecording_cut.wav,2.5,1.0,0.98,4
29002993_MinPolqaSfbRecording_cut.wav,3.5,0.577350269,0.565803264,4
30107847_MinPolqaSfbRecording_cut.wav,3.0,0.0,0.0,4
30069985_MinPolqaSfbRecording_cut.wav,3.0,0.0,0.0,4
30166378_MinPolqaSfbRecording_cut.wav,3.5,1.0,0.98,4
30186049_MinPolqaSfbRecording_cut.wav,3.0,0.0,0.0,4
30428693_MinPolqaSfbRecording_cut.wav,3.0,0.816496581,0.800166649,4
30083370_MinPolqaSfbRecording_cut.wav,2.5,1.0,0.98,4
30132228_MinPolqaSfbRecording_cut.wav,3.666666667,1.154700538,1.306666667,3
30523802_MinPolqaSfbRecording_cut.wav,3.0,1.0,1.131606528,3
30465808_MinPolqaSfbRecording_cut.wav,2.666666667,0.577350269,0.653333333,3
30515434_MinPolqaSfbRecording_cut.wav,2.666666667,0.577350269,0.653333333,3
30490615_MinPolqaSfbRecording_cut.wav,3.333333333,0.577350269,0.653333333,3
30521141_MinPolqaSfbRecording_cut.wav,3.333333333,0.577350269,0.653333333,3
30471701_MinPolqaSfbRecording_cut.wav,3.666666667,0.577350269,0.653333333,3
30108721_MinPolqaSfbRecording_cut.wav,4.0,1.0,1.131606528,3
29531779_MinPolqaSfbRecording_cut.wav,2.8,1.483239697,1.300116918,5
30472149_MinPolqaSfbRecording_cut.wav,2.8,1.643167673,1.440299969,5
27827870_MinPolqaSfbRecording_cut.wav,4.2,0.836660027,0.733364848,5
27814888_MinPolqaSfbRecording_cut.wav,3.4,0.547722558,0.48009999,5
30062697_MinPolqaSfbRecording_cut.wav,3.2,1.483239697,1.300116918,5
30453594_MinPolqaSfbRecording_cut.wav,3.6,0.894427191,0.784,5
30066305_MinPolqaSfbRecording_cut.wav,3.2,1.303840481,1.142866571,5
30181437_MinPolqaSfbRecording_cut.wav,3.4,1.140175425,0.999407825,5
30090513_MinPolqaSfbRecording_cut.wav,2.0,1.414213562,1.96,2
30132594_MinPolqaSfbRecording_cut.wav,1.5,0.707106781,0.98,2
30514613_MinPolqaSfbRecording_cut.wav,4.0,0.0,0.0,2
28292507_MinPolqaSfbRecording_cut.wav,4.5,0.707106781,0.98,2
30516771_MinPolqaSfbRecording_cut.wav,4.0,0.0,0.0,2
28695944_MinPolqaSfbRecording_cut.wav,4.0,1.414213562,1.96,2
30103277_MinPolqaSfbRecording_cut.wav,2.25,1.892969449,1.85511006,4
30063980_MinPolqaSfbRecording_cut.wav,2.75,0.5,0.49,4
30520013_MinPolqaSfbRecording_cut.wav,2.5,1.0,0.98,4
30472822_MinPolqaSfbRecording_cut.wav,2.5,1.0,0.98,4
30437082_MinPolqaSfbRecording_cut.wav,4.25,0.5,0.49,4
30106546_MinPolqaSfbRecording_cut.wav,2.75,0.957427108,0.938278566,4
28837489_MinPolqaSfbRecording_cut.wav,4.5,0.577350269,0.565803264,4
30264365_MinPolqaSfbRecording_cut.wav,4.25,0.957427108,0.938278566,4
29057976_MinPolqaSfbRecording_cut.wav,4.75,0.5,0.49,4
30460925_MinPolqaSfbRecording_cut.wav,2.0,0.816496581,0.800166649,4
30154748_MinPolqaSfbRecording_cut.wav,3.25,0.957427108,0.938278566,4
30159543_MinPolqaSfbRecording_cut.wav,2.75,0.957427108,0.938278566,4
30522789_MinPolqaSfbRecording_cut.wav,1.75,0.5,0.49,4
30170759_MinPolqaSfbRecording_cut.wav,1.0,0.0,0.0,4
30138985_MinPolqaSfbRecording_cut.wav,3.25,0.957427108,0.938278566,4
28225157_MinPolqaSfbRecording_cut.wav,4.5,0.577350269,0.565803264,4
30263760_MinPolqaSfbRecording_cut.wav,2.5,1.0,0.98,4
30071779_MinPolqaSfbRecording_cut.wav,3.25,0.5,0.49,4
30092438_MinPolqaSfbRecording_cut.wav,1.75,0.5,0.49,4
30199651_MinPolqaSfbRecording_cut.wav,2.5,0.577350269,0.565803264,4
30426939_MinPolqaSfbRecording_cut.wav,3.75,0.957427108,0.938278566,4
27577102_MinPolqaSfbRecording_cut.wav,1.5,0.577350269,0.565803264,4
30093046_MinPolqaSfbRecording_cut.wav,1.75,0.5,0.49,4
30137157_MinPolqaSfbRecording_cut.wav,3.75,0.5,0.49,4
30100583_MinPolqaSfbRecording_cut.wav,3.25,0.5,0.49,4
28934780_MinPolqaSfbRecording_cut.wav,3.75,0.5,0.49,4
30474494_MinPolqaSfbRecording_cut.wav,1.75,0.5,0.49,4
30157158_MinPolqaSfbRecording_cut.wav,4.25,0.5,0.49,4
30158065_MinPolqaSfbRecording_cut.wav,3.333333333,1.154700538,1.306666667,3
30159403_MinPolqaSfbRecording_cut.wav,3.0,1.0,1.131606528,3
30081141_MinPolqaSfbRecording_cut.wav,2.666666667,1.527525232,1.728557523,3
29543054_MinPolqaSfbRecording_cut.wav,3.0,1.0,1.131606528,3
27733193_MinPolqaSfbRecording_cut.wav,4.0,1.0,1.131606528,3
30156996_MinPolqaSfbRecording_cut.wav,3.666666667,0.577350269,0.653333333,3
30526922_MinPolqaSfbRecording_cut.wav,2.333333333,1.527525232,1.728557523,3
30469018_MinPolqaSfbRecording_cut.wav,4.0,1.0,1.131606528,3
30103236_MinPolqaSfbRecording_cut.wav,3.8,0.836660027,0.733364848,5
30255121_MinPolqaSfbRecording_cut.wav,3.0,0.707106781,0.619806421,5
30075740_MinPolqaSfbRecording_cut.wav,4.2,0.447213595,0.392,5
30105426_MinPolqaSfbRecording_cut.wav,3.4,1.516575089,1.329336677,5
30438514_MinPolqaSfbRecording_cut.wav,2.4,1.140175425,0.999407825,5
27651992_MinPolqaSfbRecording_cut.wav,4.0,0.707106781,0.619806421,5
30185880_MinPolqaSfbRecording_cut.wav,2.2,0.836660027,0.733364848,5
28195600_MinPolqaSfbRecording_cut.wav,4.4,0.894427191,0.784,5
30171919_MinPolqaSfbRecording_cut.wav,2.4,1.140175425,0.999407825,5
30138589_MinPolqaSfbRecording_cut.wav,3.4,0.894427191,0.784,5
30133993_MinPolqaSfbRecording_cut.wav,4.4,0.547722558,0.48009999,5
28550565_MinPolqaSfbRecording_cut.wav,4.4,0.894427191,0.784,5
30145047_MinPolqaSfbRecording_cut.wav,3.2,0.836660027,0.733364848,5
30194292_MinPolqaSfbRecording_cut.wav,2.8,1.643167673,1.440299969,5
30254600_MinPolqaSfbRecording_cut.wav,3.2,1.095445115,0.960199979,5
30420711_MinPolqaSfbRecording_cut.wav,4.2,0.836660027,0.733364848,5
30437127_MinPolqaSfbRecording_cut.wav,3.2,1.303840481,1.142866571,5
30485765_MinPolqaSfbRecording_cut.wav,3.6,0.894427191,0.784,5
30513864_MinPolqaSfbRecording_cut.wav,3.8,1.095445115,0.960199979,5
30404937_MinPolqaSfbRecording_cut.wav,3.6,0.894427191,0.784,5
28254422_MinPolqaSfbRecording_cut.wav,4.4,0.894427191,0.784,5
30428289_MinPolqaSfbRecording_cut.wav,2.4,1.140175425,0.999407825,5
30471922_MinPolqaSfbRecording_cut.wav,3.4,0.547722558,0.48009999,5
28552991_MinPolqaSfbRecording_cut.wav,4.0,0.707106781,0.619806421,5
30520801_MinPolqaSfbRecording_cut.wav,3.2,1.483239697,1.300116918,5
29014172_MinPolqaSfbRecording_cut.wav,3.8,1.303840481,1.142866571,5
30105451_MinPolqaSfbRecording_cut.wav,3.0,0.816496581,0.800166649,4
30512655_MinPolqaSfbRecording_cut.wav,3.75,1.258305739,1.233139624,4
28233488_MinPolqaSfbRecording_cut.wav,3.75,0.957427108,0.938278566,4
28871815_MinPolqaSfbRecording_cut.wav,4.5,0.577350269,0.565803264,4
30261376_MinPolqaSfbRecording_cut.wav,2.25,0.5,0.49,4
27859416_MinPolqaSfbRecording_cut.wav,2.5,1.0,0.98,4
30211312_MinPolqaSfbRecording_cut.wav,2.25,0.5,0.49,4
28716436_MinPolqaSfbRecording_cut.wav,4.0,0.816496581,0.800166649,4
30511650_MinPolqaSfbRecording_cut.wav,3.75,0.5,0.49,4
28462906_MinPolqaSfbRecording_cut.wav,3.5,0.577350269,0.565803264,4
30432229_MinPolqaSfbRecording_cut.wav,3.0,0.816496581,0.800166649,4
30529432_MinPolqaSfbRecording_cut.wav,2.75,0.5,0.49,4
30527246_MinPolqaSfbRecording_cut.wav,3.25,0.5,0.49,4
28331076_MinPolqaSfbRecording_cut.wav,3.75,0.5,0.49,4
27954445_MinPolqaSfbRecording_cut.wav,4.0,0.0,0.0,4
30426292_MinPolqaSfbRecording_cut.wav,3.5,1.0,0.98,4
30119845_MinPolqaSfbRecording_cut.wav,2.75,0.5,0.49,4
30449588_MinPolqaSfbRecording_cut.wav,2.75,0.5,0.49,4
30516265_MinPolqaSfbRecording_cut.wav,2.25,0.957427108,0.938278566,4
30154244_MinPolqaSfbRecording_cut.wav,3.75,0.5,0.49,4
30519431_MinPolqaSfbRecording_cut.wav,3.25,0.5,0.49,4
27656371_MinPolqaSfbRecording_cut.wav,4.0,0.816496581,0.800166649,4
28978518_MinPolqaSfbRecording_cut.wav,3.75,1.258305739,1.233139624,4
30425472_MinPolqaSfbRecording_cut.wav,2.75,0.5,0.49,4
27876347_MinPolqaSfbRecording_cut.wav,4.25,0.957427108,0.938278566,4
30259956_MinPolqaSfbRecording_cut.wav,2.25,0.5,0.49,4
30422611_MinPolqaSfbRecording_cut.wav,3.5,0.577350269,0.565803264,4
30484850_MinPolqaSfbRecording_cut.wav,2.75,0.957427108,0.938278566,4
30083556_MinPolqaSfbRecording_cut.wav,2.5,0.577350269,0.565803264,4
30148119_MinPolqaSfbRecording_cut.wav,4.0,0.0,0.0,5
28685667_MinPolqaSfbRecording_cut.wav,4.4,0.547722558,0.48009999,5
30062362_MinPolqaSfbRecording_cut.wav,3.6,0.547722558,0.48009999,5
30474554_MinPolqaSfbRecording_cut.wav,3.0,0.707106781,0.619806421,5
30063566_MinPolqaSfbRecording_cut.wav,2.8,0.447213595,0.392,5
30248817_MinPolqaSfbRecording_cut.wav,3.8,0.447213595,0.392,5
30070847_MinPolqaSfbRecording_cut.wav,2.0,0.0,0.0,5
30441708_MinPolqaSfbRecording_cut.wav,2.0,0.707106781,0.619806421,5
30172022_MinPolqaSfbRecording_cut.wav,1.4,0.894427191,0.784,5
29533807_MinPolqaSfbRecording_cut.wav,2.6,0.547722558,0.48009999,5
28620573_MinPolqaSfbRecording_cut.wav,3.6,1.140175425,0.999407825,5
30091434_MinPolqaSfbRecording_cut.wav,1.2,0.447213595,0.392,5
30250595_MinPolqaSfbRecording_cut.wav,2.2,1.095445115,0.960199979,5
30207803_MinPolqaSfbRecording_cut.wav,2.6,1.341640786,1.176,5
30082139_MinPolqaSfbRecording_cut.wav,3.8,1.303840481,1.142866571,5
30491104_MinPolqaSfbRecording_cut.wav,2.2,0.447213595,0.392,5
30523905_MinPolqaSfbRecording_cut.wav,2.6,1.140175425,0.999407825,5
29529956_MinPolqaSfbRecording_cut.wav,2.2,0.836660027,0.733364848,5
30068491_MinPolqaSfbRecording_cut.wav,1.4,0.547722558,0.48009999,5
30184389_MinPolqaSfbRecording_cut.wav,2.4,1.140175425,0.999407825,5
29538614_MinPolqaSfbRecording_cut.wav,3.8,0.836660027,0.733364848,5
30067727_MinPolqaSfbRecording_cut.wav,3.6,0.894427191,0.784,5
28694840_MinPolqaSfbRecording_cut.wav,4.2,0.836660027,0.733364848,5
28966595_MinPolqaSfbRecording_cut.wav,3.8,0.836660027,0.733364848,5
30157665_MinPolqaSfbRecording_cut.wav,2.6,0.894427191,0.784,5
27634365_MinPolqaSfbRecording_cut.wav,2.8,0.447213595,0.392,5
30143158_MinPolqaSfbRecording_cut.wav,2.4,0.894427191,0.784,5
30529057_MinPolqaSfbRecording_cut.wav,2.2,0.836660027,0.733364848,5
30147035_MinPolqaSfbRecording_cut.wav,3.4,1.516575089,1.329336677,5
30180336_MinPolqaSfbRecording_cut.wav,3.0,1.414213562,1.239612843,5
30523924_MinPolqaSfbRecording_cut.wav,2.4,0.547722558,0.48009999,5
27555809_MinPolqaSfbRecording_cut.wav,2.6,0.547722558,0.48009999,5
30404294_MinPolqaSfbRecording_cut.wav,2.6,1.140175425,0.999407825,5
30073077_MinPolqaSfbRecording_cut.wav,3.2,1.483239697,1.300116918,5
30166878_MinPolqaSfbRecording_cut.wav,2.4,1.140175425,0.999407825,5
30149345_MinPolqaSfbRecording_cut.wav,3.0,1.58113883,1.385929291,5
30470188_MinPolqaSfbRecording_cut.wav,3.6,1.673320053,1.466729696,5
30137455_MinPolqaSfbRecording_cut.wav,3.2,1.483239697,1.300116918,5
30472855_MinPolqaSfbRecording_cut.wav,3.6,1.516575089,1.329336677,5
27709056_MinPolqaSfbRecording_cut.wav,2.8,1.483239697,1.300116918,5
30263871_MinPolqaSfbRecording_cut.wav,3.4,1.140175425,0.999407825,5
30253899_MinPolqaSfbRecording_cut.wav,2.2,1.095445115,0.960199979,5
30496551_MinPolqaSfbRecording_cut.wav,1.6,0.894427191,0.784,5
27567532_MinPolqaSfbRecording_cut.wav,4.2,0.836660027,0.733364848,5
28499265_MinPolqaSfbRecording_cut.wav,3.4,0.547722558,0.48009999,5
27551432_MinPolqaSfbRecording_cut.wav,4.2,0.447213595,0.392,5
30129601_MinPolqaSfbRecording_cut.wav,1.6,0.547722558,0.48009999,5
30529641_MinPolqaSfbRecording_cut.wav,3.2,1.483239697,1.300116918,5
28529803_MinPolqaSfbRecording_cut.wav,3.8,0.836660027,0.733364848,5
30100589_MinPolqaSfbRecording_cut.wav,3.25,0.5,0.49,4
27672112_MinPolqaSfbRecording_cut.wav,3.5,1.0,0.98,4
29543260_MinPolqaSfbRecording_cut.wav,3.25,0.5,0.49,4
30473761_MinPolqaSfbRecording_cut.wav,3.5,0.577350269,0.565803264,4
30206536_MinPolqaSfbRecording_cut.wav,3.0,0.816496581,0.800166649,4
28853427_MinPolqaSfbRecording_cut.wav,3.25,0.957427108,0.938278566,4
30500649_MinPolqaSfbRecording_cut.wav,2.75,0.5,0.49,4
28604697_MinPolqaSfbRecording_cut.wav,3.0,0.0,0.0,4
30169210_MinPolqaSfbRecording_cut.wav,3.25,0.5,0.49,4
28755250_MinPolqaSfbRecording_cut.wav,4.25,0.5,0.49,4
29542972_MinPolqaSfbRecording_cut.wav,3.666666667,1.154700538,1.306666667,3
28700153_MinPolqaSfbRecording_cut.wav,4.333333333,0.577350269,0.653333333,3
30108246_MinPolqaSfbRecording_cut.wav,3.666666667,0.577350269,0.653333333,3
30467013_MinPolqaSfbRecording_cut.wav,3.333333333,0.577350269,0.653333333,3
30127672_MinPolqaSfbRecording_cut.wav,3.0,1.0,1.131606528,3
30124127_MinPolqaSfbRecording_cut.wav,3.333333333,0.577350269,0.653333333,3
30468979_MinPolqaSfbRecording_cut.wav,1.333333333,0.577350269,0.653333333,3
30427606_MinPolqaSfbRecording_cut.wav,1.0,0.0,0.0,5
30460681_MinPolqaSfbRecording_cut.wav,2.8,0.836660027,0.733364848,5
30519468_MinPolqaSfbRecording_cut.wav,2.6,0.547722558,0.48009999,5
30516701_MinPolqaSfbRecording_cut.wav,1.8,0.447213595,0.392,5
30263045_MinPolqaSfbRecording_cut.wav,1.0,0.0,0.0,5
30471283_MinPolqaSfbRecording_cut.wav,1.8,0.836660027,0.733364848,5
28112967_MinPolqaSfbRecording_cut.wav,3.8,0.447213595,0.392,5
27974162_MinPolqaSfbRecording_cut.wav,3.8,0.447213595,0.392,5
30506172_MinPolqaSfbRecording_cut.wav,2.8,0.836660027,0.733364848,5
28600308_MinPolqaSfbRecording_cut.wav,3.75,0.5,0.49,4
30440390_MinPolqaSfbRecording_cut.wav,2.25,1.258305739,1.233139624,4
30134165_MinPolqaSfbRecording_cut.wav,2.75,0.957427108,0.938278566,4
30090881_MinPolqaSfbRecording_cut.wav,3.75,0.957427108,0.938278566,4
30421143_MinPolqaSfbRecording_cut.wav,3.25,0.957427108,0.938278566,4
30405278_MinPolqaSfbRecording_cut.wav,2.0,1.414213562,1.385929291,4
30162136_MinPolqaSfbRecording_cut.wav,2.0,1.0,0.876538647,5
27728888_MinPolqaSfbRecording_cut.wav,4.4,0.547722558,0.48009999,5
30156956_MinPolqaSfbRecording_cut.wav,3.0,0.707106781,0.619806421,5
30256171_MinPolqaSfbRecording_cut.wav,4.6,0.547722558,0.48009999,5
28313421_MinPolqaSfbRecording_cut.wav,4.2,0.447213595,0.392,5
30083037_MinPolqaSfbRecording_cut.wav,2.8,0.836660027,0.733364848,5
30171295_MinPolqaSfbRecording_cut.wav,4.6,0.547722558,0.48009999,5
30471370_MinPolqaSfbRecording_cut.wav,3.0,1.224744871,1.073536213,5
29530346_MinPolqaSfbRecording_cut.wav,2.8,1.483239697,1.300116918,5
30210986_MinPolqaSfbRecording_cut.wav,2.4,1.140175425,0.999407825,5
30206593_MinPolqaSfbRecording_cut.wav,4.0,1.732050808,1.518209472,5
30136137_MinPolqaSfbRecording_cut.wav,1.4,0.547722558,0.48009999,5
30099269_MinPolqaSfbRecording_cut.wav,3.2,1.095445115,0.960199979,5
30430303_MinPolqaSfbRecording_cut.wav,3.0,1.224744871,1.073536213,5
30188785_MinPolqaSfbRecording_cut.wav,3.0,1.224744871,1.073536213,5
28490326_MinPolqaSfbRecording_cut.wav,4.4,0.547722558,0.48009999,5
30160107_MinPolqaSfbRecording_cut.wav,1.4,0.547722558,0.48009999,5
30465758_MinPolqaSfbRecording_cut.wav,3.4,0.547722558,0.48009999,5
30192934_MinPolqaSfbRecording_cut.wav,2.4,0.547722558,0.48009999,5
30469383_MinPolqaSfbRecording_cut.wav,2.8,0.447213595,0.392,5
30105167_MinPolqaSfbRecording_cut.wav,3.2,0.836660027,0.733364848,5
30489647_MinPolqaSfbRecording_cut.wav,3.666666667,0.577350269,0.653333333,3
30204838_MinPolqaSfbRecording_cut.wav,3.0,0.0,0.0,3
28511872_MinPolqaSfbRecording_cut.wav,3.666666667,0.577350269,0.653333333,3
30447039_MinPolqaSfbRecording_cut.wav,1.333333333,0.577350269,0.653333333,3
30080906_MinPolqaSfbRecording_cut.wav,2.666666667,0.577350269,0.653333333,3
30497528_MinPolqaSfbRecording_cut.wav,2.0,1.0,1.131606528,3
28610082_MinPolqaSfbRecording_cut.wav,3.0,0.0,0.0,3
30119211_MinPolqaSfbRecording_cut.wav,3.0,0.816496581,0.800166649,4
30469922_MinPolqaSfbRecording_cut.wav,1.75,0.957427108,0.938278566,4
30264152_MinPolqaSfbRecording_cut.wav,3.0,0.816496581,0.800166649,4
27569779_MinPolqaSfbRecording_cut.wav,3.75,0.5,0.49,4
30504401_MinPolqaSfbRecording_cut.wav,1.5,1.0,0.98,4
27895349_MinPolqaSfbRecording_cut.wav,4.25,0.5,0.49,4
30089206_MinPolqaSfbRecording_cut.wav,3.75,0.957427108,0.938278566,4
30143969_MinPolqaSfbRecording_cut.wav,2.5,1.290994449,1.26517456,4
30137929_MinPolqaSfbRecording_cut.wav,4.0,0.816496581,0.800166649,4
28864753_MinPolqaSfbRecording_cut.wav,3.8,0.836660027,0.733364848,5
30082501_MinPolqaSfbRecording_cut.wav,3.4,0.547722558,0.48009999,5
30432735_MinPolqaSfbRecording_cut.wav,2.2,0.447213595,0.392,5
30069438_MinPolqaSfbRecording_cut.wav,3.0,0.707106781,0.619806421,5
29532054_MinPolqaSfbRecording_cut.wav,3.2,0.836660027,0.733364848,5
30073415_MinPolqaSfbRecording_cut.wav,3.0,0.707106781,0.619806421,5
29537592_MinPolqaSfbRecording_cut.wav,3.6,1.140175425,0.999407825,5
29543904_MinPolqaSfbRecording_cut.wav,2.6,0.894427191,0.784,5
27874715_MinPolqaSfbRecording_cut.wav,4.4,0.547722558,0.48009999,5
30462379_MinPolqaSfbRecording_cut.wav,3.6,0.547722558,0.48009999,5
30189155_MinPolqaSfbRecording_cut.wav,1.6,0.894427191,0.784,5
30531087_MinPolqaSfbRecording_cut.wav,1.8,0.836660027,0.733364848,5
30488854_MinPolqaSfbRecording_cut.wav,2.2,0.836660027,0.733364848,5
30510410_MinPolqaSfbRecording_cut.wav,2.6,0.547722558,0.48009999,5
29046919_MinPolqaSfbRecording_cut.wav,4.2,0.447213595,0.392,5
30411885_MinPolqaSfbRecording_cut.wav,2.4,0.547722558,0.48009999,5
28158995_MinPolqaSfbRecording_cut.wav,3.4,0.547722558,0.48009999,5
30520797_MinPolqaSfbRecording_cut.wav,3.6,0.894427191,0.784,5
30259868_MinPolqaSfbRecording_cut.wav,4.0,1.414213562,1.385929291,4
30089657_MinPolqaSfbRecording_cut.wav,2.5,1.0,0.98,4
30099876_MinPolqaSfbRecording_cut.wav,3.25,0.957427108,0.938278566,4
29543102_MinPolqaSfbRecording_cut.wav,3.5,1.0,0.98,4
30148329_MinPolqaSfbRecording_cut.wav,2.25,0.957427108,0.938278566,4
30429723_MinPolqaSfbRecording_cut.wav,3.5,1.0,0.98,4
30063564_MinPolqaSfbRecording_cut.wav,2.25,0.5,0.49,4
30257386_MinPolqaSfbRecording_cut.wav,4.0,0.0,0.0,2
28241158_MinPolqaSfbRecording_cut.wav,3.5,0.707106781,0.98,2
30404890_MinPolqaSfbRecording_cut.wav,4.0,0.0,0.0,2
30100202_MinPolqaSfbRecording_cut.wav,2.5,0.707106781,0.98,2
28520697_MinPolqaSfbRecording_cut.wav,3.5,0.707106781,0.98,2
30152423_MinPolqaSfbRecording_cut.wav,2.5,0.707106781,0.98,2
30520481_MinPolqaSfbRecording_cut.wav,2.5,0.707106781,0.98,2
28153167_MinPolqaSfbRecording_cut.wav,4.5,0.707106781,0.98,2
30506500_MinPolqaSfbRecording_cut.wav,4.25,0.957427108,0.938278566,4
30430803_MinPolqaSfbRecording_cut.wav,3.5,1.290994449,1.26517456,4
27559900_MinPolqaSfbRecording_cut.wav,4.25,0.957427108,0.938278566,4
30161980_MinPolqaSfbRecording_cut.wav,3.0,1.154700538,1.131606528,4
30075733_MinPolqaSfbRecording_cut.wav,2.75,0.5,0.49,4
30104752_MinPolqaSfbRecording_cut.wav,4.5,0.577350269,0.565803264,4
30119912_MinPolqaSfbRecording_cut.wav,1.75,0.957427108,0.938278566,4
30104180_MinPolqaSfbRecording_cut.wav,2.5,1.0,0.98,4
28774577_MinPolqaSfbRecording_cut.wav,3.25,0.957427108,0.938278566,4
30520523_MinPolqaSfbRecording_cut.wav,3.5,0.577350269,0.565803264,4
30520648_MinPolqaSfbRecording_cut.wav,4.5,0.577350269,0.565803264,4
30121259_MinPolqaSfbRecording_cut.wav,3.25,0.957427108,0.938278566,4
28863728_MinPolqaSfbRecording_cut.wav,4.25,0.5,0.49,4
30464815_MinPolqaSfbRecording_cut.wav,2.25,0.957427108,0.938278566,4
30165839_MinPolqaSfbRecording_cut.wav,4.0,0.816496581,0.800166649,4
30164148_MinPolqaSfbRecording_cut.wav,4.0,0.816496581,0.800166649,4
30259133_MinPolqaSfbRecording_cut.wav,3.0,1.154700538,1.131606528,4
30130044_MinPolqaSfbRecording_cut.wav,2.75,1.5,1.47,4
30509747_MinPolqaSfbRecording_cut.wav,2.5,1.290994449,1.26517456,4
29541759_MinPolqaSfbRecording_cut.wav,2.25,0.957427108,0.938278566,4
28868064_MinPolqaSfbRecording_cut.wav,3.75,0.957427108,0.938278566,4
30405497_MinPolqaSfbRecording_cut.wav,3.25,1.5,1.47,4
30453854_MinPolqaSfbRecording_cut.wav,1.5,0.577350269,0.565803264,4
28972203_MinPolqaSfbRecording_cut.wav,4.0,1.414213562,1.385929291,4
30147053_MinPolqaSfbRecording_cut.wav,3.25,1.258305739,1.233139624,4
30136608_MinPolqaSfbRecording_cut.wav,3.25,0.957427108,0.938278566,4
30193992_MinPolqaSfbRecording_cut.wav,2.4,0.547722558,0.48009999,5
30130195_MinPolqaSfbRecording_cut.wav,1.6,0.894427191,0.784,5
28660400_MinPolqaSfbRecording_cut.wav,2.8,0.447213595,0.392,5
30205290_MinPolqaSfbRecording_cut.wav,2.6,0.894427191,0.784,5
30120609_MinPolqaSfbRecording_cut.wav,3.0,0.707106781,0.619806421,5
30475535_MinPolqaSfbRecording_cut.wav,3.6,0.547722558,0.48009999,5
30067261_MinPolqaSfbRecording_cut.wav,3.8,0.447213595,0.392,5
30207827_MinPolqaSfbRecording_cut.wav,2.2,0.836660027,0.733364848,5
30487070_MinPolqaSfbRecording_cut.wav,2.0,0.707106781,0.619806421,5
30142286_MinPolqaSfbRecording_cut.wav,3.6,0.547722558,0.48009999,5
28124929_MinPolqaSfbRecording_cut.wav,4.0,0.707106781,0.619806421,5
30091796_MinPolqaSfbRecording_cut.wav,2.8,0.447213595,0.392,5
30253958_MinPolqaSfbRecording_cut.wav,2.6,0.547722558,0.48009999,5
30061710_MinPolqaSfbRecording_cut.wav,2.6,0.894427191,0.784,5
30129984_MinPolqaSfbRecording_cut.wav,2.8,0.836660027,0.733364848,5
28257891_MinPolqaSfbRecording_cut.wav,4.2,0.447213595,0.392,5
28136701_MinPolqaSfbRecording_cut.wav,3.6,0.894427191,0.784,5
30513972_MinPolqaSfbRecording_cut.wav,1.6,0.894427191,0.784,5
30442251_MinPolqaSfbRecording_cut.wav,2.6,0.894427191,0.784,5
30075342_MinPolqaSfbRecording_cut.wav,1.8,0.836660027,0.733364848,5
30257591_MinPolqaSfbRecording_cut.wav,4.5,1.0,0.98,4
30481613_MinPolqaSfbRecording_cut.wav,3.5,0.577350269,0.565803264,4
30213558_MinPolqaSfbRecording_cut.wav,3.0,0.816496581,0.800166649,4
30067618_MinPolqaSfbRecording_cut.wav,3.5,1.290994449,1.26517456,4
30426830_MinPolqaSfbRecording_cut.wav,2.75,0.5,0.49,4
30179451_MinPolqaSfbRecording_cut.wav,2.75,0.957427108,0.938278566,4
30084978_MinPolqaSfbRecording_cut.wav,4.0,0.816496581,0.800166649,4
30252259_MinPolqaSfbRecording_cut.wav,3.0,0.816496581,0.800166649,4
30125861_MinPolqaSfbRecording_cut.wav,3.0,1.414213562,1.385929291,4
30421236_MinPolqaSfbRecording_cut.wav,3.75,0.957427108,0.938278566,4
30513957_MinPolqaSfbRecording_cut.wav,3.0,1.154700538,1.131606528,4
30140671_MinPolqaSfbRecording_cut.wav,3.5,0.577350269,0.565803264,4
30529347_MinPolqaSfbRecording_cut.wav,1.75,0.5,0.49,4
27651223_MinPolqaSfbRecording_cut.wav,3.75,0.957427108,0.938278566,4
27584514_MinPolqaSfbRecording_cut.wav,4.0,0.816496581,0.800166649,4
29533612_MinPolqaSfbRecording_cut.wav,3.5,1.0,0.98,4
27781320_MinPolqaSfbRecording_cut.wav,3.0,0.0,0.0,4
30416068_MinPolqaSfbRecording_cut.wav,1.75,0.5,0.49,4
30257984_MinPolqaSfbRecording_cut.wav,2.25,0.957427108,0.938278566,4
30130049_MinPolqaSfbRecording_cut.wav,1.25,0.5,0.49,4
30507990_MinPolqaSfbRecording_cut.wav,1.75,0.5,0.49,4
30259079_MinPolqaSfbRecording_cut.wav,3.0,1.154700538,1.131606528,4
30193661_MinPolqaSfbRecording_cut.wav,1.0,0.0,0.0,4
29535973_MinPolqaSfbRecording_cut.wav,1.25,0.5,0.49,4
27650403_MinPolqaSfbRecording_cut.wav,4.0,1.0,1.131606528,3
30200724_MinPolqaSfbRecording_cut.wav,2.0,1.0,1.131606528,3
30530900_MinPolqaSfbRecording_cut.wav,3.0,1.0,1.131606528,3
28912592_MinPolqaSfbRecording_cut.wav,4.0,1.0,1.131606528,3
30439180_MinPolqaSfbRecording_cut.wav,2.0,1.0,1.131606528,3
27139249_MinPolqaSfbRecording_cut.wav,3.666666667,1.154700538,1.306666667,3
27621411_MinPolqaSfbRecording_cut.wav,4.666666667,0.577350269,0.653333333,3
30152586_MinPolqaSfbRecording_cut.wav,1.333333333,0.577350269,0.653333333,3
30259140_MinPolqaSfbRecording_cut.wav,3.666666667,1.154700538,1.306666667,3
30180699_MinPolqaSfbRecording_cut.wav,3.666666667,0.577350269,0.653333333,3
30133454_MinPolqaSfbRecording_cut.wav,3.333333333,1.154700538,1.306666667,3
30490583_MinPolqaSfbRecording_cut.wav,3.0,1.0,1.131606528,3
28549053_MinPolqaSfbRecording_cut.wav,3.666666667,0.577350269,0.653333333,3
30527990_MinPolqaSfbRecording_cut.wav,4.0,0.0,0.0,3
30144213_MinPolqaSfbRecording_cut.wav,3.0,1.0,1.131606528,3
28141555_MinPolqaSfbRecording_cut.wav,3.666666667,0.577350269,0.653333333,3
30463124_MinPolqaSfbRecording_cut.wav,2.666666667,0.577350269,0.653333333,3
28200374_MinPolqaSfbRecording_cut.wav,3.666666667,0.577350269,0.653333333,3
30427478_MinPolqaSfbRecording_cut.wav,1.75,0.957427108,0.938278566,4
30080400_MinPolqaSfbRecording_cut.wav,2.5,1.0,0.98,4
27914122_MinPolqaSfbRecording_cut.wav,3.0,0.816496581,0.800166649,4
29531134_MinPolqaSfbRecording_cut.wav,1.75,0.957427108,0.938278566,4
30063626_MinPolqaSfbRecording_cut.wav,3.25,0.957427108,0.938278566,4
30527068_MinPolqaSfbRecording_cut.wav,3.25,0.5,0.49,4
30152067_MinPolqaSfbRecording_cut.wav,3.25,0.957427108,0.938278566,4
30084357_MinPolqaSfbRecording_cut.wav,3.0,0.816496581,0.800166649,4
30256427_MinPolqaSfbRecording_cut.wav,2.75,1.258305739,1.233139624,4
30471867_MinPolqaSfbRecording_cut.wav,3.5,0.577350269,0.565803264,4
30066841_MinPolqaSfbRecording_cut.wav,1.4,0.547722558,0.48009999,5
30407977_MinPolqaSfbRecording_cut.wav,1.0,0.0,0.0,5
30531736_MinPolqaSfbRecording_cut.wav,1.2,0.447213595,0.392,5
30484251_MinPolqaSfbRecording_cut.wav,3.4,0.894427191,0.784,5
28657268_MinPolqaSfbRecording_cut.wav,2.4,0.547722558,0.48009999,5
30084088_MinPolqaSfbRecording_cut.wav,2.6,0.547722558,0.48009999,5
30523266_MinPolqaSfbRecording_cut.wav,1.0,0.0,0.0,5
30147040_MinPolqaSfbRecording_cut.wav,2.8,0.447213595,0.392,5
30471744_MinPolqaSfbRecording_cut.wav,3.6,0.894427191,0.784,5
27732874_MinPolqaSfbRecording_cut.wav,3.2,0.836660027,0.733364848,5
30196236_MinPolqaSfbRecording_cut.wav,4.2,0.447213595,0.392,5
30521652_MinPolqaSfbRecording_cut.wav,4.0,0.707106781,0.619806421,5
30063399_MinPolqaSfbRecording_cut.wav,3.0,0.707106781,0.619806421,5
29529792_MinPolqaSfbRecording_cut.wav,2.0,0.707106781,0.619806421,5
30431664_MinPolqaSfbRecording_cut.wav,2.4,0.547722558,0.48009999,5
28794411_MinPolqaSfbRecording_cut.wav,4.2,0.836660027,0.733364848,5
30086756_MinPolqaSfbRecording_cut.wav,3.2,0.447213595,0.392,5
30497035_MinPolqaSfbRecording_cut.wav,2.8,1.643167673,1.440299969,5
30066589_MinPolqaSfbRecording_cut.wav,3.4,0.894427191,0.784,5
30430385_MinPolqaSfbRecording_cut.wav,2.4,1.140175425,0.999407825,5
30520394_MinPolqaSfbRecording_cut.wav,2.8,1.303840481,1.142866571,5
30172092_MinPolqaSfbRecording_cut.wav,3.2,0.836660027,0.733364848,5
27509462_MinPolqaSfbRecording_cut.wav,4.0,0.707106781,0.619806421,5
30119970_MinPolqaSfbRecording_cut.wav,2.6,1.140175425,0.999407825,5
30145693_MinPolqaSfbRecording_cut.wav,3.8,0.836660027,0.733364848,5
28875936_MinPolqaSfbRecording_cut.wav,4.0,0.816496581,0.800166649,4
30472598_MinPolqaSfbRecording_cut.wav,3.25,1.5,1.47,4
30512039_MinPolqaSfbRecording_cut.wav,3.75,0.5,0.49,4
30461667_MinPolqaSfbRecording_cut.wav,3.0,1.414213562,1.385929291,4
30090000_MinPolqaSfbRecording_cut.wav,3.25,1.258305739,1.233139624,4
30263167_MinPolqaSfbRecording_cut.wav,3.75,0.5,0.49,4
30416992_MinPolqaSfbRecording_cut.wav,3.75,0.957427108,0.938278566,4
28837295_MinPolqaSfbRecording_cut.wav,4.25,0.5,0.49,4
30065661_MinPolqaSfbRecording_cut.wav,2.8,1.095445115,0.960199979,5
30249535_MinPolqaSfbRecording_cut.wav,3.6,1.140175425,0.999407825,5
30454158_MinPolqaSfbRecording_cut.wav,2.4,1.140175425,0.999407825,5
27973516_MinPolqaSfbRecording_cut.wav,4.8,0.447213595,0.392,5
30108450_MinPolqaSfbRecording_cut.wav,3.6,1.140175425,0.999407825,5
27712838_MinPolqaSfbRecording_cut.wav,4.2,0.836660027,0.733364848,5
27766780_MinPolqaSfbRecording_cut.wav,4.2,0.836660027,0.733364848,5
30500706_MinPolqaSfbRecording_cut.wav,2.8,0.836660027,0.733364848,5
30212792_MinPolqaSfbRecording_cut.wav,3.2,1.303840481,1.142866571,5
29535524_MinPolqaSfbRecording_cut.wav,2.8,0.836660027,0.733364848,5
30490502_MinPolqaSfbRecording_cut.wav,2.8,0.836660027,0.733364848,5
30137560_MinPolqaSfbRecording_cut.wav,2.4,0.547722558,0.48009999,5
30481131_MinPolqaSfbRecording_cut.wav,2.4,0.894427191,0.784,5
30253576_MinPolqaSfbRecording_cut.wav,2.8,0.836660027,0.733364848,5
30180721_MinPolqaSfbRecording_cut.wav,2.4,1.140175425,0.999407825,5
30513534_MinPolqaSfbRecording_cut.wav,3.25,0.957427108,0.938278566,4
30198305_MinPolqaSfbRecording_cut.wav,4.0,0.0,0.0,4
27846555_MinPolqaSfbRecording_cut.wav,4.25,0.5,0.49,4
30402581_MinPolqaSfbRecording_cut.wav,2.25,0.957427108,0.938278566,4
28139095_MinPolqaSfbRecording_cut.wav,4.25,0.957427108,0.938278566,4
30139348_MinPolqaSfbRecording_cut.wav,3.0,1.154700538,1.131606528,4
30107924_MinPolqaSfbRecording_cut.wav,2.25,0.5,0.49,4
30262311_MinPolqaSfbRecording_cut.wav,2.25,0.957427108,0.938278566,4
28154474_MinPolqaSfbRecording_cut.wav,3.0,0.816496581,0.800166649,4
30147445_MinPolqaSfbRecording_cut.wav,4.8,0.447213595,0.392,5
30065640_MinPolqaSfbRecording_cut.wav,3.4,1.140175425,0.999407825,5
30128891_MinPolqaSfbRecording_cut.wav,3.4,0.547722558,0.48009999,5
28481656_MinPolqaSfbRecording_cut.wav,4.6,0.547722558,0.48009999,5
30157369_MinPolqaSfbRecording_cut.wav,3.6,0.894427191,0.784,5
30405712_MinPolqaSfbRecording_cut.wav,3.2,0.836660027,0.733364848,5
30093337_MinPolqaSfbRecording_cut.wav,3.4,0.894427191,0.784,5
30439438_MinPolqaSfbRecording_cut.wav,3.0,0.0,0.0,4
29535739_MinPolqaSfbRecording_cut.wav,3.0,0.816496581,0.800166649,4
28639266_MinPolqaSfbRecording_cut.wav,4.0,0.816496581,0.800166649,4
30493468_MinPolqaSfbRecording_cut.wav,3.25,1.258305739,1.233139624,4
30071456_MinPolqaSfbRecording_cut.wav,3.0,0.0,0.0,4
30431785_MinPolqaSfbRecording_cut.wav,2.25,0.5,0.49,4
30522697_MinPolqaSfbRecording_cut.wav,2.25,0.957427108,0.938278566,4
27874673_MinPolqaSfbRecording_cut.wav,3.75,0.957427108,0.938278566,4
27660994_MinPolqaSfbRecording_cut.wav,3.5,1.0,0.98,4
30196399_MinPolqaSfbRecording_cut.wav,3.75,0.957427108,0.938278566,4
30139345_MinPolqaSfbRecording_cut.wav,2.5,1.290994449,1.26517456,4
30121042_MinPolqaSfbRecording_cut.wav,3.25,1.258305739,1.233139624,4
30139377_MinPolqaSfbRecording_cut.wav,3.5,1.290994449,1.26517456,4
30512077_MinPolqaSfbRecording_cut.wav,3.0,0.0,0.0,4
30441766_MinPolqaSfbRecording_cut.wav,2.75,0.957427108,0.938278566,4
30491111_MinPolqaSfbRecording_cut.wav,3.25,0.5,0.49,4
30428131_MinPolqaSfbRecording_cut.wav,2.5,1.732050808,1.697409791,4
30095912_MinPolqaSfbRecording_cut.wav,4.0,0.816496581,0.800166649,4
27958779_MinPolqaSfbRecording_cut.wav,4.25,0.957427108,0.938278566,4
30444759_MinPolqaSfbRecording_cut.wav,2.75,1.707825128,1.673668625,4
30530435_MinPolqaSfbRecording_cut.wav,2.75,1.5,1.47,4
30207386_MinPolqaSfbRecording_cut.wav,2.75,1.707825128,1.673668625,4
30169713_MinPolqaSfbRecording_cut.wav,4.75,0.5,0.49,4
28280849_MinPolqaSfbRecording_cut.wav,4.0,0.816496581,0.800166649,4
30205996_MinPolqaSfbRecording_cut.wav,2.75,1.258305739,1.233139624,4
28534674_MinPolqaSfbRecording_cut.wav,3.0,0.816496581,0.800166649,4
30176948_MinPolqaSfbRecording_cut.wav,2.5,1.290994449,1.26517456,4
28288399_MinPolqaSfbRecording_cut.wav,3.25,0.957427108,0.938278566,4
30474301_MinPolqaSfbRecording_cut.wav,1.75,0.5,0.49,4
30132706_MinPolqaSfbRecording_cut.wav,3.25,1.5,1.47,4
30146555_MinPolqaSfbRecording_cut.wav,3.25,0.957427108,0.938278566,4
27656898_MinPolqaSfbRecording_cut.wav,3.25,0.957427108,0.938278566,4
30431096_MinPolqaSfbRecording_cut.wav,4.0,1.154700538,1.131606528,4
30439516_MinPolqaSfbRecording_cut.wav,3.5,1.290994449,1.26517456,4
30192609_MinPolqaSfbRecording_cut.wav,3.25,0.957427108,0.938278566,4
30256289_MinPolqaSfbRecording_cut.wav,4.0,0.816496581,0.800166649,4
30154151_MinPolqaSfbRecording_cut.wav,2.25,1.5,1.47,4
30064934_MinPolqaSfbRecording_cut.wav,3.0,0.816496581,0.800166649,4
30446643_MinPolqaSfbRecording_cut.wav,2.0,1.414213562,1.385929291,4
28216982_MinPolqaSfbRecording_cut.wav,4.0,0.0,0.0,5
30457607_MinPolqaSfbRecording_cut.wav,3.6,0.547722558,0.48009999,5
30100261_MinPolqaSfbRecording_cut.wav,1.8,1.303840481,1.142866571,5
30210391_MinPolqaSfbRecording_cut.wav,3.6,0.547722558,0.48009999,5
30098722_MinPolqaSfbRecording_cut.wav,3.6,1.140175425,0.999407825,5
30092956_MinPolqaSfbRecording_cut.wav,1.8,1.303840481,1.142866571,5
30122535_MinPolqaSfbRecording_cut.wav,4.2,0.836660027,0.733364848,5
30105025_MinPolqaSfbRecording_cut.wav,2.5,0.577350269,0.565803264,4
27726954_MinPolqaSfbRecording_cut.wav,3.25,0.5,0.49,4
30407664_MinPolqaSfbRecording_cut.wav,1.5,0.577350269,0.565803264,4
30523571_MinPolqaSfbRecording_cut.wav,3.5,0.577350269,0.565803264,4
30154814_MinPolqaSfbRecording_cut.wav,1.75,0.957427108,0.938278566,4
30171963_MinPolqaSfbRecording_cut.wav,3.25,0.957427108,0.938278566,4
30437115_MinPolqaSfbRecording_cut.wav,1.25,0.5,0.49,4
30454640_MinPolqaSfbRecording_cut.wav,1.5,0.707106781,0.98,2
28812891_MinPolqaSfbRecording_cut.wav,4.5,0.707106781,0.98,2
27650148_MinPolqaSfbRecording_cut.wav,3.5,0.707106781,0.98,2
30211784_MinPolqaSfbRecording_cut.wav,2.5,0.707106781,0.98,2
30509636_MinPolqaSfbRecording_cut.wav,2.5,0.707106781,0.98,2
29032514_MinPolqaSfbRecording_cut.wav,3.0,0.0,0.0,2
30465154_MinPolqaSfbRecording_cut.wav,3.0,0.0,0.0,2
30090491_MinPolqaSfbRecording_cut.wav,3.0,1.414213562,1.96,2
30404185_MinPolqaSfbRecording_cut.wav,4.5,0.707106781,0.98,2
30471600_MinPolqaSfbRecording_cut.wav,4.0,0.816496581,0.800166649,4
30477996_MinPolqaSfbRecording_cut.wav,3.25,0.957427108,0.938278566,4
29540159_MinPolqaSfbRecording_cut.wav,3.0,0.816496581,0.800166649,4
30067786_MinPolqaSfbRecording_cut.wav,3.5,0.577350269,0.565803264,4
30423655_MinPolqaSfbRecording_cut.wav,3.0,0.816496581,0.800166649,4
29534531_MinPolqaSfbRecording_cut.wav,2.25,1.258305739,1.233139624,4
30125777_MinPolqaSfbRecording_cut.wav,3.5,0.577350269,0.565803264,4
30183573_MinPolqaSfbRecording_cut.wav,2.25,0.957427108,0.938278566,4
27575805_MinPolqaSfbRecording_cut.wav,3.75,0.5,0.49,4
27766620_MinPolqaSfbRecording_cut.wav,4.2,0.836660027,0.733364848,5
30404282_MinPolqaSfbRecording_cut.wav,3.2,1.483239697,1.300116918,5
28155616_MinPolqaSfbRecording_cut.wav,3.6,1.140175425,0.999407825,5
28873809_MinPolqaSfbRecording_cut.wav,3.6,1.140175425,0.999407825,5
30483037_MinPolqaSfbRecording_cut.wav,3.4,1.516575089,1.329336677,5
30251290_MinPolqaSfbRecording_cut.wav,2.2,0.836660027,0.733364848,5
30147809_MinPolqaSfbRecording_cut.wav,2.4,0.894427191,0.784,5
30469653_MinPolqaSfbRecording_cut.wav,1.5,0.577350269,0.565803264,4
30200164_MinPolqaSfbRecording_cut.wav,1.5,0.577350269,0.565803264,4
28858841_MinPolqaSfbRecording_cut.wav,3.25,1.258305739,1.233139624,4
30142016_MinPolqaSfbRecording_cut.wav,3.0,0.816496581,0.800166649,4
30491048_MinPolqaSfbRecording_cut.wav,3.5,0.577350269,0.565803264,4
30431869_MinPolqaSfbRecording_cut.wav,2.25,1.892969449,1.85511006,4
30487952_MinPolqaSfbRecording_cut.wav,1.25,0.5,0.49,4
27679379_MinPolqaSfbRecording_cut.wav,3.5,0.577350269,0.565803264,4
30065669_MinPolqaSfbRecording_cut.wav,3.75,1.258305739,1.233139624,4
30076006_MinPolqaSfbRecording_cut.wav,2.4,0.547722558,0.48009999,5
29016606_MinPolqaSfbRecording_cut.wav,4.2,0.836660027,0.733364848,5
30064051_MinPolqaSfbRecording_cut.wav,2.4,0.547722558,0.48009999,5
30448720_MinPolqaSfbRecording_cut.wav,2.2,0.447213595,0.392,5
27648253_MinPolqaSfbRecording_cut.wav,2.6,0.894427191,0.784,5
28130656_MinPolqaSfbRecording_cut.wav,4.0,0.707106781,0.619806421,5
30181932_MinPolqaSfbRecording_cut.wav,2.8,0.836660027,0.733364848,5
30496427_MinPolqaSfbRecording_cut.wav,4.0,0.816496581,0.800166649,4
30401463_MinPolqaSfbRecording_cut.wav,1.75,0.957427108,0.938278566,4
30077034_MinPolqaSfbRecording_cut.wav,1.5,0.577350269,0.565803264,4
30087249_MinPolqaSfbRecording_cut.wav,2.5,0.577350269,0.565803264,4
30251767_MinPolqaSfbRecording_cut.wav,1.75,0.5,0.49,4
30405995_MinPolqaSfbRecording_cut.wav,4.25,1.5,1.47,4
28145169_MinPolqaSfbRecording_cut.wav,3.75,0.5,0.49,4
30067527_MinPolqaSfbRecording_cut.wav,3.5,0.577350269,0.565803264,4
30081636_MinPolqaSfbRecording_cut.wav,3.75,0.957427108,0.938278566,4
30112823_MinPolqaSfbRecording_cut.wav,3.25,0.957427108,0.938278566,4
30076591_MinPolqaSfbRecording_cut.wav,3.25,0.5,0.49,4
30182212_MinPolqaSfbRecording_cut.wav,1.75,0.957427108,0.938278566,4
30060855_MinPolqaSfbRecording_cut.wav,4.0,0.816496581,0.800166649,4
30510345_MinPolqaSfbRecording_cut.wav,2.75,0.957427108,0.938278566,4
30085749_MinPolqaSfbRecording_cut.wav,3.5,0.707106781,0.98,2
28253757_MinPolqaSfbRecording_cut.wav,3.5,0.707106781,0.98,2
30480491_MinPolqaSfbRecording_cut.wav,3.5,0.707106781,0.98,2
30146263_MinPolqaSfbRecording_cut.wav,4.0,1.414213562,1.96,2
30496508_MinPolqaSfbRecording_cut.wav,4.5,0.707106781,0.98,2
27638311_MinPolqaSfbRecording_cut.wav,3.5,0.707106781,0.98,2
30105465_MinPolqaSfbRecording_cut.wav,3.0,1.414213562,1.96,2
29024829_MinPolqaSfbRecording_cut.wav,3.0,0.0,0.0,2
28781401_MinPolqaSfbRecording_cut.wav,4.5,0.707106781,0.98,2
28958535_MinPolqaSfbRecording_cut.wav,4.2,0.836660027,0.733364848,5
30461132_MinPolqaSfbRecording_cut.wav,1.0,0.0,0.0,5
30429930_MinPolqaSfbRecording_cut.wav,2.0,1.0,0.876538647,5
30444679_MinPolqaSfbRecording_cut.wav,2.2,0.836660027,0.733364848,5
30472595_MinPolqaSfbRecording_cut.wav,3.0,0.707106781,0.619806421,5
30469868_MinPolqaSfbRecording_cut.wav,2.6,0.547722558,0.48009999,5
30406187_MinPolqaSfbRecording_cut.wav,2.4,0.547722558,0.48009999,5
28490353_MinPolqaSfbRecording_cut.wav,4.2,0.836660027,0.733364848,5
30260669_MinPolqaSfbRecording_cut.wav,1.2,0.447213595,0.392,5
28431873_MinPolqaSfbRecording_cut.wav,3.4,1.140175425,0.999407825,5
27733424_MinPolqaSfbRecording_cut.wav,4.0,0.816496581,0.800166649,4
30176926_MinPolqaSfbRecording_cut.wav,3.5,0.577350269,0.565803264,4
30179980_MinPolqaSfbRecording_cut.wav,1.5,0.577350269,0.565803264,4
30505773_MinPolqaSfbRecording_cut.wav,3.0,0.816496581,0.800166649,4
28331286_MinPolqaSfbRecording_cut.wav,4.75,0.5,0.49,4
30163534_MinPolqaSfbRecording_cut.wav,3.75,0.957427108,0.938278566,4
30135864_MinPolqaSfbRecording_cut.wav,3.25,0.957427108,0.938278566,4
28019027_MinPolqaSfbRecording_cut.wav,4.0,0.816496581,0.800166649,4
30264352_MinPolqaSfbRecording_cut.wav,2.25,0.5,0.49,4
30201102_MinPolqaSfbRecording_cut.wav,3.75,0.957427108,0.938278566,4
30462115_MinPolqaSfbRecording_cut.wav,3.0,0.0,0.0,4
30124557_MinPolqaSfbRecording_cut.wav,1.75,0.957427108,0.938278566,4
28046991_MinPolqaSfbRecording_cut.wav,4.0,0.0,0.0,4
30491413_MinPolqaSfbRecording_cut.wav,1.75,0.957427108,0.938278566,4
30154119_MinPolqaSfbRecording_cut.wav,1.75,0.957427108,0.938278566,4
30403926_MinPolqaSfbRecording_cut.wav,2.5,0.577350269,0.565803264,4
27804865_MinPolqaSfbRecording_cut.wav,4.5,0.577350269,0.565803264,4
30166533_MinPolqaSfbRecording_cut.wav,3.0,0.816496581,0.800166649,4
30468254_MinPolqaSfbRecording_cut.wav,1.666666667,0.577350269,0.653333333,3
28755143_MinPolqaSfbRecording_cut.wav,3.333333333,0.577350269,0.653333333,3
30427477_MinPolqaSfbRecording_cut.wav,2.0,1.0,1.131606528,3
30497360_MinPolqaSfbRecording_cut.wav,2.333333333,1.154700538,1.306666667,3
28830827_MinPolqaSfbRecording_cut.wav,3.666666667,0.577350269,0.653333333,3
30443483_MinPolqaSfbRecording_cut.wav,3.666666667,0.577350269,0.653333333,3
30073029_MinPolqaSfbRecording_cut.wav,1.666666667,0.577350269,0.653333333,3
30149774_MinPolqaSfbRecording_cut.wav,3.0,0.0,0.0,3
30182552_MinPolqaSfbRecording_cut.wav,3.0,0.0,0.0,3
30130088_MinPolqaSfbRecording_cut.wav,2.666666667,0.577350269,0.653333333,3
28217259_MinPolqaSfbRecording_cut.wav,3.666666667,0.577350269,0.653333333,3
30515842_MinPolqaSfbRecording_cut.wav,2.333333333,1.527525232,1.728557523,3
30117955_MinPolqaSfbRecording_cut.wav,3.0,2.0,2.263213055,3
30412875_MinPolqaSfbRecording_cut.wav,3.0,1.732050808,1.96,3
28949335_MinPolqaSfbRecording_cut.wav,2.666666667,0.577350269,0.653333333,3
30067299_MinPolqaSfbRecording_cut.wav,2.333333333,1.154700538,1.306666667,3
28164745_MinPolqaSfbRecording_cut.wav,2.25,0.5,0.49,4
28346888_MinPolqaSfbRecording_cut.wav,3.5,1.0,0.98,4
30488107_MinPolqaSfbRecording_cut.wav,2.5,1.0,0.98,4
30506470_MinPolqaSfbRecording_cut.wav,2.0,0.816496581,0.800166649,4
30086315_MinPolqaSfbRecording_cut.wav,2.5,1.0,0.98,4
30076651_MinPolqaSfbRecording_cut.wav,2.75,1.258305739,1.233139624,4
30193427_MinPolqaSfbRecording_cut.wav,3.25,0.957427108,0.938278566,4
30065235_MinPolqaSfbRecording_cut.wav,2.75,1.258305739,1.233139624,4
30507351_MinPolqaSfbRecording_cut.wav,2.25,0.957427108,0.938278566,4
30083689_MinPolqaSfbRecording_cut.wav,1.8,0.836660027,0.733364848,5
30439133_MinPolqaSfbRecording_cut.wav,1.8,0.836660027,0.733364848,5
30426685_MinPolqaSfbRecording_cut.wav,2.8,1.303840481,1.142866571,5
30456055_MinPolqaSfbRecording_cut.wav,1.4,0.547722558,0.48009999,5
27744505_MinPolqaSfbRecording_cut.wav,3.4,0.547722558,0.48009999,5
30194407_MinPolqaSfbRecording_cut.wav,2.2,0.836660027,0.733364848,5
30184952_MinPolqaSfbRecording_cut.wav,1.4,0.894427191,0.784,5
28737005_MinPolqaSfbRecording_cut.wav,4.2,0.836660027,0.733364848,5
30439065_MinPolqaSfbRecording_cut.wav,2.4,0.894427191,0.784,5
30178455_MinPolqaSfbRecording_cut.wav,4.4,0.547722558,0.48009999,5
30205449_MinPolqaSfbRecording_cut.wav,3.6,0.894427191,0.784,5
30129181_MinPolqaSfbRecording_cut.wav,3.0,0.707106781,0.619806421,5
29539109_MinPolqaSfbRecording_cut.wav,4.2,0.447213595,0.392,5
30207706_MinPolqaSfbRecording_cut.wav,4.2,0.836660027,0.733364848,5
30100006_MinPolqaSfbRecording_cut.wav,3.8,0.836660027,0.733364848,5
28108269_MinPolqaSfbRecording_cut.wav,4.0,0.707106781,0.619806421,5
27954275_MinPolqaSfbRecording_cut.wav,4.6,0.547722558,0.48009999,5
30516428_MinPolqaSfbRecording_cut.wav,3.6,1.140175425,0.999407825,5
28017603_MinPolqaSfbRecording_cut.wav,4.6,0.547722558,0.48009999,5
30140943_MinPolqaSfbRecording_cut.wav,3.0,0.707106781,0.619806421,5
29041706_MinPolqaSfbRecording_cut.wav,4.4,0.547722558,0.48009999,5
30171815_MinPolqaSfbRecording_cut.wav,4.0,0.707106781,0.619806421,5
30081098_MinPolqaSfbRecording_cut.wav,3.2,0.447213595,0.392,5
30081005_MinPolqaSfbRecording_cut.wav,3.8,0.836660027,0.733364848,5
28985021_MinPolqaSfbRecording_cut.wav,3.8,0.836660027,0.733364848,5
28543545_MinPolqaSfbRecording_cut.wav,4.6,0.547722558,0.48009999,5
30147115_MinPolqaSfbRecording_cut.wav,4.4,0.547722558,0.48009999,5
28507606_MinPolqaSfbRecording_cut.wav,5.0,0.0,0.0,5
30529391_MinPolqaSfbRecording_cut.wav,3.2,0.447213595,0.392,5
28710536_MinPolqaSfbRecording_cut.wav,2.2,0.447213595,0.392,5
30482647_MinPolqaSfbRecording_cut.wav,1.6,0.547722558,0.48009999,5
30113987_MinPolqaSfbRecording_cut.wav,3.4,0.547722558,0.48009999,5
30421971_MinPolqaSfbRecording_cut.wav,4.0,0.707106781,0.619806421,5
28684843_MinPolqaSfbRecording_cut.wav,4.6,0.547722558,0.48009999,5
28892431_MinPolqaSfbRecording_cut.wav,4.6,0.547722558,0.48009999,5
30402480_MinPolqaSfbRecording_cut.wav,1.6,0.547722558,0.48009999,5
30504402_MinPolqaSfbRecording_cut.wav,2.25,0.5,0.49,4
30481429_MinPolqaSfbRecording_cut.wav,2.25,0.5,0.49,4
27655929_MinPolqaSfbRecording_cut.wav,3.5,0.577350269,0.565803264,4
30467826_MinPolqaSfbRecording_cut.wav,2.75,0.5,0.49,4
30249178_MinPolqaSfbRecording_cut.wav,2.75,0.5,0.49,4
30110154_MinPolqaSfbRecording_cut.wav,3.0,0.0,0.0,4
30472685_MinPolqaSfbRecording_cut.wav,3.0,0.816496581,0.800166649,4
30177434_MinPolqaSfbRecording_cut.wav,2.75,0.5,0.49,4
30485362_MinPolqaSfbRecording_cut.wav,2.25,1.5,1.47,4
30098569_MinPolqaSfbRecording_cut.wav,3.0,1.414213562,1.385929291,4
30202375_MinPolqaSfbRecording_cut.wav,3.25,1.5,1.47,4
30502449_MinPolqaSfbRecording_cut.wav,2.5,1.290994449,1.26517456,4
29542925_MinPolqaSfbRecording_cut.wav,2.5,1.290994449,1.26517456,4
30482016_MinPolqaSfbRecording_cut.wav,2.5,1.290994449,1.26517456,4
30207668_MinPolqaSfbRecording_cut.wav,2.0,1.414213562,1.385929291,4
30112703_MinPolqaSfbRecording_cut.wav,2.0,1.224744871,1.073536213,5
30251411_MinPolqaSfbRecording_cut.wav,1.6,0.894427191,0.784,5
30082129_MinPolqaSfbRecording_cut.wav,2.0,1.224744871,1.073536213,5
28774584_MinPolqaSfbRecording_cut.wav,4.2,0.447213595,0.392,5
28237419_MinPolqaSfbRecording_cut.wav,4.2,0.447213595,0.392,5
29535232_MinPolqaSfbRecording_cut.wav,3.4,1.140175425,0.999407825,5
30120296_MinPolqaSfbRecording_cut.wav,3.2,1.095445115,0.960199979,5
28552909_MinPolqaSfbRecording_cut.wav,4.0,0.707106781,0.619806421,5
30404313_MinPolqaSfbRecording_cut.wav,2.0,0.707106781,0.619806421,5
30178329_MinPolqaSfbRecording_cut.wav,3.8,0.836660027,0.733364848,5
29535033_MinPolqaSfbRecording_cut.wav,3.2,0.447213595,0.392,5
30157781_MinPolqaSfbRecording_cut.wav,3.2,0.447213595,0.392,5
30073635_MinPolqaSfbRecording_cut.wav,2.8,0.447213595,0.392,5
28696036_MinPolqaSfbRecording_cut.wav,3.8,0.836660027,0.733364848,5
30155695_MinPolqaSfbRecording_cut.wav,2.8,0.836660027,0.733364848,5
30158105_MinPolqaSfbRecording_cut.wav,3.0,0.707106781,0.619806421,5
30259128_MinPolqaSfbRecording_cut.wav,3.6,0.547722558,0.48009999,5
30407355_MinPolqaSfbRecording_cut.wav,2.2,0.447213595,0.392,5
30192596_MinPolqaSfbRecording_cut.wav,3.2,0.447213595,0.392,5
30407750_MinPolqaSfbRecording_cut.wav,2.2,0.447213595,0.392,5
30213119_MinPolqaSfbRecording_cut.wav,3.2,0.836660027,0.733364848,5
30256942_MinPolqaSfbRecording_cut.wav,3.8,0.447213595,0.392,5
28584880_MinPolqaSfbRecording_cut.wav,4.0,0.707106781,0.619806421,5
28146927_MinPolqaSfbRecording_cut.wav,4.2,0.836660027,0.733364848,5
30506755_MinPolqaSfbRecording_cut.wav,4.2,0.836660027,0.733364848,5
30457116_MinPolqaSfbRecording_cut.wav,2.0,0.0,0.0,5
30449286_MinPolqaSfbRecording_cut.wav,1.75,0.957427108,0.938278566,4
30458204_MinPolqaSfbRecording_cut.wav,1.75,0.957427108,0.938278566,4
30132217_MinPolqaSfbRecording_cut.wav,1.75,0.957427108,0.938278566,4
30158082_MinPolqaSfbRecording_cut.wav,3.75,0.957427108,0.938278566,4
28349471_MinPolqaSfbRecording_cut.wav,3.75,1.258305739,1.233139624,4
28240743_MinPolqaSfbRecording_cut.wav,4.25,0.957427108,0.938278566,4
28464146_MinPolqaSfbRecording_cut.wav,3.5,0.577350269,0.565803264,4
30491410_MinPolqaSfbRecording_cut.wav,1.75,0.957427108,0.938278566,4
29027289_MinPolqaSfbRecording_cut.wav,3.6,0.547722558,0.48009999,5
28470239_MinPolqaSfbRecording_cut.wav,3.6,0.547722558,0.48009999,5
30478960_MinPolqaSfbRecording_cut.wav,2.2,1.095445115,0.960199979,5
28466357_MinPolqaSfbRecording_cut.wav,4.4,0.547722558,0.48009999,5
30426870_MinPolqaSfbRecording_cut.wav,3.8,0.447213595,0.392,5
30523156_MinPolqaSfbRecording_cut.wav,2.6,1.140175425,0.999407825,5
30256895_MinPolqaSfbRecording_cut.wav,2.6,1.140175425,0.999407825,5
28590343_MinPolqaSfbRecording_cut.wav,4.2,0.447213595,0.392,5
30082759_MinPolqaSfbRecording_cut.wav,3.6,0.547722558,0.48009999,5
28032543_MinPolqaSfbRecording_cut.wav,4.0,0.707106781,0.619806421,5
30100216_MinPolqaSfbRecording_cut.wav,3.0,0.707106781,0.619806421,5
30250295_MinPolqaSfbRecording_cut.wav,3.8,0.836660027,0.733364848,5
30444684_MinPolqaSfbRecording_cut.wav,3.4,0.894427191,0.784,5
30112977_MinPolqaSfbRecording_cut.wav,3.0,0.707106781,0.619806421,5
30470067_MinPolqaSfbRecording_cut.wav,2.4,1.516575089,1.329336677,5
30415172_MinPolqaSfbRecording_cut.wav,3.6,0.547722558,0.48009999,5
28009095_MinPolqaSfbRecording_cut.wav,2.25,0.5,0.49,4
30492008_MinPolqaSfbRecording_cut.wav,3.5,0.577350269,0.565803264,4
30450204_MinPolqaSfbRecording_cut.wav,2.0,0.816496581,0.800166649,4
28459494_MinPolqaSfbRecording_cut.wav,3.5,0.577350269,0.565803264,4
30504109_MinPolqaSfbRecording_cut.wav,1.25,0.5,0.49,4
30159798_MinPolqaSfbRecording_cut.wav,3.25,0.5,0.49,4
30169262_MinPolqaSfbRecording_cut.wav,2.75,0.957427108,0.938278566,4
30070494_MinPolqaSfbRecording_cut.wav,1.5,0.577350269,0.565803264,4
30083815_MinPolqaSfbRecording_cut.wav,4.2,0.447213595,0.392,5
27726005_MinPolqaSfbRecording_cut.wav,3.6,1.140175425,0.999407825,5
30515640_MinPolqaSfbRecording_cut.wav,2.4,1.341640786,1.176,5
30402648_MinPolqaSfbRecording_cut.wav,4.2,0.447213595,0.392,5
30209484_MinPolqaSfbRecording_cut.wav,2.6,1.140175425,0.999407825,5
28209559_MinPolqaSfbRecording_cut.wav,4.0,0.707106781,0.619806421,5
28746107_MinPolqaSfbRecording_cut.wav,3.6,0.894427191,0.784,5
30202515_MinPolqaSfbRecording_cut.wav,2.8,0.836660027,0.733364848,5
29530185_MinPolqaSfbRecording_cut.wav,2.4,1.140175425,0.999407825,5
28059511_MinPolqaSfbRecording_cut.wav,4.2,0.836660027,0.733364848,5
30213718_MinPolqaSfbRecording_cut.wav,2.25,1.258305739,1.233139624,4
30483840_MinPolqaSfbRecording_cut.wav,3.25,1.258305739,1.233139624,4
29038732_MinPolqaSfbRecording_cut.wav,4.25,0.957427108,0.938278566,4
30142699_MinPolqaSfbRecording_cut.wav,1.0,0.0,0.0,4
30150198_MinPolqaSfbRecording_cut.wav,3.25,1.258305739,1.233139624,4
30214093_MinPolqaSfbRecording_cut.wav,3.25,1.258305739,1.233139624,4
30084182_MinPolqaSfbRecording_cut.wav,1.2,0.447213595,0.392,5
27769455_MinPolqaSfbRecording_cut.wav,2.8,0.836660027,0.733364848,5
30467266_MinPolqaSfbRecording_cut.wav,1.2,0.447213595,0.392,5
28482371_MinPolqaSfbRecording_cut.wav,2.8,1.303840481,1.142866571,5
28319264_MinPolqaSfbRecording_cut.wav,1.2,0.447213595,0.392,5
30178386_MinPolqaSfbRecording_cut.wav,3.8,1.095445115,0.960199979,5
30092781_MinPolqaSfbRecording_cut.wav,1.2,0.447213595,0.392,5
30121428_MinPolqaSfbRecording_cut.wav,2.4,0.547722558,0.48009999,5
30142098_MinPolqaSfbRecording_cut.wav,2.2,1.303840481,1.142866571,5
30477238_MinPolqaSfbRecording_cut.wav,2.333333333,1.154700538,1.306666667,3
29544005_MinPolqaSfbRecording_cut.wav,4.666666667,0.577350269,0.653333333,3
30092669_MinPolqaSfbRecording_cut.wav,2.333333333,1.527525232,1.728557523,3
30143015_MinPolqaSfbRecording_cut.wav,4.333333333,0.577350269,0.653333333,3
30174137_MinPolqaSfbRecording_cut.wav,3.0,0.0,0.0,3
30080697_MinPolqaSfbRecording_cut.wav,3.666666667,0.577350269,0.653333333,3
28294331_MinPolqaSfbRecording_cut.wav,4.666666667,0.577350269,0.653333333,3
28479601_MinPolqaSfbRecording_cut.wav,4.666666667,0.577350269,0.653333333,3
30062700_MinPolqaSfbRecording_cut.wav,2.0,1.0,1.131606528,3
30249474_MinPolqaSfbRecording_cut.wav,3.2,0.447213595,0.392,5
28698990_MinPolqaSfbRecording_cut.wav,3.6,0.547722558,0.48009999,5
30128944_MinPolqaSfbRecording_cut.wav,3.4,0.894427191,0.784,5
30205345_MinPolqaSfbRecording_cut.wav,3.8,0.836660027,0.733364848,5
28152285_MinPolqaSfbRecording_cut.wav,4.0,0.0,0.0,5
30521035_MinPolqaSfbRecording_cut.wav,3.6,0.894427191,0.784,5
30151142_MinPolqaSfbRecording_cut.wav,3.2,0.836660027,0.733364848,5
28963558_MinPolqaSfbRecording_cut.wav,3.2,0.836660027,0.733364848,5
30122365_MinPolqaSfbRecording_cut.wav,2.8,0.447213595,0.392,5
30173637_MinPolqaSfbRecording_cut.wav,3.0,0.707106781,0.619806421,5
30142575_MinPolqaSfbRecording_cut.wav,2.2,0.447213595,0.392,5
27685048_MinPolqaSfbRecording_cut.wav,4.0,0.707106781,0.619806421,5
30436712_MinPolqaSfbRecording_cut.wav,1.4,0.547722558,0.48009999,5
30097949_MinPolqaSfbRecording_cut.wav,1.0,0.0,0.0,5
30213504_MinPolqaSfbRecording_cut.wav,3.8,0.447213595,0.392,5
29062029_MinPolqaSfbRecording_cut.wav,2.8,0.447213595,0.392,5
30175915_MinPolqaSfbRecording_cut.wav,1.0,0.0,0.0,5
30082976_MinPolqaSfbRecording_cut.wav,2.333333333,0.577350269,0.653333333,3
30442599_MinPolqaSfbRecording_cut.wav,1.333333333,0.577350269,0.653333333,3
30060903_MinPolqaSfbRecording_cut.wav,4.666666667,0.577350269,0.653333333,3
30091900_MinPolqaSfbRecording_cut.wav,3.333333333,1.154700538,1.306666667,3
30488059_MinPolqaSfbRecording_cut.wav,4.0,0.0,0.0,3
30409291_MinPolqaSfbRecording_cut.wav,1.8,1.303840481,1.142866571,5
30154239_MinPolqaSfbRecording_cut.wav,3.4,1.140175425,0.999407825,5
30263439_MinPolqaSfbRecording_cut.wav,3.0,1.0,0.876538647,5
30109824_MinPolqaSfbRecording_cut.wav,3.4,1.140175425,0.999407825,5
30133927_MinPolqaSfbRecording_cut.wav,3.8,0.836660027,0.733364848,5
29009765_MinPolqaSfbRecording_cut.wav,4.2,0.836660027,0.733364848,5
30182333_MinPolqaSfbRecording_cut.wav,2.8,1.095445115,0.960199979,5
25644962_MinPolqaSfbRecording_cut.wav,4.4,0.894427191,0.784,5
30504661_MinPolqaSfbRecording_cut.wav,4.2,0.836660027,0.733364848,5
27801025_MinPolqaSfbRecording_cut.wav,3.6,1.516575089,1.329336677,5
30106480_MinPolqaSfbRecording_cut.wav,3.0,0.0,0.0,2
30491042_MinPolqaSfbRecording_cut.wav,4.5,0.707106781,0.98,2
30107364_MinPolqaSfbRecording_cut.wav,4.0,0.0,0.0,2
30210229_MinPolqaSfbRecording_cut.wav,4.5,0.707106781,0.98,2
29556434_MinPolqaSfbRecording_cut.wav,3.0,0.0,0.0,2
30259484_MinPolqaSfbRecording_cut.wav,4.0,0.0,0.0,2
30208981_MinPolqaSfbRecording_cut.wav,4.5,0.707106781,0.98,2
30515764_MinPolqaSfbRecording_cut.wav,3.5,0.707106781,0.98,2
28422744_MinPolqaSfbRecording_cut.wav,4.5,0.707106781,0.98,2
30439072_MinPolqaSfbRecording_cut.wav,3.5,0.707106781,0.98,2
30161153_MinPolqaSfbRecording_cut.wav,3.0,0.0,0.0,3
27833626_MinPolqaSfbRecording_cut.wav,4.0,0.0,0.0,3
28022005_MinPolqaSfbRecording_cut.wav,4.0,0.0,0.0,3
30164187_MinPolqaSfbRecording_cut.wav,4.0,0.0,0.0,3
30491939_MinPolqaSfbRecording_cut.wav,1.666666667,0.577350269,0.653333333,3
29043185_MinPolqaSfbRecording_cut.wav,4.333333333,0.577350269,0.653333333,3
30060977_MinPolqaSfbRecording_cut.wav,2.666666667,0.577350269,0.653333333,3
30068001_MinPolqaSfbRecording_cut.wav,3.333333333,0.577350269,0.653333333,3
30454665_MinPolqaSfbRecording_cut.wav,1.333333333,0.577350269,0.653333333,3
28641399_MinPolqaSfbRecording_cut.wav,3.333333333,0.577350269,0.653333333,3
29019839_MinPolqaSfbRecording_cut.wav,4.2,0.447213595,0.392,5
30152407_MinPolqaSfbRecording_cut.wav,3.6,0.894427191,0.784,5
28015179_MinPolqaSfbRecording_cut.wav,3.8,0.836660027,0.733364848,5
28232473_MinPolqaSfbRecording_cut.wav,3.6,0.894427191,0.784,5
30473233_MinPolqaSfbRecording_cut.wav,2.8,1.095445115,0.960199979,5
28118299_MinPolqaSfbRecording_cut.wav,4.4,0.547722558,0.48009999,5
30213486_MinPolqaSfbRecording_cut.wav,3.6,0.894427191,0.784,5
30179592_MinPolqaSfbRecording_cut.wav,2.8,0.447213595,0.392,5
30159096_MinPolqaSfbRecording_cut.wav,3.0,1.0,1.131606528,3
30428975_MinPolqaSfbRecording_cut.wav,1.333333333,0.577350269,0.653333333,3
30435183_MinPolqaSfbRecording_cut.wav,3.333333333,1.154700538,1.306666667,3
30090054_MinPolqaSfbRecording_cut.wav,2.0,1.0,1.131606528,3
30069846_MinPolqaSfbRecording_cut.wav,4.333333333,0.577350269,0.653333333,3
30068092_MinPolqaSfbRecording_cut.wav,3.0,1.0,1.131606528,3
27867157_MinPolqaSfbRecording_cut.wav,4.333333333,0.577350269,0.653333333,3
30184931_MinPolqaSfbRecording_cut.wav,3.333333333,1.527525232,1.728557523,3
30137404_MinPolqaSfbRecording_cut.wav,2.666666667,1.154700538,1.306666667,3
29033053_MinPolqaSfbRecording_cut.wav,4.2,0.836660027,0.733364848,5
30151126_MinPolqaSfbRecording_cut.wav,3.4,1.140175425,0.999407825,5
27148243_MinPolqaSfbRecording_cut.wav,3.2,0.836660027,0.733364848,5
27932209_MinPolqaSfbRecording_cut.wav,4.2,0.836660027,0.733364848,5
30117675_MinPolqaSfbRecording_cut.wav,3.6,1.516575089,1.329336677,5
30082123_MinPolqaSfbRecording_cut.wav,2.0,0.707106781,0.619806421,5
30064831_MinPolqaSfbRecording_cut.wav,4.6,0.547722558,0.48009999,5
29036517_MinPolqaSfbRecording_cut.wav,4.4,0.547722558,0.48009999,5
30129803_MinPolqaSfbRecording_cut.wav,2.8,0.836660027,0.733364848,5
29541604_MinPolqaSfbRecording_cut.wav,4.333333333,0.577350269,0.653333333,3
30256314_MinPolqaSfbRecording_cut.wav,2.0,0.0,0.0,3
30110604_MinPolqaSfbRecording_cut.wav,4.333333333,1.154700538,1.306666667,3
27759563_MinPolqaSfbRecording_cut.wav,4.0,0.0,0.0,3
30069989_MinPolqaSfbRecording_cut.wav,3.0,0.0,0.0,3
30255660_MinPolqaSfbRecording_cut.wav,3.666666667,1.154700538,1.306666667,3
30092311_MinPolqaSfbRecording_cut.wav,2.666666667,0.577350269,0.653333333,3
30258290_MinPolqaSfbRecording_cut.wav,3.333333333,0.577350269,0.653333333,3
30263489_MinPolqaSfbRecording_cut.wav,3.0,0.0,0.0,3
30527151_MinPolqaSfbRecording_cut.wav,4.0,1.0,1.131606528,3
30066648_MinPolqaSfbRecording_cut.wav,3.0,1.0,1.131606528,3
30136340_MinPolqaSfbRecording_cut.wav,4.0,0.0,0.0,3
29532464_MinPolqaSfbRecording_cut.wav,1.666666667,1.154700538,1.306666667,3
30212412_MinPolqaSfbRecording_cut.wav,2.333333333,0.577350269,0.653333333,3
28022991_MinPolqaSfbRecording_cut.wav,3.0,1.0,1.131606528,3
30417052_MinPolqaSfbRecording_cut.wav,2.333333333,0.577350269,0.653333333,3
30113911_MinPolqaSfbRecording_cut.wav,1.0,0.0,0.0,3
30439620_MinPolqaSfbRecording_cut.wav,2.333333333,1.154700538,1.306666667,3
30117928_MinPolqaSfbRecording_cut.wav,3.0,1.0,1.131606528,3
30477534_MinPolqaSfbRecording_cut.wav,2.666666667,1.154700538,1.306666667,3
30258369_MinPolqaSfbRecording_cut.wav,3.333333333,0.577350269,0.653333333,3
30530527_MinPolqaSfbRecording_cut.wav,2.333333333,0.577350269,0.653333333,3
30492818_MinPolqaSfbRecording_cut.wav,4.333333333,0.577350269,0.653333333,3
30421619_MinPolqaSfbRecording_cut.wav,3.333333333,0.577350269,0.653333333,3
29539735_MinPolqaSfbRecording_cut.wav,3.666666667,0.577350269,0.653333333,3
30066569_MinPolqaSfbRecording_cut.wav,4.0,1.0,1.131606528,3
29544547_MinPolqaSfbRecording_cut.wav,3.4,1.673320053,1.466729696,5
30109495_MinPolqaSfbRecording_cut.wav,3.4,1.516575089,1.329336677,5
30252413_MinPolqaSfbRecording_cut.wav,1.6,0.547722558,0.48009999,5
30137952_MinPolqaSfbRecording_cut.wav,2.6,1.140175425,0.999407825,5
30163652_MinPolqaSfbRecording_cut.wav,2.8,1.095445115,0.960199979,5
30084342_MinPolqaSfbRecording_cut.wav,1.6,0.547722558,0.48009999,5
27844912_MinPolqaSfbRecording_cut.wav,3.8,1.303840481,1.142866571,5
28032419_MinPolqaSfbRecording_cut.wav,4.4,0.894427191,0.784,5
30460798_MinPolqaSfbRecording_cut.wav,1.75,0.957427108,0.938278566,4
27604699_MinPolqaSfbRecording_cut.wav,3.25,0.957427108,0.938278566,4
30059769_MinPolqaSfbRecording_cut.wav,2.25,0.5,0.49,4
30407018_MinPolqaSfbRecording_cut.wav,1.5,0.577350269,0.565803264,4
30129754_MinPolqaSfbRecording_cut.wav,1.5,1.0,0.98,4
30411399_MinPolqaSfbRecording_cut.wav,2.75,0.957427108,0.938278566,4
29535956_MinPolqaSfbRecording_cut.wav,3.4,0.547722558,0.48009999,5
30157255_MinPolqaSfbRecording_cut.wav,4.4,0.547722558,0.48009999,5
30482522_MinPolqaSfbRecording_cut.wav,3.6,1.341640786,1.176,5
30118906_MinPolqaSfbRecording_cut.wav,2.4,1.140175425,0.999407825,5
30109407_MinPolqaSfbRecording_cut.wav,3.6,1.341640786,1.176,5
28502050_MinPolqaSfbRecording_cut.wav,3.8,0.836660027,0.733364848,5
30470281_MinPolqaSfbRecording_cut.wav,2.4,1.516575089,1.329336677,5
30263006_MinPolqaSfbRecording_cut.wav,2.2,1.303840481,1.142866571,5
30493262_MinPolqaSfbRecording_cut.wav,4.0,0.707106781,0.619806421,5
30486015_MinPolqaSfbRecording_cut.wav,4.0,0.816496581,0.800166649,4
30101488_MinPolqaSfbRecording_cut.wav,3.0,0.816496581,0.800166649,4
30468015_MinPolqaSfbRecording_cut.wav,3.25,0.5,0.49,4
30098575_MinPolqaSfbRecording_cut.wav,2.25,1.258305739,1.233139624,4
30100871_MinPolqaSfbRecording_cut.wav,2.5,1.290994449,1.26517456,4
30443561_MinPolqaSfbRecording_cut.wav,2.5,1.290994449,1.26517456,4
30477927_MinPolqaSfbRecording_cut.wav,2.0,0.816496581,0.800166649,4
30118035_MinPolqaSfbRecording_cut.wav,3.2,0.447213595,0.392,5
30181348_MinPolqaSfbRecording_cut.wav,3.6,0.547722558,0.48009999,5
29538840_MinPolqaSfbRecording_cut.wav,2.4,1.140175425,0.999407825,5
30097337_MinPolqaSfbRecording_cut.wav,3.0,0.707106781,0.619806421,5
30082592_MinPolqaSfbRecording_cut.wav,3.4,0.547722558,0.48009999,5
30125557_MinPolqaSfbRecording_cut.wav,3.6,0.547722558,0.48009999,5
30108269_MinPolqaSfbRecording_cut.wav,3.6,0.547722558,0.48009999,5
30260458_MinPolqaSfbRecording_cut.wav,3.0,0.707106781,0.619806421,5
30140497_MinPolqaSfbRecording_cut.wav,3.4,0.894427191,0.784,5
30130034_MinPolqaSfbRecording_cut.wav,3.0,0.707106781,0.619806421,5
28182535_MinPolqaSfbRecording_cut.wav,4.0,0.707106781,0.619806421,5
28669258_MinPolqaSfbRecording_cut.wav,4.0,0.707106781,0.619806421,5
30514757_MinPolqaSfbRecording_cut.wav,3.0,0.707106781,0.619806421,5
30172431_MinPolqaSfbRecording_cut.wav,3.8,0.447213595,0.392,5
30202735_MinPolqaSfbRecording_cut.wav,3.8,0.447213595,0.392,5
30134572_MinPolqaSfbRecording_cut.wav,1.333333333,0.577350269,0.653333333,3
30148122_MinPolqaSfbRecording_cut.wav,3.333333333,0.577350269,0.653333333,3
27840265_MinPolqaSfbRecording_cut.wav,2.666666667,1.154700538,1.306666667,3
30090876_MinPolqaSfbRecording_cut.wav,3.333333333,0.577350269,0.653333333,3
29542106_MinPolqaSfbRecording_cut.wav,3.666666667,0.577350269,0.653333333,3
30081874_MinPolqaSfbRecording_cut.wav,1.0,0.0,0.0,3
30404127_MinPolqaSfbRecording_cut.wav,1.333333333,0.577350269,0.653333333,3
30264508_MinPolqaSfbRecording_cut.wav,3.0,1.632993162,1.600333299,4
30260578_MinPolqaSfbRecording_cut.wav,3.0,1.632993162,1.600333299,4
30526663_MinPolqaSfbRecording_cut.wav,3.5,1.290994449,1.26517456,4
30103793_MinPolqaSfbRecording_cut.wav,4.0,0.816496581,0.800166649,4
29529497_MinPolqaSfbRecording_cut.wav,3.25,1.707825128,1.673668625,4
30158062_MinPolqaSfbRecording_cut.wav,3.5,1.732050808,1.697409791,4
30487989_MinPolqaSfbRecording_cut.wav,2.25,0.957427108,0.938278566,4
30126347_MinPolqaSfbRecording_cut.wav,3.5,1.290994449,1.26517456,4
28948240_MinPolqaSfbRecording_cut.wav,4.25,0.5,0.49,4
26003638_MinPolqaSfbRecording_cut.wav,4.2,1.095445115,0.960199979,5
30494007_MinPolqaSfbRecording_cut.wav,3.4,1.341640786,1.176,5
30437171_MinPolqaSfbRecording_cut.wav,3.4,0.894427191,0.784,5
30514783_MinPolqaSfbRecording_cut.wav,3.4,1.516575089,1.329336677,5
30519806_MinPolqaSfbRecording_cut.wav,4.4,0.894427191,0.784,5
30490684_MinPolqaSfbRecording_cut.wav,1.25,0.5,0.49,4
30431544_MinPolqaSfbRecording_cut.wav,1.25,0.5,0.49,4
30171862_MinPolqaSfbRecording_cut.wav,3.5,0.577350269,0.565803264,4
28939077_MinPolqaSfbRecording_cut.wav,3.75,0.5,0.49,4
30086598_MinPolqaSfbRecording_cut.wav,1.75,0.5,0.49,4
30083642_MinPolqaSfbRecording_cut.wav,3.5,1.0,0.98,4
28973253_MinPolqaSfbRecording_cut.wav,4.5,0.577350269,0.565803264,4
30098810_MinPolqaSfbRecording_cut.wav,3.25,0.5,0.49,4
28930077_MinPolqaSfbRecording_cut.wav,4.25,0.5,0.49,4
30473760_MinPolqaSfbRecording_cut.wav,4.25,0.957427108,0.938278566,4
27759601_MinPolqaSfbRecording_cut.wav,4.25,0.5,0.49,4
30195806_MinPolqaSfbRecording_cut.wav,2.0,1.414213562,1.385929291,4
30134007_MinPolqaSfbRecording_cut.wav,3.75,0.5,0.49,4
30133087_MinPolqaSfbRecording_cut.wav,3.75,0.5,0.49,4
30428060_MinPolqaSfbRecording_cut.wav,2.5,0.577350269,0.565803264,4
27647223_MinPolqaSfbRecording_cut.wav,2.75,1.258305739,1.233139624,4
30061014_MinPolqaSfbRecording_cut.wav,4.0,0.816496581,0.800166649,4
30428556_MinPolqaSfbRecording_cut.wav,1.0,0.0,0.0,5
28850052_MinPolqaSfbRecording_cut.wav,4.4,0.547722558,0.48009999,5
30458353_MinPolqaSfbRecording_cut.wav,1.8,0.836660027,0.733364848,5
30494109_MinPolqaSfbRecording_cut.wav,3.6,0.547722558,0.48009999,5
30208230_MinPolqaSfbRecording_cut.wav,2.0,0.707106781,0.619806421,5
30137346_MinPolqaSfbRecording_cut.wav,2.0,0.0,0.0,5
30520439_MinPolqaSfbRecording_cut.wav,5.0,0.0,0.0,3
29530328_MinPolqaSfbRecording_cut.wav,2.666666667,0.577350269,0.653333333,3
28268527_MinPolqaSfbRecording_cut.wav,4.666666667,0.577350269,0.653333333,3
30527431_MinPolqaSfbRecording_cut.wav,3.0,1.0,1.131606528,3
28887999_MinPolqaSfbRecording_cut.wav,5.0,0.0,0.0,3
30148734_MinPolqaSfbRecording_cut.wav,1.333333333,0.577350269,0.653333333,3
28789773_MinPolqaSfbRecording_cut.wav,4.666666667,0.577350269,0.653333333,3
30079739_MinPolqaSfbRecording_cut.wav,3.0,1.0,1.131606528,3
30193927_MinPolqaSfbRecording_cut.wav,3.0,0.0,0.0,3
29538841_MinPolqaSfbRecording_cut.wav,2.666666667,0.577350269,0.653333333,3
30260448_MinPolqaSfbRecording_cut.wav,3.333333333,1.527525232,1.728557523,3
30177918_MinPolqaSfbRecording_cut.wav,4.0,1.0,1.131606528,3
30213104_MinPolqaSfbRecording_cut.wav,4.666666667,0.577350269,0.653333333,3
27651925_MinPolqaSfbRecording_cut.wav,3.333333333,0.577350269,0.653333333,3
30463824_MinPolqaSfbRecording_cut.wav,3.333333333,1.527525232,1.728557523,3
30160661_MinPolqaSfbRecording_cut.wav,4.666666667,0.577350269,0.653333333,3
30068122_MinPolqaSfbRecording_cut.wav,3.666666667,0.577350269,0.653333333,3
30097272_MinPolqaSfbRecording_cut.wav,3.666666667,1.527525232,1.728557523,3
30490711_MinPolqaSfbRecording_cut.wav,4.0,1.0,1.131606528,3
30493428_MinPolqaSfbRecording_cut.wav,1.8,0.836660027,0.733364848,5
30456475_MinPolqaSfbRecording_cut.wav,2.6,0.547722558,0.48009999,5
29538531_MinPolqaSfbRecording_cut.wav,1.0,0.0,0.0,5
28619462_MinPolqaSfbRecording_cut.wav,3.4,0.547722558,0.48009999,5
30258537_MinPolqaSfbRecording_cut.wav,4.2,0.836660027,0.733364848,5
30457610_MinPolqaSfbRecording_cut.wav,3.0,0.707106781,0.619806421,5
30084004_MinPolqaSfbRecording_cut.wav,3.6,0.894427191,0.784,5
28501311_MinPolqaSfbRecording_cut.wav,3.2,0.836660027,0.733364848,5
30084955_MinPolqaSfbRecording_cut.wav,2.8,0.836660027,0.733364848,5
27584612_MinPolqaSfbRecording_cut.wav,3.75,1.258305739,1.233139624,4
28783183_MinPolqaSfbRecording_cut.wav,3.75,0.5,0.49,4
30500589_MinPolqaSfbRecording_cut.wav,3.0,0.816496581,0.800166649,4
30059594_MinPolqaSfbRecording_cut.wav,2.75,0.957427108,0.938278566,4
30070525_MinPolqaSfbRecording_cut.wav,2.75,0.5,0.49,4
30402699_MinPolqaSfbRecording_cut.wav,3.5,0.577350269,0.565803264,4
30129191_MinPolqaSfbRecording_cut.wav,3.5,1.290994449,1.26517456,4
30484953_MinPolqaSfbRecording_cut.wav,1.5,0.577350269,0.565803264,4
30262534_MinPolqaSfbRecording_cut.wav,4.25,0.5,0.49,4
30132131_MinPolqaSfbRecording_cut.wav,3.5,0.577350269,0.565803264,4
30157953_MinPolqaSfbRecording_cut.wav,1.25,0.5,0.49,4
29537021_MinPolqaSfbRecording_cut.wav,3.0,1.414213562,1.385929291,4
30262501_MinPolqaSfbRecording_cut.wav,3.0,0.816496581,0.800166649,4
30163510_MinPolqaSfbRecording_cut.wav,3.0,0.816496581,0.800166649,4
30097731_MinPolqaSfbRecording_cut.wav,4.0,1.154700538,1.131606528,4
28942362_MinPolqaSfbRecording_cut.wav,3.5,1.732050808,1.697409791,4
30472052_MinPolqaSfbRecording_cut.wav,2.2,1.303840481,1.142866571,5
30416487_MinPolqaSfbRecording_cut.wav,3.4,1.140175425,0.999407825,5
30427485_MinPolqaSfbRecording_cut.wav,2.4,1.140175425,0.999407825,5
30529896_MinPolqaSfbRecording_cut.wav,3.8,0.836660027,0.733364848,5
28513843_MinPolqaSfbRecording_cut.wav,4.0,0.707106781,0.619806421,5
30257994_MinPolqaSfbRecording_cut.wav,2.6,1.140175425,0.999407825,5
30086655_MinPolqaSfbRecording_cut.wav,2.8,1.483239697,1.300116918,5
30445027_MinPolqaSfbRecording_cut.wav,1.8,1.303840481,1.142866571,5
29540354_MinPolqaSfbRecording_cut.wav,2.2,1.303840481,1.142866571,5
30189657_MinPolqaSfbRecording_cut.wav,1.0,0.0,0.0,3
29029604_MinPolqaSfbRecording_cut.wav,4.333333333,0.577350269,0.653333333,3
30458498_MinPolqaSfbRecording_cut.wav,1.666666667,0.577350269,0.653333333,3
30107090_MinPolqaSfbRecording_cut.wav,1.0,0.0,0.0,3
30407562_MinPolqaSfbRecording_cut.wav,2.0,1.0,1.131606528,3
30442352_MinPolqaSfbRecording_cut.wav,2.333333333,0.577350269,0.653333333,3
30182701_MinPolqaSfbRecording_cut.wav,1.2,0.447213595,0.392,5
30123076_MinPolqaSfbRecording_cut.wav,1.0,0.0,0.0,5
30456460_MinPolqaSfbRecording_cut.wav,1.6,0.547722558,0.48009999,5
30098105_MinPolqaSfbRecording_cut.wav,4.0,0.707106781,0.619806421,5
27821398_MinPolqaSfbRecording_cut.wav,3.6,0.547722558,0.48009999,5
30529970_MinPolqaSfbRecording_cut.wav,2.8,0.836660027,0.733364848,5
30501831_MinPolqaSfbRecording_cut.wav,2.4,0.547722558,0.48009999,5
30251769_MinPolqaSfbRecording_cut.wav,2.8,0.836660027,0.733364848,5
30252294_MinPolqaSfbRecording_cut.wav,3.2,1.095445115,0.960199979,5
27731422_MinPolqaSfbRecording_cut.wav,3.8,0.447213595,0.392,5
30404898_MinPolqaSfbRecording_cut.wav,4.25,0.957427108,0.938278566,4
28313670_MinPolqaSfbRecording_cut.wav,3.5,0.577350269,0.565803264,4
28646763_MinPolqaSfbRecording_cut.wav,4.0,0.816496581,0.800166649,4
30199741_MinPolqaSfbRecording_cut.wav,4.25,0.957427108,0.938278566,4
30162642_MinPolqaSfbRecording_cut.wav,3.0,0.0,0.0,4
30205063_MinPolqaSfbRecording_cut.wav,3.75,0.5,0.49,4
30063535_MinPolqaSfbRecording_cut.wav,4.25,0.957427108,0.938278566,4
28216312_MinPolqaSfbRecording_cut.wav,4.25,0.957427108,0.938278566,4
30136521_MinPolqaSfbRecording_cut.wav,4.0,0.816496581,0.800166649,4
30408626_MinPolqaSfbRecording_cut.wav,4.25,0.957427108,0.938278566,4
30184104_MinPolqaSfbRecording_cut.wav,4.0,0.816496581,0.800166649,4
27642399_MinPolqaSfbRecording_cut.wav,4.25,0.957427108,0.938278566,4
30470096_MinPolqaSfbRecording_cut.wav,3.75,0.957427108,0.938278566,4
28706616_MinPolqaSfbRecording_cut.wav,4.0,0.816496581,0.800166649,4
30118900_MinPolqaSfbRecording_cut.wav,4.5,1.0,0.98,4
30480639_MinPolqaSfbRecording_cut.wav,3.25,1.258305739,1.233139624,4
30157440_MinPolqaSfbRecording_cut.wav,3.25,0.957427108,0.938278566,4
30461367_MinPolqaSfbRecording_cut.wav,3.4,0.894427191,0.784,5
30155638_MinPolqaSfbRecording_cut.wav,2.4,0.894427191,0.784,5
30070033_MinPolqaSfbRecording_cut.wav,1.8,0.447213595,0.392,5
30259672_MinPolqaSfbRecording_cut.wav,3.4,0.547722558,0.48009999,5
30081132_MinPolqaSfbRecording_cut.wav,3.2,0.447213595,0.392,5
28276424_MinPolqaSfbRecording_cut.wav,3.8,0.836660027,0.733364848,5
30192172_MinPolqaSfbRecording_cut.wav,3.4,0.894427191,0.784,5
30082454_MinPolqaSfbRecording_cut.wav,2.4,0.547722558,0.48009999,5
30088774_MinPolqaSfbRecording_cut.wav,2.6,1.140175425,0.999407825,5
30171493_MinPolqaSfbRecording_cut.wav,2.75,0.5,0.49,4
30110370_MinPolqaSfbRecording_cut.wav,3.75,0.5,0.49,4
30453651_MinPolqaSfbRecording_cut.wav,3.75,0.957427108,0.938278566,4
30170883_MinPolqaSfbRecording_cut.wav,1.75,0.5,0.49,4
30163116_MinPolqaSfbRecording_cut.wav,2.25,0.5,0.49,4
30126116_MinPolqaSfbRecording_cut.wav,3.5,0.577350269,0.565803264,4
30078887_MinPolqaSfbRecording_cut.wav,2.5,0.577350269,0.565803264,4
28735616_MinPolqaSfbRecording_cut.wav,3.5,0.577350269,0.565803264,4
30458593_MinPolqaSfbRecording_cut.wav,1.75,0.5,0.49,4
30185361_MinPolqaSfbRecording_cut.wav,1.75,0.5,0.49,4
30469389_MinPolqaSfbRecording_cut.wav,1.25,0.5,0.49,4
30125708_MinPolqaSfbRecording_cut.wav,3.0,0.816496581,0.800166649,4
28452228_MinPolqaSfbRecording_cut.wav,3.0,0.816496581,0.800166649,4
30253883_MinPolqaSfbRecording_cut.wav,2.75,0.957427108,0.938278566,4
28211799_MinPolqaSfbRecording_cut.wav,3.75,0.957427108,0.938278566,4
30165875_MinPolqaSfbRecording_cut.wav,3.75,0.5,0.49,4
27728796_MinPolqaSfbRecording_cut.wav,3.75,0.5,0.49,4
30063149_MinPolqaSfbRecording_cut.wav,3.5,0.577350269,0.565803264,4
30213772_MinPolqaSfbRecording_cut.wav,4.0,1.0,0.876538647,5
29541222_MinPolqaSfbRecording_cut.wav,2.6,0.894427191,0.784,5
29556419_MinPolqaSfbRecording_cut.wav,1.0,0.0,0.0,5
30168564_MinPolqaSfbRecording_cut.wav,3.4,1.140175425,0.999407825,5
30068956_MinPolqaSfbRecording_cut.wav,2.4,0.894427191,0.784,5
30151476_MinPolqaSfbRecording_cut.wav,2.0,0.707106781,0.619806421,5
30456684_MinPolqaSfbRecording_cut.wav,2.4,0.894427191,0.784,5
28545705_MinPolqaSfbRecording_cut.wav,3.4,0.547722558,0.48009999,5
27682055_MinPolqaSfbRecording_cut.wav,4.4,0.547722558,0.48009999,5
28438253_MinPolqaSfbRecording_cut.wav,4.0,0.0,0.0,5
30531427_MinPolqaSfbRecording_cut.wav,1.0,0.0,0.0,5
30065860_MinPolqaSfbRecording_cut.wav,1.6,0.547722558,0.48009999,5
29061860_MinPolqaSfbRecording_cut.wav,4.2,0.447213595,0.392,5
27977224_MinPolqaSfbRecording_cut.wav,4.4,0.547722558,0.48009999,5
30113957_MinPolqaSfbRecording_cut.wav,2.8,0.447213595,0.392,5
30446473_MinPolqaSfbRecording_cut.wav,3.4,0.547722558,0.48009999,5
30144038_MinPolqaSfbRecording_cut.wav,2.2,0.836660027,0.733364848,5
30140989_MinPolqaSfbRecording_cut.wav,2.6,0.547722558,0.48009999,5
28892679_MinPolqaSfbRecording_cut.wav,4.4,0.547722558,0.48009999,5
28221128_MinPolqaSfbRecording_cut.wav,3.8,0.447213595,0.392,5
30523935_MinPolqaSfbRecording_cut.wav,3.2,0.447213595,0.392,5
30506829_MinPolqaSfbRecording_cut.wav,2.0,0.707106781,0.619806421,5
30108332_MinPolqaSfbRecording_cut.wav,1.6,0.894427191,0.784,5
30164722_MinPolqaSfbRecording_cut.wav,2.6,0.894427191,0.784,5
30467973_MinPolqaSfbRecording_cut.wav,2.2,0.447213595,0.392,5
30474416_MinPolqaSfbRecording_cut.wav,1.6,0.547722558,0.48009999,5
30132967_MinPolqaSfbRecording_cut.wav,3.6,0.547722558,0.48009999,5
30159099_MinPolqaSfbRecording_cut.wav,2.4,0.547722558,0.48009999,5
30169706_MinPolqaSfbRecording_cut.wav,2.8,0.836660027,0.733364848,5
28885943_MinPolqaSfbRecording_cut.wav,4.0,1.224744871,1.073536213,5
30181007_MinPolqaSfbRecording_cut.wav,1.6,0.547722558,0.48009999,5
30411309_MinPolqaSfbRecording_cut.wav,3.8,0.836660027,0.733364848,5
28745941_MinPolqaSfbRecording_cut.wav,3.666666667,0.577350269,0.653333333,3
30177309_MinPolqaSfbRecording_cut.wav,2.333333333,1.154700538,1.306666667,3
30200301_MinPolqaSfbRecording_cut.wav,3.333333333,0.577350269,0.653333333,3
28063461_MinPolqaSfbRecording_cut.wav,4.0,1.0,1.131606528,3
27777713_MinPolqaSfbRecording_cut.wav,4.0,1.0,1.131606528,3
30075300_MinPolqaSfbRecording_cut.wav,2.0,1.0,1.131606528,3
30520327_MinPolqaSfbRecording_cut.wav,2.333333333,1.154700538,1.306666667,3
30483166_MinPolqaSfbRecording_cut.wav,3.0,0.0,0.0,3
30149701_MinPolqaSfbRecording_cut.wav,1.5,0.577350269,0.565803264,4
27793639_MinPolqaSfbRecording_cut.wav,3.5,1.290994449,1.26517456,4
28761168_MinPolqaSfbRecording_cut.wav,4.0,1.154700538,1.131606528,4
30261502_MinPolqaSfbRecording_cut.wav,3.5,0.577350269,0.565803264,4
30421174_MinPolqaSfbRecording_cut.wav,3.5,0.577350269,0.565803264,4
30198802_MinPolqaSfbRecording_cut.wav,2.75,0.5,0.49,4
28508133_MinPolqaSfbRecording_cut.wav,2.5,0.577350269,0.565803264,4
30107557_MinPolqaSfbRecording_cut.wav,1.5,0.707106781,0.98,2
30096911_MinPolqaSfbRecording_cut.wav,2.5,0.707106781,0.98,2
27978747_MinPolqaSfbRecording_cut.wav,3.5,0.707106781,0.98,2
30179749_MinPolqaSfbRecording_cut.wav,2.5,0.707106781,0.98,2
30255178_MinPolqaSfbRecording_cut.wav,2.0,0.0,0.0,2
30504232_MinPolqaSfbRecording_cut.wav,1.0,0.0,0.0,2
30407754_MinPolqaSfbRecording_cut.wav,2.5,0.707106781,0.98,2
30059200_MinPolqaSfbRecording_cut.wav,2.5,2.121320344,2.94,2
30161528_MinPolqaSfbRecording_cut.wav,3.0,0.707106781,0.619806421,5
30066063_MinPolqaSfbRecording_cut.wav,3.4,1.140175425,0.999407825,5
30131685_MinPolqaSfbRecording_cut.wav,3.2,0.447213595,0.392,5
30156163_MinPolqaSfbRecording_cut.wav,3.8,0.836660027,0.733364848,5
30456232_MinPolqaSfbRecording_cut.wav,3.2,0.447213595,0.392,5
30148170_MinPolqaSfbRecording_cut.wav,4.0,1.0,0.876538647,5
30411306_MinPolqaSfbRecording_cut.wav,4.8,0.447213595,0.392,5
30118950_MinPolqaSfbRecording_cut.wav,4.2,0.836660027,0.733364848,5
30157560_MinPolqaSfbRecording_cut.wav,4.2,0.836660027,0.733364848,5
30491052_MinPolqaSfbRecording_cut.wav,2.8,0.447213595,0.392,5
30436529_MinPolqaSfbRecording_cut.wav,3.2,0.836660027,0.733364848,5
30261170_MinPolqaSfbRecording_cut.wav,2.4,0.894427191,0.784,5
30171949_MinPolqaSfbRecording_cut.wav,2.4,0.547722558,0.48009999,5
30138153_MinPolqaSfbRecording_cut.wav,2.2,0.836660027,0.733364848,5
30478817_MinPolqaSfbRecording_cut.wav,1.4,0.547722558,0.48009999,5
30093067_MinPolqaSfbRecording_cut.wav,1.8,0.836660027,0.733364848,5
30521003_MinPolqaSfbRecording_cut.wav,3.0,0.0,0.0,5
30452529_MinPolqaSfbRecording_cut.wav,2.6,0.547722558,0.48009999,5
29542940_MinPolqaSfbRecording_cut.wav,2.6,0.547722558,0.48009999,5
28452579_MinPolqaSfbRecording_cut.wav,2.8,0.447213595,0.392,5
30166964_MinPolqaSfbRecording_cut.wav,1.0,0.0,0.0,5
30207747_MinPolqaSfbRecording_cut.wav,3.2,0.836660027,0.733364848,5
30442475_MinPolqaSfbRecording_cut.wav,2.4,0.547722558,0.48009999,5
30260924_MinPolqaSfbRecording_cut.wav,2.8,0.447213595,0.392,5
30106922_MinPolqaSfbRecording_cut.wav,1.2,0.447213595,0.392,5
30513225_MinPolqaSfbRecording_cut.wav,3.2,0.836660027,0.733364848,5
30083047_MinPolqaSfbRecording_cut.wav,3.6,1.140175425,0.999407825,5
28590134_MinPolqaSfbRecording_cut.wav,4.6,0.547722558,0.48009999,5
29049575_MinPolqaSfbRecording_cut.wav,4.0,0.707106781,0.619806421,5
30442921_MinPolqaSfbRecording_cut.wav,2.6,0.894427191,0.784,5
27910058_MinPolqaSfbRecording_cut.wav,3.6,0.894427191,0.784,5
30070150_MinPolqaSfbRecording_cut.wav,3.4,0.894427191,0.784,5
30097314_MinPolqaSfbRecording_cut.wav,2.6,0.547722558,0.48009999,5
27913313_MinPolqaSfbRecording_cut.wav,4.4,0.894427191,0.784,5
30141693_MinPolqaSfbRecording_cut.wav,3.333333333,0.577350269,0.653333333,3
30466723_MinPolqaSfbRecording_cut.wav,2.0,1.0,1.131606528,3
30171635_MinPolqaSfbRecording_cut.wav,1.0,0.0,0.0,3
27707425_MinPolqaSfbRecording_cut.wav,3.666666667,1.154700538,1.306666667,3
30150247_MinPolqaSfbRecording_cut.wav,2.666666667,0.577350269,0.653333333,3
30452033_MinPolqaSfbRecording_cut.wav,2.666666667,0.577350269,0.653333333,3
28944016_MinPolqaSfbRecording_cut.wav,4.333333333,0.577350269,0.653333333,3
30405707_MinPolqaSfbRecording_cut.wav,2.333333333,1.154700538,1.306666667,3
30507319_MinPolqaSfbRecording_cut.wav,3.0,1.0,1.131606528,3
29539164_MinPolqaSfbRecording_cut.wav,1.666666667,0.577350269,0.653333333,3
27931296_MinPolqaSfbRecording_cut.wav,3.2,0.447213595,0.392,5
30184231_MinPolqaSfbRecording_cut.wav,3.0,1.0,0.876538647,5
30429640_MinPolqaSfbRecording_cut.wav,2.4,0.894427191,0.784,5
30063935_MinPolqaSfbRecording_cut.wav,1.6,0.894427191,0.784,5
30128894_MinPolqaSfbRecording_cut.wav,3.0,1.0,0.876538647,5
30160032_MinPolqaSfbRecording_cut.wav,2.6,0.547722558,0.48009999,5
30410291_MinPolqaSfbRecording_cut.wav,3.8,0.836660027,0.733364848,5
30527103_MinPolqaSfbRecording_cut.wav,3.2,1.483239697,1.300116918,5
28181295_MinPolqaSfbRecording_cut.wav,3.4,0.547722558,0.48009999,5
30184803_MinPolqaSfbRecording_cut.wav,2.4,0.894427191,0.784,5
30199064_MinPolqaSfbRecording_cut.wav,2.0,1.224744871,1.073536213,5
30066295_MinPolqaSfbRecording_cut.wav,2.2,1.095445115,0.960199979,5
30188833_MinPolqaSfbRecording_cut.wav,3.2,1.303840481,1.142866571,5
28676908_MinPolqaSfbRecording_cut.wav,4.0,0.0,0.0,5
30521049_MinPolqaSfbRecording_cut.wav,1.6,0.547722558,0.48009999,5
30454266_MinPolqaSfbRecording_cut.wav,2.2,0.836660027,0.733364848,5
28501602_MinPolqaSfbRecording_cut.wav,2.8,0.447213595,0.392,5
30175908_MinPolqaSfbRecording_cut.wav,1.6,0.547722558,0.48009999,5
30487111_MinPolqaSfbRecording_cut.wav,2.5,0.577350269,0.565803264,4
30508044_MinPolqaSfbRecording_cut.wav,3.25,0.5,0.49,4
30099157_MinPolqaSfbRecording_cut.wav,4.0,0.816496581,0.800166649,4
27791337_MinPolqaSfbRecording_cut.wav,2.75,0.957427108,0.938278566,4
30527044_MinPolqaSfbRecording_cut.wav,3.0,1.154700538,1.131606528,4
30444062_MinPolqaSfbRecording_cut.wav,2.25,1.5,1.47,4
30460755_MinPolqaSfbRecording_cut.wav,2.5,1.0,0.98,4
30203067_MinPolqaSfbRecording_cut.wav,1.75,0.957427108,0.938278566,4
27747137_MinPolqaSfbRecording_cut.wav,4.0,0.816496581,0.800166649,4
30135692_MinPolqaSfbRecording_cut.wav,2.0,1.414213562,1.385929291,4
28511756_MinPolqaSfbRecording_cut.wav,3.5,1.0,0.98,4
28040269_MinPolqaSfbRecording_cut.wav,2.25,0.957427108,0.938278566,4
30058866_MinPolqaSfbRecording_cut.wav,2.0,1.414213562,1.385929291,4
30414146_MinPolqaSfbRecording_cut.wav,2.25,1.258305739,1.233139624,4
30453493_MinPolqaSfbRecording_cut.wav,3.25,0.957427108,0.938278566,4
30529880_MinPolqaSfbRecording_cut.wav,3.0,0.0,0.0,4
30213062_MinPolqaSfbRecording_cut.wav,1.6,0.547722558,0.48009999,5
30470081_MinPolqaSfbRecording_cut.wav,1.4,0.547722558,0.48009999,5
30449513_MinPolqaSfbRecording_cut.wav,4.6,0.547722558,0.48009999,5
30192991_MinPolqaSfbRecording_cut.wav,3.2,0.836660027,0.733364848,5
28998085_MinPolqaSfbRecording_cut.wav,3.0,0.707106781,0.619806421,5
30157526_MinPolqaSfbRecording_cut.wav,3.2,0.836660027,0.733364848,5
30117085_MinPolqaSfbRecording_cut.wav,1.8,0.836660027,0.733364848,5
30097584_MinPolqaSfbRecording_cut.wav,2.5,0.577350269,0.565803264,4
30117578_MinPolqaSfbRecording_cut.wav,2.75,0.5,0.49,4
30103631_MinPolqaSfbRecording_cut.wav,3.75,0.5,0.49,4
27892953_MinPolqaSfbRecording_cut.wav,4.25,0.5,0.49,4
30500616_MinPolqaSfbRecording_cut.wav,3.0,0.816496581,0.800166649,4
30471062_MinPolqaSfbRecording_cut.wav,3.0,0.0,0.0,4
30408850_MinPolqaSfbRecording_cut.wav,2.75,0.5,0.49,4
29538135_MinPolqaSfbRecording_cut.wav,2.75,0.5,0.49,4
30258503_MinPolqaSfbRecording_cut.wav,4.0,0.0,0.0,4
30406183_MinPolqaSfbRecording_cut.wav,3.5,1.0,0.98,4
29049523_MinPolqaSfbRecording_cut.wav,4.75,0.5,0.49,4
30061707_MinPolqaSfbRecording_cut.wav,2.75,1.258305739,1.233139624,4
28836426_MinPolqaSfbRecording_cut.wav,4.25,0.5,0.49,4
30125067_MinPolqaSfbRecording_cut.wav,3.75,0.957427108,0.938278566,4
30454635_MinPolqaSfbRecording_cut.wav,3.25,0.5,0.49,4
30135816_MinPolqaSfbRecording_cut.wav,3.5,1.0,0.98,4
30258198_MinPolqaSfbRecording_cut.wav,2.666666667,1.527525232,1.728557523,3
30259995_MinPolqaSfbRecording_cut.wav,2.333333333,1.154700538,1.306666667,3
30465896_MinPolqaSfbRecording_cut.wav,3.0,1.0,1.131606528,3
30262220_MinPolqaSfbRecording_cut.wav,3.0,1.732050808,1.96,3
29013840_MinPolqaSfbRecording_cut.wav,3.666666667,1.154700538,1.306666667,3
30083520_MinPolqaSfbRecording_cut.wav,3.0,1.732050808,1.96,3
30135783_MinPolqaSfbRecording_cut.wav,3.0,2.0,2.263213055,3
30140722_MinPolqaSfbRecording_cut.wav,3.0,2.0,2.263213055,3
28647643_MinPolqaSfbRecording_cut.wav,3.666666667,0.577350269,0.653333333,3
30513543_MinPolqaSfbRecording_cut.wav,2.0,1.0,1.131606528,3
30524162_MinPolqaSfbRecording_cut.wav,2.6,1.673320053,1.466729696,5
30255100_MinPolqaSfbRecording_cut.wav,3.0,1.224744871,1.073536213,5
30444234_MinPolqaSfbRecording_cut.wav,3.4,1.140175425,0.999407825,5
30171485_MinPolqaSfbRecording_cut.wav,2.2,1.643167673,1.440299969,5
30202462_MinPolqaSfbRecording_cut.wav,3.0,0.707106781,0.619806421,5
30110214_MinPolqaSfbRecording_cut.wav,3.4,0.894427191,0.784,5
30100193_MinPolqaSfbRecording_cut.wav,2.4,1.140175425,0.999407825,5
30066881_MinPolqaSfbRecording_cut.wav,2.6,1.140175425,0.999407825,5
30213439_MinPolqaSfbRecording_cut.wav,2.6,1.673320053,1.466729696,5
30100610_MinPolqaSfbRecording_cut.wav,1.4,0.547722558,0.48009999,5
30207128_MinPolqaSfbRecording_cut.wav,2.8,1.095445115,0.960199979,5
30407145_MinPolqaSfbRecording_cut.wav,3.4,0.894427191,0.784,5
30430123_MinPolqaSfbRecording_cut.wav,3.0,0.707106781,0.619806421,5
28991728_MinPolqaSfbRecording_cut.wav,4.0,1.414213562,1.239612843,5
30119776_MinPolqaSfbRecording_cut.wav,3.6,1.140175425,0.999407825,5
30413454_MinPolqaSfbRecording_cut.wav,1.2,0.447213595,0.392,5
30200204_MinPolqaSfbRecording_cut.wav,3.0,0.707106781,0.619806421,5
30492895_MinPolqaSfbRecording_cut.wav,3.4,0.894427191,0.784,5
29529611_MinPolqaSfbRecording_cut.wav,2.5,1.290994449,1.26517456,4
30114052_MinPolqaSfbRecording_cut.wav,3.25,0.957427108,0.938278566,4
30406135_MinPolqaSfbRecording_cut.wav,4.0,1.414213562,1.385929291,4
30128649_MinPolqaSfbRecording_cut.wav,3.75,0.5,0.49,4
27687857_MinPolqaSfbRecording_cut.wav,4.5,0.577350269,0.565803264,4
30473957_MinPolqaSfbRecording_cut.wav,4.25,0.957427108,0.938278566,4
30058036_MinPolqaSfbRecording_cut.wav,3.5,1.0,0.98,4
30467072_MinPolqaSfbRecording_cut.wav,2.75,0.957427108,0.938278566,4
30212032_MinPolqaSfbRecording_cut.wav,3.25,0.5,0.49,4
30202545_MinPolqaSfbRecording_cut.wav,2.25,1.258305739,1.233139624,4
27913701_MinPolqaSfbRecording_cut.wav,4.25,0.5,0.49,4
30083062_MinPolqaSfbRecording_cut.wav,3.0,0.0,0.0,4
27933293_MinPolqaSfbRecording_cut.wav,4.0,1.154700538,1.131606528,4
30071479_MinPolqaSfbRecording_cut.wav,4.5,1.0,0.98,4
28356303_MinPolqaSfbRecording_cut.wav,3.75,0.957427108,0.938278566,4
30069906_MinPolqaSfbRecording_cut.wav,1.75,0.5,0.49,4
30136180_MinPolqaSfbRecording_cut.wav,2.5,0.577350269,0.565803264,4
28705302_MinPolqaSfbRecording_cut.wav,2.75,0.5,0.49,4
30194007_MinPolqaSfbRecording_cut.wav,3.6,0.547722558,0.48009999,5
30456847_MinPolqaSfbRecording_cut.wav,3.2,0.836660027,0.733364848,5
28889414_MinPolqaSfbRecording_cut.wav,3.6,0.547722558,0.48009999,5
30138496_MinPolqaSfbRecording_cut.wav,2.6,0.894427191,0.784,5
30174105_MinPolqaSfbRecording_cut.wav,1.6,0.894427191,0.784,5
30253953_MinPolqaSfbRecording_cut.wav,2.4,0.894427191,0.784,5
30157591_MinPolqaSfbRecording_cut.wav,3.0,0.707106781,0.619806421,5
30067140_MinPolqaSfbRecording_cut.wav,2.2,0.836660027,0.733364848,5
30126175_MinPolqaSfbRecording_cut.wav,2.4,0.894427191,0.784,5
27663959_MinPolqaSfbRecording_cut.wav,4.0,1.154700538,1.131606528,4
30444597_MinPolqaSfbRecording_cut.wav,2.0,0.816496581,0.800166649,4
28589182_MinPolqaSfbRecording_cut.wav,4.0,0.816496581,0.800166649,4
30143781_MinPolqaSfbRecording_cut.wav,3.0,0.816496581,0.800166649,4
30059775_MinPolqaSfbRecording_cut.wav,2.25,0.5,0.49,4
28067884_MinPolqaSfbRecording_cut.wav,4.0,0.816496581,0.800166649,4
28973119_MinPolqaSfbRecording_cut.wav,3.5,0.577350269,0.565803264,4
30161996_MinPolqaSfbRecording_cut.wav,3.25,0.5,0.49,4
30480505_MinPolqaSfbRecording_cut.wav,2.0,1.414213562,1.385929291,4
30531435_MinPolqaSfbRecording_cut.wav,1.25,0.5,0.49,4
30098578_MinPolqaSfbRecording_cut.wav,2.0,0.0,0.0,4
30527339_MinPolqaSfbRecording_cut.wav,3.25,0.5,0.49,4
30194527_MinPolqaSfbRecording_cut.wav,4.25,0.957427108,0.938278566,4
30109081_MinPolqaSfbRecording_cut.wav,3.0,0.816496581,0.800166649,4
28779435_MinPolqaSfbRecording_cut.wav,3.5,0.577350269,0.565803264,4
30510265_MinPolqaSfbRecording_cut.wav,2.75,0.957427108,0.938278566,4
27925049_MinPolqaSfbRecording_cut.wav,4.25,0.5,0.49,4
30466396_MinPolqaSfbRecording_cut.wav,2.0,0.816496581,0.800166649,4
30087185_MinPolqaSfbRecording_cut.wav,3.0,0.816496581,0.800166649,4
30179134_MinPolqaSfbRecording_cut.wav,4.25,0.957427108,0.938278566,4
30523920_MinPolqaSfbRecording_cut.wav,3.5,1.290994449,1.26517456,4
29530894_MinPolqaSfbRecording_cut.wav,1.25,0.5,0.49,4
30461142_MinPolqaSfbRecording_cut.wav,1.25,0.5,0.49,4
28490706_MinPolqaSfbRecording_cut.wav,4.5,0.577350269,0.565803264,4
30519975_MinPolqaSfbRecording_cut.wav,3.75,1.258305739,1.233139624,4
28075864_MinPolqaSfbRecording_cut.wav,4.0,0.0,0.0,2
30449779_MinPolqaSfbRecording_cut.wav,3.0,0.0,0.0,2
30489490_MinPolqaSfbRecording_cut.wav,2.5,0.707106781,0.98,2
30100578_MinPolqaSfbRecording_cut.wav,3.0,0.0,0.0,2
28600556_MinPolqaSfbRecording_cut.wav,3.0,0.0,0.0,2
30407012_MinPolqaSfbRecording_cut.wav,3.5,0.707106781,0.98,2
30496779_MinPolqaSfbRecording_cut.wav,4.333333333,0.577350269,0.653333333,3
28904115_MinPolqaSfbRecording_cut.wav,2.0,1.0,1.131606528,3
28946373_MinPolqaSfbRecording_cut.wav,3.666666667,1.527525232,1.728557523,3
30513184_MinPolqaSfbRecording_cut.wav,1.666666667,1.154700538,1.306666667,3
30526466_MinPolqaSfbRecording_cut.wav,2.333333333,1.527525232,1.728557523,3
30472659_MinPolqaSfbRecording_cut.wav,3.333333333,0.577350269,0.653333333,3
30439720_MinPolqaSfbRecording_cut.wav,2.666666667,0.577350269,0.653333333,3
27731820_MinPolqaSfbRecording_cut.wav,3.5,0.577350269,0.565803264,4
30477173_MinPolqaSfbRecording_cut.wav,3.5,0.577350269,0.565803264,4
28084809_MinPolqaSfbRecording_cut.wav,3.25,0.5,0.49,4
30247714_MinPolqaSfbRecording_cut.wav,2.5,0.577350269,0.565803264,4
30502611_MinPolqaSfbRecording_cut.wav,3.5,1.0,0.98,4
28066938_MinPolqaSfbRecording_cut.wav,4.25,0.5,0.49,4
27737268_MinPolqaSfbRecording_cut.wav,4.0,0.816496581,0.800166649,4
30096903_MinPolqaSfbRecording_cut.wav,3.0,0.707106781,0.619806421,5
30255778_MinPolqaSfbRecording_cut.wav,2.8,0.447213595,0.392,5
27141532_MinPolqaSfbRecording_cut.wav,4.6,0.547722558,0.48009999,5
30526478_MinPolqaSfbRecording_cut.wav,3.4,0.894427191,0.784,5
30490685_MinPolqaSfbRecording_cut.wav,1.2,0.447213595,0.392,5
30258547_MinPolqaSfbRecording_cut.wav,1.8,0.836660027,0.733364848,5
30406713_MinPolqaSfbRecording_cut.wav,1.8,0.447213595,0.392,5
27657639_MinPolqaSfbRecording_cut.wav,3.5,0.577350269,0.565803264,4
30145539_MinPolqaSfbRecording_cut.wav,1.5,1.0,0.98,4
30204676_MinPolqaSfbRecording_cut.wav,3.25,0.5,0.49,4
28724085_MinPolqaSfbRecording_cut.wav,4.25,0.5,0.49,4
30122156_MinPolqaSfbRecording_cut.wav,4.0,0.816496581,0.800166649,4
30147639_MinPolqaSfbRecording_cut.wav,2.0,0.816496581,0.800166649,4
28883715_MinPolqaSfbRecording_cut.wav,3.0,0.0,0.0,4
30408191_MinPolqaSfbRecording_cut.wav,2.5,0.577350269,0.565803264,4
30530293_MinPolqaSfbRecording_cut.wav,3.0,0.816496581,0.800166649,4
28643787_MinPolqaSfbRecording_cut.wav,2.333333333,1.154700538,1.306666667,3
30114130_MinPolqaSfbRecording_cut.wav,3.666666667,1.527525232,1.728557523,3
30082500_MinPolqaSfbRecording_cut.wav,3.333333333,0.577350269,0.653333333,3
30513130_MinPolqaSfbRecording_cut.wav,2.666666667,1.527525232,1.728557523,3
30183605_MinPolqaSfbRecording_cut.wav,2.333333333,1.154700538,1.306666667,3
30519520_MinPolqaSfbRecording_cut.wav,2.333333333,0.577350269,0.653333333,3
30169652_MinPolqaSfbRecording_cut.wav,3.0,1.732050808,1.96,3
27775077_MinPolqaSfbRecording_cut.wav,3.0,1.0,1.131606528,3
28701287_MinPolqaSfbRecording_cut.wav,3.0,0.707106781,0.619806421,5
29540875_MinPolqaSfbRecording_cut.wav,2.4,0.894427191,0.784,5
30120620_MinPolqaSfbRecording_cut.wav,3.8,0.836660027,0.733364848,5
28191126_MinPolqaSfbRecording_cut.wav,3.8,0.836660027,0.733364848,5
30087157_MinPolqaSfbRecording_cut.wav,3.0,0.707106781,0.619806421,5
30176632_MinPolqaSfbRecording_cut.wav,3.2,0.836660027,0.733364848,5
30511903_MinPolqaSfbRecording_cut.wav,4.6,0.547722558,0.48009999,5
27973463_MinPolqaSfbRecording_cut.wav,4.0,0.707106781,0.619806421,5
30436304_MinPolqaSfbRecording_cut.wav,3.6,0.547722558,0.48009999,5
27850162_MinPolqaSfbRecording_cut.wav,4.0,0.816496581,0.800166649,4
30426929_MinPolqaSfbRecording_cut.wav,3.25,0.5,0.49,4
30175443_MinPolqaSfbRecording_cut.wav,1.75,0.5,0.49,4
30080902_MinPolqaSfbRecording_cut.wav,4.25,0.957427108,0.938278566,4
28667879_MinPolqaSfbRecording_cut.wav,4.75,0.5,0.49,4
28936783_MinPolqaSfbRecording_cut.wav,4.5,0.577350269,0.565803264,4
30458477_MinPolqaSfbRecording_cut.wav,3.0,0.816496581,0.800166649,4
30520480_MinPolqaSfbRecording_cut.wav,2.0,0.0,0.0,4
30160078_MinPolqaSfbRecording_cut.wav,1.25,0.5,0.49,4
30211493_MinPolqaSfbRecording_cut.wav,2.75,0.957427108,0.938278566,4
30492622_MinPolqaSfbRecording_cut.wav,2.75,0.5,0.49,4
30150760_MinPolqaSfbRecording_cut.wav,3.75,0.957427108,0.938278566,4
30490478_MinPolqaSfbRecording_cut.wav,3.5,0.577350269,0.565803264,4
30207214_MinPolqaSfbRecording_cut.wav,3.0,0.816496581,0.800166649,4
28902508_MinPolqaSfbRecording_cut.wav,4.25,0.5,0.49,4
30140661_MinPolqaSfbRecording_cut.wav,3.0,0.816496581,0.800166649,4
29000765_MinPolqaSfbRecording_cut.wav,4.75,0.5,0.49,4
30148330_MinPolqaSfbRecording_cut.wav,3.25,0.957427108,0.938278566,4
29531275_MinPolqaSfbRecording_cut.wav,4.5,0.577350269,0.565803264,4
30148905_MinPolqaSfbRecording_cut.wav,2.5,0.577350269,0.565803264,4
30105099_MinPolqaSfbRecording_cut.wav,3.25,1.5,1.47,4
30264357_MinPolqaSfbRecording_cut.wav,4.75,0.5,0.49,4
28485210_MinPolqaSfbRecording_cut.wav,4.75,0.5,0.49,4
30481816_MinPolqaSfbRecording_cut.wav,2.0,0.816496581,0.800166649,4
30087585_MinPolqaSfbRecording_cut.wav,3.0,1.414213562,1.385929291,4
30092101_MinPolqaSfbRecording_cut.wav,4.0,1.154700538,1.131606528,4
30483991_MinPolqaSfbRecording_cut.wav,2.25,0.5,0.49,4
27840368_MinPolqaSfbRecording_cut.wav,4.75,0.5,0.49,4
30484066_MinPolqaSfbRecording_cut.wav,3.75,0.957427108,0.938278566,4
30425287_MinPolqaSfbRecording_cut.wav,2.5,1.732050808,1.697409791,4
29532444_MinPolqaSfbRecording_cut.wav,3.75,1.258305739,1.233139624,4
27896595_MinPolqaSfbRecording_cut.wav,3.75,1.258305739,1.233139624,4
30086684_MinPolqaSfbRecording_cut.wav,3.5,1.732050808,1.697409791,4
30154234_MinPolqaSfbRecording_cut.wav,2.75,0.957427108,0.938278566,4
30531946_MinPolqaSfbRecording_cut.wav,1.6,0.894427191,0.784,5
30520234_MinPolqaSfbRecording_cut.wav,2.0,1.0,0.876538647,5
30402646_MinPolqaSfbRecording_cut.wav,3.8,0.836660027,0.733364848,5
30504340_MinPolqaSfbRecording_cut.wav,1.6,0.894427191,0.784,5
30125239_MinPolqaSfbRecording_cut.wav,3.6,1.140175425,0.999407825,5
30505728_MinPolqaSfbRecording_cut.wav,2.8,0.836660027,0.733364848,5
30206636_MinPolqaSfbRecording_cut.wav,2.8,1.303840481,1.142866571,5
30071488_MinPolqaSfbRecording_cut.wav,3.6,1.140175425,0.999407825,5
30212335_MinPolqaSfbRecording_cut.wav,3.4,0.547722558,0.48009999,5
29529699_MinPolqaSfbRecording_cut.wav,2.2,0.447213595,0.392,5
27726781_MinPolqaSfbRecording_cut.wav,3.6,0.547722558,0.48009999,5
29543633_MinPolqaSfbRecording_cut.wav,2.0,0.707106781,0.619806421,5
30096820_MinPolqaSfbRecording_cut.wav,1.2,0.447213595,0.392,5
28757922_MinPolqaSfbRecording_cut.wav,3.2,0.447213595,0.392,5
28502739_MinPolqaSfbRecording_cut.wav,3.4,0.547722558,0.48009999,5
30085328_MinPolqaSfbRecording_cut.wav,3.4,0.547722558,0.48009999,5
30113313_MinPolqaSfbRecording_cut.wav,3.0,1.0,0.876538647,5
28629196_MinPolqaSfbRecording_cut.wav,2.8,0.836660027,0.733364848,5
27755733_MinPolqaSfbRecording_cut.wav,3.5,0.577350269,0.565803264,4
30129561_MinPolqaSfbRecording_cut.wav,1.75,0.957427108,0.938278566,4
28121410_MinPolqaSfbRecording_cut.wav,3.5,0.577350269,0.565803264,4
30406742_MinPolqaSfbRecording_cut.wav,3.75,0.957427108,0.938278566,4
28544631_MinPolqaSfbRecording_cut.wav,4.0,0.0,0.0,4
30110711_MinPolqaSfbRecording_cut.wav,3.0,1.154700538,1.131606528,4
30177443_MinPolqaSfbRecording_cut.wav,1.75,0.957427108,0.938278566,4
30090868_MinPolqaSfbRecording_cut.wav,2.5,1.0,0.98,4
30067175_MinPolqaSfbRecording_cut.wav,3.25,1.258305739,1.233139624,4
30475442_MinPolqaSfbRecording_cut.wav,3.0,0.707106781,0.619806421,5
30423825_MinPolqaSfbRecording_cut.wav,2.4,0.894427191,0.784,5
30075134_MinPolqaSfbRecording_cut.wav,3.8,0.836660027,0.733364848,5
30166454_MinPolqaSfbRecording_cut.wav,3.0,1.0,0.876538647,5
30058459_MinPolqaSfbRecording_cut.wav,3.0,1.0,0.876538647,5
28528331_MinPolqaSfbRecording_cut.wav,3.8,1.303840481,1.142866571,5
30064161_MinPolqaSfbRecording_cut.wav,3.6,0.547722558,0.48009999,5
30480150_MinPolqaSfbRecording_cut.wav,2.6,1.140175425,0.999407825,5
30478313_MinPolqaSfbRecording_cut.wav,2.6,0.547722558,0.48009999,5
30251452_MinPolqaSfbRecording_cut.wav,2.4,0.894427191,0.784,5
28270864_MinPolqaSfbRecording_cut.wav,4.0,0.707106781,0.619806421,5
28174008_MinPolqaSfbRecording_cut.wav,3.4,0.894427191,0.784,5
27903736_MinPolqaSfbRecording_cut.wav,4.2,0.447213595,0.392,5
30100158_MinPolqaSfbRecording_cut.wav,2.0,0.707106781,0.619806421,5
30521010_MinPolqaSfbRecording_cut.wav,2.6,0.894427191,0.784,5
30193429_MinPolqaSfbRecording_cut.wav,3.6,0.547722558,0.48009999,5
30478067_MinPolqaSfbRecording_cut.wav,2.4,1.140175425,0.999407825,5
30154651_MinPolqaSfbRecording_cut.wav,3.2,1.095445115,0.960199979,5
30409227_MinPolqaSfbRecording_cut.wav,3.0,0.707106781,0.619806421,5
30118411_MinPolqaSfbRecording_cut.wav,3.6,0.894427191,0.784,5
30100329_MinPolqaSfbRecording_cut.wav,1.6,0.547722558,0.48009999,5
30194787_MinPolqaSfbRecording_cut.wav,4.0,0.707106781,0.619806421,5
30474942_MinPolqaSfbRecording_cut.wav,2.0,0.707106781,0.619806421,5
30175333_MinPolqaSfbRecording_cut.wav,3.0,0.707106781,0.619806421,5
28232382_MinPolqaSfbRecording_cut.wav,3.2,0.836660027,0.733364848,5
30185966_MinPolqaSfbRecording_cut.wav,2.4,0.894427191,0.784,5
30406155_MinPolqaSfbRecording_cut.wav,1.5,0.577350269,0.565803264,4
30173005_MinPolqaSfbRecording_cut.wav,2.5,1.290994449,1.26517456,4
30148977_MinPolqaSfbRecording_cut.wav,1.25,0.5,0.49,4
30128010_MinPolqaSfbRecording_cut.wav,1.25,0.5,0.49,4
28215958_MinPolqaSfbRecording_cut.wav,3.0,1.414213562,1.385929291,4
30513510_MinPolqaSfbRecording_cut.wav,1.25,0.5,0.49,4
30068620_MinPolqaSfbRecording_cut.wav,2.25,1.258305739,1.233139624,4
30210897_MinPolqaSfbRecording_cut.wav,1.75,0.957427108,0.938278566,4
30117739_MinPolqaSfbRecording_cut.wav,2.75,0.957427108,0.938278566,4
27668272_MinPolqaSfbRecording_cut.wav,2.75,0.957427108,0.938278566,4
30163843_MinPolqaSfbRecording_cut.wav,3.0,0.0,0.0,4
29539186_MinPolqaSfbRecording_cut.wav,3.5,0.577350269,0.565803264,4
30251765_MinPolqaSfbRecording_cut.wav,3.25,0.5,0.49,4
30096204_MinPolqaSfbRecording_cut.wav,2.0,1.154700538,1.131606528,4
28590465_MinPolqaSfbRecording_cut.wav,4.5,0.577350269,0.565803264,4
30522197_MinPolqaSfbRecording_cut.wav,2.0,0.816496581,0.800166649,4
30182780_MinPolqaSfbRecording_cut.wav,2.0,0.816496581,0.800166649,4
30189387_MinPolqaSfbRecording_cut.wav,2.5,0.577350269,0.565803264,4
30154391_MinPolqaSfbRecording_cut.wav,2.25,0.957427108,0.938278566,4
30482559_MinPolqaSfbRecording_cut.wav,2.8,0.836660027,0.733364848,5
30262004_MinPolqaSfbRecording_cut.wav,4.0,0.707106781,0.619806421,5
30164107_MinPolqaSfbRecording_cut.wav,2.4,1.140175425,0.999407825,5
30473203_MinPolqaSfbRecording_cut.wav,2.4,1.673320053,1.466729696,5
28864143_MinPolqaSfbRecording_cut.wav,4.0,0.707106781,0.619806421,5
28814102_MinPolqaSfbRecording_cut.wav,4.2,0.447213595,0.392,5
30108268_MinPolqaSfbRecording_cut.wav,3.0,1.224744871,1.073536213,5
30256965_MinPolqaSfbRecording_cut.wav,2.5,1.290994449,1.26517456,4
30527961_MinPolqaSfbRecording_cut.wav,1.75,0.957427108,0.938278566,4
30510500_MinPolqaSfbRecording_cut.wav,2.5,1.290994449,1.26517456,4
30432862_MinPolqaSfbRecording_cut.wav,1.5,0.577350269,0.565803264,4
30138578_MinPolqaSfbRecording_cut.wav,2.25,0.5,0.49,4
30430524_MinPolqaSfbRecording_cut.wav,2.0,0.816496581,0.800166649,4
30076565_MinPolqaSfbRecording_cut.wav,3.5,1.290994449,1.26517456,4
30158271_MinPolqaSfbRecording_cut.wav,3.25,0.5,0.49,4
27861575_MinPolqaSfbRecording_cut.wav,3.25,1.707825128,1.673668625,4
30067538_MinPolqaSfbRecording_cut.wav,3.6,1.140175425,0.999407825,5
30467070_MinPolqaSfbRecording_cut.wav,2.6,0.547722558,0.48009999,5
30416205_MinPolqaSfbRecording_cut.wav,2.6,0.894427191,0.784,5
30400818_MinPolqaSfbRecording_cut.wav,2.0,1.224744871,1.073536213,5
30128377_MinPolqaSfbRecording_cut.wav,3.2,0.836660027,0.733364848,5
27774662_MinPolqaSfbRecording_cut.wav,3.0,0.707106781,0.619806421,5
28348680_MinPolqaSfbRecording_cut.wav,4.0,0.707106781,0.619806421,5
30490097_MinPolqaSfbRecording_cut.wav,1.6,0.894427191,0.784,5
30479637_MinPolqaSfbRecording_cut.wav,2.666666667,0.577350269,0.653333333,3
30093116_MinPolqaSfbRecording_cut.wav,1.666666667,0.577350269,0.653333333,3
27556057_MinPolqaSfbRecording_cut.wav,3.666666667,0.577350269,0.653333333,3
30478343_MinPolqaSfbRecording_cut.wav,2.666666667,0.577350269,0.653333333,3
30097516_MinPolqaSfbRecording_cut.wav,1.666666667,1.154700538,1.306666667,3
30441676_MinPolqaSfbRecording_cut.wav,3.0,0.0,0.0,3
30446186_MinPolqaSfbRecording_cut.wav,2.666666667,0.577350269,0.653333333,3
30148829_MinPolqaSfbRecording_cut.wav,1.666666667,1.154700538,1.306666667,3
28339007_MinPolqaSfbRecording_cut.wav,2.666666667,0.577350269,0.653333333,3
30522214_MinPolqaSfbRecording_cut.wav,2.0,1.0,1.131606528,3
29541758_MinPolqaSfbRecording_cut.wav,3.2,0.836660027,0.733364848,5
27577669_MinPolqaSfbRecording_cut.wav,4.2,0.447213595,0.392,5
30171961_MinPolqaSfbRecording_cut.wav,4.0,1.224744871,1.073536213,5
28721145_MinPolqaSfbRecording_cut.wav,4.2,0.836660027,0.733364848,5
30120600_MinPolqaSfbRecording_cut.wav,3.2,0.836660027,0.733364848,5
30157478_MinPolqaSfbRecording_cut.wav,2.8,0.836660027,0.733364848,5
30490859_MinPolqaSfbRecording_cut.wav,2.0,1.224744871,1.073536213,5
27779595_MinPolqaSfbRecording_cut.wav,4.2,0.836660027,0.733364848,5
30096517_MinPolqaSfbRecording_cut.wav,3.0,1.224744871,1.073536213,5
30127847_MinPolqaSfbRecording_cut.wav,2.6,0.894427191,0.784,5
30099649_MinPolqaSfbRecording_cut.wav,2.0,0.707106781,0.619806421,5
30402548_MinPolqaSfbRecording_cut.wav,1.8,0.836660027,0.733364848,5
30162575_MinPolqaSfbRecording_cut.wav,3.0,0.707106781,0.619806421,5
30437577_MinPolqaSfbRecording_cut.wav,1.6,0.894427191,0.784,5
30104575_MinPolqaSfbRecording_cut.wav,2.0,0.707106781,0.619806421,5
30119836_MinPolqaSfbRecording_cut.wav,2.0,0.707106781,0.619806421,5
30410739_MinPolqaSfbRecording_cut.wav,2.6,0.547722558,0.48009999,5
30117494_MinPolqaSfbRecording_cut.wav,2.5,0.577350269,0.565803264,4
30507197_MinPolqaSfbRecording_cut.wav,3.75,0.5,0.49,4
30435077_MinPolqaSfbRecording_cut.wav,1.5,0.577350269,0.565803264,4
30504667_MinPolqaSfbRecording_cut.wav,4.75,0.5,0.49,4
30402628_MinPolqaSfbRecording_cut.wav,1.0,0.0,0.0,4
30098400_MinPolqaSfbRecording_cut.wav,3.25,0.957427108,0.938278566,4
30260184_MinPolqaSfbRecording_cut.wav,2.0,0.0,0.0,4
30409382_MinPolqaSfbRecording_cut.wav,4.0,0.816496581,0.800166649,4
30181486_MinPolqaSfbRecording_cut.wav,2.25,0.5,0.49,4
27884723_MinPolqaSfbRecording_cut.wav,3.5,0.577350269,0.565803264,4
30068483_MinPolqaSfbRecording_cut.wav,3.0,1.414213562,1.239612843,5
30482506_MinPolqaSfbRecording_cut.wav,4.2,1.303840481,1.142866571,5
28713250_MinPolqaSfbRecording_cut.wav,4.2,1.095445115,0.960199979,5
29540238_MinPolqaSfbRecording_cut.wav,2.4,0.894427191,0.784,5
29532826_MinPolqaSfbRecording_cut.wav,2.4,1.140175425,0.999407825,5
30174724_MinPolqaSfbRecording_cut.wav,3.0,1.224744871,1.073536213,5
30176635_MinPolqaSfbRecording_cut.wav,3.6,0.894427191,0.784,5
30428958_MinPolqaSfbRecording_cut.wav,2.4,0.894427191,0.784,5
28147547_MinPolqaSfbRecording_cut.wav,3.4,1.140175425,0.999407825,5
30117569_MinPolqaSfbRecording_cut.wav,2.4,0.547722558,0.48009999,5
28191168_MinPolqaSfbRecording_cut.wav,4.0,0.707106781,0.619806421,5
30430172_MinPolqaSfbRecording_cut.wav,3.6,0.547722558,0.48009999,5
30253253_MinPolqaSfbRecording_cut.wav,2.2,0.447213595,0.392,5
28311216_MinPolqaSfbRecording_cut.wav,4.2,0.836660027,0.733364848,5
30109902_MinPolqaSfbRecording_cut.wav,2.8,0.447213595,0.392,5
30432869_MinPolqaSfbRecording_cut.wav,2.5,0.577350269,0.565803264,4
27696475_MinPolqaSfbRecording_cut.wav,3.25,1.707825128,1.673668625,4
30098301_MinPolqaSfbRecording_cut.wav,1.75,0.957427108,0.938278566,4
30154423_MinPolqaSfbRecording_cut.wav,1.25,0.5,0.49,4
30138661_MinPolqaSfbRecording_cut.wav,1.5,0.577350269,0.565803264,4
30506331_MinPolqaSfbRecording_cut.wav,3.0,1.632993162,1.600333299,4
30076014_MinPolqaSfbRecording_cut.wav,2.75,1.258305739,1.233139624,4
30144982_MinPolqaSfbRecording_cut.wav,2.75,1.258305739,1.233139624,4
30437169_MinPolqaSfbRecording_cut.wav,3.25,1.258305739,1.233139624,4
30504069_MinPolqaSfbRecording_cut.wav,3.75,0.957427108,0.938278566,4
28502715_MinPolqaSfbRecording_cut.wav,2.75,0.957427108,0.938278566,4
30249199_MinPolqaSfbRecording_cut.wav,4.25,0.5,0.49,4
30069959_MinPolqaSfbRecording_cut.wav,3.5,0.577350269,0.565803264,4
27909687_MinPolqaSfbRecording_cut.wav,4.25,0.5,0.49,4
30483702_MinPolqaSfbRecording_cut.wav,3.5,0.577350269,0.565803264,4
29025112_MinPolqaSfbRecording_cut.wav,3.75,0.5,0.49,4
30082131_MinPolqaSfbRecording_cut.wav,3.5,1.0,0.98,4
27794665_MinPolqaSfbRecording_cut.wav,3.5,0.577350269,0.565803264,4
28897223_MinPolqaSfbRecording_cut.wav,3.5,1.290994449,1.26517456,4
28329719_MinPolqaSfbRecording_cut.wav,3.5,0.577350269,0.565803264,4
30437006_MinPolqaSfbRecording_cut.wav,2.2,1.095445115,0.960199979,5
28106304_MinPolqaSfbRecording_cut.wav,4.4,0.547722558,0.48009999,5
30490939_MinPolqaSfbRecording_cut.wav,2.8,0.836660027,0.733364848,5
30138756_MinPolqaSfbRecording_cut.wav,2.2,0.836660027,0.733364848,5
30259675_MinPolqaSfbRecording_cut.wav,2.0,0.707106781,0.619806421,5
30183381_MinPolqaSfbRecording_cut.wav,1.8,1.303840481,1.142866571,5
30471500_MinPolqaSfbRecording_cut.wav,2.2,0.836660027,0.733364848,5
28514870_MinPolqaSfbRecording_cut.wav,2.8,0.836660027,0.733364848,5
30523166_MinPolqaSfbRecording_cut.wav,3.0,1.414213562,1.239612843,5
30427644_MinPolqaSfbRecording_cut.wav,3.0,1.0,0.876538647,5
28229625_MinPolqaSfbRecording_cut.wav,4.0,1.0,1.131606528,3
30096316_MinPolqaSfbRecording_cut.wav,2.333333333,0.577350269,0.653333333,3
30188908_MinPolqaSfbRecording_cut.wav,3.0,2.0,2.263213055,3
30153830_MinPolqaSfbRecording_cut.wav,2.0,1.0,1.131606528,3
30501972_MinPolqaSfbRecording_cut.wav,3.666666667,1.527525232,1.728557523,3
30211399_MinPolqaSfbRecording_cut.wav,4.333333333,1.154700538,1.306666667,3
30084801_MinPolqaSfbRecording_cut.wav,2.0,1.0,1.131606528,3
30531296_MinPolqaSfbRecording_cut.wav,2.0,0.0,0.0,4
27822509_MinPolqaSfbRecording_cut.wav,3.75,1.258305739,1.233139624,4
30403616_MinPolqaSfbRecording_cut.wav,3.5,0.577350269,0.565803264,4
30510388_MinPolqaSfbRecording_cut.wav,3.25,0.957427108,0.938278566,4
30195661_MinPolqaSfbRecording_cut.wav,2.0,0.0,0.0,4
29542036_MinPolqaSfbRecording_cut.wav,1.0,0.0,0.0,4
30483583_MinPolqaSfbRecording_cut.wav,2.5,1.0,0.98,4
30207611_MinPolqaSfbRecording_cut.wav,2.25,0.957427108,0.938278566,4
30133989_MinPolqaSfbRecording_cut.wav,3.4,0.547722558,0.48009999,5
28843633_MinPolqaSfbRecording_cut.wav,4.0,1.0,0.876538647,5
30070393_MinPolqaSfbRecording_cut.wav,2.4,0.547722558,0.48009999,5
30409640_MinPolqaSfbRecording_cut.wav,2.6,0.547722558,0.48009999,5
27934423_MinPolqaSfbRecording_cut.wav,4.0,0.0,0.0,5
28641477_MinPolqaSfbRecording_cut.wav,4.2,0.836660027,0.733364848,5
28854203_MinPolqaSfbRecording_cut.wav,3.0,0.0,0.0,5
28309671_MinPolqaSfbRecording_cut.wav,3.2,0.447213595,0.392,5
30413877_MinPolqaSfbRecording_cut.wav,2.8,0.836660027,0.733364848,5
29538063_MinPolqaSfbRecording_cut.wav,3.6,0.547722558,0.48009999,5
30462179_MinPolqaSfbRecording_cut.wav,1.5,1.0,0.98,4
30178506_MinPolqaSfbRecording_cut.wav,2.5,1.0,0.98,4
30178489_MinPolqaSfbRecording_cut.wav,1.75,0.5,0.49,4
30090627_MinPolqaSfbRecording_cut.wav,3.25,1.258305739,1.233139624,4
30433803_MinPolqaSfbRecording_cut.wav,3.25,0.5,0.49,4
27617070_MinPolqaSfbRecording_cut.wav,3.75,0.5,0.49,4
30457664_MinPolqaSfbRecording_cut.wav,2.25,1.258305739,1.233139624,4
30174764_MinPolqaSfbRecording_cut.wav,3.25,0.957427108,0.938278566,4
30179245_MinPolqaSfbRecording_cut.wav,4.0,1.414213562,1.385929291,4
27556223_MinPolqaSfbRecording_cut.wav,4.5,0.577350269,0.565803264,4
28517577_MinPolqaSfbRecording_cut.wav,4.75,0.5,0.49,4
30444282_MinPolqaSfbRecording_cut.wav,2.0,0.816496581,0.800166649,4
30124528_MinPolqaSfbRecording_cut.wav,3.25,0.957427108,0.938278566,4
30080707_MinPolqaSfbRecording_cut.wav,3.25,0.957427108,0.938278566,4
30075834_MinPolqaSfbRecording_cut.wav,3.0,0.816496581,0.800166649,4
30068698_MinPolqaSfbRecording_cut.wav,3.25,1.5,1.47,4
27883462_MinPolqaSfbRecording_cut.wav,4.666666667,0.577350269,0.653333333,3
27920643_MinPolqaSfbRecording_cut.wav,4.0,1.0,1.131606528,3
29541851_MinPolqaSfbRecording_cut.wav,3.666666667,0.577350269,0.653333333,3
28521527_MinPolqaSfbRecording_cut.wav,3.666666667,0.577350269,0.653333333,3
27873636_MinPolqaSfbRecording_cut.wav,4.666666667,0.577350269,0.653333333,3
27823119_MinPolqaSfbRecording_cut.wav,4.333333333,0.577350269,0.653333333,3
30119339_MinPolqaSfbRecording_cut.wav,4.666666667,0.577350269,0.653333333,3
30081910_MinPolqaSfbRecording_cut.wav,2.666666667,1.154700538,1.306666667,3
30254592_MinPolqaSfbRecording_cut.wav,4.666666667,0.577350269,0.653333333,3
27628246_MinPolqaSfbRecording_cut.wav,4.0,0.0,0.0,5
30143379_MinPolqaSfbRecording_cut.wav,2.8,0.836660027,0.733364848,5
28030148_MinPolqaSfbRecording_cut.wav,4.4,0.547722558,0.48009999,5
28759430_MinPolqaSfbRecording_cut.wav,3.8,0.836660027,0.733364848,5
30506461_MinPolqaSfbRecording_cut.wav,3.0,0.707106781,0.619806421,5
30505790_MinPolqaSfbRecording_cut.wav,1.8,0.836660027,0.733364848,5
30509824_MinPolqaSfbRecording_cut.wav,2.2,0.836660027,0.733364848,5
30213731_MinPolqaSfbRecording_cut.wav,1.8,1.095445115,0.960199979,5
29539815_MinPolqaSfbRecording_cut.wav,3.0,0.707106781,0.619806421,5
30147456_MinPolqaSfbRecording_cut.wav,3.4,0.547722558,0.48009999,5
29543552_MinPolqaSfbRecording_cut.wav,2.333333333,1.154700538,1.306666667,3
30100586_MinPolqaSfbRecording_cut.wav,3.333333333,0.577350269,0.653333333,3
30086717_MinPolqaSfbRecording_cut.wav,3.0,1.0,1.131606528,3
27746511_MinPolqaSfbRecording_cut.wav,4.666666667,0.577350269,0.653333333,3
30127885_MinPolqaSfbRecording_cut.wav,2.666666667,1.527525232,1.728557523,3
30506295_MinPolqaSfbRecording_cut.wav,4.0,0.0,0.0,3
30430073_MinPolqaSfbRecording_cut.wav,4.0,0.0,0.0,3
30179345_MinPolqaSfbRecording_cut.wav,3.333333333,0.577350269,0.653333333,3
30062315_MinPolqaSfbRecording_cut.wav,3.333333333,0.577350269,0.653333333,3
28315374_MinPolqaSfbRecording_cut.wav,4.0,1.0,0.876538647,5
30078883_MinPolqaSfbRecording_cut.wav,3.8,1.095445115,0.960199979,5
30133486_MinPolqaSfbRecording_cut.wav,3.6,1.341640786,1.176,5
27705825_MinPolqaSfbRecording_cut.wav,4.0,1.0,0.876538647,5
30504757_MinPolqaSfbRecording_cut.wav,3.2,1.303840481,1.142866571,5
30096223_MinPolqaSfbRecording_cut.wav,3.6,0.894427191,0.784,5
30466735_MinPolqaSfbRecording_cut.wav,3.2,1.095445115,0.960199979,5
30251292_MinPolqaSfbRecording_cut.wav,2.8,1.788854382,1.568,5
30172955_MinPolqaSfbRecording_cut.wav,3.2,1.095445115,0.960199979,5
30470549_MinPolqaSfbRecording_cut.wav,3.5,0.707106781,0.98,2
29539081_MinPolqaSfbRecording_cut.wav,2.5,0.707106781,0.98,2
30088874_MinPolqaSfbRecording_cut.wav,3.0,0.0,0.0,2
30163278_MinPolqaSfbRecording_cut.wav,3.0,0.0,0.0,2
30512553_MinPolqaSfbRecording_cut.wav,2.5,0.707106781,0.98,2
27512382_MinPolqaSfbRecording_cut.wav,4.0,0.0,0.0,2
28863932_MinPolqaSfbRecording_cut.wav,4.0,1.414213562,1.96,2
30430600_MinPolqaSfbRecording_cut.wav,3.5,0.707106781,0.98,2
30165699_MinPolqaSfbRecording_cut.wav,4.0,0.0,0.0,2
30099653_MinPolqaSfbRecording_cut.wav,2.5,1.0,0.98,4
29052269_MinPolqaSfbRecording_cut.wav,3.75,0.5,0.49,4
29533329_MinPolqaSfbRecording_cut.wav,3.5,0.577350269,0.565803264,4
28837210_MinPolqaSfbRecording_cut.wav,4.5,0.577350269,0.565803264,4
30483213_MinPolqaSfbRecording_cut.wav,3.25,0.5,0.49,4
30129059_MinPolqaSfbRecording_cut.wav,2.75,0.5,0.49,4
30155747_MinPolqaSfbRecording_cut.wav,2.75,0.5,0.49,4
30509517_MinPolqaSfbRecording_cut.wav,1.75,0.5,0.49,4
28846380_MinPolqaSfbRecording_cut.wav,3.0,0.816496581,0.800166649,4
30109486_MinPolqaSfbRecording_cut.wav,2.8,1.095445115,0.960199979,5
30461822_MinPolqaSfbRecording_cut.wav,3.4,0.547722558,0.48009999,5
30061547_MinPolqaSfbRecording_cut.wav,4.2,0.836660027,0.733364848,5
29534247_MinPolqaSfbRecording_cut.wav,3.8,0.836660027,0.733364848,5
30064834_MinPolqaSfbRecording_cut.wav,3.0,1.414213562,1.239612843,5
30165282_MinPolqaSfbRecording_cut.wav,4.2,0.447213595,0.392,5
30180333_MinPolqaSfbRecording_cut.wav,3.2,1.095445115,0.960199979,5
29534273_MinPolqaSfbRecording_cut.wav,3.6,1.140175425,0.999407825,5
30161081_MinPolqaSfbRecording_cut.wav,3.2,0.836660027,0.733364848,5
30514735_MinPolqaSfbRecording_cut.wav,3.6,0.547722558,0.48009999,5
30520369_MinPolqaSfbRecording_cut.wav,2.6,0.547722558,0.48009999,5
30140755_MinPolqaSfbRecording_cut.wav,3.4,0.547722558,0.48009999,5
30154886_MinPolqaSfbRecording_cut.wav,2.6,0.894427191,0.784,5
30261013_MinPolqaSfbRecording_cut.wav,2.2,0.447213595,0.392,5
30204458_MinPolqaSfbRecording_cut.wav,2.6,0.894427191,0.784,5
28299830_MinPolqaSfbRecording_cut.wav,3.4,0.547722558,0.48009999,5
30075386_MinPolqaSfbRecording_cut.wav,3.6,0.894427191,0.784,5
28843115_MinPolqaSfbRecording_cut.wav,3.6,0.547722558,0.48009999,5
28069522_MinPolqaSfbRecording_cut.wav,4.4,0.547722558,0.48009999,5
30160668_MinPolqaSfbRecording_cut.wav,1.4,0.894427191,0.784,5
28312162_MinPolqaSfbRecording_cut.wav,3.0,0.0,0.0,5
30205435_MinPolqaSfbRecording_cut.wav,2.8,0.836660027,0.733364848,5
30182662_MinPolqaSfbRecording_cut.wav,3.2,0.447213595,0.392,5
29537566_MinPolqaSfbRecording_cut.wav,3.0,0.707106781,0.619806421,5
30470218_MinPolqaSfbRecording_cut.wav,2.0,0.707106781,0.619806421,5
27866429_MinPolqaSfbRecording_cut.wav,4.8,0.447213595,0.392,5
27769864_MinPolqaSfbRecording_cut.wav,4.4,0.547722558,0.48009999,5
30504499_MinPolqaSfbRecording_cut.wav,2.0,1.224744871,1.073536213,5
29058986_MinPolqaSfbRecording_cut.wav,3.6,0.894427191,0.784,5
27655381_MinPolqaSfbRecording_cut.wav,4.0,0.816496581,0.800166649,4
30084125_MinPolqaSfbRecording_cut.wav,2.25,0.5,0.49,4
29529991_MinPolqaSfbRecording_cut.wav,3.25,1.258305739,1.233139624,4
30253991_MinPolqaSfbRecording_cut.wav,2.75,0.957427108,0.938278566,4
27946596_MinPolqaSfbRecording_cut.wav,3.5,1.290994449,1.26517456,4
30118055_MinPolqaSfbRecording_cut.wav,3.75,0.957427108,0.938278566,4
29544557_MinPolqaSfbRecording_cut.wav,2.25,1.5,1.47,4
28270349_MinPolqaSfbRecording_cut.wav,3.5,1.0,0.98,4
30492686_MinPolqaSfbRecording_cut.wav,1.5,0.707106781,0.98,2
30250471_MinPolqaSfbRecording_cut.wav,2.5,0.707106781,0.98,2
30433650_MinPolqaSfbRecording_cut.wav,1.5,0.707106781,0.98,2
30147752_MinPolqaSfbRecording_cut.wav,1.5,0.707106781,0.98,2
27513340_MinPolqaSfbRecording_cut.wav,4.0,0.0,0.0,2
29006242_MinPolqaSfbRecording_cut.wav,3.0,0.0,0.0,2
30183471_MinPolqaSfbRecording_cut.wav,1.0,0.0,0.0,2
30468538_MinPolqaSfbRecording_cut.wav,1.0,0.0,0.0,2
30250719_MinPolqaSfbRecording_cut.wav,2.0,0.0,0.0,2
30432887_MinPolqaSfbRecording_cut.wav,3.4,0.894427191,0.784,5
30515288_MinPolqaSfbRecording_cut.wav,3.8,0.836660027,0.733364848,5
30158622_MinPolqaSfbRecording_cut.wav,3.2,1.095445115,0.960199979,5
30104359_MinPolqaSfbRecording_cut.wav,1.8,0.836660027,0.733364848,5
30488548_MinPolqaSfbRecording_cut.wav,3.2,1.095445115,0.960199979,5
30064411_MinPolqaSfbRecording_cut.wav,3.4,0.894427191,0.784,5
30197375_MinPolqaSfbRecording_cut.wav,4.0,1.0,0.876538647,5
28984278_MinPolqaSfbRecording_cut.wav,4.4,0.894427191,0.784,5
30151926_MinPolqaSfbRecording_cut.wav,2.8,0.447213595,0.392,5
30164808_MinPolqaSfbRecording_cut.wav,3.2,0.836660027,0.733364848,5
30169491_MinPolqaSfbRecording_cut.wav,3.4,0.547722558,0.48009999,5
27676232_MinPolqaSfbRecording_cut.wav,4.6,0.547722558,0.48009999,5
27725431_MinPolqaSfbRecording_cut.wav,4.6,0.547722558,0.48009999,5
27912149_MinPolqaSfbRecording_cut.wav,4.4,0.547722558,0.48009999,5
30134343_MinPolqaSfbRecording_cut.wav,4.0,0.707106781,0.619806421,5
30251128_MinPolqaSfbRecording_cut.wav,3.6,0.547722558,0.48009999,5
30175907_MinPolqaSfbRecording_cut.wav,2.4,0.547722558,0.48009999,5
30399247_MinPolqaSfbRecording_cut.wav,2.6,0.894427191,0.784,5
30212507_MinPolqaSfbRecording_cut.wav,2.6,0.894427191,0.784,5
30156500_MinPolqaSfbRecording_cut.wav,2.0,1.0,0.876538647,5
30155046_MinPolqaSfbRecording_cut.wav,3.0,1.224744871,1.073536213,5
30425503_MinPolqaSfbRecording_cut.wav,1.6,0.547722558,0.48009999,5
27642250_MinPolqaSfbRecording_cut.wav,4.0,0.0,0.0,5
30196397_MinPolqaSfbRecording_cut.wav,3.75,0.5,0.49,4
30491326_MinPolqaSfbRecording_cut.wav,2.5,0.577350269,0.565803264,4
30465941_MinPolqaSfbRecording_cut.wav,4.0,0.0,0.0,4
30070820_MinPolqaSfbRecording_cut.wav,2.75,0.957427108,0.938278566,4
30163151_MinPolqaSfbRecording_cut.wav,2.25,0.957427108,0.938278566,4
30445127_MinPolqaSfbRecording_cut.wav,3.75,0.957427108,0.938278566,4
28294875_MinPolqaSfbRecording_cut.wav,4.5,0.577350269,0.565803264,4
27773150_MinPolqaSfbRecording_cut.wav,3.75,0.5,0.49,4
28640121_MinPolqaSfbRecording_cut.wav,4.0,0.816496581,0.800166649,4
30185420_MinPolqaSfbRecording_cut.wav,2.5,1.290994449,1.26517456,4
30076609_MinPolqaSfbRecording_cut.wav,3.75,1.258305739,1.233139624,4
30466044_MinPolqaSfbRecording_cut.wav,1.75,1.5,1.47,4
30444686_MinPolqaSfbRecording_cut.wav,2.75,1.258305739,1.233139624,4
30112554_MinPolqaSfbRecording_cut.wav,3.25,0.5,0.49,4
30527923_MinPolqaSfbRecording_cut.wav,2.75,0.5,0.49,4
30127782_MinPolqaSfbRecording_cut.wav,3.75,0.5,0.49,4
28121129_MinPolqaSfbRecording_cut.wav,3.5,0.577350269,0.565803264,4
27892474_MinPolqaSfbRecording_cut.wav,3.8,0.836660027,0.733364848,5
27737893_MinPolqaSfbRecording_cut.wav,3.6,0.547722558,0.48009999,5
30465502_MinPolqaSfbRecording_cut.wav,1.6,0.547722558,0.48009999,5
27698681_MinPolqaSfbRecording_cut.wav,2.6,0.547722558,0.48009999,5
30119688_MinPolqaSfbRecording_cut.wav,3.0,0.707106781,0.619806421,5
30162327_MinPolqaSfbRecording_cut.wav,1.6,0.547722558,0.48009999,5
29066528_MinPolqaSfbRecording_cut.wav,3.4,0.547722558,0.48009999,5
30121843_MinPolqaSfbRecording_cut.wav,2.0,0.0,0.0,5
30444761_MinPolqaSfbRecording_cut.wav,1.6,0.547722558,0.48009999,5
30081113_MinPolqaSfbRecording_cut.wav,3.8,0.836660027,0.733364848,5
29538844_MinPolqaSfbRecording_cut.wav,1.8,0.447213595,0.392,5
30492344_MinPolqaSfbRecording_cut.wav,3.6,0.547722558,0.48009999,5
30444284_MinPolqaSfbRecording_cut.wav,1.8,0.836660027,0.733364848,5
28028670_MinPolqaSfbRecording_cut.wav,4.0,0.707106781,0.619806421,5
30137493_MinPolqaSfbRecording_cut.wav,3.4,0.894427191,0.784,5
30118855_MinPolqaSfbRecording_cut.wav,4.0,1.0,0.876538647,5
30090785_MinPolqaSfbRecording_cut.wav,3.6,0.894427191,0.784,5
30176881_MinPolqaSfbRecording_cut.wav,2.8,0.836660027,0.733364848,5
30444598_MinPolqaSfbRecording_cut.wav,3.0,1.224744871,1.073536213,5
30105504_MinPolqaSfbRecording_cut.wav,1.75,0.5,0.49,4
29530200_MinPolqaSfbRecording_cut.wav,3.0,0.0,0.0,4
28483367_MinPolqaSfbRecording_cut.wav,5.0,0.0,0.0,4
30128822_MinPolqaSfbRecording_cut.wav,2.0,0.0,0.0,4
30169949_MinPolqaSfbRecording_cut.wav,3.75,0.5,0.49,4
30138566_MinPolqaSfbRecording_cut.wav,3.75,0.5,0.49,4
30084506_MinPolqaSfbRecording_cut.wav,2.0,0.816496581,0.800166649,4
29543593_MinPolqaSfbRecording_cut.wav,2.2,0.836660027,0.733364848,5
30480256_MinPolqaSfbRecording_cut.wav,1.2,0.447213595,0.392,5
30472750_MinPolqaSfbRecording_cut.wav,1.0,0.0,0.0,5
30173980_MinPolqaSfbRecording_cut.wav,3.2,0.447213595,0.392,5
30118914_MinPolqaSfbRecording_cut.wav,3.2,0.447213595,0.392,5
30496375_MinPolqaSfbRecording_cut.wav,1.2,0.447213595,0.392,5
29020543_MinPolqaSfbRecording_cut.wav,3.4,0.894427191,0.784,5
30149773_MinPolqaSfbRecording_cut.wav,3.25,0.5,0.49,4
29556339_MinPolqaSfbRecording_cut.wav,2.5,1.290994449,1.26517456,4
28268597_MinPolqaSfbRecording_cut.wav,4.0,0.816496581,0.800166649,4
30109624_MinPolqaSfbRecording_cut.wav,3.5,1.0,0.98,4
28973523_MinPolqaSfbRecording_cut.wav,3.5,1.0,0.98,4
27627879_MinPolqaSfbRecording_cut.wav,4.5,0.577350269,0.565803264,4
30154974_MinPolqaSfbRecording_cut.wav,2.5,0.577350269,0.565803264,4
30100240_MinPolqaSfbRecording_cut.wav,3.25,0.957427108,0.938278566,4
30481808_MinPolqaSfbRecording_cut.wav,3.75,0.957427108,0.938278566,4
30481027_MinPolqaSfbRecording_cut.wav,2.5,1.290994449,1.26517456,4
30080715_MinPolqaSfbRecording_cut.wav,2.75,0.5,0.49,4
30069006_MinPolqaSfbRecording_cut.wav,3.25,0.5,0.49,4
30414078_MinPolqaSfbRecording_cut.wav,2.0,0.816496581,0.800166649,4
30176947_MinPolqaSfbRecording_cut.wav,3.25,0.957427108,0.938278566,4
30067644_MinPolqaSfbRecording_cut.wav,2.75,0.5,0.49,4
28155335_MinPolqaSfbRecording_cut.wav,3.25,0.5,0.49,4
30511805_MinPolqaSfbRecording_cut.wav,2.25,0.5,0.49,4
30404408_MinPolqaSfbRecording_cut.wav,2.75,0.5,0.49,4
30453021_MinPolqaSfbRecording_cut.wav,2.25,0.957427108,0.938278566,4
30177385_MinPolqaSfbRecording_cut.wav,2.0,0.816496581,0.800166649,4
30529125_MinPolqaSfbRecording_cut.wav,2.25,0.957427108,0.938278566,4
28821504_MinPolqaSfbRecording_cut.wav,4.0,0.0,0.0,4
30189385_MinPolqaSfbRecording_cut.wav,2.0,0.816496581,0.800166649,4
30163726_MinPolqaSfbRecording_cut.wav,2.75,1.258305739,1.233139624,4
28730181_MinPolqaSfbRecording_cut.wav,4.25,0.5,0.49,4
30164104_MinPolqaSfbRecording_cut.wav,3.0,0.816496581,0.800166649,4
30477885_MinPolqaSfbRecording_cut.wav,4.0,0.0,0.0,4
30462665_MinPolqaSfbRecording_cut.wav,3.5,1.0,0.98,4
30109872_MinPolqaSfbRecording_cut.wav,3.5,0.577350269,0.565803264,4
30123703_MinPolqaSfbRecording_cut.wav,4.25,0.5,0.49,4
30059973_MinPolqaSfbRecording_cut.wav,2.5,0.577350269,0.565803264,4
29536949_MinPolqaSfbRecording_cut.wav,1.5,0.577350269,0.565803264,4
27958731_MinPolqaSfbRecording_cut.wav,3.5,0.577350269,0.565803264,4
27574140_MinPolqaSfbRecording_cut.wav,3.75,0.5,0.49,4
30120459_MinPolqaSfbRecording_cut.wav,2.25,0.957427108,0.938278566,4
30509758_MinPolqaSfbRecording_cut.wav,3.25,0.957427108,0.938278566,4
30209221_MinPolqaSfbRecording_cut.wav,2.25,0.957427108,0.938278566,4
30100725_MinPolqaSfbRecording_cut.wav,3.5,0.577350269,0.565803264,4
30200749_MinPolqaSfbRecording_cut.wav,1.0,0.0,0.0,4
30475526_MinPolqaSfbRecording_cut.wav,3.5,0.577350269,0.565803264,4
30126265_MinPolqaSfbRecording_cut.wav,3.0,0.816496581,0.800166649,4
30143881_MinPolqaSfbRecording_cut.wav,3.75,0.957427108,0.938278566,4
30493243_MinPolqaSfbRecording_cut.wav,4.25,0.5,0.49,4
28014581_MinPolqaSfbRecording_cut.wav,4.25,0.957427108,0.938278566,4
29048301_MinPolqaSfbRecording_cut.wav,3.5,1.0,0.98,4
30151988_MinPolqaSfbRecording_cut.wav,4.0,0.0,0.0,4
28511506_MinPolqaSfbRecording_cut.wav,4.25,0.5,0.49,4
30105414_MinPolqaSfbRecording_cut.wav,3.25,1.258305739,1.233139624,4
29050409_MinPolqaSfbRecording_cut.wav,3.75,0.5,0.49,4
30511489_MinPolqaSfbRecording_cut.wav,2.75,0.957427108,0.938278566,4
27978494_MinPolqaSfbRecording_cut.wav,4.5,0.577350269,0.565803264,4
28609477_MinPolqaSfbRecording_cut.wav,4.0,0.816496581,0.800166649,4
30259831_MinPolqaSfbRecording_cut.wav,3.75,0.957427108,0.938278566,4
30091462_MinPolqaSfbRecording_cut.wav,3.25,0.5,0.49,4
30147345_MinPolqaSfbRecording_cut.wav,2.8,0.836660027,0.733364848,5
28739952_MinPolqaSfbRecording_cut.wav,3.8,1.095445115,0.960199979,5
30504097_MinPolqaSfbRecording_cut.wav,4.2,0.836660027,0.733364848,5
30478437_MinPolqaSfbRecording_cut.wav,3.0,1.0,0.876538647,5
30136750_MinPolqaSfbRecording_cut.wav,2.6,1.816590212,1.592311527,5
30422626_MinPolqaSfbRecording_cut.wav,1.8,1.788854382,1.568,5
28460489_MinPolqaSfbRecording_cut.wav,3.8,0.836660027,0.733364848,5
30083092_MinPolqaSfbRecording_cut.wav,3.5,0.707106781,0.98,2
30195528_MinPolqaSfbRecording_cut.wav,3.5,0.707106781,0.98,2
30082179_MinPolqaSfbRecording_cut.wav,2.0,0.0,0.0,2
30203059_MinPolqaSfbRecording_cut.wav,2.5,2.121320344,2.94,2
30163692_MinPolqaSfbRecording_cut.wav,2.5,0.707106781,0.98,2
30250465_MinPolqaSfbRecording_cut.wav,2.0,1.414213562,1.96,2
30444158_MinPolqaSfbRecording_cut.wav,2.0,1.414213562,1.96,2
30064965_MinPolqaSfbRecording_cut.wav,3.0,1.414213562,1.96,2
30428014_MinPolqaSfbRecording_cut.wav,2.75,0.957427108,0.938278566,4
30149406_MinPolqaSfbRecording_cut.wav,3.75,1.258305739,1.233139624,4
30091746_MinPolqaSfbRecording_cut.wav,1.75,0.957427108,0.938278566,4
30421082_MinPolqaSfbRecording_cut.wav,3.0,0.816496581,0.800166649,4
30161975_MinPolqaSfbRecording_cut.wav,2.75,0.957427108,0.938278566,4
30515137_MinPolqaSfbRecording_cut.wav,3.25,0.957427108,0.938278566,4
30212840_MinPolqaSfbRecording_cut.wav,3.0,0.0,0.0,4
30169126_MinPolqaSfbRecording_cut.wav,2.5,1.0,0.98,4
28239554_MinPolqaSfbRecording_cut.wav,5.0,0.0,0.0,4
30171717_MinPolqaSfbRecording_cut.wav,4.0,0.0,0.0,4
30461678_MinPolqaSfbRecording_cut.wav,4.75,0.5,0.49,4
30160905_MinPolqaSfbRecording_cut.wav,4.25,0.5,0.49,4
28876903_MinPolqaSfbRecording_cut.wav,4.75,0.5,0.49,4
30087136_MinPolqaSfbRecording_cut.wav,2.75,1.258305739,1.233139624,4
30177548_MinPolqaSfbRecording_cut.wav,4.0,0.0,0.0,4
28872225_MinPolqaSfbRecording_cut.wav,4.0,0.816496581,0.800166649,4
30110632_MinPolqaSfbRecording_cut.wav,3.4,1.341640786,1.176,5
30449661_MinPolqaSfbRecording_cut.wav,2.2,0.836660027,0.733364848,5
30125558_MinPolqaSfbRecording_cut.wav,2.6,0.894427191,0.784,5
28849576_MinPolqaSfbRecording_cut.wav,4.6,0.547722558,0.48009999,5
30090298_MinPolqaSfbRecording_cut.wav,3.8,0.836660027,0.733364848,5
27833091_MinPolqaSfbRecording_cut.wav,3.0,1.0,0.876538647,5
30197893_MinPolqaSfbRecording_cut.wav,1.8,0.836660027,0.733364848,5
30469945_MinPolqaSfbRecording_cut.wav,3.4,0.894427191,0.784,5
27638399_MinPolqaSfbRecording_cut.wav,4.4,0.547722558,0.48009999,5
30481315_MinPolqaSfbRecording_cut.wav,4.0,0.707106781,0.619806421,5
30522461_MinPolqaSfbRecording_cut.wav,1.2,0.447213595,0.392,5
30103143_MinPolqaSfbRecording_cut.wav,2.2,0.836660027,0.733364848,5
30112055_MinPolqaSfbRecording_cut.wav,2.4,0.547722558,0.48009999,5
29539580_MinPolqaSfbRecording_cut.wav,4.2,0.836660027,0.733364848,5
30159635_MinPolqaSfbRecording_cut.wav,1.4,0.547722558,0.48009999,5
27948861_MinPolqaSfbRecording_cut.wav,4.2,0.836660027,0.733364848,5
28092205_MinPolqaSfbRecording_cut.wav,4.2,0.836660027,0.733364848,5
28256312_MinPolqaSfbRecording_cut.wav,4.0,0.0,0.0,5
30175178_MinPolqaSfbRecording_cut.wav,3.2,0.836660027,0.733364848,5
30100503_MinPolqaSfbRecording_cut.wav,2.4,1.140175425,0.999407825,5
30428724_MinPolqaSfbRecording_cut.wav,2.8,0.836660027,0.733364848,5
30430211_MinPolqaSfbRecording_cut.wav,3.2,0.447213595,0.392,5
30150830_MinPolqaSfbRecording_cut.wav,2.6,0.894427191,0.784,5
28938280_MinPolqaSfbRecording_cut.wav,4.2,0.447213595,0.392,5
30211955_MinPolqaSfbRecording_cut.wav,4.4,0.894427191,0.784,5
30173199_MinPolqaSfbRecording_cut.wav,3.5,0.577350269,0.565803264,4
29556453_MinPolqaSfbRecording_cut.wav,3.5,0.577350269,0.565803264,4
30142546_MinPolqaSfbRecording_cut.wav,2.5,1.290994449,1.26517456,4
30414184_MinPolqaSfbRecording_cut.wav,3.25,0.957427108,0.938278566,4
30163282_MinPolqaSfbRecording_cut.wav,3.5,1.0,0.98,4
30522115_MinPolqaSfbRecording_cut.wav,4.5,0.577350269,0.565803264,4
29009869_MinPolqaSfbRecording_cut.wav,3.75,0.5,0.49,4
30429490_MinPolqaSfbRecording_cut.wav,4.0,1.154700538,1.131606528,4
30462751_MinPolqaSfbRecording_cut.wav,3.75,0.957427108,0.938278566,4
30057981_MinPolqaSfbRecording_cut.wav,2.6,0.547722558,0.48009999,5
30097153_MinPolqaSfbRecording_cut.wav,2.8,0.447213595,0.392,5
30141196_MinPolqaSfbRecording_cut.wav,2.4,1.140175425,0.999407825,5
30509213_MinPolqaSfbRecording_cut.wav,3.2,0.447213595,0.392,5
30523654_MinPolqaSfbRecording_cut.wav,2.4,0.894427191,0.784,5
28450209_MinPolqaSfbRecording_cut.wav,4.4,0.547722558,0.48009999,5
30080329_MinPolqaSfbRecording_cut.wav,2.4,0.894427191,0.784,5
30097469_MinPolqaSfbRecording_cut.wav,2.0,0.707106781,0.619806421,5
30131857_MinPolqaSfbRecording_cut.wav,2.8,0.836660027,0.733364848,5
30166073_MinPolqaSfbRecording_cut.wav,1.4,0.547722558,0.48009999,5
30131699_MinPolqaSfbRecording_cut.wav,2.8,0.447213595,0.392,5
28491297_MinPolqaSfbRecording_cut.wav,4.2,0.836660027,0.733364848,5
30427981_MinPolqaSfbRecording_cut.wav,4.0,0.707106781,0.619806421,5
30164590_MinPolqaSfbRecording_cut.wav,3.8,0.836660027,0.733364848,5
30430167_MinPolqaSfbRecording_cut.wav,3.0,0.0,0.0,5
30429163_MinPolqaSfbRecording_cut.wav,2.8,0.447213595,0.392,5
30453588_MinPolqaSfbRecording_cut.wav,2.0,0.707106781,0.619806421,5
29529945_MinPolqaSfbRecording_cut.wav,3.0,1.0,0.876538647,5
30171564_MinPolqaSfbRecording_cut.wav,4.0,0.707106781,0.619806421,5
30260129_MinPolqaSfbRecording_cut.wav,3.0,0.707106781,0.619806421,5
30440211_MinPolqaSfbRecording_cut.wav,2.4,0.894427191,0.784,5
30483647_MinPolqaSfbRecording_cut.wav,3.6,1.140175425,0.999407825,5
30416486_MinPolqaSfbRecording_cut.wav,3.2,1.095445115,0.960199979,5
27948782_MinPolqaSfbRecording_cut.wav,4.0,0.707106781,0.619806421,5
30137508_MinPolqaSfbRecording_cut.wav,3.2,0.836660027,0.733364848,5
30465243_MinPolqaSfbRecording_cut.wav,3.4,1.140175425,0.999407825,5
30486265_MinPolqaSfbRecording_cut.wav,3.4,1.140175425,0.999407825,5
28110228_MinPolqaSfbRecording_cut.wav,3.25,0.957427108,0.938278566,4
30405395_MinPolqaSfbRecording_cut.wav,2.0,0.816496581,0.800166649,4
30430477_MinPolqaSfbRecording_cut.wav,3.75,0.957427108,0.938278566,4
30212435_MinPolqaSfbRecording_cut.wav,3.0,1.414213562,1.385929291,4
27819312_MinPolqaSfbRecording_cut.wav,3.75,0.957427108,0.938278566,4
28151567_MinPolqaSfbRecording_cut.wav,3.75,0.957427108,0.938278566,4
30151855_MinPolqaSfbRecording_cut.wav,3.75,0.5,0.49,4
30141986_MinPolqaSfbRecording_cut.wav,3.75,0.957427108,0.938278566,4
30179599_MinPolqaSfbRecording_cut.wav,2.25,1.258305739,1.233139624,4
30423827_MinPolqaSfbRecording_cut.wav,3.0,1.154700538,1.131606528,4
30119270_MinPolqaSfbRecording_cut.wav,3.0,0.816496581,0.800166649,4
30449363_MinPolqaSfbRecording_cut.wav,3.0,0.816496581,0.800166649,4
30066157_MinPolqaSfbRecording_cut.wav,3.0,0.816496581,0.800166649,4
30428254_MinPolqaSfbRecording_cut.wav,1.75,0.957427108,0.938278566,4
28516076_MinPolqaSfbRecording_cut.wav,4.25,0.5,0.49,4
30145222_MinPolqaSfbRecording_cut.wav,3.25,0.957427108,0.938278566,4
30206440_MinPolqaSfbRecording_cut.wav,2.6,0.547722558,0.48009999,5
30483706_MinPolqaSfbRecording_cut.wav,2.6,0.894427191,0.784,5
30123650_MinPolqaSfbRecording_cut.wav,3.2,0.836660027,0.733364848,5
28303859_MinPolqaSfbRecording_cut.wav,3.8,0.447213595,0.392,5
28432601_MinPolqaSfbRecording_cut.wav,2.6,0.894427191,0.784,5
30430175_MinPolqaSfbRecording_cut.wav,3.4,0.547722558,0.48009999,5
30520322_MinPolqaSfbRecording_cut.wav,3.6,1.140175425,0.999407825,5
25654463_MinPolqaSfbRecording_cut.wav,4.4,0.547722558,0.48009999,5
30184941_MinPolqaSfbRecording_cut.wav,3.6,0.547722558,0.48009999,5
30076566_MinPolqaSfbRecording_cut.wav,5.0,0.0,0.0,2
30447168_MinPolqaSfbRecording_cut.wav,1.5,0.707106781,0.98,2
29541784_MinPolqaSfbRecording_cut.wav,1.5,0.707106781,0.98,2
27705455_MinPolqaSfbRecording_cut.wav,4.5,0.707106781,0.98,2
30260353_MinPolqaSfbRecording_cut.wav,2.0,0.0,0.0,2
30127869_MinPolqaSfbRecording_cut.wav,1.5,0.707106781,0.98,2
30081048_MinPolqaSfbRecording_cut.wav,4.0,1.414213562,1.96,2
30483193_MinPolqaSfbRecording_cut.wav,2.4,0.894427191,0.784,5
30156943_MinPolqaSfbRecording_cut.wav,3.0,1.0,0.876538647,5
30164439_MinPolqaSfbRecording_cut.wav,3.8,0.836660027,0.733364848,5
30149922_MinPolqaSfbRecording_cut.wav,3.6,1.140175425,0.999407825,5
28904461_MinPolqaSfbRecording_cut.wav,3.2,0.447213595,0.392,5
29538454_MinPolqaSfbRecording_cut.wav,2.8,0.447213595,0.392,5
30178644_MinPolqaSfbRecording_cut.wav,1.6,0.547722558,0.48009999,5
30474810_MinPolqaSfbRecording_cut.wav,1.6,0.547722558,0.48009999,5
30501821_MinPolqaSfbRecording_cut.wav,2.0,0.707106781,0.619806421,5
27549542_MinPolqaSfbRecording_cut.wav,3.4,0.547722558,0.48009999,5
30475433_MinPolqaSfbRecording_cut.wav,3.6,0.547722558,0.48009999,5
29529657_MinPolqaSfbRecording_cut.wav,2.4,0.547722558,0.48009999,5
29532397_MinPolqaSfbRecording_cut.wav,1.8,0.836660027,0.733364848,5
30149160_MinPolqaSfbRecording_cut.wav,3.0,1.0,1.131606528,3
30120640_MinPolqaSfbRecording_cut.wav,3.0,1.0,1.131606528,3
30426367_MinPolqaSfbRecording_cut.wav,2.666666667,0.577350269,0.653333333,3
28489002_MinPolqaSfbRecording_cut.wav,4.333333333,0.577350269,0.653333333,3
29543201_MinPolqaSfbRecording_cut.wav,3.666666667,1.154700538,1.306666667,3
30471797_MinPolqaSfbRecording_cut.wav,4.0,0.0,0.0,3
30126119_MinPolqaSfbRecording_cut.wav,3.666666667,1.154700538,1.306666667,3
30098496_MinPolqaSfbRecording_cut.wav,3.666666667,1.154700538,1.306666667,3
30186667_MinPolqaSfbRecording_cut.wav,3.333333333,1.527525232,1.728557523,3
30439374_MinPolqaSfbRecording_cut.wav,2.75,1.5,1.47,4
30153846_MinPolqaSfbRecording_cut.wav,3.75,0.5,0.49,4
28921826_MinPolqaSfbRecording_cut.wav,4.0,0.0,0.0,4
30202377_MinPolqaSfbRecording_cut.wav,4.0,0.0,0.0,4
30162195_MinPolqaSfbRecording_cut.wav,3.0,0.816496581,0.800166649,4
30528662_MinPolqaSfbRecording_cut.wav,2.5,1.732050808,1.697409791,4
30479539_MinPolqaSfbRecording_cut.wav,3.75,0.5,0.49,4
30462475_MinPolqaSfbRecording_cut.wav,3.75,0.5,0.49,4
30192971_MinPolqaSfbRecording_cut.wav,3.5,0.577350269,0.565803264,4
30183805_MinPolqaSfbRecording_cut.wav,3.0,1.414213562,1.385929291,4
30059169_MinPolqaSfbRecording_cut.wav,3.75,1.258305739,1.233139624,4
30131855_MinPolqaSfbRecording_cut.wav,2.0,1.154700538,1.131606528,4
30171491_MinPolqaSfbRecording_cut.wav,2.75,1.5,1.47,4
30529348_MinPolqaSfbRecording_cut.wav,1.75,0.5,0.49,4
28899769_MinPolqaSfbRecording_cut.wav,3.75,0.5,0.49,4
30178093_MinPolqaSfbRecording_cut.wav,3.75,0.5,0.49,4
30464862_MinPolqaSfbRecording_cut.wav,3.25,0.957427108,0.938278566,4
30097792_MinPolqaSfbRecording_cut.wav,1.25,0.5,0.49,4
30100161_MinPolqaSfbRecording_cut.wav,3.0,0.816496581,0.800166649,4
30070671_MinPolqaSfbRecording_cut.wav,2.75,0.957427108,0.938278566,4
30109574_MinPolqaSfbRecording_cut.wav,2.25,1.258305739,1.233139624,4
28247008_MinPolqaSfbRecording_cut.wav,4.5,0.577350269,0.565803264,4
30465147_MinPolqaSfbRecording_cut.wav,2.25,1.258305739,1.233139624,4
30166337_MinPolqaSfbRecording_cut.wav,2.75,0.957427108,0.938278566,4
30512060_MinPolqaSfbRecording_cut.wav,3.25,0.5,0.49,4
30131786_MinPolqaSfbRecording_cut.wav,4.6,0.547722558,0.48009999,5
30462518_MinPolqaSfbRecording_cut.wav,1.2,0.447213595,0.392,5
27703711_MinPolqaSfbRecording_cut.wav,4.0,0.707106781,0.619806421,5
28896347_MinPolqaSfbRecording_cut.wav,4.2,0.836660027,0.733364848,5
28503037_MinPolqaSfbRecording_cut.wav,4.6,0.547722558,0.48009999,5
30135680_MinPolqaSfbRecording_cut.wav,2.8,0.836660027,0.733364848,5
30457953_MinPolqaSfbRecording_cut.wav,3.2,1.095445115,0.960199979,5
30500691_MinPolqaSfbRecording_cut.wav,4.0,1.0,0.876538647,5
30493464_MinPolqaSfbRecording_cut.wav,2.8,0.836660027,0.733364848,5
27970989_MinPolqaSfbRecording_cut.wav,4.6,0.547722558,0.48009999,5
30452139_MinPolqaSfbRecording_cut.wav,2.8,0.836660027,0.733364848,5
30164953_MinPolqaSfbRecording_cut.wav,3.2,1.095445115,0.960199979,5
30063321_MinPolqaSfbRecording_cut.wav,3.2,1.303840481,1.142866571,5
30407273_MinPolqaSfbRecording_cut.wav,2.8,0.836660027,0.733364848,5
30177538_MinPolqaSfbRecording_cut.wav,4.0,0.707106781,0.619806421,5
30504663_MinPolqaSfbRecording_cut.wav,4.6,0.894427191,0.784,5
30206616_MinPolqaSfbRecording_cut.wav,3.25,0.957427108,0.938278566,4
30249707_MinPolqaSfbRecording_cut.wav,2.5,1.290994449,1.26517456,4
28337287_MinPolqaSfbRecording_cut.wav,3.75,0.5,0.49,4
30478410_MinPolqaSfbRecording_cut.wav,3.0,1.154700538,1.131606528,4
30174732_MinPolqaSfbRecording_cut.wav,3.25,0.957427108,0.938278566,4
30519473_MinPolqaSfbRecording_cut.wav,3.75,1.5,1.47,4
30095872_MinPolqaSfbRecording_cut.wav,3.0,1.0,0.876538647,5
28299869_MinPolqaSfbRecording_cut.wav,4.8,0.447213595,0.392,5
30165760_MinPolqaSfbRecording_cut.wav,3.4,0.894427191,0.784,5
28827492_MinPolqaSfbRecording_cut.wav,4.0,0.707106781,0.619806421,5
30458434_MinPolqaSfbRecording_cut.wav,3.0,1.58113883,1.385929291,5
28037635_MinPolqaSfbRecording_cut.wav,4.25,0.5,0.49,4
30257002_MinPolqaSfbRecording_cut.wav,3.5,0.577350269,0.565803264,4
29065130_MinPolqaSfbRecording_cut.wav,3.75,0.5,0.49,4
30488895_MinPolqaSfbRecording_cut.wav,3.75,0.957427108,0.938278566,4
30211492_MinPolqaSfbRecording_cut.wav,1.75,0.5,0.49,4
30149343_MinPolqaSfbRecording_cut.wav,3.25,0.5,0.49,4
29018811_MinPolqaSfbRecording_cut.wav,3.5,0.577350269,0.565803264,4
30427409_MinPolqaSfbRecording_cut.wav,2.25,0.5,0.49,4
30109490_MinPolqaSfbRecording_cut.wav,1.666666667,0.577350269,0.653333333,3
30489381_MinPolqaSfbRecording_cut.wav,1.333333333,0.577350269,0.653333333,3
30485467_MinPolqaSfbRecording_cut.wav,2.666666667,0.577350269,0.653333333,3
29544749_MinPolqaSfbRecording_cut.wav,4.0,1.0,1.131606528,3
28261604_MinPolqaSfbRecording_cut.wav,3.666666667,0.577350269,0.653333333,3
30164994_MinPolqaSfbRecording_cut.wav,1.666666667,0.577350269,0.653333333,3
30146212_MinPolqaSfbRecording_cut.wav,1.666666667,1.154700538,1.306666667,3
30138823_MinPolqaSfbRecording_cut.wav,3.0,1.0,1.131606528,3
28352813_MinPolqaSfbRecording_cut.wav,2.5,1.0,0.98,4
30186024_MinPolqaSfbRecording_cut.wav,2.25,1.5,1.47,4
30068108_MinPolqaSfbRecording_cut.wav,3.75,1.258305739,1.233139624,4
29541239_MinPolqaSfbRecording_cut.wav,4.0,0.816496581,0.800166649,4
30151058_MinPolqaSfbRecording_cut.wav,2.25,0.5,0.49,4
28198308_MinPolqaSfbRecording_cut.wav,4.25,0.957427108,0.938278566,4
30192554_MinPolqaSfbRecording_cut.wav,2.5,0.577350269,0.565803264,4
30469534_MinPolqaSfbRecording_cut.wav,1.75,1.5,1.47,4
30070970_MinPolqaSfbRecording_cut.wav,2.5,0.577350269,0.565803264,4
30485930_MinPolqaSfbRecording_cut.wav,3.75,0.957427108,0.938278566,4
30201468_MinPolqaSfbRecording_cut.wav,2.75,0.5,0.49,4
30210853_MinPolqaSfbRecording_cut.wav,4.25,0.5,0.49,4
30211209_MinPolqaSfbRecording_cut.wav,2.0,0.707106781,0.619806421,5
30424860_MinPolqaSfbRecording_cut.wav,1.6,0.547722558,0.48009999,5
28629090_MinPolqaSfbRecording_cut.wav,3.6,0.547722558,0.48009999,5
30186159_MinPolqaSfbRecording_cut.wav,2.2,0.836660027,0.733364848,5
28002421_MinPolqaSfbRecording_cut.wav,3.8,1.095445115,0.960199979,5
30500639_MinPolqaSfbRecording_cut.wav,2.0,1.0,0.876538647,5
30173058_MinPolqaSfbRecording_cut.wav,3.2,1.303840481,1.142866571,5
30494197_MinPolqaSfbRecording_cut.wav,1.8,0.836660027,0.733364848,5
30437195_MinPolqaSfbRecording_cut.wav,1.4,0.547722558,0.48009999,5
30479495_MinPolqaSfbRecording_cut.wav,2.8,1.095445115,0.960199979,5
30171406_MinPolqaSfbRecording_cut.wav,1.0,0.0,0.0,3
30530833_MinPolqaSfbRecording_cut.wav,3.0,2.0,2.263213055,3
30480259_MinPolqaSfbRecording_cut.wav,2.666666667,2.081665999,2.355626833,3
30129478_MinPolqaSfbRecording_cut.wav,3.0,1.732050808,1.96,3
27556289_MinPolqaSfbRecording_cut.wav,5.0,0.0,0.0,3
30176181_MinPolqaSfbRecording_cut.wav,2.666666667,1.527525232,1.728557523,3
30119807_MinPolqaSfbRecording_cut.wav,3.0,1.732050808,1.96,3
27145998_MinPolqaSfbRecording_cut.wav,3.666666667,1.527525232,1.728557523,3
27972264_MinPolqaSfbRecording_cut.wav,3.75,0.957427108,0.938278566,4
28621567_MinPolqaSfbRecording_cut.wav,3.5,0.577350269,0.565803264,4
30529241_MinPolqaSfbRecording_cut.wav,2.75,0.5,0.49,4
30405711_MinPolqaSfbRecording_cut.wav,2.25,0.5,0.49,4
30409484_MinPolqaSfbRecording_cut.wav,3.5,1.0,0.98,4
30426306_MinPolqaSfbRecording_cut.wav,3.0,0.816496581,0.800166649,4
28666929_MinPolqaSfbRecording_cut.wav,4.0,0.816496581,0.800166649,4
30504694_MinPolqaSfbRecording_cut.wav,2.25,0.957427108,0.938278566,4
30061718_MinPolqaSfbRecording_cut.wav,2.2,0.447213595,0.392,5
27547851_MinPolqaSfbRecording_cut.wav,4.6,0.894427191,0.784,5
30199979_MinPolqaSfbRecording_cut.wav,3.8,1.303840481,1.142866571,5
30096488_MinPolqaSfbRecording_cut.wav,2.4,0.894427191,0.784,5
30091360_MinPolqaSfbRecording_cut.wav,3.2,0.836660027,0.733364848,5
30487373_MinPolqaSfbRecording_cut.wav,3.8,0.447213595,0.392,5
30151182_MinPolqaSfbRecording_cut.wav,1.2,0.447213595,0.392,5
30139013_MinPolqaSfbRecording_cut.wav,3.4,0.894427191,0.784,5
28243029_MinPolqaSfbRecording_cut.wav,4.4,0.894427191,0.784,5
30208366_MinPolqaSfbRecording_cut.wav,2.4,0.547722558,0.48009999,5
30075370_MinPolqaSfbRecording_cut.wav,3.4,0.894427191,0.784,5
30128892_MinPolqaSfbRecording_cut.wav,3.4,0.547722558,0.48009999,5
30171458_MinPolqaSfbRecording_cut.wav,2.6,0.547722558,0.48009999,5
28353440_MinPolqaSfbRecording_cut.wav,3.4,0.547722558,0.48009999,5
28943116_MinPolqaSfbRecording_cut.wav,4.2,0.447213595,0.392,5
30256100_MinPolqaSfbRecording_cut.wav,4.0,0.0,0.0,5
30250847_MinPolqaSfbRecording_cut.wav,2.0,0.707106781,0.619806421,5
30145301_MinPolqaSfbRecording_cut.wav,3.0,1.0,0.876538647,5
27580111_MinPolqaSfbRecording_cut.wav,2.25,0.957427108,0.938278566,4
30060396_MinPolqaSfbRecording_cut.wav,3.25,0.5,0.49,4
29535120_MinPolqaSfbRecording_cut.wav,2.75,0.957427108,0.938278566,4
29542445_MinPolqaSfbRecording_cut.wav,3.25,0.957427108,0.938278566,4
30507577_MinPolqaSfbRecording_cut.wav,3.0,0.816496581,0.800166649,4
30109572_MinPolqaSfbRecording_cut.wav,2.5,0.577350269,0.565803264,4
30148156_MinPolqaSfbRecording_cut.wav,3.25,0.957427108,0.938278566,4
30109702_MinPolqaSfbRecording_cut.wav,1.4,0.547722558,0.48009999,5
30127674_MinPolqaSfbRecording_cut.wav,2.4,0.547722558,0.48009999,5
30477830_MinPolqaSfbRecording_cut.wav,3.0,0.707106781,0.619806421,5
28887771_MinPolqaSfbRecording_cut.wav,3.8,0.836660027,0.733364848,5
28805894_MinPolqaSfbRecording_cut.wav,3.4,0.894427191,0.784,5
30402488_MinPolqaSfbRecording_cut.wav,1.8,0.836660027,0.733364848,5
30082565_MinPolqaSfbRecording_cut.wav,2.0,0.707106781,0.619806421,5
30509425_MinPolqaSfbRecording_cut.wav,2.4,0.894427191,0.784,5
30200928_MinPolqaSfbRecording_cut.wav,2.4,1.140175425,0.999407825,5
30172017_MinPolqaSfbRecording_cut.wav,2.666666667,0.577350269,0.653333333,3
30503021_MinPolqaSfbRecording_cut.wav,2.0,0.0,0.0,3
30406184_MinPolqaSfbRecording_cut.wav,3.333333333,0.577350269,0.653333333,3
29542438_MinPolqaSfbRecording_cut.wav,2.666666667,0.577350269,0.653333333,3
30482611_MinPolqaSfbRecording_cut.wav,3.0,0.0,0.0,3
30510442_MinPolqaSfbRecording_cut.wav,3.0,1.0,1.131606528,3
28835217_MinPolqaSfbRecording_cut.wav,3.666666667,0.577350269,0.653333333,3
27982575_MinPolqaSfbRecording_cut.wav,3.666666667,0.577350269,0.653333333,3
30469109_MinPolqaSfbRecording_cut.wav,4.0,0.816496581,0.800166649,4
30528022_MinPolqaSfbRecording_cut.wav,2.25,1.5,1.47,4
30178067_MinPolqaSfbRecording_cut.wav,3.5,0.577350269,0.565803264,4
30488614_MinPolqaSfbRecording_cut.wav,3.75,1.258305739,1.233139624,4
30252510_MinPolqaSfbRecording_cut.wav,3.25,0.957427108,0.938278566,4
30529179_MinPolqaSfbRecording_cut.wav,2.25,0.957427108,0.938278566,4
29530896_MinPolqaSfbRecording_cut.wav,1.5,0.577350269,0.565803264,4
30090781_MinPolqaSfbRecording_cut.wav,3.0,0.0,0.0,3
30415852_MinPolqaSfbRecording_cut.wav,3.0,1.0,1.131606528,3
30520014_MinPolqaSfbRecording_cut.wav,2.666666667,1.154700538,1.306666667,3
30515959_MinPolqaSfbRecording_cut.wav,3.333333333,0.577350269,0.653333333,3
30205262_MinPolqaSfbRecording_cut.wav,1.666666667,0.577350269,0.653333333,3
30439473_MinPolqaSfbRecording_cut.wav,3.0,1.0,1.131606528,3
30518913_MinPolqaSfbRecording_cut.wav,2.0,1.0,1.131606528,3
30123389_MinPolqaSfbRecording_cut.wav,2.5,1.290994449,1.26517456,4
30423786_MinPolqaSfbRecording_cut.wav,2.5,1.0,0.98,4
29026351_MinPolqaSfbRecording_cut.wav,3.5,0.577350269,0.565803264,4
30428615_MinPolqaSfbRecording_cut.wav,2.75,1.258305739,1.233139624,4
30209485_MinPolqaSfbRecording_cut.wav,1.25,0.5,0.49,4
30138503_MinPolqaSfbRecording_cut.wav,2.75,1.5,1.47,4
27853976_MinPolqaSfbRecording_cut.wav,3.75,0.5,0.49,4
30484760_MinPolqaSfbRecording_cut.wav,1.5,0.577350269,0.565803264,4
30197938_MinPolqaSfbRecording_cut.wav,3.75,1.892969449,1.85511006,4
30089131_MinPolqaSfbRecording_cut.wav,3.25,1.5,1.47,4
30255910_MinPolqaSfbRecording_cut.wav,3.75,0.5,0.49,4
30208396_MinPolqaSfbRecording_cut.wav,2.25,0.5,0.49,4
30513575_MinPolqaSfbRecording_cut.wav,2.25,0.957427108,0.938278566,4
30412165_MinPolqaSfbRecording_cut.wav,3.5,0.577350269,0.565803264,4
30251188_MinPolqaSfbRecording_cut.wav,4.0,0.816496581,0.800166649,4
27571342_MinPolqaSfbRecording_cut.wav,4.5,0.577350269,0.565803264,4
30128793_MinPolqaSfbRecording_cut.wav,3.5,1.0,0.98,4
30402651_MinPolqaSfbRecording_cut.wav,3.0,1.0,1.131606528,3
30501900_MinPolqaSfbRecording_cut.wav,3.333333333,0.577350269,0.653333333,3
30161031_MinPolqaSfbRecording_cut.wav,2.0,0.0,0.0,3
30442894_MinPolqaSfbRecording_cut.wav,3.333333333,1.154700538,1.306666667,3
30101056_MinPolqaSfbRecording_cut.wav,2.666666667,0.577350269,0.653333333,3
28077919_MinPolqaSfbRecording_cut.wav,4.0,1.0,1.131606528,3
30080629_MinPolqaSfbRecording_cut.wav,2.666666667,1.154700538,1.306666667,3
30445692_MinPolqaSfbRecording_cut.wav,3.333333333,0.577350269,0.653333333,3
30184291_MinPolqaSfbRecording_cut.wav,2.666666667,1.527525232,1.728557523,3
30514579_MinPolqaSfbRecording_cut.wav,2.333333333,0.577350269,0.653333333,3
30472154_MinPolqaSfbRecording_cut.wav,1.333333333,0.577350269,0.653333333,3
28031782_MinPolqaSfbRecording_cut.wav,4.333333333,0.577350269,0.653333333,3
30154195_MinPolqaSfbRecording_cut.wav,1.0,0.0,0.0,3
30099597_MinPolqaSfbRecording_cut.wav,1.0,0.0,0.0,3
28423782_MinPolqaSfbRecording_cut.wav,3.666666667,0.577350269,0.653333333,3
30065429_MinPolqaSfbRecording_cut.wav,1.333333333,0.577350269,0.653333333,3
30080904_MinPolqaSfbRecording_cut.wav,2.666666667,0.577350269,0.653333333,3
30195316_MinPolqaSfbRecording_cut.wav,3.333333333,0.577350269,0.653333333,3
30065011_MinPolqaSfbRecording_cut.wav,2.0,1.0,1.131606528,3
30255462_MinPolqaSfbRecording_cut.wav,3.666666667,0.577350269,0.653333333,3
30260470_MinPolqaSfbRecording_cut.wav,2.0,0.816496581,0.800166649,4
30155107_MinPolqaSfbRecording_cut.wav,1.25,0.5,0.49,4
30429056_MinPolqaSfbRecording_cut.wav,2.5,0.577350269,0.565803264,4
30474552_MinPolqaSfbRecording_cut.wav,3.25,0.957427108,0.938278566,4
30247631_MinPolqaSfbRecording_cut.wav,2.25,0.5,0.49,4
30100667_MinPolqaSfbRecording_cut.wav,2.0,0.0,0.0,4
30068069_MinPolqaSfbRecording_cut.wav,2.75,0.5,0.49,4
28704702_MinPolqaSfbRecording_cut.wav,3.5,0.577350269,0.565803264,4
27682670_MinPolqaSfbRecording_cut.wav,3.5,0.577350269,0.565803264,4
30428555_MinPolqaSfbRecording_cut.wav,1.0,0.0,0.0,5
30160758_MinPolqaSfbRecording_cut.wav,3.4,0.894427191,0.784,5
30435607_MinPolqaSfbRecording_cut.wav,2.0,0.707106781,0.619806421,5
29535381_MinPolqaSfbRecording_cut.wav,1.0,0.0,0.0,5
29538112_MinPolqaSfbRecording_cut.wav,3.2,0.836660027,0.733364848,5
30202353_MinPolqaSfbRecording_cut.wav,3.4,0.547722558,0.48009999,5
30502613_MinPolqaSfbRecording_cut.wav,4.4,0.894427191,0.784,5
27942875_MinPolqaSfbRecording_cut.wav,3.8,0.836660027,0.733364848,5
28796327_MinPolqaSfbRecording_cut.wav,2.8,0.836660027,0.733364848,5
30083297_MinPolqaSfbRecording_cut.wav,3.333333333,0.577350269,0.653333333,3
30407649_MinPolqaSfbRecording_cut.wav,1.666666667,0.577350269,0.653333333,3
27901762_MinPolqaSfbRecording_cut.wav,3.333333333,0.577350269,0.653333333,3
28726382_MinPolqaSfbRecording_cut.wav,4.0,0.0,0.0,3
30071581_MinPolqaSfbRecording_cut.wav,3.0,1.0,1.131606528,3
30171355_MinPolqaSfbRecording_cut.wav,2.666666667,0.577350269,0.653333333,3
30086541_MinPolqaSfbRecording_cut.wav,2.0,1.0,1.131606528,3
28619596_MinPolqaSfbRecording_cut.wav,3.666666667,1.154700538,1.306666667,3
28998579_MinPolqaSfbRecording_cut.wav,5.0,0.0,0.0,3
30139101_MinPolqaSfbRecording_cut.wav,2.0,1.0,1.131606528,3
30103677_MinPolqaSfbRecording_cut.wav,1.666666667,0.577350269,0.653333333,3
30067978_MinPolqaSfbRecording_cut.wav,1.333333333,0.577350269,0.653333333,3
27803680_MinPolqaSfbRecording_cut.wav,4.333333333,0.577350269,0.653333333,3
30208793_MinPolqaSfbRecording_cut.wav,2.0,1.732050808,1.96,3
27654971_MinPolqaSfbRecording_cut.wav,4.0,0.707106781,0.619806421,5
30452831_MinPolqaSfbRecording_cut.wav,1.4,0.547722558,0.48009999,5
30154621_MinPolqaSfbRecording_cut.wav,2.8,0.447213595,0.392,5
30522258_MinPolqaSfbRecording_cut.wav,1.4,0.547722558,0.48009999,5
27702174_MinPolqaSfbRecording_cut.wav,3.6,0.894427191,0.784,5
30470685_MinPolqaSfbRecording_cut.wav,2.0,0.707106781,0.619806421,5
30506611_MinPolqaSfbRecording_cut.wav,2.6,0.547722558,0.48009999,5
30092863_MinPolqaSfbRecording_cut.wav,1.6,0.547722558,0.48009999,5
30467550_MinPolqaSfbRecording_cut.wav,3.2,0.447213595,0.392,5
30406370_MinPolqaSfbRecording_cut.wav,2.8,0.447213595,0.392,5
30454516_MinPolqaSfbRecording_cut.wav,3.333333333,0.577350269,0.653333333,3
30407625_MinPolqaSfbRecording_cut.wav,3.0,1.0,1.131606528,3
30163644_MinPolqaSfbRecording_cut.wav,3.0,1.0,1.131606528,3
30086321_MinPolqaSfbRecording_cut.wav,2.0,0.0,0.0,3
29537121_MinPolqaSfbRecording_cut.wav,2.0,0.0,0.0,3
30149039_MinPolqaSfbRecording_cut.wav,1.333333333,0.577350269,0.653333333,3
30461372_MinPolqaSfbRecording_cut.wav,2.666666667,0.577350269,0.653333333,3
30174163_MinPolqaSfbRecording_cut.wav,1.666666667,0.577350269,0.653333333,3
29535370_MinPolqaSfbRecording_cut.wav,1.333333333,0.577350269,0.653333333,3
30082719_MinPolqaSfbRecording_cut.wav,4.0,0.0,0.0,3
30135585_MinPolqaSfbRecording_cut.wav,2.666666667,0.577350269,0.653333333,3
30133929_MinPolqaSfbRecording_cut.wav,4.0,1.0,1.131606528,3
30446273_MinPolqaSfbRecording_cut.wav,2.0,0.0,0.0,3
30145506_MinPolqaSfbRecording_cut.wav,1.666666667,0.577350269,0.653333333,3
30141953_MinPolqaSfbRecording_cut.wav,3.666666667,1.527525232,1.728557523,3
29068532_MinPolqaSfbRecording_cut.wav,4.333333333,0.577350269,0.653333333,3
30445915_MinPolqaSfbRecording_cut.wav,4.333333333,0.577350269,0.653333333,3
30496981_MinPolqaSfbRecording_cut.wav,3.5,1.290994449,1.26517456,4
28032259_MinPolqaSfbRecording_cut.wav,4.0,0.816496581,0.800166649,4
30213508_MinPolqaSfbRecording_cut.wav,3.25,1.707825128,1.673668625,4
30157215_MinPolqaSfbRecording_cut.wav,3.5,1.0,0.98,4
30485891_MinPolqaSfbRecording_cut.wav,3.5,1.290994449,1.26517456,4
30501281_MinPolqaSfbRecording_cut.wav,3.0,1.632993162,1.600333299,4
30403429_MinPolqaSfbRecording_cut.wav,3.25,1.258305739,1.233139624,4
28083173_MinPolqaSfbRecording_cut.wav,4.5,0.577350269,0.565803264,4
30147880_MinPolqaSfbRecording_cut.wav,1.6,1.341640786,1.176,5
30479251_MinPolqaSfbRecording_cut.wav,3.4,0.547722558,0.48009999,5
29040095_MinPolqaSfbRecording_cut.wav,4.4,0.547722558,0.48009999,5
28881460_MinPolqaSfbRecording_cut.wav,3.6,0.547722558,0.48009999,5
30521042_MinPolqaSfbRecording_cut.wav,3.6,0.547722558,0.48009999,5
30430655_MinPolqaSfbRecording_cut.wav,3.4,0.547722558,0.48009999,5
30073419_MinPolqaSfbRecording_cut.wav,3.2,0.447213595,0.392,5
30424509_MinPolqaSfbRecording_cut.wav,3.4,0.547722558,0.48009999,5
30113814_MinPolqaSfbRecording_cut.wav,3.6,0.547722558,0.48009999,5
30507184_MinPolqaSfbRecording_cut.wav,3.4,0.547722558,0.48009999,5
30132147_MinPolqaSfbRecording_cut.wav,3.4,0.547722558,0.48009999,5
30466508_MinPolqaSfbRecording_cut.wav,2.8,0.447213595,0.392,5
30106476_MinPolqaSfbRecording_cut.wav,2.4,1.140175425,0.999407825,5
30457294_MinPolqaSfbRecording_cut.wav,3.4,0.547722558,0.48009999,5
30211966_MinPolqaSfbRecording_cut.wav,3.5,0.577350269,0.565803264,4
30141585_MinPolqaSfbRecording_cut.wav,3.75,0.5,0.49,4
30089165_MinPolqaSfbRecording_cut.wav,3.0,0.0,0.0,4
30463733_MinPolqaSfbRecording_cut.wav,3.5,0.577350269,0.565803264,4
30151222_MinPolqaSfbRecording_cut.wav,3.75,0.5,0.49,4
30514126_MinPolqaSfbRecording_cut.wav,1.5,0.577350269,0.565803264,4
30409168_MinPolqaSfbRecording_cut.wav,1.5,0.577350269,0.565803264,4
30113194_MinPolqaSfbRecording_cut.wav,3.75,0.5,0.49,4
30528586_MinPolqaSfbRecording_cut.wav,3.333333333,1.154700538,1.306666667,3
30060303_MinPolqaSfbRecording_cut.wav,3.333333333,1.154700538,1.306666667,3
30151232_MinPolqaSfbRecording_cut.wav,2.666666667,0.577350269,0.653333333,3
30169755_MinPolqaSfbRecording_cut.wav,2.333333333,0.577350269,0.653333333,3
28270649_MinPolqaSfbRecording_cut.wav,4.333333333,0.577350269,0.653333333,3
30098278_MinPolqaSfbRecording_cut.wav,3.333333333,1.154700538,1.306666667,3
28827394_MinPolqaSfbRecording_cut.wav,4.666666667,0.577350269,0.653333333,3
28985076_MinPolqaSfbRecording_cut.wav,4.666666667,0.577350269,0.653333333,3
30090508_MinPolqaSfbRecording_cut.wav,1.666666667,1.154700538,1.306666667,3
30468049_MinPolqaSfbRecording_cut.wav,3.0,0.0,0.0,3
30145402_MinPolqaSfbRecording_cut.wav,2.8,1.483239697,1.300116918,5
30519923_MinPolqaSfbRecording_cut.wav,2.4,0.547722558,0.48009999,5
28726469_MinPolqaSfbRecording_cut.wav,3.6,0.894427191,0.784,5
30211810_MinPolqaSfbRecording_cut.wav,2.8,0.836660027,0.733364848,5
30487541_MinPolqaSfbRecording_cut.wav,4.0,0.707106781,0.619806421,5
30169673_MinPolqaSfbRecording_cut.wav,3.6,0.547722558,0.48009999,5
28519441_MinPolqaSfbRecording_cut.wav,3.8,0.836660027,0.733364848,5
30473348_MinPolqaSfbRecording_cut.wav,3.4,0.547722558,0.48009999,5
30076637_MinPolqaSfbRecording_cut.wav,3.4,0.894427191,0.784,5
30520049_MinPolqaSfbRecording_cut.wav,1.0,0.0,0.0,5
28311632_MinPolqaSfbRecording_cut.wav,4.0,0.707106781,0.619806421,5
27581181_MinPolqaSfbRecording_cut.wav,3.8,0.447213595,0.392,5
30188485_MinPolqaSfbRecording_cut.wav,2.6,0.894427191,0.784,5
30108621_MinPolqaSfbRecording_cut.wav,3.0,0.707106781,0.619806421,5
30102668_MinPolqaSfbRecording_cut.wav,3.6,0.547722558,0.48009999,5
30140733_MinPolqaSfbRecording_cut.wav,2.8,0.447213595,0.392,5
30411078_MinPolqaSfbRecording_cut.wav,3.4,0.894427191,0.784,5
30500153_MinPolqaSfbRecording_cut.wav,2.0,0.0,0.0,5
30484806_MinPolqaSfbRecording_cut.wav,1.75,0.5,0.49,4
28060953_MinPolqaSfbRecording_cut.wav,4.25,0.957427108,0.938278566,4
30448911_MinPolqaSfbRecording_cut.wav,2.5,0.577350269,0.565803264,4
30126321_MinPolqaSfbRecording_cut.wav,2.0,0.816496581,0.800166649,4
27783434_MinPolqaSfbRecording_cut.wav,3.5,0.577350269,0.565803264,4
29532643_MinPolqaSfbRecording_cut.wav,3.0,0.816496581,0.800166649,4
30527038_MinPolqaSfbRecording_cut.wav,4.25,0.957427108,0.938278566,4
30086628_MinPolqaSfbRecording_cut.wav,4.25,0.5,0.49,4
30148988_MinPolqaSfbRecording_cut.wav,2.0,0.816496581,0.800166649,4
27880699_MinPolqaSfbRecording_cut.wav,3.5,1.0,0.98,4
30069384_MinPolqaSfbRecording_cut.wav,1.25,0.5,0.49,4
30137201_MinPolqaSfbRecording_cut.wav,2.75,0.5,0.49,4
30202169_MinPolqaSfbRecording_cut.wav,2.0,0.0,0.0,4
30178916_MinPolqaSfbRecording_cut.wav,1.5,0.577350269,0.565803264,4
30145225_MinPolqaSfbRecording_cut.wav,2.0,0.816496581,0.800166649,4
30210981_MinPolqaSfbRecording_cut.wav,1.75,0.5,0.49,4
28910227_MinPolqaSfbRecording_cut.wav,3.25,0.957427108,0.938278566,4
30437931_MinPolqaSfbRecording_cut.wav,1.5,0.577350269,0.565803264,4
30424749_MinPolqaSfbRecording_cut.wav,2.75,1.258305739,1.233139624,4
30119317_MinPolqaSfbRecording_cut.wav,3.5,1.290994449,1.26517456,4
30096302_MinPolqaSfbRecording_cut.wav,3.25,1.707825128,1.673668625,4
30091217_MinPolqaSfbRecording_cut.wav,3.0,0.816496581,0.800166649,4
28135156_MinPolqaSfbRecording_cut.wav,4.75,0.5,0.49,4
30474809_MinPolqaSfbRecording_cut.wav,2.25,0.957427108,0.938278566,4
30149606_MinPolqaSfbRecording_cut.wav,2.4,1.140175425,0.999407825,5
30121312_MinPolqaSfbRecording_cut.wav,2.6,1.341640786,1.176,5
30127825_MinPolqaSfbRecording_cut.wav,2.8,0.836660027,0.733364848,5
28438663_MinPolqaSfbRecording_cut.wav,3.8,0.836660027,0.733364848,5
30497034_MinPolqaSfbRecording_cut.wav,2.6,1.140175425,0.999407825,5
30113578_MinPolqaSfbRecording_cut.wav,2.0,1.414213562,1.239612843,5
29540307_MinPolqaSfbRecording_cut.wav,3.2,1.095445115,0.960199979,5
28946109_MinPolqaSfbRecording_cut.wav,3.75,0.957427108,0.938278566,4
29532371_MinPolqaSfbRecording_cut.wav,2.75,0.5,0.49,4
30432427_MinPolqaSfbRecording_cut.wav,1.5,0.577350269,0.565803264,4
30195128_MinPolqaSfbRecording_cut.wav,3.5,1.290994449,1.26517456,4
30107240_MinPolqaSfbRecording_cut.wav,3.75,0.957427108,0.938278566,4
30262678_MinPolqaSfbRecording_cut.wav,4.25,0.5,0.49,4
30182442_MinPolqaSfbRecording_cut.wav,3.0,0.816496581,0.800166649,4
28297948_MinPolqaSfbRecording_cut.wav,4.75,0.5,0.49,4
30514265_MinPolqaSfbRecording_cut.wav,2.5,1.0,0.98,4
30439586_MinPolqaSfbRecording_cut.wav,1.8,0.836660027,0.733364848,5
29530623_MinPolqaSfbRecording_cut.wav,2.2,0.836660027,0.733364848,5
30178096_MinPolqaSfbRecording_cut.wav,3.2,0.836660027,0.733364848,5
28327429_MinPolqaSfbRecording_cut.wav,3.8,0.447213595,0.392,5
30175284_MinPolqaSfbRecording_cut.wav,2.8,0.836660027,0.733364848,5
28900601_MinPolqaSfbRecording_cut.wav,4.0,0.0,0.0,5
30150489_MinPolqaSfbRecording_cut.wav,2.2,0.836660027,0.733364848,5
27563253_MinPolqaSfbRecording_cut.wav,3.6,0.547722558,0.48009999,5
30461137_MinPolqaSfbRecording_cut.wav,1.2,0.447213595,0.392,5
30491283_MinPolqaSfbRecording_cut.wav,2.8,0.836660027,0.733364848,5
30480152_MinPolqaSfbRecording_cut.wav,3.4,0.547722558,0.48009999,5
28671345_MinPolqaSfbRecording_cut.wav,4.6,0.547722558,0.48009999,5
30252297_MinPolqaSfbRecording_cut.wav,4.2,0.836660027,0.733364848,5
30165806_MinPolqaSfbRecording_cut.wav,3.4,0.547722558,0.48009999,5
30448733_MinPolqaSfbRecording_cut.wav,2.6,1.140175425,0.999407825,5
28247732_MinPolqaSfbRecording_cut.wav,4.4,0.894427191,0.784,5
30464903_MinPolqaSfbRecording_cut.wav,2.75,0.5,0.49,4
30440397_MinPolqaSfbRecording_cut.wav,2.0,1.154700538,1.131606528,4
28238448_MinPolqaSfbRecording_cut.wav,3.75,0.5,0.49,4
30090618_MinPolqaSfbRecording_cut.wav,3.25,0.5,0.49,4
30175154_MinPolqaSfbRecording_cut.wav,2.0,0.816496581,0.800166649,4
30487041_MinPolqaSfbRecording_cut.wav,3.0,1.154700538,1.131606528,4
28224578_MinPolqaSfbRecording_cut.wav,4.0,0.816496581,0.800166649,4
27850989_MinPolqaSfbRecording_cut.wav,3.75,0.5,0.49,4
30137573_MinPolqaSfbRecording_cut.wav,2.0,0.816496581,0.800166649,4
30193001_MinPolqaSfbRecording_cut.wav,3.75,0.957427108,0.938278566,4
30264271_MinPolqaSfbRecording_cut.wav,3.75,0.5,0.49,4
28306140_MinPolqaSfbRecording_cut.wav,3.25,0.957427108,0.938278566,4
30178878_MinPolqaSfbRecording_cut.wav,1.5,0.577350269,0.565803264,4
30449662_MinPolqaSfbRecording_cut.wav,1.25,0.5,0.49,4
30432354_MinPolqaSfbRecording_cut.wav,1.2,0.447213595,0.392,5
30403867_MinPolqaSfbRecording_cut.wav,3.2,1.303840481,1.142866571,5
30205631_MinPolqaSfbRecording_cut.wav,3.4,0.547722558,0.48009999,5
30416477_MinPolqaSfbRecording_cut.wav,1.8,0.447213595,0.392,5
28222964_MinPolqaSfbRecording_cut.wav,3.6,1.140175425,0.999407825,5
30149395_MinPolqaSfbRecording_cut.wav,4.2,0.836660027,0.733364848,5
30128823_MinPolqaSfbRecording_cut.wav,3.2,0.447213595,0.392,5
28979140_MinPolqaSfbRecording_cut.wav,4.4,0.547722558,0.48009999,5
30184951_MinPolqaSfbRecording_cut.wav,1.4,0.547722558,0.48009999,5
30200732_MinPolqaSfbRecording_cut.wav,2.75,1.707825128,1.673668625,4
28006869_MinPolqaSfbRecording_cut.wav,3.0,0.816496581,0.800166649,4
30421175_MinPolqaSfbRecording_cut.wav,3.25,0.957427108,0.938278566,4
30195426_MinPolqaSfbRecording_cut.wav,3.0,0.816496581,0.800166649,4
30073004_MinPolqaSfbRecording_cut.wav,3.0,0.816496581,0.800166649,4
30166495_MinPolqaSfbRecording_cut.wav,3.75,0.957427108,0.938278566,4
29534860_MinPolqaSfbRecording_cut.wav,2.75,0.5,0.49,4
30255611_MinPolqaSfbRecording_cut.wav,3.0,0.0,0.0,4
28940378_MinPolqaSfbRecording_cut.wav,4.0,0.0,0.0,4
30430702_MinPolqaSfbRecording_cut.wav,2.25,0.957427108,0.938278566,4
30488904_MinPolqaSfbRecording_cut.wav,2.75,0.957427108,0.938278566,4
30073418_MinPolqaSfbRecording_cut.wav,3.5,1.0,0.98,4
27929540_MinPolqaSfbRecording_cut.wav,3.5,0.577350269,0.565803264,4
30480179_MinPolqaSfbRecording_cut.wav,1.75,0.957427108,0.938278566,4
30151703_MinPolqaSfbRecording_cut.wav,3.0,0.816496581,0.800166649,4
27915084_MinPolqaSfbRecording_cut.wav,3.75,0.957427108,0.938278566,4
30490443_MinPolqaSfbRecording_cut.wav,3.25,1.258305739,1.233139624,4
30489305_MinPolqaSfbRecording_cut.wav,2.5,1.0,0.98,4
28446197_MinPolqaSfbRecording_cut.wav,4.0,1.154700538,1.131606528,4
28266031_MinPolqaSfbRecording_cut.wav,3.75,0.957427108,0.938278566,4
30402622_MinPolqaSfbRecording_cut.wav,1.25,0.5,0.49,4
28306852_MinPolqaSfbRecording_cut.wav,3.75,0.957427108,0.938278566,4
30108383_MinPolqaSfbRecording_cut.wav,3.0,0.0,0.0,4
29535142_MinPolqaSfbRecording_cut.wav,1.5,0.577350269,0.565803264,4
30133504_MinPolqaSfbRecording_cut.wav,2.75,1.258305739,1.233139624,4
30106232_MinPolqaSfbRecording_cut.wav,2.25,1.258305739,1.233139624,4
30252551_MinPolqaSfbRecording_cut.wav,3.0,0.816496581,0.800166649,4
27859292_MinPolqaSfbRecording_cut.wav,4.25,0.957427108,0.938278566,4
28077644_MinPolqaSfbRecording_cut.wav,3.75,0.957427108,0.938278566,4
30467050_MinPolqaSfbRecording_cut.wav,3.0,1.224744871,1.073536213,5
28620271_MinPolqaSfbRecording_cut.wav,3.4,1.140175425,0.999407825,5
28494542_MinPolqaSfbRecording_cut.wav,4.0,0.707106781,0.619806421,5
30506434_MinPolqaSfbRecording_cut.wav,3.6,0.894427191,0.784,5
30175251_MinPolqaSfbRecording_cut.wav,2.0,1.224744871,1.073536213,5
30135818_MinPolqaSfbRecording_cut.wav,3.2,0.447213595,0.392,5
30098079_MinPolqaSfbRecording_cut.wav,4.0,0.707106781,0.619806421,5
30193928_MinPolqaSfbRecording_cut.wav,2.8,0.836660027,0.733364848,5
25862869_MinPolqaSfbRecording_cut.wav,4.2,0.447213595,0.392,5
27625223_MinPolqaSfbRecording_cut.wav,3.8,0.836660027,0.733364848,5
28133992_MinPolqaSfbRecording_cut.wav,4.0,0.816496581,0.800166649,4
29529797_MinPolqaSfbRecording_cut.wav,2.5,1.290994449,1.26517456,4
30067146_MinPolqaSfbRecording_cut.wav,2.75,0.957427108,0.938278566,4
30149421_MinPolqaSfbRecording_cut.wav,3.75,0.957427108,0.938278566,4
30086147_MinPolqaSfbRecording_cut.wav,2.5,1.732050808,1.697409791,4
30204552_MinPolqaSfbRecording_cut.wav,2.75,1.5,1.47,4
30433853_MinPolqaSfbRecording_cut.wav,2.25,0.5,0.49,4
30432750_MinPolqaSfbRecording_cut.wav,1.25,0.5,0.49,4
30106790_MinPolqaSfbRecording_cut.wav,1.0,0.0,0.0,4
30258100_MinPolqaSfbRecording_cut.wav,2.5,1.290994449,1.26517456,4
30085943_MinPolqaSfbRecording_cut.wav,3.25,0.957427108,0.938278566,4
30164247_MinPolqaSfbRecording_cut.wav,2.5,1.732050808,1.697409791,4
30250741_MinPolqaSfbRecording_cut.wav,2.75,0.957427108,0.938278566,4
30420946_MinPolqaSfbRecording_cut.wav,2.0,0.816496581,0.800166649,4
30109005_MinPolqaSfbRecording_cut.wav,1.5,0.577350269,0.565803264,4
30207147_MinPolqaSfbRecording_cut.wav,2.75,0.5,0.49,4
27628422_MinPolqaSfbRecording_cut.wav,3.75,0.957427108,0.938278566,4
30162628_MinPolqaSfbRecording_cut.wav,1.75,0.957427108,0.938278566,4
28772608_MinPolqaSfbRecording_cut.wav,4.25,0.5,0.49,4
28787757_MinPolqaSfbRecording_cut.wav,2.5,0.577350269,0.565803264,4
30111540_MinPolqaSfbRecording_cut.wav,2.5,0.577350269,0.565803264,4
30522885_MinPolqaSfbRecording_cut.wav,1.0,0.0,0.0,4
29544291_MinPolqaSfbRecording_cut.wav,2.0,0.816496581,0.800166649,4
30445671_MinPolqaSfbRecording_cut.wav,1.75,0.957427108,0.938278566,4
30127839_MinPolqaSfbRecording_cut.wav,2.5,1.0,0.98,4
30404758_MinPolqaSfbRecording_cut.wav,1.75,0.5,0.49,4
30405890_MinPolqaSfbRecording_cut.wav,2.0,0.0,0.0,4
27927695_MinPolqaSfbRecording_cut.wav,3.5,0.577350269,0.565803264,4
27519952_MinPolqaSfbRecording_cut.wav,4.2,0.836660027,0.733364848,5
30192719_MinPolqaSfbRecording_cut.wav,2.6,1.516575089,1.329336677,5
30127161_MinPolqaSfbRecording_cut.wav,2.8,0.836660027,0.733364848,5
30172004_MinPolqaSfbRecording_cut.wav,1.8,0.836660027,0.733364848,5
30437452_MinPolqaSfbRecording_cut.wav,3.4,0.894427191,0.784,5
30145928_MinPolqaSfbRecording_cut.wav,2.4,1.341640786,1.176,5
25710568_MinPolqaSfbRecording_cut.wav,2.4,1.140175425,0.999407825,5
30186140_MinPolqaSfbRecording_cut.wav,3.0,1.58113883,1.385929291,5
27635221_MinPolqaSfbRecording_cut.wav,3.0,0.816496581,0.800166649,4
30490973_MinPolqaSfbRecording_cut.wav,3.0,0.816496581,0.800166649,4
28239022_MinPolqaSfbRecording_cut.wav,4.5,0.577350269,0.565803264,4
30103415_MinPolqaSfbRecording_cut.wav,4.5,0.577350269,0.565803264,4
30515785_MinPolqaSfbRecording_cut.wav,2.75,1.258305739,1.233139624,4
30442355_MinPolqaSfbRecording_cut.wav,3.25,0.957427108,0.938278566,4
30207096_MinPolqaSfbRecording_cut.wav,2.75,0.5,0.49,4
30446822_MinPolqaSfbRecording_cut.wav,3.25,0.957427108,0.938278566,4
30460888_MinPolqaSfbRecording_cut.wav,3.75,0.5,0.49,4
29530218_MinPolqaSfbRecording_cut.wav,4.0,1.0,1.131606528,3
30247715_MinPolqaSfbRecording_cut.wav,3.666666667,1.154700538,1.306666667,3
30160757_MinPolqaSfbRecording_cut.wav,3.333333333,0.577350269,0.653333333,3
30204082_MinPolqaSfbRecording_cut.wav,3.0,1.732050808,1.96,3
30432150_MinPolqaSfbRecording_cut.wav,2.0,0.0,0.0,3
30467008_MinPolqaSfbRecording_cut.wav,4.666666667,0.577350269,0.653333333,3
28340814_MinPolqaSfbRecording_cut.wav,3.666666667,1.154700538,1.306666667,3
30143757_MinPolqaSfbRecording_cut.wav,2.333333333,1.154700538,1.306666667,3
30432224_MinPolqaSfbRecording_cut.wav,3.2,0.447213595,0.392,5
30185002_MinPolqaSfbRecording_cut.wav,1.8,0.447213595,0.392,5
27813513_MinPolqaSfbRecording_cut.wav,4.2,0.836660027,0.733364848,5
30151661_MinPolqaSfbRecording_cut.wav,3.2,0.447213595,0.392,5
28043846_MinPolqaSfbRecording_cut.wav,4.4,0.894427191,0.784,5
30481349_MinPolqaSfbRecording_cut.wav,2.2,0.447213595,0.392,5
30198854_MinPolqaSfbRecording_cut.wav,2.0,1.0,0.876538647,5
30486970_MinPolqaSfbRecording_cut.wav,1.4,0.547722558,0.48009999,5
30179161_MinPolqaSfbRecording_cut.wav,2.6,0.547722558,0.48009999,5
30159061_MinPolqaSfbRecording_cut.wav,3.0,0.707106781,0.619806421,5
29543646_MinPolqaSfbRecording_cut.wav,2.333333333,0.577350269,0.653333333,3
30121973_MinPolqaSfbRecording_cut.wav,2.0,1.0,1.131606528,3
30206012_MinPolqaSfbRecording_cut.wav,1.666666667,0.577350269,0.653333333,3
29057752_MinPolqaSfbRecording_cut.wav,4.333333333,0.577350269,0.653333333,3
30257261_MinPolqaSfbRecording_cut.wav,2.0,0.0,0.0,3
27686043_MinPolqaSfbRecording_cut.wav,3.0,1.0,1.131606528,3
30144104_MinPolqaSfbRecording_cut.wav,1.0,0.0,0.0,3
30148351_MinPolqaSfbRecording_cut.wav,2.333333333,1.154700538,1.306666667,3
30138363_MinPolqaSfbRecording_cut.wav,2.8,0.836660027,0.733364848,5
30489796_MinPolqaSfbRecording_cut.wav,3.0,1.0,0.876538647,5
30081219_MinPolqaSfbRecording_cut.wav,2.6,0.547722558,0.48009999,5
28178459_MinPolqaSfbRecording_cut.wav,2.4,1.341640786,1.176,5
30099994_MinPolqaSfbRecording_cut.wav,2.0,0.707106781,0.619806421,5
30463179_MinPolqaSfbRecording_cut.wav,2.6,0.547722558,0.48009999,5
30073100_MinPolqaSfbRecording_cut.wav,2.8,0.447213595,0.392,5
28642810_MinPolqaSfbRecording_cut.wav,3.2,0.836660027,0.733364848,5
30473857_MinPolqaSfbRecording_cut.wav,2.4,0.894427191,0.784,5
28845159_MinPolqaSfbRecording_cut.wav,3.6,0.547722558,0.48009999,5
30070354_MinPolqaSfbRecording_cut.wav,3.75,0.5,0.49,4
30429541_MinPolqaSfbRecording_cut.wav,3.5,0.577350269,0.565803264,4
30464938_MinPolqaSfbRecording_cut.wav,1.5,0.577350269,0.565803264,4
30105300_MinPolqaSfbRecording_cut.wav,3.5,1.0,0.98,4
30118845_MinPolqaSfbRecording_cut.wav,1.5,0.577350269,0.565803264,4
30490945_MinPolqaSfbRecording_cut.wav,3.75,0.957427108,0.938278566,4
30120936_MinPolqaSfbRecording_cut.wav,4.25,0.5,0.49,4
27884549_MinPolqaSfbRecording_cut.wav,3.5,1.290994449,1.26517456,4
30140696_MinPolqaSfbRecording_cut.wav,3.5,0.577350269,0.565803264,4
30421464_MinPolqaSfbRecording_cut.wav,3.0,0.0,0.0,4
30105031_MinPolqaSfbRecording_cut.wav,4.0,0.816496581,0.800166649,4
30407025_MinPolqaSfbRecording_cut.wav,3.0,0.816496581,0.800166649,4
30132759_MinPolqaSfbRecording_cut.wav,3.75,0.5,0.49,4
30426949_MinPolqaSfbRecording_cut.wav,4.5,0.577350269,0.565803264,4
27879605_MinPolqaSfbRecording_cut.wav,3.5,0.577350269,0.565803264,4
29004278_MinPolqaSfbRecording_cut.wav,4.0,0.816496581,0.800166649,4
28026091_MinPolqaSfbRecording_cut.wav,2.75,0.5,0.49,4
30456920_MinPolqaSfbRecording_cut.wav,2.25,0.5,0.49,4
30135996_MinPolqaSfbRecording_cut.wav,1.0,0.0,0.0,4
30200909_MinPolqaSfbRecording_cut.wav,2.0,0.816496581,0.800166649,4
30507035_MinPolqaSfbRecording_cut.wav,4.25,0.5,0.49,4
28708366_MinPolqaSfbRecording_cut.wav,4.25,0.5,0.49,4
29037427_MinPolqaSfbRecording_cut.wav,3.75,0.5,0.49,4
28863000_MinPolqaSfbRecording_cut.wav,3.0,0.0,0.0,4
30067601_MinPolqaSfbRecording_cut.wav,1.5,0.577350269,0.565803264,4
30111960_MinPolqaSfbRecording_cut.wav,2.75,0.957427108,0.938278566,4
30155517_MinPolqaSfbRecording_cut.wav,1.75,0.957427108,0.938278566,4
30259155_MinPolqaSfbRecording_cut.wav,3.75,1.258305739,1.233139624,4
30097271_MinPolqaSfbRecording_cut.wav,3.0,1.154700538,1.131606528,4
28139963_MinPolqaSfbRecording_cut.wav,4.0,0.816496581,0.800166649,4
30156991_MinPolqaSfbRecording_cut.wav,2.5,1.0,0.98,4
28696968_MinPolqaSfbRecording_cut.wav,4.25,0.957427108,0.938278566,4
28749421_MinPolqaSfbRecording_cut.wav,3.5,0.577350269,0.565803264,4
30070745_MinPolqaSfbRecording_cut.wav,3.0,1.154700538,1.131606528,4
29065955_MinPolqaSfbRecording_cut.wav,4.0,0.816496581,0.800166649,4
30531986_MinPolqaSfbRecording_cut.wav,3.25,1.5,1.47,4
30261777_MinPolqaSfbRecording_cut.wav,2.75,2.061552813,2.020321757,4
30481891_MinPolqaSfbRecording_cut.wav,3.75,1.5,1.47,4
30069864_MinPolqaSfbRecording_cut.wav,4.0,1.154700538,1.131606528,4
30467968_MinPolqaSfbRecording_cut.wav,2.75,2.061552813,2.020321757,4
30092223_MinPolqaSfbRecording_cut.wav,2.75,0.957427108,0.938278566,4
30104600_MinPolqaSfbRecording_cut.wav,2.666666667,0.577350269,0.653333333,3
30090414_MinPolqaSfbRecording_cut.wav,3.0,0.0,0.0,3
30105007_MinPolqaSfbRecording_cut.wav,1.666666667,0.577350269,0.653333333,3
28422245_MinPolqaSfbRecording_cut.wav,4.0,0.0,0.0,3
27598964_MinPolqaSfbRecording_cut.wav,5.0,0.0,0.0,3
30100628_MinPolqaSfbRecording_cut.wav,2.0,1.0,1.131606528,3
30181689_MinPolqaSfbRecording_cut.wav,2.333333333,0.577350269,0.653333333,3
30085312_MinPolqaSfbRecording_cut.wav,3.333333333,0.577350269,0.653333333,3
30141256_MinPolqaSfbRecording_cut.wav,4.0,1.0,1.131606528,3
27665790_MinPolqaSfbRecording_cut.wav,4.0,0.0,0.0,3
27759486_MinPolqaSfbRecording_cut.wav,3.6,0.547722558,0.48009999,5
30427991_MinPolqaSfbRecording_cut.wav,3.2,0.447213595,0.392,5
30158353_MinPolqaSfbRecording_cut.wav,3.0,1.0,0.876538647,5
30527070_MinPolqaSfbRecording_cut.wav,4.2,0.447213595,0.392,5
30207285_MinPolqaSfbRecording_cut.wav,2.8,0.836660027,0.733364848,5
29534165_MinPolqaSfbRecording_cut.wav,2.4,0.547722558,0.48009999,5
30262636_MinPolqaSfbRecording_cut.wav,4.0,1.224744871,1.073536213,5
30205583_MinPolqaSfbRecording_cut.wav,3.2,0.447213595,0.392,5
30199747_MinPolqaSfbRecording_cut.wav,2.6,0.547722558,0.48009999,5
30444024_MinPolqaSfbRecording_cut.wav,3.5,0.577350269,0.565803264,4
30253256_MinPolqaSfbRecording_cut.wav,2.0,0.816496581,0.800166649,4
28290497_MinPolqaSfbRecording_cut.wav,4.0,0.816496581,0.800166649,4
30250039_MinPolqaSfbRecording_cut.wav,2.5,0.577350269,0.565803264,4
30126028_MinPolqaSfbRecording_cut.wav,2.25,0.5,0.49,4
30213641_MinPolqaSfbRecording_cut.wav,3.0,0.816496581,0.800166649,4
30402462_MinPolqaSfbRecording_cut.wav,3.5,0.577350269,0.565803264,4
30486018_MinPolqaSfbRecording_cut.wav,3.25,0.957427108,0.938278566,4
30493471_MinPolqaSfbRecording_cut.wav,2.75,0.5,0.49,4
29033261_MinPolqaSfbRecording_cut.wav,3.6,0.547722558,0.48009999,5
30164074_MinPolqaSfbRecording_cut.wav,2.4,0.547722558,0.48009999,5
28140554_MinPolqaSfbRecording_cut.wav,3.6,0.547722558,0.48009999,5
30166882_MinPolqaSfbRecording_cut.wav,2.8,0.447213595,0.392,5
30082153_MinPolqaSfbRecording_cut.wav,2.6,0.547722558,0.48009999,5
30469087_MinPolqaSfbRecording_cut.wav,1.0,0.0,0.0,5
27596135_MinPolqaSfbRecording_cut.wav,4.0,0.707106781,0.619806421,5
28705100_MinPolqaSfbRecording_cut.wav,4.0,0.0,0.0,5
27582165_MinPolqaSfbRecording_cut.wav,3.2,0.836660027,0.733364848,5
28131076_MinPolqaSfbRecording_cut.wav,3.5,0.577350269,0.565803264,4
30487997_MinPolqaSfbRecording_cut.wav,1.5,1.0,0.98,4
30096288_MinPolqaSfbRecording_cut.wav,3.75,0.5,0.49,4
28875720_MinPolqaSfbRecording_cut.wav,4.0,0.816496581,0.800166649,4
30482642_MinPolqaSfbRecording_cut.wav,1.25,0.5,0.49,4
30404427_MinPolqaSfbRecording_cut.wav,3.5,1.0,0.98,4
30200552_MinPolqaSfbRecording_cut.wav,3.25,0.5,0.49,4
30481318_MinPolqaSfbRecording_cut.wav,3.5,1.0,0.98,4
30177157_MinPolqaSfbRecording_cut.wav,3.0,0.816496581,0.800166649,4
30174578_MinPolqaSfbRecording_cut.wav,2.0,0.816496581,0.800166649,4
30428046_MinPolqaSfbRecording_cut.wav,3.333333333,1.527525232,1.728557523,3
30081130_MinPolqaSfbRecording_cut.wav,3.333333333,1.527525232,1.728557523,3
28526465_MinPolqaSfbRecording_cut.wav,3.666666667,1.154700538,1.306666667,3
28901755_MinPolqaSfbRecording_cut.wav,4.0,1.0,1.131606528,3
29535146_MinPolqaSfbRecording_cut.wav,1.333333333,0.577350269,0.653333333,3
30262430_MinPolqaSfbRecording_cut.wav,2.333333333,0.577350269,0.653333333,3
30255163_MinPolqaSfbRecording_cut.wav,3.666666667,1.154700538,1.306666667,3
29041223_MinPolqaSfbRecording_cut.wav,4.0,1.0,1.131606528,3
30415945_MinPolqaSfbRecording_cut.wav,3.0,1.0,1.131606528,3
30468061_MinPolqaSfbRecording_cut.wav,3.0,1.0,1.131606528,3
30501370_MinPolqaSfbRecording_cut.wav,2.666666667,1.527525232,1.728557523,3
28205722_MinPolqaSfbRecording_cut.wav,4.0,0.0,0.0,3
30148423_MinPolqaSfbRecording_cut.wav,3.666666667,0.577350269,0.653333333,3
27854910_MinPolqaSfbRecording_cut.wav,5.0,0.0,0.0,3
30503160_MinPolqaSfbRecording_cut.wav,4.0,1.0,1.131606528,3
28143916_MinPolqaSfbRecording_cut.wav,4.333333333,0.577350269,0.653333333,3
30205964_MinPolqaSfbRecording_cut.wav,2.666666667,2.081665999,2.355626833,3
27738782_MinPolqaSfbRecording_cut.wav,4.666666667,0.577350269,0.653333333,3
28918989_MinPolqaSfbRecording_cut.wav,3.0,1.732050808,1.96,3
30402582_MinPolqaSfbRecording_cut.wav,1.666666667,1.154700538,1.306666667,3
30107150_MinPolqaSfbRecording_cut.wav,3.0,1.732050808,1.96,3
27791814_MinPolqaSfbRecording_cut.wav,3.0,1.0,1.131606528,3
28876696_MinPolqaSfbRecording_cut.wav,5.0,0.0,0.0,3
30135995_MinPolqaSfbRecording_cut.wav,1.0,0.0,0.0,3
30530205_MinPolqaSfbRecording_cut.wav,2.0,0.0,0.0,3
30148405_MinPolqaSfbRecording_cut.wav,2.0,1.0,1.131606528,3
27706254_MinPolqaSfbRecording_cut.wav,2.666666667,1.154700538,1.306666667,3
30523985_MinPolqaSfbRecording_cut.wav,2.25,0.957427108,0.938278566,4
30481029_MinPolqaSfbRecording_cut.wav,1.25,0.5,0.49,4
30254923_MinPolqaSfbRecording_cut.wav,2.0,0.0,0.0,4
30165868_MinPolqaSfbRecording_cut.wav,2.25,0.5,0.49,4
28748772_MinPolqaSfbRecording_cut.wav,3.25,0.5,0.49,4
28984384_MinPolqaSfbRecording_cut.wav,3.5,1.290994449,1.26517456,4
30496550_MinPolqaSfbRecording_cut.wav,2.25,0.5,0.49,4
30159523_MinPolqaSfbRecording_cut.wav,2.5,1.0,0.98,4
30125659_MinPolqaSfbRecording_cut.wav,3.0,0.816496581,0.800166649,4
30474829_MinPolqaSfbRecording_cut.wav,2.25,0.5,0.49,4
30192787_MinPolqaSfbRecording_cut.wav,1.6,0.894427191,0.784,5
30176309_MinPolqaSfbRecording_cut.wav,2.4,0.894427191,0.784,5
28040363_MinPolqaSfbRecording_cut.wav,3.2,0.836660027,0.733364848,5
30529390_MinPolqaSfbRecording_cut.wav,3.2,0.447213595,0.392,5
29544729_MinPolqaSfbRecording_cut.wav,2.8,0.447213595,0.392,5
30202663_MinPolqaSfbRecording_cut.wav,2.2,1.303840481,1.142866571,5
30063360_MinPolqaSfbRecording_cut.wav,1.6,0.894427191,0.784,5
28169358_MinPolqaSfbRecording_cut.wav,2.6,0.547722558,0.48009999,5
29535165_MinPolqaSfbRecording_cut.wav,1.4,0.547722558,0.48009999,5
30176650_MinPolqaSfbRecording_cut.wav,1.4,0.547722558,0.48009999,5
30526776_MinPolqaSfbRecording_cut.wav,1.8,0.836660027,0.733364848,5
28718420_MinPolqaSfbRecording_cut.wav,3.4,0.894427191,0.784,5
30446778_MinPolqaSfbRecording_cut.wav,2.2,0.836660027,0.733364848,5
30259478_MinPolqaSfbRecording_cut.wav,2.6,0.894427191,0.784,5
30504893_MinPolqaSfbRecording_cut.wav,3.6,0.894427191,0.784,5
30156951_MinPolqaSfbRecording_cut.wav,3.25,0.5,0.49,4
30178045_MinPolqaSfbRecording_cut.wav,3.5,0.577350269,0.565803264,4
30169263_MinPolqaSfbRecording_cut.wav,3.25,0.957427108,0.938278566,4
30098269_MinPolqaSfbRecording_cut.wav,3.5,0.577350269,0.565803264,4
30098082_MinPolqaSfbRecording_cut.wav,3.75,0.957427108,0.938278566,4
30508662_MinPolqaSfbRecording_cut.wav,2.25,0.957427108,0.938278566,4
30455915_MinPolqaSfbRecording_cut.wav,3.25,0.957427108,0.938278566,4
30208837_MinPolqaSfbRecording_cut.wav,2.0,0.816496581,0.800166649,4
30479554_MinPolqaSfbRecording_cut.wav,3.25,0.5,0.49,4
30188783_MinPolqaSfbRecording_cut.wav,3.25,1.258305739,1.233139624,4
30172839_MinPolqaSfbRecording_cut.wav,3.25,0.957427108,0.938278566,4
30103866_MinPolqaSfbRecording_cut.wav,2.0,0.816496581,0.800166649,4
30147502_MinPolqaSfbRecording_cut.wav,4.5,0.577350269,0.565803264,4
28302685_MinPolqaSfbRecording_cut.wav,3.75,0.5,0.49,4
30143849_MinPolqaSfbRecording_cut.wav,3.75,0.5,0.49,4
30251879_MinPolqaSfbRecording_cut.wav,2.5,0.577350269,0.565803264,4
29539990_MinPolqaSfbRecording_cut.wav,3.25,0.957427108,0.938278566,4
30454952_MinPolqaSfbRecording_cut.wav,2.0,0.816496581,0.800166649,4
30251200_MinPolqaSfbRecording_cut.wav,1.75,0.5,0.49,4
30132826_MinPolqaSfbRecording_cut.wav,1.25,0.5,0.49,4
30088671_MinPolqaSfbRecording_cut.wav,2.0,1.414213562,1.385929291,4
30430690_MinPolqaSfbRecording_cut.wav,2.25,0.5,0.49,4
30473774_MinPolqaSfbRecording_cut.wav,2.75,0.957427108,0.938278566,4
30414186_MinPolqaSfbRecording_cut.wav,2.75,0.5,0.49,4
30108162_MinPolqaSfbRecording_cut.wav,2.5,0.577350269,0.565803264,4
28183486_MinPolqaSfbRecording_cut.wav,3.0,0.0,0.0,3
30442646_MinPolqaSfbRecording_cut.wav,2.666666667,1.154700538,1.306666667,3
30429549_MinPolqaSfbRecording_cut.wav,3.0,0.0,0.0,3
28594222_MinPolqaSfbRecording_cut.wav,2.666666667,0.577350269,0.653333333,3
29539063_MinPolqaSfbRecording_cut.wav,2.666666667,0.577350269,0.653333333,3
30118646_MinPolqaSfbRecording_cut.wav,2.0,1.0,1.131606528,3
28422228_MinPolqaSfbRecording_cut.wav,3.666666667,0.577350269,0.653333333,3
30143767_MinPolqaSfbRecording_cut.wav,3.666666667,0.577350269,0.653333333,3
28080596_MinPolqaSfbRecording_cut.wav,4.0,0.0,0.0,3
28924778_MinPolqaSfbRecording_cut.wav,4.0,1.0,0.876538647,5
28705824_MinPolqaSfbRecording_cut.wav,3.8,0.836660027,0.733364848,5
30195458_MinPolqaSfbRecording_cut.wav,4.0,0.707106781,0.619806421,5
27816667_MinPolqaSfbRecording_cut.wav,4.0,0.707106781,0.619806421,5
30082587_MinPolqaSfbRecording_cut.wav,3.0,0.0,0.0,5
30529249_MinPolqaSfbRecording_cut.wav,1.8,0.447213595,0.392,5
30194371_MinPolqaSfbRecording_cut.wav,3.4,1.140175425,0.999407825,5
30100036_MinPolqaSfbRecording_cut.wav,2.8,0.447213595,0.392,5
30169105_MinPolqaSfbRecording_cut.wav,3.2,0.836660027,0.733364848,5
30214007_MinPolqaSfbRecording_cut.wav,2.666666667,1.154700538,1.306666667,3
30139340_MinPolqaSfbRecording_cut.wav,3.666666667,1.154700538,1.306666667,3
30155968_MinPolqaSfbRecording_cut.wav,3.0,1.0,1.131606528,3
30164465_MinPolqaSfbRecording_cut.wav,2.0,1.0,1.131606528,3
30145382_MinPolqaSfbRecording_cut.wav,4.0,0.0,0.0,3
30523671_MinPolqaSfbRecording_cut.wav,1.666666667,1.154700538,1.306666667,3
30082047_MinPolqaSfbRecording_cut.wav,2.666666667,0.577350269,0.653333333,3
28742194_MinPolqaSfbRecording_cut.wav,4.0,1.0,1.131606528,3
28878580_MinPolqaSfbRecording_cut.wav,3.25,0.5,0.49,4
29536465_MinPolqaSfbRecording_cut.wav,2.75,0.957427108,0.938278566,4
27779740_MinPolqaSfbRecording_cut.wav,3.5,0.577350269,0.565803264,4
28429922_MinPolqaSfbRecording_cut.wav,3.5,1.0,0.98,4
30060906_MinPolqaSfbRecording_cut.wav,3.75,0.957427108,0.938278566,4
29003395_MinPolqaSfbRecording_cut.wav,3.25,0.5,0.49,4
30163506_MinPolqaSfbRecording_cut.wav,2.0,1.154700538,1.131606528,4
30472242_MinPolqaSfbRecording_cut.wav,3.0,1.154700538,1.131606528,4
30070320_MinPolqaSfbRecording_cut.wav,3.0,0.816496581,0.800166649,4
30108720_MinPolqaSfbRecording_cut.wav,3.0,1.0,1.131606528,3
30057627_MinPolqaSfbRecording_cut.wav,2.0,0.0,0.0,3
30082675_MinPolqaSfbRecording_cut.wav,3.333333333,0.577350269,0.653333333,3
30475213_MinPolqaSfbRecording_cut.wav,2.0,0.0,0.0,3
30435981_MinPolqaSfbRecording_cut.wav,3.333333333,0.577350269,0.653333333,3
30067048_MinPolqaSfbRecording_cut.wav,2.666666667,0.577350269,0.653333333,3
27608689_MinPolqaSfbRecording_cut.wav,3.333333333,0.577350269,0.653333333,3
30209912_MinPolqaSfbRecording_cut.wav,2.0,1.414213562,1.385929291,4
28045248_MinPolqaSfbRecording_cut.wav,3.75,1.258305739,1.233139624,4
30514679_MinPolqaSfbRecording_cut.wav,3.75,0.957427108,0.938278566,4
30085400_MinPolqaSfbRecording_cut.wav,3.75,0.957427108,0.938278566,4
30252323_MinPolqaSfbRecording_cut.wav,2.75,0.5,0.49,4
30149674_MinPolqaSfbRecording_cut.wav,2.5,0.577350269,0.565803264,4
30474506_MinPolqaSfbRecording_cut.wav,3.0,1.414213562,1.385929291,4
30125995_MinPolqaSfbRecording_cut.wav,1.5,0.577350269,0.565803264,4
30154721_MinPolqaSfbRecording_cut.wav,3.0,1.0,1.131606528,3
30092780_MinPolqaSfbRecording_cut.wav,3.0,1.732050808,1.96,3
30149885_MinPolqaSfbRecording_cut.wav,3.333333333,0.577350269,0.653333333,3
30177144_MinPolqaSfbRecording_cut.wav,2.666666667,1.154700538,1.306666667,3
30181957_MinPolqaSfbRecording_cut.wav,3.0,1.0,1.131606528,3
30481943_MinPolqaSfbRecording_cut.wav,3.666666667,0.577350269,0.653333333,3
30122776_MinPolqaSfbRecording_cut.wav,3.333333333,0.577350269,0.653333333,3
28138151_MinPolqaSfbRecording_cut.wav,3.0,0.0,0.0,3
30133583_MinPolqaSfbRecording_cut.wav,2.666666667,1.154700538,1.306666667,3
27587822_MinPolqaSfbRecording_cut.wav,4.0,0.816496581,0.800166649,4
30416861_MinPolqaSfbRecording_cut.wav,2.0,0.816496581,0.800166649,4
30426970_MinPolqaSfbRecording_cut.wav,3.0,0.816496581,0.800166649,4
29542346_MinPolqaSfbRecording_cut.wav,3.0,0.816496581,0.800166649,4
28285016_MinPolqaSfbRecording_cut.wav,4.0,0.816496581,0.800166649,4
30488679_MinPolqaSfbRecording_cut.wav,2.25,0.5,0.49,4
28968704_MinPolqaSfbRecording_cut.wav,3.5,1.0,0.98,4
28363674_MinPolqaSfbRecording_cut.wav,4.25,0.957427108,0.938278566,4
30202202_MinPolqaSfbRecording_cut.wav,3.333333333,0.577350269,0.653333333,3
30522235_MinPolqaSfbRecording_cut.wav,3.666666667,0.577350269,0.653333333,3
30468506_MinPolqaSfbRecording_cut.wav,3.333333333,0.577350269,0.653333333,3
30076247_MinPolqaSfbRecording_cut.wav,4.666666667,0.577350269,0.653333333,3
28345848_MinPolqaSfbRecording_cut.wav,3.0,1.0,1.131606528,3
30156016_MinPolqaSfbRecording_cut.wav,3.333333333,0.577350269,0.653333333,3
27725718_MinPolqaSfbRecording_cut.wav,4.0,1.0,1.131606528,3
30252453_MinPolqaSfbRecording_cut.wav,3.0,0.0,0.0,3
30155316_MinPolqaSfbRecording_cut.wav,4.333333333,0.577350269,0.653333333,3
30251430_MinPolqaSfbRecording_cut.wav,3.0,0.0,0.0,3
30400544_MinPolqaSfbRecording_cut.wav,4.333333333,0.577350269,0.653333333,3
30100660_MinPolqaSfbRecording_cut.wav,2.666666667,0.577350269,0.653333333,3
27605864_MinPolqaSfbRecording_cut.wav,3.666666667,0.577350269,0.653333333,3
30430653_MinPolqaSfbRecording_cut.wav,2.666666667,0.577350269,0.653333333,3
30147365_MinPolqaSfbRecording_cut.wav,2.333333333,0.577350269,0.653333333,3
30428961_MinPolqaSfbRecording_cut.wav,2.666666667,0.577350269,0.653333333,3
30091326_MinPolqaSfbRecording_cut.wav,2.333333333,0.577350269,0.653333333,3
30163078_MinPolqaSfbRecording_cut.wav,3.666666667,1.527525232,1.728557523,3
30456484_MinPolqaSfbRecording_cut.wav,4.333333333,0.577350269,0.653333333,3
29543018_MinPolqaSfbRecording_cut.wav,2.666666667,0.577350269,0.653333333,3
27571707_MinPolqaSfbRecording_cut.wav,4.333333333,0.577350269,0.653333333,3
30062214_MinPolqaSfbRecording_cut.wav,3.666666667,0.577350269,0.653333333,3
30491116_MinPolqaSfbRecording_cut.wav,2.666666667,2.081665999,2.355626833,3
30488128_MinPolqaSfbRecording_cut.wav,3.333333333,2.081665999,2.355626833,3
30151599_MinPolqaSfbRecording_cut.wav,4.0,1.0,1.131606528,3
27892973_MinPolqaSfbRecording_cut.wav,4.333333333,0.577350269,0.653333333,3
28540161_MinPolqaSfbRecording_cut.wav,4.333333333,1.154700538,1.306666667,3
30491205_MinPolqaSfbRecording_cut.wav,2.6,1.673320053,1.466729696,5
30108510_MinPolqaSfbRecording_cut.wav,3.6,1.341640786,1.176,5
30082174_MinPolqaSfbRecording_cut.wav,3.8,0.447213595,0.392,5
30071632_MinPolqaSfbRecording_cut.wav,2.4,0.547722558,0.48009999,5
28520909_MinPolqaSfbRecording_cut.wav,4.6,0.547722558,0.48009999,5
30431746_MinPolqaSfbRecording_cut.wav,3.6,1.140175425,0.999407825,5
30118763_MinPolqaSfbRecording_cut.wav,2.8,1.303840481,1.142866571,5
30474444_MinPolqaSfbRecording_cut.wav,3.4,0.894427191,0.784,5
30107402_MinPolqaSfbRecording_cut.wav,4.2,1.303840481,1.142866571,5
30120656_MinPolqaSfbRecording_cut.wav,3.0,0.816496581,0.800166649,4
30423854_MinPolqaSfbRecording_cut.wav,2.5,1.0,0.98,4
28989748_MinPolqaSfbRecording_cut.wav,4.5,1.0,0.98,4
30119772_MinPolqaSfbRecording_cut.wav,3.25,0.5,0.49,4
28329077_MinPolqaSfbRecording_cut.wav,4.0,1.154700538,1.131606528,4
27872394_MinPolqaSfbRecording_cut.wav,3.25,0.957427108,0.938278566,4
30482981_MinPolqaSfbRecording_cut.wav,2.2,0.836660027,0.733364848,5
30067221_MinPolqaSfbRecording_cut.wav,2.4,0.547722558,0.48009999,5
30080744_MinPolqaSfbRecording_cut.wav,3.4,0.547722558,0.48009999,5
30085527_MinPolqaSfbRecording_cut.wav,1.4,0.894427191,0.784,5
30465892_MinPolqaSfbRecording_cut.wav,3.4,0.547722558,0.48009999,5
30496606_MinPolqaSfbRecording_cut.wav,3.6,0.547722558,0.48009999,5
30159019_MinPolqaSfbRecording_cut.wav,3.8,0.447213595,0.392,5
30461004_MinPolqaSfbRecording_cut.wav,2.2,0.836660027,0.733364848,5
30068045_MinPolqaSfbRecording_cut.wav,3.25,0.5,0.49,4
30211109_MinPolqaSfbRecording_cut.wav,2.5,0.577350269,0.565803264,4
30491400_MinPolqaSfbRecording_cut.wav,4.0,0.816496581,0.800166649,4
27858375_MinPolqaSfbRecording_cut.wav,3.5,0.577350269,0.565803264,4
30442317_MinPolqaSfbRecording_cut.wav,2.25,0.957427108,0.938278566,4
27903146_MinPolqaSfbRecording_cut.wav,3.75,0.5,0.49,4
30152408_MinPolqaSfbRecording_cut.wav,4.0,0.0,0.0,4
30433850_MinPolqaSfbRecording_cut.wav,2.75,0.5,0.49,4
30250791_MinPolqaSfbRecording_cut.wav,2.0,0.816496581,0.800166649,4
30415162_MinPolqaSfbRecording_cut.wav,4.75,0.5,0.49,4
30426252_MinPolqaSfbRecording_cut.wav,4.75,0.5,0.49,4
30101859_MinPolqaSfbRecording_cut.wav,3.25,0.957427108,0.938278566,4
30085872_MinPolqaSfbRecording_cut.wav,3.5,1.290994449,1.26517456,4
29068302_MinPolqaSfbRecording_cut.wav,4.25,0.957427108,0.938278566,4
28632747_MinPolqaSfbRecording_cut.wav,3.75,0.957427108,0.938278566,4
30446202_MinPolqaSfbRecording_cut.wav,4.25,0.957427108,0.938278566,4
29534182_MinPolqaSfbRecording_cut.wav,1.75,0.5,0.49,4
29542740_MinPolqaSfbRecording_cut.wav,1.75,0.5,0.49,4
30212366_MinPolqaSfbRecording_cut.wav,2.25,0.5,0.49,4
30179049_MinPolqaSfbRecording_cut.wav,1.75,0.957427108,0.938278566,4
30193299_MinPolqaSfbRecording_cut.wav,3.75,0.5,0.49,4
30479053_MinPolqaSfbRecording_cut.wav,1.5,0.577350269,0.565803264,4
30469079_MinPolqaSfbRecording_cut.wav,3.0,0.0,0.0,4
30117439_MinPolqaSfbRecording_cut.wav,3.25,0.5,0.49,4
28852805_MinPolqaSfbRecording_cut.wav,3.25,0.5,0.49,4
30132301_MinPolqaSfbRecording_cut.wav,3.6,0.547722558,0.48009999,5
30192974_MinPolqaSfbRecording_cut.wav,3.4,0.547722558,0.48009999,5
30249588_MinPolqaSfbRecording_cut.wav,2.6,0.547722558,0.48009999,5
30411386_MinPolqaSfbRecording_cut.wav,3.8,0.447213595,0.392,5
30458084_MinPolqaSfbRecording_cut.wav,3.0,0.707106781,0.619806421,5
30504673_MinPolqaSfbRecording_cut.wav,3.0,0.707106781,0.619806421,5
28656689_MinPolqaSfbRecording_cut.wav,4.25,0.5,0.49,4
30252293_MinPolqaSfbRecording_cut.wav,3.5,0.577350269,0.565803264,4
30214352_MinPolqaSfbRecording_cut.wav,2.5,0.577350269,0.565803264,4
30180807_MinPolqaSfbRecording_cut.wav,3.5,1.0,0.98,4
28497400_MinPolqaSfbRecording_cut.wav,4.5,0.577350269,0.565803264,4
30429492_MinPolqaSfbRecording_cut.wav,3.75,0.5,0.49,4
30058470_MinPolqaSfbRecording_cut.wav,4.0,0.0,0.0,4
27825140_MinPolqaSfbRecording_cut.wav,3.5,0.577350269,0.565803264,4
30405270_MinPolqaSfbRecording_cut.wav,2.0,1.0,1.131606528,3
27902568_MinPolqaSfbRecording_cut.wav,3.333333333,0.577350269,0.653333333,3
30482241_MinPolqaSfbRecording_cut.wav,2.666666667,0.577350269,0.653333333,3
28354184_MinPolqaSfbRecording_cut.wav,3.666666667,0.577350269,0.653333333,3
28843396_MinPolqaSfbRecording_cut.wav,3.666666667,0.577350269,0.653333333,3
28306891_MinPolqaSfbRecording_cut.wav,3.0,1.0,1.131606528,3
30401923_MinPolqaSfbRecording_cut.wav,2.333333333,0.577350269,0.653333333,3
30164706_MinPolqaSfbRecording_cut.wav,3.0,2.0,2.263213055,3
30178928_MinPolqaSfbRecording_cut.wav,2.0,1.732050808,1.96,3
28419552_MinPolqaSfbRecording_cut.wav,4.0,0.707106781,0.619806421,5
30520416_MinPolqaSfbRecording_cut.wav,2.8,0.447213595,0.392,5
28230284_MinPolqaSfbRecording_cut.wav,3.6,0.547722558,0.48009999,5
30213023_MinPolqaSfbRecording_cut.wav,3.4,0.547722558,0.48009999,5
28552558_MinPolqaSfbRecording_cut.wav,4.0,0.0,0.0,5
30118389_MinPolqaSfbRecording_cut.wav,3.4,0.547722558,0.48009999,5
28270075_MinPolqaSfbRecording_cut.wav,3.4,0.547722558,0.48009999,5
30134558_MinPolqaSfbRecording_cut.wav,3.4,0.894427191,0.784,5
30154745_MinPolqaSfbRecording_cut.wav,3.8,0.447213595,0.392,5
30480927_MinPolqaSfbRecording_cut.wav,3.8,0.447213595,0.392,5
30482533_MinPolqaSfbRecording_cut.wav,2.0,0.816496581,0.800166649,4
28228234_MinPolqaSfbRecording_cut.wav,3.75,0.957427108,0.938278566,4
30481426_MinPolqaSfbRecording_cut.wav,2.0,0.816496581,0.800166649,4
28439162_MinPolqaSfbRecording_cut.wav,3.75,0.5,0.49,4
30176896_MinPolqaSfbRecording_cut.wav,1.75,0.5,0.49,4
30427310_MinPolqaSfbRecording_cut.wav,2.5,0.577350269,0.565803264,4
30478044_MinPolqaSfbRecording_cut.wav,1.75,0.5,0.49,4
30184156_MinPolqaSfbRecording_cut.wav,3.0,0.707106781,0.619806421,5
30475655_MinPolqaSfbRecording_cut.wav,3.2,0.836660027,0.733364848,5
30066049_MinPolqaSfbRecording_cut.wav,2.2,0.836660027,0.733364848,5
28879366_MinPolqaSfbRecording_cut.wav,4.2,0.836660027,0.733364848,5
30529389_MinPolqaSfbRecording_cut.wav,2.6,0.547722558,0.48009999,5
30083753_MinPolqaSfbRecording_cut.wav,2.4,0.547722558,0.48009999,5
30263048_MinPolqaSfbRecording_cut.wav,2.4,0.547722558,0.48009999,5
28257666_MinPolqaSfbRecording_cut.wav,3.6,0.547722558,0.48009999,5
30148610_MinPolqaSfbRecording_cut.wav,1.6,0.547722558,0.48009999,5
30482399_MinPolqaSfbRecording_cut.wav,2.5,0.577350269,0.565803264,4
30107977_MinPolqaSfbRecording_cut.wav,1.5,0.577350269,0.565803264,4
30091798_MinPolqaSfbRecording_cut.wav,3.0,0.816496581,0.800166649,4
30429525_MinPolqaSfbRecording_cut.wav,2.5,1.0,0.98,4
30516806_MinPolqaSfbRecording_cut.wav,2.0,0.0,0.0,4
30132703_MinPolqaSfbRecording_cut.wav,4.0,0.816496581,0.800166649,4
30192671_MinPolqaSfbRecording_cut.wav,2.5,0.577350269,0.565803264,4
28931430_MinPolqaSfbRecording_cut.wav,3.0,1.0,1.131606528,3
30164551_MinPolqaSfbRecording_cut.wav,3.0,0.0,0.0,3
30163528_MinPolqaSfbRecording_cut.wav,1.666666667,0.577350269,0.653333333,3
30073079_MinPolqaSfbRecording_cut.wav,1.666666667,1.154700538,1.306666667,3
30162042_MinPolqaSfbRecording_cut.wav,1.666666667,1.154700538,1.306666667,3
28314571_MinPolqaSfbRecording_cut.wav,3.666666667,1.527525232,1.728557523,3
29533238_MinPolqaSfbRecording_cut.wav,2.333333333,0.577350269,0.653333333,3
28117950_MinPolqaSfbRecording_cut.wav,3.0,0.0,0.0,3
30157131_MinPolqaSfbRecording_cut.wav,4.333333333,0.577350269,0.653333333,3
28657955_MinPolqaSfbRecording_cut.wav,4.666666667,0.577350269,0.653333333,3
28689088_MinPolqaSfbRecording_cut.wav,4.666666667,0.577350269,0.653333333,3
30253255_MinPolqaSfbRecording_cut.wav,2.333333333,1.154700538,1.306666667,3
30154346_MinPolqaSfbRecording_cut.wav,4.0,0.0,0.0,3
27659073_MinPolqaSfbRecording_cut.wav,3.666666667,1.527525232,1.728557523,3
30210861_MinPolqaSfbRecording_cut.wav,3.0,1.0,1.131606528,3
28459923_MinPolqaSfbRecording_cut.wav,4.333333333,0.577350269,0.653333333,3
30090729_MinPolqaSfbRecording_cut.wav,2.666666667,0.577350269,0.653333333,3
27973889_MinPolqaSfbRecording_cut.wav,4.0,1.0,1.131606528,3
30426392_MinPolqaSfbRecording_cut.wav,3.333333333,0.577350269,0.653333333,3
30159587_MinPolqaSfbRecording_cut.wav,3.0,1.0,1.131606528,3
30488008_MinPolqaSfbRecording_cut.wav,2.333333333,0.577350269,0.653333333,3
30514083_MinPolqaSfbRecording_cut.wav,3.0,0.0,0.0,3
30103749_MinPolqaSfbRecording_cut.wav,3.0,1.0,1.131606528,3
30429665_MinPolqaSfbRecording_cut.wav,1.0,0.0,0.0,3
29535428_MinPolqaSfbRecording_cut.wav,3.333333333,0.577350269,0.653333333,3
28109019_MinPolqaSfbRecording_cut.wav,3.0,1.0,1.131606528,3
30156002_MinPolqaSfbRecording_cut.wav,1.666666667,0.577350269,0.653333333,3
30475549_MinPolqaSfbRecording_cut.wav,3.666666667,1.154700538,1.306666667,3
29541742_MinPolqaSfbRecording_cut.wav,4.0,1.0,1.131606528,3
30449427_MinPolqaSfbRecording_cut.wav,1.333333333,0.577350269,0.653333333,3
30193604_MinPolqaSfbRecording_cut.wav,2.666666667,0.577350269,0.653333333,3
30421912_MinPolqaSfbRecording_cut.wav,3.666666667,0.577350269,0.653333333,3
30529948_MinPolqaSfbRecording_cut.wav,2.333333333,0.577350269,0.653333333,3
30449473_MinPolqaSfbRecording_cut.wav,3.333333333,0.577350269,0.653333333,3
28466096_MinPolqaSfbRecording_cut.wav,4.666666667,0.577350269,0.653333333,3
28206826_MinPolqaSfbRecording_cut.wav,3.333333333,0.577350269,0.653333333,3
30477757_MinPolqaSfbRecording_cut.wav,3.333333333,0.577350269,0.653333333,3
30145423_MinPolqaSfbRecording_cut.wav,3.0,1.0,1.131606528,3
29540431_MinPolqaSfbRecording_cut.wav,3.0,1.0,1.131606528,3
28795464_MinPolqaSfbRecording_cut.wav,3.333333333,0.577350269,0.653333333,3
27736817_MinPolqaSfbRecording_cut.wav,3.333333333,0.577350269,0.653333333,3
30145271_MinPolqaSfbRecording_cut.wav,2.5,2.121320344,2.94,2
30183808_MinPolqaSfbRecording_cut.wav,2.0,1.414213562,1.96,2
30478683_MinPolqaSfbRecording_cut.wav,1.5,0.707106781,0.98,2
27739196_MinPolqaSfbRecording_cut.wav,3.0,1.414213562,1.96,2
30212736_MinPolqaSfbRecording_cut.wav,3.0,1.414213562,1.96,2
27666445_MinPolqaSfbRecording_cut.wav,4.5,0.707106781,0.98,2
30065306_MinPolqaSfbRecording_cut.wav,2.5,0.707106781,0.98,2
30509522_MinPolqaSfbRecording_cut.wav,1.0,0.0,0.0,2
29045995_MinPolqaSfbRecording_cut.wav,3.5,0.707106781,0.98,2
30463508_MinPolqaSfbRecording_cut.wav,1.0,0.0,0.0,3
30255189_MinPolqaSfbRecording_cut.wav,1.666666667,0.577350269,0.653333333,3
30486597_MinPolqaSfbRecording_cut.wav,3.0,1.0,1.131606528,3
30136431_MinPolqaSfbRecording_cut.wav,2.0,0.0,0.0,3
28785899_MinPolqaSfbRecording_cut.wav,3.666666667,1.154700538,1.306666667,3
30492236_MinPolqaSfbRecording_cut.wav,3.333333333,0.577350269,0.653333333,3
30174512_MinPolqaSfbRecording_cut.wav,1.666666667,1.154700538,1.306666667,3
30198787_MinPolqaSfbRecording_cut.wav,2.666666667,0.577350269,0.653333333,3
30066843_MinPolqaSfbRecording_cut.wav,1.666666667,0.577350269,0.653333333,3
30406502_MinPolqaSfbRecording_cut.wav,4.0,0.707106781,0.619806421,5
28208548_MinPolqaSfbRecording_cut.wav,3.4,0.894427191,0.784,5
30522516_MinPolqaSfbRecording_cut.wav,1.8,0.836660027,0.733364848,5
30408781_MinPolqaSfbRecording_cut.wav,4.0,0.0,0.0,5
30194492_MinPolqaSfbRecording_cut.wav,2.6,0.547722558,0.48009999,5
30092485_MinPolqaSfbRecording_cut.wav,2.6,0.894427191,0.784,5
27736500_MinPolqaSfbRecording_cut.wav,3.6,0.547722558,0.48009999,5
27950069_MinPolqaSfbRecording_cut.wav,3.6,0.547722558,0.48009999,5
30099858_MinPolqaSfbRecording_cut.wav,2.2,0.836660027,0.733364848,5
28607619_MinPolqaSfbRecording_cut.wav,3.4,0.547722558,0.48009999,5
30260731_MinPolqaSfbRecording_cut.wav,1.25,0.5,0.49,4
30095926_MinPolqaSfbRecording_cut.wav,2.5,0.577350269,0.565803264,4
29541493_MinPolqaSfbRecording_cut.wav,3.25,0.957427108,0.938278566,4
30180639_MinPolqaSfbRecording_cut.wav,2.75,0.5,0.49,4
30091830_MinPolqaSfbRecording_cut.wav,3.25,0.5,0.49,4
30263909_MinPolqaSfbRecording_cut.wav,2.0,0.816496581,0.800166649,4
27823436_MinPolqaSfbRecording_cut.wav,4.25,0.5,0.49,4
30484733_MinPolqaSfbRecording_cut.wav,3.75,0.5,0.49,4
30104567_MinPolqaSfbRecording_cut.wav,3.0,0.816496581,0.800166649,4
30529466_MinPolqaSfbRecording_cut.wav,1.333333333,0.577350269,0.653333333,3
30523233_MinPolqaSfbRecording_cut.wav,2.0,1.0,1.131606528,3
28983209_MinPolqaSfbRecording_cut.wav,4.666666667,0.577350269,0.653333333,3
27624512_MinPolqaSfbRecording_cut.wav,3.666666667,0.577350269,0.653333333,3
30434877_MinPolqaSfbRecording_cut.wav,2.0,0.0,0.0,3
30424196_MinPolqaSfbRecording_cut.wav,3.8,1.303840481,1.142866571,5
28255304_MinPolqaSfbRecording_cut.wav,3.6,0.547722558,0.48009999,5
28902008_MinPolqaSfbRecording_cut.wav,3.6,0.894427191,0.784,5
30503659_MinPolqaSfbRecording_cut.wav,3.0,1.224744871,1.073536213,5
30128982_MinPolqaSfbRecording_cut.wav,3.6,0.547722558,0.48009999,5
30200168_MinPolqaSfbRecording_cut.wav,2.2,0.836660027,0.733364848,5
30147242_MinPolqaSfbRecording_cut.wav,3.6,1.516575089,1.329336677,5
28323010_MinPolqaSfbRecording_cut.wav,3.8,0.836660027,0.733364848,5
30202369_MinPolqaSfbRecording_cut.wav,3.4,1.140175425,0.999407825,5
30255289_MinPolqaSfbRecording_cut.wav,3.8,0.447213595,0.392,5
27517523_MinPolqaSfbRecording_cut.wav,3.4,0.547722558,0.48009999,5
30097396_MinPolqaSfbRecording_cut.wav,3.2,0.447213595,0.392,5
30159764_MinPolqaSfbRecording_cut.wav,3.2,0.836660027,0.733364848,5
28559279_MinPolqaSfbRecording_cut.wav,3.6,0.547722558,0.48009999,5
30262250_MinPolqaSfbRecording_cut.wav,3.6,0.547722558,0.48009999,5
30405136_MinPolqaSfbRecording_cut.wav,2.8,0.447213595,0.392,5
30201915_MinPolqaSfbRecording_cut.wav,1.4,0.547722558,0.48009999,5
30090178_MinPolqaSfbRecording_cut.wav,2.2,0.836660027,0.733364848,5
30487016_MinPolqaSfbRecording_cut.wav,2.6,0.547722558,0.48009999,5
30258094_MinPolqaSfbRecording_cut.wav,2.2,0.447213595,0.392,5
30447273_MinPolqaSfbRecording_cut.wav,2.0,0.0,0.0,5
30186288_MinPolqaSfbRecording_cut.wav,3.6,1.341640786,1.176,5
30070700_MinPolqaSfbRecording_cut.wav,3.4,0.547722558,0.48009999,5
29539211_MinPolqaSfbRecording_cut.wav,2.2,0.836660027,0.733364848,5
30073006_MinPolqaSfbRecording_cut.wav,2.8,0.447213595,0.392,5
30161239_MinPolqaSfbRecording_cut.wav,2.4,0.547722558,0.48009999,5
27782968_MinPolqaSfbRecording_cut.wav,4.0,1.0,0.876538647,5
30205019_MinPolqaSfbRecording_cut.wav,2.8,0.447213595,0.392,5
30432495_MinPolqaSfbRecording_cut.wav,3.0,0.707106781,0.619806421,5
30146068_MinPolqaSfbRecording_cut.wav,1.6,0.547722558,0.48009999,5
27633399_MinPolqaSfbRecording_cut.wav,3.6,1.140175425,0.999407825,5
30138141_MinPolqaSfbRecording_cut.wav,2.4,0.547722558,0.48009999,5
30120989_MinPolqaSfbRecording_cut.wav,3.8,0.447213595,0.392,5
27834749_MinPolqaSfbRecording_cut.wav,3.8,0.836660027,0.733364848,5
30076630_MinPolqaSfbRecording_cut.wav,3.2,1.303840481,1.142866571,5
30478360_MinPolqaSfbRecording_cut.wav,3.2,0.447213595,0.392,5
30098770_MinPolqaSfbRecording_cut.wav,1.6,0.894427191,0.784,5
27849813_MinPolqaSfbRecording_cut.wav,3.6,0.894427191,0.784,5
30161140_MinPolqaSfbRecording_cut.wav,2.0,1.0,0.876538647,5
30530171_MinPolqaSfbRecording_cut.wav,2.0,2.0,1.96,4
30098086_MinPolqaSfbRecording_cut.wav,3.75,0.957427108,0.938278566,4
30163548_MinPolqaSfbRecording_cut.wav,2.5,1.0,0.98,4
30129028_MinPolqaSfbRecording_cut.wav,3.75,0.5,0.49,4
28493852_MinPolqaSfbRecording_cut.wav,2.75,0.957427108,0.938278566,4
29533306_MinPolqaSfbRecording_cut.wav,4.25,0.957427108,0.938278566,4
30407489_MinPolqaSfbRecording_cut.wav,2.5,0.577350269,0.565803264,4
28586341_MinPolqaSfbRecording_cut.wav,4.25,0.5,0.49,4
30090004_MinPolqaSfbRecording_cut.wav,2.75,1.707825128,1.673668625,4
30254476_MinPolqaSfbRecording_cut.wav,4.0,0.816496581,0.800166649,4
30114131_MinPolqaSfbRecording_cut.wav,4.25,0.957427108,0.938278566,4
27876516_MinPolqaSfbRecording_cut.wav,5.0,0.0,0.0,4
30427740_MinPolqaSfbRecording_cut.wav,3.5,1.0,0.98,4
30161118_MinPolqaSfbRecording_cut.wav,3.0,0.816496581,0.800166649,4
30474865_MinPolqaSfbRecording_cut.wav,3.75,0.5,0.49,4
30201469_MinPolqaSfbRecording_cut.wav,2.25,0.957427108,0.938278566,4
30202267_MinPolqaSfbRecording_cut.wav,3.75,1.258305739,1.233139624,4
30132907_MinPolqaSfbRecording_cut.wav,3.0,1.154700538,1.131606528,4
30258017_MinPolqaSfbRecording_cut.wav,4.0,0.816496581,0.800166649,4
27593292_MinPolqaSfbRecording_cut.wav,4.0,1.154700538,1.131606528,4
28610239_MinPolqaSfbRecording_cut.wav,3.25,0.957427108,0.938278566,4
30176727_MinPolqaSfbRecording_cut.wav,2.75,0.957427108,0.938278566,4
30249471_MinPolqaSfbRecording_cut.wav,3.75,1.258305739,1.233139624,4
30413102_MinPolqaSfbRecording_cut.wav,2.75,1.258305739,1.233139624,4
30516869_MinPolqaSfbRecording_cut.wav,3.5,1.290994449,1.26517456,4
30137766_MinPolqaSfbRecording_cut.wav,3.5,0.577350269,0.565803264,4
30096491_MinPolqaSfbRecording_cut.wav,2.5,1.290994449,1.26517456,4
30138563_MinPolqaSfbRecording_cut.wav,3.5,0.577350269,0.565803264,4
28551115_MinPolqaSfbRecording_cut.wav,4.5,0.577350269,0.565803264,4
28949418_MinPolqaSfbRecording_cut.wav,3.0,0.816496581,0.800166649,4
27738970_MinPolqaSfbRecording_cut.wav,3.75,0.957427108,0.938278566,4
28449228_MinPolqaSfbRecording_cut.wav,4.25,0.957427108,0.938278566,4
28848336_MinPolqaSfbRecording_cut.wav,4.25,0.957427108,0.938278566,4
30210903_MinPolqaSfbRecording_cut.wav,3.25,1.5,1.47,4
30436286_MinPolqaSfbRecording_cut.wav,4.5,0.577350269,0.565803264,4
30149678_MinPolqaSfbRecording_cut.wav,3.0,0.816496581,0.800166649,4
30110255_MinPolqaSfbRecording_cut.wav,2.75,0.957427108,0.938278566,4
30198641_MinPolqaSfbRecording_cut.wav,3.0,0.816496581,0.800166649,4
30202664_MinPolqaSfbRecording_cut.wav,2.5,1.290994449,1.26517456,4
30147416_MinPolqaSfbRecording_cut.wav,3.5,1.290994449,1.26517456,4
30100595_MinPolqaSfbRecording_cut.wav,1.0,0.0,0.0,4
30169695_MinPolqaSfbRecording_cut.wav,3.75,1.258305739,1.233139624,4
29530877_MinPolqaSfbRecording_cut.wav,2.6,0.894427191,0.784,5
30083550_MinPolqaSfbRecording_cut.wav,2.8,1.303840481,1.142866571,5
30085977_MinPolqaSfbRecording_cut.wav,1.8,0.836660027,0.733364848,5
28940419_MinPolqaSfbRecording_cut.wav,3.8,0.836660027,0.733364848,5
28555036_MinPolqaSfbRecording_cut.wav,3.2,0.836660027,0.733364848,5
30103759_MinPolqaSfbRecording_cut.wav,3.0,1.58113883,1.385929291,5
30515750_MinPolqaSfbRecording_cut.wav,2.8,0.447213595,0.392,5
30101015_MinPolqaSfbRecording_cut.wav,2.6,0.547722558,0.48009999,5
27809919_MinPolqaSfbRecording_cut.wav,2.8,0.447213595,0.392,5
30165128_MinPolqaSfbRecording_cut.wav,2.2,0.836660027,0.733364848,5
30092154_MinPolqaSfbRecording_cut.wav,3.0,1.0,0.876538647,5
30433953_MinPolqaSfbRecording_cut.wav,2.2,1.095445115,0.960199979,5
30408798_MinPolqaSfbRecording_cut.wav,1.4,0.547722558,0.48009999,5
30172330_MinPolqaSfbRecording_cut.wav,2.2,0.836660027,0.733364848,5
27623269_MinPolqaSfbRecording_cut.wav,3.8,0.836660027,0.733364848,5
30198675_MinPolqaSfbRecording_cut.wav,2.5,0.577350269,0.565803264,4
27957965_MinPolqaSfbRecording_cut.wav,4.5,0.577350269,0.565803264,4
28627240_MinPolqaSfbRecording_cut.wav,3.25,0.5,0.49,4
30461252_MinPolqaSfbRecording_cut.wav,2.75,0.5,0.49,4
29540667_MinPolqaSfbRecording_cut.wav,2.25,0.957427108,0.938278566,4
28775325_MinPolqaSfbRecording_cut.wav,4.25,0.5,0.49,4
30201372_MinPolqaSfbRecording_cut.wav,3.25,0.5,0.49,4
30492732_MinPolqaSfbRecording_cut.wav,2.5,0.577350269,0.565803264,4
29534271_MinPolqaSfbRecording_cut.wav,4.0,0.0,0.0,4
30097234_MinPolqaSfbRecording_cut.wav,2.333333333,0.577350269,0.653333333,3
29542440_MinPolqaSfbRecording_cut.wav,3.666666667,0.577350269,0.653333333,3
30514051_MinPolqaSfbRecording_cut.wav,2.666666667,0.577350269,0.653333333,3
30098802_MinPolqaSfbRecording_cut.wav,3.333333333,0.577350269,0.653333333,3
30199089_MinPolqaSfbRecording_cut.wav,2.666666667,0.577350269,0.653333333,3
30066783_MinPolqaSfbRecording_cut.wav,2.666666667,0.577350269,0.653333333,3
30128123_MinPolqaSfbRecording_cut.wav,3.0,1.0,1.131606528,3
28201417_MinPolqaSfbRecording_cut.wav,3.25,0.957427108,0.938278566,4
30135696_MinPolqaSfbRecording_cut.wav,2.25,1.258305739,1.233139624,4
30061937_MinPolqaSfbRecording_cut.wav,3.0,1.414213562,1.385929291,4
30097446_MinPolqaSfbRecording_cut.wav,2.75,1.258305739,1.233139624,4
30068429_MinPolqaSfbRecording_cut.wav,3.75,1.892969449,1.85511006,4
30119006_MinPolqaSfbRecording_cut.wav,3.0,0.816496581,0.800166649,4
28705394_MinPolqaSfbRecording_cut.wav,2.75,0.5,0.49,4
29529787_MinPolqaSfbRecording_cut.wav,2.5,1.290994449,1.26517456,4
30121869_MinPolqaSfbRecording_cut.wav,3.25,0.5,0.49,4
29535315_MinPolqaSfbRecording_cut.wav,3.25,0.957427108,0.938278566,4
30426315_MinPolqaSfbRecording_cut.wav,3.0,0.816496581,0.800166649,4
30409748_MinPolqaSfbRecording_cut.wav,3.25,0.5,0.49,4
30473376_MinPolqaSfbRecording_cut.wav,4.0,0.0,0.0,4
30208786_MinPolqaSfbRecording_cut.wav,4.0,0.816496581,0.800166649,4
28114642_MinPolqaSfbRecording_cut.wav,3.75,0.957427108,0.938278566,4
28534774_MinPolqaSfbRecording_cut.wav,3.5,0.577350269,0.565803264,4
28616839_MinPolqaSfbRecording_cut.wav,4.5,0.577350269,0.565803264,4
29540641_MinPolqaSfbRecording_cut.wav,3.0,0.816496581,0.800166649,4
30200318_MinPolqaSfbRecording_cut.wav,2.5,1.290994449,1.26517456,4
30171530_MinPolqaSfbRecording_cut.wav,3.25,0.957427108,0.938278566,4
30098318_MinPolqaSfbRecording_cut.wav,3.0,0.816496581,0.800166649,4
30161087_MinPolqaSfbRecording_cut.wav,3.0,1.632993162,1.600333299,4
30088666_MinPolqaSfbRecording_cut.wav,2.0,0.816496581,0.800166649,4
30078998_MinPolqaSfbRecording_cut.wav,2.75,1.5,1.47,4
30086751_MinPolqaSfbRecording_cut.wav,2.333333333,1.527525232,1.728557523,3
30114091_MinPolqaSfbRecording_cut.wav,4.666666667,0.577350269,0.653333333,3
29533324_MinPolqaSfbRecording_cut.wav,4.0,1.0,1.131606528,3
30065753_MinPolqaSfbRecording_cut.wav,4.0,1.0,1.131606528,3
30143007_MinPolqaSfbRecording_cut.wav,4.0,1.0,1.131606528,3
30181977_MinPolqaSfbRecording_cut.wav,2.333333333,1.527525232,1.728557523,3
30085363_MinPolqaSfbRecording_cut.wav,2.333333333,1.527525232,1.728557523,3
27738784_MinPolqaSfbRecording_cut.wav,4.333333333,1.154700538,1.306666667,3
30527678_MinPolqaSfbRecording_cut.wav,4.0,1.0,1.131606528,3
30208934_MinPolqaSfbRecording_cut.wav,4.0,1.0,1.131606528,3
30259103_MinPolqaSfbRecording_cut.wav,3.8,1.095445115,0.960199979,5
30143050_MinPolqaSfbRecording_cut.wav,2.6,1.140175425,0.999407825,5
30528035_MinPolqaSfbRecording_cut.wav,2.4,0.894427191,0.784,5
30453172_MinPolqaSfbRecording_cut.wav,1.8,0.836660027,0.733364848,5
30520652_MinPolqaSfbRecording_cut.wav,2.6,1.140175425,0.999407825,5
30467007_MinPolqaSfbRecording_cut.wav,3.0,1.224744871,1.073536213,5
30511166_MinPolqaSfbRecording_cut.wav,1.8,0.447213595,0.392,5
30152068_MinPolqaSfbRecording_cut.wav,3.4,0.894427191,0.784,5
30188932_MinPolqaSfbRecording_cut.wav,3.5,1.0,0.98,4
30138535_MinPolqaSfbRecording_cut.wav,4.0,0.0,0.0,4
30109796_MinPolqaSfbRecording_cut.wav,3.25,0.5,0.49,4
30070242_MinPolqaSfbRecording_cut.wav,2.25,0.957427108,0.938278566,4
30127883_MinPolqaSfbRecording_cut.wav,4.25,0.5,0.49,4
30405394_MinPolqaSfbRecording_cut.wav,1.75,0.5,0.49,4
30462772_MinPolqaSfbRecording_cut.wav,2.5,0.577350269,0.565803264,4
30070120_MinPolqaSfbRecording_cut.wav,3.25,0.957427108,0.938278566,4
30443546_MinPolqaSfbRecording_cut.wav,2.25,0.5,0.49,4
30106976_MinPolqaSfbRecording_cut.wav,4.0,0.816496581,0.800166649,4
30211870_MinPolqaSfbRecording_cut.wav,3.25,0.5,0.49,4
30197695_MinPolqaSfbRecording_cut.wav,2.75,0.5,0.49,4
30411843_MinPolqaSfbRecording_cut.wav,3.75,0.957427108,0.938278566,4
29530868_MinPolqaSfbRecording_cut.wav,2.75,0.957427108,0.938278566,4
30461172_MinPolqaSfbRecording_cut.wav,3.75,0.5,0.49,4
30409417_MinPolqaSfbRecording_cut.wav,3.25,0.957427108,0.938278566,4
30492878_MinPolqaSfbRecording_cut.wav,2.75,0.5,0.49,4
30140777_MinPolqaSfbRecording_cut.wav,4.5,0.577350269,0.565803264,4
30259119_MinPolqaSfbRecording_cut.wav,3.75,0.5,0.49,4
28516108_MinPolqaSfbRecording_cut.wav,4.25,0.5,0.49,4
30434080_MinPolqaSfbRecording_cut.wav,3.25,1.258305739,1.233139624,4
30160123_MinPolqaSfbRecording_cut.wav,2.0,0.816496581,0.800166649,4
28011514_MinPolqaSfbRecording_cut.wav,4.75,0.5,0.49,4
30067590_MinPolqaSfbRecording_cut.wav,2.5,0.577350269,0.565803264,4
30083015_MinPolqaSfbRecording_cut.wav,3.0,,,1
30509986_MinPolqaSfbRecording_cut.wav,3.0,,,1
27510435_MinPolqaSfbRecording_cut.wav,3.0,,,1
27709185_MinPolqaSfbRecording_cut.wav,3.0,,,1
27744689_MinPolqaSfbRecording_cut.wav,4.0,,,1
28465867_MinPolqaSfbRecording_cut.wav,3.0,,,1
30202091_MinPolqaSfbRecording_cut.wav,3.0,,,1
30429310_MinPolqaSfbRecording_cut.wav,3.0,,,1
30184454_MinPolqaSfbRecording_cut.wav,3.0,,,1
28102616_MinPolqaSfbRecording_cut.wav,3.0,,,1
28266142_MinPolqaSfbRecording_cut.wav,4.0,0.816496581,0.800166649,4
30099534_MinPolqaSfbRecording_cut.wav,2.25,0.5,0.49,4
30097729_MinPolqaSfbRecording_cut.wav,3.75,0.5,0.49,4
28955415_MinPolqaSfbRecording_cut.wav,3.0,0.816496581,0.800166649,4
30512419_MinPolqaSfbRecording_cut.wav,2.25,1.258305739,1.233139624,4
30472859_MinPolqaSfbRecording_cut.wav,3.25,1.258305739,1.233139624,4
30183671_MinPolqaSfbRecording_cut.wav,3.8,0.836660027,0.733364848,5
28243731_MinPolqaSfbRecording_cut.wav,3.6,1.140175425,0.999407825,5
30083083_MinPolqaSfbRecording_cut.wav,3.6,0.547722558,0.48009999,5
30444220_MinPolqaSfbRecording_cut.wav,3.6,1.140175425,0.999407825,5
30093317_MinPolqaSfbRecording_cut.wav,3.0,1.224744871,1.073536213,5
27739264_MinPolqaSfbRecording_cut.wav,4.4,0.894427191,0.784,5
30480254_MinPolqaSfbRecording_cut.wav,3.2,1.303840481,1.142866571,5
30178620_MinPolqaSfbRecording_cut.wav,3.0,1.0,0.876538647,5
30209924_MinPolqaSfbRecording_cut.wav,1.4,0.547722558,0.48009999,5
30440223_MinPolqaSfbRecording_cut.wav,2.4,0.547722558,0.48009999,5
30106310_MinPolqaSfbRecording_cut.wav,3.4,1.140175425,0.999407825,5
30058835_MinPolqaSfbRecording_cut.wav,3.2,0.447213595,0.392,5
30413801_MinPolqaSfbRecording_cut.wav,3.4,1.140175425,0.999407825,5
28254432_MinPolqaSfbRecording_cut.wav,3.75,0.957427108,0.938278566,4
27148013_MinPolqaSfbRecording_cut.wav,3.75,0.957427108,0.938278566,4
28692714_MinPolqaSfbRecording_cut.wav,3.75,0.957427108,0.938278566,4
30172260_MinPolqaSfbRecording_cut.wav,3.25,1.258305739,1.233139624,4
30148022_MinPolqaSfbRecording_cut.wav,2.25,1.5,1.47,4
30153914_MinPolqaSfbRecording_cut.wav,3.0,0.816496581,0.800166649,4
30444232_MinPolqaSfbRecording_cut.wav,3.25,0.5,0.49,4
30258758_MinPolqaSfbRecording_cut.wav,2.75,0.957427108,0.938278566,4
28244579_MinPolqaSfbRecording_cut.wav,3.333333333,0.577350269,0.653333333,3
30210928_MinPolqaSfbRecording_cut.wav,3.333333333,0.577350269,0.653333333,3
29536315_MinPolqaSfbRecording_cut.wav,3.333333333,0.577350269,0.653333333,3
30510025_MinPolqaSfbRecording_cut.wav,3.666666667,1.154700538,1.306666667,3
30424829_MinPolqaSfbRecording_cut.wav,2.333333333,1.527525232,1.728557523,3
30119459_MinPolqaSfbRecording_cut.wav,3.333333333,0.577350269,0.653333333,3
30404847_MinPolqaSfbRecording_cut.wav,4.0,1.0,1.131606528,3
27587045_MinPolqaSfbRecording_cut.wav,4.333333333,0.577350269,0.653333333,3
30121786_MinPolqaSfbRecording_cut.wav,3.666666667,1.154700538,1.306666667,3
28074020_MinPolqaSfbRecording_cut.wav,4.333333333,0.577350269,0.653333333,3
30455009_MinPolqaSfbRecording_cut.wav,2.0,0.707106781,0.619806421,5
30141803_MinPolqaSfbRecording_cut.wav,2.8,1.095445115,0.960199979,5
30430109_MinPolqaSfbRecording_cut.wav,2.0,0.707106781,0.619806421,5
28113853_MinPolqaSfbRecording_cut.wav,3.6,1.140175425,0.999407825,5
30527921_MinPolqaSfbRecording_cut.wav,2.0,1.0,0.876538647,5
29529636_MinPolqaSfbRecording_cut.wav,3.6,0.894427191,0.784,5
30516742_MinPolqaSfbRecording_cut.wav,2.4,0.894427191,0.784,5
30522312_MinPolqaSfbRecording_cut.wav,2.0,0.707106781,0.619806421,5
30487597_MinPolqaSfbRecording_cut.wav,3.6,1.140175425,0.999407825,5
30431422_MinPolqaSfbRecording_cut.wav,3.2,0.836660027,0.733364848,5
30060611_MinPolqaSfbRecording_cut.wav,3.4,1.140175425,0.999407825,5
30113303_MinPolqaSfbRecording_cut.wav,3.8,0.447213595,0.392,5
30255796_MinPolqaSfbRecording_cut.wav,3.8,0.836660027,0.733364848,5
30260253_MinPolqaSfbRecording_cut.wav,3.8,0.836660027,0.733364848,5
30431097_MinPolqaSfbRecording_cut.wav,3.4,0.547722558,0.48009999,5
30061455_MinPolqaSfbRecording_cut.wav,3.2,1.483239697,1.300116918,5
30069990_MinPolqaSfbRecording_cut.wav,3.0,0.816496581,0.800166649,4
27918706_MinPolqaSfbRecording_cut.wav,4.0,0.816496581,0.800166649,4
30433982_MinPolqaSfbRecording_cut.wav,4.0,0.816496581,0.800166649,4
28208954_MinPolqaSfbRecording_cut.wav,3.75,0.957427108,0.938278566,4
28769547_MinPolqaSfbRecording_cut.wav,3.75,0.957427108,0.938278566,4
30150777_MinPolqaSfbRecording_cut.wav,3.5,1.0,0.98,4
30070215_MinPolqaSfbRecording_cut.wav,3.5,0.577350269,0.565803264,4
30256284_MinPolqaSfbRecording_cut.wav,3.0,1.414213562,1.385929291,4
30407441_MinPolqaSfbRecording_cut.wav,2.75,1.258305739,1.233139624,4
30156809_MinPolqaSfbRecording_cut.wav,3.25,1.258305739,1.233139624,4
28740983_MinPolqaSfbRecording_cut.wav,3.5,0.577350269,0.565803264,4
28834995_MinPolqaSfbRecording_cut.wav,3.5,0.577350269,0.565803264,4
29556440_MinPolqaSfbRecording_cut.wav,2.25,1.892969449,1.85511006,4
27667722_MinPolqaSfbRecording_cut.wav,3.75,0.5,0.49,4
30142428_MinPolqaSfbRecording_cut.wav,2.0,1.414213562,1.385929291,4
30531948_MinPolqaSfbRecording_cut.wav,2.25,1.258305739,1.233139624,4
30121343_MinPolqaSfbRecording_cut.wav,2.5,0.577350269,0.565803264,4
28819256_MinPolqaSfbRecording_cut.wav,2.75,0.957427108,0.938278566,4
30133350_MinPolqaSfbRecording_cut.wav,1.5,1.0,0.98,4
30071282_MinPolqaSfbRecording_cut.wav,4.25,0.957427108,0.938278566,4
30462522_MinPolqaSfbRecording_cut.wav,2.25,0.5,0.49,4
30067195_MinPolqaSfbRecording_cut.wav,2.75,0.5,0.49,4
30141842_MinPolqaSfbRecording_cut.wav,3.5,1.0,0.98,4
30458592_MinPolqaSfbRecording_cut.wav,1.75,1.5,1.47,4
30068499_MinPolqaSfbRecording_cut.wav,2.4,0.547722558,0.48009999,5
30166880_MinPolqaSfbRecording_cut.wav,2.6,0.547722558,0.48009999,5
27936536_MinPolqaSfbRecording_cut.wav,4.0,1.0,0.876538647,5
28615334_MinPolqaSfbRecording_cut.wav,3.8,0.836660027,0.733364848,5
27862579_MinPolqaSfbRecording_cut.wav,3.8,0.836660027,0.733364848,5
30429705_MinPolqaSfbRecording_cut.wav,3.2,0.836660027,0.733364848,5
28104301_MinPolqaSfbRecording_cut.wav,3.8,0.447213595,0.392,5
28907033_MinPolqaSfbRecording_cut.wav,3.4,0.547722558,0.48009999,5
30211433_MinPolqaSfbRecording_cut.wav,3.8,0.447213595,0.392,5
30211004_MinPolqaSfbRecording_cut.wav,3.0,1.0,0.876538647,5
30069395_MinPolqaSfbRecording_cut.wav,3.0,1.224744871,1.073536213,5
28862480_MinPolqaSfbRecording_cut.wav,4.0,1.0,0.876538647,5
27561518_MinPolqaSfbRecording_cut.wav,4.2,0.836660027,0.733364848,5
30511921_MinPolqaSfbRecording_cut.wav,2.2,1.303840481,1.142866571,5
30250021_MinPolqaSfbRecording_cut.wav,3.6,0.894427191,0.784,5
30202769_MinPolqaSfbRecording_cut.wav,2.8,1.303840481,1.142866571,5
28754614_MinPolqaSfbRecording_cut.wav,3.6,1.140175425,0.999407825,5
27759095_MinPolqaSfbRecording_cut.wav,3.8,0.836660027,0.733364848,5
30163520_MinPolqaSfbRecording_cut.wav,4.2,0.836660027,0.733364848,5
30209892_MinPolqaSfbRecording_cut.wav,2.2,0.447213595,0.392,5
30416355_MinPolqaSfbRecording_cut.wav,2.2,0.447213595,0.392,5
29005243_MinPolqaSfbRecording_cut.wav,2.8,0.447213595,0.392,5
30079384_MinPolqaSfbRecording_cut.wav,2.6,1.140175425,0.999407825,5
28773991_MinPolqaSfbRecording_cut.wav,4.2,0.447213595,0.392,5
27961103_MinPolqaSfbRecording_cut.wav,3.4,0.547722558,0.48009999,5
28825138_MinPolqaSfbRecording_cut.wav,3.8,0.447213595,0.392,5
30455874_MinPolqaSfbRecording_cut.wav,2.2,0.836660027,0.733364848,5
30085444_MinPolqaSfbRecording_cut.wav,2.8,0.836660027,0.733364848,5
30469517_MinPolqaSfbRecording_cut.wav,3.0,0.816496581,0.800166649,4
30195117_MinPolqaSfbRecording_cut.wav,2.25,1.258305739,1.233139624,4
30506035_MinPolqaSfbRecording_cut.wav,3.5,0.577350269,0.565803264,4
30122477_MinPolqaSfbRecording_cut.wav,2.5,1.290994449,1.26517456,4
30084109_MinPolqaSfbRecording_cut.wav,4.0,0.0,0.0,4
30416479_MinPolqaSfbRecording_cut.wav,2.0,0.816496581,0.800166649,4
30424662_MinPolqaSfbRecording_cut.wav,2.75,0.957427108,0.938278566,4
30474449_MinPolqaSfbRecording_cut.wav,2.333333333,1.527525232,1.728557523,3
30143960_MinPolqaSfbRecording_cut.wav,3.333333333,1.527525232,1.728557523,3
30177518_MinPolqaSfbRecording_cut.wav,3.666666667,1.154700538,1.306666667,3
30253338_MinPolqaSfbRecording_cut.wav,3.0,1.732050808,1.96,3
30208621_MinPolqaSfbRecording_cut.wav,2.333333333,1.527525232,1.728557523,3
30427605_MinPolqaSfbRecording_cut.wav,1.666666667,1.154700538,1.306666667,3
30092106_MinPolqaSfbRecording_cut.wav,2.666666667,1.154700538,1.306666667,3
30472817_MinPolqaSfbRecording_cut.wav,2.4,0.894427191,0.784,5
30477995_MinPolqaSfbRecording_cut.wav,3.6,0.547722558,0.48009999,5
30529707_MinPolqaSfbRecording_cut.wav,3.4,1.140175425,0.999407825,5
30451669_MinPolqaSfbRecording_cut.wav,2.2,0.836660027,0.733364848,5
28465067_MinPolqaSfbRecording_cut.wav,4.0,0.0,0.0,5
30105400_MinPolqaSfbRecording_cut.wav,3.2,0.447213595,0.392,5
30502363_MinPolqaSfbRecording_cut.wav,2.2,0.836660027,0.733364848,5
30062127_MinPolqaSfbRecording_cut.wav,2.6,0.894427191,0.784,5
30504588_MinPolqaSfbRecording_cut.wav,2.0,0.707106781,0.619806421,5
30477906_MinPolqaSfbRecording_cut.wav,2.4,0.894427191,0.784,5
30205473_MinPolqaSfbRecording_cut.wav,4.25,0.5,0.49,4
30192859_MinPolqaSfbRecording_cut.wav,3.5,1.0,0.98,4
28893340_MinPolqaSfbRecording_cut.wav,4.75,0.5,0.49,4
30254916_MinPolqaSfbRecording_cut.wav,3.5,1.0,0.98,4
28363343_MinPolqaSfbRecording_cut.wav,4.5,1.0,0.98,4
30206664_MinPolqaSfbRecording_cut.wav,2.75,1.707825128,1.673668625,4
30430611_MinPolqaSfbRecording_cut.wav,3.75,0.5,0.49,4
30082365_MinPolqaSfbRecording_cut.wav,2.25,1.892969449,1.85511006,4
30205889_MinPolqaSfbRecording_cut.wav,4.5,0.577350269,0.565803264,4
30510224_MinPolqaSfbRecording_cut.wav,2.0,0.816496581,0.800166649,4
30488683_MinPolqaSfbRecording_cut.wav,2.0,1.414213562,1.385929291,4
30528533_MinPolqaSfbRecording_cut.wav,2.5,0.577350269,0.565803264,4
30511571_MinPolqaSfbRecording_cut.wav,2.25,0.957427108,0.938278566,4
27762154_MinPolqaSfbRecording_cut.wav,3.0,0.816496581,0.800166649,4
30497340_MinPolqaSfbRecording_cut.wav,3.0,0.816496581,0.800166649,4
28152885_MinPolqaSfbRecording_cut.wav,4.0,0.0,0.0,4
30156993_MinPolqaSfbRecording_cut.wav,2.75,0.5,0.49,4
30256087_MinPolqaSfbRecording_cut.wav,3.0,1.0,1.131606528,3
30442198_MinPolqaSfbRecording_cut.wav,1.666666667,0.577350269,0.653333333,3
28831884_MinPolqaSfbRecording_cut.wav,3.666666667,1.154700538,1.306666667,3
30161074_MinPolqaSfbRecording_cut.wav,1.0,0.0,0.0,3
28347319_MinPolqaSfbRecording_cut.wav,3.666666667,1.154700538,1.306666667,3
30493674_MinPolqaSfbRecording_cut.wav,1.666666667,0.577350269,0.653333333,3
28117251_MinPolqaSfbRecording_cut.wav,2.666666667,1.154700538,1.306666667,3
30477716_MinPolqaSfbRecording_cut.wav,2.666666667,0.577350269,0.653333333,3
30438761_MinPolqaSfbRecording_cut.wav,3.5,1.0,0.98,4
30520203_MinPolqaSfbRecording_cut.wav,2.0,0.816496581,0.800166649,4
28493772_MinPolqaSfbRecording_cut.wav,2.5,0.577350269,0.565803264,4
30528010_MinPolqaSfbRecording_cut.wav,3.5,0.577350269,0.565803264,4
30438021_MinPolqaSfbRecording_cut.wav,3.0,0.816496581,0.800166649,4
30471546_MinPolqaSfbRecording_cut.wav,3.25,0.957427108,0.938278566,4
30177025_MinPolqaSfbRecording_cut.wav,1.5,0.577350269,0.565803264,4
30434812_MinPolqaSfbRecording_cut.wav,3.75,0.5,0.49,4
30426893_MinPolqaSfbRecording_cut.wav,1.666666667,0.577350269,0.653333333,3
30107297_MinPolqaSfbRecording_cut.wav,2.0,0.0,0.0,3
30513566_MinPolqaSfbRecording_cut.wav,2.0,0.0,0.0,3
30527649_MinPolqaSfbRecording_cut.wav,3.0,0.0,0.0,3
30148287_MinPolqaSfbRecording_cut.wav,3.333333333,0.577350269,0.653333333,3
28241020_MinPolqaSfbRecording_cut.wav,4.666666667,0.577350269,0.653333333,3
30066735_MinPolqaSfbRecording_cut.wav,3.0,0.0,0.0,3
27729941_MinPolqaSfbRecording_cut.wav,3.666666667,0.577350269,0.653333333,3
28766981_MinPolqaSfbRecording_cut.wav,4.333333333,0.577350269,0.653333333,3
30531888_MinPolqaSfbRecording_cut.wav,1.75,0.5,0.49,4
29531915_MinPolqaSfbRecording_cut.wav,2.75,1.258305739,1.233139624,4
30199146_MinPolqaSfbRecording_cut.wav,3.0,1.414213562,1.385929291,4
28938611_MinPolqaSfbRecording_cut.wav,3.5,0.577350269,0.565803264,4
30189075_MinPolqaSfbRecording_cut.wav,2.5,1.290994449,1.26517456,4
30069928_MinPolqaSfbRecording_cut.wav,2.25,0.957427108,0.938278566,4
30192561_MinPolqaSfbRecording_cut.wav,2.333333333,0.577350269,0.653333333,3
27936527_MinPolqaSfbRecording_cut.wav,4.0,0.0,0.0,3
30212282_MinPolqaSfbRecording_cut.wav,3.666666667,0.577350269,0.653333333,3
30493807_MinPolqaSfbRecording_cut.wav,1.333333333,0.577350269,0.653333333,3
30119310_MinPolqaSfbRecording_cut.wav,4.333333333,0.577350269,0.653333333,3
30194653_MinPolqaSfbRecording_cut.wav,3.666666667,0.577350269,0.653333333,3
30177924_MinPolqaSfbRecording_cut.wav,3.6,1.140175425,0.999407825,5
29541897_MinPolqaSfbRecording_cut.wav,3.4,0.547722558,0.48009999,5
30468491_MinPolqaSfbRecording_cut.wav,4.2,0.836660027,0.733364848,5
30100207_MinPolqaSfbRecording_cut.wav,3.2,0.447213595,0.392,5
28428183_MinPolqaSfbRecording_cut.wav,2.8,1.303840481,1.142866571,5
28474239_MinPolqaSfbRecording_cut.wav,4.2,1.095445115,0.960199979,5
30106921_MinPolqaSfbRecording_cut.wav,2.8,1.788854382,1.568,5
28769532_MinPolqaSfbRecording_cut.wav,4.4,0.547722558,0.48009999,5
30456485_MinPolqaSfbRecording_cut.wav,4.6,0.547722558,0.48009999,5
27965973_MinPolqaSfbRecording_cut.wav,4.8,0.447213595,0.392,5
27683832_MinPolqaSfbRecording_cut.wav,4.0,0.0,0.0,5
30485875_MinPolqaSfbRecording_cut.wav,3.6,0.547722558,0.48009999,5
30492136_MinPolqaSfbRecording_cut.wav,3.8,1.303840481,1.142866571,5
30508567_MinPolqaSfbRecording_cut.wav,1.6,0.894427191,0.784,5
30505845_MinPolqaSfbRecording_cut.wav,3.0,1.414213562,1.96,2
30481904_MinPolqaSfbRecording_cut.wav,3.0,1.414213562,1.96,2
27938985_MinPolqaSfbRecording_cut.wav,3.0,1.414213562,1.96,2
30205394_MinPolqaSfbRecording_cut.wav,4.0,1.414213562,1.96,2
30119388_MinPolqaSfbRecording_cut.wav,3.5,0.707106781,0.98,2
29530941_MinPolqaSfbRecording_cut.wav,3.0,1.414213562,1.96,2
30098715_MinPolqaSfbRecording_cut.wav,3.5,0.707106781,0.98,2
30442480_MinPolqaSfbRecording_cut.wav,3.0,1.414213562,1.96,2
30136173_MinPolqaSfbRecording_cut.wav,4.0,1.414213562,1.96,2
30483598_MinPolqaSfbRecording_cut.wav,1.6,0.547722558,0.48009999,5
29044261_MinPolqaSfbRecording_cut.wav,4.0,0.707106781,0.619806421,5
30207744_MinPolqaSfbRecording_cut.wav,3.6,0.547722558,0.48009999,5
30450086_MinPolqaSfbRecording_cut.wav,2.0,0.707106781,0.619806421,5
30100190_MinPolqaSfbRecording_cut.wav,3.2,0.447213595,0.392,5
30426270_MinPolqaSfbRecording_cut.wav,2.0,0.707106781,0.619806421,5
30206182_MinPolqaSfbRecording_cut.wav,1.8,0.447213595,0.392,5
30410941_MinPolqaSfbRecording_cut.wav,2.6,0.547722558,0.48009999,5
27698720_MinPolqaSfbRecording_cut.wav,4.0,0.0,0.0,4
30113495_MinPolqaSfbRecording_cut.wav,2.5,0.577350269,0.565803264,4
28969353_MinPolqaSfbRecording_cut.wav,3.75,0.957427108,0.938278566,4
30065963_MinPolqaSfbRecording_cut.wav,3.25,0.5,0.49,4
30119803_MinPolqaSfbRecording_cut.wav,4.5,0.577350269,0.565803264,4
30073620_MinPolqaSfbRecording_cut.wav,4.0,0.816496581,0.800166649,4
30080621_MinPolqaSfbRecording_cut.wav,3.5,0.577350269,0.565803264,4
30164048_MinPolqaSfbRecording_cut.wav,2.75,0.5,0.49,4
30154448_MinPolqaSfbRecording_cut.wav,4.0,0.816496581,0.800166649,4
30183866_MinPolqaSfbRecording_cut.wav,1.666666667,1.154700538,1.306666667,3
30261354_MinPolqaSfbRecording_cut.wav,1.333333333,0.577350269,0.653333333,3
30102424_MinPolqaSfbRecording_cut.wav,2.0,1.0,1.131606528,3
27852297_MinPolqaSfbRecording_cut.wav,3.0,1.0,1.131606528,3
27738324_MinPolqaSfbRecording_cut.wav,3.666666667,0.577350269,0.653333333,3
30180770_MinPolqaSfbRecording_cut.wav,1.333333333,0.577350269,0.653333333,3
30175328_MinPolqaSfbRecording_cut.wav,2.0,1.0,1.131606528,3
28482838_MinPolqaSfbRecording_cut.wav,2.666666667,1.527525232,1.728557523,3
30209776_MinPolqaSfbRecording_cut.wav,1.666666667,1.154700538,1.306666667,3
30083175_MinPolqaSfbRecording_cut.wav,3.666666667,0.577350269,0.653333333,3
30470050_MinPolqaSfbRecording_cut.wav,2.0,1.0,1.131606528,3
30523916_MinPolqaSfbRecording_cut.wav,3.333333333,0.577350269,0.653333333,3
30259760_MinPolqaSfbRecording_cut.wav,2.666666667,0.577350269,0.653333333,3
30180225_MinPolqaSfbRecording_cut.wav,2.5,1.290994449,1.26517456,4
30453377_MinPolqaSfbRecording_cut.wav,1.0,0.0,0.0,4
30060206_MinPolqaSfbRecording_cut.wav,1.0,0.0,0.0,4
28151107_MinPolqaSfbRecording_cut.wav,3.5,0.577350269,0.565803264,4
30107713_MinPolqaSfbRecording_cut.wav,3.25,0.957427108,0.938278566,4
30260292_MinPolqaSfbRecording_cut.wav,3.25,0.957427108,0.938278566,4
30154701_MinPolqaSfbRecording_cut.wav,4.5,0.577350269,0.565803264,4
30189152_MinPolqaSfbRecording_cut.wav,1.0,0.0,0.0,4
30091827_MinPolqaSfbRecording_cut.wav,4.0,0.0,0.0,4
30158129_MinPolqaSfbRecording_cut.wav,2.0,0.816496581,0.800166649,4
30426839_MinPolqaSfbRecording_cut.wav,3.5,0.577350269,0.565803264,4
30429195_MinPolqaSfbRecording_cut.wav,2.2,0.447213595,0.392,5
30403426_MinPolqaSfbRecording_cut.wav,3.0,0.707106781,0.619806421,5
30526848_MinPolqaSfbRecording_cut.wav,1.2,0.447213595,0.392,5
30516821_MinPolqaSfbRecording_cut.wav,1.6,0.547722558,0.48009999,5
30500617_MinPolqaSfbRecording_cut.wav,2.4,0.547722558,0.48009999,5
30089652_MinPolqaSfbRecording_cut.wav,2.6,0.547722558,0.48009999,5
30440071_MinPolqaSfbRecording_cut.wav,3.0,0.0,0.0,5
30068850_MinPolqaSfbRecording_cut.wav,1.8,0.836660027,0.733364848,5
30134477_MinPolqaSfbRecording_cut.wav,3.6,0.547722558,0.48009999,5
30097788_MinPolqaSfbRecording_cut.wav,1.0,0.0,0.0,3
30081501_MinPolqaSfbRecording_cut.wav,2.0,1.0,1.131606528,3
30073670_MinPolqaSfbRecording_cut.wav,2.0,0.0,0.0,3
30475409_MinPolqaSfbRecording_cut.wav,2.0,1.732050808,1.96,3
30141791_MinPolqaSfbRecording_cut.wav,1.0,0.0,0.0,3
30461473_MinPolqaSfbRecording_cut.wav,4.0,1.0,1.131606528,3
27636253_MinPolqaSfbRecording_cut.wav,3.666666667,0.577350269,0.653333333,3
30078707_MinPolqaSfbRecording_cut.wav,4.0,0.707106781,0.619806421,5
30259276_MinPolqaSfbRecording_cut.wav,3.0,1.0,0.876538647,5
30137264_MinPolqaSfbRecording_cut.wav,3.4,0.894427191,0.784,5
30107080_MinPolqaSfbRecording_cut.wav,1.4,0.547722558,0.48009999,5
30136099_MinPolqaSfbRecording_cut.wav,1.8,0.836660027,0.733364848,5
27809047_MinPolqaSfbRecording_cut.wav,3.4,0.547722558,0.48009999,5
28172023_MinPolqaSfbRecording_cut.wav,4.4,0.894427191,0.784,5
27699447_MinPolqaSfbRecording_cut.wav,3.8,0.447213595,0.392,5
30143698_MinPolqaSfbRecording_cut.wav,3.0,0.707106781,0.619806421,5
30083916_MinPolqaSfbRecording_cut.wav,2.8,0.836660027,0.733364848,5
30069999_MinPolqaSfbRecording_cut.wav,2.4,0.547722558,0.48009999,5
30489374_MinPolqaSfbRecording_cut.wav,1.6,0.547722558,0.48009999,5
30100670_MinPolqaSfbRecording_cut.wav,2.2,0.836660027,0.733364848,5
27955091_MinPolqaSfbRecording_cut.wav,3.4,0.547722558,0.48009999,5
30149925_MinPolqaSfbRecording_cut.wav,4.2,0.447213595,0.392,5
28270464_MinPolqaSfbRecording_cut.wav,3.2,0.447213595,0.392,5
29535975_MinPolqaSfbRecording_cut.wav,1.4,0.547722558,0.48009999,5
30207511_MinPolqaSfbRecording_cut.wav,3.75,0.5,0.49,4
30181886_MinPolqaSfbRecording_cut.wav,2.75,1.258305739,1.233139624,4
30106405_MinPolqaSfbRecording_cut.wav,2.25,1.258305739,1.233139624,4
28341866_MinPolqaSfbRecording_cut.wav,3.25,1.5,1.47,4
30154217_MinPolqaSfbRecording_cut.wav,2.75,0.5,0.49,4
30429009_MinPolqaSfbRecording_cut.wav,2.5,1.732050808,1.697409791,4
29534342_MinPolqaSfbRecording_cut.wav,2.0,1.414213562,1.385929291,4
30207709_MinPolqaSfbRecording_cut.wav,3.5,0.577350269,0.565803264,4
28461294_MinPolqaSfbRecording_cut.wav,4.0,0.0,0.0,4
29539126_MinPolqaSfbRecording_cut.wav,1.4,0.547722558,0.48009999,5
28460056_MinPolqaSfbRecording_cut.wav,3.0,0.707106781,0.619806421,5
30067713_MinPolqaSfbRecording_cut.wav,1.2,0.447213595,0.392,5
28930929_MinPolqaSfbRecording_cut.wav,3.6,0.894427191,0.784,5
27726109_MinPolqaSfbRecording_cut.wav,3.6,0.894427191,0.784,5
28213815_MinPolqaSfbRecording_cut.wav,3.2,1.095445115,0.960199979,5
30065013_MinPolqaSfbRecording_cut.wav,1.6,0.547722558,0.48009999,5
30528523_MinPolqaSfbRecording_cut.wav,2.25,0.5,0.49,4
27632247_MinPolqaSfbRecording_cut.wav,4.0,0.0,0.0,4
30060940_MinPolqaSfbRecording_cut.wav,3.5,0.577350269,0.565803264,4
30489622_MinPolqaSfbRecording_cut.wav,1.75,0.5,0.49,4
30154210_MinPolqaSfbRecording_cut.wav,2.75,0.5,0.49,4
27762205_MinPolqaSfbRecording_cut.wav,4.0,0.816496581,0.800166649,4
30200370_MinPolqaSfbRecording_cut.wav,2.5,1.290994449,1.26517456,4
30111810_MinPolqaSfbRecording_cut.wav,2.75,0.957427108,0.938278566,4
30061289_MinPolqaSfbRecording_cut.wav,4.0,1.154700538,1.131606528,4
28460221_MinPolqaSfbRecording_cut.wav,3.25,1.258305739,1.233139624,4
30163450_MinPolqaSfbRecording_cut.wav,3.5,0.577350269,0.565803264,4
30479570_MinPolqaSfbRecording_cut.wav,1.75,0.957427108,0.938278566,4
30081491_MinPolqaSfbRecording_cut.wav,1.5,1.0,0.98,4
30148814_MinPolqaSfbRecording_cut.wav,2.0,0.816496581,0.800166649,4
27904042_MinPolqaSfbRecording_cut.wav,4.0,0.0,0.0,4
30404761_MinPolqaSfbRecording_cut.wav,1.25,0.5,0.49,4
28343657_MinPolqaSfbRecording_cut.wav,4.25,0.957427108,0.938278566,4
30412220_MinPolqaSfbRecording_cut.wav,3.5,0.577350269,0.565803264,4
28112140_MinPolqaSfbRecording_cut.wav,2.75,0.5,0.49,4
30400844_MinPolqaSfbRecording_cut.wav,2.75,0.5,0.49,4
28261304_MinPolqaSfbRecording_cut.wav,3.25,0.957427108,0.938278566,4
30261520_MinPolqaSfbRecording_cut.wav,4.75,0.5,0.49,4
30468425_MinPolqaSfbRecording_cut.wav,3.0,0.707106781,0.619806421,5
30428752_MinPolqaSfbRecording_cut.wav,1.4,0.547722558,0.48009999,5
30067143_MinPolqaSfbRecording_cut.wav,3.2,0.836660027,0.733364848,5
30100009_MinPolqaSfbRecording_cut.wav,3.2,0.836660027,0.733364848,5
30413577_MinPolqaSfbRecording_cut.wav,3.0,1.0,0.876538647,5
30441678_MinPolqaSfbRecording_cut.wav,3.4,0.894427191,0.784,5
30118885_MinPolqaSfbRecording_cut.wav,2.6,0.894427191,0.784,5
30156752_MinPolqaSfbRecording_cut.wav,1.4,0.547722558,0.48009999,5
30483188_MinPolqaSfbRecording_cut.wav,2.8,0.836660027,0.733364848,5
30120172_MinPolqaSfbRecording_cut.wav,2.25,0.957427108,0.938278566,4
30085966_MinPolqaSfbRecording_cut.wav,2.75,1.258305739,1.233139624,4
30489059_MinPolqaSfbRecording_cut.wav,1.0,0.0,0.0,4
30172185_MinPolqaSfbRecording_cut.wav,1.0,0.0,0.0,4
30083711_MinPolqaSfbRecording_cut.wav,2.75,1.5,1.47,4
30106323_MinPolqaSfbRecording_cut.wav,4.25,0.5,0.49,4
30486563_MinPolqaSfbRecording_cut.wav,2.0,1.154700538,1.131606528,4
30470217_MinPolqaSfbRecording_cut.wav,1.0,0.0,0.0,4
27695188_MinPolqaSfbRecording_cut.wav,4.5,0.577350269,0.565803264,4
28229675_MinPolqaSfbRecording_cut.wav,3.5,0.577350269,0.565803264,4
28863040_MinPolqaSfbRecording_cut.wav,3.5,0.577350269,0.565803264,4
30496540_MinPolqaSfbRecording_cut.wav,3.0,0.816496581,0.800166649,4
30089091_MinPolqaSfbRecording_cut.wav,1.25,0.5,0.49,4
30185657_MinPolqaSfbRecording_cut.wav,1.75,0.957427108,0.938278566,4
30506887_MinPolqaSfbRecording_cut.wav,2.5,1.290994449,1.26517456,4
30161920_MinPolqaSfbRecording_cut.wav,2.5,1.0,0.98,4
29037481_MinPolqaSfbRecording_cut.wav,3.25,0.5,0.49,4
30117988_MinPolqaSfbRecording_cut.wav,3.5,0.577350269,0.565803264,4
30452011_MinPolqaSfbRecording_cut.wav,3.0,0.816496581,0.800166649,4
30254625_MinPolqaSfbRecording_cut.wav,3.75,0.957427108,0.938278566,4
30509266_MinPolqaSfbRecording_cut.wav,2.25,0.957427108,0.938278566,4
27772590_MinPolqaSfbRecording_cut.wav,3.25,0.5,0.49,4
28112262_MinPolqaSfbRecording_cut.wav,3.75,0.957427108,0.938278566,4
30106987_MinPolqaSfbRecording_cut.wav,1.75,0.5,0.49,4
30524039_MinPolqaSfbRecording_cut.wav,3.0,1.414213562,1.385929291,4
30471222_MinPolqaSfbRecording_cut.wav,4.25,0.5,0.49,4
30087676_MinPolqaSfbRecording_cut.wav,2.5,0.577350269,0.565803264,4
30092065_MinPolqaSfbRecording_cut.wav,3.0,0.816496581,0.800166649,4
30091075_MinPolqaSfbRecording_cut.wav,2.0,0.816496581,0.800166649,4
30448722_MinPolqaSfbRecording_cut.wav,3.25,0.5,0.49,4
30069528_MinPolqaSfbRecording_cut.wav,2.5,0.577350269,0.565803264,4
30251091_MinPolqaSfbRecording_cut.wav,2.75,0.5,0.49,4
28446963_MinPolqaSfbRecording_cut.wav,4.0,0.0,0.0,4
27655278_MinPolqaSfbRecording_cut.wav,3.75,0.5,0.49,4
30159810_MinPolqaSfbRecording_cut.wav,2.0,0.816496581,0.800166649,4
30262614_MinPolqaSfbRecording_cut.wav,4.25,0.5,0.49,4
30444288_MinPolqaSfbRecording_cut.wav,2.75,0.957427108,0.938278566,4
30424859_MinPolqaSfbRecording_cut.wav,2.25,0.957427108,0.938278566,4
28967858_MinPolqaSfbRecording_cut.wav,3.75,0.5,0.49,4
28959339_MinPolqaSfbRecording_cut.wav,4.0,0.0,0.0,4
27633943_MinPolqaSfbRecording_cut.wav,3.5,0.577350269,0.565803264,4
30430111_MinPolqaSfbRecording_cut.wav,2.75,1.258305739,1.233139624,4
30100119_MinPolqaSfbRecording_cut.wav,3.5,0.577350269,0.565803264,4
30506993_MinPolqaSfbRecording_cut.wav,2.0,0.816496581,0.800166649,4
30205986_MinPolqaSfbRecording_cut.wav,3.5,1.290994449,1.26517456,4
28525735_MinPolqaSfbRecording_cut.wav,2.75,0.957427108,0.938278566,4
30147110_MinPolqaSfbRecording_cut.wav,2.0,0.816496581,0.800166649,4
30530420_MinPolqaSfbRecording_cut.wav,2.75,0.957427108,0.938278566,4
30482053_MinPolqaSfbRecording_cut.wav,2.75,0.957427108,0.938278566,4
30133539_MinPolqaSfbRecording_cut.wav,3.5,0.577350269,0.565803264,4
27881929_MinPolqaSfbRecording_cut.wav,3.5,1.0,0.98,4
30160915_MinPolqaSfbRecording_cut.wav,3.25,0.5,0.49,4
29533169_MinPolqaSfbRecording_cut.wav,3.25,0.5,0.49,4
30193056_MinPolqaSfbRecording_cut.wav,3.5,0.577350269,0.565803264,4
30107837_MinPolqaSfbRecording_cut.wav,3.0,0.816496581,0.800166649,4
27835274_MinPolqaSfbRecording_cut.wav,4.0,0.816496581,0.800166649,4
28926474_MinPolqaSfbRecording_cut.wav,4.0,0.0,0.0,4
30201668_MinPolqaSfbRecording_cut.wav,2.0,1.414213562,1.385929291,4
30204887_MinPolqaSfbRecording_cut.wav,2.0,0.0,0.0,4
30114096_MinPolqaSfbRecording_cut.wav,4.5,0.577350269,0.565803264,4
30416860_MinPolqaSfbRecording_cut.wav,2.75,0.957427108,0.938278566,4
27933825_MinPolqaSfbRecording_cut.wav,3.25,0.957427108,0.938278566,4
30093320_MinPolqaSfbRecording_cut.wav,2.75,0.957427108,0.938278566,4
28331786_MinPolqaSfbRecording_cut.wav,3.25,0.957427108,0.938278566,4
30401464_MinPolqaSfbRecording_cut.wav,1.25,0.5,0.49,4
30079389_MinPolqaSfbRecording_cut.wav,4.0,0.707106781,0.619806421,5
28211854_MinPolqaSfbRecording_cut.wav,3.8,0.447213595,0.392,5
30414019_MinPolqaSfbRecording_cut.wav,2.2,0.836660027,0.733364848,5
30059409_MinPolqaSfbRecording_cut.wav,1.8,0.836660027,0.733364848,5
29040715_MinPolqaSfbRecording_cut.wav,4.6,0.547722558,0.48009999,5
30461471_MinPolqaSfbRecording_cut.wav,3.6,0.547722558,0.48009999,5
30085812_MinPolqaSfbRecording_cut.wav,2.4,0.547722558,0.48009999,5
30208800_MinPolqaSfbRecording_cut.wav,2.6,0.894427191,0.784,5
29000332_MinPolqaSfbRecording_cut.wav,4.5,0.707106781,0.98,2
30467130_MinPolqaSfbRecording_cut.wav,3.5,0.707106781,0.98,2
30200254_MinPolqaSfbRecording_cut.wav,3.0,1.414213562,1.96,2
30497457_MinPolqaSfbRecording_cut.wav,3.0,1.414213562,1.96,2
30520798_MinPolqaSfbRecording_cut.wav,3.5,0.707106781,0.98,2
30462113_MinPolqaSfbRecording_cut.wav,2.5,0.707106781,0.98,2
30511691_MinPolqaSfbRecording_cut.wav,2.5,0.707106781,0.98,2
30175142_MinPolqaSfbRecording_cut.wav,3.5,0.707106781,0.98,2
29534184_MinPolqaSfbRecording_cut.wav,2.0,0.816496581,0.800166649,4
30154813_MinPolqaSfbRecording_cut.wav,1.25,0.5,0.49,4
30511593_MinPolqaSfbRecording_cut.wav,2.5,1.290994449,1.26517456,4
30200894_MinPolqaSfbRecording_cut.wav,3.5,0.577350269,0.565803264,4
29532465_MinPolqaSfbRecording_cut.wav,2.0,1.414213562,1.385929291,4
27635674_MinPolqaSfbRecording_cut.wav,3.25,0.5,0.49,4
27832113_MinPolqaSfbRecording_cut.wav,3.0,1.414213562,1.385929291,4
30455432_MinPolqaSfbRecording_cut.wav,2.5,0.577350269,0.565803264,4
30485343_MinPolqaSfbRecording_cut.wav,3.5,1.0,0.98,4
30440900_MinPolqaSfbRecording_cut.wav,1.5,0.577350269,0.565803264,4
30160748_MinPolqaSfbRecording_cut.wav,2.5,0.577350269,0.565803264,4
30088839_MinPolqaSfbRecording_cut.wav,3.0,0.816496581,0.800166649,4
30062088_MinPolqaSfbRecording_cut.wav,4.0,0.816496581,0.800166649,4
30428492_MinPolqaSfbRecording_cut.wav,3.75,0.5,0.49,4
27923530_MinPolqaSfbRecording_cut.wav,3.5,1.0,0.98,4
30177635_MinPolqaSfbRecording_cut.wav,2.75,0.5,0.49,4
30182850_MinPolqaSfbRecording_cut.wav,1.75,0.5,0.49,4
28635195_MinPolqaSfbRecording_cut.wav,4.0,0.816496581,0.800166649,4
30407011_MinPolqaSfbRecording_cut.wav,3.0,0.816496581,0.800166649,4
30260973_MinPolqaSfbRecording_cut.wav,2.5,0.577350269,0.565803264,4
30133262_MinPolqaSfbRecording_cut.wav,2.5,0.577350269,0.565803264,4
28628593_MinPolqaSfbRecording_cut.wav,3.75,0.957427108,0.938278566,4
30138580_MinPolqaSfbRecording_cut.wav,3.0,1.414213562,1.385929291,4
30105034_MinPolqaSfbRecording_cut.wav,2.75,1.5,1.47,4
28053644_MinPolqaSfbRecording_cut.wav,3.8,0.836660027,0.733364848,5
30177353_MinPolqaSfbRecording_cut.wav,2.6,0.894427191,0.784,5
30164200_MinPolqaSfbRecording_cut.wav,1.2,0.447213595,0.392,5
30453181_MinPolqaSfbRecording_cut.wav,1.4,0.547722558,0.48009999,5
30179663_MinPolqaSfbRecording_cut.wav,3.4,0.894427191,0.784,5
30183123_MinPolqaSfbRecording_cut.wav,3.0,0.707106781,0.619806421,5
30423108_MinPolqaSfbRecording_cut.wav,3.8,0.836660027,0.733364848,5
30188655_MinPolqaSfbRecording_cut.wav,2.6,1.140175425,0.999407825,5
30506184_MinPolqaSfbRecording_cut.wav,3.0,1.224744871,1.073536213,5
27632653_MinPolqaSfbRecording_cut.wav,4.2,0.836660027,0.733364848,5
30485767_MinPolqaSfbRecording_cut.wav,3.0,0.707106781,0.619806421,5
30100593_MinPolqaSfbRecording_cut.wav,1.8,0.836660027,0.733364848,5
30105953_MinPolqaSfbRecording_cut.wav,1.8,1.095445115,0.960199979,5
30463935_MinPolqaSfbRecording_cut.wav,4.0,0.707106781,0.619806421,5
28920829_MinPolqaSfbRecording_cut.wav,3.2,0.836660027,0.733364848,5
30137886_MinPolqaSfbRecording_cut.wav,2.6,0.547722558,0.48009999,5
28852458_MinPolqaSfbRecording_cut.wav,3.6,0.547722558,0.48009999,5
30530831_MinPolqaSfbRecording_cut.wav,3.2,0.447213595,0.392,5
30083840_MinPolqaSfbRecording_cut.wav,1.6,0.894427191,0.784,5
30066181_MinPolqaSfbRecording_cut.wav,3.6,0.547722558,0.48009999,5
30208293_MinPolqaSfbRecording_cut.wav,3.2,0.836660027,0.733364848,5
30110134_MinPolqaSfbRecording_cut.wav,2.4,0.547722558,0.48009999,5
30140634_MinPolqaSfbRecording_cut.wav,2.0,0.0,0.0,5
30126288_MinPolqaSfbRecording_cut.wav,2.4,0.547722558,0.48009999,5
30193031_MinPolqaSfbRecording_cut.wav,3.2,0.447213595,0.392,5
30199860_MinPolqaSfbRecording_cut.wav,2.6,0.547722558,0.48009999,5
30109639_MinPolqaSfbRecording_cut.wav,4.0,0.707106781,0.619806421,5
30127379_MinPolqaSfbRecording_cut.wav,3.25,0.5,0.49,4
30098748_MinPolqaSfbRecording_cut.wav,3.75,0.5,0.49,4
30138639_MinPolqaSfbRecording_cut.wav,2.75,0.957427108,0.938278566,4
30433890_MinPolqaSfbRecording_cut.wav,3.25,0.957427108,0.938278566,4
30444874_MinPolqaSfbRecording_cut.wav,2.5,1.290994449,1.26517456,4
27943862_MinPolqaSfbRecording_cut.wav,4.5,0.577350269,0.565803264,4
28739354_MinPolqaSfbRecording_cut.wav,3.75,0.5,0.49,4
28554220_MinPolqaSfbRecording_cut.wav,4.75,0.5,0.49,4
30485934_MinPolqaSfbRecording_cut.wav,3.25,0.957427108,0.938278566,4
30098800_MinPolqaSfbRecording_cut.wav,3.5,1.290994449,1.26517456,4
30104553_MinPolqaSfbRecording_cut.wav,3.0,0.816496581,0.800166649,4
30252300_MinPolqaSfbRecording_cut.wav,2.0,0.0,0.0,4
28923723_MinPolqaSfbRecording_cut.wav,3.25,0.957427108,0.938278566,4
28695086_MinPolqaSfbRecording_cut.wav,3.5,1.0,0.98,4
29543144_MinPolqaSfbRecording_cut.wav,3.0,0.816496581,0.800166649,4
30083851_MinPolqaSfbRecording_cut.wav,3.666666667,0.577350269,0.653333333,3
30437789_MinPolqaSfbRecording_cut.wav,2.333333333,0.577350269,0.653333333,3
27849242_MinPolqaSfbRecording_cut.wav,4.0,1.0,1.131606528,3
28367070_MinPolqaSfbRecording_cut.wav,3.333333333,0.577350269,0.653333333,3
30138868_MinPolqaSfbRecording_cut.wav,2.333333333,0.577350269,0.653333333,3
30193975_MinPolqaSfbRecording_cut.wav,1.333333333,0.577350269,0.653333333,3
28992367_MinPolqaSfbRecording_cut.wav,3.0,0.0,0.0,3
30165734_MinPolqaSfbRecording_cut.wav,2.0,1.0,1.131606528,3
30098119_MinPolqaSfbRecording_cut.wav,3.666666667,0.577350269,0.653333333,3
30485652_MinPolqaSfbRecording_cut.wav,3.0,0.0,0.0,3
30099280_MinPolqaSfbRecording_cut.wav,1.4,0.547722558,0.48009999,5
30452896_MinPolqaSfbRecording_cut.wav,3.2,0.836660027,0.733364848,5
30192558_MinPolqaSfbRecording_cut.wav,3.2,1.095445115,0.960199979,5
29530796_MinPolqaSfbRecording_cut.wav,2.8,0.836660027,0.733364848,5
30212415_MinPolqaSfbRecording_cut.wav,2.8,0.447213595,0.392,5
30404800_MinPolqaSfbRecording_cut.wav,1.8,0.447213595,0.392,5
30171471_MinPolqaSfbRecording_cut.wav,3.8,0.836660027,0.733364848,5
30078521_MinPolqaSfbRecording_cut.wav,1.2,0.447213595,0.392,5
28458944_MinPolqaSfbRecording_cut.wav,3.8,0.836660027,0.733364848,5
28523994_MinPolqaSfbRecording_cut.wav,4.0,0.0,0.0,5
30211047_MinPolqaSfbRecording_cut.wav,2.2,1.095445115,0.960199979,5
28049972_MinPolqaSfbRecording_cut.wav,3.4,0.894427191,0.784,5
30068505_MinPolqaSfbRecording_cut.wav,1.8,0.447213595,0.392,5
30086712_MinPolqaSfbRecording_cut.wav,2.2,0.447213595,0.392,5
30103264_MinPolqaSfbRecording_cut.wav,2.8,1.095445115,0.960199979,5
30097730_MinPolqaSfbRecording_cut.wav,3.2,0.836660027,0.733364848,5
30490541_MinPolqaSfbRecording_cut.wav,2.2,0.447213595,0.392,5
28704477_MinPolqaSfbRecording_cut.wav,2.8,0.447213595,0.392,5
27621586_MinPolqaSfbRecording_cut.wav,3.8,0.836660027,0.733364848,5
30102799_MinPolqaSfbRecording_cut.wav,3.25,1.5,1.47,4
30073685_MinPolqaSfbRecording_cut.wav,2.75,1.5,1.47,4
27794887_MinPolqaSfbRecording_cut.wav,4.25,0.957427108,0.938278566,4
30404803_MinPolqaSfbRecording_cut.wav,3.25,0.957427108,0.938278566,4
27643972_MinPolqaSfbRecording_cut.wav,4.75,0.5,0.49,4
30523902_MinPolqaSfbRecording_cut.wav,3.0,0.816496581,0.800166649,4
30174676_MinPolqaSfbRecording_cut.wav,3.75,0.957427108,0.938278566,4
27958186_MinPolqaSfbRecording_cut.wav,4.25,0.5,0.49,4
30516880_MinPolqaSfbRecording_cut.wav,3.0,0.816496581,0.800166649,4
27716602_MinPolqaSfbRecording_cut.wav,4.0,0.0,0.0,4
27930986_MinPolqaSfbRecording_cut.wav,4.25,0.5,0.49,4
27653163_MinPolqaSfbRecording_cut.wav,3.75,0.5,0.49,4
30468964_MinPolqaSfbRecording_cut.wav,2.25,0.5,0.49,4
30149036_MinPolqaSfbRecording_cut.wav,2.25,0.5,0.49,4
30205750_MinPolqaSfbRecording_cut.wav,4.5,0.577350269,0.565803264,4
30526399_MinPolqaSfbRecording_cut.wav,2.25,1.258305739,1.233139624,4
30103182_MinPolqaSfbRecording_cut.wav,4.25,0.957427108,0.938278566,4
28229126_MinPolqaSfbRecording_cut.wav,3.5,1.0,0.98,4
30100122_MinPolqaSfbRecording_cut.wav,5.0,0.0,0.0,4
29019021_MinPolqaSfbRecording_cut.wav,4.0,0.707106781,0.619806421,5
27693237_MinPolqaSfbRecording_cut.wav,4.2,0.836660027,0.733364848,5
30059707_MinPolqaSfbRecording_cut.wav,3.0,1.58113883,1.385929291,5
30148612_MinPolqaSfbRecording_cut.wav,1.8,0.836660027,0.733364848,5
30502100_MinPolqaSfbRecording_cut.wav,3.4,1.140175425,0.999407825,5
30261587_MinPolqaSfbRecording_cut.wav,4.0,1.414213562,1.239612843,5
30083347_MinPolqaSfbRecording_cut.wav,4.2,0.447213595,0.392,5
30481325_MinPolqaSfbRecording_cut.wav,3.8,1.643167673,1.440299969,5
30518894_MinPolqaSfbRecording_cut.wav,1.8,0.836660027,0.733364848,5
30066334_MinPolqaSfbRecording_cut.wav,3.8,0.836660027,0.733364848,5
30132415_MinPolqaSfbRecording_cut.wav,2.0,0.707106781,0.619806421,5
30254178_MinPolqaSfbRecording_cut.wav,3.2,0.836660027,0.733364848,5
27960907_MinPolqaSfbRecording_cut.wav,4.0,1.224744871,1.073536213,5
30494063_MinPolqaSfbRecording_cut.wav,1.8,1.303840481,1.142866571,5
30149810_MinPolqaSfbRecording_cut.wav,3.4,1.140175425,0.999407825,5
28588799_MinPolqaSfbRecording_cut.wav,5.0,0.0,0.0,5
30163091_MinPolqaSfbRecording_cut.wav,1.0,0.0,0.0,2
30464041_MinPolqaSfbRecording_cut.wav,2.5,0.707106781,0.98,2
30263552_MinPolqaSfbRecording_cut.wav,1.5,0.707106781,0.98,2
30516820_MinPolqaSfbRecording_cut.wav,1.0,0.0,0.0,2
30130000_MinPolqaSfbRecording_cut.wav,2.5,0.707106781,0.98,2
30158128_MinPolqaSfbRecording_cut.wav,1.5,0.707106781,0.98,2
30080433_MinPolqaSfbRecording_cut.wav,1.5,0.707106781,0.98,2
30511420_MinPolqaSfbRecording_cut.wav,3.5,0.707106781,0.98,2
30113542_MinPolqaSfbRecording_cut.wav,2.5,2.121320344,2.94,2
30404908_MinPolqaSfbRecording_cut.wav,3.8,0.447213595,0.392,5
28998419_MinPolqaSfbRecording_cut.wav,4.2,0.447213595,0.392,5
30163552_MinPolqaSfbRecording_cut.wav,1.8,0.447213595,0.392,5
30173113_MinPolqaSfbRecording_cut.wav,4.6,0.547722558,0.48009999,5
30086281_MinPolqaSfbRecording_cut.wav,2.0,1.224744871,1.073536213,5
30092706_MinPolqaSfbRecording_cut.wav,2.4,0.547722558,0.48009999,5
30153743_MinPolqaSfbRecording_cut.wav,3.2,0.447213595,0.392,5
30472715_MinPolqaSfbRecording_cut.wav,2.6,0.894427191,0.784,5
30458255_MinPolqaSfbRecording_cut.wav,2.0,0.707106781,0.619806421,5
30444260_MinPolqaSfbRecording_cut.wav,2.6,0.894427191,0.784,5
30406668_MinPolqaSfbRecording_cut.wav,3.4,0.547722558,0.48009999,5
30491632_MinPolqaSfbRecording_cut.wav,3.0,0.707106781,0.619806421,5
30509145_MinPolqaSfbRecording_cut.wav,3.4,0.894427191,0.784,5
30252160_MinPolqaSfbRecording_cut.wav,3.0,1.0,0.876538647,5
30516032_MinPolqaSfbRecording_cut.wav,1.8,0.836660027,0.733364848,5
29536600_MinPolqaSfbRecording_cut.wav,1.8,0.447213595,0.392,5
30497343_MinPolqaSfbRecording_cut.wav,2.6,1.140175425,0.999407825,5
30147263_MinPolqaSfbRecording_cut.wav,2.4,0.894427191,0.784,5
27679353_MinPolqaSfbRecording_cut.wav,3.8,0.447213595,0.392,5
27737187_MinPolqaSfbRecording_cut.wav,3.8,0.447213595,0.392,5
27594809_MinPolqaSfbRecording_cut.wav,4.0,0.707106781,0.619806421,5
30121289_MinPolqaSfbRecording_cut.wav,1.2,0.447213595,0.392,5
28985046_MinPolqaSfbRecording_cut.wav,3.0,1.0,0.876538647,5
30072971_MinPolqaSfbRecording_cut.wav,3.0,1.0,0.876538647,5
30458493_MinPolqaSfbRecording_cut.wav,2.0,1.0,0.876538647,5
30102846_MinPolqaSfbRecording_cut.wav,1.4,0.547722558,0.48009999,5
30258156_MinPolqaSfbRecording_cut.wav,3.0,1.0,0.876538647,5
30509078_MinPolqaSfbRecording_cut.wav,1.0,0.0,0.0,5
28539489_MinPolqaSfbRecording_cut.wav,3.4,1.140175425,0.999407825,5
30145739_MinPolqaSfbRecording_cut.wav,3.8,0.447213595,0.392,5
28967126_MinPolqaSfbRecording_cut.wav,3.0,0.707106781,0.619806421,5
30252142_MinPolqaSfbRecording_cut.wav,3.5,0.577350269,0.565803264,4
30150656_MinPolqaSfbRecording_cut.wav,2.75,0.5,0.49,4
30107278_MinPolqaSfbRecording_cut.wav,3.25,1.258305739,1.233139624,4
29542170_MinPolqaSfbRecording_cut.wav,2.5,1.0,0.98,4
30455740_MinPolqaSfbRecording_cut.wav,3.0,0.816496581,0.800166649,4
30144788_MinPolqaSfbRecording_cut.wav,2.75,0.957427108,0.938278566,4
28229997_MinPolqaSfbRecording_cut.wav,2.75,0.5,0.49,4
30062207_MinPolqaSfbRecording_cut.wav,2.5,0.577350269,0.565803264,4
30130317_MinPolqaSfbRecording_cut.wav,3.25,0.5,0.49,4
28834590_MinPolqaSfbRecording_cut.wav,4.5,0.577350269,0.565803264,4
27943652_MinPolqaSfbRecording_cut.wav,4.6,0.547722558,0.48009999,5
28457390_MinPolqaSfbRecording_cut.wav,4.0,1.224744871,1.073536213,5
30436730_MinPolqaSfbRecording_cut.wav,3.2,1.303840481,1.142866571,5
30493618_MinPolqaSfbRecording_cut.wav,2.8,0.836660027,0.733364848,5
28498270_MinPolqaSfbRecording_cut.wav,4.2,0.447213595,0.392,5
30527024_MinPolqaSfbRecording_cut.wav,3.8,1.303840481,1.142866571,5
28347418_MinPolqaSfbRecording_cut.wav,4.2,0.836660027,0.733364848,5
29529864_MinPolqaSfbRecording_cut.wav,1.333333333,0.577350269,0.653333333,3
27942745_MinPolqaSfbRecording_cut.wav,3.666666667,0.577350269,0.653333333,3
30157690_MinPolqaSfbRecording_cut.wav,2.0,1.0,1.131606528,3
29540169_MinPolqaSfbRecording_cut.wav,2.0,1.0,1.131606528,3
30426396_MinPolqaSfbRecording_cut.wav,2.333333333,0.577350269,0.653333333,3
28228962_MinPolqaSfbRecording_cut.wav,2.666666667,0.577350269,0.653333333,3
30128375_MinPolqaSfbRecording_cut.wav,3.0,1.0,1.131606528,3
29530744_MinPolqaSfbRecording_cut.wav,2.0,1.0,1.131606528,3
30180929_MinPolqaSfbRecording_cut.wav,3.0,0.0,0.0,3
30250071_MinPolqaSfbRecording_cut.wav,1.666666667,0.577350269,0.653333333,3
30509254_MinPolqaSfbRecording_cut.wav,2.75,1.707825128,1.673668625,4
28332739_MinPolqaSfbRecording_cut.wav,3.25,0.5,0.49,4
30185052_MinPolqaSfbRecording_cut.wav,2.25,0.5,0.49,4
30123957_MinPolqaSfbRecording_cut.wav,2.25,1.258305739,1.233139624,4
28829598_MinPolqaSfbRecording_cut.wav,4.0,0.816496581,0.800166649,4
30424604_MinPolqaSfbRecording_cut.wav,3.5,1.0,0.98,4
30402154_MinPolqaSfbRecording_cut.wav,2.0,0.816496581,0.800166649,4
30106837_MinPolqaSfbRecording_cut.wav,2.5,1.290994449,1.26517456,4
30252594_MinPolqaSfbRecording_cut.wav,1.0,0.0,0.0,4
30096729_MinPolqaSfbRecording_cut.wav,1.0,0.0,0.0,4
30529120_MinPolqaSfbRecording_cut.wav,1.25,0.5,0.49,4
30440048_MinPolqaSfbRecording_cut.wav,2.5,0.577350269,0.565803264,4
30133963_MinPolqaSfbRecording_cut.wav,3.0,0.816496581,0.800166649,4
30409023_MinPolqaSfbRecording_cut.wav,1.0,0.0,0.0,4
28196261_MinPolqaSfbRecording_cut.wav,4.0,0.0,0.0,4
30522224_MinPolqaSfbRecording_cut.wav,1.75,0.957427108,0.938278566,4
30069382_MinPolqaSfbRecording_cut.wav,1.5,0.577350269,0.565803264,4
30206476_MinPolqaSfbRecording_cut.wav,1.0,0.0,0.0,4
30482739_MinPolqaSfbRecording_cut.wav,2.0,1.154700538,1.131606528,4
27883732_MinPolqaSfbRecording_cut.wav,3.4,0.547722558,0.48009999,5
28490400_MinPolqaSfbRecording_cut.wav,4.0,0.707106781,0.619806421,5
29536841_MinPolqaSfbRecording_cut.wav,2.6,0.547722558,0.48009999,5
30259923_MinPolqaSfbRecording_cut.wav,4.0,0.707106781,0.619806421,5
30484061_MinPolqaSfbRecording_cut.wav,2.6,0.547722558,0.48009999,5
30148886_MinPolqaSfbRecording_cut.wav,3.2,0.836660027,0.733364848,5
30255593_MinPolqaSfbRecording_cut.wav,2.8,0.447213595,0.392,5
30070372_MinPolqaSfbRecording_cut.wav,1.2,0.447213595,0.392,5
29542032_MinPolqaSfbRecording_cut.wav,1.0,0.0,0.0,5
29529499_MinPolqaSfbRecording_cut.wav,4.0,0.707106781,0.619806421,5
30412797_MinPolqaSfbRecording_cut.wav,1.8,1.303840481,1.142866571,5
30180755_MinPolqaSfbRecording_cut.wav,3.0,0.707106781,0.619806421,5
30404284_MinPolqaSfbRecording_cut.wav,3.4,0.547722558,0.48009999,5
30107023_MinPolqaSfbRecording_cut.wav,2.8,0.836660027,0.733364848,5
30424858_MinPolqaSfbRecording_cut.wav,2.2,0.836660027,0.733364848,5
30491807_MinPolqaSfbRecording_cut.wav,3.4,0.547722558,0.48009999,5
30148216_MinPolqaSfbRecording_cut.wav,2.2,0.836660027,0.733364848,5
27899201_MinPolqaSfbRecording_cut.wav,4.2,0.447213595,0.392,5
30462548_MinPolqaSfbRecording_cut.wav,2.6,0.547722558,0.48009999,5
30483192_MinPolqaSfbRecording_cut.wav,2.8,0.836660027,0.733364848,5
27779643_MinPolqaSfbRecording_cut.wav,4.2,0.447213595,0.392,5
28920517_MinPolqaSfbRecording_cut.wav,3.8,0.836660027,0.733364848,5
30488637_MinPolqaSfbRecording_cut.wav,2.0,1.0,0.876538647,5
30070000_MinPolqaSfbRecording_cut.wav,2.0,1.0,0.876538647,5
30067510_MinPolqaSfbRecording_cut.wav,3.25,1.258305739,1.233139624,4
28738671_MinPolqaSfbRecording_cut.wav,4.5,0.577350269,0.565803264,4
30106086_MinPolqaSfbRecording_cut.wav,2.75,1.258305739,1.233139624,4
30430319_MinPolqaSfbRecording_cut.wav,1.75,1.5,1.47,4
30445004_MinPolqaSfbRecording_cut.wav,2.0,1.414213562,1.385929291,4
30488124_MinPolqaSfbRecording_cut.wav,4.0,0.816496581,0.800166649,4
30202466_MinPolqaSfbRecording_cut.wav,3.25,1.258305739,1.233139624,4
29544694_MinPolqaSfbRecording_cut.wav,2.25,1.258305739,1.233139624,4
27615607_MinPolqaSfbRecording_cut.wav,4.0,0.816496581,0.800166649,4
30156871_MinPolqaSfbRecording_cut.wav,2.333333333,0.577350269,0.653333333,3
30075772_MinPolqaSfbRecording_cut.wav,3.666666667,0.577350269,0.653333333,3
30089308_MinPolqaSfbRecording_cut.wav,2.666666667,1.527525232,1.728557523,3
30427151_MinPolqaSfbRecording_cut.wav,3.0,1.0,1.131606528,3
28425104_MinPolqaSfbRecording_cut.wav,3.333333333,0.577350269,0.653333333,3
30473895_MinPolqaSfbRecording_cut.wav,2.333333333,0.577350269,0.653333333,3
30480137_MinPolqaSfbRecording_cut.wav,3.0,1.0,1.131606528,3
30530160_MinPolqaSfbRecording_cut.wav,1.333333333,0.577350269,0.653333333,3
27525310_MinPolqaSfbRecording_cut.wav,4.333333333,0.577350269,0.653333333,3
30408322_MinPolqaSfbRecording_cut.wav,3.666666667,0.577350269,0.653333333,3
30104265_MinPolqaSfbRecording_cut.wav,2.4,0.894427191,0.784,5
30117322_MinPolqaSfbRecording_cut.wav,2.0,0.0,0.0,5
30106626_MinPolqaSfbRecording_cut.wav,2.4,0.894427191,0.784,5
30523933_MinPolqaSfbRecording_cut.wav,3.4,0.547722558,0.48009999,5
28827542_MinPolqaSfbRecording_cut.wav,3.2,0.836660027,0.733364848,5
30183675_MinPolqaSfbRecording_cut.wav,2.0,0.707106781,0.619806421,5
30426806_MinPolqaSfbRecording_cut.wav,2.6,0.547722558,0.48009999,5
30103485_MinPolqaSfbRecording_cut.wav,2.4,0.547722558,0.48009999,5
30463433_MinPolqaSfbRecording_cut.wav,3.0,1.0,0.876538647,5
30102798_MinPolqaSfbRecording_cut.wav,3.5,0.707106781,0.98,2
30529159_MinPolqaSfbRecording_cut.wav,4.0,0.0,0.0,2
30175360_MinPolqaSfbRecording_cut.wav,3.0,0.0,0.0,2
28111316_MinPolqaSfbRecording_cut.wav,3.0,0.0,0.0,2
30140698_MinPolqaSfbRecording_cut.wav,2.5,0.707106781,0.98,2
30162071_MinPolqaSfbRecording_cut.wav,3.0,0.0,0.0,2
30156007_MinPolqaSfbRecording_cut.wav,2.5,0.707106781,0.98,2
30178412_MinPolqaSfbRecording_cut.wav,4.0,0.0,0.0,2
30436752_MinPolqaSfbRecording_cut.wav,2.2,0.836660027,0.733364848,5
28079029_MinPolqaSfbRecording_cut.wav,3.0,1.0,0.876538647,5
30506228_MinPolqaSfbRecording_cut.wav,3.4,0.894427191,0.784,5
30200167_MinPolqaSfbRecording_cut.wav,1.6,0.547722558,0.48009999,5
29539697_MinPolqaSfbRecording_cut.wav,3.4,0.547722558,0.48009999,5
28337286_MinPolqaSfbRecording_cut.wav,3.6,0.547722558,0.48009999,5
30060510_MinPolqaSfbRecording_cut.wav,1.6,0.894427191,0.784,5
28924230_MinPolqaSfbRecording_cut.wav,3.333333333,0.577350269,0.653333333,3
30206087_MinPolqaSfbRecording_cut.wav,2.0,1.0,1.131606528,3
30097741_MinPolqaSfbRecording_cut.wav,3.666666667,0.577350269,0.653333333,3
30164659_MinPolqaSfbRecording_cut.wav,2.333333333,0.577350269,0.653333333,3
30453773_MinPolqaSfbRecording_cut.wav,3.0,1.0,1.131606528,3
30188784_MinPolqaSfbRecording_cut.wav,2.666666667,0.577350269,0.653333333,3
30208331_MinPolqaSfbRecording_cut.wav,3.0,0.0,0.0,3
30481912_MinPolqaSfbRecording_cut.wav,3.0,1.0,1.131606528,3
27921566_MinPolqaSfbRecording_cut.wav,4.0,0.816496581,0.800166649,4
30155336_MinPolqaSfbRecording_cut.wav,3.75,0.5,0.49,4
30423178_MinPolqaSfbRecording_cut.wav,2.75,0.5,0.49,4
30513179_MinPolqaSfbRecording_cut.wav,2.0,0.816496581,0.800166649,4
30076513_MinPolqaSfbRecording_cut.wav,4.0,0.0,0.0,4
30157453_MinPolqaSfbRecording_cut.wav,4.25,0.5,0.49,4
28229772_MinPolqaSfbRecording_cut.wav,4.25,0.957427108,0.938278566,4
30439514_MinPolqaSfbRecording_cut.wav,2.4,0.894427191,0.784,5
30480833_MinPolqaSfbRecording_cut.wav,2.6,0.547722558,0.48009999,5
30212163_MinPolqaSfbRecording_cut.wav,2.8,0.836660027,0.733364848,5
27884196_MinPolqaSfbRecording_cut.wav,4.2,0.836660027,0.733364848,5
30444319_MinPolqaSfbRecording_cut.wav,3.0,1.0,0.876538647,5
30461254_MinPolqaSfbRecording_cut.wav,2.0,0.707106781,0.619806421,5
30429205_MinPolqaSfbRecording_cut.wav,2.2,0.836660027,0.733364848,5
30500901_MinPolqaSfbRecording_cut.wav,2.4,0.547722558,0.48009999,5
30456588_MinPolqaSfbRecording_cut.wav,3.2,0.836660027,0.733364848,5
30263182_MinPolqaSfbRecording_cut.wav,4.4,0.547722558,0.48009999,5
30150885_MinPolqaSfbRecording_cut.wav,3.6,0.547722558,0.48009999,5
30213130_MinPolqaSfbRecording_cut.wav,4.4,0.547722558,0.48009999,5
30474622_MinPolqaSfbRecording_cut.wav,4.4,0.547722558,0.48009999,5
30255437_MinPolqaSfbRecording_cut.wav,3.8,1.303840481,1.142866571,5
30062579_MinPolqaSfbRecording_cut.wav,4.8,0.447213595,0.392,5
30123198_MinPolqaSfbRecording_cut.wav,4.0,0.707106781,0.619806421,5
30264402_MinPolqaSfbRecording_cut.wav,3.8,0.447213595,0.392,5
30448585_MinPolqaSfbRecording_cut.wav,2.6,1.673320053,1.466729696,5
27756618_MinPolqaSfbRecording_cut.wav,3.2,1.095445115,0.960199979,5
28659572_MinPolqaSfbRecording_cut.wav,3.8,1.303840481,1.142866571,5
30120799_MinPolqaSfbRecording_cut.wav,3.8,0.447213595,0.392,5
30145385_MinPolqaSfbRecording_cut.wav,3.6,1.140175425,0.999407825,5
30434082_MinPolqaSfbRecording_cut.wav,3.6,0.547722558,0.48009999,5
30406402_MinPolqaSfbRecording_cut.wav,2.8,0.836660027,0.733364848,5
30099848_MinPolqaSfbRecording_cut.wav,3.0,1.0,0.876538647,5
30093124_MinPolqaSfbRecording_cut.wav,1.6,0.547722558,0.48009999,5
30502462_MinPolqaSfbRecording_cut.wav,2.8,0.447213595,0.392,5
30259165_MinPolqaSfbRecording_cut.wav,2.0,0.0,0.0,5
30098010_MinPolqaSfbRecording_cut.wav,1.8,0.447213595,0.392,5
30122337_MinPolqaSfbRecording_cut.wav,3.6,0.547722558,0.48009999,5
30483147_MinPolqaSfbRecording_cut.wav,2.8,0.836660027,0.733364848,5
27670272_MinPolqaSfbRecording_cut.wav,3.8,0.447213595,0.392,5
30195768_MinPolqaSfbRecording_cut.wav,3.0,0.707106781,0.619806421,5
30260334_MinPolqaSfbRecording_cut.wav,2.4,0.547722558,0.48009999,5
30150674_MinPolqaSfbRecording_cut.wav,3.25,0.957427108,0.938278566,4
30109677_MinPolqaSfbRecording_cut.wav,3.75,0.957427108,0.938278566,4
28225671_MinPolqaSfbRecording_cut.wav,4.25,0.5,0.49,4
28994015_MinPolqaSfbRecording_cut.wav,3.25,0.957427108,0.938278566,4
30201526_MinPolqaSfbRecording_cut.wav,3.5,0.577350269,0.565803264,4
30192575_MinPolqaSfbRecording_cut.wav,3.25,0.957427108,0.938278566,4
30097107_MinPolqaSfbRecording_cut.wav,3.25,0.957427108,0.938278566,4
30496656_MinPolqaSfbRecording_cut.wav,3.0,1.414213562,1.385929291,4
30070319_MinPolqaSfbRecording_cut.wav,2.75,0.957427108,0.938278566,4
29530378_MinPolqaSfbRecording_cut.wav,1.75,0.957427108,0.938278566,4
30213549_MinPolqaSfbRecording_cut.wav,2.6,1.140175425,0.999407825,5
30147444_MinPolqaSfbRecording_cut.wav,3.8,1.095445115,0.960199979,5
30060571_MinPolqaSfbRecording_cut.wav,2.4,1.140175425,0.999407825,5
30514838_MinPolqaSfbRecording_cut.wav,3.8,1.095445115,0.960199979,5
30173545_MinPolqaSfbRecording_cut.wav,4.0,0.707106781,0.619806421,5
30147666_MinPolqaSfbRecording_cut.wav,3.0,1.224744871,1.073536213,5
30262029_MinPolqaSfbRecording_cut.wav,2.6,1.140175425,0.999407825,5
27724359_MinPolqaSfbRecording_cut.wav,3.8,1.095445115,0.960199979,5
30404889_MinPolqaSfbRecording_cut.wav,4.2,0.447213595,0.392,5
30132621_MinPolqaSfbRecording_cut.wav,3.0,0.816496581,0.800166649,4
30150417_MinPolqaSfbRecording_cut.wav,2.5,0.577350269,0.565803264,4
30178775_MinPolqaSfbRecording_cut.wav,2.0,0.0,0.0,4
30186249_MinPolqaSfbRecording_cut.wav,3.75,0.5,0.49,4
28447872_MinPolqaSfbRecording_cut.wav,4.0,0.0,0.0,4
30181961_MinPolqaSfbRecording_cut.wav,2.5,0.577350269,0.565803264,4
30179872_MinPolqaSfbRecording_cut.wav,2.5,0.577350269,0.565803264,4
30471472_MinPolqaSfbRecording_cut.wav,3.25,0.5,0.49,4
30515832_MinPolqaSfbRecording_cut.wav,1.4,0.547722558,0.48009999,5
30489233_MinPolqaSfbRecording_cut.wav,3.6,0.547722558,0.48009999,5
30446133_MinPolqaSfbRecording_cut.wav,3.2,0.447213595,0.392,5
30427467_MinPolqaSfbRecording_cut.wav,2.6,0.547722558,0.48009999,5
30202831_MinPolqaSfbRecording_cut.wav,3.4,0.894427191,0.784,5
28660205_MinPolqaSfbRecording_cut.wav,4.4,0.894427191,0.784,5
30478208_MinPolqaSfbRecording_cut.wav,2.6,0.547722558,0.48009999,5
29536966_MinPolqaSfbRecording_cut.wav,3.4,0.547722558,0.48009999,5
30100260_MinPolqaSfbRecording_cut.wav,1.4,0.547722558,0.48009999,5
30441882_MinPolqaSfbRecording_cut.wav,2.6,0.894427191,0.784,5
30453851_MinPolqaSfbRecording_cut.wav,3.0,1.0,0.876538647,5
30449442_MinPolqaSfbRecording_cut.wav,3.0,1.0,0.876538647,5
30109082_MinPolqaSfbRecording_cut.wav,2.4,0.894427191,0.784,5
30493098_MinPolqaSfbRecording_cut.wav,2.2,0.836660027,0.733364848,5
30097736_MinPolqaSfbRecording_cut.wav,3.8,0.836660027,0.733364848,5
28076290_MinPolqaSfbRecording_cut.wav,3.333333333,0.577350269,0.653333333,3
30085303_MinPolqaSfbRecording_cut.wav,2.0,1.0,1.131606528,3
30174178_MinPolqaSfbRecording_cut.wav,2.666666667,1.527525232,1.728557523,3
30063938_MinPolqaSfbRecording_cut.wav,1.333333333,0.577350269,0.653333333,3
28974048_MinPolqaSfbRecording_cut.wav,1.666666667,1.154700538,1.306666667,3
30106520_MinPolqaSfbRecording_cut.wav,2.0,1.0,1.131606528,3
30153918_MinPolqaSfbRecording_cut.wav,2.333333333,1.527525232,1.728557523,3
28314101_MinPolqaSfbRecording_cut.wav,3.5,0.577350269,0.565803264,4
30101007_MinPolqaSfbRecording_cut.wav,3.0,0.816496581,0.800166649,4
30117590_MinPolqaSfbRecording_cut.wav,1.75,0.957427108,0.938278566,4
30107576_MinPolqaSfbRecording_cut.wav,3.75,0.957427108,0.938278566,4
30251236_MinPolqaSfbRecording_cut.wav,3.25,0.957427108,0.938278566,4
30452350_MinPolqaSfbRecording_cut.wav,1.5,0.577350269,0.565803264,4
30127508_MinPolqaSfbRecording_cut.wav,3.0,1.414213562,1.385929291,4
28742570_MinPolqaSfbRecording_cut.wav,4.0,0.816496581,0.800166649,4
30480804_MinPolqaSfbRecording_cut.wav,3.5,1.0,0.98,4
30505082_MinPolqaSfbRecording_cut.wav,4.0,0.816496581,0.800166649,4
29539184_MinPolqaSfbRecording_cut.wav,3.0,0.816496581,0.800166649,4
30409730_MinPolqaSfbRecording_cut.wav,3.25,0.5,0.49,4
30148289_MinPolqaSfbRecording_cut.wav,4.0,1.154700538,1.131606528,4
30211536_MinPolqaSfbRecording_cut.wav,3.25,0.5,0.49,4
30415811_MinPolqaSfbRecording_cut.wav,3.0,0.816496581,0.800166649,4
30512668_MinPolqaSfbRecording_cut.wav,2.75,0.957427108,0.938278566,4
27841350_MinPolqaSfbRecording_cut.wav,4.25,0.5,0.49,4
30522269_MinPolqaSfbRecording_cut.wav,3.5,1.0,0.98,4
28494153_MinPolqaSfbRecording_cut.wav,3.75,0.957427108,0.938278566,4
30471237_MinPolqaSfbRecording_cut.wav,3.25,0.957427108,0.938278566,4
30475397_MinPolqaSfbRecording_cut.wav,3.25,1.258305739,1.233139624,4
28259970_MinPolqaSfbRecording_cut.wav,4.0,0.0,0.0,4
30102788_MinPolqaSfbRecording_cut.wav,3.25,0.957427108,0.938278566,4
30506909_MinPolqaSfbRecording_cut.wav,3.0,0.816496581,0.800166649,4
27658093_MinPolqaSfbRecording_cut.wav,4.0,0.816496581,0.800166649,4
30108069_MinPolqaSfbRecording_cut.wav,2.5,1.732050808,1.697409791,4
30195127_MinPolqaSfbRecording_cut.wav,3.75,0.5,0.49,4
30485897_MinPolqaSfbRecording_cut.wav,3.5,1.0,0.98,4
30438193_MinPolqaSfbRecording_cut.wav,3.75,0.5,0.49,4
28444279_MinPolqaSfbRecording_cut.wav,4.5,0.577350269,0.565803264,4
30157189_MinPolqaSfbRecording_cut.wav,3.5,0.577350269,0.565803264,4
30519771_MinPolqaSfbRecording_cut.wav,3.75,1.258305739,1.233139624,4
30530322_MinPolqaSfbRecording_cut.wav,3.75,0.5,0.49,4
27979363_MinPolqaSfbRecording_cut.wav,4.5,0.577350269,0.565803264,4
30438267_MinPolqaSfbRecording_cut.wav,1.75,0.957427108,0.938278566,4
30175974_MinPolqaSfbRecording_cut.wav,2.25,1.258305739,1.233139624,4
30150054_MinPolqaSfbRecording_cut.wav,2.5,0.577350269,0.565803264,4
30157724_MinPolqaSfbRecording_cut.wav,2.0,0.816496581,0.800166649,4
30211310_MinPolqaSfbRecording_cut.wav,2.0,1.414213562,1.385929291,4
30147563_MinPolqaSfbRecording_cut.wav,1.4,0.547722558,0.48009999,5
29530631_MinPolqaSfbRecording_cut.wav,3.0,1.0,0.876538647,5
28856225_MinPolqaSfbRecording_cut.wav,3.8,0.836660027,0.733364848,5
27681508_MinPolqaSfbRecording_cut.wav,4.0,0.707106781,0.619806421,5
30508372_MinPolqaSfbRecording_cut.wav,3.2,0.836660027,0.733364848,5
27763717_MinPolqaSfbRecording_cut.wav,4.4,0.894427191,0.784,5
30528303_MinPolqaSfbRecording_cut.wav,3.0,1.0,0.876538647,5
30401548_MinPolqaSfbRecording_cut.wav,1.8,1.095445115,0.960199979,5
30058065_MinPolqaSfbRecording_cut.wav,2.8,1.095445115,0.960199979,5
30496650_MinPolqaSfbRecording_cut.wav,3.0,1.414213562,1.96,2
30485905_MinPolqaSfbRecording_cut.wav,3.0,2.828427125,3.92,2
28907515_MinPolqaSfbRecording_cut.wav,3.0,1.414213562,1.96,2
30092834_MinPolqaSfbRecording_cut.wav,4.0,1.414213562,1.96,2
30251363_MinPolqaSfbRecording_cut.wav,3.5,0.707106781,0.98,2
30139035_MinPolqaSfbRecording_cut.wav,3.0,0.0,0.0,2
30102917_MinPolqaSfbRecording_cut.wav,4.0,1.414213562,1.96,2
30414118_MinPolqaSfbRecording_cut.wav,3.5,2.121320344,2.94,2
30099795_MinPolqaSfbRecording_cut.wav,1.5,0.707106781,0.98,2
27701510_MinPolqaSfbRecording_cut.wav,4.0,1.414213562,1.96,2
28721325_MinPolqaSfbRecording_cut.wav,4.0,0.816496581,0.800166649,4
30438938_MinPolqaSfbRecording_cut.wav,3.25,1.258305739,1.233139624,4
30491682_MinPolqaSfbRecording_cut.wav,3.5,1.0,0.98,4
30075734_MinPolqaSfbRecording_cut.wav,3.5,1.0,0.98,4
30080421_MinPolqaSfbRecording_cut.wav,2.75,1.707825128,1.673668625,4
30479553_MinPolqaSfbRecording_cut.wav,3.75,1.258305739,1.233139624,4
28861844_MinPolqaSfbRecording_cut.wav,3.75,0.5,0.49,4
27636539_MinPolqaSfbRecording_cut.wav,4.5,0.577350269,0.565803264,4
30059809_MinPolqaSfbRecording_cut.wav,3.6,1.341640786,1.176,5
30522257_MinPolqaSfbRecording_cut.wav,2.6,1.516575089,1.329336677,5
28608815_MinPolqaSfbRecording_cut.wav,3.8,0.836660027,0.733364848,5
30529311_MinPolqaSfbRecording_cut.wav,3.8,0.836660027,0.733364848,5
30255589_MinPolqaSfbRecording_cut.wav,3.2,1.303840481,1.142866571,5
30136794_MinPolqaSfbRecording_cut.wav,2.4,1.673320053,1.466729696,5
30122681_MinPolqaSfbRecording_cut.wav,3.8,1.095445115,0.960199979,5
27761877_MinPolqaSfbRecording_cut.wav,4.5,0.577350269,0.565803264,4
27917334_MinPolqaSfbRecording_cut.wav,4.0,0.816496581,0.800166649,4
30076013_MinPolqaSfbRecording_cut.wav,3.25,0.5,0.49,4
30163921_MinPolqaSfbRecording_cut.wav,3.75,0.5,0.49,4
30442863_MinPolqaSfbRecording_cut.wav,2.75,0.5,0.49,4
28956585_MinPolqaSfbRecording_cut.wav,3.75,0.5,0.49,4
30139270_MinPolqaSfbRecording_cut.wav,3.0,0.0,0.0,4
28686671_MinPolqaSfbRecording_cut.wav,3.75,0.957427108,0.938278566,4
30166470_MinPolqaSfbRecording_cut.wav,3.75,0.957427108,0.938278566,4
30107580_MinPolqaSfbRecording_cut.wav,3.0,0.816496581,0.800166649,4
30149808_MinPolqaSfbRecording_cut.wav,3.25,0.957427108,0.938278566,4
28152438_MinPolqaSfbRecording_cut.wav,1.5,0.577350269,0.565803264,4
30470710_MinPolqaSfbRecording_cut.wav,2.5,1.290994449,1.26517456,4
30110714_MinPolqaSfbRecording_cut.wav,3.25,0.957427108,0.938278566,4
30472909_MinPolqaSfbRecording_cut.wav,1.2,0.447213595,0.392,5
30179832_MinPolqaSfbRecording_cut.wav,2.0,0.0,0.0,5
29063252_MinPolqaSfbRecording_cut.wav,3.6,0.547722558,0.48009999,5
30136389_MinPolqaSfbRecording_cut.wav,2.8,0.836660027,0.733364848,5
28325090_MinPolqaSfbRecording_cut.wav,3.8,0.836660027,0.733364848,5
30199981_MinPolqaSfbRecording_cut.wav,3.2,0.447213595,0.392,5
30155083_MinPolqaSfbRecording_cut.wav,1.2,0.447213595,0.392,5
30416064_MinPolqaSfbRecording_cut.wav,2.2,0.447213595,0.392,5
28895254_MinPolqaSfbRecording_cut.wav,3.4,0.547722558,0.48009999,5
30110608_MinPolqaSfbRecording_cut.wav,4.0,1.414213562,1.96,2
30483790_MinPolqaSfbRecording_cut.wav,1.0,0.0,0.0,2
30083933_MinPolqaSfbRecording_cut.wav,3.5,0.707106781,0.98,2
28779476_MinPolqaSfbRecording_cut.wav,3.5,0.707106781,0.98,2
30194618_MinPolqaSfbRecording_cut.wav,3.0,2.828427125,3.92,2
28552998_MinPolqaSfbRecording_cut.wav,4.0,0.0,0.0,2
30405808_MinPolqaSfbRecording_cut.wav,3.5,2.121320344,2.94,2
30194836_MinPolqaSfbRecording_cut.wav,3.0,2.828427125,3.92,2
30109706_MinPolqaSfbRecording_cut.wav,3.0,2.828427125,3.92,2
30212004_MinPolqaSfbRecording_cut.wav,3.0,2.828427125,3.92,2
28450675_MinPolqaSfbRecording_cut.wav,4.4,0.894427191,0.784,5
30147044_MinPolqaSfbRecording_cut.wav,2.6,0.894427191,0.784,5
29539576_MinPolqaSfbRecording_cut.wav,4.2,0.836660027,0.733364848,5
30433622_MinPolqaSfbRecording_cut.wav,1.8,0.447213595,0.392,5
30136874_MinPolqaSfbRecording_cut.wav,2.8,0.447213595,0.392,5
29005777_MinPolqaSfbRecording_cut.wav,4.0,0.707106781,0.619806421,5
30472456_MinPolqaSfbRecording_cut.wav,3.0,0.0,0.0,5
30100754_MinPolqaSfbRecording_cut.wav,2.4,0.547722558,0.48009999,5
30497500_MinPolqaSfbRecording_cut.wav,3.8,0.447213595,0.392,5
30061878_MinPolqaSfbRecording_cut.wav,3.25,0.957427108,0.938278566,4
30462462_MinPolqaSfbRecording_cut.wav,2.25,0.5,0.49,4
27917071_MinPolqaSfbRecording_cut.wav,3.75,0.5,0.49,4
27944304_MinPolqaSfbRecording_cut.wav,4.0,0.816496581,0.800166649,4
30058723_MinPolqaSfbRecording_cut.wav,1.25,0.5,0.49,4
28548125_MinPolqaSfbRecording_cut.wav,2.75,0.5,0.49,4
28248471_MinPolqaSfbRecording_cut.wav,3.5,0.577350269,0.565803264,4
30139417_MinPolqaSfbRecording_cut.wav,2.0,0.0,0.0,3
30412460_MinPolqaSfbRecording_cut.wav,3.0,0.0,0.0,3
30091741_MinPolqaSfbRecording_cut.wav,2.666666667,0.577350269,0.653333333,3
30205309_MinPolqaSfbRecording_cut.wav,3.0,0.0,0.0,3
30112170_MinPolqaSfbRecording_cut.wav,2.0,0.0,0.0,3
30413700_MinPolqaSfbRecording_cut.wav,4.333333333,0.577350269,0.653333333,3
30470074_MinPolqaSfbRecording_cut.wav,2.0,0.0,0.0,3
30135682_MinPolqaSfbRecording_cut.wav,2.333333333,0.577350269,0.653333333,3
30141779_MinPolqaSfbRecording_cut.wav,4.0,0.0,0.0,3
30508660_MinPolqaSfbRecording_cut.wav,1.0,0.0,0.0,2
30085371_MinPolqaSfbRecording_cut.wav,1.0,0.0,0.0,2
29539058_MinPolqaSfbRecording_cut.wav,4.5,0.707106781,0.98,2
30150916_MinPolqaSfbRecording_cut.wav,1.0,0.0,0.0,2
28756660_MinPolqaSfbRecording_cut.wav,3.5,0.707106781,0.98,2
28817668_MinPolqaSfbRecording_cut.wav,3.5,0.707106781,0.98,2
28507782_MinPolqaSfbRecording_cut.wav,3.5,0.707106781,0.98,2
30513789_MinPolqaSfbRecording_cut.wav,2.0,0.0,0.0,2
27628494_MinPolqaSfbRecording_cut.wav,4.25,0.5,0.49,4
30152027_MinPolqaSfbRecording_cut.wav,2.0,0.0,0.0,4
30172944_MinPolqaSfbRecording_cut.wav,1.75,0.5,0.49,4
30255606_MinPolqaSfbRecording_cut.wav,3.75,0.957427108,0.938278566,4
30151818_MinPolqaSfbRecording_cut.wav,1.5,0.577350269,0.565803264,4
30415495_MinPolqaSfbRecording_cut.wav,1.5,0.577350269,0.565803264,4
30523936_MinPolqaSfbRecording_cut.wav,3.75,0.5,0.49,4
28783906_MinPolqaSfbRecording_cut.wav,4.5,0.577350269,0.565803264,4
30137784_MinPolqaSfbRecording_cut.wav,3.2,1.095445115,0.960199979,5
30531019_MinPolqaSfbRecording_cut.wav,2.6,1.516575089,1.329336677,5
30147152_MinPolqaSfbRecording_cut.wav,3.8,1.095445115,0.960199979,5
30426690_MinPolqaSfbRecording_cut.wav,2.6,0.894427191,0.784,5
30148701_MinPolqaSfbRecording_cut.wav,3.2,1.095445115,0.960199979,5
30513046_MinPolqaSfbRecording_cut.wav,1.8,1.303840481,1.142866571,5
29535919_MinPolqaSfbRecording_cut.wav,3.6,1.341640786,1.176,5
28280743_MinPolqaSfbRecording_cut.wav,4.4,0.894427191,0.784,5
28018519_MinPolqaSfbRecording_cut.wav,3.6,1.140175425,0.999407825,5
30261531_MinPolqaSfbRecording_cut.wav,3.0,0.0,0.0,3
30415782_MinPolqaSfbRecording_cut.wav,3.666666667,0.577350269,0.653333333,3
30118429_MinPolqaSfbRecording_cut.wav,1.666666667,0.577350269,0.653333333,3
28467926_MinPolqaSfbRecording_cut.wav,3.666666667,0.577350269,0.653333333,3
27828712_MinPolqaSfbRecording_cut.wav,3.0,1.0,1.131606528,3
27634428_MinPolqaSfbRecording_cut.wav,2.666666667,0.577350269,0.653333333,3
30404590_MinPolqaSfbRecording_cut.wav,3.333333333,0.577350269,0.653333333,3
30526621_MinPolqaSfbRecording_cut.wav,3.333333333,0.577350269,0.653333333,3
28160710_MinPolqaSfbRecording_cut.wav,4.0,0.0,0.0,3
30173009_MinPolqaSfbRecording_cut.wav,4.0,1.0,1.131606528,3
30177397_MinPolqaSfbRecording_cut.wav,3.25,1.258305739,1.233139624,4
30152454_MinPolqaSfbRecording_cut.wav,3.5,1.0,0.98,4
30075113_MinPolqaSfbRecording_cut.wav,3.5,1.290994449,1.26517456,4
27796628_MinPolqaSfbRecording_cut.wav,3.25,1.258305739,1.233139624,4
30148566_MinPolqaSfbRecording_cut.wav,2.0,0.0,0.0,4
30492762_MinPolqaSfbRecording_cut.wav,2.75,0.5,0.49,4
30140990_MinPolqaSfbRecording_cut.wav,3.25,1.5,1.47,4
28290331_MinPolqaSfbRecording_cut.wav,3.75,0.957427108,0.938278566,4
30090342_MinPolqaSfbRecording_cut.wav,3.25,1.258305739,1.233139624,4
30161233_MinPolqaSfbRecording_cut.wav,2.0,0.816496581,0.800166649,4
28180640_MinPolqaSfbRecording_cut.wav,3.5,0.577350269,0.565803264,4
30483002_MinPolqaSfbRecording_cut.wav,2.5,0.577350269,0.565803264,4
30181390_MinPolqaSfbRecording_cut.wav,3.25,0.5,0.49,4
30407700_MinPolqaSfbRecording_cut.wav,1.25,0.5,0.49,4
30126284_MinPolqaSfbRecording_cut.wav,3.75,0.5,0.49,4
30193223_MinPolqaSfbRecording_cut.wav,1.25,0.5,0.49,4
30526620_MinPolqaSfbRecording_cut.wav,2.25,0.5,0.49,4
28772511_MinPolqaSfbRecording_cut.wav,3.5,0.577350269,0.565803264,4
30195373_MinPolqaSfbRecording_cut.wav,2.25,0.957427108,0.938278566,4
30119608_MinPolqaSfbRecording_cut.wav,2.75,1.707825128,1.673668625,4
27835890_MinPolqaSfbRecording_cut.wav,3.5,1.0,0.98,4
30198371_MinPolqaSfbRecording_cut.wav,3.25,0.5,0.49,4
30473526_MinPolqaSfbRecording_cut.wav,3.75,0.5,0.49,4
30455399_MinPolqaSfbRecording_cut.wav,2.75,1.5,1.47,4
30515784_MinPolqaSfbRecording_cut.wav,3.5,0.577350269,0.565803264,4
30165314_MinPolqaSfbRecording_cut.wav,2.75,0.957427108,0.938278566,4
30135584_MinPolqaSfbRecording_cut.wav,2.5,0.577350269,0.565803264,4
30442669_MinPolqaSfbRecording_cut.wav,2.0,0.816496581,0.800166649,4
28116124_MinPolqaSfbRecording_cut.wav,3.5,0.577350269,0.565803264,4
30096913_MinPolqaSfbRecording_cut.wav,2.5,1.290994449,1.26517456,4
30202557_MinPolqaSfbRecording_cut.wav,4.0,1.154700538,1.131606528,4
30449931_MinPolqaSfbRecording_cut.wav,3.25,0.957427108,0.938278566,4
30438746_MinPolqaSfbRecording_cut.wav,2.5,0.577350269,0.565803264,4
30472402_MinPolqaSfbRecording_cut.wav,3.4,0.547722558,0.48009999,5
30425267_MinPolqaSfbRecording_cut.wav,3.2,1.483239697,1.300116918,5
30070287_MinPolqaSfbRecording_cut.wav,3.6,0.547722558,0.48009999,5
30126318_MinPolqaSfbRecording_cut.wav,1.8,0.836660027,0.733364848,5
30518974_MinPolqaSfbRecording_cut.wav,2.6,0.894427191,0.784,5
28750513_MinPolqaSfbRecording_cut.wav,4.0,1.0,0.876538647,5
30119517_MinPolqaSfbRecording_cut.wav,4.0,0.0,0.0,5
28169218_MinPolqaSfbRecording_cut.wav,3.6,0.894427191,0.784,5
30068086_MinPolqaSfbRecording_cut.wav,2.0,1.0,0.876538647,5
30487068_MinPolqaSfbRecording_cut.wav,3.2,1.643167673,1.440299969,5
30404211_MinPolqaSfbRecording_cut.wav,3.0,1.0,0.876538647,5
30063148_MinPolqaSfbRecording_cut.wav,4.2,0.836660027,0.733364848,5
30496493_MinPolqaSfbRecording_cut.wav,2.6,1.341640786,1.176,5
28669017_MinPolqaSfbRecording_cut.wav,3.6,1.140175425,0.999407825,5
30423361_MinPolqaSfbRecording_cut.wav,2.6,0.894427191,0.784,5
30475062_MinPolqaSfbRecording_cut.wav,2.8,1.303840481,1.142866571,5
30502096_MinPolqaSfbRecording_cut.wav,3.0,0.0,0.0,5
30176444_MinPolqaSfbRecording_cut.wav,2.6,0.547722558,0.48009999,5
27781158_MinPolqaSfbRecording_cut.wav,3.0,0.707106781,0.619806421,5
28503596_MinPolqaSfbRecording_cut.wav,3.8,0.447213595,0.392,5
29540279_MinPolqaSfbRecording_cut.wav,2.6,0.547722558,0.48009999,5
29541262_MinPolqaSfbRecording_cut.wav,3.6,0.547722558,0.48009999,5
27944107_MinPolqaSfbRecording_cut.wav,2.8,0.447213595,0.392,5
30065361_MinPolqaSfbRecording_cut.wav,4.2,0.447213595,0.392,5
28747743_MinPolqaSfbRecording_cut.wav,3.6,0.547722558,0.48009999,5
29539087_MinPolqaSfbRecording_cut.wav,2.4,0.547722558,0.48009999,5
30140769_MinPolqaSfbRecording_cut.wav,1.8,0.836660027,0.733364848,5
28719938_MinPolqaSfbRecording_cut.wav,4.25,0.957427108,0.938278566,4
29541887_MinPolqaSfbRecording_cut.wav,4.0,0.816496581,0.800166649,4
27856014_MinPolqaSfbRecording_cut.wav,3.5,0.577350269,0.565803264,4
30258715_MinPolqaSfbRecording_cut.wav,3.25,0.957427108,0.938278566,4
30483744_MinPolqaSfbRecording_cut.wav,3.25,0.957427108,0.938278566,4
30147532_MinPolqaSfbRecording_cut.wav,3.25,0.5,0.49,4
28234583_MinPolqaSfbRecording_cut.wav,4.0,0.816496581,0.800166649,4
30406696_MinPolqaSfbRecording_cut.wav,1.75,0.957427108,0.938278566,4
28447241_MinPolqaSfbRecording_cut.wav,3.0,0.816496581,0.800166649,4
28255769_MinPolqaSfbRecording_cut.wav,3.0,0.816496581,0.800166649,4
30096958_MinPolqaSfbRecording_cut.wav,2.5,1.290994449,1.26517456,4
29529555_MinPolqaSfbRecording_cut.wav,2.5,1.0,0.98,4
30063991_MinPolqaSfbRecording_cut.wav,2.75,0.5,0.49,4
30137675_MinPolqaSfbRecording_cut.wav,2.75,1.707825128,1.673668625,4
30058997_MinPolqaSfbRecording_cut.wav,3.25,0.957427108,0.938278566,4
30404846_MinPolqaSfbRecording_cut.wav,3.5,0.577350269,0.565803264,4
30507766_MinPolqaSfbRecording_cut.wav,3.75,0.5,0.49,4
30479048_MinPolqaSfbRecording_cut.wav,3.0,1.414213562,1.385929291,4
30500846_MinPolqaSfbRecording_cut.wav,2.0,1.414213562,1.385929291,4
30202615_MinPolqaSfbRecording_cut.wav,4.2,0.447213595,0.392,5
28427719_MinPolqaSfbRecording_cut.wav,4.0,0.0,0.0,5
30497475_MinPolqaSfbRecording_cut.wav,2.8,0.836660027,0.733364848,5
30502395_MinPolqaSfbRecording_cut.wav,3.4,0.547722558,0.48009999,5
30098666_MinPolqaSfbRecording_cut.wav,3.2,0.447213595,0.392,5
27705092_MinPolqaSfbRecording_cut.wav,4.0,1.0,0.876538647,5
30401012_MinPolqaSfbRecording_cut.wav,3.8,0.836660027,0.733364848,5
27872037_MinPolqaSfbRecording_cut.wav,4.0,0.707106781,0.619806421,5
30450416_MinPolqaSfbRecording_cut.wav,2.2,1.095445115,0.960199979,5
30527162_MinPolqaSfbRecording_cut.wav,3.4,0.547722558,0.48009999,5
30173784_MinPolqaSfbRecording_cut.wav,3.0,0.707106781,0.619806421,5
30496446_MinPolqaSfbRecording_cut.wav,2.4,1.140175425,0.999407825,5
30202266_MinPolqaSfbRecording_cut.wav,3.6,0.547722558,0.48009999,5
30458349_MinPolqaSfbRecording_cut.wav,3.0,1.224744871,1.073536213,5
30087574_MinPolqaSfbRecording_cut.wav,2.2,0.836660027,0.733364848,5
30059213_MinPolqaSfbRecording_cut.wav,2.6,0.894427191,0.784,5
28644373_MinPolqaSfbRecording_cut.wav,3.2,1.095445115,0.960199979,5
30131916_MinPolqaSfbRecording_cut.wav,2.6,0.547722558,0.48009999,5
28882713_MinPolqaSfbRecording_cut.wav,2.8,0.836660027,0.733364848,5
28858553_MinPolqaSfbRecording_cut.wav,3.0,1.224744871,1.073536213,5
28137759_MinPolqaSfbRecording_cut.wav,3.4,1.140175425,0.999407825,5
30192292_MinPolqaSfbRecording_cut.wav,3.0,1.0,0.876538647,5
28969812_MinPolqaSfbRecording_cut.wav,3.2,0.836660027,0.733364848,5
30489204_MinPolqaSfbRecording_cut.wav,2.6,0.547722558,0.48009999,5
30250700_MinPolqaSfbRecording_cut.wav,2.5,0.707106781,0.98,2
30193284_MinPolqaSfbRecording_cut.wav,2.5,0.707106781,0.98,2
30130212_MinPolqaSfbRecording_cut.wav,3.0,0.0,0.0,2
30188895_MinPolqaSfbRecording_cut.wav,3.0,0.0,0.0,2
30066605_MinPolqaSfbRecording_cut.wav,2.0,0.0,0.0,2
30470654_MinPolqaSfbRecording_cut.wav,2.0,0.0,0.0,2
28012962_MinPolqaSfbRecording_cut.wav,3.5,0.707106781,0.98,2
30210225_MinPolqaSfbRecording_cut.wav,3.0,0.0,0.0,2
30257514_MinPolqaSfbRecording_cut.wav,2.0,0.0,0.0,2
28516301_MinPolqaSfbRecording_cut.wav,3.8,0.836660027,0.733364848,5
30060778_MinPolqaSfbRecording_cut.wav,3.2,0.836660027,0.733364848,5
30199669_MinPolqaSfbRecording_cut.wav,2.6,0.547722558,0.48009999,5
30145939_MinPolqaSfbRecording_cut.wav,1.2,0.447213595,0.392,5
30522649_MinPolqaSfbRecording_cut.wav,2.0,1.0,0.876538647,5
28665476_MinPolqaSfbRecording_cut.wav,4.4,0.547722558,0.48009999,5
30406295_MinPolqaSfbRecording_cut.wav,3.0,0.0,0.0,5
30171946_MinPolqaSfbRecording_cut.wav,2.2,0.836660027,0.733364848,5
30259594_MinPolqaSfbRecording_cut.wav,4.0,0.816496581,0.800166649,4
30208504_MinPolqaSfbRecording_cut.wav,3.75,0.5,0.49,4
28257586_MinPolqaSfbRecording_cut.wav,4.5,1.0,0.98,4
29544940_MinPolqaSfbRecording_cut.wav,3.0,0.0,0.0,4
30070151_MinPolqaSfbRecording_cut.wav,4.0,0.816496581,0.800166649,4
30185446_MinPolqaSfbRecording_cut.wav,3.5,1.0,0.98,4
30121812_MinPolqaSfbRecording_cut.wav,3.0,1.0,1.131606528,3
30427119_MinPolqaSfbRecording_cut.wav,3.0,1.0,1.131606528,3
30474237_MinPolqaSfbRecording_cut.wav,1.666666667,0.577350269,0.653333333,3
30084341_MinPolqaSfbRecording_cut.wav,1.666666667,0.577350269,0.653333333,3
29538111_MinPolqaSfbRecording_cut.wav,3.0,0.0,0.0,3
30251666_MinPolqaSfbRecording_cut.wav,3.333333333,1.527525232,1.728557523,3
30078486_MinPolqaSfbRecording_cut.wav,4.333333333,0.577350269,0.653333333,3
28333420_MinPolqaSfbRecording_cut.wav,3.333333333,0.577350269,0.653333333,3
27716103_MinPolqaSfbRecording_cut.wav,4.666666667,0.577350269,0.653333333,3
30522570_MinPolqaSfbRecording_cut.wav,3.333333333,1.154700538,1.306666667,3
30500694_MinPolqaSfbRecording_cut.wav,2.333333333,1.527525232,1.728557523,3
28476477_MinPolqaSfbRecording_cut.wav,3.333333333,1.154700538,1.306666667,3
30462517_MinPolqaSfbRecording_cut.wav,1.333333333,0.577350269,0.653333333,3
28784133_MinPolqaSfbRecording_cut.wav,3.666666667,0.577350269,0.653333333,3
30248925_MinPolqaSfbRecording_cut.wav,4.666666667,0.577350269,0.653333333,3
30123475_MinPolqaSfbRecording_cut.wav,2.0,1.0,1.131606528,3
30264211_MinPolqaSfbRecording_cut.wav,2.333333333,0.577350269,0.653333333,3
30460167_MinPolqaSfbRecording_cut.wav,2.25,0.957427108,0.938278566,4
30117604_MinPolqaSfbRecording_cut.wav,3.0,0.816496581,0.800166649,4
30200645_MinPolqaSfbRecording_cut.wav,2.0,1.414213562,1.385929291,4
30509717_MinPolqaSfbRecording_cut.wav,3.0,1.414213562,1.385929291,4
30095997_MinPolqaSfbRecording_cut.wav,2.75,0.5,0.49,4
30076605_MinPolqaSfbRecording_cut.wav,3.5,1.0,0.98,4
30250200_MinPolqaSfbRecording_cut.wav,3.5,1.0,0.98,4
30109521_MinPolqaSfbRecording_cut.wav,2.25,1.258305739,1.233139624,4
30489802_MinPolqaSfbRecording_cut.wav,2.25,0.957427108,0.938278566,4
30426681_MinPolqaSfbRecording_cut.wav,3.25,0.5,0.49,4
30130084_MinPolqaSfbRecording_cut.wav,4.0,0.707106781,0.619806421,5
30508597_MinPolqaSfbRecording_cut.wav,4.2,0.447213595,0.392,5
30061545_MinPolqaSfbRecording_cut.wav,3.2,1.483239697,1.300116918,5
30069946_MinPolqaSfbRecording_cut.wav,3.0,1.0,0.876538647,5
30097096_MinPolqaSfbRecording_cut.wav,3.6,0.894427191,0.784,5
30255180_MinPolqaSfbRecording_cut.wav,2.0,1.224744871,1.073536213,5
30423591_MinPolqaSfbRecording_cut.wav,1.6,0.894427191,0.784,5
30103431_MinPolqaSfbRecording_cut.wav,4.2,0.447213595,0.392,5
30527874_MinPolqaSfbRecording_cut.wav,2.4,0.547722558,0.48009999,5
30091978_MinPolqaSfbRecording_cut.wav,2.2,0.447213595,0.392,5
27605282_MinPolqaSfbRecording_cut.wav,3.2,1.095445115,0.960199979,5
29543263_MinPolqaSfbRecording_cut.wav,3.0,0.707106781,0.619806421,5
30192663_MinPolqaSfbRecording_cut.wav,1.4,0.547722558,0.48009999,5
28446396_MinPolqaSfbRecording_cut.wav,3.0,0.707106781,0.619806421,5
30199612_MinPolqaSfbRecording_cut.wav,2.4,0.894427191,0.784,5
30083852_MinPolqaSfbRecording_cut.wav,2.0,0.707106781,0.619806421,5
30484389_MinPolqaSfbRecording_cut.wav,2.5,1.290994449,1.26517456,4
30081702_MinPolqaSfbRecording_cut.wav,2.75,1.258305739,1.233139624,4
30197784_MinPolqaSfbRecording_cut.wav,1.5,0.577350269,0.565803264,4
30104780_MinPolqaSfbRecording_cut.wav,2.5,1.0,0.98,4
30492817_MinPolqaSfbRecording_cut.wav,4.0,1.154700538,1.131606528,4
30140773_MinPolqaSfbRecording_cut.wav,1.25,0.5,0.49,4
30205886_MinPolqaSfbRecording_cut.wav,3.5,0.577350269,0.565803264,4
30204882_MinPolqaSfbRecording_cut.wav,2.5,1.0,0.98,4
30261750_MinPolqaSfbRecording_cut.wav,3.0,0.816496581,0.800166649,4
30421585_MinPolqaSfbRecording_cut.wav,1.5,0.577350269,0.565803264,4
30422878_MinPolqaSfbRecording_cut.wav,2.0,0.0,0.0,2
30483580_MinPolqaSfbRecording_cut.wav,2.5,0.707106781,0.98,2
30104176_MinPolqaSfbRecording_cut.wav,2.5,0.707106781,0.98,2
30186273_MinPolqaSfbRecording_cut.wav,2.0,0.0,0.0,2
27917285_MinPolqaSfbRecording_cut.wav,1.5,0.707106781,0.98,2
29536885_MinPolqaSfbRecording_cut.wav,3.5,0.707106781,0.98,2
30429411_MinPolqaSfbRecording_cut.wav,1.0,0.0,0.0,2
30178516_MinPolqaSfbRecording_cut.wav,2.666666667,0.577350269,0.653333333,3
30071429_MinPolqaSfbRecording_cut.wav,3.666666667,0.577350269,0.653333333,3
30083533_MinPolqaSfbRecording_cut.wav,2.333333333,1.154700538,1.306666667,3
30128236_MinPolqaSfbRecording_cut.wav,3.0,0.0,0.0,3
30075394_MinPolqaSfbRecording_cut.wav,2.666666667,0.577350269,0.653333333,3
30433182_MinPolqaSfbRecording_cut.wav,2.666666667,0.577350269,0.653333333,3
30123503_MinPolqaSfbRecording_cut.wav,4.0,1.0,1.131606528,3
28347496_MinPolqaSfbRecording_cut.wav,3.333333333,0.577350269,0.653333333,3
27839737_MinPolqaSfbRecording_cut.wav,4.4,0.547722558,0.48009999,5
30478104_MinPolqaSfbRecording_cut.wav,3.4,0.894427191,0.784,5
30460973_MinPolqaSfbRecording_cut.wav,2.8,1.095445115,0.960199979,5
28178012_MinPolqaSfbRecording_cut.wav,4.6,0.547722558,0.48009999,5
27854955_MinPolqaSfbRecording_cut.wav,4.2,0.836660027,0.733364848,5
30091435_MinPolqaSfbRecording_cut.wav,2.0,1.414213562,1.239612843,5
30069435_MinPolqaSfbRecording_cut.wav,2.8,0.836660027,0.733364848,5
30120804_MinPolqaSfbRecording_cut.wav,3.4,0.894427191,0.784,5
30178924_MinPolqaSfbRecording_cut.wav,2.2,1.303840481,1.142866571,5
30120483_MinPolqaSfbRecording_cut.wav,3.2,0.836660027,0.733364848,5
30195077_MinPolqaSfbRecording_cut.wav,3.4,0.894427191,0.784,5
30151571_MinPolqaSfbRecording_cut.wav,2.8,1.303840481,1.142866571,5
28711228_MinPolqaSfbRecording_cut.wav,4.2,0.836660027,0.733364848,5
29539213_MinPolqaSfbRecording_cut.wav,2.2,0.836660027,0.733364848,5
30195012_MinPolqaSfbRecording_cut.wav,1.4,0.547722558,0.48009999,5
30430503_MinPolqaSfbRecording_cut.wav,1.4,0.547722558,0.48009999,5
30128278_MinPolqaSfbRecording_cut.wav,1.8,0.836660027,0.733364848,5
30119532_MinPolqaSfbRecording_cut.wav,2.6,0.894427191,0.784,5
30487546_MinPolqaSfbRecording_cut.wav,2.0,0.707106781,0.619806421,5
30146669_MinPolqaSfbRecording_cut.wav,3.0,1.0,0.876538647,5
27973213_MinPolqaSfbRecording_cut.wav,4.0,0.707106781,0.619806421,5
30248054_MinPolqaSfbRecording_cut.wav,1.6,0.547722558,0.48009999,5
30488682_MinPolqaSfbRecording_cut.wav,1.6,0.547722558,0.48009999,5
28789464_MinPolqaSfbRecording_cut.wav,4.0,0.707106781,0.619806421,5
30073606_MinPolqaSfbRecording_cut.wav,1.8,0.836660027,0.733364848,5
30426731_MinPolqaSfbRecording_cut.wav,2.4,0.894427191,0.784,5
30513206_MinPolqaSfbRecording_cut.wav,2.0,0.707106781,0.619806421,5
30199778_MinPolqaSfbRecording_cut.wav,1.0,0.0,0.0,5
29539801_MinPolqaSfbRecording_cut.wav,2.75,1.5,1.47,4
27692613_MinPolqaSfbRecording_cut.wav,4.25,0.957427108,0.938278566,4
30061870_MinPolqaSfbRecording_cut.wav,4.0,1.414213562,1.385929291,4
30177981_MinPolqaSfbRecording_cut.wav,3.25,0.957427108,0.938278566,4
30171557_MinPolqaSfbRecording_cut.wav,1.5,0.577350269,0.565803264,4
28788930_MinPolqaSfbRecording_cut.wav,2.75,1.5,1.47,4
28023676_MinPolqaSfbRecording_cut.wav,4.0,0.816496581,0.800166649,4
28282179_MinPolqaSfbRecording_cut.wav,4.5,0.577350269,0.565803264,4
30429994_MinPolqaSfbRecording_cut.wav,2.6,0.547722558,0.48009999,5
30119806_MinPolqaSfbRecording_cut.wav,3.8,0.447213595,0.392,5
30477622_MinPolqaSfbRecording_cut.wav,3.8,0.447213595,0.392,5
30063201_MinPolqaSfbRecording_cut.wav,3.4,0.547722558,0.48009999,5
30063344_MinPolqaSfbRecording_cut.wav,3.4,0.547722558,0.48009999,5
30427199_MinPolqaSfbRecording_cut.wav,3.2,0.447213595,0.392,5
30258976_MinPolqaSfbRecording_cut.wav,2.4,0.547722558,0.48009999,5
30193511_MinPolqaSfbRecording_cut.wav,2.0,0.707106781,0.619806421,5
28918046_MinPolqaSfbRecording_cut.wav,4.2,0.836660027,0.733364848,5
30161334_MinPolqaSfbRecording_cut.wav,3.6,0.894427191,0.784,5
30113434_MinPolqaSfbRecording_cut.wav,2.8,0.836660027,0.733364848,5
30139588_MinPolqaSfbRecording_cut.wav,2.2,0.836660027,0.733364848,5
25902852_MinPolqaSfbRecording_cut.wav,4.0,1.224744871,1.073536213,5
30513032_MinPolqaSfbRecording_cut.wav,2.0,0.707106781,0.619806421,5
27873135_MinPolqaSfbRecording_cut.wav,3.8,0.836660027,0.733364848,5
30527032_MinPolqaSfbRecording_cut.wav,3.8,0.836660027,0.733364848,5
30431828_MinPolqaSfbRecording_cut.wav,1.0,0.0,0.0,4
30508856_MinPolqaSfbRecording_cut.wav,3.75,0.5,0.49,4
30097655_MinPolqaSfbRecording_cut.wav,1.0,0.0,0.0,4
30080652_MinPolqaSfbRecording_cut.wav,1.25,0.5,0.49,4
27746723_MinPolqaSfbRecording_cut.wav,4.5,0.577350269,0.565803264,4
30503722_MinPolqaSfbRecording_cut.wav,3.5,0.577350269,0.565803264,4
27572014_MinPolqaSfbRecording_cut.wav,4.5,0.577350269,0.565803264,4
30488664_MinPolqaSfbRecording_cut.wav,3.0,0.816496581,0.800166649,4
30101332_MinPolqaSfbRecording_cut.wav,3.0,0.816496581,0.800166649,4
28035653_MinPolqaSfbRecording_cut.wav,3.5,0.577350269,0.565803264,4
30445002_MinPolqaSfbRecording_cut.wav,3.25,0.5,0.49,4
28999508_MinPolqaSfbRecording_cut.wav,4.0,1.414213562,1.385929291,4
30514130_MinPolqaSfbRecording_cut.wav,2.0,0.816496581,0.800166649,4
30433282_MinPolqaSfbRecording_cut.wav,3.0,0.816496581,0.800166649,4
30474973_MinPolqaSfbRecording_cut.wav,3.25,0.5,0.49,4
29538930_MinPolqaSfbRecording_cut.wav,3.0,2.0,2.263213055,3
30504204_MinPolqaSfbRecording_cut.wav,3.333333333,1.154700538,1.306666667,3
30412461_MinPolqaSfbRecording_cut.wav,4.0,1.0,1.131606528,3
28722780_MinPolqaSfbRecording_cut.wav,4.0,1.0,1.131606528,3
30061436_MinPolqaSfbRecording_cut.wav,4.0,1.0,1.131606528,3
30136646_MinPolqaSfbRecording_cut.wav,3.333333333,1.154700538,1.306666667,3
29033523_MinPolqaSfbRecording_cut.wav,4.333333333,0.577350269,0.653333333,3
30432909_MinPolqaSfbRecording_cut.wav,3.333333333,0.577350269,0.653333333,3
30205251_MinPolqaSfbRecording_cut.wav,3.333333333,1.527525232,1.728557523,3
28720702_MinPolqaSfbRecording_cut.wav,3.333333333,0.577350269,0.653333333,3
27611702_MinPolqaSfbRecording_cut.wav,4.0,0.0,0.0,3
30208423_MinPolqaSfbRecording_cut.wav,3.0,0.0,0.0,3
30201599_MinPolqaSfbRecording_cut.wav,3.333333333,0.577350269,0.653333333,3
30260837_MinPolqaSfbRecording_cut.wav,3.0,0.0,0.0,3
30155226_MinPolqaSfbRecording_cut.wav,4.0,0.0,0.0,3
30073081_MinPolqaSfbRecording_cut.wav,2.666666667,0.577350269,0.653333333,3
30127844_MinPolqaSfbRecording_cut.wav,3.333333333,0.577350269,0.653333333,3
30145412_MinPolqaSfbRecording_cut.wav,2.5,0.707106781,0.98,2
30156182_MinPolqaSfbRecording_cut.wav,3.0,0.0,0.0,2
28342780_MinPolqaSfbRecording_cut.wav,4.5,0.707106781,0.98,2
30073056_MinPolqaSfbRecording_cut.wav,3.5,0.707106781,0.98,2
30164144_MinPolqaSfbRecording_cut.wav,3.5,0.707106781,0.98,2
30252554_MinPolqaSfbRecording_cut.wav,3.5,0.707106781,0.98,2
30164348_MinPolqaSfbRecording_cut.wav,3.5,0.707106781,0.98,2
27681468_MinPolqaSfbRecording_cut.wav,4.5,0.707106781,0.98,2
30095591_MinPolqaSfbRecording_cut.wav,2.4,0.547722558,0.48009999,5
30519810_MinPolqaSfbRecording_cut.wav,2.8,0.836660027,0.733364848,5
30512582_MinPolqaSfbRecording_cut.wav,2.0,0.707106781,0.619806421,5
30186042_MinPolqaSfbRecording_cut.wav,2.0,0.707106781,0.619806421,5
30523513_MinPolqaSfbRecording_cut.wav,1.4,0.894427191,0.784,5
30126572_MinPolqaSfbRecording_cut.wav,1.6,0.894427191,0.784,5
30117953_MinPolqaSfbRecording_cut.wav,2.75,0.957427108,0.938278566,4
30257996_MinPolqaSfbRecording_cut.wav,2.5,1.0,0.98,4
30179614_MinPolqaSfbRecording_cut.wav,2.25,0.5,0.49,4
30097719_MinPolqaSfbRecording_cut.wav,1.5,0.577350269,0.565803264,4
30127650_MinPolqaSfbRecording_cut.wav,3.5,0.577350269,0.565803264,4
29544739_MinPolqaSfbRecording_cut.wav,3.75,0.5,0.49,4
27585993_MinPolqaSfbRecording_cut.wav,3.75,0.957427108,0.938278566,4
30488906_MinPolqaSfbRecording_cut.wav,2.75,0.957427108,0.938278566,4
30207770_MinPolqaSfbRecording_cut.wav,1.75,0.957427108,0.938278566,4
30404524_MinPolqaSfbRecording_cut.wav,3.6,0.894427191,0.784,5
30059149_MinPolqaSfbRecording_cut.wav,2.6,0.894427191,0.784,5
30140724_MinPolqaSfbRecording_cut.wav,2.6,0.894427191,0.784,5
30407327_MinPolqaSfbRecording_cut.wav,3.6,0.894427191,0.784,5
30137662_MinPolqaSfbRecording_cut.wav,2.8,0.836660027,0.733364848,5
27895237_MinPolqaSfbRecording_cut.wav,4.2,0.836660027,0.733364848,5
30128515_MinPolqaSfbRecording_cut.wav,3.2,1.303840481,1.142866571,5
30136170_MinPolqaSfbRecording_cut.wav,3.4,0.547722558,0.48009999,5
30160763_MinPolqaSfbRecording_cut.wav,3.4,0.547722558,0.48009999,5
30257970_MinPolqaSfbRecording_cut.wav,3.8,0.447213595,0.392,5
30484827_MinPolqaSfbRecording_cut.wav,2.4,0.894427191,0.784,5
30479005_MinPolqaSfbRecording_cut.wav,3.6,0.894427191,0.784,5
30145776_MinPolqaSfbRecording_cut.wav,2.4,1.140175425,0.999407825,5
28662260_MinPolqaSfbRecording_cut.wav,4.2,0.836660027,0.733364848,5
30065279_MinPolqaSfbRecording_cut.wav,4.2,0.447213595,0.392,5
27721664_MinPolqaSfbRecording_cut.wav,4.6,0.894427191,0.784,5
30189011_MinPolqaSfbRecording_cut.wav,3.8,1.095445115,0.960199979,5
30107637_MinPolqaSfbRecording_cut.wav,3.25,1.258305739,1.233139624,4
30150683_MinPolqaSfbRecording_cut.wav,3.25,1.258305739,1.233139624,4
28156833_MinPolqaSfbRecording_cut.wav,4.25,0.5,0.49,4
27906177_MinPolqaSfbRecording_cut.wav,4.25,0.5,0.49,4
30133264_MinPolqaSfbRecording_cut.wav,3.0,0.816496581,0.800166649,4
30426740_MinPolqaSfbRecording_cut.wav,3.75,0.957427108,0.938278566,4
28337570_MinPolqaSfbRecording_cut.wav,4.75,0.5,0.49,4
30158054_MinPolqaSfbRecording_cut.wav,2.6,0.894427191,0.784,5
29534746_MinPolqaSfbRecording_cut.wav,2.8,0.447213595,0.392,5
30505884_MinPolqaSfbRecording_cut.wav,1.0,0.0,0.0,5
27641508_MinPolqaSfbRecording_cut.wav,3.6,0.547722558,0.48009999,5
30513087_MinPolqaSfbRecording_cut.wav,3.2,0.836660027,0.733364848,5
30097202_MinPolqaSfbRecording_cut.wav,2.2,0.836660027,0.733364848,5
30482911_MinPolqaSfbRecording_cut.wav,2.2,0.836660027,0.733364848,5
30073102_MinPolqaSfbRecording_cut.wav,2.6,0.894427191,0.784,5
30443975_MinPolqaSfbRecording_cut.wav,3.0,1.0,1.131606528,3
28224492_MinPolqaSfbRecording_cut.wav,2.666666667,1.527525232,1.728557523,3
30176631_MinPolqaSfbRecording_cut.wav,3.0,0.0,0.0,3
30255097_MinPolqaSfbRecording_cut.wav,2.0,1.0,1.131606528,3
30472898_MinPolqaSfbRecording_cut.wav,2.0,1.0,1.131606528,3
30522198_MinPolqaSfbRecording_cut.wav,1.0,0.0,0.0,3
30406610_MinPolqaSfbRecording_cut.wav,2.0,1.0,1.131606528,3
30430170_MinPolqaSfbRecording_cut.wav,2.333333333,1.154700538,1.306666667,3
30402631_MinPolqaSfbRecording_cut.wav,1.666666667,0.577350269,0.653333333,3
30083987_MinPolqaSfbRecording_cut.wav,4.0,0.0,0.0,4
28471221_MinPolqaSfbRecording_cut.wav,3.5,0.577350269,0.565803264,4
30075672_MinPolqaSfbRecording_cut.wav,4.25,0.5,0.49,4
28497224_MinPolqaSfbRecording_cut.wav,4.5,0.577350269,0.565803264,4
30454606_MinPolqaSfbRecording_cut.wav,4.25,0.5,0.49,4
30179741_MinPolqaSfbRecording_cut.wav,3.0,0.816496581,0.800166649,4
27635101_MinPolqaSfbRecording_cut.wav,5.0,0.0,0.0,4
30162676_MinPolqaSfbRecording_cut.wav,2.0,0.816496581,0.800166649,4
30488704_MinPolqaSfbRecording_cut.wav,3.0,0.816496581,0.800166649,4
30068695_MinPolqaSfbRecording_cut.wav,2.0,0.816496581,0.800166649,4
30089072_MinPolqaSfbRecording_cut.wav,3.25,1.258305739,1.233139624,4
30421048_MinPolqaSfbRecording_cut.wav,3.5,0.577350269,0.565803264,4
28138930_MinPolqaSfbRecording_cut.wav,3.75,0.5,0.49,4
30138202_MinPolqaSfbRecording_cut.wav,2.5,1.0,0.98,4
30259584_MinPolqaSfbRecording_cut.wav,1.5,0.577350269,0.565803264,4
30137203_MinPolqaSfbRecording_cut.wav,2.75,1.258305739,1.233139624,4
28153536_MinPolqaSfbRecording_cut.wav,4.0,0.0,0.0,4
30090594_MinPolqaSfbRecording_cut.wav,4.5,1.0,0.98,4
27775191_MinPolqaSfbRecording_cut.wav,4.5,0.577350269,0.565803264,4
30129947_MinPolqaSfbRecording_cut.wav,1.5,0.577350269,0.565803264,4
30119460_MinPolqaSfbRecording_cut.wav,3.5,0.577350269,0.565803264,4
30068959_MinPolqaSfbRecording_cut.wav,4.0,1.154700538,1.131606528,4
27755856_MinPolqaSfbRecording_cut.wav,5.0,0.0,0.0,4
30483605_MinPolqaSfbRecording_cut.wav,2.75,1.258305739,1.233139624,4
30098390_MinPolqaSfbRecording_cut.wav,3.5,0.577350269,0.565803264,4
30185464_MinPolqaSfbRecording_cut.wav,2.8,0.447213595,0.392,5
30114107_MinPolqaSfbRecording_cut.wav,3.4,0.894427191,0.784,5
30114041_MinPolqaSfbRecording_cut.wav,2.6,1.140175425,0.999407825,5
30141627_MinPolqaSfbRecording_cut.wav,3.2,0.447213595,0.392,5
30263379_MinPolqaSfbRecording_cut.wav,3.0,0.0,0.0,5
28712929_MinPolqaSfbRecording_cut.wav,3.8,0.836660027,0.733364848,5
30086348_MinPolqaSfbRecording_cut.wav,3.8,0.447213595,0.392,5
28149110_MinPolqaSfbRecording_cut.wav,4.4,0.547722558,0.48009999,5
28441461_MinPolqaSfbRecording_cut.wav,3.8,0.836660027,0.733364848,5
30461665_MinPolqaSfbRecording_cut.wav,2.8,1.095445115,0.960199979,5
30069446_MinPolqaSfbRecording_cut.wav,3.0,0.707106781,0.619806421,5
28930136_MinPolqaSfbRecording_cut.wav,3.8,0.447213595,0.392,5
27679926_MinPolqaSfbRecording_cut.wav,3.8,0.447213595,0.392,5
30515802_MinPolqaSfbRecording_cut.wav,3.6,0.547722558,0.48009999,5
28913539_MinPolqaSfbRecording_cut.wav,4.0,0.0,0.0,5
30507265_MinPolqaSfbRecording_cut.wav,3.8,1.303840481,1.142866571,5
28103380_MinPolqaSfbRecording_cut.wav,3.6,1.140175425,0.999407825,5
30529817_MinPolqaSfbRecording_cut.wav,2.6,0.894427191,0.784,5
30087568_MinPolqaSfbRecording_cut.wav,2.5,0.577350269,0.565803264,4
30071495_MinPolqaSfbRecording_cut.wav,2.25,1.5,1.47,4
28173178_MinPolqaSfbRecording_cut.wav,3.5,0.577350269,0.565803264,4
30080771_MinPolqaSfbRecording_cut.wav,3.25,0.5,0.49,4
30430581_MinPolqaSfbRecording_cut.wav,3.75,0.5,0.49,4
29539777_MinPolqaSfbRecording_cut.wav,3.25,0.957427108,0.938278566,4
30149982_MinPolqaSfbRecording_cut.wav,2.75,0.957427108,0.938278566,4
30127849_MinPolqaSfbRecording_cut.wav,2.8,0.836660027,0.733364848,5
30149522_MinPolqaSfbRecording_cut.wav,2.6,0.547722558,0.48009999,5
27731037_MinPolqaSfbRecording_cut.wav,3.2,0.447213595,0.392,5
30169522_MinPolqaSfbRecording_cut.wav,3.0,1.414213562,1.239612843,5
30156224_MinPolqaSfbRecording_cut.wav,2.2,0.836660027,0.733364848,5
28586840_MinPolqaSfbRecording_cut.wav,3.0,1.224744871,1.073536213,5
30430637_MinPolqaSfbRecording_cut.wav,2.6,1.341640786,1.176,5
30195146_MinPolqaSfbRecording_cut.wav,1.4,0.894427191,0.784,5
28852365_MinPolqaSfbRecording_cut.wav,4.2,0.836660027,0.733364848,5
30122522_MinPolqaSfbRecording_cut.wav,2.6,1.516575089,1.329336677,5
28975712_MinPolqaSfbRecording_cut.wav,4.4,0.547722558,0.48009999,5
27749960_MinPolqaSfbRecording_cut.wav,4.4,0.547722558,0.48009999,5
27924541_MinPolqaSfbRecording_cut.wav,3.4,0.547722558,0.48009999,5
27607401_MinPolqaSfbRecording_cut.wav,3.2,0.836660027,0.733364848,5
30461447_MinPolqaSfbRecording_cut.wav,4.2,0.836660027,0.733364848,5
30162068_MinPolqaSfbRecording_cut.wav,2.8,1.788854382,1.568,5
30460237_MinPolqaSfbRecording_cut.wav,1.8,1.095445115,0.960199979,5
30423703_MinPolqaSfbRecording_cut.wav,3.0,1.224744871,1.073536213,5
30502107_MinPolqaSfbRecording_cut.wav,3.0,0.707106781,0.619806421,5
30142907_MinPolqaSfbRecording_cut.wav,3.0,0.707106781,0.619806421,5
30180072_MinPolqaSfbRecording_cut.wav,4.4,0.547722558,0.48009999,5
30474933_MinPolqaSfbRecording_cut.wav,2.8,0.836660027,0.733364848,5
30188904_MinPolqaSfbRecording_cut.wav,4.0,0.707106781,0.619806421,5
30510180_MinPolqaSfbRecording_cut.wav,1.8,0.836660027,0.733364848,5
30213585_MinPolqaSfbRecording_cut.wav,2.0,0.707106781,0.619806421,5
30423592_MinPolqaSfbRecording_cut.wav,1.2,0.447213595,0.392,5
30522084_MinPolqaSfbRecording_cut.wav,2.8,1.788854382,1.568,5
30451747_MinPolqaSfbRecording_cut.wav,3.4,1.140175425,0.999407825,5
30429497_MinPolqaSfbRecording_cut.wav,2.0,0.707106781,0.619806421,5
30416304_MinPolqaSfbRecording_cut.wav,1.6,0.894427191,0.784,5
30162547_MinPolqaSfbRecording_cut.wav,3.4,1.341640786,1.176,5
30463210_MinPolqaSfbRecording_cut.wav,4.0,1.0,0.876538647,5
28620818_MinPolqaSfbRecording_cut.wav,4.0,0.707106781,0.619806421,5
28772437_MinPolqaSfbRecording_cut.wav,4.0,0.0,0.0,5
29531730_MinPolqaSfbRecording_cut.wav,2.4,0.547722558,0.48009999,5
30433649_MinPolqaSfbRecording_cut.wav,1.8,0.447213595,0.392,5
30172291_MinPolqaSfbRecording_cut.wav,4.0,0.707106781,0.619806421,5
30487023_MinPolqaSfbRecording_cut.wav,1.8,0.836660027,0.733364848,5
30129480_MinPolqaSfbRecording_cut.wav,1.8,0.447213595,0.392,5
30155881_MinPolqaSfbRecording_cut.wav,1.4,0.547722558,0.48009999,5
30101036_MinPolqaSfbRecording_cut.wav,3.8,0.836660027,0.733364848,5
30100574_MinPolqaSfbRecording_cut.wav,3.4,0.547722558,0.48009999,5
28630842_MinPolqaSfbRecording_cut.wav,3.75,0.5,0.49,4
30076233_MinPolqaSfbRecording_cut.wav,4.25,0.5,0.49,4
30202592_MinPolqaSfbRecording_cut.wav,3.75,0.5,0.49,4
30163658_MinPolqaSfbRecording_cut.wav,2.25,0.5,0.49,4
30406670_MinPolqaSfbRecording_cut.wav,3.0,0.816496581,0.800166649,4
30169236_MinPolqaSfbRecording_cut.wav,4.25,0.957427108,0.938278566,4
30466360_MinPolqaSfbRecording_cut.wav,2.5,0.577350269,0.565803264,4
28441268_MinPolqaSfbRecording_cut.wav,3.666666667,0.577350269,0.653333333,3
29035582_MinPolqaSfbRecording_cut.wav,3.0,0.0,0.0,3
30183155_MinPolqaSfbRecording_cut.wav,3.666666667,0.577350269,0.653333333,3
30260256_MinPolqaSfbRecording_cut.wav,4.333333333,0.577350269,0.653333333,3
30186030_MinPolqaSfbRecording_cut.wav,4.0,1.0,1.131606528,3
30260441_MinPolqaSfbRecording_cut.wav,2.666666667,0.577350269,0.653333333,3
30103075_MinPolqaSfbRecording_cut.wav,4.0,0.0,0.0,3
30093677_MinPolqaSfbRecording_cut.wav,2.666666667,0.577350269,0.653333333,3
30504037_MinPolqaSfbRecording_cut.wav,3.333333333,0.577350269,0.653333333,3
28677303_MinPolqaSfbRecording_cut.wav,3.666666667,0.577350269,0.653333333,3
28982839_MinPolqaSfbRecording_cut.wav,3.25,0.5,0.49,4
30258631_MinPolqaSfbRecording_cut.wav,3.5,1.0,0.98,4
30138986_MinPolqaSfbRecording_cut.wav,3.0,0.816496581,0.800166649,4
30169410_MinPolqaSfbRecording_cut.wav,1.25,0.5,0.49,4
30486283_MinPolqaSfbRecording_cut.wav,3.0,0.816496581,0.800166649,4
30257943_MinPolqaSfbRecording_cut.wav,3.25,0.957427108,0.938278566,4
30188790_MinPolqaSfbRecording_cut.wav,3.5,0.577350269,0.565803264,4
30180114_MinPolqaSfbRecording_cut.wav,3.4,1.816590212,1.592311527,5
30462116_MinPolqaSfbRecording_cut.wav,3.6,1.140175425,0.999407825,5
30251916_MinPolqaSfbRecording_cut.wav,2.4,1.673320053,1.466729696,5
30208596_MinPolqaSfbRecording_cut.wav,2.6,1.341640786,1.176,5
30504113_MinPolqaSfbRecording_cut.wav,3.8,1.303840481,1.142866571,5
30416549_MinPolqaSfbRecording_cut.wav,2.8,1.643167673,1.440299969,5
30465371_MinPolqaSfbRecording_cut.wav,2.2,1.303840481,1.142866571,5
30406314_MinPolqaSfbRecording_cut.wav,1.4,0.547722558,0.48009999,5
27654731_MinPolqaSfbRecording_cut.wav,4.0,0.707106781,0.619806421,5
30180872_MinPolqaSfbRecording_cut.wav,4.0,0.707106781,0.619806421,5
30491711_MinPolqaSfbRecording_cut.wav,3.2,1.303840481,1.142866571,5
28292723_MinPolqaSfbRecording_cut.wav,4.4,0.894427191,0.784,5
30078170_MinPolqaSfbRecording_cut.wav,4.0,0.707106781,0.619806421,5
30488039_MinPolqaSfbRecording_cut.wav,2.6,0.894427191,0.784,5
30153652_MinPolqaSfbRecording_cut.wav,2.6,0.894427191,0.784,5
28561726_MinPolqaSfbRecording_cut.wav,4.4,0.547722558,0.48009999,5
30096624_MinPolqaSfbRecording_cut.wav,2.6,1.341640786,1.176,5
30445283_MinPolqaSfbRecording_cut.wav,3.8,0.836660027,0.733364848,5
28130518_MinPolqaSfbRecording_cut.wav,3.4,0.547722558,0.48009999,5
28913440_MinPolqaSfbRecording_cut.wav,3.0,0.0,0.0,5
27709565_MinPolqaSfbRecording_cut.wav,3.2,0.447213595,0.392,5
28772680_MinPolqaSfbRecording_cut.wav,3.4,0.547722558,0.48009999,5
30076986_MinPolqaSfbRecording_cut.wav,1.8,0.836660027,0.733364848,5
30142159_MinPolqaSfbRecording_cut.wav,2.0,0.707106781,0.619806421,5
28883859_MinPolqaSfbRecording_cut.wav,3.6,0.547722558,0.48009999,5
28240875_MinPolqaSfbRecording_cut.wav,3.25,0.5,0.49,4
30177576_MinPolqaSfbRecording_cut.wav,1.75,0.5,0.49,4
30510440_MinPolqaSfbRecording_cut.wav,2.25,0.957427108,0.938278566,4
30069045_MinPolqaSfbRecording_cut.wav,2.5,1.290994449,1.26517456,4
30131693_MinPolqaSfbRecording_cut.wav,1.75,0.957427108,0.938278566,4
30117783_MinPolqaSfbRecording_cut.wav,1.75,0.5,0.49,4
30091980_MinPolqaSfbRecording_cut.wav,2.0,0.816496581,0.800166649,4
30133961_MinPolqaSfbRecording_cut.wav,3.0,0.816496581,0.800166649,4
30416538_MinPolqaSfbRecording_cut.wav,4.0,0.816496581,0.800166649,4
30133351_MinPolqaSfbRecording_cut.wav,1.5,0.577350269,0.565803264,4
30434202_MinPolqaSfbRecording_cut.wav,1.0,0.0,0.0,4
30410755_MinPolqaSfbRecording_cut.wav,2.5,0.577350269,0.565803264,4
30179747_MinPolqaSfbRecording_cut.wav,2.5,0.577350269,0.565803264,4
30257321_MinPolqaSfbRecording_cut.wav,3.0,0.816496581,0.800166649,4
30063101_MinPolqaSfbRecording_cut.wav,1.75,0.5,0.49,4
30096408_MinPolqaSfbRecording_cut.wav,1.25,0.5,0.49,4
30121308_MinPolqaSfbRecording_cut.wav,1.75,0.5,0.49,4
30106569_MinPolqaSfbRecording_cut.wav,2.25,0.957427108,0.938278566,4
30070712_MinPolqaSfbRecording_cut.wav,1.75,0.5,0.49,4
30514657_MinPolqaSfbRecording_cut.wav,3.0,1.154700538,1.131606528,4
30505863_MinPolqaSfbRecording_cut.wav,2.75,1.5,1.47,4
30480353_MinPolqaSfbRecording_cut.wav,1.5,0.577350269,0.565803264,4
28079731_MinPolqaSfbRecording_cut.wav,4.0,0.816496581,0.800166649,4
30141707_MinPolqaSfbRecording_cut.wav,3.75,0.957427108,0.938278566,4
30119361_MinPolqaSfbRecording_cut.wav,4.25,0.5,0.49,4
30506492_MinPolqaSfbRecording_cut.wav,3.25,1.258305739,1.233139624,4
30430678_MinPolqaSfbRecording_cut.wav,3.25,1.258305739,1.233139624,4
30253578_MinPolqaSfbRecording_cut.wav,2.5,1.0,0.98,4
30083846_MinPolqaSfbRecording_cut.wav,4.25,0.5,0.49,4
30064341_MinPolqaSfbRecording_cut.wav,3.75,1.258305739,1.233139624,4
30123699_MinPolqaSfbRecording_cut.wav,4.25,0.957427108,0.938278566,4
30406064_MinPolqaSfbRecording_cut.wav,2.5,1.0,0.98,4
28200214_MinPolqaSfbRecording_cut.wav,3.2,1.303840481,1.142866571,5
30148291_MinPolqaSfbRecording_cut.wav,4.0,0.707106781,0.619806421,5
30119414_MinPolqaSfbRecording_cut.wav,3.8,0.836660027,0.733364848,5
28849926_MinPolqaSfbRecording_cut.wav,3.4,1.341640786,1.176,5
30412419_MinPolqaSfbRecording_cut.wav,2.0,1.224744871,1.073536213,5
30520068_MinPolqaSfbRecording_cut.wav,3.4,0.547722558,0.48009999,5
30248948_MinPolqaSfbRecording_cut.wav,2.4,0.894427191,0.784,5
30432616_MinPolqaSfbRecording_cut.wav,1.8,0.836660027,0.733364848,5
29532379_MinPolqaSfbRecording_cut.wav,3.8,0.836660027,0.733364848,5
29539761_MinPolqaSfbRecording_cut.wav,3.2,1.095445115,0.960199979,5
30488137_MinPolqaSfbRecording_cut.wav,3.0,1.224744871,1.073536213,5
30502497_MinPolqaSfbRecording_cut.wav,3.8,0.447213595,0.392,5
30519576_MinPolqaSfbRecording_cut.wav,4.4,0.547722558,0.48009999,5
30199279_MinPolqaSfbRecording_cut.wav,2.8,0.836660027,0.733364848,5
27697765_MinPolqaSfbRecording_cut.wav,3.8,0.836660027,0.733364848,5
30202596_MinPolqaSfbRecording_cut.wav,3.4,0.894427191,0.784,5
30432727_MinPolqaSfbRecording_cut.wav,3.0,0.816496581,0.800166649,4
30257634_MinPolqaSfbRecording_cut.wav,3.5,0.577350269,0.565803264,4
30519760_MinPolqaSfbRecording_cut.wav,3.0,0.816496581,0.800166649,4
29532354_MinPolqaSfbRecording_cut.wav,3.0,0.816496581,0.800166649,4
30090219_MinPolqaSfbRecording_cut.wav,3.25,0.5,0.49,4
30503114_MinPolqaSfbRecording_cut.wav,4.0,0.816496581,0.800166649,4
30071853_MinPolqaSfbRecording_cut.wav,3.5,1.0,0.98,4
30526678_MinPolqaSfbRecording_cut.wav,2.25,1.892969449,1.85511006,4
30503071_MinPolqaSfbRecording_cut.wav,2.0,0.0,0.0,3
30422901_MinPolqaSfbRecording_cut.wav,3.333333333,0.577350269,0.653333333,3
30514680_MinPolqaSfbRecording_cut.wav,2.666666667,1.154700538,1.306666667,3
30138984_MinPolqaSfbRecording_cut.wav,3.666666667,0.577350269,0.653333333,3
30079336_MinPolqaSfbRecording_cut.wav,3.333333333,0.577350269,0.653333333,3
28677828_MinPolqaSfbRecording_cut.wav,4.333333333,1.154700538,1.306666667,3
30521007_MinPolqaSfbRecording_cut.wav,3.0,0.0,0.0,3
30258524_MinPolqaSfbRecording_cut.wav,2.333333333,0.577350269,0.653333333,3
29538383_MinPolqaSfbRecording_cut.wav,2.333333333,0.577350269,0.653333333,3
30468496_MinPolqaSfbRecording_cut.wav,2.75,0.957427108,0.938278566,4
30404291_MinPolqaSfbRecording_cut.wav,3.0,1.154700538,1.131606528,4
27952089_MinPolqaSfbRecording_cut.wav,3.75,0.5,0.49,4
30455266_MinPolqaSfbRecording_cut.wav,3.75,0.957427108,0.938278566,4
27874315_MinPolqaSfbRecording_cut.wav,3.75,0.957427108,0.938278566,4
30082058_MinPolqaSfbRecording_cut.wav,2.25,1.892969449,1.85511006,4
30264359_MinPolqaSfbRecording_cut.wav,4.4,0.547722558,0.48009999,5
30079234_MinPolqaSfbRecording_cut.wav,3.4,0.547722558,0.48009999,5
29044798_MinPolqaSfbRecording_cut.wav,3.6,0.547722558,0.48009999,5
30259125_MinPolqaSfbRecording_cut.wav,3.4,0.547722558,0.48009999,5
28064002_MinPolqaSfbRecording_cut.wav,3.8,1.643167673,1.440299969,5
27587938_MinPolqaSfbRecording_cut.wav,4.0,0.0,0.0,5
30150943_MinPolqaSfbRecording_cut.wav,3.0,0.0,0.0,5
30095773_MinPolqaSfbRecording_cut.wav,2.2,0.836660027,0.733364848,5
27964954_MinPolqaSfbRecording_cut.wav,3.8,0.447213595,0.392,5
30420512_MinPolqaSfbRecording_cut.wav,3.0,0.816496581,0.800166649,4
30148834_MinPolqaSfbRecording_cut.wav,2.25,0.5,0.49,4
30180197_MinPolqaSfbRecording_cut.wav,2.75,1.258305739,1.233139624,4
30096351_MinPolqaSfbRecording_cut.wav,2.75,0.5,0.49,4
30477627_MinPolqaSfbRecording_cut.wav,3.0,0.816496581,0.800166649,4
29542118_MinPolqaSfbRecording_cut.wav,3.25,0.957427108,0.938278566,4
30162512_MinPolqaSfbRecording_cut.wav,1.5,0.577350269,0.565803264,4
28190714_MinPolqaSfbRecording_cut.wav,3.5,1.290994449,1.26517456,4
28348343_MinPolqaSfbRecording_cut.wav,4.25,0.5,0.49,4
30409190_MinPolqaSfbRecording_cut.wav,2.0,1.154700538,1.131606528,4
30189076_MinPolqaSfbRecording_cut.wav,3.5,0.577350269,0.565803264,4
30436905_MinPolqaSfbRecording_cut.wav,3.25,0.5,0.49,4
30207419_MinPolqaSfbRecording_cut.wav,3.0,0.816496581,0.800166649,4
28766853_MinPolqaSfbRecording_cut.wav,3.75,0.5,0.49,4
30122341_MinPolqaSfbRecording_cut.wav,3.75,0.5,0.49,4
27883252_MinPolqaSfbRecording_cut.wav,4.5,0.577350269,0.565803264,4
28710121_MinPolqaSfbRecording_cut.wav,4.5,0.577350269,0.565803264,4
30427640_MinPolqaSfbRecording_cut.wav,2.5,0.577350269,0.565803264,4
30083792_MinPolqaSfbRecording_cut.wav,1.75,0.5,0.49,4
27594837_MinPolqaSfbRecording_cut.wav,2.25,0.957427108,0.938278566,4
30160186_MinPolqaSfbRecording_cut.wav,2.25,0.5,0.49,4
30155222_MinPolqaSfbRecording_cut.wav,3.5,0.577350269,0.565803264,4
27652316_MinPolqaSfbRecording_cut.wav,4.6,0.894427191,0.784,5
30066654_MinPolqaSfbRecording_cut.wav,3.4,0.894427191,0.784,5
28988680_MinPolqaSfbRecording_cut.wav,4.4,0.894427191,0.784,5
30059936_MinPolqaSfbRecording_cut.wav,3.8,0.836660027,0.733364848,5
29538843_MinPolqaSfbRecording_cut.wav,2.0,0.707106781,0.619806421,5
28196380_MinPolqaSfbRecording_cut.wav,3.0,1.414213562,1.96,2
30120952_MinPolqaSfbRecording_cut.wav,3.0,0.0,0.0,2
30071914_MinPolqaSfbRecording_cut.wav,2.5,0.707106781,0.98,2
30092218_MinPolqaSfbRecording_cut.wav,2.5,0.707106781,0.98,2
29542588_MinPolqaSfbRecording_cut.wav,1.0,0.0,0.0,2
30438927_MinPolqaSfbRecording_cut.wav,3.5,0.707106781,0.98,2
30507019_MinPolqaSfbRecording_cut.wav,3.5,0.707106781,0.98,2
30484303_MinPolqaSfbRecording_cut.wav,3.5,0.577350269,0.565803264,4
30118498_MinPolqaSfbRecording_cut.wav,3.25,0.5,0.49,4
27563005_MinPolqaSfbRecording_cut.wav,4.0,0.816496581,0.800166649,4
30436647_MinPolqaSfbRecording_cut.wav,3.75,0.5,0.49,4
27711844_MinPolqaSfbRecording_cut.wav,2.75,1.258305739,1.233139624,4
30120559_MinPolqaSfbRecording_cut.wav,3.75,0.5,0.49,4
30247767_MinPolqaSfbRecording_cut.wav,2.25,0.957427108,0.938278566,4
30209336_MinPolqaSfbRecording_cut.wav,3.0,0.816496581,0.800166649,4
28783780_MinPolqaSfbRecording_cut.wav,3.25,0.5,0.49,4
30150023_MinPolqaSfbRecording_cut.wav,3.0,0.707106781,0.619806421,5
30482569_MinPolqaSfbRecording_cut.wav,2.8,0.447213595,0.392,5
30081526_MinPolqaSfbRecording_cut.wav,2.2,0.836660027,0.733364848,5
27809817_MinPolqaSfbRecording_cut.wav,4.2,0.447213595,0.392,5
30479117_MinPolqaSfbRecording_cut.wav,2.0,0.707106781,0.619806421,5
30133971_MinPolqaSfbRecording_cut.wav,3.2,0.836660027,0.733364848,5
29532618_MinPolqaSfbRecording_cut.wav,4.0,0.0,0.0,5
30083849_MinPolqaSfbRecording_cut.wav,3.8,0.447213595,0.392,5
27729022_MinPolqaSfbRecording_cut.wav,4.333333333,0.577350269,0.653333333,3
30078452_MinPolqaSfbRecording_cut.wav,3.0,1.0,1.131606528,3
30414119_MinPolqaSfbRecording_cut.wav,3.666666667,1.154700538,1.306666667,3
27717172_MinPolqaSfbRecording_cut.wav,4.333333333,0.577350269,0.653333333,3
27679527_MinPolqaSfbRecording_cut.wav,4.0,1.0,1.131606528,3
30085313_MinPolqaSfbRecording_cut.wav,3.333333333,1.154700538,1.306666667,3
30097258_MinPolqaSfbRecording_cut.wav,3.0,1.0,1.131606528,3
30257983_MinPolqaSfbRecording_cut.wav,3.0,1.0,1.131606528,3
30185757_MinPolqaSfbRecording_cut.wav,2.666666667,1.154700538,1.306666667,3
27628394_MinPolqaSfbRecording_cut.wav,4.25,0.5,0.49,4
30509981_MinPolqaSfbRecording_cut.wav,2.25,0.5,0.49,4
30082287_MinPolqaSfbRecording_cut.wav,3.0,0.0,0.0,4
30527323_MinPolqaSfbRecording_cut.wav,3.5,0.577350269,0.565803264,4
30254127_MinPolqaSfbRecording_cut.wav,2.25,0.5,0.49,4
30095890_MinPolqaSfbRecording_cut.wav,1.5,0.577350269,0.565803264,4
30511618_MinPolqaSfbRecording_cut.wav,1.25,0.5,0.49,4
30117350_MinPolqaSfbRecording_cut.wav,3.0,0.816496581,0.800166649,4
30060779_MinPolqaSfbRecording_cut.wav,4.0,0.816496581,0.800166649,4
29539858_MinPolqaSfbRecording_cut.wav,2.75,0.957427108,0.938278566,4
30506375_MinPolqaSfbRecording_cut.wav,3.75,0.957427108,0.938278566,4
30100835_MinPolqaSfbRecording_cut.wav,2.75,0.5,0.49,4
30137622_MinPolqaSfbRecording_cut.wav,3.25,0.5,0.49,4
30427651_MinPolqaSfbRecording_cut.wav,2.0,0.816496581,0.800166649,4
29533209_MinPolqaSfbRecording_cut.wav,3.75,0.5,0.49,4
30092022_MinPolqaSfbRecording_cut.wav,2.0,0.0,0.0,4
30142043_MinPolqaSfbRecording_cut.wav,2.25,0.5,0.49,4
30439255_MinPolqaSfbRecording_cut.wav,2.75,0.5,0.49,4
30158014_MinPolqaSfbRecording_cut.wav,1.8,1.303840481,1.142866571,5
30436734_MinPolqaSfbRecording_cut.wav,2.4,0.547722558,0.48009999,5
30262499_MinPolqaSfbRecording_cut.wav,2.4,0.894427191,0.784,5
28542739_MinPolqaSfbRecording_cut.wav,3.0,0.707106781,0.619806421,5
30169240_MinPolqaSfbRecording_cut.wav,1.6,0.894427191,0.784,5
30512332_MinPolqaSfbRecording_cut.wav,2.4,1.140175425,0.999407825,5
27737758_MinPolqaSfbRecording_cut.wav,4.0,0.707106781,0.619806421,5
30483033_MinPolqaSfbRecording_cut.wav,2.4,0.547722558,0.48009999,5
30473350_MinPolqaSfbRecording_cut.wav,2.8,0.836660027,0.733364848,5
28337493_MinPolqaSfbRecording_cut.wav,3.2,0.836660027,0.733364848,5
30149739_MinPolqaSfbRecording_cut.wav,1.8,1.303840481,1.142866571,5
30071775_MinPolqaSfbRecording_cut.wav,3.2,1.095445115,0.960199979,5
30400385_MinPolqaSfbRecording_cut.wav,3.2,1.095445115,0.960199979,5
27668556_MinPolqaSfbRecording_cut.wav,3.4,0.894427191,0.784,5
30178599_MinPolqaSfbRecording_cut.wav,3.2,1.483239697,1.300116918,5
29536055_MinPolqaSfbRecording_cut.wav,2.4,1.341640786,1.176,5
30156047_MinPolqaSfbRecording_cut.wav,2.4,1.341640786,1.176,5
29535894_MinPolqaSfbRecording_cut.wav,2.2,0.836660027,0.733364848,5
28171997_MinPolqaSfbRecording_cut.wav,4.2,0.447213595,0.392,5
28689250_MinPolqaSfbRecording_cut.wav,3.8,0.447213595,0.392,5
30120417_MinPolqaSfbRecording_cut.wav,1.4,0.894427191,0.784,5
30166582_MinPolqaSfbRecording_cut.wav,2.6,1.140175425,0.999407825,5
28476897_MinPolqaSfbRecording_cut.wav,3.25,0.957427108,0.938278566,4
30164022_MinPolqaSfbRecording_cut.wav,1.25,0.5,0.49,4
28105916_MinPolqaSfbRecording_cut.wav,4.0,0.816496581,0.800166649,4
30479120_MinPolqaSfbRecording_cut.wav,2.25,0.5,0.49,4
30145596_MinPolqaSfbRecording_cut.wav,2.75,0.5,0.49,4
30148362_MinPolqaSfbRecording_cut.wav,3.5,1.0,0.98,4
30512748_MinPolqaSfbRecording_cut.wav,2.5,0.577350269,0.565803264,4
30161559_MinPolqaSfbRecording_cut.wav,3.0,0.0,0.0,4
27814236_MinPolqaSfbRecording_cut.wav,3.5,0.577350269,0.565803264,4
28072215_MinPolqaSfbRecording_cut.wav,4.0,0.816496581,0.800166649,4
28552317_MinPolqaSfbRecording_cut.wav,3.2,0.447213595,0.392,5
30451193_MinPolqaSfbRecording_cut.wav,2.6,0.894427191,0.784,5
30066102_MinPolqaSfbRecording_cut.wav,3.8,0.836660027,0.733364848,5
28624104_MinPolqaSfbRecording_cut.wav,3.8,0.836660027,0.733364848,5
28723463_MinPolqaSfbRecording_cut.wav,4.4,0.547722558,0.48009999,5
30488958_MinPolqaSfbRecording_cut.wav,3.6,0.894427191,0.784,5
30183499_MinPolqaSfbRecording_cut.wav,2.4,0.894427191,0.784,5
29544955_MinPolqaSfbRecording_cut.wav,2.6,0.894427191,0.784,5
30530345_MinPolqaSfbRecording_cut.wav,2.25,0.957427108,0.938278566,4
30212643_MinPolqaSfbRecording_cut.wav,2.5,0.577350269,0.565803264,4
30151996_MinPolqaSfbRecording_cut.wav,2.25,0.957427108,0.938278566,4
30519628_MinPolqaSfbRecording_cut.wav,1.75,0.957427108,0.938278566,4
28448643_MinPolqaSfbRecording_cut.wav,1.75,0.957427108,0.938278566,4
30493469_MinPolqaSfbRecording_cut.wav,2.0,1.154700538,1.131606528,4
27809745_MinPolqaSfbRecording_cut.wav,3.5,0.577350269,0.565803264,4
30145515_MinPolqaSfbRecording_cut.wav,3.0,0.0,0.0,4
30420527_MinPolqaSfbRecording_cut.wav,2.0,0.816496581,0.800166649,4
30473494_MinPolqaSfbRecording_cut.wav,2.0,0.0,0.0,4
30100330_MinPolqaSfbRecording_cut.wav,1.75,0.5,0.49,4
30461448_MinPolqaSfbRecording_cut.wav,4.0,0.816496581,0.800166649,4
30406925_MinPolqaSfbRecording_cut.wav,3.0,0.816496581,0.800166649,4
30521467_MinPolqaSfbRecording_cut.wav,3.5,0.577350269,0.565803264,4
30156460_MinPolqaSfbRecording_cut.wav,3.5,0.577350269,0.565803264,4
30166416_MinPolqaSfbRecording_cut.wav,3.75,0.5,0.49,4
30431271_MinPolqaSfbRecording_cut.wav,2.5,0.577350269,0.565803264,4
30065534_MinPolqaSfbRecording_cut.wav,4.0,0.816496581,0.800166649,4
30090984_MinPolqaSfbRecording_cut.wav,3.0,0.0,0.0,4
30178473_MinPolqaSfbRecording_cut.wav,3.0,1.825741858,1.789227021,4
28104380_MinPolqaSfbRecording_cut.wav,3.5,0.577350269,0.565803264,4
30423610_MinPolqaSfbRecording_cut.wav,2.25,0.5,0.49,4
30122741_MinPolqaSfbRecording_cut.wav,4.25,0.5,0.49,4
27698365_MinPolqaSfbRecording_cut.wav,4.0,0.816496581,0.800166649,4
30096960_MinPolqaSfbRecording_cut.wav,2.666666667,1.527525232,1.728557523,3
30522190_MinPolqaSfbRecording_cut.wav,3.0,0.0,0.0,3
28935763_MinPolqaSfbRecording_cut.wav,3.666666667,0.577350269,0.653333333,3
27633925_MinPolqaSfbRecording_cut.wav,4.0,1.0,1.131606528,3
30213080_MinPolqaSfbRecording_cut.wav,2.333333333,0.577350269,0.653333333,3
30146073_MinPolqaSfbRecording_cut.wav,1.0,0.0,0.0,3
30135458_MinPolqaSfbRecording_cut.wav,3.333333333,1.527525232,1.728557523,3
30154718_MinPolqaSfbRecording_cut.wav,1.666666667,0.577350269,0.653333333,3
30174107_MinPolqaSfbRecording_cut.wav,2.0,1.0,1.131606528,3
30124539_MinPolqaSfbRecording_cut.wav,1.666666667,0.577350269,0.653333333,3
30071349_MinPolqaSfbRecording_cut.wav,4.0,1.0,1.131606528,3
30209323_MinPolqaSfbRecording_cut.wav,3.333333333,0.577350269,0.653333333,3
30091834_MinPolqaSfbRecording_cut.wav,4.0,0.0,0.0,3
30496601_MinPolqaSfbRecording_cut.wav,3.8,0.836660027,0.733364848,5
30410886_MinPolqaSfbRecording_cut.wav,3.6,0.547722558,0.48009999,5
30108624_MinPolqaSfbRecording_cut.wav,3.2,1.095445115,0.960199979,5
30060774_MinPolqaSfbRecording_cut.wav,3.4,0.894427191,0.784,5
30064815_MinPolqaSfbRecording_cut.wav,4.0,0.707106781,0.619806421,5
28110255_MinPolqaSfbRecording_cut.wav,4.0,0.707106781,0.619806421,5
30185089_MinPolqaSfbRecording_cut.wav,2.4,1.140175425,0.999407825,5
30262030_MinPolqaSfbRecording_cut.wav,1.6,0.547722558,0.48009999,5
30522662_MinPolqaSfbRecording_cut.wav,3.2,1.095445115,0.960199979,5
30467492_MinPolqaSfbRecording_cut.wav,2.8,0.836660027,0.733364848,5
30404743_MinPolqaSfbRecording_cut.wav,1.4,0.894427191,0.784,5
30161715_MinPolqaSfbRecording_cut.wav,3.2,0.836660027,0.733364848,5
28551651_MinPolqaSfbRecording_cut.wav,4.8,0.447213595,0.392,5
30408224_MinPolqaSfbRecording_cut.wav,3.2,1.095445115,0.960199979,5
30531038_MinPolqaSfbRecording_cut.wav,3.6,1.140175425,0.999407825,5
30434866_MinPolqaSfbRecording_cut.wav,2.0,0.707106781,0.619806421,5
30479540_MinPolqaSfbRecording_cut.wav,3.8,0.836660027,0.733364848,5
30139369_MinPolqaSfbRecording_cut.wav,1.8,0.836660027,0.733364848,5
30261394_MinPolqaSfbRecording_cut.wav,3.4,1.341640786,1.176,5
29542919_MinPolqaSfbRecording_cut.wav,3.4,1.140175425,0.999407825,5
30087257_MinPolqaSfbRecording_cut.wav,2.8,1.303840481,1.142866571,5
30123074_MinPolqaSfbRecording_cut.wav,1.8,0.836660027,0.733364848,5
30133241_MinPolqaSfbRecording_cut.wav,3.2,0.447213595,0.392,5
30446018_MinPolqaSfbRecording_cut.wav,3.2,1.303840481,1.142866571,5
30177002_MinPolqaSfbRecording_cut.wav,2.6,0.894427191,0.784,5
29042679_MinPolqaSfbRecording_cut.wav,4.0,0.707106781,0.619806421,5
30185090_MinPolqaSfbRecording_cut.wav,2.2,0.836660027,0.733364848,5
28493827_MinPolqaSfbRecording_cut.wav,3.4,0.547722558,0.48009999,5
27954263_MinPolqaSfbRecording_cut.wav,3.6,0.894427191,0.784,5
28960490_MinPolqaSfbRecording_cut.wav,3.0,0.707106781,0.619806421,5
27636099_MinPolqaSfbRecording_cut.wav,3.6,0.894427191,0.784,5
28284305_MinPolqaSfbRecording_cut.wav,3.8,0.447213595,0.392,5
30078520_MinPolqaSfbRecording_cut.wav,2.6,1.816590212,1.592311527,5
30481639_MinPolqaSfbRecording_cut.wav,2.8,1.095445115,0.960199979,5
30130826_MinPolqaSfbRecording_cut.wav,3.8,0.447213595,0.392,5
30189279_MinPolqaSfbRecording_cut.wav,2.6,1.140175425,0.999407825,5
30486061_MinPolqaSfbRecording_cut.wav,2.2,0.447213595,0.392,5
30163277_MinPolqaSfbRecording_cut.wav,3.0,1.0,0.876538647,5
30510502_MinPolqaSfbRecording_cut.wav,2.8,1.095445115,0.960199979,5
30462483_MinPolqaSfbRecording_cut.wav,2.333333333,0.577350269,0.653333333,3
30479953_MinPolqaSfbRecording_cut.wav,2.333333333,0.577350269,0.653333333,3
30091453_MinPolqaSfbRecording_cut.wav,3.666666667,0.577350269,0.653333333,3
28534021_MinPolqaSfbRecording_cut.wav,3.0,0.0,0.0,3
30484631_MinPolqaSfbRecording_cut.wav,3.333333333,0.577350269,0.653333333,3
30212641_MinPolqaSfbRecording_cut.wav,3.333333333,1.154700538,1.306666667,3
29541600_MinPolqaSfbRecording_cut.wav,4.0,0.0,0.0,3
28685841_MinPolqaSfbRecording_cut.wav,4.0,0.0,0.0,3
30428484_MinPolqaSfbRecording_cut.wav,3.0,0.0,0.0,3
28505933_MinPolqaSfbRecording_cut.wav,3.666666667,0.577350269,0.653333333,3
29532727_MinPolqaSfbRecording_cut.wav,4.2,0.447213595,0.392,5
28814638_MinPolqaSfbRecording_cut.wav,4.0,0.707106781,0.619806421,5
30400382_MinPolqaSfbRecording_cut.wav,3.0,1.58113883,1.385929291,5
28791118_MinPolqaSfbRecording_cut.wav,3.4,0.547722558,0.48009999,5
30152620_MinPolqaSfbRecording_cut.wav,2.4,1.140175425,0.999407825,5
30161642_MinPolqaSfbRecording_cut.wav,2.8,1.095445115,0.960199979,5
30163097_MinPolqaSfbRecording_cut.wav,2.6,0.547722558,0.48009999,5
30440024_MinPolqaSfbRecording_cut.wav,1.8,0.836660027,0.733364848,5
28355511_MinPolqaSfbRecording_cut.wav,4.2,0.836660027,0.733364848,5
30162692_MinPolqaSfbRecording_cut.wav,3.25,1.258305739,1.233139624,4
27758332_MinPolqaSfbRecording_cut.wav,3.75,0.957427108,0.938278566,4
30527201_MinPolqaSfbRecording_cut.wav,2.5,0.577350269,0.565803264,4
30522511_MinPolqaSfbRecording_cut.wav,2.0,1.414213562,1.385929291,4
30129668_MinPolqaSfbRecording_cut.wav,3.0,0.816496581,0.800166649,4
30065638_MinPolqaSfbRecording_cut.wav,2.75,0.957427108,0.938278566,4
30108325_MinPolqaSfbRecording_cut.wav,4.25,0.957427108,0.938278566,4
30473123_MinPolqaSfbRecording_cut.wav,1.25,0.5,0.49,4
30448653_MinPolqaSfbRecording_cut.wav,2.5,0.577350269,0.565803264,4
28113414_MinPolqaSfbRecording_cut.wav,3.5,1.290994449,1.26517456,4
28953013_MinPolqaSfbRecording_cut.wav,4.25,0.5,0.49,4
30137458_MinPolqaSfbRecording_cut.wav,3.25,0.957427108,0.938278566,4
30134427_MinPolqaSfbRecording_cut.wav,3.5,0.577350269,0.565803264,4
28872141_MinPolqaSfbRecording_cut.wav,3.5,1.0,0.98,4
30140714_MinPolqaSfbRecording_cut.wav,4.25,0.5,0.49,4
30098665_MinPolqaSfbRecording_cut.wav,4.0,0.816496581,0.800166649,4
30212630_MinPolqaSfbRecording_cut.wav,3.75,0.5,0.49,4
28116893_MinPolqaSfbRecording_cut.wav,3.0,0.0,0.0,4
27697339_MinPolqaSfbRecording_cut.wav,2.5,1.0,0.98,4
30095631_MinPolqaSfbRecording_cut.wav,2.25,0.957427108,0.938278566,4
30430569_MinPolqaSfbRecording_cut.wav,1.25,0.5,0.49,4
30068281_MinPolqaSfbRecording_cut.wav,1.5,1.0,0.98,4
30469874_MinPolqaSfbRecording_cut.wav,3.5,1.0,0.98,4
30489147_MinPolqaSfbRecording_cut.wav,3.75,1.892969449,1.85511006,4
28511418_MinPolqaSfbRecording_cut.wav,3.0,1.632993162,1.600333299,4
30513678_MinPolqaSfbRecording_cut.wav,2.25,1.258305739,1.233139624,4
30162968_MinPolqaSfbRecording_cut.wav,4.5,0.707106781,0.98,2
30105938_MinPolqaSfbRecording_cut.wav,3.5,0.707106781,0.98,2
30464252_MinPolqaSfbRecording_cut.wav,3.0,0.0,0.0,2
27595907_MinPolqaSfbRecording_cut.wav,4.0,1.414213562,1.96,2
30403802_MinPolqaSfbRecording_cut.wav,4.0,1.414213562,1.96,2
29540332_MinPolqaSfbRecording_cut.wav,4.0,1.414213562,1.96,2
29540437_MinPolqaSfbRecording_cut.wav,2.5,0.707106781,0.98,2
30250088_MinPolqaSfbRecording_cut.wav,2.666666667,0.577350269,0.653333333,3
30135698_MinPolqaSfbRecording_cut.wav,1.0,0.0,0.0,3
30205307_MinPolqaSfbRecording_cut.wav,1.666666667,0.577350269,0.653333333,3
28601788_MinPolqaSfbRecording_cut.wav,3.333333333,0.577350269,0.653333333,3
30183094_MinPolqaSfbRecording_cut.wav,2.666666667,0.577350269,0.653333333,3
30151380_MinPolqaSfbRecording_cut.wav,3.333333333,1.154700538,1.306666667,3
30416040_MinPolqaSfbRecording_cut.wav,1.333333333,0.577350269,0.653333333,3
30098302_MinPolqaSfbRecording_cut.wav,1.333333333,0.577350269,0.653333333,3
30169075_MinPolqaSfbRecording_cut.wav,3.5,0.577350269,0.565803264,4
30095358_MinPolqaSfbRecording_cut.wav,3.75,0.957427108,0.938278566,4
30151937_MinPolqaSfbRecording_cut.wav,2.5,1.0,0.98,4
30118296_MinPolqaSfbRecording_cut.wav,2.75,1.258305739,1.233139624,4
30173424_MinPolqaSfbRecording_cut.wav,2.25,0.957427108,0.938278566,4
27878709_MinPolqaSfbRecording_cut.wav,3.25,0.5,0.49,4
30410136_MinPolqaSfbRecording_cut.wav,2.5,1.0,0.98,4
30487949_MinPolqaSfbRecording_cut.wav,1.2,0.447213595,0.392,5
30484758_MinPolqaSfbRecording_cut.wav,2.0,1.224744871,1.073536213,5
27561092_MinPolqaSfbRecording_cut.wav,4.0,0.0,0.0,5
30071079_MinPolqaSfbRecording_cut.wav,2.0,0.707106781,0.619806421,5
30148167_MinPolqaSfbRecording_cut.wav,3.2,0.836660027,0.733364848,5
30165275_MinPolqaSfbRecording_cut.wav,1.8,0.836660027,0.733364848,5
30117862_MinPolqaSfbRecording_cut.wav,2.8,0.836660027,0.733364848,5
30059377_MinPolqaSfbRecording_cut.wav,3.0,1.0,0.876538647,5
30130834_MinPolqaSfbRecording_cut.wav,3.2,1.303840481,1.142866571,5
30504626_MinPolqaSfbRecording_cut.wav,3.0,1.414213562,1.385929291,4
28279922_MinPolqaSfbRecording_cut.wav,3.75,0.957427108,0.938278566,4
28768912_MinPolqaSfbRecording_cut.wav,4.75,0.5,0.49,4
30253291_MinPolqaSfbRecording_cut.wav,2.0,2.0,1.96,4
29543157_MinPolqaSfbRecording_cut.wav,4.25,0.5,0.49,4
30137207_MinPolqaSfbRecording_cut.wav,4.0,0.816496581,0.800166649,4
28115719_MinPolqaSfbRecording_cut.wav,3.75,1.5,1.47,4
30530134_MinPolqaSfbRecording_cut.wav,3.2,0.447213595,0.392,5
30064853_MinPolqaSfbRecording_cut.wav,4.0,0.0,0.0,5
30444110_MinPolqaSfbRecording_cut.wav,3.4,0.547722558,0.48009999,5
30206915_MinPolqaSfbRecording_cut.wav,3.0,0.707106781,0.619806421,5
29537731_MinPolqaSfbRecording_cut.wav,2.2,0.836660027,0.733364848,5
30484727_MinPolqaSfbRecording_cut.wav,2.4,1.140175425,0.999407825,5
28466293_MinPolqaSfbRecording_cut.wav,3.6,0.547722558,0.48009999,5
30091433_MinPolqaSfbRecording_cut.wav,2.2,1.303840481,1.142866571,5
30410794_MinPolqaSfbRecording_cut.wav,3.6,0.547722558,0.48009999,5
30200369_MinPolqaSfbRecording_cut.wav,1.6,0.894427191,0.784,5
28837567_MinPolqaSfbRecording_cut.wav,3.2,0.836660027,0.733364848,5
30444852_MinPolqaSfbRecording_cut.wav,1.6,0.894427191,0.784,5
30509362_MinPolqaSfbRecording_cut.wav,1.4,0.547722558,0.48009999,5
30406698_MinPolqaSfbRecording_cut.wav,1.2,0.447213595,0.392,5
30520651_MinPolqaSfbRecording_cut.wav,2.2,0.836660027,0.733364848,5
30530295_MinPolqaSfbRecording_cut.wav,2.8,0.447213595,0.392,5
30413188_MinPolqaSfbRecording_cut.wav,1.6,0.547722558,0.48009999,5
30080635_MinPolqaSfbRecording_cut.wav,3.4,0.894427191,0.784,5
30421633_MinPolqaSfbRecording_cut.wav,4.2,0.836660027,0.733364848,5
30462481_MinPolqaSfbRecording_cut.wav,2.4,0.547722558,0.48009999,5
30506372_MinPolqaSfbRecording_cut.wav,1.6,0.894427191,0.784,5
29051308_MinPolqaSfbRecording_cut.wav,3.4,0.547722558,0.48009999,5
30122468_MinPolqaSfbRecording_cut.wav,2.8,0.836660027,0.733364848,5
30060096_MinPolqaSfbRecording_cut.wav,3.6,0.894427191,0.784,5
30511526_MinPolqaSfbRecording_cut.wav,2.2,0.447213595,0.392,5
30436289_MinPolqaSfbRecording_cut.wav,4.0,1.0,1.131606528,3
30132197_MinPolqaSfbRecording_cut.wav,3.0,2.0,2.263213055,3
30142744_MinPolqaSfbRecording_cut.wav,2.666666667,2.081665999,2.355626833,3
28864604_MinPolqaSfbRecording_cut.wav,3.0,1.0,1.131606528,3
30104670_MinPolqaSfbRecording_cut.wav,4.333333333,1.154700538,1.306666667,3
30154988_MinPolqaSfbRecording_cut.wav,2.666666667,1.527525232,1.728557523,3
30429662_MinPolqaSfbRecording_cut.wav,2.666666667,1.527525232,1.728557523,3
30117476_MinPolqaSfbRecording_cut.wav,1.666666667,1.154700538,1.306666667,3
30432835_MinPolqaSfbRecording_cut.wav,2.333333333,1.527525232,1.728557523,3
30075705_MinPolqaSfbRecording_cut.wav,2.666666667,0.577350269,0.653333333,3
30145720_MinPolqaSfbRecording_cut.wav,2.333333333,0.577350269,0.653333333,3
30062347_MinPolqaSfbRecording_cut.wav,4.333333333,0.577350269,0.653333333,3
30450434_MinPolqaSfbRecording_cut.wav,2.333333333,0.577350269,0.653333333,3
30067578_MinPolqaSfbRecording_cut.wav,2.666666667,0.577350269,0.653333333,3
27749507_MinPolqaSfbRecording_cut.wav,3.0,0.0,0.0,3
30193238_MinPolqaSfbRecording_cut.wav,3.0,0.0,0.0,3
28495185_MinPolqaSfbRecording_cut.wav,4.333333333,0.577350269,0.653333333,3
29062710_MinPolqaSfbRecording_cut.wav,3.0,0.0,0.0,3
30178224_MinPolqaSfbRecording_cut.wav,2.5,1.0,0.98,4
30410138_MinPolqaSfbRecording_cut.wav,1.25,0.5,0.49,4
27521078_MinPolqaSfbRecording_cut.wav,4.0,0.816496581,0.800166649,4
30165002_MinPolqaSfbRecording_cut.wav,3.25,0.5,0.49,4
28287689_MinPolqaSfbRecording_cut.wav,3.5,1.0,0.98,4
30425266_MinPolqaSfbRecording_cut.wav,2.25,0.5,0.49,4
28604817_MinPolqaSfbRecording_cut.wav,2.25,0.5,0.49,4
30166289_MinPolqaSfbRecording_cut.wav,2.0,0.816496581,0.800166649,4
30194017_MinPolqaSfbRecording_cut.wav,3.0,1.0,1.131606528,3
28104036_MinPolqaSfbRecording_cut.wav,4.333333333,0.577350269,0.653333333,3
30430171_MinPolqaSfbRecording_cut.wav,3.0,1.0,1.131606528,3
28437003_MinPolqaSfbRecording_cut.wav,4.666666667,0.577350269,0.653333333,3
28314679_MinPolqaSfbRecording_cut.wav,4.333333333,0.577350269,0.653333333,3
30151946_MinPolqaSfbRecording_cut.wav,2.666666667,0.577350269,0.653333333,3
30406676_MinPolqaSfbRecording_cut.wav,2.666666667,1.154700538,1.306666667,3
30068467_MinPolqaSfbRecording_cut.wav,3.8,0.836660027,0.733364848,5
30061914_MinPolqaSfbRecording_cut.wav,3.4,0.547722558,0.48009999,5
30507822_MinPolqaSfbRecording_cut.wav,2.4,0.547722558,0.48009999,5
30155742_MinPolqaSfbRecording_cut.wav,1.4,0.547722558,0.48009999,5
29536130_MinPolqaSfbRecording_cut.wav,2.6,1.140175425,0.999407825,5
27701196_MinPolqaSfbRecording_cut.wav,3.6,0.894427191,0.784,5
30407656_MinPolqaSfbRecording_cut.wav,4.0,1.0,0.876538647,5
30062269_MinPolqaSfbRecording_cut.wav,2.666666667,0.577350269,0.653333333,3
30076212_MinPolqaSfbRecording_cut.wav,3.333333333,0.577350269,0.653333333,3
30184236_MinPolqaSfbRecording_cut.wav,4.0,0.0,0.0,3
27884567_MinPolqaSfbRecording_cut.wav,4.0,1.0,1.131606528,3
30463479_MinPolqaSfbRecording_cut.wav,2.333333333,0.577350269,0.653333333,3
30128721_MinPolqaSfbRecording_cut.wav,2.666666667,0.577350269,0.653333333,3
30155043_MinPolqaSfbRecording_cut.wav,3.666666667,0.577350269,0.653333333,3
28444009_MinPolqaSfbRecording_cut.wav,3.8,0.836660027,0.733364848,5
30184506_MinPolqaSfbRecording_cut.wav,3.6,0.547722558,0.48009999,5
30185836_MinPolqaSfbRecording_cut.wav,4.0,0.707106781,0.619806421,5
30484988_MinPolqaSfbRecording_cut.wav,3.0,1.0,0.876538647,5
30477821_MinPolqaSfbRecording_cut.wav,3.4,0.894427191,0.784,5
30086349_MinPolqaSfbRecording_cut.wav,4.4,0.547722558,0.48009999,5
30523179_MinPolqaSfbRecording_cut.wav,3.4,0.894427191,0.784,5
30120438_MinPolqaSfbRecording_cut.wav,3.2,0.836660027,0.733364848,5
29541591_MinPolqaSfbRecording_cut.wav,4.0,0.707106781,0.619806421,5
30087274_MinPolqaSfbRecording_cut.wav,3.6,0.547722558,0.48009999,5
30503798_MinPolqaSfbRecording_cut.wav,2.6,0.894427191,0.784,5
30258493_MinPolqaSfbRecording_cut.wav,2.8,0.836660027,0.733364848,5
30145697_MinPolqaSfbRecording_cut.wav,2.0,0.707106781,0.619806421,5
30097205_MinPolqaSfbRecording_cut.wav,2.6,1.140175425,0.999407825,5
30169592_MinPolqaSfbRecording_cut.wav,2.0,1.224744871,1.073536213,5
29534498_MinPolqaSfbRecording_cut.wav,3.0,1.0,0.876538647,5
30120657_MinPolqaSfbRecording_cut.wav,3.6,0.547722558,0.48009999,5
28934172_MinPolqaSfbRecording_cut.wav,3.666666667,0.577350269,0.653333333,3
30063199_MinPolqaSfbRecording_cut.wav,3.333333333,1.154700538,1.306666667,3
30082062_MinPolqaSfbRecording_cut.wav,2.333333333,1.154700538,1.306666667,3
30107772_MinPolqaSfbRecording_cut.wav,2.0,1.0,1.131606528,3
30161010_MinPolqaSfbRecording_cut.wav,3.333333333,1.154700538,1.306666667,3
30425477_MinPolqaSfbRecording_cut.wav,2.333333333,1.154700538,1.306666667,3
30249024_MinPolqaSfbRecording_cut.wav,1.666666667,0.577350269,0.653333333,3
28621868_MinPolqaSfbRecording_cut.wav,3.666666667,0.577350269,0.653333333,3
30405380_MinPolqaSfbRecording_cut.wav,2.666666667,1.527525232,1.728557523,3
30250253_MinPolqaSfbRecording_cut.wav,2.25,1.258305739,1.233139624,4
29542980_MinPolqaSfbRecording_cut.wav,3.0,1.414213562,1.385929291,4
30404950_MinPolqaSfbRecording_cut.wav,3.0,0.816496581,0.800166649,4
30122544_MinPolqaSfbRecording_cut.wav,3.75,1.258305739,1.233139624,4
30472494_MinPolqaSfbRecording_cut.wav,3.75,0.957427108,0.938278566,4
27929529_MinPolqaSfbRecording_cut.wav,4.0,0.816496581,0.800166649,4
30407660_MinPolqaSfbRecording_cut.wav,3.25,1.258305739,1.233139624,4
28200770_MinPolqaSfbRecording_cut.wav,4.25,0.957427108,0.938278566,4
30437331_MinPolqaSfbRecording_cut.wav,3.75,0.957427108,0.938278566,4
30423810_MinPolqaSfbRecording_cut.wav,4.0,0.816496581,0.800166649,4
30426328_MinPolqaSfbRecording_cut.wav,3.25,0.5,0.49,4
30108179_MinPolqaSfbRecording_cut.wav,2.5,0.577350269,0.565803264,4
30100093_MinPolqaSfbRecording_cut.wav,3.5,0.577350269,0.565803264,4
30208904_MinPolqaSfbRecording_cut.wav,2.75,0.957427108,0.938278566,4
30445065_MinPolqaSfbRecording_cut.wav,1.75,0.957427108,0.938278566,4
30141777_MinPolqaSfbRecording_cut.wav,3.5,0.577350269,0.565803264,4
30122023_MinPolqaSfbRecording_cut.wav,2.75,0.5,0.49,4
29533161_MinPolqaSfbRecording_cut.wav,3.75,0.5,0.49,4
28491924_MinPolqaSfbRecording_cut.wav,4.666666667,0.577350269,0.653333333,3
30189026_MinPolqaSfbRecording_cut.wav,3.666666667,0.577350269,0.653333333,3
28835552_MinPolqaSfbRecording_cut.wav,2.333333333,1.527525232,1.728557523,3
30205324_MinPolqaSfbRecording_cut.wav,4.0,1.0,1.131606528,3
30409594_MinPolqaSfbRecording_cut.wav,3.0,1.0,1.131606528,3
30505148_MinPolqaSfbRecording_cut.wav,4.333333333,0.577350269,0.653333333,3
27735159_MinPolqaSfbRecording_cut.wav,3.0,1.0,1.131606528,3
30441765_MinPolqaSfbRecording_cut.wav,3.666666667,0.577350269,0.653333333,3
29535385_MinPolqaSfbRecording_cut.wav,3.666666667,1.154700538,1.306666667,3
29534399_MinPolqaSfbRecording_cut.wav,2.75,0.5,0.49,4
30211654_MinPolqaSfbRecording_cut.wav,3.5,0.577350269,0.565803264,4
30065237_MinPolqaSfbRecording_cut.wav,3.75,0.957427108,0.938278566,4
28923983_MinPolqaSfbRecording_cut.wav,3.75,0.957427108,0.938278566,4
30117298_MinPolqaSfbRecording_cut.wav,2.75,0.5,0.49,4
30408840_MinPolqaSfbRecording_cut.wav,2.25,0.5,0.49,4
30433369_MinPolqaSfbRecording_cut.wav,1.25,0.5,0.49,4
30202586_MinPolqaSfbRecording_cut.wav,3.5,0.577350269,0.565803264,4
27675415_MinPolqaSfbRecording_cut.wav,3.5,0.577350269,0.565803264,4
30080896_MinPolqaSfbRecording_cut.wav,3.5,1.0,0.98,4
30521023_MinPolqaSfbRecording_cut.wav,3.4,0.547722558,0.48009999,5
30399521_MinPolqaSfbRecording_cut.wav,2.6,0.547722558,0.48009999,5
28285199_MinPolqaSfbRecording_cut.wav,3.8,0.836660027,0.733364848,5
29542659_MinPolqaSfbRecording_cut.wav,2.6,0.547722558,0.48009999,5
30253564_MinPolqaSfbRecording_cut.wav,2.4,0.547722558,0.48009999,5
30404845_MinPolqaSfbRecording_cut.wav,3.0,0.707106781,0.619806421,5
30522131_MinPolqaSfbRecording_cut.wav,3.0,0.707106781,0.619806421,5
30127489_MinPolqaSfbRecording_cut.wav,1.6,0.547722558,0.48009999,5
30438313_MinPolqaSfbRecording_cut.wav,2.2,0.447213595,0.392,5
30486635_MinPolqaSfbRecording_cut.wav,2.2,0.447213595,0.392,5
30091793_MinPolqaSfbRecording_cut.wav,3.75,0.957427108,0.938278566,4
30205197_MinPolqaSfbRecording_cut.wav,3.25,0.957427108,0.938278566,4
30078894_MinPolqaSfbRecording_cut.wav,4.25,0.5,0.49,4
30484234_MinPolqaSfbRecording_cut.wav,2.5,1.290994449,1.26517456,4
30497399_MinPolqaSfbRecording_cut.wav,4.0,0.816496581,0.800166649,4
30528584_MinPolqaSfbRecording_cut.wav,2.25,0.957427108,0.938278566,4
30428635_MinPolqaSfbRecording_cut.wav,1.5,0.577350269,0.565803264,4
30145629_MinPolqaSfbRecording_cut.wav,2.75,1.258305739,1.233139624,4
30102061_MinPolqaSfbRecording_cut.wav,3.25,0.5,0.49,4
27886355_MinPolqaSfbRecording_cut.wav,4.4,0.547722558,0.48009999,5
30482572_MinPolqaSfbRecording_cut.wav,3.2,0.447213595,0.392,5
30154442_MinPolqaSfbRecording_cut.wav,2.8,0.836660027,0.733364848,5
30193490_MinPolqaSfbRecording_cut.wav,1.8,0.836660027,0.733364848,5
30514074_MinPolqaSfbRecording_cut.wav,2.8,0.836660027,0.733364848,5
30406096_MinPolqaSfbRecording_cut.wav,3.6,0.894427191,0.784,5
29057233_MinPolqaSfbRecording_cut.wav,3.4,0.547722558,0.48009999,5
30125745_MinPolqaSfbRecording_cut.wav,3.2,1.095445115,0.960199979,5
30528400_MinPolqaSfbRecording_cut.wav,1.8,0.447213595,0.392,5
30058063_MinPolqaSfbRecording_cut.wav,3.6,0.894427191,0.784,5
30483804_MinPolqaSfbRecording_cut.wav,3.0,0.0,0.0,4
30170894_MinPolqaSfbRecording_cut.wav,3.75,0.5,0.49,4
28042485_MinPolqaSfbRecording_cut.wav,4.0,0.0,0.0,4
30479724_MinPolqaSfbRecording_cut.wav,3.25,0.5,0.49,4
28311414_MinPolqaSfbRecording_cut.wav,3.5,0.577350269,0.565803264,4
30492028_MinPolqaSfbRecording_cut.wav,4.0,0.816496581,0.800166649,4
29004202_MinPolqaSfbRecording_cut.wav,3.5,0.577350269,0.565803264,4
28359036_MinPolqaSfbRecording_cut.wav,3.5,0.577350269,0.565803264,4
30104638_MinPolqaSfbRecording_cut.wav,1.25,0.5,0.49,4
25756274_MinPolqaSfbRecording_cut.wav,5.0,0.0,0.0,4
30515241_MinPolqaSfbRecording_cut.wav,2.75,0.957427108,0.938278566,4
30442445_MinPolqaSfbRecording_cut.wav,2.75,0.5,0.49,4
30124989_MinPolqaSfbRecording_cut.wav,3.75,1.258305739,1.233139624,4
30409187_MinPolqaSfbRecording_cut.wav,1.5,0.577350269,0.565803264,4
28235115_MinPolqaSfbRecording_cut.wav,3.5,0.577350269,0.565803264,4
30108420_MinPolqaSfbRecording_cut.wav,2.0,0.816496581,0.800166649,4
30067624_MinPolqaSfbRecording_cut.wav,3.25,0.5,0.49,4
27615870_MinPolqaSfbRecording_cut.wav,3.5,0.577350269,0.565803264,4
30169119_MinPolqaSfbRecording_cut.wav,3.25,0.5,0.49,4
30136339_MinPolqaSfbRecording_cut.wav,3.5,1.290994449,1.26517456,4
27900965_MinPolqaSfbRecording_cut.wav,2.25,0.957427108,0.938278566,4
30195470_MinPolqaSfbRecording_cut.wav,3.25,0.5,0.49,4
30092226_MinPolqaSfbRecording_cut.wav,2.25,0.957427108,0.938278566,4
30174581_MinPolqaSfbRecording_cut.wav,2.25,0.5,0.49,4
30062693_MinPolqaSfbRecording_cut.wav,3.0,1.154700538,1.131606528,4
30456216_MinPolqaSfbRecording_cut.wav,1.0,0.0,0.0,2
30436235_MinPolqaSfbRecording_cut.wav,2.5,0.707106781,0.98,2
28072256_MinPolqaSfbRecording_cut.wav,4.0,1.414213562,1.96,2
30092671_MinPolqaSfbRecording_cut.wav,3.0,0.0,0.0,2
27661399_MinPolqaSfbRecording_cut.wav,4.5,0.707106781,0.98,2
30065714_MinPolqaSfbRecording_cut.wav,4.5,0.707106781,0.98,2
30161295_MinPolqaSfbRecording_cut.wav,4.0,1.414213562,1.96,2
27822159_MinPolqaSfbRecording_cut.wav,4.0,1.414213562,1.96,2
27733701_MinPolqaSfbRecording_cut.wav,5.0,0.0,0.0,2
27567263_MinPolqaSfbRecording_cut.wav,4.2,0.836660027,0.733364848,5
30096393_MinPolqaSfbRecording_cut.wav,3.8,0.836660027,0.733364848,5
30431697_MinPolqaSfbRecording_cut.wav,2.4,1.140175425,0.999407825,5
28653135_MinPolqaSfbRecording_cut.wav,4.0,0.707106781,0.619806421,5
30133986_MinPolqaSfbRecording_cut.wav,4.4,0.547722558,0.48009999,5
30198485_MinPolqaSfbRecording_cut.wav,2.8,0.836660027,0.733364848,5
30137901_MinPolqaSfbRecording_cut.wav,4.6,0.547722558,0.48009999,5
30081938_MinPolqaSfbRecording_cut.wav,3.2,0.836660027,0.733364848,5
30477873_MinPolqaSfbRecording_cut.wav,1.4,0.894427191,0.784,5
30130031_MinPolqaSfbRecording_cut.wav,2.4,0.894427191,0.784,5
30403830_MinPolqaSfbRecording_cut.wav,3.4,0.547722558,0.48009999,5
30208897_MinPolqaSfbRecording_cut.wav,2.6,0.894427191,0.784,5
30138916_MinPolqaSfbRecording_cut.wav,3.6,0.894427191,0.784,5
30141033_MinPolqaSfbRecording_cut.wav,3.4,0.547722558,0.48009999,5
30519880_MinPolqaSfbRecording_cut.wav,2.8,0.836660027,0.733364848,5
30401472_MinPolqaSfbRecording_cut.wav,1.6,1.341640786,1.176,5
30205524_MinPolqaSfbRecording_cut.wav,3.8,0.447213595,0.392,5
30086351_MinPolqaSfbRecording_cut.wav,3.4,0.547722558,0.48009999,5
30439715_MinPolqaSfbRecording_cut.wav,2.0,0.816496581,0.800166649,4
30423636_MinPolqaSfbRecording_cut.wav,1.0,0.0,0.0,4
30132211_MinPolqaSfbRecording_cut.wav,2.25,0.957427108,0.938278566,4
27726908_MinPolqaSfbRecording_cut.wav,4.75,0.5,0.49,4
30478227_MinPolqaSfbRecording_cut.wav,3.25,0.5,0.49,4
29540666_MinPolqaSfbRecording_cut.wav,1.75,0.957427108,0.938278566,4
30473964_MinPolqaSfbRecording_cut.wav,1.5,0.577350269,0.565803264,4
30157473_MinPolqaSfbRecording_cut.wav,1.75,0.5,0.49,4
30128569_MinPolqaSfbRecording_cut.wav,3.25,1.258305739,1.233139624,4
30254013_MinPolqaSfbRecording_cut.wav,2.75,0.957427108,0.938278566,4
30523734_MinPolqaSfbRecording_cut.wav,3.5,0.577350269,0.565803264,4
30082783_MinPolqaSfbRecording_cut.wav,4.0,0.816496581,0.800166649,4
28684554_MinPolqaSfbRecording_cut.wav,4.25,0.957427108,0.938278566,4
29533176_MinPolqaSfbRecording_cut.wav,5.0,0.0,0.0,4
30442596_MinPolqaSfbRecording_cut.wav,2.0,0.707106781,0.619806421,5
28676289_MinPolqaSfbRecording_cut.wav,4.8,0.447213595,0.392,5
28310527_MinPolqaSfbRecording_cut.wav,3.4,0.547722558,0.48009999,5
30129329_MinPolqaSfbRecording_cut.wav,2.8,0.836660027,0.733364848,5
29054013_MinPolqaSfbRecording_cut.wav,3.2,1.095445115,0.960199979,5
30451787_MinPolqaSfbRecording_cut.wav,3.4,0.894427191,0.784,5
29532636_MinPolqaSfbRecording_cut.wav,4.0,0.707106781,0.619806421,5
28790273_MinPolqaSfbRecording_cut.wav,3.5,0.577350269,0.565803264,4
30186240_MinPolqaSfbRecording_cut.wav,2.5,1.290994449,1.26517456,4
30113090_MinPolqaSfbRecording_cut.wav,3.0,0.816496581,0.800166649,4
30429612_MinPolqaSfbRecording_cut.wav,3.5,0.577350269,0.565803264,4
29537539_MinPolqaSfbRecording_cut.wav,3.25,0.5,0.49,4
30150477_MinPolqaSfbRecording_cut.wav,2.5,1.0,0.98,4
30099598_MinPolqaSfbRecording_cut.wav,2.75,1.258305739,1.233139624,4
30486194_MinPolqaSfbRecording_cut.wav,3.0,0.0,0.0,4
30198299_MinPolqaSfbRecording_cut.wav,2.25,1.258305739,1.233139624,4
30526661_MinPolqaSfbRecording_cut.wav,2.75,1.258305739,1.233139624,4
30081810_MinPolqaSfbRecording_cut.wav,3.0,1.414213562,1.385929291,4
30448918_MinPolqaSfbRecording_cut.wav,2.75,1.258305739,1.233139624,4
30405385_MinPolqaSfbRecording_cut.wav,2.5,1.290994449,1.26517456,4
30164583_MinPolqaSfbRecording_cut.wav,3.0,0.816496581,0.800166649,4
30205250_MinPolqaSfbRecording_cut.wav,2.5,1.290994449,1.26517456,4
28315589_MinPolqaSfbRecording_cut.wav,3.75,0.5,0.49,4
30198590_MinPolqaSfbRecording_cut.wav,2.5,1.290994449,1.26517456,4
30206456_MinPolqaSfbRecording_cut.wav,2.5,1.0,0.98,4
30162086_MinPolqaSfbRecording_cut.wav,2.666666667,1.527525232,1.728557523,3
30465391_MinPolqaSfbRecording_cut.wav,1.333333333,0.577350269,0.653333333,3
30405601_MinPolqaSfbRecording_cut.wav,3.333333333,0.577350269,0.653333333,3
30521024_MinPolqaSfbRecording_cut.wav,3.666666667,0.577350269,0.653333333,3
27666483_MinPolqaSfbRecording_cut.wav,3.0,1.0,1.131606528,3
30081145_MinPolqaSfbRecording_cut.wav,1.666666667,0.577350269,0.653333333,3
30162689_MinPolqaSfbRecording_cut.wav,2.666666667,1.154700538,1.306666667,3
30110132_MinPolqaSfbRecording_cut.wav,3.5,1.0,0.98,4
30213773_MinPolqaSfbRecording_cut.wav,4.0,0.816496581,0.800166649,4
30110159_MinPolqaSfbRecording_cut.wav,4.5,0.577350269,0.565803264,4
27736112_MinPolqaSfbRecording_cut.wav,4.0,1.414213562,1.385929291,4
30186564_MinPolqaSfbRecording_cut.wav,3.5,1.290994449,1.26517456,4
30485347_MinPolqaSfbRecording_cut.wav,3.5,1.0,0.98,4
30428604_MinPolqaSfbRecording_cut.wav,3.5,0.577350269,0.565803264,4
30206512_MinPolqaSfbRecording_cut.wav,3.0,1.154700538,1.131606528,4
30130087_MinPolqaSfbRecording_cut.wav,2.6,0.547722558,0.48009999,5
30065376_MinPolqaSfbRecording_cut.wav,3.2,0.836660027,0.733364848,5
30405356_MinPolqaSfbRecording_cut.wav,4.2,0.447213595,0.392,5
30169826_MinPolqaSfbRecording_cut.wav,2.4,1.516575089,1.329336677,5
28199032_MinPolqaSfbRecording_cut.wav,3.8,1.095445115,0.960199979,5
30477928_MinPolqaSfbRecording_cut.wav,2.0,1.224744871,1.073536213,5
30148048_MinPolqaSfbRecording_cut.wav,3.0,0.707106781,0.619806421,5
29530192_MinPolqaSfbRecording_cut.wav,3.0,0.707106781,0.619806421,5
30165859_MinPolqaSfbRecording_cut.wav,3.5,0.577350269,0.565803264,4
30207909_MinPolqaSfbRecording_cut.wav,3.75,0.5,0.49,4
30148828_MinPolqaSfbRecording_cut.wav,2.75,0.957427108,0.938278566,4
30436799_MinPolqaSfbRecording_cut.wav,3.25,0.5,0.49,4
30168475_MinPolqaSfbRecording_cut.wav,2.75,0.5,0.49,4
30438069_MinPolqaSfbRecording_cut.wav,2.25,0.957427108,0.938278566,4
30410149_MinPolqaSfbRecording_cut.wav,3.75,0.5,0.49,4
30176376_MinPolqaSfbRecording_cut.wav,2.75,0.5,0.49,4
27595554_MinPolqaSfbRecording_cut.wav,4.0,1.154700538,1.131606528,4
30142068_MinPolqaSfbRecording_cut.wav,2.25,0.957427108,0.938278566,4
30139032_MinPolqaSfbRecording_cut.wav,2.75,0.5,0.49,4
30255227_MinPolqaSfbRecording_cut.wav,3.75,1.258305739,1.233139624,4
30102770_MinPolqaSfbRecording_cut.wav,3.75,1.258305739,1.233139624,4
30523351_MinPolqaSfbRecording_cut.wav,2.25,0.957427108,0.938278566,4
30527939_MinPolqaSfbRecording_cut.wav,2.25,0.957427108,0.938278566,4
30176876_MinPolqaSfbRecording_cut.wav,2.5,0.577350269,0.565803264,4
30145649_MinPolqaSfbRecording_cut.wav,1.75,0.5,0.49,4
30450222_MinPolqaSfbRecording_cut.wav,1.75,0.957427108,0.938278566,4
28313469_MinPolqaSfbRecording_cut.wav,4.0,1.154700538,1.131606528,4
30505215_MinPolqaSfbRecording_cut.wav,3.0,1.0,1.131606528,3
30126816_MinPolqaSfbRecording_cut.wav,2.666666667,0.577350269,0.653333333,3
27853189_MinPolqaSfbRecording_cut.wav,3.666666667,0.577350269,0.653333333,3
30058542_MinPolqaSfbRecording_cut.wav,2.333333333,0.577350269,0.653333333,3
30253768_MinPolqaSfbRecording_cut.wav,3.0,0.0,0.0,3
28608256_MinPolqaSfbRecording_cut.wav,4.0,0.0,0.0,3
30433808_MinPolqaSfbRecording_cut.wav,1.333333333,0.577350269,0.653333333,3
30516236_MinPolqaSfbRecording_cut.wav,3.666666667,0.577350269,0.653333333,3
28547155_MinPolqaSfbRecording_cut.wav,4.2,0.836660027,0.733364848,5
30122357_MinPolqaSfbRecording_cut.wav,2.0,0.707106781,0.619806421,5
30259197_MinPolqaSfbRecording_cut.wav,2.2,0.836660027,0.733364848,5
30154028_MinPolqaSfbRecording_cut.wav,1.0,0.0,0.0,5
28826758_MinPolqaSfbRecording_cut.wav,2.8,0.836660027,0.733364848,5
27877996_MinPolqaSfbRecording_cut.wav,3.6,0.547722558,0.48009999,5
30185938_MinPolqaSfbRecording_cut.wav,2.0,0.707106781,0.619806421,5
30087164_MinPolqaSfbRecording_cut.wav,3.4,0.547722558,0.48009999,5
28676393_MinPolqaSfbRecording_cut.wav,4.2,0.836660027,0.733364848,5
30096235_MinPolqaSfbRecording_cut.wav,3.0,0.707106781,0.619806421,5
28887755_MinPolqaSfbRecording_cut.wav,4.25,0.957427108,0.938278566,4
30092217_MinPolqaSfbRecording_cut.wav,2.25,0.5,0.49,4
30261481_MinPolqaSfbRecording_cut.wav,3.0,0.0,0.0,4
28062040_MinPolqaSfbRecording_cut.wav,4.5,1.0,0.98,4
27913756_MinPolqaSfbRecording_cut.wav,4.0,0.816496581,0.800166649,4
30202734_MinPolqaSfbRecording_cut.wav,3.5,1.0,0.98,4
30206654_MinPolqaSfbRecording_cut.wav,2.5,0.577350269,0.565803264,4
30139022_MinPolqaSfbRecording_cut.wav,3.25,1.258305739,1.233139624,4
28063236_MinPolqaSfbRecording_cut.wav,4.25,0.5,0.49,4
30524007_MinPolqaSfbRecording_cut.wav,2.6,0.547722558,0.48009999,5
30173591_MinPolqaSfbRecording_cut.wav,3.4,0.547722558,0.48009999,5
30080655_MinPolqaSfbRecording_cut.wav,3.2,0.836660027,0.733364848,5
30119395_MinPolqaSfbRecording_cut.wav,3.8,0.447213595,0.392,5
28173669_MinPolqaSfbRecording_cut.wav,4.0,0.0,0.0,5
30522625_MinPolqaSfbRecording_cut.wav,1.8,0.836660027,0.733364848,5
30503033_MinPolqaSfbRecording_cut.wav,2.2,0.447213595,0.392,5
27791407_MinPolqaSfbRecording_cut.wav,4.4,0.547722558,0.48009999,5
30474505_MinPolqaSfbRecording_cut.wav,3.5,0.577350269,0.565803264,4
30512880_MinPolqaSfbRecording_cut.wav,4.0,0.0,0.0,4
30120135_MinPolqaSfbRecording_cut.wav,3.25,0.5,0.49,4
30465234_MinPolqaSfbRecording_cut.wav,2.5,0.577350269,0.565803264,4
30477890_MinPolqaSfbRecording_cut.wav,3.5,0.577350269,0.565803264,4
30060227_MinPolqaSfbRecording_cut.wav,2.0,0.0,0.0,4
30486926_MinPolqaSfbRecording_cut.wav,3.25,0.5,0.49,4
30457383_MinPolqaSfbRecording_cut.wav,3.5,0.577350269,0.565803264,4
27807569_MinPolqaSfbRecording_cut.wav,3.8,1.095445115,0.960199979,5
30174407_MinPolqaSfbRecording_cut.wav,1.2,0.447213595,0.392,5
30097452_MinPolqaSfbRecording_cut.wav,2.8,0.836660027,0.733364848,5
30421688_MinPolqaSfbRecording_cut.wav,1.8,0.836660027,0.733364848,5
28367792_MinPolqaSfbRecording_cut.wav,4.2,0.836660027,0.733364848,5
30259569_MinPolqaSfbRecording_cut.wav,3.2,0.836660027,0.733364848,5
30258386_MinPolqaSfbRecording_cut.wav,1.6,0.894427191,0.784,5
28269845_MinPolqaSfbRecording_cut.wav,4.4,0.547722558,0.48009999,5
30213440_MinPolqaSfbRecording_cut.wav,3.0,0.0,0.0,2
29539444_MinPolqaSfbRecording_cut.wav,2.5,0.707106781,0.98,2
30470089_MinPolqaSfbRecording_cut.wav,2.5,0.707106781,0.98,2
30199534_MinPolqaSfbRecording_cut.wav,2.5,0.707106781,0.98,2
30138201_MinPolqaSfbRecording_cut.wav,3.5,0.707106781,0.98,2
27892156_MinPolqaSfbRecording_cut.wav,4.0,0.0,0.0,2
30157079_MinPolqaSfbRecording_cut.wav,2.5,0.707106781,0.98,2
29545088_MinPolqaSfbRecording_cut.wav,3.0,0.0,0.0,2
30061016_MinPolqaSfbRecording_cut.wav,3.5,0.707106781,0.98,2
28525360_MinPolqaSfbRecording_cut.wav,3.6,1.341640786,1.176,5
30076515_MinPolqaSfbRecording_cut.wav,3.6,0.894427191,0.784,5
30515217_MinPolqaSfbRecording_cut.wav,3.4,1.140175425,0.999407825,5
30150344_MinPolqaSfbRecording_cut.wav,3.6,1.140175425,0.999407825,5
29537229_MinPolqaSfbRecording_cut.wav,2.8,1.303840481,1.142866571,5
29541334_MinPolqaSfbRecording_cut.wav,2.2,1.303840481,1.142866571,5
30436191_MinPolqaSfbRecording_cut.wav,2.2,1.303840481,1.142866571,5
30480178_MinPolqaSfbRecording_cut.wav,2.25,1.258305739,1.233139624,4
30427541_MinPolqaSfbRecording_cut.wav,2.75,0.5,0.49,4
30070774_MinPolqaSfbRecording_cut.wav,3.0,0.816496581,0.800166649,4
30509279_MinPolqaSfbRecording_cut.wav,2.0,0.816496581,0.800166649,4
29537540_MinPolqaSfbRecording_cut.wav,1.75,0.957427108,0.938278566,4
28631289_MinPolqaSfbRecording_cut.wav,4.25,0.5,0.49,4
30091322_MinPolqaSfbRecording_cut.wav,1.75,0.957427108,0.938278566,4
30507648_MinPolqaSfbRecording_cut.wav,4.0,0.816496581,0.800166649,4
29538594_MinPolqaSfbRecording_cut.wav,1.75,0.5,0.49,4
30212656_MinPolqaSfbRecording_cut.wav,3.25,0.5,0.49,4
30431598_MinPolqaSfbRecording_cut.wav,3.4,0.547722558,0.48009999,5
30452972_MinPolqaSfbRecording_cut.wav,2.6,0.894427191,0.784,5
30508094_MinPolqaSfbRecording_cut.wav,3.6,1.140175425,0.999407825,5
30119801_MinPolqaSfbRecording_cut.wav,4.0,0.707106781,0.619806421,5
30118027_MinPolqaSfbRecording_cut.wav,3.4,0.547722558,0.48009999,5
28037492_MinPolqaSfbRecording_cut.wav,4.2,0.836660027,0.733364848,5
30469938_MinPolqaSfbRecording_cut.wav,3.2,0.447213595,0.392,5
29536456_MinPolqaSfbRecording_cut.wav,2.6,0.547722558,0.48009999,5
28438934_MinPolqaSfbRecording_cut.wav,3.4,0.894427191,0.784,5
30151934_MinPolqaSfbRecording_cut.wav,3.4,0.547722558,0.48009999,5
30420709_MinPolqaSfbRecording_cut.wav,2.6,1.140175425,0.999407825,5
30485134_MinPolqaSfbRecording_cut.wav,3.0,0.707106781,0.619806421,5
30516030_MinPolqaSfbRecording_cut.wav,1.6,0.894427191,0.784,5
30086529_MinPolqaSfbRecording_cut.wav,2.2,0.836660027,0.733364848,5
30484900_MinPolqaSfbRecording_cut.wav,1.4,0.547722558,0.48009999,5
30128658_MinPolqaSfbRecording_cut.wav,2.2,0.836660027,0.733364848,5
28317324_MinPolqaSfbRecording_cut.wav,3.0,1.0,1.131606528,3
30504801_MinPolqaSfbRecording_cut.wav,4.0,1.0,1.131606528,3
30065672_MinPolqaSfbRecording_cut.wav,3.0,1.732050808,1.96,3
30061451_MinPolqaSfbRecording_cut.wav,1.666666667,0.577350269,0.653333333,3
30138795_MinPolqaSfbRecording_cut.wav,1.0,0.0,0.0,3
30165744_MinPolqaSfbRecording_cut.wav,4.0,0.0,0.0,3
28527828_MinPolqaSfbRecording_cut.wav,2.333333333,0.577350269,0.653333333,3
28151887_MinPolqaSfbRecording_cut.wav,3.666666667,0.577350269,0.653333333,3
28165403_MinPolqaSfbRecording_cut.wav,4.666666667,0.577350269,0.653333333,3
28081200_MinPolqaSfbRecording_cut.wav,3.75,0.5,0.49,4
28436174_MinPolqaSfbRecording_cut.wav,4.0,0.816496581,0.800166649,4
30484337_MinPolqaSfbRecording_cut.wav,1.25,0.5,0.49,4
29051909_MinPolqaSfbRecording_cut.wav,4.0,0.0,0.0,4
30130045_MinPolqaSfbRecording_cut.wav,2.75,0.5,0.49,4
30424457_MinPolqaSfbRecording_cut.wav,3.75,0.5,0.49,4
30172837_MinPolqaSfbRecording_cut.wav,3.0,0.0,0.0,4
29000627_MinPolqaSfbRecording_cut.wav,3.75,0.5,0.49,4
30161781_MinPolqaSfbRecording_cut.wav,3.0,2.0,2.263213055,3
30449656_MinPolqaSfbRecording_cut.wav,2.333333333,1.527525232,1.728557523,3
28053260_MinPolqaSfbRecording_cut.wav,3.666666667,0.577350269,0.653333333,3
30198566_MinPolqaSfbRecording_cut.wav,2.333333333,1.527525232,1.728557523,3
29014746_MinPolqaSfbRecording_cut.wav,3.333333333,0.577350269,0.653333333,3
30254262_MinPolqaSfbRecording_cut.wav,3.0,1.0,1.131606528,3
30066065_MinPolqaSfbRecording_cut.wav,2.666666667,1.154700538,1.306666667,3
30461645_MinPolqaSfbRecording_cut.wav,2.333333333,1.527525232,1.728557523,3
29534004_MinPolqaSfbRecording_cut.wav,2.333333333,1.527525232,1.728557523,3
27763459_MinPolqaSfbRecording_cut.wav,3.666666667,1.154700538,1.306666667,3
28648824_MinPolqaSfbRecording_cut.wav,4.25,0.957427108,0.938278566,4
30099818_MinPolqaSfbRecording_cut.wav,3.75,0.957427108,0.938278566,4
30480607_MinPolqaSfbRecording_cut.wav,2.5,1.0,0.98,4
30472038_MinPolqaSfbRecording_cut.wav,1.5,0.577350269,0.565803264,4
30138902_MinPolqaSfbRecording_cut.wav,3.0,0.816496581,0.800166649,4
30487753_MinPolqaSfbRecording_cut.wav,2.0,0.816496581,0.800166649,4
27885463_MinPolqaSfbRecording_cut.wav,4.5,0.577350269,0.565803264,4
30444227_MinPolqaSfbRecording_cut.wav,2.5,0.577350269,0.565803264,4
30449240_MinPolqaSfbRecording_cut.wav,2.25,0.957427108,0.938278566,4
30260861_MinPolqaSfbRecording_cut.wav,2.0,0.816496581,0.800166649,4
30490653_MinPolqaSfbRecording_cut.wav,2.75,0.5,0.49,4
28293750_MinPolqaSfbRecording_cut.wav,4.0,0.816496581,0.800166649,4
30060009_MinPolqaSfbRecording_cut.wav,3.75,0.957427108,0.938278566,4
30212652_MinPolqaSfbRecording_cut.wav,2.75,0.5,0.49,4
29532959_MinPolqaSfbRecording_cut.wav,2.0,0.816496581,0.800166649,4
30164103_MinPolqaSfbRecording_cut.wav,2.0,0.816496581,0.800166649,4
30106864_MinPolqaSfbRecording_cut.wav,2.8,1.095445115,0.960199979,5
28531074_MinPolqaSfbRecording_cut.wav,3.0,0.707106781,0.619806421,5
30202114_MinPolqaSfbRecording_cut.wav,1.4,0.547722558,0.48009999,5
30491189_MinPolqaSfbRecording_cut.wav,3.4,0.894427191,0.784,5
28970343_MinPolqaSfbRecording_cut.wav,4.2,0.836660027,0.733364848,5
30212041_MinPolqaSfbRecording_cut.wav,3.4,0.547722558,0.48009999,5
30213500_MinPolqaSfbRecording_cut.wav,3.2,0.447213595,0.392,5
30183230_MinPolqaSfbRecording_cut.wav,2.75,1.5,1.47,4
30158192_MinPolqaSfbRecording_cut.wav,3.25,1.707825128,1.673668625,4
30095702_MinPolqaSfbRecording_cut.wav,4.5,0.577350269,0.565803264,4
29538348_MinPolqaSfbRecording_cut.wav,3.0,1.414213562,1.385929291,4
30466941_MinPolqaSfbRecording_cut.wav,1.75,0.957427108,0.938278566,4
30483897_MinPolqaSfbRecording_cut.wav,2.0,1.414213562,1.385929291,4
30183164_MinPolqaSfbRecording_cut.wav,3.0,1.414213562,1.385929291,4
30139342_MinPolqaSfbRecording_cut.wav,4.0,0.816496581,0.800166649,4
30469088_MinPolqaSfbRecording_cut.wav,2.5,1.290994449,1.26517456,4
30063096_MinPolqaSfbRecording_cut.wav,2.5,1.0,0.98,4
30508198_MinPolqaSfbRecording_cut.wav,3.0,0.0,0.0,4
30496539_MinPolqaSfbRecording_cut.wav,3.0,0.816496581,0.800166649,4
29532375_MinPolqaSfbRecording_cut.wav,4.0,0.0,0.0,4
29541585_MinPolqaSfbRecording_cut.wav,4.0,0.816496581,0.800166649,4
30423238_MinPolqaSfbRecording_cut.wav,3.25,0.957427108,0.938278566,4
30109662_MinPolqaSfbRecording_cut.wav,2.5,1.0,0.98,4
30513415_MinPolqaSfbRecording_cut.wav,1.4,0.547722558,0.48009999,5
30446954_MinPolqaSfbRecording_cut.wav,2.2,1.095445115,0.960199979,5
30503099_MinPolqaSfbRecording_cut.wav,2.6,1.140175425,0.999407825,5
30467352_MinPolqaSfbRecording_cut.wav,2.8,0.836660027,0.733364848,5
30260461_MinPolqaSfbRecording_cut.wav,3.0,1.0,0.876538647,5
29530913_MinPolqaSfbRecording_cut.wav,3.6,0.547722558,0.48009999,5
29543665_MinPolqaSfbRecording_cut.wav,3.2,0.836660027,0.733364848,5
30117591_MinPolqaSfbRecording_cut.wav,3.0,0.707106781,0.619806421,5
30122720_MinPolqaSfbRecording_cut.wav,2.0,0.707106781,0.619806421,5
30257075_MinPolqaSfbRecording_cut.wav,2.8,0.447213595,0.392,5
30107782_MinPolqaSfbRecording_cut.wav,2.75,0.5,0.49,4
30416865_MinPolqaSfbRecording_cut.wav,1.5,0.577350269,0.565803264,4
27917740_MinPolqaSfbRecording_cut.wav,4.25,0.5,0.49,4
30059248_MinPolqaSfbRecording_cut.wav,2.25,0.5,0.49,4
30437048_MinPolqaSfbRecording_cut.wav,4.0,0.816496581,0.800166649,4
28183135_MinPolqaSfbRecording_cut.wav,4.0,0.0,0.0,4
30150639_MinPolqaSfbRecording_cut.wav,1.25,0.5,0.49,4
29532173_MinPolqaSfbRecording_cut.wav,1.25,0.5,0.49,4
30489909_MinPolqaSfbRecording_cut.wav,4.0,0.816496581,0.800166649,4
28977586_MinPolqaSfbRecording_cut.wav,4.8,0.447213595,0.392,5
30522651_MinPolqaSfbRecording_cut.wav,2.8,1.303840481,1.142866571,5
30124690_MinPolqaSfbRecording_cut.wav,3.4,0.894427191,0.784,5
28368029_MinPolqaSfbRecording_cut.wav,3.6,1.140175425,0.999407825,5
30117940_MinPolqaSfbRecording_cut.wav,4.0,1.224744871,1.073536213,5
30249466_MinPolqaSfbRecording_cut.wav,3.0,0.707106781,0.619806421,5
30150933_MinPolqaSfbRecording_cut.wav,2.0,1.0,0.876538647,5
30175268_MinPolqaSfbRecording_cut.wav,2.4,1.140175425,0.999407825,5
30256900_MinPolqaSfbRecording_cut.wav,2.6,0.547722558,0.48009999,5
30086994_MinPolqaSfbRecording_cut.wav,2.2,1.095445115,0.960199979,5
27847659_MinPolqaSfbRecording_cut.wav,4.5,0.577350269,0.565803264,4
29535398_MinPolqaSfbRecording_cut.wav,2.25,0.957427108,0.938278566,4
28207960_MinPolqaSfbRecording_cut.wav,4.0,0.0,0.0,4
28605844_MinPolqaSfbRecording_cut.wav,3.25,0.957427108,0.938278566,4
30070285_MinPolqaSfbRecording_cut.wav,3.5,1.0,0.98,4
30086485_MinPolqaSfbRecording_cut.wav,3.5,1.0,0.98,4
30110394_MinPolqaSfbRecording_cut.wav,4.0,0.816496581,0.800166649,4
27783702_MinPolqaSfbRecording_cut.wav,4.5,0.577350269,0.565803264,4
30177532_MinPolqaSfbRecording_cut.wav,3.4,0.894427191,0.784,5
27677451_MinPolqaSfbRecording_cut.wav,4.4,0.547722558,0.48009999,5
30467167_MinPolqaSfbRecording_cut.wav,3.0,1.224744871,1.073536213,5
30430390_MinPolqaSfbRecording_cut.wav,2.8,1.303840481,1.142866571,5
29027066_MinPolqaSfbRecording_cut.wav,3.8,0.447213595,0.392,5
29008201_MinPolqaSfbRecording_cut.wav,3.8,0.836660027,0.733364848,5
30174695_MinPolqaSfbRecording_cut.wav,4.0,0.707106781,0.619806421,5
30142407_MinPolqaSfbRecording_cut.wav,2.4,0.547722558,0.48009999,5
29536643_MinPolqaSfbRecording_cut.wav,1.333333333,0.577350269,0.653333333,3
30522880_MinPolqaSfbRecording_cut.wav,1.0,0.0,0.0,3
30201049_MinPolqaSfbRecording_cut.wav,1.0,0.0,0.0,3
30129216_MinPolqaSfbRecording_cut.wav,1.333333333,0.577350269,0.653333333,3
30070501_MinPolqaSfbRecording_cut.wav,4.0,1.0,1.131606528,3
30404951_MinPolqaSfbRecording_cut.wav,2.333333333,0.577350269,0.653333333,3
30175111_MinPolqaSfbRecording_cut.wav,2.666666667,0.577350269,0.653333333,3
30114136_MinPolqaSfbRecording_cut.wav,2.666666667,0.577350269,0.653333333,3
30457328_MinPolqaSfbRecording_cut.wav,3.0,1.0,1.131606528,3
27872128_MinPolqaSfbRecording_cut.wav,4.333333333,0.577350269,0.653333333,3
30452012_MinPolqaSfbRecording_cut.wav,2.4,0.894427191,0.784,5
30132283_MinPolqaSfbRecording_cut.wav,1.8,1.095445115,0.960199979,5
30096038_MinPolqaSfbRecording_cut.wav,1.8,0.836660027,0.733364848,5
30145932_MinPolqaSfbRecording_cut.wav,2.4,0.894427191,0.784,5
30073723_MinPolqaSfbRecording_cut.wav,3.0,0.707106781,0.619806421,5
30129270_MinPolqaSfbRecording_cut.wav,3.2,0.836660027,0.733364848,5
30426956_MinPolqaSfbRecording_cut.wav,2.6,0.547722558,0.48009999,5
27883030_MinPolqaSfbRecording_cut.wav,3.8,0.447213595,0.392,5
30101119_MinPolqaSfbRecording_cut.wav,3.8,0.836660027,0.733364848,5
30127983_MinPolqaSfbRecording_cut.wav,2.6,0.547722558,0.48009999,5
30107727_MinPolqaSfbRecording_cut.wav,2.2,1.303840481,1.142866571,5
30478929_MinPolqaSfbRecording_cut.wav,2.6,1.140175425,0.999407825,5
30156445_MinPolqaSfbRecording_cut.wav,3.4,0.894427191,0.784,5
30135678_MinPolqaSfbRecording_cut.wav,3.0,0.707106781,0.619806421,5
30462753_MinPolqaSfbRecording_cut.wav,3.8,1.095445115,0.960199979,5
30471619_MinPolqaSfbRecording_cut.wav,3.2,1.303840481,1.142866571,5
29533236_MinPolqaSfbRecording_cut.wav,4.0,0.707106781,0.619806421,5
27597930_MinPolqaSfbRecording_cut.wav,4.2,0.836660027,0.733364848,5
30515810_MinPolqaSfbRecording_cut.wav,2.75,0.957427108,0.938278566,4
30130822_MinPolqaSfbRecording_cut.wav,2.5,1.290994449,1.26517456,4
30507916_MinPolqaSfbRecording_cut.wav,3.25,0.5,0.49,4
30097473_MinPolqaSfbRecording_cut.wav,2.5,0.577350269,0.565803264,4
27664431_MinPolqaSfbRecording_cut.wav,4.0,0.816496581,0.800166649,4
30118762_MinPolqaSfbRecording_cut.wav,1.75,0.5,0.49,4
28824294_MinPolqaSfbRecording_cut.wav,4.0,0.816496581,0.800166649,4
30205181_MinPolqaSfbRecording_cut.wav,1.0,0.0,0.0,4
30186108_MinPolqaSfbRecording_cut.wav,4.0,0.816496581,0.800166649,4
30506767_MinPolqaSfbRecording_cut.wav,1.0,0.0,0.0,4
28219068_MinPolqaSfbRecording_cut.wav,3.75,0.957427108,0.938278566,4
30445474_MinPolqaSfbRecording_cut.wav,3.25,0.957427108,0.938278566,4
30416799_MinPolqaSfbRecording_cut.wav,3.75,0.5,0.49,4
30128082_MinPolqaSfbRecording_cut.wav,4.75,0.5,0.49,4
27786905_MinPolqaSfbRecording_cut.wav,4.5,1.0,0.98,4
30120928_MinPolqaSfbRecording_cut.wav,4.5,0.577350269,0.565803264,4
29556396_MinPolqaSfbRecording_cut.wav,3.0,0.816496581,0.800166649,4
30457776_MinPolqaSfbRecording_cut.wav,2.75,1.5,1.47,4
30118382_MinPolqaSfbRecording_cut.wav,4.0,0.0,0.0,3
30254184_MinPolqaSfbRecording_cut.wav,4.333333333,0.577350269,0.653333333,3
30170756_MinPolqaSfbRecording_cut.wav,2.333333333,0.577350269,0.653333333,3
29544757_MinPolqaSfbRecording_cut.wav,2.666666667,0.577350269,0.653333333,3
30106417_MinPolqaSfbRecording_cut.wav,4.0,0.0,0.0,3
27656011_MinPolqaSfbRecording_cut.wav,4.333333333,0.577350269,0.653333333,3
30130944_MinPolqaSfbRecording_cut.wav,2.333333333,0.577350269,0.653333333,3
27631059_MinPolqaSfbRecording_cut.wav,3.666666667,0.577350269,0.653333333,3
30135781_MinPolqaSfbRecording_cut.wav,2.0,0.707106781,0.619806421,5
30458348_MinPolqaSfbRecording_cut.wav,1.6,0.894427191,0.784,5
30201978_MinPolqaSfbRecording_cut.wav,2.6,0.894427191,0.784,5
30062870_MinPolqaSfbRecording_cut.wav,2.8,0.447213595,0.392,5
30157974_MinPolqaSfbRecording_cut.wav,4.0,1.0,0.876538647,5
30433351_MinPolqaSfbRecording_cut.wav,2.6,0.547722558,0.48009999,5
30477902_MinPolqaSfbRecording_cut.wav,2.0,0.707106781,0.619806421,5
30437859_MinPolqaSfbRecording_cut.wav,4.2,0.447213595,0.392,5
28238542_MinPolqaSfbRecording_cut.wav,3.8,0.836660027,0.733364848,5
30063060_MinPolqaSfbRecording_cut.wav,3.2,0.836660027,0.733364848,5
30250053_MinPolqaSfbRecording_cut.wav,2.6,1.140175425,0.999407825,5
30060549_MinPolqaSfbRecording_cut.wav,2.8,0.447213595,0.392,5
30432714_MinPolqaSfbRecording_cut.wav,3.6,0.547722558,0.48009999,5
30423222_MinPolqaSfbRecording_cut.wav,1.4,0.547722558,0.48009999,5
30104597_MinPolqaSfbRecording_cut.wav,2.2,0.836660027,0.733364848,5
30183082_MinPolqaSfbRecording_cut.wav,1.8,0.447213595,0.392,5
30422356_MinPolqaSfbRecording_cut.wav,3.8,0.447213595,0.392,5
30405489_MinPolqaSfbRecording_cut.wav,3.6,0.547722558,0.48009999,5
29539683_MinPolqaSfbRecording_cut.wav,1.0,0.0,0.0,4
30195010_MinPolqaSfbRecording_cut.wav,2.75,1.258305739,1.233139624,4
30179562_MinPolqaSfbRecording_cut.wav,1.5,0.577350269,0.565803264,4
27828339_MinPolqaSfbRecording_cut.wav,3.5,0.577350269,0.565803264,4
30100238_MinPolqaSfbRecording_cut.wav,2.25,1.258305739,1.233139624,4
27821910_MinPolqaSfbRecording_cut.wav,3.5,0.577350269,0.565803264,4
29532458_MinPolqaSfbRecording_cut.wav,3.25,0.5,0.49,4
30063266_MinPolqaSfbRecording_cut.wav,2.25,0.957427108,0.938278566,4
30405825_MinPolqaSfbRecording_cut.wav,3.5,0.577350269,0.565803264,4
28132879_MinPolqaSfbRecording_cut.wav,2.8,0.447213595,0.392,5
29533976_MinPolqaSfbRecording_cut.wav,2.8,0.447213595,0.392,5
30264345_MinPolqaSfbRecording_cut.wav,3.2,0.447213595,0.392,5
30174867_MinPolqaSfbRecording_cut.wav,3.6,0.894427191,0.784,5
30401605_MinPolqaSfbRecording_cut.wav,1.6,0.547722558,0.48009999,5
30509450_MinPolqaSfbRecording_cut.wav,3.4,1.140175425,0.999407825,5
30200170_MinPolqaSfbRecording_cut.wav,3.2,0.836660027,0.733364848,5
28111486_MinPolqaSfbRecording_cut.wav,4.4,0.547722558,0.48009999,5
30127171_MinPolqaSfbRecording_cut.wav,2.8,0.447213595,0.392,5
27847253_MinPolqaSfbRecording_cut.wav,3.5,1.0,0.98,4
30058541_MinPolqaSfbRecording_cut.wav,2.0,1.154700538,1.131606528,4
30060764_MinPolqaSfbRecording_cut.wav,3.25,0.957427108,0.938278566,4
27575243_MinPolqaSfbRecording_cut.wav,3.0,0.816496581,0.800166649,4
27895803_MinPolqaSfbRecording_cut.wav,3.5,0.577350269,0.565803264,4
28452810_MinPolqaSfbRecording_cut.wav,4.0,0.816496581,0.800166649,4
30090221_MinPolqaSfbRecording_cut.wav,2.25,0.957427108,0.938278566,4
30069147_MinPolqaSfbRecording_cut.wav,2.0,1.154700538,1.131606528,4
30175678_MinPolqaSfbRecording_cut.wav,2.5,0.577350269,0.565803264,4
30259189_MinPolqaSfbRecording_cut.wav,3.0,0.0,0.0,3
30479036_MinPolqaSfbRecording_cut.wav,3.666666667,0.577350269,0.653333333,3
30261269_MinPolqaSfbRecording_cut.wav,3.666666667,0.577350269,0.653333333,3
28908896_MinPolqaSfbRecording_cut.wav,3.666666667,0.577350269,0.653333333,3
29544272_MinPolqaSfbRecording_cut.wav,1.666666667,0.577350269,0.653333333,3
30212744_MinPolqaSfbRecording_cut.wav,4.0,1.0,1.131606528,3
30133530_MinPolqaSfbRecording_cut.wav,3.333333333,0.577350269,0.653333333,3
30145289_MinPolqaSfbRecording_cut.wav,2.0,1.0,1.131606528,3
30451791_MinPolqaSfbRecording_cut.wav,3.5,0.577350269,0.565803264,4
29539728_MinPolqaSfbRecording_cut.wav,2.75,0.957427108,0.938278566,4
30087696_MinPolqaSfbRecording_cut.wav,3.0,0.816496581,0.800166649,4
27643913_MinPolqaSfbRecording_cut.wav,4.25,0.957427108,0.938278566,4
27723870_MinPolqaSfbRecording_cut.wav,3.5,0.577350269,0.565803264,4
30496413_MinPolqaSfbRecording_cut.wav,3.0,0.816496581,0.800166649,4
30500636_MinPolqaSfbRecording_cut.wav,2.25,1.258305739,1.233139624,4
28854182_MinPolqaSfbRecording_cut.wav,3.75,0.957427108,0.938278566,4
30138186_MinPolqaSfbRecording_cut.wav,3.4,0.547722558,0.48009999,5
28149577_MinPolqaSfbRecording_cut.wav,3.8,1.303840481,1.142866571,5
30515601_MinPolqaSfbRecording_cut.wav,1.2,0.447213595,0.392,5
30258881_MinPolqaSfbRecording_cut.wav,3.4,0.547722558,0.48009999,5
30087276_MinPolqaSfbRecording_cut.wav,2.4,0.894427191,0.784,5
27766910_MinPolqaSfbRecording_cut.wav,3.6,1.140175425,0.999407825,5
28367762_MinPolqaSfbRecording_cut.wav,3.6,0.547722558,0.48009999,5
28042166_MinPolqaSfbRecording_cut.wav,4.0,1.0,0.876538647,5
29531943_MinPolqaSfbRecording_cut.wav,2.4,0.894427191,0.784,5
30084795_MinPolqaSfbRecording_cut.wav,3.2,0.447213595,0.392,5
30127351_MinPolqaSfbRecording_cut.wav,3.0,0.707106781,0.619806421,5
30504263_MinPolqaSfbRecording_cut.wav,2.2,0.447213595,0.392,5
30206606_MinPolqaSfbRecording_cut.wav,3.2,0.447213595,0.392,5
30474947_MinPolqaSfbRecording_cut.wav,2.0,0.707106781,0.619806421,5
30133723_MinPolqaSfbRecording_cut.wav,1.6,0.894427191,0.784,5
30504067_MinPolqaSfbRecording_cut.wav,3.8,0.447213595,0.392,5
30403910_MinPolqaSfbRecording_cut.wav,3.6,0.547722558,0.48009999,5
29535547_MinPolqaSfbRecording_cut.wav,3.6,0.547722558,0.48009999,5
30259254_MinPolqaSfbRecording_cut.wav,3.5,0.577350269,0.565803264,4
28666006_MinPolqaSfbRecording_cut.wav,4.25,0.5,0.49,4
30520450_MinPolqaSfbRecording_cut.wav,2.25,0.957427108,0.938278566,4
30128701_MinPolqaSfbRecording_cut.wav,3.5,0.577350269,0.565803264,4
29540209_MinPolqaSfbRecording_cut.wav,2.25,1.5,1.47,4
30497020_MinPolqaSfbRecording_cut.wav,4.25,0.957427108,0.938278566,4
30470088_MinPolqaSfbRecording_cut.wav,3.25,1.707825128,1.673668625,4
30137421_MinPolqaSfbRecording_cut.wav,3.666666667,0.577350269,0.653333333,3
30481431_MinPolqaSfbRecording_cut.wav,1.333333333,0.577350269,0.653333333,3
30261390_MinPolqaSfbRecording_cut.wav,3.0,1.0,1.131606528,3
28276847_MinPolqaSfbRecording_cut.wav,3.333333333,1.154700538,1.306666667,3
30402644_MinPolqaSfbRecording_cut.wav,2.666666667,1.154700538,1.306666667,3
30477719_MinPolqaSfbRecording_cut.wav,2.666666667,1.154700538,1.306666667,3
28362753_MinPolqaSfbRecording_cut.wav,4.0,0.0,0.0,3
28269823_MinPolqaSfbRecording_cut.wav,3.0,0.0,0.0,3
30137456_MinPolqaSfbRecording_cut.wav,3.333333333,0.577350269,0.653333333,3
28674130_MinPolqaSfbRecording_cut.wav,3.333333333,0.577350269,0.653333333,3
28089929_MinPolqaSfbRecording_cut.wav,4.0,0.816496581,0.800166649,4
30406688_MinPolqaSfbRecording_cut.wav,3.5,0.577350269,0.565803264,4
30262012_MinPolqaSfbRecording_cut.wav,3.0,0.816496581,0.800166649,4
30195003_MinPolqaSfbRecording_cut.wav,3.75,0.5,0.49,4
30201515_MinPolqaSfbRecording_cut.wav,2.5,1.0,0.98,4
30104766_MinPolqaSfbRecording_cut.wav,3.5,0.577350269,0.565803264,4
30173250_MinPolqaSfbRecording_cut.wav,3.5,1.290994449,1.26517456,4
30177888_MinPolqaSfbRecording_cut.wav,4.25,0.5,0.49,4
30101534_MinPolqaSfbRecording_cut.wav,3.6,0.547722558,0.48009999,5
30117614_MinPolqaSfbRecording_cut.wav,2.4,1.673320053,1.466729696,5
30075846_MinPolqaSfbRecording_cut.wav,4.2,0.836660027,0.733364848,5
30470171_MinPolqaSfbRecording_cut.wav,3.4,0.894427191,0.784,5
30446780_MinPolqaSfbRecording_cut.wav,3.6,1.341640786,1.176,5
30067298_MinPolqaSfbRecording_cut.wav,3.4,1.673320053,1.466729696,5
28033966_MinPolqaSfbRecording_cut.wav,4.0,0.707106781,0.619806421,5
30260888_MinPolqaSfbRecording_cut.wav,3.6,1.673320053,1.466729696,5
30083462_MinPolqaSfbRecording_cut.wav,2.4,1.516575089,1.329336677,5
28044420_MinPolqaSfbRecording_cut.wav,3.8,1.303840481,1.142866571,5
30407100_MinPolqaSfbRecording_cut.wav,3.2,0.836660027,0.733364848,5
30149038_MinPolqaSfbRecording_cut.wav,2.2,1.643167673,1.440299969,5
30506573_MinPolqaSfbRecording_cut.wav,2.4,0.894427191,0.784,5
29533057_MinPolqaSfbRecording_cut.wav,2.6,1.516575089,1.329336677,5
30484778_MinPolqaSfbRecording_cut.wav,2.0,0.0,0.0,2
28269886_MinPolqaSfbRecording_cut.wav,3.5,0.707106781,0.98,2
30506453_MinPolqaSfbRecording_cut.wav,3.0,0.0,0.0,2
30201292_MinPolqaSfbRecording_cut.wav,4.0,1.414213562,1.96,2
27653652_MinPolqaSfbRecording_cut.wav,3.0,0.0,0.0,2
30437303_MinPolqaSfbRecording_cut.wav,1.5,0.707106781,0.98,2
27853783_MinPolqaSfbRecording_cut.wav,4.5,0.707106781,0.98,2
30409581_MinPolqaSfbRecording_cut.wav,2.0,1.414213562,1.96,2
29536492_MinPolqaSfbRecording_cut.wav,2.5,0.707106781,0.98,2
30427971_MinPolqaSfbRecording_cut.wav,2.333333333,1.154700538,1.306666667,3
30162505_MinPolqaSfbRecording_cut.wav,2.666666667,1.527525232,1.728557523,3
30474408_MinPolqaSfbRecording_cut.wav,2.0,1.0,1.131606528,3
28339654_MinPolqaSfbRecording_cut.wav,4.333333333,0.577350269,0.653333333,3
30516800_MinPolqaSfbRecording_cut.wav,2.666666667,1.527525232,1.728557523,3
27735608_MinPolqaSfbRecording_cut.wav,4.0,1.0,1.131606528,3
30409173_MinPolqaSfbRecording_cut.wav,2.333333333,1.154700538,1.306666667,3
30205355_MinPolqaSfbRecording_cut.wav,2.333333333,1.154700538,1.306666667,3
30413621_MinPolqaSfbRecording_cut.wav,2.2,0.447213595,0.392,5
30402489_MinPolqaSfbRecording_cut.wav,2.0,0.707106781,0.619806421,5
30091773_MinPolqaSfbRecording_cut.wav,3.2,0.447213595,0.392,5
30491771_MinPolqaSfbRecording_cut.wav,3.0,0.0,0.0,5
30491757_MinPolqaSfbRecording_cut.wav,2.6,0.547722558,0.48009999,5
30523934_MinPolqaSfbRecording_cut.wav,4.0,0.0,0.0,5
28686929_MinPolqaSfbRecording_cut.wav,4.4,0.547722558,0.48009999,5
30483759_MinPolqaSfbRecording_cut.wav,3.6,0.894427191,0.784,5
29027963_MinPolqaSfbRecording_cut.wav,3.4,0.547722558,0.48009999,5
30199057_MinPolqaSfbRecording_cut.wav,3.6,0.547722558,0.48009999,5
30523928_MinPolqaSfbRecording_cut.wav,2.6,0.894427191,0.784,5
30484098_MinPolqaSfbRecording_cut.wav,2.4,0.547722558,0.48009999,5
30159916_MinPolqaSfbRecording_cut.wav,2.8,0.836660027,0.733364848,5
30257074_MinPolqaSfbRecording_cut.wav,2.8,0.447213595,0.392,5
30127863_MinPolqaSfbRecording_cut.wav,1.8,0.447213595,0.392,5
30261327_MinPolqaSfbRecording_cut.wav,2.25,0.5,0.49,4
30091723_MinPolqaSfbRecording_cut.wav,1.75,0.5,0.49,4
30164685_MinPolqaSfbRecording_cut.wav,3.0,0.0,0.0,4
29534319_MinPolqaSfbRecording_cut.wav,1.75,0.5,0.49,4
30426248_MinPolqaSfbRecording_cut.wav,3.75,0.5,0.49,4
30404755_MinPolqaSfbRecording_cut.wav,2.0,0.816496581,0.800166649,4
30258522_MinPolqaSfbRecording_cut.wav,4.0,0.0,0.0,4
28555063_MinPolqaSfbRecording_cut.wav,4.5,0.577350269,0.565803264,4
27820740_MinPolqaSfbRecording_cut.wav,4.25,0.957427108,0.938278566,4
29541549_MinPolqaSfbRecording_cut.wav,3.5,1.0,0.98,4
30078248_MinPolqaSfbRecording_cut.wav,2.5,0.577350269,0.565803264,4
30132736_MinPolqaSfbRecording_cut.wav,3.75,0.957427108,0.938278566,4
28012108_MinPolqaSfbRecording_cut.wav,4.25,0.957427108,0.938278566,4
30121169_MinPolqaSfbRecording_cut.wav,4.5,1.0,0.98,4
30154695_MinPolqaSfbRecording_cut.wav,4.75,0.5,0.49,4
30065673_MinPolqaSfbRecording_cut.wav,4.0,0.816496581,0.800166649,4
30202496_MinPolqaSfbRecording_cut.wav,4.25,0.957427108,0.938278566,4
30174828_MinPolqaSfbRecording_cut.wav,3.5,0.577350269,0.565803264,4
30069458_MinPolqaSfbRecording_cut.wav,1.75,0.957427108,0.938278566,4
30060393_MinPolqaSfbRecording_cut.wav,2.5,0.577350269,0.565803264,4
30065085_MinPolqaSfbRecording_cut.wav,2.25,1.5,1.47,4
30260719_MinPolqaSfbRecording_cut.wav,3.25,0.957427108,0.938278566,4
30130882_MinPolqaSfbRecording_cut.wav,2.75,0.957427108,0.938278566,4
27776262_MinPolqaSfbRecording_cut.wav,3.75,0.957427108,0.938278566,4
30490026_MinPolqaSfbRecording_cut.wav,1.5,1.0,0.98,4
28205026_MinPolqaSfbRecording_cut.wav,3.25,0.5,0.49,4
29536160_MinPolqaSfbRecording_cut.wav,2.75,0.5,0.49,4
30497135_MinPolqaSfbRecording_cut.wav,1.6,0.894427191,0.784,5
28138468_MinPolqaSfbRecording_cut.wav,4.2,0.447213595,0.392,5
30512027_MinPolqaSfbRecording_cut.wav,2.0,1.0,0.876538647,5
28544172_MinPolqaSfbRecording_cut.wav,4.0,0.707106781,0.619806421,5
30178573_MinPolqaSfbRecording_cut.wav,3.8,0.836660027,0.733364848,5
30181456_MinPolqaSfbRecording_cut.wav,3.6,0.894427191,0.784,5
27655885_MinPolqaSfbRecording_cut.wav,4.2,0.836660027,0.733364848,5
30184273_MinPolqaSfbRecording_cut.wav,3.6,0.547722558,0.48009999,5
28258544_MinPolqaSfbRecording_cut.wav,3.333333333,0.577350269,0.653333333,3
27559555_MinPolqaSfbRecording_cut.wav,3.666666667,0.577350269,0.653333333,3
30057469_MinPolqaSfbRecording_cut.wav,3.0,1.0,1.131606528,3
30132408_MinPolqaSfbRecording_cut.wav,3.0,0.0,0.0,3
30501702_MinPolqaSfbRecording_cut.wav,2.666666667,1.527525232,1.728557523,3
30433446_MinPolqaSfbRecording_cut.wav,2.666666667,1.527525232,1.728557523,3
30249663_MinPolqaSfbRecording_cut.wav,2.0,1.0,1.131606528,3
30527637_MinPolqaSfbRecording_cut.wav,2.5,1.290994449,1.26517456,4
30516204_MinPolqaSfbRecording_cut.wav,2.5,0.577350269,0.565803264,4
30184860_MinPolqaSfbRecording_cut.wav,1.5,0.577350269,0.565803264,4
30423975_MinPolqaSfbRecording_cut.wav,2.0,0.816496581,0.800166649,4
27911728_MinPolqaSfbRecording_cut.wav,3.25,0.5,0.49,4
30200691_MinPolqaSfbRecording_cut.wav,2.5,0.577350269,0.565803264,4
30256218_MinPolqaSfbRecording_cut.wav,1.75,0.957427108,0.938278566,4
30065689_MinPolqaSfbRecording_cut.wav,1.5,1.0,0.98,4
30212745_MinPolqaSfbRecording_cut.wav,3.75,0.5,0.49,4
30161093_MinPolqaSfbRecording_cut.wav,2.0,0.816496581,0.800166649,4
30151635_MinPolqaSfbRecording_cut.wav,3.75,0.5,0.49,4
30176178_MinPolqaSfbRecording_cut.wav,3.5,0.577350269,0.565803264,4
28031234_MinPolqaSfbRecording_cut.wav,4.0,0.816496581,0.800166649,4
28259136_MinPolqaSfbRecording_cut.wav,4.25,0.5,0.49,4
27519046_MinPolqaSfbRecording_cut.wav,4.25,0.957427108,0.938278566,4
30061303_MinPolqaSfbRecording_cut.wav,1.75,0.957427108,0.938278566,4
30496921_MinPolqaSfbRecording_cut.wav,3.0,0.0,0.0,4
30063580_MinPolqaSfbRecording_cut.wav,4.25,0.957427108,0.938278566,4
28013153_MinPolqaSfbRecording_cut.wav,2.75,0.5,0.49,4
30076345_MinPolqaSfbRecording_cut.wav,1.25,0.5,0.49,4
30478991_MinPolqaSfbRecording_cut.wav,2.5,1.290994449,1.26517456,4
28306046_MinPolqaSfbRecording_cut.wav,2.25,0.5,0.49,4
30199983_MinPolqaSfbRecording_cut.wav,4.0,0.816496581,0.800166649,4
30470946_MinPolqaSfbRecording_cut.wav,2.5,1.0,0.98,4
30522517_MinPolqaSfbRecording_cut.wav,2.0,0.0,0.0,4
30106958_MinPolqaSfbRecording_cut.wav,3.25,0.5,0.49,4
28753441_MinPolqaSfbRecording_cut.wav,3.75,0.5,0.49,4
30445130_MinPolqaSfbRecording_cut.wav,1.25,0.5,0.49,4
28870021_MinPolqaSfbRecording_cut.wav,4.0,0.0,0.0,4
30105136_MinPolqaSfbRecording_cut.wav,3.25,0.5,0.49,4
30133554_MinPolqaSfbRecording_cut.wav,2.6,0.547722558,0.48009999,5
30443589_MinPolqaSfbRecording_cut.wav,3.6,0.547722558,0.48009999,5
30070678_MinPolqaSfbRecording_cut.wav,1.4,0.547722558,0.48009999,5
30175913_MinPolqaSfbRecording_cut.wav,1.0,0.0,0.0,5
30412092_MinPolqaSfbRecording_cut.wav,2.6,0.547722558,0.48009999,5
30180981_MinPolqaSfbRecording_cut.wav,2.0,0.707106781,0.619806421,5
30145857_MinPolqaSfbRecording_cut.wav,1.8,0.447213595,0.392,5
30451111_MinPolqaSfbRecording_cut.wav,2.4,0.547722558,0.48009999,5
28739335_MinPolqaSfbRecording_cut.wav,4.2,0.447213595,0.392,5
30259251_MinPolqaSfbRecording_cut.wav,2.0,0.0,0.0,5
29537443_MinPolqaSfbRecording_cut.wav,2.75,0.957427108,0.938278566,4
27867993_MinPolqaSfbRecording_cut.wav,3.5,0.577350269,0.565803264,4
30059586_MinPolqaSfbRecording_cut.wav,2.0,0.0,0.0,4
30157011_MinPolqaSfbRecording_cut.wav,3.5,0.577350269,0.565803264,4
28225281_MinPolqaSfbRecording_cut.wav,2.0,0.0,0.0,4
30407141_MinPolqaSfbRecording_cut.wav,2.5,1.290994449,1.26517456,4
30448927_MinPolqaSfbRecording_cut.wav,2.25,0.5,0.49,4
30414303_MinPolqaSfbRecording_cut.wav,1.5,0.577350269,0.565803264,4
28508654_MinPolqaSfbRecording_cut.wav,4.0,0.816496581,0.800166649,4
29001475_MinPolqaSfbRecording_cut.wav,3.0,0.0,0.0,4
28352960_MinPolqaSfbRecording_cut.wav,4.75,0.5,0.49,4
30183488_MinPolqaSfbRecording_cut.wav,3.75,0.5,0.49,4
27924973_MinPolqaSfbRecording_cut.wav,4.25,0.957427108,0.938278566,4
29057787_MinPolqaSfbRecording_cut.wav,4.25,0.957427108,0.938278566,4
30097787_MinPolqaSfbRecording_cut.wav,1.75,0.957427108,0.938278566,4
30119899_MinPolqaSfbRecording_cut.wav,2.75,0.957427108,0.938278566,4
30155257_MinPolqaSfbRecording_cut.wav,5.0,0.0,0.0,4
30449778_MinPolqaSfbRecording_cut.wav,3.75,0.5,0.49,4
30075767_MinPolqaSfbRecording_cut.wav,3.25,0.5,0.49,4
28658831_MinPolqaSfbRecording_cut.wav,4.0,0.0,0.0,3
30078529_MinPolqaSfbRecording_cut.wav,3.333333333,0.577350269,0.653333333,3
30435232_MinPolqaSfbRecording_cut.wav,3.0,1.0,1.131606528,3
30524006_MinPolqaSfbRecording_cut.wav,1.666666667,0.577350269,0.653333333,3
30430389_MinPolqaSfbRecording_cut.wav,1.333333333,0.577350269,0.653333333,3
30430118_MinPolqaSfbRecording_cut.wav,3.666666667,1.154700538,1.306666667,3
30463212_MinPolqaSfbRecording_cut.wav,3.666666667,0.577350269,0.653333333,3
30263221_MinPolqaSfbRecording_cut.wav,4.333333333,0.577350269,0.653333333,3
30183759_MinPolqaSfbRecording_cut.wav,3.0,1.414213562,1.385929291,4
30512314_MinPolqaSfbRecording_cut.wav,2.25,0.957427108,0.938278566,4
30211999_MinPolqaSfbRecording_cut.wav,3.75,1.258305739,1.233139624,4
30472473_MinPolqaSfbRecording_cut.wav,2.5,1.0,0.98,4
30485318_MinPolqaSfbRecording_cut.wav,3.0,1.414213562,1.385929291,4
30407655_MinPolqaSfbRecording_cut.wav,3.5,1.732050808,1.697409791,4
30445036_MinPolqaSfbRecording_cut.wav,1.75,0.957427108,0.938278566,4
29544707_MinPolqaSfbRecording_cut.wav,3.75,0.957427108,0.938278566,4
30519010_MinPolqaSfbRecording_cut.wav,3.4,1.140175425,0.999407825,5
30409420_MinPolqaSfbRecording_cut.wav,2.6,1.140175425,0.999407825,5
29535970_MinPolqaSfbRecording_cut.wav,2.2,0.836660027,0.733364848,5
30084603_MinPolqaSfbRecording_cut.wav,3.4,1.140175425,0.999407825,5
28030143_MinPolqaSfbRecording_cut.wav,4.2,0.836660027,0.733364848,5
30522270_MinPolqaSfbRecording_cut.wav,3.8,0.836660027,0.733364848,5
30526908_MinPolqaSfbRecording_cut.wav,3.2,0.836660027,0.733364848,5
30123219_MinPolqaSfbRecording_cut.wav,3.6,0.894427191,0.784,5
28084121_MinPolqaSfbRecording_cut.wav,4.0,0.707106781,0.619806421,5
28215837_MinPolqaSfbRecording_cut.wav,4.0,1.0,1.131606528,3
30086483_MinPolqaSfbRecording_cut.wav,2.0,1.0,1.131606528,3
30520678_MinPolqaSfbRecording_cut.wav,3.333333333,0.577350269,0.653333333,3
30130003_MinPolqaSfbRecording_cut.wav,2.666666667,0.577350269,0.653333333,3
27883695_MinPolqaSfbRecording_cut.wav,4.666666667,0.577350269,0.653333333,3
30123304_MinPolqaSfbRecording_cut.wav,3.0,0.0,0.0,3
29531849_MinPolqaSfbRecording_cut.wav,3.333333333,0.577350269,0.653333333,3
30180840_MinPolqaSfbRecording_cut.wav,3.0,1.0,1.131606528,3
30155140_MinPolqaSfbRecording_cut.wav,2.0,0.707106781,0.619806421,5
30469523_MinPolqaSfbRecording_cut.wav,3.0,0.707106781,0.619806421,5
30119489_MinPolqaSfbRecording_cut.wav,2.6,0.547722558,0.48009999,5
30522762_MinPolqaSfbRecording_cut.wav,2.0,0.707106781,0.619806421,5
30181749_MinPolqaSfbRecording_cut.wav,2.0,0.707106781,0.619806421,5
28300627_MinPolqaSfbRecording_cut.wav,3.0,0.707106781,0.619806421,5
30416069_MinPolqaSfbRecording_cut.wav,1.4,0.547722558,0.48009999,5
30082055_MinPolqaSfbRecording_cut.wav,1.4,0.547722558,0.48009999,5
30421711_MinPolqaSfbRecording_cut.wav,3.2,0.447213595,0.392,5
30255682_MinPolqaSfbRecording_cut.wav,3.6,0.547722558,0.48009999,5
30467907_MinPolqaSfbRecording_cut.wav,2.4,0.547722558,0.48009999,5
30442539_MinPolqaSfbRecording_cut.wav,3.6,0.547722558,0.48009999,5
27870832_MinPolqaSfbRecording_cut.wav,2.8,1.095445115,0.960199979,5
28307872_MinPolqaSfbRecording_cut.wav,4.4,0.894427191,0.784,5
30468735_MinPolqaSfbRecording_cut.wav,2.0,1.0,0.876538647,5
30522135_MinPolqaSfbRecording_cut.wav,4.5,0.577350269,0.565803264,4
30531162_MinPolqaSfbRecording_cut.wav,1.0,0.0,0.0,4
30097926_MinPolqaSfbRecording_cut.wav,2.25,0.5,0.49,4
30169812_MinPolqaSfbRecording_cut.wav,3.25,0.5,0.49,4
27917473_MinPolqaSfbRecording_cut.wav,4.25,0.5,0.49,4
30084452_MinPolqaSfbRecording_cut.wav,2.25,1.258305739,1.233139624,4
30464744_MinPolqaSfbRecording_cut.wav,3.75,0.957427108,0.938278566,4
30190212_MinPolqaSfbRecording_cut.wav,2.25,0.5,0.49,4
30162485_MinPolqaSfbRecording_cut.wav,3.5,0.577350269,0.565803264,4
30071022_MinPolqaSfbRecording_cut.wav,3.0,0.816496581,0.800166649,4
30514362_MinPolqaSfbRecording_cut.wav,3.2,0.836660027,0.733364848,5
30062053_MinPolqaSfbRecording_cut.wav,2.8,0.447213595,0.392,5
30523055_MinPolqaSfbRecording_cut.wav,2.0,0.0,0.0,5
30523172_MinPolqaSfbRecording_cut.wav,3.0,0.707106781,0.619806421,5
27730367_MinPolqaSfbRecording_cut.wav,3.6,0.547722558,0.48009999,5
30200368_MinPolqaSfbRecording_cut.wav,2.6,0.547722558,0.48009999,5
30422526_MinPolqaSfbRecording_cut.wav,3.25,0.5,0.49,4
30253431_MinPolqaSfbRecording_cut.wav,3.5,0.577350269,0.565803264,4
28859779_MinPolqaSfbRecording_cut.wav,3.75,0.5,0.49,4
28539474_MinPolqaSfbRecording_cut.wav,3.75,1.258305739,1.233139624,4
30433617_MinPolqaSfbRecording_cut.wav,2.75,0.957427108,0.938278566,4
30468537_MinPolqaSfbRecording_cut.wav,2.75,1.258305739,1.233139624,4
30112523_MinPolqaSfbRecording_cut.wav,2.5,1.290994449,1.26517456,4
28484643_MinPolqaSfbRecording_cut.wav,4.25,0.957427108,0.938278566,4
30209439_MinPolqaSfbRecording_cut.wav,3.2,0.447213595,0.392,5
30523155_MinPolqaSfbRecording_cut.wav,3.4,0.894427191,0.784,5
30090536_MinPolqaSfbRecording_cut.wav,1.8,0.836660027,0.733364848,5
30513305_MinPolqaSfbRecording_cut.wav,1.6,0.547722558,0.48009999,5
27900461_MinPolqaSfbRecording_cut.wav,3.8,0.836660027,0.733364848,5
30478153_MinPolqaSfbRecording_cut.wav,3.2,0.836660027,0.733364848,5
30522874_MinPolqaSfbRecording_cut.wav,3.4,0.547722558,0.48009999,5
30172050_MinPolqaSfbRecording_cut.wav,3.8,0.447213595,0.392,5
27840812_MinPolqaSfbRecording_cut.wav,4.0,1.0,0.876538647,5
30449586_MinPolqaSfbRecording_cut.wav,4.0,0.707106781,0.619806421,5
30475564_MinPolqaSfbRecording_cut.wav,3.0,1.0,1.131606528,3
30197189_MinPolqaSfbRecording_cut.wav,3.666666667,1.154700538,1.306666667,3
30193943_MinPolqaSfbRecording_cut.wav,4.0,0.0,0.0,3
30155294_MinPolqaSfbRecording_cut.wav,3.0,1.0,1.131606528,3
27860824_MinPolqaSfbRecording_cut.wav,4.333333333,0.577350269,0.653333333,3
30465952_MinPolqaSfbRecording_cut.wav,2.333333333,0.577350269,0.653333333,3
30063793_MinPolqaSfbRecording_cut.wav,4.0,1.0,1.131606528,3
30169696_MinPolqaSfbRecording_cut.wav,4.0,1.0,1.131606528,3
30402072_MinPolqaSfbRecording_cut.wav,3.0,0.0,0.0,4
30166022_MinPolqaSfbRecording_cut.wav,2.75,0.5,0.49,4
30468576_MinPolqaSfbRecording_cut.wav,2.5,1.290994449,1.26517456,4
30183153_MinPolqaSfbRecording_cut.wav,3.75,0.957427108,0.938278566,4
30471682_MinPolqaSfbRecording_cut.wav,4.0,0.0,0.0,4
30205009_MinPolqaSfbRecording_cut.wav,4.25,0.5,0.49,4
30251167_MinPolqaSfbRecording_cut.wav,4.0,0.0,0.0,4
30207186_MinPolqaSfbRecording_cut.wav,3.5,1.0,0.98,4
30485133_MinPolqaSfbRecording_cut.wav,2.6,1.140175425,0.999407825,5
30090445_MinPolqaSfbRecording_cut.wav,2.0,1.0,0.876538647,5
28203352_MinPolqaSfbRecording_cut.wav,4.2,0.836660027,0.733364848,5
30460886_MinPolqaSfbRecording_cut.wav,3.8,1.303840481,1.142866571,5
30427089_MinPolqaSfbRecording_cut.wav,4.0,0.707106781,0.619806421,5
30423301_MinPolqaSfbRecording_cut.wav,3.0,0.707106781,0.619806421,5
30150835_MinPolqaSfbRecording_cut.wav,2.0,1.0,0.876538647,5
30255556_MinPolqaSfbRecording_cut.wav,2.0,0.707106781,0.619806421,5
30480558_MinPolqaSfbRecording_cut.wav,3.2,0.836660027,0.733364848,5
27767462_MinPolqaSfbRecording_cut.wav,3.0,0.707106781,0.619806421,5
30093725_MinPolqaSfbRecording_cut.wav,2.4,0.547722558,0.48009999,5
30100666_MinPolqaSfbRecording_cut.wav,1.4,0.547722558,0.48009999,5
28845085_MinPolqaSfbRecording_cut.wav,4.0,0.0,0.0,2
27818050_MinPolqaSfbRecording_cut.wav,4.5,0.707106781,0.98,2
30516255_MinPolqaSfbRecording_cut.wav,3.5,0.707106781,0.98,2
30166930_MinPolqaSfbRecording_cut.wav,2.0,0.0,0.0,2
30174079_MinPolqaSfbRecording_cut.wav,3.5,0.707106781,0.98,2
30189073_MinPolqaSfbRecording_cut.wav,2.0,1.414213562,1.96,2
30406136_MinPolqaSfbRecording_cut.wav,3.6,0.547722558,0.48009999,5
30108421_MinPolqaSfbRecording_cut.wav,2.0,1.0,0.876538647,5
30067288_MinPolqaSfbRecording_cut.wav,3.6,1.140175425,0.999407825,5
30462492_MinPolqaSfbRecording_cut.wav,2.0,1.0,0.876538647,5
28848063_MinPolqaSfbRecording_cut.wav,3.0,0.707106781,0.619806421,5
30212871_MinPolqaSfbRecording_cut.wav,3.0,1.0,0.876538647,5
28148030_MinPolqaSfbRecording_cut.wav,3.4,0.894427191,0.784,5
30252366_MinPolqaSfbRecording_cut.wav,3.0,1.224744871,1.073536213,5
30435162_MinPolqaSfbRecording_cut.wav,2.75,0.957427108,0.938278566,4
30076621_MinPolqaSfbRecording_cut.wav,3.25,1.258305739,1.233139624,4
30105929_MinPolqaSfbRecording_cut.wav,3.5,1.290994449,1.26517456,4
30157017_MinPolqaSfbRecording_cut.wav,3.75,0.957427108,0.938278566,4
30410208_MinPolqaSfbRecording_cut.wav,4.0,0.816496581,0.800166649,4
30081250_MinPolqaSfbRecording_cut.wav,3.75,1.258305739,1.233139624,4
27635565_MinPolqaSfbRecording_cut.wav,3.75,0.957427108,0.938278566,4
30465912_MinPolqaSfbRecording_cut.wav,3.75,0.957427108,0.938278566,4
30059151_MinPolqaSfbRecording_cut.wav,2.0,0.707106781,0.619806421,5
30261169_MinPolqaSfbRecording_cut.wav,1.8,0.836660027,0.733364848,5
30440206_MinPolqaSfbRecording_cut.wav,1.8,0.447213595,0.392,5
30089191_MinPolqaSfbRecording_cut.wav,1.4,0.894427191,0.784,5
30425500_MinPolqaSfbRecording_cut.wav,1.6,0.894427191,0.784,5
28987576_MinPolqaSfbRecording_cut.wav,4.0,1.0,0.876538647,5
30183684_MinPolqaSfbRecording_cut.wav,2.6,0.894427191,0.784,5
27719940_MinPolqaSfbRecording_cut.wav,4.5,0.577350269,0.565803264,4
28881897_MinPolqaSfbRecording_cut.wav,3.0,0.816496581,0.800166649,4
30256812_MinPolqaSfbRecording_cut.wav,3.0,1.154700538,1.131606528,4
30103263_MinPolqaSfbRecording_cut.wav,2.5,1.0,0.98,4
30465189_MinPolqaSfbRecording_cut.wav,2.75,0.5,0.49,4
30403152_MinPolqaSfbRecording_cut.wav,1.25,0.5,0.49,4
27625307_MinPolqaSfbRecording_cut.wav,2.75,0.5,0.49,4
28349760_MinPolqaSfbRecording_cut.wav,4.25,0.957427108,0.938278566,4
30150801_MinPolqaSfbRecording_cut.wav,2.25,0.5,0.49,4
29543029_MinPolqaSfbRecording_cut.wav,2.5,1.290994449,1.26517456,4
30082595_MinPolqaSfbRecording_cut.wav,3.25,1.258305739,1.233139624,4
30123500_MinPolqaSfbRecording_cut.wav,3.25,0.957427108,0.938278566,4
30494110_MinPolqaSfbRecording_cut.wav,4.0,0.816496581,0.800166649,4
28176519_MinPolqaSfbRecording_cut.wav,4.75,0.5,0.49,4
30522642_MinPolqaSfbRecording_cut.wav,3.0,1.632993162,1.600333299,4
29538760_MinPolqaSfbRecording_cut.wav,3.25,1.258305739,1.233139624,4
28700173_MinPolqaSfbRecording_cut.wav,3.5,1.0,0.98,4
30510925_MinPolqaSfbRecording_cut.wav,3.75,0.957427108,0.938278566,4
30192762_MinPolqaSfbRecording_cut.wav,2.75,0.5,0.49,4
30155768_MinPolqaSfbRecording_cut.wav,3.5,0.577350269,0.565803264,4
29061901_MinPolqaSfbRecording_cut.wav,4.0,0.816496581,0.800166649,4
28150782_MinPolqaSfbRecording_cut.wav,3.0,0.816496581,0.800166649,4
30408239_MinPolqaSfbRecording_cut.wav,2.25,0.957427108,0.938278566,4
29539031_MinPolqaSfbRecording_cut.wav,3.0,0.0,0.0,4
29001927_MinPolqaSfbRecording_cut.wav,3.0,0.816496581,0.800166649,4
30154015_MinPolqaSfbRecording_cut.wav,2.25,0.957427108,0.938278566,4
30501771_MinPolqaSfbRecording_cut.wav,3.75,0.957427108,0.938278566,4
30407186_MinPolqaSfbRecording_cut.wav,3.25,1.5,1.47,4
28880470_MinPolqaSfbRecording_cut.wav,4.0,0.816496581,0.800166649,4
30071555_MinPolqaSfbRecording_cut.wav,3.25,0.957427108,0.938278566,4
30080338_MinPolqaSfbRecording_cut.wav,3.25,0.5,0.49,4
30138030_MinPolqaSfbRecording_cut.wav,3.0,1.154700538,1.131606528,4
30212784_MinPolqaSfbRecording_cut.wav,1.5,1.0,0.98,4
30101958_MinPolqaSfbRecording_cut.wav,2.0,0.816496581,0.800166649,4
28079134_MinPolqaSfbRecording_cut.wav,3.666666667,0.577350269,0.653333333,3
28171780_MinPolqaSfbRecording_cut.wav,4.0,1.0,1.131606528,3
30155602_MinPolqaSfbRecording_cut.wav,2.333333333,0.577350269,0.653333333,3
28190181_MinPolqaSfbRecording_cut.wav,4.333333333,0.577350269,0.653333333,3
30105908_MinPolqaSfbRecording_cut.wav,3.0,1.0,1.131606528,3
30468751_MinPolqaSfbRecording_cut.wav,1.333333333,0.577350269,0.653333333,3
30164249_MinPolqaSfbRecording_cut.wav,2.666666667,1.154700538,1.306666667,3
30208767_MinPolqaSfbRecording_cut.wav,2.0,1.732050808,1.96,3
30199117_MinPolqaSfbRecording_cut.wav,3.4,1.140175425,0.999407825,5
28795329_MinPolqaSfbRecording_cut.wav,3.4,1.140175425,0.999407825,5
30214461_MinPolqaSfbRecording_cut.wav,3.2,0.836660027,0.733364848,5
30141172_MinPolqaSfbRecording_cut.wav,2.8,1.483239697,1.300116918,5
30083893_MinPolqaSfbRecording_cut.wav,2.4,1.140175425,0.999407825,5
28005571_MinPolqaSfbRecording_cut.wav,4.0,0.707106781,0.619806421,5
30183040_MinPolqaSfbRecording_cut.wav,3.8,0.836660027,0.733364848,5
30099801_MinPolqaSfbRecording_cut.wav,1.6,0.894427191,0.784,5
30213535_MinPolqaSfbRecording_cut.wav,2.2,1.095445115,0.960199979,5
30068118_MinPolqaSfbRecording_cut.wav,2.2,0.447213595,0.392,5
29531942_MinPolqaSfbRecording_cut.wav,2.8,0.836660027,0.733364848,5
30457322_MinPolqaSfbRecording_cut.wav,2.0,1.224744871,1.073536213,5
29544556_MinPolqaSfbRecording_cut.wav,2.2,1.095445115,0.960199979,5
30475652_MinPolqaSfbRecording_cut.wav,3.2,0.447213595,0.392,5
30411303_MinPolqaSfbRecording_cut.wav,2.6,0.894427191,0.784,5
28010616_MinPolqaSfbRecording_cut.wav,3.2,0.836660027,0.733364848,5
27602371_MinPolqaSfbRecording_cut.wav,3.0,1.732050808,1.96,3
28110660_MinPolqaSfbRecording_cut.wav,5.0,0.0,0.0,3
30077987_MinPolqaSfbRecording_cut.wav,2.333333333,1.527525232,1.728557523,3
30497511_MinPolqaSfbRecording_cut.wav,2.666666667,0.577350269,0.653333333,3
30065338_MinPolqaSfbRecording_cut.wav,3.333333333,1.154700538,1.306666667,3
28592039_MinPolqaSfbRecording_cut.wav,3.666666667,1.527525232,1.728557523,3
30096585_MinPolqaSfbRecording_cut.wav,2.6,0.894427191,0.784,5
30107012_MinPolqaSfbRecording_cut.wav,2.2,0.836660027,0.733364848,5
30443008_MinPolqaSfbRecording_cut.wav,3.0,1.224744871,1.073536213,5
30414045_MinPolqaSfbRecording_cut.wav,3.0,1.224744871,1.073536213,5
30154854_MinPolqaSfbRecording_cut.wav,3.4,0.894427191,0.784,5
30182565_MinPolqaSfbRecording_cut.wav,4.0,0.707106781,0.619806421,5
30119004_MinPolqaSfbRecording_cut.wav,4.2,0.447213595,0.392,5
30415173_MinPolqaSfbRecording_cut.wav,3.2,1.303840481,1.142866571,5
30133245_MinPolqaSfbRecording_cut.wav,2.6,0.547722558,0.48009999,5
27768214_MinPolqaSfbRecording_cut.wav,3.4,0.547722558,0.48009999,5
28345606_MinPolqaSfbRecording_cut.wav,3.0,0.707106781,0.619806421,5
30110598_MinPolqaSfbRecording_cut.wav,2.6,1.140175425,0.999407825,5
28960096_MinPolqaSfbRecording_cut.wav,3.2,0.447213595,0.392,5
30516199_MinPolqaSfbRecording_cut.wav,1.8,0.447213595,0.392,5
27863586_MinPolqaSfbRecording_cut.wav,3.4,0.547722558,0.48009999,5
30083519_MinPolqaSfbRecording_cut.wav,2.666666667,1.154700538,1.306666667,3
30513182_MinPolqaSfbRecording_cut.wav,2.0,1.0,1.131606528,3
30509917_MinPolqaSfbRecording_cut.wav,3.666666667,0.577350269,0.653333333,3
28627286_MinPolqaSfbRecording_cut.wav,4.333333333,0.577350269,0.653333333,3
30138883_MinPolqaSfbRecording_cut.wav,3.333333333,0.577350269,0.653333333,3
30091838_MinPolqaSfbRecording_cut.wav,3.666666667,1.527525232,1.728557523,3
29045609_MinPolqaSfbRecording_cut.wav,3.666666667,0.577350269,0.653333333,3
30124767_MinPolqaSfbRecording_cut.wav,3.333333333,0.577350269,0.653333333,3
28463337_MinPolqaSfbRecording_cut.wav,4.333333333,0.577350269,0.653333333,3
30514106_MinPolqaSfbRecording_cut.wav,5.0,,,1
27588610_MinPolqaSfbRecording_cut.wav,5.0,,,1
27651945_MinPolqaSfbRecording_cut.wav,4.0,,,1
30154211_MinPolqaSfbRecording_cut.wav,2.0,,,1
28171414_MinPolqaSfbRecording_cut.wav,5.0,,,1
30446667_MinPolqaSfbRecording_cut.wav,3.0,,,1
30091449_MinPolqaSfbRecording_cut.wav,4.0,,,1
30137786_MinPolqaSfbRecording_cut.wav,1.0,,,1
27698281_MinPolqaSfbRecording_cut.wav,5.0,,,1
30259413_MinPolqaSfbRecording_cut.wav,4.0,,,1
29541783_MinPolqaSfbRecording_cut.wav,2.5,0.577350269,0.565803264,4
30264355_MinPolqaSfbRecording_cut.wav,2.0,0.816496581,0.800166649,4
29542446_MinPolqaSfbRecording_cut.wav,4.0,0.0,0.0,4
30092952_MinPolqaSfbRecording_cut.wav,1.0,0.0,0.0,4
28104774_MinPolqaSfbRecording_cut.wav,3.75,0.5,0.49,4
30485256_MinPolqaSfbRecording_cut.wav,2.0,0.0,0.0,4
30061652_MinPolqaSfbRecording_cut.wav,4.25,0.5,0.49,4
28894935_MinPolqaSfbRecording_cut.wav,3.5,0.577350269,0.565803264,4
30113653_MinPolqaSfbRecording_cut.wav,2.75,0.957427108,0.938278566,4
28932155_MinPolqaSfbRecording_cut.wav,4.0,1.0,1.131606528,3
30065300_MinPolqaSfbRecording_cut.wav,3.333333333,1.154700538,1.306666667,3
30071284_MinPolqaSfbRecording_cut.wav,4.333333333,0.577350269,0.653333333,3
27631261_MinPolqaSfbRecording_cut.wav,4.0,1.732050808,1.96,3
30433266_MinPolqaSfbRecording_cut.wav,2.333333333,0.577350269,0.653333333,3
30110294_MinPolqaSfbRecording_cut.wav,3.666666667,0.577350269,0.653333333,3
30119325_MinPolqaSfbRecording_cut.wav,2.666666667,0.577350269,0.653333333,3
27617148_MinPolqaSfbRecording_cut.wav,3.666666667,1.527525232,1.728557523,3
30067771_MinPolqaSfbRecording_cut.wav,3.666666667,0.577350269,0.653333333,3
30140686_MinPolqaSfbRecording_cut.wav,2.666666667,1.154700538,1.306666667,3
30141209_MinPolqaSfbRecording_cut.wav,3.0,1.0,1.131606528,3
30261012_MinPolqaSfbRecording_cut.wav,2.0,1.732050808,1.96,3
28880378_MinPolqaSfbRecording_cut.wav,4.333333333,0.577350269,0.653333333,3
30193926_MinPolqaSfbRecording_cut.wav,2.0,1.0,1.131606528,3
30180023_MinPolqaSfbRecording_cut.wav,3.666666667,1.527525232,1.728557523,3
29538020_MinPolqaSfbRecording_cut.wav,3.333333333,0.577350269,0.653333333,3
28777613_MinPolqaSfbRecording_cut.wav,4.0,1.0,1.131606528,3
28677534_MinPolqaSfbRecording_cut.wav,4.0,0.0,0.0,3
30100651_MinPolqaSfbRecording_cut.wav,3.0,0.707106781,0.619806421,5
30404518_MinPolqaSfbRecording_cut.wav,2.8,0.447213595,0.392,5
30446915_MinPolqaSfbRecording_cut.wav,3.0,1.0,0.876538647,5
30426314_MinPolqaSfbRecording_cut.wav,2.6,0.547722558,0.48009999,5
30436420_MinPolqaSfbRecording_cut.wav,2.6,0.547722558,0.48009999,5
30442220_MinPolqaSfbRecording_cut.wav,3.0,1.0,0.876538647,5
27873265_MinPolqaSfbRecording_cut.wav,4.2,0.836660027,0.733364848,5
28190675_MinPolqaSfbRecording_cut.wav,4.0,0.0,0.0,3
30195647_MinPolqaSfbRecording_cut.wav,3.666666667,0.577350269,0.653333333,3
30455026_MinPolqaSfbRecording_cut.wav,2.0,1.0,1.131606528,3
30181509_MinPolqaSfbRecording_cut.wav,3.666666667,0.577350269,0.653333333,3
30083529_MinPolqaSfbRecording_cut.wav,3.0,1.0,1.131606528,3
30075731_MinPolqaSfbRecording_cut.wav,3.0,1.0,1.131606528,3
30148044_MinPolqaSfbRecording_cut.wav,3.333333333,0.577350269,0.653333333,3
30406775_MinPolqaSfbRecording_cut.wav,3.666666667,1.154700538,1.306666667,3
30483736_MinPolqaSfbRecording_cut.wav,3.0,1.0,1.131606528,3
30477846_MinPolqaSfbRecording_cut.wav,2.0,0.816496581,0.800166649,4
28764020_MinPolqaSfbRecording_cut.wav,4.0,0.816496581,0.800166649,4
30157085_MinPolqaSfbRecording_cut.wav,3.25,0.5,0.49,4
30175275_MinPolqaSfbRecording_cut.wav,1.5,0.577350269,0.565803264,4
30506862_MinPolqaSfbRecording_cut.wav,2.75,0.5,0.49,4
30156237_MinPolqaSfbRecording_cut.wav,1.25,0.5,0.49,4
30184754_MinPolqaSfbRecording_cut.wav,1.5,0.577350269,0.565803264,4
30472254_MinPolqaSfbRecording_cut.wav,4.4,0.894427191,0.784,5
27879144_MinPolqaSfbRecording_cut.wav,4.2,0.836660027,0.733364848,5
30160845_MinPolqaSfbRecording_cut.wav,1.8,0.836660027,0.733364848,5
30067761_MinPolqaSfbRecording_cut.wav,3.0,1.0,0.876538647,5
28653480_MinPolqaSfbRecording_cut.wav,4.2,0.836660027,0.733364848,5
30204830_MinPolqaSfbRecording_cut.wav,3.4,0.547722558,0.48009999,5
29531614_MinPolqaSfbRecording_cut.wav,4.0,1.0,0.876538647,5
28193464_MinPolqaSfbRecording_cut.wav,4.6,0.894427191,0.784,5
29536540_MinPolqaSfbRecording_cut.wav,3.8,0.447213595,0.392,5
30455589_MinPolqaSfbRecording_cut.wav,2.6,0.547722558,0.48009999,5
28823424_MinPolqaSfbRecording_cut.wav,4.4,0.547722558,0.48009999,5
30174134_MinPolqaSfbRecording_cut.wav,3.0,0.707106781,0.619806421,5
27737234_MinPolqaSfbRecording_cut.wav,4.0,0.707106781,0.619806421,5
30436075_MinPolqaSfbRecording_cut.wav,3.0,0.707106781,0.619806421,5
30162264_MinPolqaSfbRecording_cut.wav,3.6,0.547722558,0.48009999,5
30061883_MinPolqaSfbRecording_cut.wav,3.2,1.095445115,0.960199979,5
28714181_MinPolqaSfbRecording_cut.wav,3.0,0.707106781,0.619806421,5
30177778_MinPolqaSfbRecording_cut.wav,3.0,0.0,0.0,5
30182407_MinPolqaSfbRecording_cut.wav,3.0,0.707106781,0.619806421,5
30520368_MinPolqaSfbRecording_cut.wav,3.4,0.547722558,0.48009999,5
30445030_MinPolqaSfbRecording_cut.wav,1.4,0.894427191,0.784,5
30425135_MinPolqaSfbRecording_cut.wav,2.0,1.0,0.876538647,5
30069136_MinPolqaSfbRecording_cut.wav,2.2,0.836660027,0.733364848,5
30185088_MinPolqaSfbRecording_cut.wav,2.6,0.547722558,0.48009999,5
30083387_MinPolqaSfbRecording_cut.wav,2.8,0.836660027,0.733364848,5
30520010_MinPolqaSfbRecording_cut.wav,3.2,0.447213595,0.392,5
30420692_MinPolqaSfbRecording_cut.wav,4.4,0.547722558,0.48009999,5
30142516_MinPolqaSfbRecording_cut.wav,3.4,0.547722558,0.48009999,5
30095587_MinPolqaSfbRecording_cut.wav,3.8,0.447213595,0.392,5
29533240_MinPolqaSfbRecording_cut.wav,4.4,0.547722558,0.48009999,5
30148813_MinPolqaSfbRecording_cut.wav,4.0,0.0,0.0,5
30148282_MinPolqaSfbRecording_cut.wav,4.4,0.894427191,0.784,5
30255792_MinPolqaSfbRecording_cut.wav,3.5,1.290994449,1.26517456,4
30151096_MinPolqaSfbRecording_cut.wav,3.75,0.957427108,0.938278566,4
30082145_MinPolqaSfbRecording_cut.wav,3.0,1.632993162,1.600333299,4
30262336_MinPolqaSfbRecording_cut.wav,4.5,0.577350269,0.565803264,4
30166387_MinPolqaSfbRecording_cut.wav,2.75,1.258305739,1.233139624,4
30172674_MinPolqaSfbRecording_cut.wav,2.5,1.290994449,1.26517456,4
27736149_MinPolqaSfbRecording_cut.wav,4.0,0.816496581,0.800166649,4
28539025_MinPolqaSfbRecording_cut.wav,3.25,0.957427108,0.938278566,4
30200824_MinPolqaSfbRecording_cut.wav,2.75,1.258305739,1.233139624,4
30177494_MinPolqaSfbRecording_cut.wav,1.25,0.5,0.49,4
30442173_MinPolqaSfbRecording_cut.wav,3.5,1.0,0.98,4
30202711_MinPolqaSfbRecording_cut.wav,2.25,0.5,0.49,4
30478746_MinPolqaSfbRecording_cut.wav,1.75,0.5,0.49,4
30513719_MinPolqaSfbRecording_cut.wav,1.0,0.0,0.0,4
28918697_MinPolqaSfbRecording_cut.wav,4.75,0.5,0.49,4
30178967_MinPolqaSfbRecording_cut.wav,3.25,0.957427108,0.938278566,4
30066744_MinPolqaSfbRecording_cut.wav,2.0,0.0,0.0,4
30164289_MinPolqaSfbRecording_cut.wav,2.25,0.5,0.49,4
30177932_MinPolqaSfbRecording_cut.wav,2.8,1.303840481,1.142866571,5
30176167_MinPolqaSfbRecording_cut.wav,3.8,0.447213595,0.392,5
30480182_MinPolqaSfbRecording_cut.wav,2.0,1.224744871,1.073536213,5
30214166_MinPolqaSfbRecording_cut.wav,2.8,1.483239697,1.300116918,5
28116841_MinPolqaSfbRecording_cut.wav,4.0,1.224744871,1.073536213,5
30415408_MinPolqaSfbRecording_cut.wav,2.8,1.643167673,1.440299969,5
30096080_MinPolqaSfbRecording_cut.wav,2.666666667,1.154700538,1.306666667,3
30118764_MinPolqaSfbRecording_cut.wav,2.333333333,1.527525232,1.728557523,3
30445394_MinPolqaSfbRecording_cut.wav,2.0,1.0,1.131606528,3
28826860_MinPolqaSfbRecording_cut.wav,4.0,0.0,0.0,3
30181788_MinPolqaSfbRecording_cut.wav,2.333333333,1.527525232,1.728557523,3
30065061_MinPolqaSfbRecording_cut.wav,2.666666667,1.527525232,1.728557523,3
30083041_MinPolqaSfbRecording_cut.wav,3.0,1.0,1.131606528,3
30112768_MinPolqaSfbRecording_cut.wav,2.0,1.732050808,1.96,3
30413598_MinPolqaSfbRecording_cut.wav,1.666666667,0.577350269,0.653333333,3
30255140_MinPolqaSfbRecording_cut.wav,3.333333333,0.577350269,0.653333333,3
30475565_MinPolqaSfbRecording_cut.wav,3.25,0.5,0.49,4
30067594_MinPolqaSfbRecording_cut.wav,1.5,0.577350269,0.565803264,4
30147984_MinPolqaSfbRecording_cut.wav,2.75,0.957427108,0.938278566,4
28830811_MinPolqaSfbRecording_cut.wav,4.5,1.0,0.98,4
28003068_MinPolqaSfbRecording_cut.wav,4.25,0.5,0.49,4
30483560_MinPolqaSfbRecording_cut.wav,3.5,0.577350269,0.565803264,4
30454165_MinPolqaSfbRecording_cut.wav,2.25,0.5,0.49,4
30407563_MinPolqaSfbRecording_cut.wav,3.0,1.0,1.131606528,3
30119307_MinPolqaSfbRecording_cut.wav,3.666666667,0.577350269,0.653333333,3
27902051_MinPolqaSfbRecording_cut.wav,3.0,1.0,1.131606528,3
30184805_MinPolqaSfbRecording_cut.wav,3.666666667,0.577350269,0.653333333,3
30486859_MinPolqaSfbRecording_cut.wav,2.0,1.0,1.131606528,3
30515605_MinPolqaSfbRecording_cut.wav,2.666666667,1.154700538,1.306666667,3
30174030_MinPolqaSfbRecording_cut.wav,2.0,1.0,1.131606528,3
30070839_MinPolqaSfbRecording_cut.wav,3.0,1.0,1.131606528,3
30482580_MinPolqaSfbRecording_cut.wav,3.333333333,0.577350269,0.653333333,3
30462016_MinPolqaSfbRecording_cut.wav,2.0,1.0,1.131606528,3
30410780_MinPolqaSfbRecording_cut.wav,3.333333333,0.577350269,0.653333333,3
27917576_MinPolqaSfbRecording_cut.wav,3.666666667,0.577350269,0.653333333,3
30145110_MinPolqaSfbRecording_cut.wav,4.0,0.0,0.0,3
28771250_MinPolqaSfbRecording_cut.wav,4.666666667,0.577350269,0.653333333,3
30204326_MinPolqaSfbRecording_cut.wav,1.0,0.0,0.0,3
28326284_MinPolqaSfbRecording_cut.wav,4.666666667,0.577350269,0.653333333,3
28132502_MinPolqaSfbRecording_cut.wav,3.75,0.957427108,0.938278566,4
30250468_MinPolqaSfbRecording_cut.wav,2.75,0.957427108,0.938278566,4
29542642_MinPolqaSfbRecording_cut.wav,4.25,0.5,0.49,4
30165543_MinPolqaSfbRecording_cut.wav,3.5,0.577350269,0.565803264,4
30427666_MinPolqaSfbRecording_cut.wav,3.5,0.577350269,0.565803264,4
28209722_MinPolqaSfbRecording_cut.wav,4.0,1.154700538,1.131606528,4
27717311_MinPolqaSfbRecording_cut.wav,3.75,0.957427108,0.938278566,4
30076234_MinPolqaSfbRecording_cut.wav,4.0,0.816496581,0.800166649,4
28706220_MinPolqaSfbRecording_cut.wav,3.75,0.5,0.49,4
30445589_MinPolqaSfbRecording_cut.wav,1.25,0.5,0.49,4
30411267_MinPolqaSfbRecording_cut.wav,2.2,1.095445115,0.960199979,5
28162705_MinPolqaSfbRecording_cut.wav,5.0,0.0,0.0,5
30133767_MinPolqaSfbRecording_cut.wav,1.8,1.303840481,1.142866571,5
30138817_MinPolqaSfbRecording_cut.wav,3.2,0.836660027,0.733364848,5
30128751_MinPolqaSfbRecording_cut.wav,3.8,1.303840481,1.142866571,5
28059243_MinPolqaSfbRecording_cut.wav,4.4,0.547722558,0.48009999,5
30513486_MinPolqaSfbRecording_cut.wav,1.6,1.341640786,1.176,5
30487354_MinPolqaSfbRecording_cut.wav,2.0,0.816496581,0.800166649,4
29014622_MinPolqaSfbRecording_cut.wav,4.0,0.816496581,0.800166649,4
29531141_MinPolqaSfbRecording_cut.wav,3.0,0.816496581,0.800166649,4
30205822_MinPolqaSfbRecording_cut.wav,3.5,0.577350269,0.565803264,4
29540219_MinPolqaSfbRecording_cut.wav,2.75,0.957427108,0.938278566,4
30097517_MinPolqaSfbRecording_cut.wav,1.5,1.0,0.98,4
30522183_MinPolqaSfbRecording_cut.wav,3.5,1.0,0.98,4
30123308_MinPolqaSfbRecording_cut.wav,3.5,0.577350269,0.565803264,4
30091966_MinPolqaSfbRecording_cut.wav,3.0,0.816496581,0.800166649,4
30205021_MinPolqaSfbRecording_cut.wav,3.333333333,0.577350269,0.653333333,3
28430078_MinPolqaSfbRecording_cut.wav,4.666666667,0.577350269,0.653333333,3
30424607_MinPolqaSfbRecording_cut.wav,4.666666667,0.577350269,0.653333333,3
30429511_MinPolqaSfbRecording_cut.wav,3.0,1.0,1.131606528,3
28480298_MinPolqaSfbRecording_cut.wav,4.333333333,0.577350269,0.653333333,3
30126815_MinPolqaSfbRecording_cut.wav,2.0,1.0,1.131606528,3
30444671_MinPolqaSfbRecording_cut.wav,1.333333333,0.577350269,0.653333333,3
30128644_MinPolqaSfbRecording_cut.wav,3.25,1.5,1.47,4
30090017_MinPolqaSfbRecording_cut.wav,3.25,1.258305739,1.233139624,4
30491217_MinPolqaSfbRecording_cut.wav,2.75,0.957427108,0.938278566,4
27593775_MinPolqaSfbRecording_cut.wav,4.25,0.5,0.49,4
30439933_MinPolqaSfbRecording_cut.wav,2.75,0.957427108,0.938278566,4
30465743_MinPolqaSfbRecording_cut.wav,3.0,1.414213562,1.385929291,4
30138847_MinPolqaSfbRecording_cut.wav,3.0,0.816496581,0.800166649,4
30248702_MinPolqaSfbRecording_cut.wav,4.0,0.816496581,0.800166649,4
30249650_MinPolqaSfbRecording_cut.wav,2.25,0.5,0.49,4
30479578_MinPolqaSfbRecording_cut.wav,2.5,0.577350269,0.565803264,4
30189570_MinPolqaSfbRecording_cut.wav,1.75,0.5,0.49,4
30150291_MinPolqaSfbRecording_cut.wav,1.25,0.5,0.49,4
30497004_MinPolqaSfbRecording_cut.wav,2.5,1.290994449,1.26517456,4
30132663_MinPolqaSfbRecording_cut.wav,4.75,0.5,0.49,4
28352193_MinPolqaSfbRecording_cut.wav,4.5,0.577350269,0.565803264,4
30452221_MinPolqaSfbRecording_cut.wav,2.0,0.0,0.0,2
28499400_MinPolqaSfbRecording_cut.wav,4.0,0.0,0.0,2
28545015_MinPolqaSfbRecording_cut.wav,4.0,0.0,0.0,2
30180802_MinPolqaSfbRecording_cut.wav,4.0,0.0,0.0,2
30522584_MinPolqaSfbRecording_cut.wav,2.0,0.0,0.0,2
30150528_MinPolqaSfbRecording_cut.wav,2.5,0.707106781,0.98,2
30085307_MinPolqaSfbRecording_cut.wav,3.5,0.707106781,0.98,2
30173642_MinPolqaSfbRecording_cut.wav,3.5,0.577350269,0.565803264,4
30474634_MinPolqaSfbRecording_cut.wav,1.5,0.577350269,0.565803264,4
30171965_MinPolqaSfbRecording_cut.wav,3.0,1.154700538,1.131606528,4
30492105_MinPolqaSfbRecording_cut.wav,3.75,0.5,0.49,4
30095502_MinPolqaSfbRecording_cut.wav,4.0,0.816496581,0.800166649,4
30092754_MinPolqaSfbRecording_cut.wav,1.25,0.5,0.49,4
30100872_MinPolqaSfbRecording_cut.wav,2.5,0.577350269,0.565803264,4
28582941_MinPolqaSfbRecording_cut.wav,3.25,0.5,0.49,4
30249180_MinPolqaSfbRecording_cut.wav,3.0,0.816496581,0.800166649,4
28089832_MinPolqaSfbRecording_cut.wav,3.75,0.5,0.49,4
28458976_MinPolqaSfbRecording_cut.wav,3.5,1.290994449,1.26517456,4
30404356_MinPolqaSfbRecording_cut.wav,4.25,0.5,0.49,4
30213987_MinPolqaSfbRecording_cut.wav,3.25,0.5,0.49,4
30257977_MinPolqaSfbRecording_cut.wav,2.75,0.5,0.49,4
30458206_MinPolqaSfbRecording_cut.wav,2.5,0.577350269,0.565803264,4
30141140_MinPolqaSfbRecording_cut.wav,3.0,0.0,0.0,4
30478462_MinPolqaSfbRecording_cut.wav,3.0,0.816496581,0.800166649,4
30465492_MinPolqaSfbRecording_cut.wav,3.0,0.816496581,0.800166649,4
30119368_MinPolqaSfbRecording_cut.wav,3.0,0.0,0.0,5
30157676_MinPolqaSfbRecording_cut.wav,2.0,1.0,0.876538647,5
28884596_MinPolqaSfbRecording_cut.wav,3.2,0.447213595,0.392,5
30158132_MinPolqaSfbRecording_cut.wav,2.4,0.894427191,0.784,5
28985629_MinPolqaSfbRecording_cut.wav,2.6,0.894427191,0.784,5
28923165_MinPolqaSfbRecording_cut.wav,3.8,0.836660027,0.733364848,5
30085768_MinPolqaSfbRecording_cut.wav,3.2,0.836660027,0.733364848,5
27973060_MinPolqaSfbRecording_cut.wav,4.0,0.707106781,0.619806421,5
30511688_MinPolqaSfbRecording_cut.wav,3.5,0.707106781,0.98,2
29531209_MinPolqaSfbRecording_cut.wav,2.5,0.707106781,0.98,2
30180758_MinPolqaSfbRecording_cut.wav,3.5,0.707106781,0.98,2
29542718_MinPolqaSfbRecording_cut.wav,2.0,0.0,0.0,2
30091460_MinPolqaSfbRecording_cut.wav,4.5,0.707106781,0.98,2
27745591_MinPolqaSfbRecording_cut.wav,5.0,0.0,0.0,2
28924898_MinPolqaSfbRecording_cut.wav,4.5,0.707106781,0.98,2
30526906_MinPolqaSfbRecording_cut.wav,3.0,0.0,0.0,2
28561272_MinPolqaSfbRecording_cut.wav,4.0,0.0,0.0,2
30086698_MinPolqaSfbRecording_cut.wav,2.4,1.140175425,0.999407825,5
29539528_MinPolqaSfbRecording_cut.wav,2.6,0.894427191,0.784,5
27649811_MinPolqaSfbRecording_cut.wav,3.2,0.836660027,0.733364848,5
30087195_MinPolqaSfbRecording_cut.wav,3.2,0.836660027,0.733364848,5
28635175_MinPolqaSfbRecording_cut.wav,3.4,1.140175425,0.999407825,5
30143461_MinPolqaSfbRecording_cut.wav,3.4,1.140175425,0.999407825,5
30428922_MinPolqaSfbRecording_cut.wav,2.6,0.547722558,0.48009999,5
30403929_MinPolqaSfbRecording_cut.wav,2.0,0.707106781,0.619806421,5
30195525_MinPolqaSfbRecording_cut.wav,1.6,1.341640786,1.176,5
28586889_MinPolqaSfbRecording_cut.wav,3.5,0.577350269,0.565803264,4
30154800_MinPolqaSfbRecording_cut.wav,2.5,1.0,0.98,4
30506845_MinPolqaSfbRecording_cut.wav,1.75,0.957427108,0.938278566,4
29540701_MinPolqaSfbRecording_cut.wav,3.25,0.5,0.49,4
30486503_MinPolqaSfbRecording_cut.wav,3.0,0.0,0.0,4
30189108_MinPolqaSfbRecording_cut.wav,2.75,0.5,0.49,4
30059214_MinPolqaSfbRecording_cut.wav,2.75,0.957427108,0.938278566,4
30095496_MinPolqaSfbRecording_cut.wav,3.25,0.5,0.49,4
30180800_MinPolqaSfbRecording_cut.wav,3.25,0.5,0.49,4
29003730_MinPolqaSfbRecording_cut.wav,3.2,0.836660027,0.733364848,5
30150913_MinPolqaSfbRecording_cut.wav,1.0,0.0,0.0,5
30064997_MinPolqaSfbRecording_cut.wav,3.4,0.547722558,0.48009999,5
30155101_MinPolqaSfbRecording_cut.wav,1.4,0.547722558,0.48009999,5
25780182_MinPolqaSfbRecording_cut.wav,3.6,0.547722558,0.48009999,5
29535141_MinPolqaSfbRecording_cut.wav,1.6,0.547722558,0.48009999,5
30484338_MinPolqaSfbRecording_cut.wav,1.0,0.0,0.0,5
28536204_MinPolqaSfbRecording_cut.wav,4.4,0.547722558,0.48009999,5
28353531_MinPolqaSfbRecording_cut.wav,3.8,0.836660027,0.733364848,5
30080809_MinPolqaSfbRecording_cut.wav,3.6,0.547722558,0.48009999,5
28516985_MinPolqaSfbRecording_cut.wav,3.25,0.957427108,0.938278566,4
27734416_MinPolqaSfbRecording_cut.wav,4.25,0.5,0.49,4
30465997_MinPolqaSfbRecording_cut.wav,2.5,0.577350269,0.565803264,4
30140749_MinPolqaSfbRecording_cut.wav,3.5,0.577350269,0.565803264,4
30182114_MinPolqaSfbRecording_cut.wav,2.25,0.5,0.49,4
30487537_MinPolqaSfbRecording_cut.wav,3.0,0.0,0.0,4
30069915_MinPolqaSfbRecording_cut.wav,2.0,0.0,0.0,4
30432890_MinPolqaSfbRecording_cut.wav,1.0,0.0,0.0,3
27614796_MinPolqaSfbRecording_cut.wav,2.333333333,0.577350269,0.653333333,3
30405405_MinPolqaSfbRecording_cut.wav,3.666666667,0.577350269,0.653333333,3
28536707_MinPolqaSfbRecording_cut.wav,3.333333333,0.577350269,0.653333333,3
27978213_MinPolqaSfbRecording_cut.wav,4.333333333,0.577350269,0.653333333,3
30453410_MinPolqaSfbRecording_cut.wav,2.333333333,1.154700538,1.306666667,3
29532923_MinPolqaSfbRecording_cut.wav,1.666666667,0.577350269,0.653333333,3
30504264_MinPolqaSfbRecording_cut.wav,1.333333333,0.577350269,0.653333333,3
29532801_MinPolqaSfbRecording_cut.wav,3.75,0.5,0.49,4
29532229_MinPolqaSfbRecording_cut.wav,3.75,0.5,0.49,4
30435609_MinPolqaSfbRecording_cut.wav,2.0,0.816496581,0.800166649,4
29534950_MinPolqaSfbRecording_cut.wav,3.0,0.0,0.0,4
30179278_MinPolqaSfbRecording_cut.wav,2.5,1.290994449,1.26517456,4
30160329_MinPolqaSfbRecording_cut.wav,2.75,0.5,0.49,4
30160704_MinPolqaSfbRecording_cut.wav,3.5,0.577350269,0.565803264,4
30519498_MinPolqaSfbRecording_cut.wav,3.75,0.5,0.49,4
29545092_MinPolqaSfbRecording_cut.wav,2.5,1.290994449,1.26517456,4
30460807_MinPolqaSfbRecording_cut.wav,3.8,0.836660027,0.733364848,5
28036907_MinPolqaSfbRecording_cut.wav,4.4,0.894427191,0.784,5
30138395_MinPolqaSfbRecording_cut.wav,2.4,0.547722558,0.48009999,5
30092281_MinPolqaSfbRecording_cut.wav,3.6,0.547722558,0.48009999,5
30426092_MinPolqaSfbRecording_cut.wav,3.4,0.547722558,0.48009999,5
30200666_MinPolqaSfbRecording_cut.wav,3.8,0.447213595,0.392,5
30147246_MinPolqaSfbRecording_cut.wav,3.2,0.836660027,0.733364848,5
30136285_MinPolqaSfbRecording_cut.wav,1.8,0.836660027,0.733364848,5
27669175_MinPolqaSfbRecording_cut.wav,4.0,0.707106781,0.619806421,5
30506936_MinPolqaSfbRecording_cut.wav,4.4,0.894427191,0.784,5
28882961_MinPolqaSfbRecording_cut.wav,3.8,0.836660027,0.733364848,5
30157256_MinPolqaSfbRecording_cut.wav,4.6,0.547722558,0.48009999,5
27873288_MinPolqaSfbRecording_cut.wav,3.6,0.547722558,0.48009999,5
30137621_MinPolqaSfbRecording_cut.wav,3.8,0.836660027,0.733364848,5
30166025_MinPolqaSfbRecording_cut.wav,2.4,0.894427191,0.784,5
30156615_MinPolqaSfbRecording_cut.wav,3.2,1.095445115,0.960199979,5
27644533_MinPolqaSfbRecording_cut.wav,4.6,0.547722558,0.48009999,5
30252141_MinPolqaSfbRecording_cut.wav,2.0,1.414213562,1.96,2
30502077_MinPolqaSfbRecording_cut.wav,3.0,1.414213562,1.96,2
28607918_MinPolqaSfbRecording_cut.wav,3.5,0.707106781,0.98,2
30156257_MinPolqaSfbRecording_cut.wav,4.5,0.707106781,0.98,2
29535939_MinPolqaSfbRecording_cut.wav,3.5,0.707106781,0.98,2
29537362_MinPolqaSfbRecording_cut.wav,3.5,0.707106781,0.98,2
30105181_MinPolqaSfbRecording_cut.wav,2.5,2.121320344,2.94,2
30150320_MinPolqaSfbRecording_cut.wav,4.0,0.0,0.0,2
30178832_MinPolqaSfbRecording_cut.wav,4.5,0.707106781,0.98,2
30522136_MinPolqaSfbRecording_cut.wav,3.75,0.957427108,0.938278566,4
30114108_MinPolqaSfbRecording_cut.wav,3.5,1.0,0.98,4
30416714_MinPolqaSfbRecording_cut.wav,3.25,0.957427108,0.938278566,4
30406690_MinPolqaSfbRecording_cut.wav,3.5,0.577350269,0.565803264,4
30514111_MinPolqaSfbRecording_cut.wav,3.5,1.0,0.98,4
30475808_MinPolqaSfbRecording_cut.wav,2.75,1.258305739,1.233139624,4
30063984_MinPolqaSfbRecording_cut.wav,3.5,1.0,0.98,4
27894270_MinPolqaSfbRecording_cut.wav,3.75,0.5,0.49,4
30150363_MinPolqaSfbRecording_cut.wav,3.0,0.816496581,0.800166649,4
30085084_MinPolqaSfbRecording_cut.wav,2.4,0.547722558,0.48009999,5
29530390_MinPolqaSfbRecording_cut.wav,2.0,0.707106781,0.619806421,5
30099127_MinPolqaSfbRecording_cut.wav,1.2,0.447213595,0.392,5
30111677_MinPolqaSfbRecording_cut.wav,3.4,0.547722558,0.48009999,5
30176374_MinPolqaSfbRecording_cut.wav,3.2,1.303840481,1.142866571,5
30142584_MinPolqaSfbRecording_cut.wav,3.0,0.707106781,0.619806421,5
30076451_MinPolqaSfbRecording_cut.wav,3.4,1.140175425,0.999407825,5
30473073_MinPolqaSfbRecording_cut.wav,3.4,0.547722558,0.48009999,5
30508758_MinPolqaSfbRecording_cut.wav,2.666666667,1.527525232,1.728557523,3
30122608_MinPolqaSfbRecording_cut.wav,3.666666667,0.577350269,0.653333333,3
30119898_MinPolqaSfbRecording_cut.wav,2.0,1.0,1.131606528,3
30522267_MinPolqaSfbRecording_cut.wav,3.666666667,1.527525232,1.728557523,3
30119621_MinPolqaSfbRecording_cut.wav,3.333333333,0.577350269,0.653333333,3
28500979_MinPolqaSfbRecording_cut.wav,4.2,0.836660027,0.733364848,5
30258194_MinPolqaSfbRecording_cut.wav,1.8,0.447213595,0.392,5
30461432_MinPolqaSfbRecording_cut.wav,2.4,0.547722558,0.48009999,5
28010943_MinPolqaSfbRecording_cut.wav,3.8,0.836660027,0.733364848,5
28306094_MinPolqaSfbRecording_cut.wav,4.2,0.836660027,0.733364848,5
30260831_MinPolqaSfbRecording_cut.wav,2.4,0.547722558,0.48009999,5
30519265_MinPolqaSfbRecording_cut.wav,2.6,0.547722558,0.48009999,5
30070838_MinPolqaSfbRecording_cut.wav,3.0,0.707106781,0.619806421,5
30064879_MinPolqaSfbRecording_cut.wav,2.0,0.707106781,0.619806421,5
29531165_MinPolqaSfbRecording_cut.wav,3.8,0.836660027,0.733364848,5
30200192_MinPolqaSfbRecording_cut.wav,3.8,1.095445115,0.960199979,5
30212149_MinPolqaSfbRecording_cut.wav,2.2,0.447213595,0.392,5
30140644_MinPolqaSfbRecording_cut.wav,2.8,0.836660027,0.733364848,5
30421346_MinPolqaSfbRecording_cut.wav,2.8,0.447213595,0.392,5
27861051_MinPolqaSfbRecording_cut.wav,4.0,0.707106781,0.619806421,5
30252549_MinPolqaSfbRecording_cut.wav,2.0,0.707106781,0.619806421,5
30454649_MinPolqaSfbRecording_cut.wav,2.6,0.894427191,0.784,5
28343979_MinPolqaSfbRecording_cut.wav,3.0,1.224744871,1.073536213,5
30188860_MinPolqaSfbRecording_cut.wav,2.8,0.447213595,0.392,5
30480890_MinPolqaSfbRecording_cut.wav,2.8,0.836660027,0.733364848,5
30450140_MinPolqaSfbRecording_cut.wav,1.4,0.547722558,0.48009999,5
30461486_MinPolqaSfbRecording_cut.wav,1.4,0.547722558,0.48009999,5
28068156_MinPolqaSfbRecording_cut.wav,4.4,0.547722558,0.48009999,5
30258529_MinPolqaSfbRecording_cut.wav,1.8,0.836660027,0.733364848,5
30426734_MinPolqaSfbRecording_cut.wav,3.8,0.836660027,0.733364848,5
30150072_MinPolqaSfbRecording_cut.wav,2.2,0.836660027,0.733364848,5
30455481_MinPolqaSfbRecording_cut.wav,3.333333333,0.577350269,0.653333333,3
28029098_MinPolqaSfbRecording_cut.wav,3.666666667,1.527525232,1.728557523,3
28447743_MinPolqaSfbRecording_cut.wav,4.666666667,0.577350269,0.653333333,3
30528263_MinPolqaSfbRecording_cut.wav,2.666666667,0.577350269,0.653333333,3
30475547_MinPolqaSfbRecording_cut.wav,3.666666667,0.577350269,0.653333333,3
28304115_MinPolqaSfbRecording_cut.wav,4.0,1.0,1.131606528,3
28550342_MinPolqaSfbRecording_cut.wav,4.333333333,0.577350269,0.653333333,3
30415318_MinPolqaSfbRecording_cut.wav,4.0,1.0,1.131606528,3
30152518_MinPolqaSfbRecording_cut.wav,1.6,0.894427191,0.784,5
30260277_MinPolqaSfbRecording_cut.wav,2.6,0.894427191,0.784,5
30172183_MinPolqaSfbRecording_cut.wav,2.0,1.224744871,1.073536213,5
30155292_MinPolqaSfbRecording_cut.wav,2.8,1.483239697,1.300116918,5
30256816_MinPolqaSfbRecording_cut.wav,2.4,0.547722558,0.48009999,5
27726745_MinPolqaSfbRecording_cut.wav,4.6,0.547722558,0.48009999,5
30214194_MinPolqaSfbRecording_cut.wav,4.0,0.707106781,0.619806421,5
30516256_MinPolqaSfbRecording_cut.wav,3.4,0.547722558,0.48009999,5
28024484_MinPolqaSfbRecording_cut.wav,3.6,0.547722558,0.48009999,5
30066179_MinPolqaSfbRecording_cut.wav,3.0,0.0,0.0,4
28498020_MinPolqaSfbRecording_cut.wav,4.0,0.816496581,0.800166649,4
30078386_MinPolqaSfbRecording_cut.wav,1.75,0.957427108,0.938278566,4
28925539_MinPolqaSfbRecording_cut.wav,3.0,0.816496581,0.800166649,4
27957074_MinPolqaSfbRecording_cut.wav,3.25,0.5,0.49,4
29036588_MinPolqaSfbRecording_cut.wav,3.0,0.816496581,0.800166649,4
28337863_MinPolqaSfbRecording_cut.wav,4.0,0.816496581,0.800166649,4
30087120_MinPolqaSfbRecording_cut.wav,3.2,1.303840481,1.142866571,5
30159526_MinPolqaSfbRecording_cut.wav,2.0,1.224744871,1.073536213,5
30479654_MinPolqaSfbRecording_cut.wav,4.0,0.707106781,0.619806421,5
30182213_MinPolqaSfbRecording_cut.wav,1.6,0.894427191,0.784,5
30511012_MinPolqaSfbRecording_cut.wav,3.8,0.836660027,0.733364848,5
30119735_MinPolqaSfbRecording_cut.wav,2.4,1.140175425,0.999407825,5
30514412_MinPolqaSfbRecording_cut.wav,3.4,1.140175425,0.999407825,5
30096856_MinPolqaSfbRecording_cut.wav,2.4,0.894427191,0.784,5
28827816_MinPolqaSfbRecording_cut.wav,2.75,0.5,0.49,4
30447169_MinPolqaSfbRecording_cut.wav,2.25,0.5,0.49,4
30113716_MinPolqaSfbRecording_cut.wav,1.5,1.0,0.98,4
30478962_MinPolqaSfbRecording_cut.wav,2.0,0.816496581,0.800166649,4
30426497_MinPolqaSfbRecording_cut.wav,3.25,1.258305739,1.233139624,4
30120851_MinPolqaSfbRecording_cut.wav,3.0,0.816496581,0.800166649,4
30510629_MinPolqaSfbRecording_cut.wav,3.25,0.5,0.49,4
30213487_MinPolqaSfbRecording_cut.wav,3.75,0.957427108,0.938278566,4
30467645_MinPolqaSfbRecording_cut.wav,1.75,0.957427108,0.938278566,4
30151964_MinPolqaSfbRecording_cut.wav,2.25,0.5,0.49,4
30425815_MinPolqaSfbRecording_cut.wav,1.8,0.836660027,0.733364848,5
30491284_MinPolqaSfbRecording_cut.wav,3.0,0.707106781,0.619806421,5
30440049_MinPolqaSfbRecording_cut.wav,3.2,1.095445115,0.960199979,5
30161686_MinPolqaSfbRecording_cut.wav,1.8,0.447213595,0.392,5
28197221_MinPolqaSfbRecording_cut.wav,3.8,0.447213595,0.392,5
29026258_MinPolqaSfbRecording_cut.wav,4.2,0.447213595,0.392,5
30086991_MinPolqaSfbRecording_cut.wav,2.8,1.303840481,1.142866571,5
30069391_MinPolqaSfbRecording_cut.wav,4.0,1.0,0.876538647,5
30478240_MinPolqaSfbRecording_cut.wav,2.666666667,0.577350269,0.653333333,3
30431357_MinPolqaSfbRecording_cut.wav,2.0,1.0,1.131606528,3
30067645_MinPolqaSfbRecording_cut.wav,2.666666667,0.577350269,0.653333333,3
30160506_MinPolqaSfbRecording_cut.wav,3.0,0.0,0.0,3
30067235_MinPolqaSfbRecording_cut.wav,4.0,0.0,0.0,3
30471221_MinPolqaSfbRecording_cut.wav,3.666666667,0.577350269,0.653333333,3
30415513_MinPolqaSfbRecording_cut.wav,4.666666667,0.577350269,0.653333333,3
30486514_MinPolqaSfbRecording_cut.wav,3.0,0.0,0.0,3
30407956_MinPolqaSfbRecording_cut.wav,3.0,1.0,1.131606528,3
30103753_MinPolqaSfbRecording_cut.wav,4.0,1.0,1.131606528,3
28133320_MinPolqaSfbRecording_cut.wav,4.666666667,0.577350269,0.653333333,3
30255279_MinPolqaSfbRecording_cut.wav,4.333333333,1.154700538,1.306666667,3
30179040_MinPolqaSfbRecording_cut.wav,2.666666667,0.577350269,0.653333333,3
30110574_MinPolqaSfbRecording_cut.wav,3.666666667,1.154700538,1.306666667,3
30106123_MinPolqaSfbRecording_cut.wav,4.0,1.0,1.131606528,3
30113647_MinPolqaSfbRecording_cut.wav,4.333333333,0.577350269,0.653333333,3
30132409_MinPolqaSfbRecording_cut.wav,3.333333333,1.527525232,1.728557523,3
28059599_MinPolqaSfbRecording_cut.wav,4.5,0.707106781,0.98,2
30162154_MinPolqaSfbRecording_cut.wav,4.0,0.0,0.0,2
30510239_MinPolqaSfbRecording_cut.wav,3.5,0.707106781,0.98,2
27944034_MinPolqaSfbRecording_cut.wav,4.5,0.707106781,0.98,2
30157030_MinPolqaSfbRecording_cut.wav,4.5,0.707106781,0.98,2
30123847_MinPolqaSfbRecording_cut.wav,3.5,0.707106781,0.98,2
30516519_MinPolqaSfbRecording_cut.wav,2.5,2.121320344,2.94,2
30261432_MinPolqaSfbRecording_cut.wav,3.5,2.121320344,2.94,2
27946116_MinPolqaSfbRecording_cut.wav,4.5,0.707106781,0.98,2
30470060_MinPolqaSfbRecording_cut.wav,2.0,1.732050808,1.96,3
30527646_MinPolqaSfbRecording_cut.wav,4.0,1.0,1.131606528,3
30403860_MinPolqaSfbRecording_cut.wav,3.333333333,0.577350269,0.653333333,3
28891616_MinPolqaSfbRecording_cut.wav,4.333333333,0.577350269,0.653333333,3
30402321_MinPolqaSfbRecording_cut.wav,1.0,0.0,0.0,3
30252878_MinPolqaSfbRecording_cut.wav,3.333333333,1.527525232,1.728557523,3
30185941_MinPolqaSfbRecording_cut.wav,2.0,1.0,1.131606528,3
28918638_MinPolqaSfbRecording_cut.wav,4.4,0.547722558,0.48009999,5
30529837_MinPolqaSfbRecording_cut.wav,1.4,0.547722558,0.48009999,5
30130867_MinPolqaSfbRecording_cut.wav,2.4,1.341640786,1.176,5
30144524_MinPolqaSfbRecording_cut.wav,2.8,0.447213595,0.392,5
30154397_MinPolqaSfbRecording_cut.wav,2.4,1.341640786,1.176,5
30489861_MinPolqaSfbRecording_cut.wav,3.8,0.447213595,0.392,5
30057790_MinPolqaSfbRecording_cut.wav,2.0,1.0,0.876538647,5
30141780_MinPolqaSfbRecording_cut.wav,3.4,1.140175425,0.999407825,5
30434809_MinPolqaSfbRecording_cut.wav,3.6,0.894427191,0.784,5
30254065_MinPolqaSfbRecording_cut.wav,2.25,0.957427108,0.938278566,4
27801799_MinPolqaSfbRecording_cut.wav,4.25,0.957427108,0.938278566,4
30134370_MinPolqaSfbRecording_cut.wav,2.0,0.816496581,0.800166649,4
30493242_MinPolqaSfbRecording_cut.wav,4.0,1.414213562,1.385929291,4
30468659_MinPolqaSfbRecording_cut.wav,3.0,1.414213562,1.385929291,4
30105592_MinPolqaSfbRecording_cut.wav,3.5,1.732050808,1.697409791,4
30262003_MinPolqaSfbRecording_cut.wav,4.5,1.0,0.98,4
30132586_MinPolqaSfbRecording_cut.wav,4.0,1.414213562,1.385929291,4
28646567_MinPolqaSfbRecording_cut.wav,4.25,0.957427108,0.938278566,4
30173681_MinPolqaSfbRecording_cut.wav,2.0,0.816496581,0.800166649,4
30145665_MinPolqaSfbRecording_cut.wav,3.2,1.095445115,0.960199979,5
30090446_MinPolqaSfbRecording_cut.wav,3.0,1.224744871,1.073536213,5
30073513_MinPolqaSfbRecording_cut.wav,4.0,1.0,0.876538647,5
28364945_MinPolqaSfbRecording_cut.wav,3.8,0.836660027,0.733364848,5
30096040_MinPolqaSfbRecording_cut.wav,3.6,0.894427191,0.784,5
27703539_MinPolqaSfbRecording_cut.wav,4.6,0.547722558,0.48009999,5
30163314_MinPolqaSfbRecording_cut.wav,2.0,0.707106781,0.619806421,5
29534889_MinPolqaSfbRecording_cut.wav,3.8,0.836660027,0.733364848,5
30212404_MinPolqaSfbRecording_cut.wav,3.8,0.447213595,0.392,5
28737141_MinPolqaSfbRecording_cut.wav,3.8,0.836660027,0.733364848,5
30118824_MinPolqaSfbRecording_cut.wav,3.333333333,0.577350269,0.653333333,3
30438194_MinPolqaSfbRecording_cut.wav,3.0,0.0,0.0,3
30092449_MinPolqaSfbRecording_cut.wav,3.0,0.0,0.0,3
30135850_MinPolqaSfbRecording_cut.wav,2.333333333,0.577350269,0.653333333,3
30151586_MinPolqaSfbRecording_cut.wav,3.333333333,0.577350269,0.653333333,3
30503521_MinPolqaSfbRecording_cut.wav,2.666666667,0.577350269,0.653333333,3
28353752_MinPolqaSfbRecording_cut.wav,3.333333333,1.154700538,1.306666667,3
30505155_MinPolqaSfbRecording_cut.wav,3.333333333,0.577350269,0.653333333,3
27630012_MinPolqaSfbRecording_cut.wav,2.75,0.5,0.49,4
30514284_MinPolqaSfbRecording_cut.wav,2.75,0.957427108,0.938278566,4
28790361_MinPolqaSfbRecording_cut.wav,3.5,0.577350269,0.565803264,4
30123195_MinPolqaSfbRecording_cut.wav,3.25,0.5,0.49,4
28656279_MinPolqaSfbRecording_cut.wav,3.75,0.5,0.49,4
28335073_MinPolqaSfbRecording_cut.wav,3.25,0.957427108,0.938278566,4
28030716_MinPolqaSfbRecording_cut.wav,4.25,0.5,0.49,4
30447598_MinPolqaSfbRecording_cut.wav,2.25,1.258305739,1.233139624,4
30138413_MinPolqaSfbRecording_cut.wav,1.75,0.5,0.49,4
30462114_MinPolqaSfbRecording_cut.wav,3.0,0.816496581,0.800166649,4
30086277_MinPolqaSfbRecording_cut.wav,2.0,0.816496581,0.800166649,4
30508025_MinPolqaSfbRecording_cut.wav,1.75,0.5,0.49,4
30061531_MinPolqaSfbRecording_cut.wav,1.5,1.0,0.98,4
30467975_MinPolqaSfbRecording_cut.wav,2.5,0.577350269,0.565803264,4
30066242_MinPolqaSfbRecording_cut.wav,4.0,0.0,0.0,4
28142392_MinPolqaSfbRecording_cut.wav,4.0,0.0,0.0,5
29065750_MinPolqaSfbRecording_cut.wav,4.8,0.447213595,0.392,5
30526410_MinPolqaSfbRecording_cut.wav,3.4,0.547722558,0.48009999,5
30249705_MinPolqaSfbRecording_cut.wav,3.6,0.894427191,0.784,5
30253507_MinPolqaSfbRecording_cut.wav,3.6,0.547722558,0.48009999,5
30108425_MinPolqaSfbRecording_cut.wav,2.4,0.547722558,0.48009999,5
30404599_MinPolqaSfbRecording_cut.wav,2.0,0.707106781,0.619806421,5
30439182_MinPolqaSfbRecording_cut.wav,1.4,0.547722558,0.48009999,5
28085629_MinPolqaSfbRecording_cut.wav,3.6,1.140175425,0.999407825,5
28137155_MinPolqaSfbRecording_cut.wav,3.8,0.836660027,0.733364848,5
28316257_MinPolqaSfbRecording_cut.wav,4.2,0.447213595,0.392,5
30143157_MinPolqaSfbRecording_cut.wav,2.2,0.447213595,0.392,5
27707219_MinPolqaSfbRecording_cut.wav,4.2,0.447213595,0.392,5
30066214_MinPolqaSfbRecording_cut.wav,3.8,0.447213595,0.392,5
28281263_MinPolqaSfbRecording_cut.wav,4.2,0.447213595,0.392,5
30490714_MinPolqaSfbRecording_cut.wav,3.6,0.547722558,0.48009999,5
30069457_MinPolqaSfbRecording_cut.wav,1.6,0.894427191,0.784,5
28915812_MinPolqaSfbRecording_cut.wav,4.333333333,1.154700538,1.306666667,3
30527057_MinPolqaSfbRecording_cut.wav,2.333333333,0.577350269,0.653333333,3
30080336_MinPolqaSfbRecording_cut.wav,2.666666667,1.154700538,1.306666667,3
30457094_MinPolqaSfbRecording_cut.wav,2.0,1.0,1.131606528,3
30403673_MinPolqaSfbRecording_cut.wav,3.666666667,1.527525232,1.728557523,3
30249574_MinPolqaSfbRecording_cut.wav,3.0,1.0,1.131606528,3
30442873_MinPolqaSfbRecording_cut.wav,2.666666667,1.154700538,1.306666667,3
30061292_MinPolqaSfbRecording_cut.wav,4.0,1.0,1.131606528,3
28245843_MinPolqaSfbRecording_cut.wav,4.0,0.0,0.0,2
30171143_MinPolqaSfbRecording_cut.wav,2.5,0.707106781,0.98,2
30425102_MinPolqaSfbRecording_cut.wav,2.0,0.0,0.0,2
30105164_MinPolqaSfbRecording_cut.wav,3.5,0.707106781,0.98,2
30251126_MinPolqaSfbRecording_cut.wav,1.5,0.707106781,0.98,2
30128181_MinPolqaSfbRecording_cut.wav,1.0,0.0,0.0,2
30080190_MinPolqaSfbRecording_cut.wav,1.5,0.707106781,0.98,2
30090055_MinPolqaSfbRecording_cut.wav,1.0,0.0,0.0,2
30478191_MinPolqaSfbRecording_cut.wav,2.5,0.707106781,0.98,2
30449438_MinPolqaSfbRecording_cut.wav,1.666666667,0.577350269,0.653333333,3
30097848_MinPolqaSfbRecording_cut.wav,2.333333333,0.577350269,0.653333333,3
30173059_MinPolqaSfbRecording_cut.wav,2.0,1.0,1.131606528,3
30150640_MinPolqaSfbRecording_cut.wav,1.333333333,0.577350269,0.653333333,3
30493908_MinPolqaSfbRecording_cut.wav,1.666666667,1.154700538,1.306666667,3
30425447_MinPolqaSfbRecording_cut.wav,2.333333333,0.577350269,0.653333333,3
30193225_MinPolqaSfbRecording_cut.wav,2.333333333,1.527525232,1.728557523,3
30182631_MinPolqaSfbRecording_cut.wav,2.0,1.0,0.876538647,5
30146280_MinPolqaSfbRecording_cut.wav,2.0,0.707106781,0.619806421,5
30430165_MinPolqaSfbRecording_cut.wav,2.8,0.447213595,0.392,5
30125221_MinPolqaSfbRecording_cut.wav,3.0,0.707106781,0.619806421,5
30455485_MinPolqaSfbRecording_cut.wav,2.8,0.447213595,0.392,5
30259773_MinPolqaSfbRecording_cut.wav,1.6,0.894427191,0.784,5
30463096_MinPolqaSfbRecording_cut.wav,3.4,0.547722558,0.48009999,5
30505084_MinPolqaSfbRecording_cut.wav,4.6,0.547722558,0.48009999,5
30173075_MinPolqaSfbRecording_cut.wav,1.4,0.894427191,0.784,5
30508028_MinPolqaSfbRecording_cut.wav,2.2,0.836660027,0.733364848,5
30522742_MinPolqaSfbRecording_cut.wav,2.8,1.095445115,0.960199979,5
30123362_MinPolqaSfbRecording_cut.wav,3.0,1.0,0.876538647,5
28365695_MinPolqaSfbRecording_cut.wav,4.2,0.447213595,0.392,5
30066663_MinPolqaSfbRecording_cut.wav,3.0,0.707106781,0.619806421,5
30202065_MinPolqaSfbRecording_cut.wav,3.2,0.836660027,0.733364848,5
30506222_MinPolqaSfbRecording_cut.wav,3.8,0.447213595,0.392,5
30473242_MinPolqaSfbRecording_cut.wav,4.2,0.836660027,0.733364848,5
30081878_MinPolqaSfbRecording_cut.wav,2.6,1.140175425,0.999407825,5
30093197_MinPolqaSfbRecording_cut.wav,3.6,0.547722558,0.48009999,5
30085835_MinPolqaSfbRecording_cut.wav,4.0,0.707106781,0.619806421,5
29537385_MinPolqaSfbRecording_cut.wav,4.0,0.707106781,0.619806421,5
30433041_MinPolqaSfbRecording_cut.wav,3.4,1.140175425,0.999407825,5
30429547_MinPolqaSfbRecording_cut.wav,4.0,0.707106781,0.619806421,5
30113694_MinPolqaSfbRecording_cut.wav,3.8,0.836660027,0.733364848,5
30210960_MinPolqaSfbRecording_cut.wav,3.4,0.894427191,0.784,5
29542470_MinPolqaSfbRecording_cut.wav,2.4,0.894427191,0.784,5
30155164_MinPolqaSfbRecording_cut.wav,1.8,0.836660027,0.733364848,5
30467490_MinPolqaSfbRecording_cut.wav,2.2,0.836660027,0.733364848,5
30107392_MinPolqaSfbRecording_cut.wav,3.8,0.836660027,0.733364848,5
30170892_MinPolqaSfbRecording_cut.wav,3.2,0.836660027,0.733364848,5
30191959_MinPolqaSfbRecording_cut.wav,3.2,0.836660027,0.733364848,5
30513161_MinPolqaSfbRecording_cut.wav,3.4,0.894427191,0.784,5
28259823_MinPolqaSfbRecording_cut.wav,3.6,1.140175425,0.999407825,5
30483896_MinPolqaSfbRecording_cut.wav,1.2,0.447213595,0.392,5
28453282_MinPolqaSfbRecording_cut.wav,4.4,0.547722558,0.48009999,5
30164127_MinPolqaSfbRecording_cut.wav,1.8,0.836660027,0.733364848,5
30176771_MinPolqaSfbRecording_cut.wav,3.0,0.707106781,0.619806421,5
30106963_MinPolqaSfbRecording_cut.wav,2.8,0.836660027,0.733364848,5
28357736_MinPolqaSfbRecording_cut.wav,3.6,0.547722558,0.48009999,5
30452492_MinPolqaSfbRecording_cut.wav,2.2,0.836660027,0.733364848,5
30089070_MinPolqaSfbRecording_cut.wav,2.6,1.140175425,0.999407825,5
27968430_MinPolqaSfbRecording_cut.wav,3.4,0.547722558,0.48009999,5
30184354_MinPolqaSfbRecording_cut.wav,3.666666667,0.577350269,0.653333333,3
28535262_MinPolqaSfbRecording_cut.wav,2.666666667,1.154700538,1.306666667,3
30141645_MinPolqaSfbRecording_cut.wav,2.333333333,1.527525232,1.728557523,3
29029130_MinPolqaSfbRecording_cut.wav,4.0,0.0,0.0,3
30150272_MinPolqaSfbRecording_cut.wav,3.0,1.0,1.131606528,3
30482998_MinPolqaSfbRecording_cut.wav,2.666666667,1.154700538,1.306666667,3
30169158_MinPolqaSfbRecording_cut.wav,2.0,1.732050808,1.96,3
30522607_MinPolqaSfbRecording_cut.wav,3.666666667,1.154700538,1.306666667,3
30128684_MinPolqaSfbRecording_cut.wav,3.0,0.707106781,0.619806421,5
30457993_MinPolqaSfbRecording_cut.wav,1.8,0.836660027,0.733364848,5
30510970_MinPolqaSfbRecording_cut.wav,2.6,0.894427191,0.784,5
30200730_MinPolqaSfbRecording_cut.wav,2.4,0.547722558,0.48009999,5
30437328_MinPolqaSfbRecording_cut.wav,2.8,0.836660027,0.733364848,5
29533959_MinPolqaSfbRecording_cut.wav,2.6,1.516575089,1.329336677,5
30174047_MinPolqaSfbRecording_cut.wav,3.8,0.836660027,0.733364848,5
30080476_MinPolqaSfbRecording_cut.wav,3.0,1.0,0.876538647,5
27675989_MinPolqaSfbRecording_cut.wav,4.0,1.0,0.876538647,5
30441799_MinPolqaSfbRecording_cut.wav,3.0,1.0,0.876538647,5
28505283_MinPolqaSfbRecording_cut.wav,4.2,0.447213595,0.392,5
30205448_MinPolqaSfbRecording_cut.wav,3.8,0.836660027,0.733364848,5
30455230_MinPolqaSfbRecording_cut.wav,2.2,1.303840481,1.142866571,5
30487586_MinPolqaSfbRecording_cut.wav,2.6,0.894427191,0.784,5
28282072_MinPolqaSfbRecording_cut.wav,4.0,0.707106781,0.619806421,5
30404349_MinPolqaSfbRecording_cut.wav,3.0,1.0,0.876538647,5
30175075_MinPolqaSfbRecording_cut.wav,4.0,0.707106781,0.619806421,5
28201661_MinPolqaSfbRecording_cut.wav,4.2,0.447213595,0.392,5
30211419_MinPolqaSfbRecording_cut.wav,2.0,1.732050808,1.96,3
30429791_MinPolqaSfbRecording_cut.wav,2.333333333,0.577350269,0.653333333,3
30085310_MinPolqaSfbRecording_cut.wav,4.0,1.0,1.131606528,3
30475006_MinPolqaSfbRecording_cut.wav,3.0,1.732050808,1.96,3
27783108_MinPolqaSfbRecording_cut.wav,5.0,0.0,0.0,3
30141104_MinPolqaSfbRecording_cut.wav,3.666666667,0.577350269,0.653333333,3
30160769_MinPolqaSfbRecording_cut.wav,3.666666667,0.577350269,0.653333333,3
30446704_MinPolqaSfbRecording_cut.wav,3.0,1.0,1.131606528,3
30450142_MinPolqaSfbRecording_cut.wav,3.333333333,1.154700538,1.306666667,3
30207815_MinPolqaSfbRecording_cut.wav,3.666666667,0.577350269,0.653333333,3
30485003_MinPolqaSfbRecording_cut.wav,4.333333333,0.577350269,0.653333333,3
30469020_MinPolqaSfbRecording_cut.wav,4.0,1.0,1.131606528,3
30264303_MinPolqaSfbRecording_cut.wav,3.666666667,1.154700538,1.306666667,3
29537646_MinPolqaSfbRecording_cut.wav,3.333333333,0.577350269,0.653333333,3
29533159_MinPolqaSfbRecording_cut.wav,4.333333333,0.577350269,0.653333333,3
28437406_MinPolqaSfbRecording_cut.wav,4.0,0.0,0.0,3
30449589_MinPolqaSfbRecording_cut.wav,3.666666667,0.577350269,0.653333333,3
28433352_MinPolqaSfbRecording_cut.wav,4.666666667,0.577350269,0.653333333,3
30113624_MinPolqaSfbRecording_cut.wav,2.8,1.483239697,1.300116918,5
28693364_MinPolqaSfbRecording_cut.wav,4.4,0.547722558,0.48009999,5
30087339_MinPolqaSfbRecording_cut.wav,3.4,0.547722558,0.48009999,5
27799945_MinPolqaSfbRecording_cut.wav,4.6,0.547722558,0.48009999,5
30251815_MinPolqaSfbRecording_cut.wav,3.0,0.707106781,0.619806421,5
30510955_MinPolqaSfbRecording_cut.wav,2.8,0.836660027,0.733364848,5
30448322_MinPolqaSfbRecording_cut.wav,2.2,1.643167673,1.440299969,5
30156611_MinPolqaSfbRecording_cut.wav,3.0,1.0,0.876538647,5
28124840_MinPolqaSfbRecording_cut.wav,2.333333333,0.577350269,0.653333333,3
30488673_MinPolqaSfbRecording_cut.wav,2.666666667,0.577350269,0.653333333,3
30109098_MinPolqaSfbRecording_cut.wav,3.333333333,0.577350269,0.653333333,3
30149929_MinPolqaSfbRecording_cut.wav,3.666666667,0.577350269,0.653333333,3
28836482_MinPolqaSfbRecording_cut.wav,3.333333333,1.154700538,1.306666667,3
30247679_MinPolqaSfbRecording_cut.wav,2.666666667,0.577350269,0.653333333,3
30440639_MinPolqaSfbRecording_cut.wav,4.0,0.0,0.0,3
30089918_MinPolqaSfbRecording_cut.wav,2.666666667,0.577350269,0.653333333,3
30463161_MinPolqaSfbRecording_cut.wav,3.0,1.0,1.131606528,3
30491609_MinPolqaSfbRecording_cut.wav,3.6,0.547722558,0.48009999,5
30119707_MinPolqaSfbRecording_cut.wav,3.6,0.547722558,0.48009999,5
27711761_MinPolqaSfbRecording_cut.wav,3.8,0.447213595,0.392,5
30204998_MinPolqaSfbRecording_cut.wav,3.0,0.707106781,0.619806421,5
30484902_MinPolqaSfbRecording_cut.wav,1.4,0.894427191,0.784,5
30138897_MinPolqaSfbRecording_cut.wav,3.6,0.547722558,0.48009999,5
30455222_MinPolqaSfbRecording_cut.wav,2.2,0.447213595,0.392,5
30174187_MinPolqaSfbRecording_cut.wav,2.5,1.0,0.98,4
30135627_MinPolqaSfbRecording_cut.wav,2.5,1.732050808,1.697409791,4
30404457_MinPolqaSfbRecording_cut.wav,3.0,1.414213562,1.385929291,4
30465910_MinPolqaSfbRecording_cut.wav,3.75,0.957427108,0.938278566,4
30181278_MinPolqaSfbRecording_cut.wav,1.75,0.957427108,0.938278566,4
27855450_MinPolqaSfbRecording_cut.wav,4.25,0.957427108,0.938278566,4
30426340_MinPolqaSfbRecording_cut.wav,3.25,1.258305739,1.233139624,4
30136949_MinPolqaSfbRecording_cut.wav,2.0,1.414213562,1.385929291,4
30411392_MinPolqaSfbRecording_cut.wav,3.0,1.0,1.131606528,3
30199325_MinPolqaSfbRecording_cut.wav,3.0,1.0,1.131606528,3
27662626_MinPolqaSfbRecording_cut.wav,4.666666667,0.577350269,0.653333333,3
30174201_MinPolqaSfbRecording_cut.wav,3.666666667,0.577350269,0.653333333,3
28884235_MinPolqaSfbRecording_cut.wav,3.333333333,0.577350269,0.653333333,3
30183035_MinPolqaSfbRecording_cut.wav,3.666666667,0.577350269,0.653333333,3
30102785_MinPolqaSfbRecording_cut.wav,3.0,0.0,0.0,3
28491092_MinPolqaSfbRecording_cut.wav,4.666666667,0.577350269,0.653333333,3
30529194_MinPolqaSfbRecording_cut.wav,1.333333333,0.577350269,0.653333333,3
30100141_MinPolqaSfbRecording_cut.wav,2.0,0.816496581,0.800166649,4
30067776_MinPolqaSfbRecording_cut.wav,3.75,0.957427108,0.938278566,4
30428626_MinPolqaSfbRecording_cut.wav,1.0,0.0,0.0,4
30429794_MinPolqaSfbRecording_cut.wav,1.25,0.5,0.49,4
27696512_MinPolqaSfbRecording_cut.wav,3.25,0.5,0.49,4
28248246_MinPolqaSfbRecording_cut.wav,3.75,0.5,0.49,4
29058425_MinPolqaSfbRecording_cut.wav,3.5,0.707106781,0.98,2
28998361_MinPolqaSfbRecording_cut.wav,4.5,0.707106781,0.98,2
30179298_MinPolqaSfbRecording_cut.wav,4.0,0.0,0.0,2
30263376_MinPolqaSfbRecording_cut.wav,3.5,0.707106781,0.98,2
30106548_MinPolqaSfbRecording_cut.wav,3.0,0.0,0.0,2
28309041_MinPolqaSfbRecording_cut.wav,3.0,0.0,0.0,2
30117941_MinPolqaSfbRecording_cut.wav,4.5,0.707106781,0.98,2
30511906_MinPolqaSfbRecording_cut.wav,4.0,1.414213562,1.96,2
30522129_MinPolqaSfbRecording_cut.wav,2.5,0.707106781,0.98,2
28040446_MinPolqaSfbRecording_cut.wav,3.5,0.707106781,0.98,2
30141603_MinPolqaSfbRecording_cut.wav,3.0,0.0,0.0,2
30080713_MinPolqaSfbRecording_cut.wav,3.0,0.0,0.0,2
30157368_MinPolqaSfbRecording_cut.wav,1.5,0.707106781,0.98,2
30161199_MinPolqaSfbRecording_cut.wav,1.5,0.707106781,0.98,2
30090784_MinPolqaSfbRecording_cut.wav,3.5,0.707106781,0.98,2
30255124_MinPolqaSfbRecording_cut.wav,2.0,0.0,0.0,2
28118535_MinPolqaSfbRecording_cut.wav,3.0,1.414213562,1.96,2
29543946_MinPolqaSfbRecording_cut.wav,3.0,0.0,0.0,2
29061007_MinPolqaSfbRecording_cut.wav,3.8,0.836660027,0.733364848,5
30473165_MinPolqaSfbRecording_cut.wav,2.2,0.447213595,0.392,5
30474891_MinPolqaSfbRecording_cut.wav,2.6,0.547722558,0.48009999,5
30263562_MinPolqaSfbRecording_cut.wav,2.6,0.547722558,0.48009999,5
27620651_MinPolqaSfbRecording_cut.wav,3.4,0.547722558,0.48009999,5
30428018_MinPolqaSfbRecording_cut.wav,2.2,0.447213595,0.392,5
30118435_MinPolqaSfbRecording_cut.wav,2.2,0.447213595,0.392,5
28778798_MinPolqaSfbRecording_cut.wav,3.2,0.836660027,0.733364848,5
30101008_MinPolqaSfbRecording_cut.wav,3.6,0.547722558,0.48009999,5
30456155_MinPolqaSfbRecording_cut.wav,3.8,0.836660027,0.733364848,5
30166404_MinPolqaSfbRecording_cut.wav,3.5,0.707106781,0.98,2
30073054_MinPolqaSfbRecording_cut.wav,2.5,0.707106781,0.98,2
28502678_MinPolqaSfbRecording_cut.wav,3.0,0.0,0.0,2
30195270_MinPolqaSfbRecording_cut.wav,2.5,0.707106781,0.98,2
30109834_MinPolqaSfbRecording_cut.wav,4.0,0.0,0.0,2
28068827_MinPolqaSfbRecording_cut.wav,3.5,0.707106781,0.98,2
30177645_MinPolqaSfbRecording_cut.wav,2.0,0.0,0.0,2
30164190_MinPolqaSfbRecording_cut.wav,3.0,0.0,0.0,2
30496543_MinPolqaSfbRecording_cut.wav,1.5,0.707106781,0.98,2
28464040_MinPolqaSfbRecording_cut.wav,4.0,0.0,0.0,2
30261865_MinPolqaSfbRecording_cut.wav,3.25,0.957427108,0.938278566,4
30098762_MinPolqaSfbRecording_cut.wav,4.0,0.816496581,0.800166649,4
30124723_MinPolqaSfbRecording_cut.wav,3.75,0.957427108,0.938278566,4
30117911_MinPolqaSfbRecording_cut.wav,3.75,0.5,0.49,4
30092307_MinPolqaSfbRecording_cut.wav,2.75,0.957427108,0.938278566,4
28017129_MinPolqaSfbRecording_cut.wav,4.5,0.577350269,0.565803264,4
30258036_MinPolqaSfbRecording_cut.wav,2.75,0.5,0.49,4
30106588_MinPolqaSfbRecording_cut.wav,3.0,0.0,0.0,4
29544275_MinPolqaSfbRecording_cut.wav,1.5,0.577350269,0.565803264,4
29537312_MinPolqaSfbRecording_cut.wav,2.4,0.894427191,0.784,5
28621914_MinPolqaSfbRecording_cut.wav,4.0,1.0,0.876538647,5
30078980_MinPolqaSfbRecording_cut.wav,2.0,1.0,0.876538647,5
28154269_MinPolqaSfbRecording_cut.wav,3.6,0.547722558,0.48009999,5
30436189_MinPolqaSfbRecording_cut.wav,1.6,0.547722558,0.48009999,5
30068494_MinPolqaSfbRecording_cut.wav,1.6,0.547722558,0.48009999,5
30088727_MinPolqaSfbRecording_cut.wav,1.4,0.547722558,0.48009999,5
30089314_MinPolqaSfbRecording_cut.wav,2.8,0.836660027,0.733364848,5
30180520_MinPolqaSfbRecording_cut.wav,1.4,0.547722558,0.48009999,5
30253531_MinPolqaSfbRecording_cut.wav,2.2,0.447213595,0.392,5
30485908_MinPolqaSfbRecording_cut.wav,2.6,1.516575089,1.329336677,5
29529800_MinPolqaSfbRecording_cut.wav,4.4,0.547722558,0.48009999,5
30102848_MinPolqaSfbRecording_cut.wav,2.8,1.483239697,1.300116918,5
30423161_MinPolqaSfbRecording_cut.wav,2.4,1.140175425,0.999407825,5
30258291_MinPolqaSfbRecording_cut.wav,3.4,0.547722558,0.48009999,5
30511993_MinPolqaSfbRecording_cut.wav,4.2,0.447213595,0.392,5
28237140_MinPolqaSfbRecording_cut.wav,3.8,0.836660027,0.733364848,5
29541556_MinPolqaSfbRecording_cut.wav,4.6,0.547722558,0.48009999,5
30112790_MinPolqaSfbRecording_cut.wav,4.75,0.5,0.49,4
30063263_MinPolqaSfbRecording_cut.wav,4.0,0.816496581,0.800166649,4
27985476_MinPolqaSfbRecording_cut.wav,4.0,0.816496581,0.800166649,4
28875776_MinPolqaSfbRecording_cut.wav,3.25,0.5,0.49,4
30482036_MinPolqaSfbRecording_cut.wav,3.25,0.5,0.49,4
30430138_MinPolqaSfbRecording_cut.wav,2.75,0.5,0.49,4
28345496_MinPolqaSfbRecording_cut.wav,4.5,0.577350269,0.565803264,4
30263311_MinPolqaSfbRecording_cut.wav,3.75,0.5,0.49,4
30061211_MinPolqaSfbRecording_cut.wav,2.75,0.957427108,0.938278566,4
30255563_MinPolqaSfbRecording_cut.wav,2.0,1.154700538,1.131606528,4
30430137_MinPolqaSfbRecording_cut.wav,3.0,0.816496581,0.800166649,4
30103260_MinPolqaSfbRecording_cut.wav,3.75,1.258305739,1.233139624,4
30209274_MinPolqaSfbRecording_cut.wav,3.75,0.5,0.49,4
27985370_MinPolqaSfbRecording_cut.wav,4.25,0.957427108,0.938278566,4
30472664_MinPolqaSfbRecording_cut.wav,2.75,0.957427108,0.938278566,4
30150747_MinPolqaSfbRecording_cut.wav,3.25,0.5,0.49,4
30177418_MinPolqaSfbRecording_cut.wav,4.0,0.816496581,0.800166649,4
30470655_MinPolqaSfbRecording_cut.wav,1.75,0.957427108,0.938278566,4
30098118_MinPolqaSfbRecording_cut.wav,2.25,0.957427108,0.938278566,4
30261935_MinPolqaSfbRecording_cut.wav,3.25,0.957427108,0.938278566,4
27751251_MinPolqaSfbRecording_cut.wav,3.75,0.957427108,0.938278566,4
29057994_MinPolqaSfbRecording_cut.wav,4.25,0.957427108,0.938278566,4
30157258_MinPolqaSfbRecording_cut.wav,4.75,0.5,0.49,4
30145636_MinPolqaSfbRecording_cut.wav,2.75,0.957427108,0.938278566,4
30491760_MinPolqaSfbRecording_cut.wav,1.25,0.5,0.49,4
28307824_MinPolqaSfbRecording_cut.wav,4.0,0.816496581,0.800166649,4
30262064_MinPolqaSfbRecording_cut.wav,1.0,0.0,0.0,2
30474052_MinPolqaSfbRecording_cut.wav,2.5,2.121320344,2.94,2
30072784_MinPolqaSfbRecording_cut.wav,3.0,2.828427125,3.92,2
30133231_MinPolqaSfbRecording_cut.wav,2.5,0.707106781,0.98,2
28943430_MinPolqaSfbRecording_cut.wav,5.0,0.0,0.0,2
27960523_MinPolqaSfbRecording_cut.wav,4.0,0.0,0.0,4
27936402_MinPolqaSfbRecording_cut.wav,3.0,0.816496581,0.800166649,4
30117967_MinPolqaSfbRecording_cut.wav,4.0,1.414213562,1.385929291,4
30133962_MinPolqaSfbRecording_cut.wav,4.0,1.414213562,1.385929291,4
30467856_MinPolqaSfbRecording_cut.wav,3.25,0.957427108,0.938278566,4
30164302_MinPolqaSfbRecording_cut.wav,3.25,0.957427108,0.938278566,4
30183902_MinPolqaSfbRecording_cut.wav,3.5,1.732050808,1.697409791,4
30206459_MinPolqaSfbRecording_cut.wav,2.4,1.341640786,1.176,5
28859092_MinPolqaSfbRecording_cut.wav,2.2,1.095445115,0.960199979,5
30137211_MinPolqaSfbRecording_cut.wav,3.2,0.447213595,0.392,5
30103289_MinPolqaSfbRecording_cut.wav,2.2,1.095445115,0.960199979,5
30161262_MinPolqaSfbRecording_cut.wav,1.4,0.547722558,0.48009999,5
29065981_MinPolqaSfbRecording_cut.wav,4.0,1.0,0.876538647,5
30478650_MinPolqaSfbRecording_cut.wav,1.4,0.547722558,0.48009999,5
30106432_MinPolqaSfbRecording_cut.wav,2.4,1.341640786,1.176,5
27510717_MinPolqaSfbRecording_cut.wav,3.0,0.707106781,0.619806421,5
30477887_MinPolqaSfbRecording_cut.wav,3.666666667,0.577350269,0.653333333,3
28707489_MinPolqaSfbRecording_cut.wav,4.333333333,0.577350269,0.653333333,3
28441702_MinPolqaSfbRecording_cut.wav,3.666666667,0.577350269,0.653333333,3
28275508_MinPolqaSfbRecording_cut.wav,2.0,1.0,1.131606528,3
28702130_MinPolqaSfbRecording_cut.wav,3.666666667,0.577350269,0.653333333,3
30406106_MinPolqaSfbRecording_cut.wav,2.666666667,0.577350269,0.653333333,3
28870824_MinPolqaSfbRecording_cut.wav,4.0,1.0,1.131606528,3
30195558_MinPolqaSfbRecording_cut.wav,2.0,1.0,1.131606528,3
30442742_MinPolqaSfbRecording_cut.wav,4.333333333,1.154700538,1.306666667,3
30063341_MinPolqaSfbRecording_cut.wav,3.4,0.547722558,0.48009999,5
30092984_MinPolqaSfbRecording_cut.wav,2.0,0.707106781,0.619806421,5
30091393_MinPolqaSfbRecording_cut.wav,3.6,0.547722558,0.48009999,5
30440072_MinPolqaSfbRecording_cut.wav,3.6,0.894427191,0.784,5
30460698_MinPolqaSfbRecording_cut.wav,1.8,0.836660027,0.733364848,5
28303467_MinPolqaSfbRecording_cut.wav,2.6,0.894427191,0.784,5
30113469_MinPolqaSfbRecording_cut.wav,3.6,0.894427191,0.784,5
29544098_MinPolqaSfbRecording_cut.wav,5.0,0.0,0.0,3
30069963_MinPolqaSfbRecording_cut.wav,4.0,0.0,0.0,3
27882315_MinPolqaSfbRecording_cut.wav,4.0,0.0,0.0,3
30095699_MinPolqaSfbRecording_cut.wav,4.666666667,0.577350269,0.653333333,3
30488988_MinPolqaSfbRecording_cut.wav,5.0,0.0,0.0,3
30477998_MinPolqaSfbRecording_cut.wav,4.333333333,0.577350269,0.653333333,3
30197696_MinPolqaSfbRecording_cut.wav,3.666666667,0.577350269,0.653333333,3
30186150_MinPolqaSfbRecording_cut.wav,3.0,0.0,0.0,3
30067278_MinPolqaSfbRecording_cut.wav,2.666666667,1.154700538,1.306666667,3
30200273_MinPolqaSfbRecording_cut.wav,1.666666667,1.154700538,1.306666667,3
30096041_MinPolqaSfbRecording_cut.wav,3.0,0.0,0.0,3
30101035_MinPolqaSfbRecording_cut.wav,3.666666667,0.577350269,0.653333333,3
30254972_MinPolqaSfbRecording_cut.wav,1.666666667,0.577350269,0.653333333,3
30174826_MinPolqaSfbRecording_cut.wav,3.0,1.0,1.131606528,3
30129571_MinPolqaSfbRecording_cut.wav,2.333333333,0.577350269,0.653333333,3
30090918_MinPolqaSfbRecording_cut.wav,3.666666667,0.577350269,0.653333333,3
30412393_MinPolqaSfbRecording_cut.wav,3.6,0.547722558,0.48009999,5
27521907_MinPolqaSfbRecording_cut.wav,4.0,0.707106781,0.619806421,5
28702779_MinPolqaSfbRecording_cut.wav,4.2,0.836660027,0.733364848,5
30253882_MinPolqaSfbRecording_cut.wav,3.2,1.095445115,0.960199979,5
30151181_MinPolqaSfbRecording_cut.wav,2.0,1.0,0.876538647,5
30176731_MinPolqaSfbRecording_cut.wav,2.8,0.836660027,0.733364848,5
30502072_MinPolqaSfbRecording_cut.wav,3.8,0.447213595,0.392,5
30502056_MinPolqaSfbRecording_cut.wav,3.6,0.547722558,0.48009999,5
30468956_MinPolqaSfbRecording_cut.wav,3.2,0.836660027,0.733364848,5
28073813_MinPolqaSfbRecording_cut.wav,4.333333333,0.577350269,0.653333333,3
30457382_MinPolqaSfbRecording_cut.wav,3.666666667,1.527525232,1.728557523,3
30069021_MinPolqaSfbRecording_cut.wav,3.0,1.0,1.131606528,3
30472702_MinPolqaSfbRecording_cut.wav,3.333333333,0.577350269,0.653333333,3
30508630_MinPolqaSfbRecording_cut.wav,2.0,1.0,1.131606528,3
30134431_MinPolqaSfbRecording_cut.wav,4.333333333,1.154700538,1.306666667,3
30184811_MinPolqaSfbRecording_cut.wav,2.0,1.0,1.131606528,3
28747213_MinPolqaSfbRecording_cut.wav,4.333333333,1.154700538,1.306666667,3
30175067_MinPolqaSfbRecording_cut.wav,2.5,0.577350269,0.565803264,4
28783567_MinPolqaSfbRecording_cut.wav,3.5,1.0,0.98,4
29541238_MinPolqaSfbRecording_cut.wav,3.75,0.5,0.49,4
30188926_MinPolqaSfbRecording_cut.wav,3.0,0.816496581,0.800166649,4
29533254_MinPolqaSfbRecording_cut.wav,2.75,0.5,0.49,4
30429608_MinPolqaSfbRecording_cut.wav,4.0,1.414213562,1.385929291,4
29531679_MinPolqaSfbRecording_cut.wav,2.75,0.957427108,0.938278566,4
30152011_MinPolqaSfbRecording_cut.wav,2.0,0.816496581,0.800166649,4
30165476_MinPolqaSfbRecording_cut.wav,2.25,0.957427108,0.938278566,4
30137020_MinPolqaSfbRecording_cut.wav,2.0,1.154700538,1.131606528,4
30096419_MinPolqaSfbRecording_cut.wav,3.25,0.957427108,0.938278566,4
30426844_MinPolqaSfbRecording_cut.wav,4.25,0.957427108,0.938278566,4
28145120_MinPolqaSfbRecording_cut.wav,4.0,0.816496581,0.800166649,4
30143855_MinPolqaSfbRecording_cut.wav,2.75,0.5,0.49,4
28536854_MinPolqaSfbRecording_cut.wav,3.5,0.577350269,0.565803264,4
28552572_MinPolqaSfbRecording_cut.wav,2.75,0.5,0.49,4
30161694_MinPolqaSfbRecording_cut.wav,3.0,0.707106781,0.619806421,5
30488300_MinPolqaSfbRecording_cut.wav,2.4,0.547722558,0.48009999,5
27829124_MinPolqaSfbRecording_cut.wav,3.4,0.547722558,0.48009999,5
30162773_MinPolqaSfbRecording_cut.wav,3.4,1.140175425,0.999407825,5
30164639_MinPolqaSfbRecording_cut.wav,3.2,1.095445115,0.960199979,5
30491490_MinPolqaSfbRecording_cut.wav,2.8,0.836660027,0.733364848,5
28747200_MinPolqaSfbRecording_cut.wav,3.6,0.894427191,0.784,5
28343551_MinPolqaSfbRecording_cut.wav,3.6,1.140175425,0.999407825,5
28041534_MinPolqaSfbRecording_cut.wav,4.0,0.707106781,0.619806421,5
28233271_MinPolqaSfbRecording_cut.wav,3.666666667,0.577350269,0.653333333,3
30489401_MinPolqaSfbRecording_cut.wav,4.0,1.0,1.131606528,3
30529024_MinPolqaSfbRecording_cut.wav,4.333333333,0.577350269,0.653333333,3
30501350_MinPolqaSfbRecording_cut.wav,2.666666667,1.527525232,1.728557523,3
28505994_MinPolqaSfbRecording_cut.wav,4.333333333,0.577350269,0.653333333,3
28431602_MinPolqaSfbRecording_cut.wav,4.0,1.0,1.131606528,3
30137452_MinPolqaSfbRecording_cut.wav,4.0,1.0,1.131606528,3
29537046_MinPolqaSfbRecording_cut.wav,4.0,0.0,0.0,3
30184723_MinPolqaSfbRecording_cut.wav,3.0,1.0,1.131606528,3
27633387_MinPolqaSfbRecording_cut.wav,3.8,0.447213595,0.392,5
30180316_MinPolqaSfbRecording_cut.wav,3.4,0.894427191,0.784,5
30166330_MinPolqaSfbRecording_cut.wav,3.0,0.707106781,0.619806421,5
30064484_MinPolqaSfbRecording_cut.wav,4.4,0.894427191,0.784,5
28110798_MinPolqaSfbRecording_cut.wav,3.6,0.547722558,0.48009999,5
28251312_MinPolqaSfbRecording_cut.wav,3.8,0.447213595,0.392,5
30403782_MinPolqaSfbRecording_cut.wav,4.0,0.707106781,0.619806421,5
29060863_MinPolqaSfbRecording_cut.wav,3.8,0.447213595,0.392,5
28768804_MinPolqaSfbRecording_cut.wav,3.8,0.836660027,0.733364848,5
30424405_MinPolqaSfbRecording_cut.wav,3.8,0.447213595,0.392,5
30515751_MinPolqaSfbRecording_cut.wav,3.6,0.547722558,0.48009999,5
30060401_MinPolqaSfbRecording_cut.wav,2.8,0.836660027,0.733364848,5
30260889_MinPolqaSfbRecording_cut.wav,2.8,0.447213595,0.392,5
30110137_MinPolqaSfbRecording_cut.wav,3.6,0.547722558,0.48009999,5
29534335_MinPolqaSfbRecording_cut.wav,3.8,0.836660027,0.733364848,5
30180265_MinPolqaSfbRecording_cut.wav,3.2,0.447213595,0.392,5
30462525_MinPolqaSfbRecording_cut.wav,2.4,0.547722558,0.48009999,5
30135645_MinPolqaSfbRecording_cut.wav,1.8,0.836660027,0.733364848,5
30181713_MinPolqaSfbRecording_cut.wav,2.0,0.0,0.0,4
30511482_MinPolqaSfbRecording_cut.wav,1.25,0.5,0.49,4
30137664_MinPolqaSfbRecording_cut.wav,1.75,0.5,0.49,4
30083200_MinPolqaSfbRecording_cut.wav,1.75,0.5,0.49,4
30481686_MinPolqaSfbRecording_cut.wav,1.0,0.0,0.0,4
28198284_MinPolqaSfbRecording_cut.wav,4.0,1.154700538,1.131606528,4
30096821_MinPolqaSfbRecording_cut.wav,1.75,0.957427108,0.938278566,4
30455512_MinPolqaSfbRecording_cut.wav,3.25,0.5,0.49,4
28792703_MinPolqaSfbRecording_cut.wav,3.25,1.258305739,1.233139624,4
30096822_MinPolqaSfbRecording_cut.wav,1.5,0.577350269,0.565803264,4
30097847_MinPolqaSfbRecording_cut.wav,1.6,0.894427191,0.784,5
30123222_MinPolqaSfbRecording_cut.wav,2.0,0.707106781,0.619806421,5
30086322_MinPolqaSfbRecording_cut.wav,1.2,0.447213595,0.392,5
30202539_MinPolqaSfbRecording_cut.wav,1.8,0.447213595,0.392,5
30059621_MinPolqaSfbRecording_cut.wav,2.8,0.836660027,0.733364848,5
30488602_MinPolqaSfbRecording_cut.wav,1.6,0.894427191,0.784,5
30449592_MinPolqaSfbRecording_cut.wav,3.2,0.447213595,0.392,5
30148629_MinPolqaSfbRecording_cut.wav,1.0,0.0,0.0,5
29053031_MinPolqaSfbRecording_cut.wav,4.5,0.707106781,0.98,2
30400543_MinPolqaSfbRecording_cut.wav,5.0,0.0,0.0,2
30145519_MinPolqaSfbRecording_cut.wav,3.5,0.707106781,0.98,2
30161566_MinPolqaSfbRecording_cut.wav,2.5,0.707106781,0.98,2
28782617_MinPolqaSfbRecording_cut.wav,2.5,0.707106781,0.98,2
30248819_MinPolqaSfbRecording_cut.wav,4.5,0.707106781,0.98,2
30194282_MinPolqaSfbRecording_cut.wav,3.0,0.0,0.0,2
30141005_MinPolqaSfbRecording_cut.wav,3.5,0.707106781,0.98,2
30488126_MinPolqaSfbRecording_cut.wav,5.0,0.0,0.0,2
30162528_MinPolqaSfbRecording_cut.wav,2.666666667,1.527525232,1.728557523,3
28733525_MinPolqaSfbRecording_cut.wav,3.0,1.0,1.131606528,3
30083896_MinPolqaSfbRecording_cut.wav,2.333333333,1.154700538,1.306666667,3
28234650_MinPolqaSfbRecording_cut.wav,3.333333333,0.577350269,0.653333333,3
30457376_MinPolqaSfbRecording_cut.wav,1.0,0.0,0.0,3
30430515_MinPolqaSfbRecording_cut.wav,2.0,1.0,1.131606528,3
30154434_MinPolqaSfbRecording_cut.wav,2.333333333,1.527525232,1.728557523,3
30494064_MinPolqaSfbRecording_cut.wav,1.0,0.0,0.0,3
29529962_MinPolqaSfbRecording_cut.wav,2.333333333,1.154700538,1.306666667,3
30132550_MinPolqaSfbRecording_cut.wav,2.666666667,1.527525232,1.728557523,3
30061411_MinPolqaSfbRecording_cut.wav,3.5,1.0,0.98,4
27755481_MinPolqaSfbRecording_cut.wav,3.5,1.290994449,1.26517456,4
30113491_MinPolqaSfbRecording_cut.wav,3.0,0.816496581,0.800166649,4
30529895_MinPolqaSfbRecording_cut.wav,3.25,0.5,0.49,4
30174824_MinPolqaSfbRecording_cut.wav,3.25,0.5,0.49,4
29537002_MinPolqaSfbRecording_cut.wav,3.5,0.577350269,0.565803264,4
30063294_MinPolqaSfbRecording_cut.wav,3.25,0.957427108,0.938278566,4
30103674_MinPolqaSfbRecording_cut.wav,2.5,1.0,0.98,4
30113240_MinPolqaSfbRecording_cut.wav,3.75,0.5,0.49,4
30475069_MinPolqaSfbRecording_cut.wav,3.25,0.5,0.49,4
30137086_MinPolqaSfbRecording_cut.wav,2.4,0.547722558,0.48009999,5
28329559_MinPolqaSfbRecording_cut.wav,3.4,0.547722558,0.48009999,5
30166373_MinPolqaSfbRecording_cut.wav,3.6,0.547722558,0.48009999,5
30138925_MinPolqaSfbRecording_cut.wav,2.6,0.547722558,0.48009999,5
30117800_MinPolqaSfbRecording_cut.wav,2.6,0.547722558,0.48009999,5
30200151_MinPolqaSfbRecording_cut.wav,2.0,0.707106781,0.619806421,5
29532690_MinPolqaSfbRecording_cut.wav,4.2,0.836660027,0.733364848,5
28873509_MinPolqaSfbRecording_cut.wav,3.2,1.303840481,1.142866571,5
30486401_MinPolqaSfbRecording_cut.wav,2.4,0.547722558,0.48009999,5
29534917_MinPolqaSfbRecording_cut.wav,2.8,0.447213595,0.392,5
30124825_MinPolqaSfbRecording_cut.wav,3.6,1.140175425,0.999407825,5
30182706_MinPolqaSfbRecording_cut.wav,3.6,1.140175425,0.999407825,5
27564911_MinPolqaSfbRecording_cut.wav,3.0,0.707106781,0.619806421,5
30516523_MinPolqaSfbRecording_cut.wav,2.2,0.836660027,0.733364848,5
28642777_MinPolqaSfbRecording_cut.wav,3.6,0.894427191,0.784,5
27636088_MinPolqaSfbRecording_cut.wav,3.0,1.224744871,1.073536213,5
27967141_MinPolqaSfbRecording_cut.wav,4.6,0.547722558,0.48009999,5
30491095_MinPolqaSfbRecording_cut.wav,2.6,0.547722558,0.48009999,5
30259557_MinPolqaSfbRecording_cut.wav,2.0,1.0,0.876538647,5
30075369_MinPolqaSfbRecording_cut.wav,3.8,1.095445115,0.960199979,5
30472051_MinPolqaSfbRecording_cut.wav,2.6,1.140175425,0.999407825,5
28779659_MinPolqaSfbRecording_cut.wav,2.8,0.836660027,0.733364848,5
30251698_MinPolqaSfbRecording_cut.wav,2.0,1.224744871,1.073536213,5
30444849_MinPolqaSfbRecording_cut.wav,1.8,1.303840481,1.142866571,5
30079110_MinPolqaSfbRecording_cut.wav,1.5,0.577350269,0.565803264,4
30465826_MinPolqaSfbRecording_cut.wav,1.75,0.5,0.49,4
30443933_MinPolqaSfbRecording_cut.wav,2.25,0.957427108,0.938278566,4
28444611_MinPolqaSfbRecording_cut.wav,4.0,0.0,0.0,4
30412436_MinPolqaSfbRecording_cut.wav,3.75,0.957427108,0.938278566,4
30183508_MinPolqaSfbRecording_cut.wav,1.0,0.0,0.0,4
30109007_MinPolqaSfbRecording_cut.wav,1.5,0.577350269,0.565803264,4
30125361_MinPolqaSfbRecording_cut.wav,3.25,0.5,0.49,4
29540401_MinPolqaSfbRecording_cut.wav,4.4,0.547722558,0.48009999,5
30451683_MinPolqaSfbRecording_cut.wav,2.8,0.836660027,0.733364848,5
30093041_MinPolqaSfbRecording_cut.wav,1.6,0.547722558,0.48009999,5
30180191_MinPolqaSfbRecording_cut.wav,1.8,0.447213595,0.392,5
30098662_MinPolqaSfbRecording_cut.wav,3.6,1.140175425,0.999407825,5
30469656_MinPolqaSfbRecording_cut.wav,3.8,0.447213595,0.392,5
30490428_MinPolqaSfbRecording_cut.wav,2.25,0.5,0.49,4
30530142_MinPolqaSfbRecording_cut.wav,1.25,0.5,0.49,4
30148171_MinPolqaSfbRecording_cut.wav,3.5,0.577350269,0.565803264,4
28586653_MinPolqaSfbRecording_cut.wav,3.75,0.5,0.49,4
30142969_MinPolqaSfbRecording_cut.wav,2.75,0.5,0.49,4
30066585_MinPolqaSfbRecording_cut.wav,3.5,0.577350269,0.565803264,4
30103990_MinPolqaSfbRecording_cut.wav,3.5,0.577350269,0.565803264,4
28775878_MinPolqaSfbRecording_cut.wav,4.25,0.5,0.49,4
28260887_MinPolqaSfbRecording_cut.wav,4.0,0.0,0.0,4
30154777_MinPolqaSfbRecording_cut.wav,3.75,0.5,0.49,4
28209505_MinPolqaSfbRecording_cut.wav,4.2,0.836660027,0.733364848,5
30439439_MinPolqaSfbRecording_cut.wav,3.6,1.140175425,0.999407825,5
30169244_MinPolqaSfbRecording_cut.wav,2.0,1.0,0.876538647,5
30469652_MinPolqaSfbRecording_cut.wav,2.4,0.894427191,0.784,5
30474596_MinPolqaSfbRecording_cut.wav,4.0,0.707106781,0.619806421,5
30134014_MinPolqaSfbRecording_cut.wav,2.2,0.836660027,0.733364848,5
30144981_MinPolqaSfbRecording_cut.wav,2.8,0.836660027,0.733364848,5
30171483_MinPolqaSfbRecording_cut.wav,2.4,1.140175425,0.999407825,5
28600247_MinPolqaSfbRecording_cut.wav,3.0,0.816496581,0.800166649,4
30509278_MinPolqaSfbRecording_cut.wav,1.75,0.957427108,0.938278566,4
30424393_MinPolqaSfbRecording_cut.wav,2.5,1.290994449,1.26517456,4
30122104_MinPolqaSfbRecording_cut.wav,2.0,1.154700538,1.131606528,4
30089378_MinPolqaSfbRecording_cut.wav,2.0,0.816496581,0.800166649,4
30064407_MinPolqaSfbRecording_cut.wav,2.5,1.0,0.98,4
30075429_MinPolqaSfbRecording_cut.wav,2.5,0.577350269,0.565803264,4
30414636_MinPolqaSfbRecording_cut.wav,2.0,0.0,0.0,4
30460498_MinPolqaSfbRecording_cut.wav,1.0,0.0,0.0,4
30088494_MinPolqaSfbRecording_cut.wav,2.0,0.0,0.0,4
30207421_MinPolqaSfbRecording_cut.wav,2.25,0.5,0.49,4
30415969_MinPolqaSfbRecording_cut.wav,2.75,0.5,0.49,4
30255131_MinPolqaSfbRecording_cut.wav,3.5,1.290994449,1.26517456,4
28219793_MinPolqaSfbRecording_cut.wav,3.75,0.5,0.49,4
27722320_MinPolqaSfbRecording_cut.wav,5.0,0.0,0.0,4
30091881_MinPolqaSfbRecording_cut.wav,4.25,0.957427108,0.938278566,4
29530670_MinPolqaSfbRecording_cut.wav,3.4,0.547722558,0.48009999,5
28761757_MinPolqaSfbRecording_cut.wav,3.8,0.836660027,0.733364848,5
28039425_MinPolqaSfbRecording_cut.wav,2.8,0.447213595,0.392,5
30193345_MinPolqaSfbRecording_cut.wav,4.4,0.547722558,0.48009999,5
30137553_MinPolqaSfbRecording_cut.wav,3.8,0.447213595,0.392,5
30109307_MinPolqaSfbRecording_cut.wav,2.4,1.140175425,0.999407825,5
30126159_MinPolqaSfbRecording_cut.wav,3.4,0.547722558,0.48009999,5
30184496_MinPolqaSfbRecording_cut.wav,2.6,1.341640786,1.176,5
29536692_MinPolqaSfbRecording_cut.wav,2.6,0.894427191,0.784,5
30201293_MinPolqaSfbRecording_cut.wav,4.6,0.547722558,0.48009999,5
30409361_MinPolqaSfbRecording_cut.wav,3.0,0.707106781,0.619806421,5
30401999_MinPolqaSfbRecording_cut.wav,3.8,0.447213595,0.392,5
30102850_MinPolqaSfbRecording_cut.wav,4.0,0.707106781,0.619806421,5
30147459_MinPolqaSfbRecording_cut.wav,3.0,1.0,0.876538647,5
28482747_MinPolqaSfbRecording_cut.wav,3.6,0.894427191,0.784,5
30260532_MinPolqaSfbRecording_cut.wav,3.4,0.894427191,0.784,5
30128893_MinPolqaSfbRecording_cut.wav,3.2,0.447213595,0.392,5
30098720_MinPolqaSfbRecording_cut.wav,3.0,1.224744871,1.073536213,5
30112931_MinPolqaSfbRecording_cut.wav,3.8,1.095445115,0.960199979,5
30183452_MinPolqaSfbRecording_cut.wav,3.0,1.0,0.876538647,5
28794013_MinPolqaSfbRecording_cut.wav,3.8,0.447213595,0.392,5
30137579_MinPolqaSfbRecording_cut.wav,1.6,0.547722558,0.48009999,5
30181558_MinPolqaSfbRecording_cut.wav,1.8,0.836660027,0.733364848,5
29530760_MinPolqaSfbRecording_cut.wav,2.2,1.095445115,0.960199979,5
30503442_MinPolqaSfbRecording_cut.wav,1.2,0.447213595,0.392,5
30206350_MinPolqaSfbRecording_cut.wav,1.4,0.547722558,0.48009999,5
30256845_MinPolqaSfbRecording_cut.wav,1.2,0.447213595,0.392,5
30509457_MinPolqaSfbRecording_cut.wav,3.2,0.447213595,0.392,5
28452342_MinPolqaSfbRecording_cut.wav,3.25,0.957427108,0.938278566,4
30062281_MinPolqaSfbRecording_cut.wav,2.75,0.957427108,0.938278566,4
30492030_MinPolqaSfbRecording_cut.wav,2.0,1.154700538,1.131606528,4
30442032_MinPolqaSfbRecording_cut.wav,3.5,1.290994449,1.26517456,4
30212528_MinPolqaSfbRecording_cut.wav,2.75,0.957427108,0.938278566,4
30210741_MinPolqaSfbRecording_cut.wav,3.5,0.577350269,0.565803264,4
30100719_MinPolqaSfbRecording_cut.wav,2.25,0.957427108,0.938278566,4
28896804_MinPolqaSfbRecording_cut.wav,4.0,0.816496581,0.800166649,4
30174865_MinPolqaSfbRecording_cut.wav,4.0,0.0,0.0,2
30134053_MinPolqaSfbRecording_cut.wav,2.0,0.0,0.0,2
30262875_MinPolqaSfbRecording_cut.wav,3.0,0.0,0.0,2
27674207_MinPolqaSfbRecording_cut.wav,3.0,1.414213562,1.96,2
27922891_MinPolqaSfbRecording_cut.wav,3.5,0.707106781,0.98,2
30518930_MinPolqaSfbRecording_cut.wav,2.5,0.707106781,0.98,2
30194428_MinPolqaSfbRecording_cut.wav,2.0,0.0,0.0,2
30064041_MinPolqaSfbRecording_cut.wav,3.5,0.577350269,0.565803264,4
28126762_MinPolqaSfbRecording_cut.wav,4.25,0.5,0.49,4
30166072_MinPolqaSfbRecording_cut.wav,3.0,0.0,0.0,4
30100019_MinPolqaSfbRecording_cut.wav,3.25,0.5,0.49,4
30184130_MinPolqaSfbRecording_cut.wav,3.5,0.577350269,0.565803264,4
29017366_MinPolqaSfbRecording_cut.wav,4.0,0.816496581,0.800166649,4
30468550_MinPolqaSfbRecording_cut.wav,1.75,0.957427108,0.938278566,4
30174153_MinPolqaSfbRecording_cut.wav,3.5,0.577350269,0.565803264,4
27822545_MinPolqaSfbRecording_cut.wav,3.5,0.577350269,0.565803264,4
30521603_MinPolqaSfbRecording_cut.wav,3.25,0.5,0.49,4
30132166_MinPolqaSfbRecording_cut.wav,3.0,0.707106781,0.619806421,5
29532755_MinPolqaSfbRecording_cut.wav,3.0,0.707106781,0.619806421,5
30078640_MinPolqaSfbRecording_cut.wav,3.0,0.707106781,0.619806421,5
30472866_MinPolqaSfbRecording_cut.wav,3.8,0.447213595,0.392,5
30066257_MinPolqaSfbRecording_cut.wav,3.2,0.836660027,0.733364848,5
30501866_MinPolqaSfbRecording_cut.wav,2.0,1.224744871,1.073536213,5
29047843_MinPolqaSfbRecording_cut.wav,4.0,0.816496581,0.800166649,4
30070032_MinPolqaSfbRecording_cut.wav,1.75,0.957427108,0.938278566,4
30119771_MinPolqaSfbRecording_cut.wav,3.25,1.258305739,1.233139624,4
30402153_MinPolqaSfbRecording_cut.wav,2.5,1.0,0.98,4
27681394_MinPolqaSfbRecording_cut.wav,4.25,0.957427108,0.938278566,4
30164792_MinPolqaSfbRecording_cut.wav,2.75,1.258305739,1.233139624,4
29536562_MinPolqaSfbRecording_cut.wav,1.75,0.957427108,0.938278566,4
30528847_MinPolqaSfbRecording_cut.wav,2.2,0.836660027,0.733364848,5
30151987_MinPolqaSfbRecording_cut.wav,3.8,0.836660027,0.733364848,5
30470599_MinPolqaSfbRecording_cut.wav,1.4,0.547722558,0.48009999,5
30491894_MinPolqaSfbRecording_cut.wav,1.0,0.0,0.0,5
30107394_MinPolqaSfbRecording_cut.wav,3.4,0.894427191,0.784,5
28061646_MinPolqaSfbRecording_cut.wav,4.0,1.0,0.876538647,5
28870727_MinPolqaSfbRecording_cut.wav,3.8,0.836660027,0.733364848,5
27629476_MinPolqaSfbRecording_cut.wav,1.8,0.836660027,0.733364848,5
30061140_MinPolqaSfbRecording_cut.wav,3.2,0.836660027,0.733364848,5
30150238_MinPolqaSfbRecording_cut.wav,3.8,1.303840481,1.142866571,5
30119619_MinPolqaSfbRecording_cut.wav,4.5,0.707106781,0.98,2
30101209_MinPolqaSfbRecording_cut.wav,4.0,0.0,0.0,2
28252217_MinPolqaSfbRecording_cut.wav,4.0,0.0,0.0,2
27846682_MinPolqaSfbRecording_cut.wav,5.0,0.0,0.0,2
30508839_MinPolqaSfbRecording_cut.wav,4.0,0.0,0.0,2
27919571_MinPolqaSfbRecording_cut.wav,4.0,0.0,0.0,2
30511667_MinPolqaSfbRecording_cut.wav,4.0,1.414213562,1.96,2
30098185_MinPolqaSfbRecording_cut.wav,4.0,0.0,0.0,2
28790373_MinPolqaSfbRecording_cut.wav,4.4,0.547722558,0.48009999,5
30135694_MinPolqaSfbRecording_cut.wav,2.2,1.095445115,0.960199979,5
30208227_MinPolqaSfbRecording_cut.wav,2.6,1.516575089,1.329336677,5
30207907_MinPolqaSfbRecording_cut.wav,3.2,1.095445115,0.960199979,5
28807003_MinPolqaSfbRecording_cut.wav,3.4,1.140175425,0.999407825,5
30063985_MinPolqaSfbRecording_cut.wav,3.6,0.547722558,0.48009999,5
28881758_MinPolqaSfbRecording_cut.wav,3.6,0.894427191,0.784,5
27783005_MinPolqaSfbRecording_cut.wav,4.0,0.707106781,0.619806421,5
27628229_MinPolqaSfbRecording_cut.wav,4.0,0.0,0.0,5
30066180_MinPolqaSfbRecording_cut.wav,3.4,0.547722558,0.48009999,5
30099530_MinPolqaSfbRecording_cut.wav,3.6,0.894427191,0.784,5
27147694_MinPolqaSfbRecording_cut.wav,4.4,0.894427191,0.784,5
28530488_MinPolqaSfbRecording_cut.wav,4.0,0.707106781,0.619806421,5
30413002_MinPolqaSfbRecording_cut.wav,3.4,1.140175425,0.999407825,5
30141907_MinPolqaSfbRecording_cut.wav,3.0,0.707106781,0.619806421,5
30139273_MinPolqaSfbRecording_cut.wav,4.4,0.547722558,0.48009999,5
27687019_MinPolqaSfbRecording_cut.wav,4.8,0.447213595,0.392,5
30166932_MinPolqaSfbRecording_cut.wav,1.25,0.5,0.49,4
30472145_MinPolqaSfbRecording_cut.wav,2.0,0.0,0.0,4
30104035_MinPolqaSfbRecording_cut.wav,2.75,0.5,0.49,4
30185475_MinPolqaSfbRecording_cut.wav,2.5,0.577350269,0.565803264,4
28930164_MinPolqaSfbRecording_cut.wav,2.5,0.577350269,0.565803264,4
30153900_MinPolqaSfbRecording_cut.wav,2.0,0.816496581,0.800166649,4
30194309_MinPolqaSfbRecording_cut.wav,2.25,0.5,0.49,4
30071780_MinPolqaSfbRecording_cut.wav,3.5,0.577350269,0.565803264,4
30069838_MinPolqaSfbRecording_cut.wav,2.5,0.707106781,0.98,2
30212735_MinPolqaSfbRecording_cut.wav,3.0,0.0,0.0,2
27778924_MinPolqaSfbRecording_cut.wav,4.0,0.0,0.0,2
30076847_MinPolqaSfbRecording_cut.wav,3.0,0.0,0.0,2
30084473_MinPolqaSfbRecording_cut.wav,1.5,0.707106781,0.98,2
30430680_MinPolqaSfbRecording_cut.wav,3.0,0.0,0.0,2
30258548_MinPolqaSfbRecording_cut.wav,3.5,0.707106781,0.98,2
30102979_MinPolqaSfbRecording_cut.wav,3.0,0.0,0.0,2
30257196_MinPolqaSfbRecording_cut.wav,3.5,0.707106781,0.98,2
30184014_MinPolqaSfbRecording_cut.wav,3.5,0.707106781,0.98,2
28275787_MinPolqaSfbRecording_cut.wav,4.75,0.5,0.49,4
30096932_MinPolqaSfbRecording_cut.wav,3.25,0.5,0.49,4
28708438_MinPolqaSfbRecording_cut.wav,4.5,0.577350269,0.565803264,4
30408222_MinPolqaSfbRecording_cut.wav,2.75,0.5,0.49,4
30471375_MinPolqaSfbRecording_cut.wav,3.5,0.577350269,0.565803264,4
30076594_MinPolqaSfbRecording_cut.wav,2.5,0.577350269,0.565803264,4
27621693_MinPolqaSfbRecording_cut.wav,3.75,0.5,0.49,4
28356904_MinPolqaSfbRecording_cut.wav,4.75,0.5,0.49,4
27592295_MinPolqaSfbRecording_cut.wav,4.5,0.577350269,0.565803264,4
29544394_MinPolqaSfbRecording_cut.wav,2.0,1.414213562,1.385929291,4
29025141_MinPolqaSfbRecording_cut.wav,4.75,0.5,0.49,4
30511968_MinPolqaSfbRecording_cut.wav,3.0,0.816496581,0.800166649,4
30409339_MinPolqaSfbRecording_cut.wav,3.25,0.5,0.49,4
30403907_MinPolqaSfbRecording_cut.wav,3.75,0.957427108,0.938278566,4
27869849_MinPolqaSfbRecording_cut.wav,3.25,0.5,0.49,4
30456284_MinPolqaSfbRecording_cut.wav,1.75,1.5,1.47,4
30117975_MinPolqaSfbRecording_cut.wav,3.0,1.414213562,1.385929291,4
30204795_MinPolqaSfbRecording_cut.wav,2.25,0.5,0.49,4
30119384_MinPolqaSfbRecording_cut.wav,3.25,0.5,0.49,4
30425444_MinPolqaSfbRecording_cut.wav,3.75,0.957427108,0.938278566,4
30199082_MinPolqaSfbRecording_cut.wav,3.0,0.0,0.0,4
30211077_MinPolqaSfbRecording_cut.wav,3.25,0.5,0.49,4
30149593_MinPolqaSfbRecording_cut.wav,2.0,0.816496581,0.800166649,4
30118901_MinPolqaSfbRecording_cut.wav,4.5,0.577350269,0.565803264,4
30206443_MinPolqaSfbRecording_cut.wav,2.75,0.957427108,0.938278566,4
30505153_MinPolqaSfbRecording_cut.wav,3.0,0.0,0.0,4
30468657_MinPolqaSfbRecording_cut.wav,3.333333333,2.081665999,2.355626833,3
30511044_MinPolqaSfbRecording_cut.wav,2.0,1.0,1.131606528,3
30100998_MinPolqaSfbRecording_cut.wav,1.666666667,0.577350269,0.653333333,3
30207101_MinPolqaSfbRecording_cut.wav,1.666666667,1.154700538,1.306666667,3
30140579_MinPolqaSfbRecording_cut.wav,2.0,1.0,1.131606528,3
28896176_MinPolqaSfbRecording_cut.wav,4.333333333,1.154700538,1.306666667,3
30086794_MinPolqaSfbRecording_cut.wav,2.333333333,0.577350269,0.653333333,3
27750694_MinPolqaSfbRecording_cut.wav,4.0,1.0,1.131606528,3
28179883_MinPolqaSfbRecording_cut.wav,3.6,0.894427191,0.784,5
30529117_MinPolqaSfbRecording_cut.wav,2.4,0.547722558,0.48009999,5
29542094_MinPolqaSfbRecording_cut.wav,4.2,0.836660027,0.733364848,5
30066618_MinPolqaSfbRecording_cut.wav,4.0,0.707106781,0.619806421,5
30188965_MinPolqaSfbRecording_cut.wav,2.6,0.894427191,0.784,5
30176657_MinPolqaSfbRecording_cut.wav,1.4,0.894427191,0.784,5
30103380_MinPolqaSfbRecording_cut.wav,3.0,0.0,0.0,5
30461948_MinPolqaSfbRecording_cut.wav,1.2,0.447213595,0.392,5
28324259_MinPolqaSfbRecording_cut.wav,5.0,0.0,0.0,5
27867784_MinPolqaSfbRecording_cut.wav,3.8,0.447213595,0.392,5
30195505_MinPolqaSfbRecording_cut.wav,2.4,0.547722558,0.48009999,5
27769743_MinPolqaSfbRecording_cut.wav,4.4,0.547722558,0.48009999,5
30519986_MinPolqaSfbRecording_cut.wav,2.6,1.140175425,0.999407825,5
30181284_MinPolqaSfbRecording_cut.wav,1.4,0.547722558,0.48009999,5
30109308_MinPolqaSfbRecording_cut.wav,2.6,0.547722558,0.48009999,5
30113718_MinPolqaSfbRecording_cut.wav,1.4,0.547722558,0.48009999,5
28737914_MinPolqaSfbRecording_cut.wav,2.4,1.140175425,0.999407825,5
30472212_MinPolqaSfbRecording_cut.wav,1.333333333,0.577350269,0.653333333,3
28024133_MinPolqaSfbRecording_cut.wav,4.0,1.0,1.131606528,3
30426593_MinPolqaSfbRecording_cut.wav,1.666666667,0.577350269,0.653333333,3
30451429_MinPolqaSfbRecording_cut.wav,2.666666667,1.154700538,1.306666667,3
27698826_MinPolqaSfbRecording_cut.wav,4.0,0.0,0.0,3
30258443_MinPolqaSfbRecording_cut.wav,3.0,1.0,1.131606528,3
30430659_MinPolqaSfbRecording_cut.wav,2.0,1.0,1.131606528,3
28617457_MinPolqaSfbRecording_cut.wav,3.333333333,0.577350269,0.653333333,3
30130122_MinPolqaSfbRecording_cut.wav,1.333333333,0.577350269,0.653333333,3
30213729_MinPolqaSfbRecording_cut.wav,2.4,0.894427191,0.784,5
30067774_MinPolqaSfbRecording_cut.wav,4.4,0.894427191,0.784,5
30135663_MinPolqaSfbRecording_cut.wav,4.4,0.547722558,0.48009999,5
30067297_MinPolqaSfbRecording_cut.wav,3.6,0.547722558,0.48009999,5
30486190_MinPolqaSfbRecording_cut.wav,3.6,0.547722558,0.48009999,5
30062191_MinPolqaSfbRecording_cut.wav,3.0,0.0,0.0,5
30522485_MinPolqaSfbRecording_cut.wav,3.8,0.836660027,0.733364848,5
30103255_MinPolqaSfbRecording_cut.wav,4.0,1.0,0.876538647,5
30071041_MinPolqaSfbRecording_cut.wav,1.6,0.547722558,0.48009999,5
30177028_MinPolqaSfbRecording_cut.wav,1.2,0.447213595,0.392,5
28192185_MinPolqaSfbRecording_cut.wav,3.6,1.140175425,0.999407825,5
30158209_MinPolqaSfbRecording_cut.wav,2.2,0.836660027,0.733364848,5
27763689_MinPolqaSfbRecording_cut.wav,3.6,0.547722558,0.48009999,5
30086927_MinPolqaSfbRecording_cut.wav,2.6,0.547722558,0.48009999,5
29543739_MinPolqaSfbRecording_cut.wav,2.2,1.303840481,1.142866571,5
30165245_MinPolqaSfbRecording_cut.wav,4.0,0.0,0.0,5
30123333_MinPolqaSfbRecording_cut.wav,1.6,0.547722558,0.48009999,5
30427927_MinPolqaSfbRecording_cut.wav,2.5,0.577350269,0.565803264,4
30096171_MinPolqaSfbRecording_cut.wav,3.5,1.0,0.98,4
30486637_MinPolqaSfbRecording_cut.wav,2.0,0.816496581,0.800166649,4
27956230_MinPolqaSfbRecording_cut.wav,4.25,0.5,0.49,4
30204827_MinPolqaSfbRecording_cut.wav,3.0,0.816496581,0.800166649,4
30465805_MinPolqaSfbRecording_cut.wav,1.75,0.5,0.49,4
27705898_MinPolqaSfbRecording_cut.wav,3.25,0.5,0.49,4
30491250_MinPolqaSfbRecording_cut.wav,3.25,1.258305739,1.233139624,4
30467970_MinPolqaSfbRecording_cut.wav,2.25,0.5,0.49,4
28014944_MinPolqaSfbRecording_cut.wav,3.25,0.5,0.49,4
30125915_MinPolqaSfbRecording_cut.wav,3.0,0.707106781,0.619806421,5
30416828_MinPolqaSfbRecording_cut.wav,1.8,0.836660027,0.733364848,5
30488660_MinPolqaSfbRecording_cut.wav,3.8,1.095445115,0.960199979,5
28627826_MinPolqaSfbRecording_cut.wav,4.6,0.547722558,0.48009999,5
30200149_MinPolqaSfbRecording_cut.wav,2.4,1.673320053,1.466729696,5
30427374_MinPolqaSfbRecording_cut.wav,2.6,1.516575089,1.329336677,5
30432209_MinPolqaSfbRecording_cut.wav,4.0,1.224744871,1.073536213,5
30468611_MinPolqaSfbRecording_cut.wav,3.6,0.894427191,0.784,5
29544303_MinPolqaSfbRecording_cut.wav,2.333333333,0.577350269,0.653333333,3
30149209_MinPolqaSfbRecording_cut.wav,1.333333333,0.577350269,0.653333333,3
27712744_MinPolqaSfbRecording_cut.wav,3.0,1.0,1.131606528,3
30086860_MinPolqaSfbRecording_cut.wav,3.666666667,0.577350269,0.653333333,3
27933771_MinPolqaSfbRecording_cut.wav,3.333333333,0.577350269,0.653333333,3
30460694_MinPolqaSfbRecording_cut.wav,2.0,1.414213562,1.385929291,4
30483564_MinPolqaSfbRecording_cut.wav,1.75,0.957427108,0.938278566,4
30119731_MinPolqaSfbRecording_cut.wav,2.5,1.290994449,1.26517456,4
30150936_MinPolqaSfbRecording_cut.wav,1.75,1.5,1.47,4
28757763_MinPolqaSfbRecording_cut.wav,3.5,0.577350269,0.565803264,4
27649519_MinPolqaSfbRecording_cut.wav,3.5,0.577350269,0.565803264,4
28806734_MinPolqaSfbRecording_cut.wav,2.5,0.577350269,0.565803264,4
30522852_MinPolqaSfbRecording_cut.wav,2.25,1.5,1.47,4
30085932_MinPolqaSfbRecording_cut.wav,4.0,0.816496581,0.800166649,4
30067598_MinPolqaSfbRecording_cut.wav,2.25,1.258305739,1.233139624,4
30407684_MinPolqaSfbRecording_cut.wav,3.0,0.816496581,0.800166649,4
30481886_MinPolqaSfbRecording_cut.wav,4.25,0.5,0.49,4
30147573_MinPolqaSfbRecording_cut.wav,2.5,0.577350269,0.565803264,4
30212794_MinPolqaSfbRecording_cut.wav,2.25,0.957427108,0.938278566,4
30101218_MinPolqaSfbRecording_cut.wav,2.25,0.957427108,0.938278566,4
30148354_MinPolqaSfbRecording_cut.wav,3.0,0.816496581,0.800166649,4
30152066_MinPolqaSfbRecording_cut.wav,3.0,0.0,0.0,4
30474298_MinPolqaSfbRecording_cut.wav,2.0,0.816496581,0.800166649,4
30157103_MinPolqaSfbRecording_cut.wav,3.75,0.5,0.49,4
30253565_MinPolqaSfbRecording_cut.wav,3.25,0.5,0.49,4
30408836_MinPolqaSfbRecording_cut.wav,2.25,0.957427108,0.938278566,4
30136480_MinPolqaSfbRecording_cut.wav,2.25,0.5,0.49,4
30099155_MinPolqaSfbRecording_cut.wav,4.0,0.0,0.0,4
28660675_MinPolqaSfbRecording_cut.wav,3.75,0.957427108,0.938278566,4
30480606_MinPolqaSfbRecording_cut.wav,2.0,0.816496581,0.800166649,4
30067734_MinPolqaSfbRecording_cut.wav,3.666666667,1.154700538,1.306666667,3
28777581_MinPolqaSfbRecording_cut.wav,4.0,1.0,1.131606528,3
30137950_MinPolqaSfbRecording_cut.wav,2.333333333,0.577350269,0.653333333,3
30128408_MinPolqaSfbRecording_cut.wav,4.333333333,0.577350269,0.653333333,3
30475810_MinPolqaSfbRecording_cut.wav,2.0,1.0,1.131606528,3
30473322_MinPolqaSfbRecording_cut.wav,2.0,1.0,1.131606528,3
30261882_MinPolqaSfbRecording_cut.wav,3.333333333,0.577350269,0.653333333,3
30096278_MinPolqaSfbRecording_cut.wav,3.5,0.577350269,0.565803264,4
28483977_MinPolqaSfbRecording_cut.wav,4.25,0.5,0.49,4
30183581_MinPolqaSfbRecording_cut.wav,1.5,0.577350269,0.565803264,4
27143491_MinPolqaSfbRecording_cut.wav,4.25,0.5,0.49,4
30503064_MinPolqaSfbRecording_cut.wav,2.25,0.957427108,0.938278566,4
27897940_MinPolqaSfbRecording_cut.wav,2.75,0.5,0.49,4
30432905_MinPolqaSfbRecording_cut.wav,3.5,0.577350269,0.565803264,4
28749949_MinPolqaSfbRecording_cut.wav,4.0,0.0,0.0,4
27861059_MinPolqaSfbRecording_cut.wav,4.6,0.547722558,0.48009999,5
30415797_MinPolqaSfbRecording_cut.wav,3.8,0.447213595,0.392,5
30123463_MinPolqaSfbRecording_cut.wav,3.2,0.836660027,0.733364848,5
30481241_MinPolqaSfbRecording_cut.wav,3.0,1.414213562,1.239612843,5
27552908_MinPolqaSfbRecording_cut.wav,3.4,0.547722558,0.48009999,5
30262531_MinPolqaSfbRecording_cut.wav,3.6,1.140175425,0.999407825,5
30404671_MinPolqaSfbRecording_cut.wav,2.8,0.836660027,0.733364848,5
28877321_MinPolqaSfbRecording_cut.wav,4.4,0.894427191,0.784,5
30207281_MinPolqaSfbRecording_cut.wav,2.0,0.0,0.0,5
30515239_MinPolqaSfbRecording_cut.wav,3.0,0.707106781,0.619806421,5
28012222_MinPolqaSfbRecording_cut.wav,3.0,1.0,0.876538647,5
30445524_MinPolqaSfbRecording_cut.wav,2.6,0.547722558,0.48009999,5
30161658_MinPolqaSfbRecording_cut.wav,3.2,0.447213595,0.392,5
30421578_MinPolqaSfbRecording_cut.wav,4.2,0.447213595,0.392,5
28968877_MinPolqaSfbRecording_cut.wav,4.2,0.836660027,0.733364848,5
30120245_MinPolqaSfbRecording_cut.wav,3.8,0.447213595,0.392,5
30073505_MinPolqaSfbRecording_cut.wav,2.0,0.707106781,0.619806421,5
30521014_MinPolqaSfbRecording_cut.wav,2.5,0.577350269,0.565803264,4
28158792_MinPolqaSfbRecording_cut.wav,3.5,0.577350269,0.565803264,4
30186286_MinPolqaSfbRecording_cut.wav,3.5,0.577350269,0.565803264,4
28457436_MinPolqaSfbRecording_cut.wav,4.5,0.577350269,0.565803264,4
28835619_MinPolqaSfbRecording_cut.wav,4.0,0.816496581,0.800166649,4
30141046_MinPolqaSfbRecording_cut.wav,2.25,0.5,0.49,4
30154794_MinPolqaSfbRecording_cut.wav,3.0,0.0,0.0,4
30453342_MinPolqaSfbRecording_cut.wav,3.0,0.816496581,0.800166649,4
30402623_MinPolqaSfbRecording_cut.wav,2.0,0.0,0.0,4
27789898_MinPolqaSfbRecording_cut.wav,4.25,0.957427108,0.938278566,4
30491215_MinPolqaSfbRecording_cut.wav,3.25,0.957427108,0.938278566,4
28215073_MinPolqaSfbRecording_cut.wav,3.5,1.290994449,1.26517456,4
30472163_MinPolqaSfbRecording_cut.wav,4.25,0.957427108,0.938278566,4
30127350_MinPolqaSfbRecording_cut.wav,4.25,0.957427108,0.938278566,4
30139206_MinPolqaSfbRecording_cut.wav,2.75,0.957427108,0.938278566,4
30171864_MinPolqaSfbRecording_cut.wav,2.75,0.957427108,0.938278566,4
30461300_MinPolqaSfbRecording_cut.wav,3.0,0.0,0.0,4
30163823_MinPolqaSfbRecording_cut.wav,4.0,1.154700538,1.131606528,4
30118454_MinPolqaSfbRecording_cut.wav,3.0,0.816496581,0.800166649,4
30429080_MinPolqaSfbRecording_cut.wav,3.5,1.290994449,1.26517456,4
30082932_MinPolqaSfbRecording_cut.wav,1.25,0.5,0.49,4
30150808_MinPolqaSfbRecording_cut.wav,3.75,0.957427108,0.938278566,4
30263378_MinPolqaSfbRecording_cut.wav,4.0,1.154700538,1.131606528,4
30470582_MinPolqaSfbRecording_cut.wav,2.75,0.957427108,0.938278566,4
28177575_MinPolqaSfbRecording_cut.wav,4.0,0.0,0.0,4
30173423_MinPolqaSfbRecording_cut.wav,1.5,0.577350269,0.565803264,4
30207209_MinPolqaSfbRecording_cut.wav,2.25,1.258305739,1.233139624,4
30156603_MinPolqaSfbRecording_cut.wav,3.25,0.5,0.49,4
30462051_MinPolqaSfbRecording_cut.wav,3.25,1.258305739,1.233139624,4
30175353_MinPolqaSfbRecording_cut.wav,2.5,0.577350269,0.565803264,4
28610839_MinPolqaSfbRecording_cut.wav,4.25,0.5,0.49,4
28116750_MinPolqaSfbRecording_cut.wav,4.0,0.0,0.0,4
30516793_MinPolqaSfbRecording_cut.wav,3.5,0.577350269,0.565803264,4
30147513_MinPolqaSfbRecording_cut.wav,2.2,1.643167673,1.440299969,5
30148608_MinPolqaSfbRecording_cut.wav,1.4,0.547722558,0.48009999,5
30151298_MinPolqaSfbRecording_cut.wav,3.8,0.836660027,0.733364848,5
30143145_MinPolqaSfbRecording_cut.wav,3.4,0.894427191,0.784,5
30406686_MinPolqaSfbRecording_cut.wav,3.8,0.447213595,0.392,5
30425911_MinPolqaSfbRecording_cut.wav,4.2,0.447213595,0.392,5
30087298_MinPolqaSfbRecording_cut.wav,4.2,0.836660027,0.733364848,5
27717768_MinPolqaSfbRecording_cut.wav,3.4,0.894427191,0.784,5
30070761_MinPolqaSfbRecording_cut.wav,2.0,0.816496581,0.800166649,4
30446021_MinPolqaSfbRecording_cut.wav,2.0,0.816496581,0.800166649,4
28004052_MinPolqaSfbRecording_cut.wav,2.75,1.258305739,1.233139624,4
30183659_MinPolqaSfbRecording_cut.wav,1.75,0.957427108,0.938278566,4
30157014_MinPolqaSfbRecording_cut.wav,3.25,0.957427108,0.938278566,4
30485352_MinPolqaSfbRecording_cut.wav,1.5,1.0,0.98,4
30059534_MinPolqaSfbRecording_cut.wav,3.0,0.816496581,0.800166649,4
30127241_MinPolqaSfbRecording_cut.wav,2.25,1.258305739,1.233139624,4
29532469_MinPolqaSfbRecording_cut.wav,2.6,1.140175425,0.999407825,5
28928557_MinPolqaSfbRecording_cut.wav,4.2,0.836660027,0.733364848,5
30514072_MinPolqaSfbRecording_cut.wav,3.0,1.0,0.876538647,5
30422223_MinPolqaSfbRecording_cut.wav,3.0,0.0,0.0,5
30144494_MinPolqaSfbRecording_cut.wav,2.4,0.894427191,0.784,5
30492359_MinPolqaSfbRecording_cut.wav,2.6,1.516575089,1.329336677,5
30513649_MinPolqaSfbRecording_cut.wav,2.6,1.140175425,0.999407825,5
28051857_MinPolqaSfbRecording_cut.wav,3.666666667,0.577350269,0.653333333,3
30080792_MinPolqaSfbRecording_cut.wav,3.0,1.0,1.131606528,3
29004608_MinPolqaSfbRecording_cut.wav,4.0,0.0,0.0,3
30125165_MinPolqaSfbRecording_cut.wav,2.333333333,0.577350269,0.653333333,3
30249203_MinPolqaSfbRecording_cut.wav,3.0,1.732050808,1.96,3
30449238_MinPolqaSfbRecording_cut.wav,2.333333333,0.577350269,0.653333333,3
30096640_MinPolqaSfbRecording_cut.wav,4.0,0.0,0.0,3
30086175_MinPolqaSfbRecording_cut.wav,3.0,0.0,0.0,4
30510441_MinPolqaSfbRecording_cut.wav,3.5,1.0,0.98,4
28053818_MinPolqaSfbRecording_cut.wav,3.75,0.5,0.49,4
30109233_MinPolqaSfbRecording_cut.wav,2.75,1.707825128,1.673668625,4
30099861_MinPolqaSfbRecording_cut.wav,2.25,1.258305739,1.233139624,4
30087556_MinPolqaSfbRecording_cut.wav,3.0,0.816496581,0.800166649,4
30092225_MinPolqaSfbRecording_cut.wav,4.0,0.816496581,0.800166649,4
30183447_MinPolqaSfbRecording_cut.wav,2.6,1.140175425,0.999407825,5
27786969_MinPolqaSfbRecording_cut.wav,2.6,0.547722558,0.48009999,5
30462014_MinPolqaSfbRecording_cut.wav,2.0,0.707106781,0.619806421,5
28280840_MinPolqaSfbRecording_cut.wav,3.2,0.447213595,0.392,5
30135863_MinPolqaSfbRecording_cut.wav,1.4,0.547722558,0.48009999,5
30252880_MinPolqaSfbRecording_cut.wav,2.6,1.140175425,0.999407825,5
30512309_MinPolqaSfbRecording_cut.wav,1.0,0.0,0.0,5
28873148_MinPolqaSfbRecording_cut.wav,3.4,0.547722558,0.48009999,5
30465399_MinPolqaSfbRecording_cut.wav,2.2,0.836660027,0.733364848,5
30515642_MinPolqaSfbRecording_cut.wav,1.5,0.707106781,0.98,2
30195675_MinPolqaSfbRecording_cut.wav,2.0,0.0,0.0,2
27725665_MinPolqaSfbRecording_cut.wav,5.0,0.0,0.0,2
30104127_MinPolqaSfbRecording_cut.wav,3.0,1.414213562,1.96,2
28258166_MinPolqaSfbRecording_cut.wav,5.0,0.0,0.0,2
30064842_MinPolqaSfbRecording_cut.wav,3.5,0.707106781,0.98,2
27715739_MinPolqaSfbRecording_cut.wav,3.5,0.707106781,0.98,2
30175079_MinPolqaSfbRecording_cut.wav,3.0,1.414213562,1.96,2
30455942_MinPolqaSfbRecording_cut.wav,3.5,1.290994449,1.26517456,4
30106898_MinPolqaSfbRecording_cut.wav,3.75,1.5,1.47,4
27564970_MinPolqaSfbRecording_cut.wav,2.75,0.957427108,0.938278566,4
25931225_MinPolqaSfbRecording_cut.wav,4.5,0.577350269,0.565803264,4
28029085_MinPolqaSfbRecording_cut.wav,4.5,0.577350269,0.565803264,4
30157190_MinPolqaSfbRecording_cut.wav,3.75,1.892969449,1.85511006,4
30073170_MinPolqaSfbRecording_cut.wav,3.0,1.414213562,1.385929291,4
30105274_MinPolqaSfbRecording_cut.wav,3.25,0.957427108,0.938278566,4
28530508_MinPolqaSfbRecording_cut.wav,4.333333333,0.577350269,0.653333333,3
30178495_MinPolqaSfbRecording_cut.wav,1.666666667,0.577350269,0.653333333,3
30262157_MinPolqaSfbRecording_cut.wav,4.666666667,0.577350269,0.653333333,3
30151356_MinPolqaSfbRecording_cut.wav,2.666666667,0.577350269,0.653333333,3
30252191_MinPolqaSfbRecording_cut.wav,2.0,1.0,1.131606528,3
30076628_MinPolqaSfbRecording_cut.wav,3.666666667,1.154700538,1.306666667,3
27809335_MinPolqaSfbRecording_cut.wav,4.666666667,0.577350269,0.653333333,3
30084808_MinPolqaSfbRecording_cut.wav,3.666666667,1.154700538,1.306666667,3
30490871_MinPolqaSfbRecording_cut.wav,2.0,0.0,0.0,3
30124842_MinPolqaSfbRecording_cut.wav,3.5,0.577350269,0.565803264,4
30180534_MinPolqaSfbRecording_cut.wav,2.0,1.414213562,1.385929291,4
28071745_MinPolqaSfbRecording_cut.wav,3.25,0.5,0.49,4
30173548_MinPolqaSfbRecording_cut.wav,4.0,0.0,0.0,4
30058681_MinPolqaSfbRecording_cut.wav,2.5,0.577350269,0.565803264,4
30519521_MinPolqaSfbRecording_cut.wav,2.75,0.957427108,0.938278566,4
30478373_MinPolqaSfbRecording_cut.wav,4.0,0.0,0.0,2
30423702_MinPolqaSfbRecording_cut.wav,2.5,0.707106781,0.98,2
30211435_MinPolqaSfbRecording_cut.wav,4.0,0.0,0.0,2
28965633_MinPolqaSfbRecording_cut.wav,4.0,0.0,0.0,2
28083729_MinPolqaSfbRecording_cut.wav,4.5,0.707106781,0.98,2
30501511_MinPolqaSfbRecording_cut.wav,2.5,0.707106781,0.98,2
30472324_MinPolqaSfbRecording_cut.wav,3.5,0.707106781,0.98,2
30508864_MinPolqaSfbRecording_cut.wav,3.5,0.707106781,0.98,2
30090018_MinPolqaSfbRecording_cut.wav,3.0,0.0,0.0,2
30254528_MinPolqaSfbRecording_cut.wav,2.75,0.957427108,0.938278566,4
30463209_MinPolqaSfbRecording_cut.wav,4.25,0.5,0.49,4
30124719_MinPolqaSfbRecording_cut.wav,4.25,0.5,0.49,4
27822927_MinPolqaSfbRecording_cut.wav,4.0,0.0,0.0,4
28813373_MinPolqaSfbRecording_cut.wav,4.5,0.577350269,0.565803264,4
30450307_MinPolqaSfbRecording_cut.wav,1.75,0.957427108,0.938278566,4
30091370_MinPolqaSfbRecording_cut.wav,4.75,0.5,0.49,4
30211475_MinPolqaSfbRecording_cut.wav,4.25,0.5,0.49,4
30422732_MinPolqaSfbRecording_cut.wav,1.75,0.957427108,0.938278566,4
27685559_MinPolqaSfbRecording_cut.wav,2.6,0.547722558,0.48009999,5
30501479_MinPolqaSfbRecording_cut.wav,1.8,0.836660027,0.733364848,5
30098360_MinPolqaSfbRecording_cut.wav,2.2,1.095445115,0.960199979,5
30455430_MinPolqaSfbRecording_cut.wav,3.0,1.0,0.876538647,5
30251783_MinPolqaSfbRecording_cut.wav,2.4,1.341640786,1.176,5
30102960_MinPolqaSfbRecording_cut.wav,3.0,1.224744871,1.073536213,5
28801483_MinPolqaSfbRecording_cut.wav,4.2,0.836660027,0.733364848,5
30444124_MinPolqaSfbRecording_cut.wav,2.2,1.095445115,0.960199979,5
30529444_MinPolqaSfbRecording_cut.wav,2.4,0.894427191,0.784,5
30061291_MinPolqaSfbRecording_cut.wav,2.6,1.673320053,1.466729696,5
27623085_MinPolqaSfbRecording_cut.wav,2.8,0.447213595,0.392,5
30252188_MinPolqaSfbRecording_cut.wav,1.6,0.547722558,0.48009999,5
27948853_MinPolqaSfbRecording_cut.wav,3.0,1.0,0.876538647,5
30470147_MinPolqaSfbRecording_cut.wav,2.6,1.516575089,1.329336677,5
28682411_MinPolqaSfbRecording_cut.wav,3.8,0.836660027,0.733364848,5
30416038_MinPolqaSfbRecording_cut.wav,1.0,0.0,0.0,5
30249665_MinPolqaSfbRecording_cut.wav,1.4,0.894427191,0.784,5
30182033_MinPolqaSfbRecording_cut.wav,1.2,0.447213595,0.392,5
28839196_MinPolqaSfbRecording_cut.wav,2.75,0.957427108,0.938278566,4
30108151_MinPolqaSfbRecording_cut.wav,3.25,0.957427108,0.938278566,4
30177469_MinPolqaSfbRecording_cut.wav,2.0,0.816496581,0.800166649,4
30136670_MinPolqaSfbRecording_cut.wav,2.25,1.258305739,1.233139624,4
30062138_MinPolqaSfbRecording_cut.wav,2.0,0.816496581,0.800166649,4
28751091_MinPolqaSfbRecording_cut.wav,3.25,1.258305739,1.233139624,4
30201369_MinPolqaSfbRecording_cut.wav,2.0,0.816496581,0.800166649,4
30141622_MinPolqaSfbRecording_cut.wav,2.25,0.957427108,0.938278566,4
30473395_MinPolqaSfbRecording_cut.wav,3.0,0.707106781,0.619806421,5
30171809_MinPolqaSfbRecording_cut.wav,2.8,1.095445115,0.960199979,5
30531834_MinPolqaSfbRecording_cut.wav,3.0,0.707106781,0.619806421,5
27600120_MinPolqaSfbRecording_cut.wav,4.2,0.836660027,0.733364848,5
30478224_MinPolqaSfbRecording_cut.wav,3.4,0.547722558,0.48009999,5
30143373_MinPolqaSfbRecording_cut.wav,3.2,0.836660027,0.733364848,5
30088755_MinPolqaSfbRecording_cut.wav,2.0,0.707106781,0.619806421,5
28045244_MinPolqaSfbRecording_cut.wav,3.8,0.836660027,0.733364848,5
30461490_MinPolqaSfbRecording_cut.wav,1.25,0.5,0.49,4
30067987_MinPolqaSfbRecording_cut.wav,2.5,0.577350269,0.565803264,4
30151195_MinPolqaSfbRecording_cut.wav,3.5,0.577350269,0.565803264,4
30445136_MinPolqaSfbRecording_cut.wav,1.0,0.0,0.0,4
28876863_MinPolqaSfbRecording_cut.wav,3.75,0.5,0.49,4
30460814_MinPolqaSfbRecording_cut.wav,3.75,0.5,0.49,4
30104167_MinPolqaSfbRecording_cut.wav,3.0,0.816496581,0.800166649,4
30155510_MinPolqaSfbRecording_cut.wav,1.0,0.0,0.0,4
30478866_MinPolqaSfbRecording_cut.wav,1.75,0.5,0.49,4
30106834_MinPolqaSfbRecording_cut.wav,2.0,1.0,1.131606528,3
30186127_MinPolqaSfbRecording_cut.wav,3.0,0.0,0.0,3
29026210_MinPolqaSfbRecording_cut.wav,4.666666667,0.577350269,0.653333333,3
30100769_MinPolqaSfbRecording_cut.wav,3.0,0.0,0.0,3
30127509_MinPolqaSfbRecording_cut.wav,2.0,0.0,0.0,3
30193807_MinPolqaSfbRecording_cut.wav,1.333333333,0.577350269,0.653333333,3
30096279_MinPolqaSfbRecording_cut.wav,3.666666667,0.577350269,0.653333333,3
30261959_MinPolqaSfbRecording_cut.wav,1.666666667,0.577350269,0.653333333,3
27602113_MinPolqaSfbRecording_cut.wav,3.666666667,0.577350269,0.653333333,3
30503107_MinPolqaSfbRecording_cut.wav,3.5,0.577350269,0.565803264,4
30509263_MinPolqaSfbRecording_cut.wav,2.0,0.816496581,0.800166649,4
30207020_MinPolqaSfbRecording_cut.wav,2.75,0.5,0.49,4
30081662_MinPolqaSfbRecording_cut.wav,3.25,0.5,0.49,4
30062111_MinPolqaSfbRecording_cut.wav,3.25,0.957427108,0.938278566,4
30505795_MinPolqaSfbRecording_cut.wav,2.25,1.258305739,1.233139624,4
30502398_MinPolqaSfbRecording_cut.wav,2.5,0.577350269,0.565803264,4
30149246_MinPolqaSfbRecording_cut.wav,3.0,0.0,0.0,4
27761724_MinPolqaSfbRecording_cut.wav,4.0,,,1
30491109_MinPolqaSfbRecording_cut.wav,4.0,,,1
30109355_MinPolqaSfbRecording_cut.wav,2.0,,,1
28932532_MinPolqaSfbRecording_cut.wav,4.0,,,1
30462151_MinPolqaSfbRecording_cut.wav,4.0,,,1
30195450_MinPolqaSfbRecording_cut.wav,3.0,,,1
30165749_MinPolqaSfbRecording_cut.wav,3.75,1.258305739,1.233139624,4
28652935_MinPolqaSfbRecording_cut.wav,4.25,0.5,0.49,4
30181040_MinPolqaSfbRecording_cut.wav,2.75,0.5,0.49,4
30121217_MinPolqaSfbRecording_cut.wav,3.5,0.577350269,0.565803264,4
28358266_MinPolqaSfbRecording_cut.wav,2.5,0.577350269,0.565803264,4
28966125_MinPolqaSfbRecording_cut.wav,3.5,0.577350269,0.565803264,4
30516083_MinPolqaSfbRecording_cut.wav,3.75,0.5,0.49,4
28794429_MinPolqaSfbRecording_cut.wav,4.0,0.816496581,0.800166649,4
30173709_MinPolqaSfbRecording_cut.wav,3.25,0.5,0.49,4
28806870_MinPolqaSfbRecording_cut.wav,3.5,0.577350269,0.565803264,4
30462435_MinPolqaSfbRecording_cut.wav,3.25,0.5,0.49,4
30452719_MinPolqaSfbRecording_cut.wav,2.5,0.577350269,0.565803264,4
30099097_MinPolqaSfbRecording_cut.wav,3.25,0.5,0.49,4
28473130_MinPolqaSfbRecording_cut.wav,3.75,0.5,0.49,4
30451140_MinPolqaSfbRecording_cut.wav,3.0,0.0,0.0,4
29026099_MinPolqaSfbRecording_cut.wav,3.5,0.577350269,0.565803264,4
30075233_MinPolqaSfbRecording_cut.wav,2.0,0.0,0.0,4
28954278_MinPolqaSfbRecording_cut.wav,3.666666667,0.577350269,0.653333333,3
25948847_MinPolqaSfbRecording_cut.wav,3.666666667,0.577350269,0.653333333,3
27853121_MinPolqaSfbRecording_cut.wav,2.666666667,0.577350269,0.653333333,3
30066211_MinPolqaSfbRecording_cut.wav,3.0,0.0,0.0,3
30140781_MinPolqaSfbRecording_cut.wav,4.0,0.0,0.0,3
30197898_MinPolqaSfbRecording_cut.wav,2.333333333,0.577350269,0.653333333,3
30209917_MinPolqaSfbRecording_cut.wav,2.333333333,1.154700538,1.306666667,3
30156522_MinPolqaSfbRecording_cut.wav,3.666666667,0.577350269,0.653333333,3
30488805_MinPolqaSfbRecording_cut.wav,2.666666667,0.577350269,0.653333333,3
30428653_MinPolqaSfbRecording_cut.wav,2.666666667,0.577350269,0.653333333,3
29541265_MinPolqaSfbRecording_cut.wav,4.0,1.224744871,1.073536213,5
29532809_MinPolqaSfbRecording_cut.wav,3.4,1.341640786,1.176,5
30481306_MinPolqaSfbRecording_cut.wav,3.2,1.483239697,1.300116918,5
30256238_MinPolqaSfbRecording_cut.wav,2.8,1.095445115,0.960199979,5
30513814_MinPolqaSfbRecording_cut.wav,2.0,1.414213562,1.239612843,5
30138849_MinPolqaSfbRecording_cut.wav,3.2,1.483239697,1.300116918,5
28987055_MinPolqaSfbRecording_cut.wav,4.2,0.447213595,0.392,5
28541510_MinPolqaSfbRecording_cut.wav,3.8,0.447213595,0.392,5
28169258_MinPolqaSfbRecording_cut.wav,3.6,0.894427191,0.784,5
28984804_MinPolqaSfbRecording_cut.wav,3.8,1.095445115,0.960199979,5
30122013_MinPolqaSfbRecording_cut.wav,2.6,0.894427191,0.784,5
30196369_MinPolqaSfbRecording_cut.wav,2.6,1.516575089,1.329336677,5
30099617_MinPolqaSfbRecording_cut.wav,1.4,0.547722558,0.48009999,5
30078009_MinPolqaSfbRecording_cut.wav,2.4,1.140175425,0.999407825,5
30457115_MinPolqaSfbRecording_cut.wav,2.2,1.095445115,0.960199979,5
30506961_MinPolqaSfbRecording_cut.wav,3.333333333,0.577350269,0.653333333,3
28821612_MinPolqaSfbRecording_cut.wav,3.333333333,1.154700538,1.306666667,3
30076248_MinPolqaSfbRecording_cut.wav,4.333333333,0.577350269,0.653333333,3
30401085_MinPolqaSfbRecording_cut.wav,2.0,1.0,1.131606528,3
30428108_MinPolqaSfbRecording_cut.wav,2.666666667,0.577350269,0.653333333,3
30447418_MinPolqaSfbRecording_cut.wav,3.666666667,0.577350269,0.653333333,3
30144713_MinPolqaSfbRecording_cut.wav,2.666666667,0.577350269,0.653333333,3
30162571_MinPolqaSfbRecording_cut.wav,2.333333333,0.577350269,0.653333333,3
30432270_MinPolqaSfbRecording_cut.wav,3.0,0.0,0.0,3
30527714_MinPolqaSfbRecording_cut.wav,2.0,1.0,1.131606528,3
30123381_MinPolqaSfbRecording_cut.wav,3.0,0.0,0.0,3
30142774_MinPolqaSfbRecording_cut.wav,2.0,0.0,0.0,3
30426847_MinPolqaSfbRecording_cut.wav,4.0,0.0,0.0,3
30200153_MinPolqaSfbRecording_cut.wav,2.0,0.0,0.0,3
28764175_MinPolqaSfbRecording_cut.wav,4.0,1.0,1.131606528,3
30405916_MinPolqaSfbRecording_cut.wav,1.5,0.577350269,0.565803264,4
27759589_MinPolqaSfbRecording_cut.wav,3.75,0.5,0.49,4
30155876_MinPolqaSfbRecording_cut.wav,2.25,1.258305739,1.233139624,4
30086765_MinPolqaSfbRecording_cut.wav,2.5,1.290994449,1.26517456,4
30213956_MinPolqaSfbRecording_cut.wav,2.0,0.816496581,0.800166649,4
28437015_MinPolqaSfbRecording_cut.wav,3.25,1.258305739,1.233139624,4
27655338_MinPolqaSfbRecording_cut.wav,3.5,1.0,0.98,4
30503540_MinPolqaSfbRecording_cut.wav,4.25,0.957427108,0.938278566,4
30174677_MinPolqaSfbRecording_cut.wav,3.0,1.414213562,1.385929291,4
30491177_MinPolqaSfbRecording_cut.wav,2.5,0.577350269,0.565803264,4
30064380_MinPolqaSfbRecording_cut.wav,3.25,0.957427108,0.938278566,4
30073494_MinPolqaSfbRecording_cut.wav,3.5,0.577350269,0.565803264,4
28555761_MinPolqaSfbRecording_cut.wav,3.75,0.5,0.49,4
30248950_MinPolqaSfbRecording_cut.wav,2.0,0.816496581,0.800166649,4
30080566_MinPolqaSfbRecording_cut.wav,3.0,0.0,0.0,4
30090034_MinPolqaSfbRecording_cut.wav,3.6,0.547722558,0.48009999,5
30148097_MinPolqaSfbRecording_cut.wav,2.0,1.0,0.876538647,5
30080901_MinPolqaSfbRecording_cut.wav,3.6,0.894427191,0.784,5
30429194_MinPolqaSfbRecording_cut.wav,2.2,0.836660027,0.733364848,5
30429055_MinPolqaSfbRecording_cut.wav,1.6,0.547722558,0.48009999,5
30159710_MinPolqaSfbRecording_cut.wav,4.2,0.447213595,0.392,5
30423630_MinPolqaSfbRecording_cut.wav,4.2,0.836660027,0.733364848,5
30474576_MinPolqaSfbRecording_cut.wav,2.0,0.707106781,0.619806421,5
30161839_MinPolqaSfbRecording_cut.wav,2.6,0.894427191,0.784,5
30090409_MinPolqaSfbRecording_cut.wav,1.8,1.788854382,1.568,5
29539104_MinPolqaSfbRecording_cut.wav,1.666666667,0.577350269,0.653333333,3
27736070_MinPolqaSfbRecording_cut.wav,3.0,1.0,1.131606528,3
30062458_MinPolqaSfbRecording_cut.wav,3.333333333,0.577350269,0.653333333,3
30067514_MinPolqaSfbRecording_cut.wav,3.666666667,0.577350269,0.653333333,3
29538676_MinPolqaSfbRecording_cut.wav,2.0,1.0,1.131606528,3
27639893_MinPolqaSfbRecording_cut.wav,3.666666667,0.577350269,0.653333333,3
30200771_MinPolqaSfbRecording_cut.wav,2.333333333,0.577350269,0.653333333,3
30179830_MinPolqaSfbRecording_cut.wav,3.333333333,1.154700538,1.306666667,3
27830317_MinPolqaSfbRecording_cut.wav,3.666666667,0.577350269,0.653333333,3
30461171_MinPolqaSfbRecording_cut.wav,3.333333333,0.577350269,0.653333333,3
30257343_MinPolqaSfbRecording_cut.wav,2.5,1.914854216,1.876557131,4
28240220_MinPolqaSfbRecording_cut.wav,3.75,0.5,0.49,4
30117330_MinPolqaSfbRecording_cut.wav,2.75,0.957427108,0.938278566,4
28931522_MinPolqaSfbRecording_cut.wav,4.0,0.816496581,0.800166649,4
29540170_MinPolqaSfbRecording_cut.wav,2.0,0.816496581,0.800166649,4
30255242_MinPolqaSfbRecording_cut.wav,4.0,1.154700538,1.131606528,4
30442028_MinPolqaSfbRecording_cut.wav,2.75,0.957427108,0.938278566,4
28962559_MinPolqaSfbRecording_cut.wav,4.0,0.816496581,0.800166649,4
30070503_MinPolqaSfbRecording_cut.wav,3.8,0.447213595,0.392,5
30193410_MinPolqaSfbRecording_cut.wav,4.0,0.0,0.0,5
28839811_MinPolqaSfbRecording_cut.wav,4.6,0.547722558,0.48009999,5
30174829_MinPolqaSfbRecording_cut.wav,3.0,0.707106781,0.619806421,5
30145262_MinPolqaSfbRecording_cut.wav,2.2,0.447213595,0.392,5
30065713_MinPolqaSfbRecording_cut.wav,4.4,0.547722558,0.48009999,5
30248999_MinPolqaSfbRecording_cut.wav,3.0,1.0,1.131606528,3
30509159_MinPolqaSfbRecording_cut.wav,2.0,1.0,1.131606528,3
30175437_MinPolqaSfbRecording_cut.wav,2.0,1.0,1.131606528,3
30426369_MinPolqaSfbRecording_cut.wav,3.0,1.0,1.131606528,3
29531471_MinPolqaSfbRecording_cut.wav,4.0,1.0,1.131606528,3
30089207_MinPolqaSfbRecording_cut.wav,3.666666667,1.527525232,1.728557523,3
30113574_MinPolqaSfbRecording_cut.wav,1.333333333,0.577350269,0.653333333,3
28542383_MinPolqaSfbRecording_cut.wav,4.666666667,0.577350269,0.653333333,3
30522793_MinPolqaSfbRecording_cut.wav,2.666666667,0.577350269,0.653333333,3
30475618_MinPolqaSfbRecording_cut.wav,3.4,0.894427191,0.784,5
30510337_MinPolqaSfbRecording_cut.wav,3.8,0.836660027,0.733364848,5
30120323_MinPolqaSfbRecording_cut.wav,4.2,0.836660027,0.733364848,5
30121139_MinPolqaSfbRecording_cut.wav,4.4,0.547722558,0.48009999,5
30489079_MinPolqaSfbRecording_cut.wav,2.6,0.547722558,0.48009999,5
30084112_MinPolqaSfbRecording_cut.wav,4.0,1.0,0.876538647,5
29541571_MinPolqaSfbRecording_cut.wav,2.0,1.224744871,1.073536213,5
30262031_MinPolqaSfbRecording_cut.wav,2.0,0.707106781,0.619806421,5
30462289_MinPolqaSfbRecording_cut.wav,2.2,1.303840481,1.142866571,5
30205357_MinPolqaSfbRecording_cut.wav,3.8,1.095445115,0.960199979,5
30159600_MinPolqaSfbRecording_cut.wav,2.5,0.577350269,0.565803264,4
30254586_MinPolqaSfbRecording_cut.wav,3.25,0.5,0.49,4
30259771_MinPolqaSfbRecording_cut.wav,1.0,0.0,0.0,4
30171486_MinPolqaSfbRecording_cut.wav,3.25,0.5,0.49,4
30068503_MinPolqaSfbRecording_cut.wav,1.25,0.5,0.49,4
30529920_MinPolqaSfbRecording_cut.wav,1.0,0.0,0.0,4
30106971_MinPolqaSfbRecording_cut.wav,3.25,0.957427108,0.938278566,4
30108699_MinPolqaSfbRecording_cut.wav,1.25,0.5,0.49,4
28524203_MinPolqaSfbRecording_cut.wav,4.333333333,1.154700538,1.306666667,3
28192481_MinPolqaSfbRecording_cut.wav,3.0,0.0,0.0,3
30423929_MinPolqaSfbRecording_cut.wav,2.0,1.0,1.131606528,3
30166188_MinPolqaSfbRecording_cut.wav,1.0,0.0,0.0,3
30141002_MinPolqaSfbRecording_cut.wav,3.333333333,1.527525232,1.728557523,3
27623862_MinPolqaSfbRecording_cut.wav,4.333333333,0.577350269,0.653333333,3
30429534_MinPolqaSfbRecording_cut.wav,2.333333333,0.577350269,0.653333333,3
30121753_MinPolqaSfbRecording_cut.wav,1.333333333,0.577350269,0.653333333,3
30091490_MinPolqaSfbRecording_cut.wav,1.333333333,0.577350269,0.653333333,3
30145291_MinPolqaSfbRecording_cut.wav,1.75,0.5,0.49,4
30129652_MinPolqaSfbRecording_cut.wav,2.75,0.5,0.49,4
30429082_MinPolqaSfbRecording_cut.wav,1.25,0.5,0.49,4
30406134_MinPolqaSfbRecording_cut.wav,3.25,0.5,0.49,4
30113504_MinPolqaSfbRecording_cut.wav,3.25,1.258305739,1.233139624,4
28840637_MinPolqaSfbRecording_cut.wav,4.0,0.816496581,0.800166649,4
30133925_MinPolqaSfbRecording_cut.wav,3.25,0.5,0.49,4
30104028_MinPolqaSfbRecording_cut.wav,2.25,0.957427108,0.938278566,4
30486415_MinPolqaSfbRecording_cut.wav,1.75,0.5,0.49,4
30453891_MinPolqaSfbRecording_cut.wav,3.25,0.5,0.49,4
30102751_MinPolqaSfbRecording_cut.wav,3.25,0.957427108,0.938278566,4
30205275_MinPolqaSfbRecording_cut.wav,3.0,0.816496581,0.800166649,4
30122562_MinPolqaSfbRecording_cut.wav,2.5,0.577350269,0.565803264,4
30431396_MinPolqaSfbRecording_cut.wav,2.75,0.5,0.49,4
30069979_MinPolqaSfbRecording_cut.wav,1.75,0.5,0.49,4
29542939_MinPolqaSfbRecording_cut.wav,3.0,0.0,0.0,4
28314275_MinPolqaSfbRecording_cut.wav,4.25,0.957427108,0.938278566,4
30183167_MinPolqaSfbRecording_cut.wav,3.0,0.707106781,0.619806421,5
30469572_MinPolqaSfbRecording_cut.wav,2.4,1.140175425,0.999407825,5
30467001_MinPolqaSfbRecording_cut.wav,4.0,0.0,0.0,5
30079733_MinPolqaSfbRecording_cut.wav,3.4,0.547722558,0.48009999,5
30487614_MinPolqaSfbRecording_cut.wav,3.2,0.447213595,0.392,5
29556477_MinPolqaSfbRecording_cut.wav,3.6,0.894427191,0.784,5
30468608_MinPolqaSfbRecording_cut.wav,4.0,0.0,0.0,5
30261164_MinPolqaSfbRecording_cut.wav,2.0,1.0,0.876538647,5
27952698_MinPolqaSfbRecording_cut.wav,3.2,0.447213595,0.392,5
30483146_MinPolqaSfbRecording_cut.wav,2.4,1.341640786,1.176,5
30113172_MinPolqaSfbRecording_cut.wav,1.2,0.447213595,0.392,5
30102740_MinPolqaSfbRecording_cut.wav,2.8,0.447213595,0.392,5
28454679_MinPolqaSfbRecording_cut.wav,3.0,0.707106781,0.619806421,5
30465418_MinPolqaSfbRecording_cut.wav,2.8,0.836660027,0.733364848,5
30529180_MinPolqaSfbRecording_cut.wav,1.6,0.894427191,0.784,5
28240804_MinPolqaSfbRecording_cut.wav,3.2,0.836660027,0.733364848,5
30407089_MinPolqaSfbRecording_cut.wav,1.2,0.447213595,0.392,5
30449663_MinPolqaSfbRecording_cut.wav,1.2,0.447213595,0.392,5
28289724_MinPolqaSfbRecording_cut.wav,4.8,0.447213595,0.392,5
27841297_MinPolqaSfbRecording_cut.wav,4.2,0.836660027,0.733364848,5
30174715_MinPolqaSfbRecording_cut.wav,2.2,1.095445115,0.960199979,5
30433868_MinPolqaSfbRecording_cut.wav,1.0,0.0,0.0,5
30200173_MinPolqaSfbRecording_cut.wav,3.0,1.0,0.876538647,5
28528457_MinPolqaSfbRecording_cut.wav,2.8,0.447213595,0.392,5
30099882_MinPolqaSfbRecording_cut.wav,2.8,1.303840481,1.142866571,5
30207858_MinPolqaSfbRecording_cut.wav,3.0,0.707106781,0.619806421,5
30083048_MinPolqaSfbRecording_cut.wav,4.6,0.547722558,0.48009999,5
30075527_MinPolqaSfbRecording_cut.wav,3.0,0.707106781,0.619806421,5
30070840_MinPolqaSfbRecording_cut.wav,3.6,0.547722558,0.48009999,5
30202264_MinPolqaSfbRecording_cut.wav,4.0,0.707106781,0.619806421,5
30463138_MinPolqaSfbRecording_cut.wav,4.0,0.707106781,0.619806421,5
30464860_MinPolqaSfbRecording_cut.wav,3.6,0.547722558,0.48009999,5
30401614_MinPolqaSfbRecording_cut.wav,3.6,0.547722558,0.48009999,5
30183760_MinPolqaSfbRecording_cut.wav,3.6,0.547722558,0.48009999,5
30127731_MinPolqaSfbRecording_cut.wav,3.0,1.825741858,1.789227021,4
30113639_MinPolqaSfbRecording_cut.wav,3.5,0.577350269,0.565803264,4
29534316_MinPolqaSfbRecording_cut.wav,1.75,0.957427108,0.938278566,4
30182167_MinPolqaSfbRecording_cut.wav,2.0,1.154700538,1.131606528,4
30126850_MinPolqaSfbRecording_cut.wav,3.25,1.5,1.47,4
30501774_MinPolqaSfbRecording_cut.wav,3.25,0.957427108,0.938278566,4
28163553_MinPolqaSfbRecording_cut.wav,4.0,0.816496581,0.800166649,4
30151353_MinPolqaSfbRecording_cut.wav,2.25,1.5,1.47,4
30147694_MinPolqaSfbRecording_cut.wav,2.75,0.957427108,0.938278566,4
30104738_MinPolqaSfbRecording_cut.wav,3.75,0.5,0.49,4
30483591_MinPolqaSfbRecording_cut.wav,2.0,1.154700538,1.131606528,4
29017612_MinPolqaSfbRecording_cut.wav,4.25,0.5,0.49,4
30528723_MinPolqaSfbRecording_cut.wav,2.75,1.258305739,1.233139624,4
30092982_MinPolqaSfbRecording_cut.wav,2.25,1.5,1.47,4
30249662_MinPolqaSfbRecording_cut.wav,2.25,1.5,1.47,4
30164835_MinPolqaSfbRecording_cut.wav,2.5,1.290994449,1.26517456,4
30060180_MinPolqaSfbRecording_cut.wav,2.0,1.414213562,1.385929291,4
30486031_MinPolqaSfbRecording_cut.wav,2.0,1.154700538,1.131606528,4
30101091_MinPolqaSfbRecording_cut.wav,4.0,0.816496581,0.800166649,4
30106025_MinPolqaSfbRecording_cut.wav,2.8,1.095445115,0.960199979,5
30098350_MinPolqaSfbRecording_cut.wav,3.6,1.140175425,0.999407825,5
30097963_MinPolqaSfbRecording_cut.wav,2.6,1.516575089,1.329336677,5
27146557_MinPolqaSfbRecording_cut.wav,4.4,0.547722558,0.48009999,5
30513863_MinPolqaSfbRecording_cut.wav,4.0,0.707106781,0.619806421,5
30260946_MinPolqaSfbRecording_cut.wav,3.0,1.0,0.876538647,5
30161048_MinPolqaSfbRecording_cut.wav,3.6,1.140175425,0.999407825,5
27738797_MinPolqaSfbRecording_cut.wav,4.333333333,0.577350269,0.653333333,3
30530013_MinPolqaSfbRecording_cut.wav,3.0,1.0,1.131606528,3
30183126_MinPolqaSfbRecording_cut.wav,4.0,1.0,1.131606528,3
30065407_MinPolqaSfbRecording_cut.wav,3.333333333,0.577350269,0.653333333,3
28760790_MinPolqaSfbRecording_cut.wav,4.0,1.0,1.131606528,3
30443105_MinPolqaSfbRecording_cut.wav,2.666666667,1.154700538,1.306666667,3
30068366_MinPolqaSfbRecording_cut.wav,3.0,1.0,1.131606528,3
30258579_MinPolqaSfbRecording_cut.wav,4.666666667,0.577350269,0.653333333,3
30185531_MinPolqaSfbRecording_cut.wav,3.6,1.140175425,0.999407825,5
30156149_MinPolqaSfbRecording_cut.wav,4.8,0.447213595,0.392,5
29534310_MinPolqaSfbRecording_cut.wav,3.8,0.447213595,0.392,5
29543541_MinPolqaSfbRecording_cut.wav,4.2,0.447213595,0.392,5
30149204_MinPolqaSfbRecording_cut.wav,1.8,0.836660027,0.733364848,5
30510334_MinPolqaSfbRecording_cut.wav,4.4,0.547722558,0.48009999,5
28466396_MinPolqaSfbRecording_cut.wav,3.6,0.547722558,0.48009999,5
30479652_MinPolqaSfbRecording_cut.wav,4.8,0.447213595,0.392,5
30503543_MinPolqaSfbRecording_cut.wav,4.0,0.0,0.0,5
28950813_MinPolqaSfbRecording_cut.wav,3.6,0.547722558,0.48009999,5
30482108_MinPolqaSfbRecording_cut.wav,2.8,0.836660027,0.733364848,5
30076610_MinPolqaSfbRecording_cut.wav,4.2,0.836660027,0.733364848,5
27964765_MinPolqaSfbRecording_cut.wav,4.2,0.836660027,0.733364848,5
28727757_MinPolqaSfbRecording_cut.wav,3.4,0.547722558,0.48009999,5
30426945_MinPolqaSfbRecording_cut.wav,4.5,0.707106781,0.98,2
27791253_MinPolqaSfbRecording_cut.wav,3.5,0.707106781,0.98,2
30150583_MinPolqaSfbRecording_cut.wav,3.0,0.0,0.0,2
30109498_MinPolqaSfbRecording_cut.wav,3.5,0.707106781,0.98,2
30118138_MinPolqaSfbRecording_cut.wav,1.5,0.707106781,0.98,2
30171895_MinPolqaSfbRecording_cut.wav,4.5,0.707106781,0.98,2
30209540_MinPolqaSfbRecording_cut.wav,3.5,0.707106781,0.98,2
30147473_MinPolqaSfbRecording_cut.wav,3.5,0.707106781,0.98,2
30431130_MinPolqaSfbRecording_cut.wav,2.0,0.0,0.0,2
28225104_MinPolqaSfbRecording_cut.wav,4.0,0.816496581,0.800166649,4
30410991_MinPolqaSfbRecording_cut.wav,3.0,0.816496581,0.800166649,4
30113981_MinPolqaSfbRecording_cut.wav,3.75,0.957427108,0.938278566,4
30501173_MinPolqaSfbRecording_cut.wav,3.25,0.5,0.49,4
29542050_MinPolqaSfbRecording_cut.wav,4.75,0.5,0.49,4
27944389_MinPolqaSfbRecording_cut.wav,4.25,0.5,0.49,4
30062113_MinPolqaSfbRecording_cut.wav,3.25,0.957427108,0.938278566,4
30104060_MinPolqaSfbRecording_cut.wav,4.0,0.816496581,0.800166649,4
30155921_MinPolqaSfbRecording_cut.wav,3.2,0.836660027,0.733364848,5
30151626_MinPolqaSfbRecording_cut.wav,2.4,0.547722558,0.48009999,5
29065599_MinPolqaSfbRecording_cut.wav,4.0,0.707106781,0.619806421,5
30155248_MinPolqaSfbRecording_cut.wav,1.6,0.894427191,0.784,5
30483128_MinPolqaSfbRecording_cut.wav,1.8,0.447213595,0.392,5
30442199_MinPolqaSfbRecording_cut.wav,2.2,0.836660027,0.733364848,5
30067216_MinPolqaSfbRecording_cut.wav,2.2,1.095445115,0.960199979,5
30485471_MinPolqaSfbRecording_cut.wav,2.6,0.547722558,0.48009999,5
28523031_MinPolqaSfbRecording_cut.wav,2.2,0.447213595,0.392,5
30098271_MinPolqaSfbRecording_cut.wav,3.5,1.0,0.98,4
28663296_MinPolqaSfbRecording_cut.wav,4.25,0.5,0.49,4
30464326_MinPolqaSfbRecording_cut.wav,3.5,0.577350269,0.565803264,4
30452351_MinPolqaSfbRecording_cut.wav,3.0,0.816496581,0.800166649,4
30087213_MinPolqaSfbRecording_cut.wav,3.25,0.5,0.49,4
30068901_MinPolqaSfbRecording_cut.wav,3.75,0.957427108,0.938278566,4
27761699_MinPolqaSfbRecording_cut.wav,3.5,0.577350269,0.565803264,4
30177956_MinPolqaSfbRecording_cut.wav,2.5,0.577350269,0.565803264,4
30438284_MinPolqaSfbRecording_cut.wav,3.4,0.547722558,0.48009999,5
30472416_MinPolqaSfbRecording_cut.wav,3.2,0.836660027,0.733364848,5
29034472_MinPolqaSfbRecording_cut.wav,4.6,0.547722558,0.48009999,5
30152073_MinPolqaSfbRecording_cut.wav,3.2,0.836660027,0.733364848,5
28020737_MinPolqaSfbRecording_cut.wav,4.8,0.447213595,0.392,5
28024465_MinPolqaSfbRecording_cut.wav,4.4,0.547722558,0.48009999,5
30514052_MinPolqaSfbRecording_cut.wav,3.0,1.414213562,1.239612843,5
30440543_MinPolqaSfbRecording_cut.wav,4.2,0.836660027,0.733364848,5
30064216_MinPolqaSfbRecording_cut.wav,4.0,0.707106781,0.619806421,5
30149373_MinPolqaSfbRecording_cut.wav,3.5,0.577350269,0.565803264,4
30162407_MinPolqaSfbRecording_cut.wav,3.0,0.0,0.0,4
27510443_MinPolqaSfbRecording_cut.wav,4.75,0.5,0.49,4
30102769_MinPolqaSfbRecording_cut.wav,4.25,0.5,0.49,4
30080733_MinPolqaSfbRecording_cut.wav,1.25,0.5,0.49,4
28648515_MinPolqaSfbRecording_cut.wav,4.5,0.577350269,0.565803264,4
28726640_MinPolqaSfbRecording_cut.wav,4.25,0.5,0.49,4
30472414_MinPolqaSfbRecording_cut.wav,2.5,0.577350269,0.565803264,4
29539552_MinPolqaSfbRecording_cut.wav,3.4,1.140175425,0.999407825,5
30252057_MinPolqaSfbRecording_cut.wav,3.6,0.894427191,0.784,5
30198404_MinPolqaSfbRecording_cut.wav,1.6,0.894427191,0.784,5
30406527_MinPolqaSfbRecording_cut.wav,4.0,0.707106781,0.619806421,5
30152106_MinPolqaSfbRecording_cut.wav,1.8,0.836660027,0.733364848,5
30138024_MinPolqaSfbRecording_cut.wav,3.0,1.224744871,1.073536213,5
27639091_MinPolqaSfbRecording_cut.wav,4.0,1.224744871,1.073536213,5
30205474_MinPolqaSfbRecording_cut.wav,3.6,1.140175425,0.999407825,5
30172857_MinPolqaSfbRecording_cut.wav,3.0,1.414213562,1.239612843,5
28903116_MinPolqaSfbRecording_cut.wav,4.2,0.836660027,0.733364848,5
30070390_MinPolqaSfbRecording_cut.wav,4.0,0.707106781,0.619806421,5
30084345_MinPolqaSfbRecording_cut.wav,3.2,0.836660027,0.733364848,5
30124261_MinPolqaSfbRecording_cut.wav,4.4,0.547722558,0.48009999,5
30442872_MinPolqaSfbRecording_cut.wav,3.0,1.224744871,1.073536213,5
30486838_MinPolqaSfbRecording_cut.wav,2.8,1.303840481,1.142866571,5
30100696_MinPolqaSfbRecording_cut.wav,3.8,1.095445115,0.960199979,5
30142127_MinPolqaSfbRecording_cut.wav,3.8,1.303840481,1.142866571,5
30200060_MinPolqaSfbRecording_cut.wav,2.2,1.303840481,1.142866571,5
27713197_MinPolqaSfbRecording_cut.wav,4.25,0.5,0.49,4
28640773_MinPolqaSfbRecording_cut.wav,4.0,0.816496581,0.800166649,4
28907588_MinPolqaSfbRecording_cut.wav,1.25,0.5,0.49,4
30097099_MinPolqaSfbRecording_cut.wav,4.0,0.816496581,0.800166649,4
30073552_MinPolqaSfbRecording_cut.wav,2.25,0.5,0.49,4
30175267_MinPolqaSfbRecording_cut.wav,2.0,0.816496581,0.800166649,4
27912851_MinPolqaSfbRecording_cut.wav,3.5,0.577350269,0.565803264,4
30488901_MinPolqaSfbRecording_cut.wav,2.75,0.957427108,0.938278566,4
30133483_MinPolqaSfbRecording_cut.wav,3.5,1.290994449,1.26517456,4
30089305_MinPolqaSfbRecording_cut.wav,1.75,0.957427108,0.938278566,4
27971755_MinPolqaSfbRecording_cut.wav,4.5,0.577350269,0.565803264,4
30438648_MinPolqaSfbRecording_cut.wav,3.0,0.0,0.0,4
30180561_MinPolqaSfbRecording_cut.wav,2.75,0.5,0.49,4
30263773_MinPolqaSfbRecording_cut.wav,2.25,1.5,1.47,4
30256137_MinPolqaSfbRecording_cut.wav,3.666666667,1.527525232,1.728557523,3
27679365_MinPolqaSfbRecording_cut.wav,4.333333333,0.577350269,0.653333333,3
30511001_MinPolqaSfbRecording_cut.wav,3.0,1.732050808,1.96,3
30069472_MinPolqaSfbRecording_cut.wav,3.333333333,1.154700538,1.306666667,3
30121974_MinPolqaSfbRecording_cut.wav,3.0,1.0,1.131606528,3
30412451_MinPolqaSfbRecording_cut.wav,4.333333333,1.154700538,1.306666667,3
27712374_MinPolqaSfbRecording_cut.wav,3.666666667,1.527525232,1.728557523,3
30465906_MinPolqaSfbRecording_cut.wav,3.333333333,1.154700538,1.306666667,3
30508628_MinPolqaSfbRecording_cut.wav,2.25,0.957427108,0.938278566,4
30503853_MinPolqaSfbRecording_cut.wav,2.75,0.5,0.49,4
29541540_MinPolqaSfbRecording_cut.wav,3.25,0.5,0.49,4
30098188_MinPolqaSfbRecording_cut.wav,2.5,0.577350269,0.565803264,4
30161532_MinPolqaSfbRecording_cut.wav,2.5,0.577350269,0.565803264,4
30461855_MinPolqaSfbRecording_cut.wav,3.5,1.0,0.98,4
30489670_MinPolqaSfbRecording_cut.wav,3.25,0.5,0.49,4
30157028_MinPolqaSfbRecording_cut.wav,3.75,0.5,0.49,4
30437218_MinPolqaSfbRecording_cut.wav,3.75,0.5,0.49,4
30080332_MinPolqaSfbRecording_cut.wav,2.75,1.258305739,1.233139624,4
30144503_MinPolqaSfbRecording_cut.wav,4.0,0.816496581,0.800166649,4
30122187_MinPolqaSfbRecording_cut.wav,2.75,1.258305739,1.233139624,4
30514923_MinPolqaSfbRecording_cut.wav,3.5,0.577350269,0.565803264,4
28875393_MinPolqaSfbRecording_cut.wav,4.5,0.577350269,0.565803264,4
30473600_MinPolqaSfbRecording_cut.wav,3.5,0.577350269,0.565803264,4
27694736_MinPolqaSfbRecording_cut.wav,4.25,0.5,0.49,4
29533791_MinPolqaSfbRecording_cut.wav,3.0,0.0,0.0,4
30122644_MinPolqaSfbRecording_cut.wav,1.75,0.957427108,0.938278566,4
28436844_MinPolqaSfbRecording_cut.wav,3.4,1.140175425,0.999407825,5
27930539_MinPolqaSfbRecording_cut.wav,4.2,0.836660027,0.733364848,5
30482034_MinPolqaSfbRecording_cut.wav,2.8,1.303840481,1.142866571,5
30493268_MinPolqaSfbRecording_cut.wav,2.8,0.836660027,0.733364848,5
29532172_MinPolqaSfbRecording_cut.wav,1.4,0.547722558,0.48009999,5
28765629_MinPolqaSfbRecording_cut.wav,4.6,0.547722558,0.48009999,5
29543080_MinPolqaSfbRecording_cut.wav,2.6,0.894427191,0.784,5
29541781_MinPolqaSfbRecording_cut.wav,1.6,0.894427191,0.784,5
30127780_MinPolqaSfbRecording_cut.wav,4.6,0.547722558,0.48009999,5
30429761_MinPolqaSfbRecording_cut.wav,3.0,0.707106781,0.619806421,5
28764156_MinPolqaSfbRecording_cut.wav,4.8,0.447213595,0.392,5
30092782_MinPolqaSfbRecording_cut.wav,2.8,0.836660027,0.733364848,5
28879706_MinPolqaSfbRecording_cut.wav,3.8,0.836660027,0.733364848,5
29542053_MinPolqaSfbRecording_cut.wav,4.4,0.894427191,0.784,5
30211534_MinPolqaSfbRecording_cut.wav,3.4,0.547722558,0.48009999,5
30201684_MinPolqaSfbRecording_cut.wav,3.8,0.836660027,0.733364848,5
28023618_MinPolqaSfbRecording_cut.wav,4.8,0.447213595,0.392,5
30174253_MinPolqaSfbRecording_cut.wav,1.666666667,1.154700538,1.306666667,3
30154805_MinPolqaSfbRecording_cut.wav,4.0,1.0,1.131606528,3
27682192_MinPolqaSfbRecording_cut.wav,4.0,0.0,0.0,3
27866556_MinPolqaSfbRecording_cut.wav,4.333333333,0.577350269,0.653333333,3
30183420_MinPolqaSfbRecording_cut.wav,3.333333333,0.577350269,0.653333333,3
30071634_MinPolqaSfbRecording_cut.wav,2.333333333,0.577350269,0.653333333,3
30149482_MinPolqaSfbRecording_cut.wav,3.333333333,0.577350269,0.653333333,3
30513485_MinPolqaSfbRecording_cut.wav,1.666666667,1.154700538,1.306666667,3
30082722_MinPolqaSfbRecording_cut.wav,3.0,0.0,0.0,3
30136242_MinPolqaSfbRecording_cut.wav,2.5,0.707106781,0.98,2
30504163_MinPolqaSfbRecording_cut.wav,3.5,0.707106781,0.98,2
30110264_MinPolqaSfbRecording_cut.wav,3.0,0.0,0.0,2
30471373_MinPolqaSfbRecording_cut.wav,4.0,0.0,0.0,2
30471118_MinPolqaSfbRecording_cut.wav,1.5,0.707106781,0.98,2
30066232_MinPolqaSfbRecording_cut.wav,3.0,0.0,0.0,2
29542587_MinPolqaSfbRecording_cut.wav,2.0,0.0,0.0,2
30076003_MinPolqaSfbRecording_cut.wav,3.5,0.707106781,0.98,2
27769508_MinPolqaSfbRecording_cut.wav,4.5,0.707106781,0.98,2
30509898_MinPolqaSfbRecording_cut.wav,2.5,0.577350269,0.565803264,4
30108273_MinPolqaSfbRecording_cut.wav,2.5,1.290994449,1.26517456,4
30203155_MinPolqaSfbRecording_cut.wav,2.25,0.5,0.49,4
28444674_MinPolqaSfbRecording_cut.wav,3.5,1.0,0.98,4
30166861_MinPolqaSfbRecording_cut.wav,2.5,1.290994449,1.26517456,4
28463284_MinPolqaSfbRecording_cut.wav,3.0,0.0,0.0,4
28217220_MinPolqaSfbRecording_cut.wav,3.0,0.816496581,0.800166649,4
30261742_MinPolqaSfbRecording_cut.wav,1.5,0.577350269,0.565803264,4
30416797_MinPolqaSfbRecording_cut.wav,3.2,1.095445115,0.960199979,5
28298938_MinPolqaSfbRecording_cut.wav,3.8,0.447213595,0.392,5
30505813_MinPolqaSfbRecording_cut.wav,2.8,0.447213595,0.392,5
30431631_MinPolqaSfbRecording_cut.wav,1.6,0.547722558,0.48009999,5
30117979_MinPolqaSfbRecording_cut.wav,3.0,0.707106781,0.619806421,5
27139229_MinPolqaSfbRecording_cut.wav,3.6,0.547722558,0.48009999,5
30133442_MinPolqaSfbRecording_cut.wav,2.6,0.547722558,0.48009999,5
30407969_MinPolqaSfbRecording_cut.wav,1.2,0.447213595,0.392,5
30424919_MinPolqaSfbRecording_cut.wav,2.0,1.0,1.131606528,3
30180767_MinPolqaSfbRecording_cut.wav,2.333333333,1.154700538,1.306666667,3
30156260_MinPolqaSfbRecording_cut.wav,3.333333333,0.577350269,0.653333333,3
30143857_MinPolqaSfbRecording_cut.wav,3.0,0.0,0.0,3
28494388_MinPolqaSfbRecording_cut.wav,4.666666667,0.577350269,0.653333333,3
30164214_MinPolqaSfbRecording_cut.wav,2.333333333,1.154700538,1.306666667,3
28116782_MinPolqaSfbRecording_cut.wav,4.666666667,0.577350269,0.653333333,3
30065282_MinPolqaSfbRecording_cut.wav,4.333333333,0.577350269,0.653333333,3
30213546_MinPolqaSfbRecording_cut.wav,1.75,0.957427108,0.938278566,4
30452232_MinPolqaSfbRecording_cut.wav,3.5,0.577350269,0.565803264,4
29531850_MinPolqaSfbRecording_cut.wav,3.5,0.577350269,0.565803264,4
30062656_MinPolqaSfbRecording_cut.wav,3.25,0.5,0.49,4
30119305_MinPolqaSfbRecording_cut.wav,1.5,0.577350269,0.565803264,4
30071016_MinPolqaSfbRecording_cut.wav,2.75,0.5,0.49,4
30486359_MinPolqaSfbRecording_cut.wav,3.5,1.0,0.98,4
30479033_MinPolqaSfbRecording_cut.wav,3.25,0.5,0.49,4
30437085_MinPolqaSfbRecording_cut.wav,3.75,0.957427108,0.938278566,4
28933411_MinPolqaSfbRecording_cut.wav,3.75,0.5,0.49,4
30081006_MinPolqaSfbRecording_cut.wav,3.75,1.258305739,1.233139624,4
27921605_MinPolqaSfbRecording_cut.wav,4.75,0.5,0.49,4
30478822_MinPolqaSfbRecording_cut.wav,1.0,0.0,0.0,4
30200142_MinPolqaSfbRecording_cut.wav,3.0,0.0,0.0,4
30527780_MinPolqaSfbRecording_cut.wav,2.0,0.0,0.0,4
28077344_MinPolqaSfbRecording_cut.wav,4.75,0.5,0.49,4
30130818_MinPolqaSfbRecording_cut.wav,3.25,1.258305739,1.233139624,4
30477065_MinPolqaSfbRecording_cut.wav,2.8,0.836660027,0.733364848,5
30117948_MinPolqaSfbRecording_cut.wav,3.6,0.547722558,0.48009999,5
30176847_MinPolqaSfbRecording_cut.wav,1.4,0.547722558,0.48009999,5
30432493_MinPolqaSfbRecording_cut.wav,2.6,1.140175425,0.999407825,5
30487440_MinPolqaSfbRecording_cut.wav,3.0,0.707106781,0.619806421,5
30250721_MinPolqaSfbRecording_cut.wav,3.0,0.707106781,0.619806421,5
30079447_MinPolqaSfbRecording_cut.wav,2.6,0.894427191,0.784,5
30486966_MinPolqaSfbRecording_cut.wav,2.4,1.516575089,1.329336677,5
30438758_MinPolqaSfbRecording_cut.wav,3.2,0.836660027,0.733364848,5
30104691_MinPolqaSfbRecording_cut.wav,4.5,0.577350269,0.565803264,4
28665743_MinPolqaSfbRecording_cut.wav,4.25,0.957427108,0.938278566,4
27958911_MinPolqaSfbRecording_cut.wav,4.5,1.0,0.98,4
30176873_MinPolqaSfbRecording_cut.wav,2.5,1.290994449,1.26517456,4
30256243_MinPolqaSfbRecording_cut.wav,3.5,1.290994449,1.26517456,4
30118428_MinPolqaSfbRecording_cut.wav,2.0,0.816496581,0.800166649,4
30248971_MinPolqaSfbRecording_cut.wav,4.0,0.816496581,0.800166649,4
30262547_MinPolqaSfbRecording_cut.wav,3.0,1.632993162,1.600333299,4
30206181_MinPolqaSfbRecording_cut.wav,1.25,0.5,0.49,4
27908766_MinPolqaSfbRecording_cut.wav,2.75,0.5,0.49,4
28019061_MinPolqaSfbRecording_cut.wav,4.25,0.957427108,0.938278566,4
30467005_MinPolqaSfbRecording_cut.wav,2.5,1.732050808,1.697409791,4
28062620_MinPolqaSfbRecording_cut.wav,4.25,0.957427108,0.938278566,4
30086235_MinPolqaSfbRecording_cut.wav,1.75,0.957427108,0.938278566,4
30250047_MinPolqaSfbRecording_cut.wav,2.25,1.5,1.47,4
28954946_MinPolqaSfbRecording_cut.wav,3.75,0.957427108,0.938278566,4
28035600_MinPolqaSfbRecording_cut.wav,3.0,1.414213562,1.385929291,4
30407184_MinPolqaSfbRecording_cut.wav,3.5,1.290994449,1.26517456,4
30179143_MinPolqaSfbRecording_cut.wav,3.0,1.414213562,1.385929291,4
30186645_MinPolqaSfbRecording_cut.wav,4.5,0.577350269,0.565803264,4
30422149_MinPolqaSfbRecording_cut.wav,2.5,1.290994449,1.26517456,4
30107311_MinPolqaSfbRecording_cut.wav,2.5,1.0,0.98,4
30195081_MinPolqaSfbRecording_cut.wav,4.0,0.816496581,0.800166649,4
30100262_MinPolqaSfbRecording_cut.wav,1.25,0.5,0.49,4
30259130_MinPolqaSfbRecording_cut.wav,2.5,0.577350269,0.565803264,4
30429323_MinPolqaSfbRecording_cut.wav,3.5,0.577350269,0.565803264,4
30422909_MinPolqaSfbRecording_cut.wav,4.0,1.414213562,1.385929291,4
30078654_MinPolqaSfbRecording_cut.wav,3.25,1.707825128,1.673668625,4
30109681_MinPolqaSfbRecording_cut.wav,4.0,1.154700538,1.131606528,4
28593740_MinPolqaSfbRecording_cut.wav,4.0,0.816496581,0.800166649,4
30199761_MinPolqaSfbRecording_cut.wav,2.5,1.290994449,1.26517456,4
30466739_MinPolqaSfbRecording_cut.wav,2.75,0.957427108,0.938278566,4
30472143_MinPolqaSfbRecording_cut.wav,3.25,0.957427108,0.938278566,4
30505469_MinPolqaSfbRecording_cut.wav,1.4,0.894427191,0.784,5
30256270_MinPolqaSfbRecording_cut.wav,3.6,0.894427191,0.784,5
30195735_MinPolqaSfbRecording_cut.wav,2.2,1.095445115,0.960199979,5
30250038_MinPolqaSfbRecording_cut.wav,2.2,1.095445115,0.960199979,5
30515760_MinPolqaSfbRecording_cut.wav,3.0,0.707106781,0.619806421,5
30163106_MinPolqaSfbRecording_cut.wav,1.4,0.894427191,0.784,5
29529616_MinPolqaSfbRecording_cut.wav,1.4,0.894427191,0.784,5
30214061_MinPolqaSfbRecording_cut.wav,3.4,0.894427191,0.784,5
30076846_MinPolqaSfbRecording_cut.wav,1.8,0.836660027,0.733364848,5
28938661_MinPolqaSfbRecording_cut.wav,3.6,0.547722558,0.48009999,5
30152176_MinPolqaSfbRecording_cut.wav,1.0,0.0,0.0,2
30211367_MinPolqaSfbRecording_cut.wav,4.0,1.414213562,1.96,2
30474000_MinPolqaSfbRecording_cut.wav,2.5,0.707106781,0.98,2
30097844_MinPolqaSfbRecording_cut.wav,2.5,0.707106781,0.98,2
30183771_MinPolqaSfbRecording_cut.wav,4.0,0.0,0.0,2
28502968_MinPolqaSfbRecording_cut.wav,4.5,0.707106781,0.98,2
30122677_MinPolqaSfbRecording_cut.wav,4.0,0.0,0.0,2
30130041_MinPolqaSfbRecording_cut.wav,3.0,0.0,0.0,2
30160674_MinPolqaSfbRecording_cut.wav,3.0,0.0,0.0,2
30158222_MinPolqaSfbRecording_cut.wav,3.666666667,0.577350269,0.653333333,3
28474894_MinPolqaSfbRecording_cut.wav,4.333333333,0.577350269,0.653333333,3
30200469_MinPolqaSfbRecording_cut.wav,2.333333333,1.527525232,1.728557523,3
30405550_MinPolqaSfbRecording_cut.wav,1.0,0.0,0.0,3
30185540_MinPolqaSfbRecording_cut.wav,2.666666667,0.577350269,0.653333333,3
28456031_MinPolqaSfbRecording_cut.wav,3.666666667,0.577350269,0.653333333,3
30467555_MinPolqaSfbRecording_cut.wav,3.333333333,0.577350269,0.653333333,3
30060605_MinPolqaSfbRecording_cut.wav,1.666666667,0.577350269,0.653333333,3
30184690_MinPolqaSfbRecording_cut.wav,2.8,1.643167673,1.440299969,5
30066158_MinPolqaSfbRecording_cut.wav,2.6,0.894427191,0.784,5
28739997_MinPolqaSfbRecording_cut.wav,2.8,0.836660027,0.733364848,5
30123429_MinPolqaSfbRecording_cut.wav,3.8,0.836660027,0.733364848,5
30491574_MinPolqaSfbRecording_cut.wav,2.2,1.303840481,1.142866571,5
30153951_MinPolqaSfbRecording_cut.wav,2.8,1.643167673,1.440299969,5
30157967_MinPolqaSfbRecording_cut.wav,2.8,1.303840481,1.142866571,5
30455826_MinPolqaSfbRecording_cut.wav,2.2,1.643167673,1.440299969,5
30137408_MinPolqaSfbRecording_cut.wav,3.6,1.140175425,0.999407825,5
30063519_MinPolqaSfbRecording_cut.wav,4.0,0.816496581,0.800166649,4
30469046_MinPolqaSfbRecording_cut.wav,4.5,0.577350269,0.565803264,4
28802530_MinPolqaSfbRecording_cut.wav,4.0,0.816496581,0.800166649,4
30406138_MinPolqaSfbRecording_cut.wav,4.25,0.957427108,0.938278566,4
30063250_MinPolqaSfbRecording_cut.wav,4.75,0.5,0.49,4
27841582_MinPolqaSfbRecording_cut.wav,3.5,0.577350269,0.565803264,4
30477883_MinPolqaSfbRecording_cut.wav,4.25,0.5,0.49,4
30484777_MinPolqaSfbRecording_cut.wav,1.5,1.0,0.98,4
30087677_MinPolqaSfbRecording_cut.wav,3.0,1.414213562,1.385929291,4
27681079_MinPolqaSfbRecording_cut.wav,4.25,0.957427108,0.938278566,4
30258884_MinPolqaSfbRecording_cut.wav,2.5,1.0,0.98,4
30444113_MinPolqaSfbRecording_cut.wav,2.75,0.957427108,0.938278566,4
30209358_MinPolqaSfbRecording_cut.wav,1.25,0.5,0.49,4
28165554_MinPolqaSfbRecording_cut.wav,3.25,1.258305739,1.233139624,4
29534916_MinPolqaSfbRecording_cut.wav,2.75,1.258305739,1.233139624,4
28036725_MinPolqaSfbRecording_cut.wav,4.0,1.154700538,1.131606528,4
28052410_MinPolqaSfbRecording_cut.wav,4.25,0.957427108,0.938278566,4
27803620_MinPolqaSfbRecording_cut.wav,4.2,0.447213595,0.392,5
30426837_MinPolqaSfbRecording_cut.wav,3.8,1.095445115,0.960199979,5
28488046_MinPolqaSfbRecording_cut.wav,4.4,0.547722558,0.48009999,5
30081751_MinPolqaSfbRecording_cut.wav,2.2,0.447213595,0.392,5
30461677_MinPolqaSfbRecording_cut.wav,4.4,0.547722558,0.48009999,5
30493551_MinPolqaSfbRecording_cut.wav,3.8,0.836660027,0.733364848,5
30206564_MinPolqaSfbRecording_cut.wav,3.8,0.447213595,0.392,5
28917560_MinPolqaSfbRecording_cut.wav,4.2,0.447213595,0.392,5
30084352_MinPolqaSfbRecording_cut.wav,3.4,0.547722558,0.48009999,5
30135431_MinPolqaSfbRecording_cut.wav,3.0,1.0,0.876538647,5
30085787_MinPolqaSfbRecording_cut.wav,3.4,1.140175425,0.999407825,5
30122761_MinPolqaSfbRecording_cut.wav,3.8,1.095445115,0.960199979,5
28189567_MinPolqaSfbRecording_cut.wav,4.0,0.707106781,0.619806421,5
28796412_MinPolqaSfbRecording_cut.wav,4.0,1.0,0.876538647,5
27693124_MinPolqaSfbRecording_cut.wav,4.0,0.707106781,0.619806421,5
30421915_MinPolqaSfbRecording_cut.wav,3.2,0.836660027,0.733364848,5
30491825_MinPolqaSfbRecording_cut.wav,3.4,1.140175425,0.999407825,5
29541920_MinPolqaSfbRecording_cut.wav,3.6,0.547722558,0.48009999,5
30463932_MinPolqaSfbRecording_cut.wav,4.4,0.547722558,0.48009999,5
30081959_MinPolqaSfbRecording_cut.wav,2.6,0.894427191,0.784,5
29536151_MinPolqaSfbRecording_cut.wav,3.4,0.547722558,0.48009999,5
30425271_MinPolqaSfbRecording_cut.wav,3.2,0.836660027,0.733364848,5
30260989_MinPolqaSfbRecording_cut.wav,3.0,1.0,0.876538647,5
30158354_MinPolqaSfbRecording_cut.wav,3.8,0.447213595,0.392,5
30138232_MinPolqaSfbRecording_cut.wav,3.0,0.707106781,0.619806421,5
30171638_MinPolqaSfbRecording_cut.wav,2.0,1.414213562,1.239612843,5
30096795_MinPolqaSfbRecording_cut.wav,1.0,0.0,0.0,5
30102012_MinPolqaSfbRecording_cut.wav,2.4,0.547722558,0.48009999,5
30521601_MinPolqaSfbRecording_cut.wav,1.8,1.095445115,0.960199979,5
28295819_MinPolqaSfbRecording_cut.wav,3.6,0.894427191,0.784,5
30491201_MinPolqaSfbRecording_cut.wav,3.6,0.547722558,0.48009999,5
28042647_MinPolqaSfbRecording_cut.wav,4.2,0.836660027,0.733364848,5
29531582_MinPolqaSfbRecording_cut.wav,2.2,0.836660027,0.733364848,5
30090009_MinPolqaSfbRecording_cut.wav,1.2,0.447213595,0.392,5
28282159_MinPolqaSfbRecording_cut.wav,4.2,1.303840481,1.142866571,5
30201663_MinPolqaSfbRecording_cut.wav,2.8,0.447213595,0.392,5
30179087_MinPolqaSfbRecording_cut.wav,4.2,0.836660027,0.733364848,5
28061455_MinPolqaSfbRecording_cut.wav,2.4,1.341640786,1.176,5
30421834_MinPolqaSfbRecording_cut.wav,4.2,0.836660027,0.733364848,5
30431572_MinPolqaSfbRecording_cut.wav,3.2,0.447213595,0.392,5
30508637_MinPolqaSfbRecording_cut.wav,3.4,1.341640786,1.176,5
30078973_MinPolqaSfbRecording_cut.wav,2.8,0.447213595,0.392,5
30061534_MinPolqaSfbRecording_cut.wav,1.6,0.547722558,0.48009999,5
30192691_MinPolqaSfbRecording_cut.wav,3.4,1.140175425,0.999407825,5
30488668_MinPolqaSfbRecording_cut.wav,2.8,0.836660027,0.733364848,5
30145688_MinPolqaSfbRecording_cut.wav,2.6,0.547722558,0.48009999,5
29537821_MinPolqaSfbRecording_cut.wav,2.0,0.707106781,0.619806421,5
28324453_MinPolqaSfbRecording_cut.wav,3.4,0.547722558,0.48009999,5
30261952_MinPolqaSfbRecording_cut.wav,3.75,0.5,0.49,4
30082138_MinPolqaSfbRecording_cut.wav,4.0,0.816496581,0.800166649,4
27870862_MinPolqaSfbRecording_cut.wav,3.75,0.957427108,0.938278566,4
30494115_MinPolqaSfbRecording_cut.wav,4.0,0.816496581,0.800166649,4
28637598_MinPolqaSfbRecording_cut.wav,4.25,0.957427108,0.938278566,4
27806459_MinPolqaSfbRecording_cut.wav,4.0,0.0,0.0,4
30145154_MinPolqaSfbRecording_cut.wav,3.0,1.414213562,1.385929291,4
28285140_MinPolqaSfbRecording_cut.wav,3.75,0.5,0.49,4
28037171_MinPolqaSfbRecording_cut.wav,3.75,0.5,0.49,4
30473245_MinPolqaSfbRecording_cut.wav,2.666666667,2.081665999,2.355626833,3
30413526_MinPolqaSfbRecording_cut.wav,2.666666667,0.577350269,0.653333333,3
30163193_MinPolqaSfbRecording_cut.wav,1.666666667,1.154700538,1.306666667,3
27611745_MinPolqaSfbRecording_cut.wav,2.333333333,1.154700538,1.306666667,3
30520459_MinPolqaSfbRecording_cut.wav,2.666666667,1.154700538,1.306666667,3
30076308_MinPolqaSfbRecording_cut.wav,3.333333333,1.527525232,1.728557523,3
29536374_MinPolqaSfbRecording_cut.wav,3.0,1.732050808,1.96,3
30166481_MinPolqaSfbRecording_cut.wav,2.333333333,1.527525232,1.728557523,3
30140770_MinPolqaSfbRecording_cut.wav,1.0,0.0,0.0,3
30109629_MinPolqaSfbRecording_cut.wav,3.5,0.707106781,0.98,2
30179206_MinPolqaSfbRecording_cut.wav,4.0,0.0,0.0,2
30439437_MinPolqaSfbRecording_cut.wav,4.0,0.0,0.0,2
28307817_MinPolqaSfbRecording_cut.wav,3.5,0.707106781,0.98,2
30135634_MinPolqaSfbRecording_cut.wav,4.5,0.707106781,0.98,2
30067642_MinPolqaSfbRecording_cut.wav,4.5,0.707106781,0.98,2
30060399_MinPolqaSfbRecording_cut.wav,3.5,0.707106781,0.98,2
30400575_MinPolqaSfbRecording_cut.wav,4.0,0.0,0.0,2
30192016_MinPolqaSfbRecording_cut.wav,4.0,0.0,0.0,2
30513639_MinPolqaSfbRecording_cut.wav,3.5,0.707106781,0.98,2
30180899_MinPolqaSfbRecording_cut.wav,2.8,1.095445115,0.960199979,5
30147201_MinPolqaSfbRecording_cut.wav,2.8,1.483239697,1.300116918,5
30110580_MinPolqaSfbRecording_cut.wav,4.4,0.547722558,0.48009999,5
30213348_MinPolqaSfbRecording_cut.wav,3.6,0.547722558,0.48009999,5
28689681_MinPolqaSfbRecording_cut.wav,4.6,0.547722558,0.48009999,5
30149208_MinPolqaSfbRecording_cut.wav,1.4,0.894427191,0.784,5
29537604_MinPolqaSfbRecording_cut.wav,4.2,0.836660027,0.733364848,5
30150641_MinPolqaSfbRecording_cut.wav,1.6,0.894427191,0.784,5
30515645_MinPolqaSfbRecording_cut.wav,2.0,0.707106781,0.619806421,5
30481938_MinPolqaSfbRecording_cut.wav,2.333333333,1.527525232,1.728557523,3
30100259_MinPolqaSfbRecording_cut.wav,2.666666667,2.081665999,2.355626833,3
30193269_MinPolqaSfbRecording_cut.wav,3.666666667,1.154700538,1.306666667,3
30065964_MinPolqaSfbRecording_cut.wav,2.666666667,1.527525232,1.728557523,3
30442673_MinPolqaSfbRecording_cut.wav,2.333333333,0.577350269,0.653333333,3
30103144_MinPolqaSfbRecording_cut.wav,3.666666667,1.527525232,1.728557523,3
30491955_MinPolqaSfbRecording_cut.wav,3.666666667,0.577350269,0.653333333,3
30436926_MinPolqaSfbRecording_cut.wav,3.2,0.836660027,0.733364848,5
30092102_MinPolqaSfbRecording_cut.wav,2.4,1.140175425,0.999407825,5
30465741_MinPolqaSfbRecording_cut.wav,2.2,1.303840481,1.142866571,5
30474913_MinPolqaSfbRecording_cut.wav,2.6,0.894427191,0.784,5
28900341_MinPolqaSfbRecording_cut.wav,3.4,1.140175425,0.999407825,5
30091778_MinPolqaSfbRecording_cut.wav,2.6,1.140175425,0.999407825,5
30483491_MinPolqaSfbRecording_cut.wav,3.4,1.140175425,0.999407825,5
30431299_MinPolqaSfbRecording_cut.wav,1.8,0.836660027,0.733364848,5
30095571_MinPolqaSfbRecording_cut.wav,3.666666667,1.154700538,1.306666667,3
30132576_MinPolqaSfbRecording_cut.wav,4.333333333,0.577350269,0.653333333,3
30457889_MinPolqaSfbRecording_cut.wav,4.666666667,0.577350269,0.653333333,3
30070353_MinPolqaSfbRecording_cut.wav,4.333333333,0.577350269,0.653333333,3
29531152_MinPolqaSfbRecording_cut.wav,2.666666667,1.154700538,1.306666667,3
28836869_MinPolqaSfbRecording_cut.wav,4.333333333,0.577350269,0.653333333,3
30527579_MinPolqaSfbRecording_cut.wav,4.333333333,0.577350269,0.653333333,3
30160591_MinPolqaSfbRecording_cut.wav,4.333333333,0.577350269,0.653333333,3
28922579_MinPolqaSfbRecording_cut.wav,4.666666667,0.577350269,0.653333333,3
30488703_MinPolqaSfbRecording_cut.wav,3.5,0.707106781,0.98,2
30430169_MinPolqaSfbRecording_cut.wav,2.0,0.0,0.0,2
30412060_MinPolqaSfbRecording_cut.wav,3.0,0.0,0.0,2
27632221_MinPolqaSfbRecording_cut.wav,5.0,0.0,0.0,2
30488680_MinPolqaSfbRecording_cut.wav,3.5,0.707106781,0.98,2
30410607_MinPolqaSfbRecording_cut.wav,2.0,0.0,0.0,2
30478946_MinPolqaSfbRecording_cut.wav,2.5,0.707106781,0.98,2
27812888_MinPolqaSfbRecording_cut.wav,3.5,0.707106781,0.98,2
28028286_MinPolqaSfbRecording_cut.wav,4.5,0.707106781,0.98,2
30099310_MinPolqaSfbRecording_cut.wav,3.0,0.0,0.0,2
30163657_MinPolqaSfbRecording_cut.wav,3.0,0.0,0.0,2
30129563_MinPolqaSfbRecording_cut.wav,3.0,0.0,0.0,2
27657831_MinPolqaSfbRecording_cut.wav,4.0,0.0,0.0,2
30164525_MinPolqaSfbRecording_cut.wav,3.0,0.0,0.0,2
28950374_MinPolqaSfbRecording_cut.wav,4.0,0.0,0.0,2
30142880_MinPolqaSfbRecording_cut.wav,3.5,0.707106781,0.98,2
27801873_MinPolqaSfbRecording_cut.wav,2.5,0.707106781,0.98,2
30449822_MinPolqaSfbRecording_cut.wav,3.0,0.0,0.0,2
30067342_MinPolqaSfbRecording_cut.wav,3.0,0.0,0.0,2
28277571_MinPolqaSfbRecording_cut.wav,4.2,1.095445115,0.960199979,5
30070446_MinPolqaSfbRecording_cut.wav,2.0,1.414213562,1.239612843,5
30206423_MinPolqaSfbRecording_cut.wav,2.6,1.341640786,1.176,5
30460103_MinPolqaSfbRecording_cut.wav,1.8,0.836660027,0.733364848,5
30248926_MinPolqaSfbRecording_cut.wav,3.8,0.447213595,0.392,5
30431249_MinPolqaSfbRecording_cut.wav,3.6,0.547722558,0.48009999,5
30171357_MinPolqaSfbRecording_cut.wav,3.4,1.140175425,0.999407825,5
27554874_MinPolqaSfbRecording_cut.wav,3.75,0.5,0.49,4
30099187_MinPolqaSfbRecording_cut.wav,4.0,0.816496581,0.800166649,4
30067119_MinPolqaSfbRecording_cut.wav,2.75,0.957427108,0.938278566,4
30253904_MinPolqaSfbRecording_cut.wav,2.5,1.290994449,1.26517456,4
30251434_MinPolqaSfbRecording_cut.wav,3.25,0.957427108,0.938278566,4
30466394_MinPolqaSfbRecording_cut.wav,1.75,0.5,0.49,4
30415618_MinPolqaSfbRecording_cut.wav,3.6,1.673320053,1.466729696,5
29060615_MinPolqaSfbRecording_cut.wav,4.0,0.707106781,0.619806421,5
30477504_MinPolqaSfbRecording_cut.wav,2.4,0.894427191,0.784,5
30473436_MinPolqaSfbRecording_cut.wav,1.8,0.836660027,0.733364848,5
30477837_MinPolqaSfbRecording_cut.wav,1.6,0.547722558,0.48009999,5
30212175_MinPolqaSfbRecording_cut.wav,2.2,0.836660027,0.733364848,5
29536642_MinPolqaSfbRecording_cut.wav,1.4,0.547722558,0.48009999,5
30163818_MinPolqaSfbRecording_cut.wav,3.6,1.140175425,0.999407825,5
29530739_MinPolqaSfbRecording_cut.wav,3.6,0.894427191,0.784,5
30106757_MinPolqaSfbRecording_cut.wav,3.2,0.447213595,0.392,5
30136994_MinPolqaSfbRecording_cut.wav,3.4,0.547722558,0.48009999,5
30176490_MinPolqaSfbRecording_cut.wav,2.4,1.140175425,0.999407825,5
30079291_MinPolqaSfbRecording_cut.wav,3.4,0.547722558,0.48009999,5
30474222_MinPolqaSfbRecording_cut.wav,3.8,0.447213595,0.392,5
30483190_MinPolqaSfbRecording_cut.wav,2.4,1.140175425,0.999407825,5
30128906_MinPolqaSfbRecording_cut.wav,1.8,0.836660027,0.733364848,5
29530750_MinPolqaSfbRecording_cut.wav,2.2,0.836660027,0.733364848,5
30109655_MinPolqaSfbRecording_cut.wav,2.8,0.836660027,0.733364848,5
30083010_MinPolqaSfbRecording_cut.wav,3.666666667,0.577350269,0.653333333,3
30147097_MinPolqaSfbRecording_cut.wav,2.0,1.0,1.131606528,3
30523183_MinPolqaSfbRecording_cut.wav,3.0,0.0,0.0,3
30508097_MinPolqaSfbRecording_cut.wav,3.666666667,0.577350269,0.653333333,3
30213422_MinPolqaSfbRecording_cut.wav,3.0,0.0,0.0,3
30113265_MinPolqaSfbRecording_cut.wav,4.333333333,0.577350269,0.653333333,3
30096557_MinPolqaSfbRecording_cut.wav,2.0,1.0,1.131606528,3
27932837_MinPolqaSfbRecording_cut.wav,4.333333333,0.577350269,0.653333333,3
30129154_MinPolqaSfbRecording_cut.wav,3.0,0.707106781,0.619806421,5
30256808_MinPolqaSfbRecording_cut.wav,2.6,1.516575089,1.329336677,5
27902010_MinPolqaSfbRecording_cut.wav,4.2,0.836660027,0.733364848,5
30487387_MinPolqaSfbRecording_cut.wav,3.2,0.447213595,0.392,5
30202541_MinPolqaSfbRecording_cut.wav,1.6,0.547722558,0.48009999,5
30522211_MinPolqaSfbRecording_cut.wav,2.0,0.707106781,0.619806421,5
30153833_MinPolqaSfbRecording_cut.wav,2.6,0.894427191,0.784,5
30408681_MinPolqaSfbRecording_cut.wav,1.0,0.0,0.0,5
30465547_MinPolqaSfbRecording_cut.wav,4.0,0.0,0.0,3
28226198_MinPolqaSfbRecording_cut.wav,4.666666667,0.577350269,0.653333333,3
30406712_MinPolqaSfbRecording_cut.wav,2.666666667,1.154700538,1.306666667,3
30135702_MinPolqaSfbRecording_cut.wav,2.666666667,0.577350269,0.653333333,3
30106528_MinPolqaSfbRecording_cut.wav,4.0,0.0,0.0,3
29051856_MinPolqaSfbRecording_cut.wav,4.666666667,0.577350269,0.653333333,3
30485426_MinPolqaSfbRecording_cut.wav,3.333333333,0.577350269,0.653333333,3
30119382_MinPolqaSfbRecording_cut.wav,2.666666667,1.154700538,1.306666667,3
30138364_MinPolqaSfbRecording_cut.wav,3.666666667,0.577350269,0.653333333,3
30142252_MinPolqaSfbRecording_cut.wav,1.6,0.894427191,0.784,5
29005732_MinPolqaSfbRecording_cut.wav,3.8,0.447213595,0.392,5
30425181_MinPolqaSfbRecording_cut.wav,3.6,0.894427191,0.784,5
27600718_MinPolqaSfbRecording_cut.wav,4.6,0.547722558,0.48009999,5
30148408_MinPolqaSfbRecording_cut.wav,2.2,1.095445115,0.960199979,5
30157573_MinPolqaSfbRecording_cut.wav,4.4,0.547722558,0.48009999,5
30103722_MinPolqaSfbRecording_cut.wav,2.8,0.447213595,0.392,5
28066844_MinPolqaSfbRecording_cut.wav,3.333333333,0.577350269,0.653333333,3
30171358_MinPolqaSfbRecording_cut.wav,2.666666667,0.577350269,0.653333333,3
29544619_MinPolqaSfbRecording_cut.wav,2.666666667,1.154700538,1.306666667,3
30518971_MinPolqaSfbRecording_cut.wav,2.666666667,0.577350269,0.653333333,3
28539610_MinPolqaSfbRecording_cut.wav,3.333333333,0.577350269,0.653333333,3
30512838_MinPolqaSfbRecording_cut.wav,1.333333333,0.577350269,0.653333333,3
30138692_MinPolqaSfbRecording_cut.wav,3.666666667,0.577350269,0.653333333,3
30437330_MinPolqaSfbRecording_cut.wav,3.5,0.577350269,0.565803264,4
30483965_MinPolqaSfbRecording_cut.wav,2.25,1.258305739,1.233139624,4
27898733_MinPolqaSfbRecording_cut.wav,4.25,0.957427108,0.938278566,4
30155282_MinPolqaSfbRecording_cut.wav,2.75,0.957427108,0.938278566,4
28089288_MinPolqaSfbRecording_cut.wav,4.0,1.154700538,1.131606528,4
30212852_MinPolqaSfbRecording_cut.wav,1.5,1.0,0.98,4
30117281_MinPolqaSfbRecording_cut.wav,4.25,0.5,0.49,4
30188935_MinPolqaSfbRecording_cut.wav,3.25,1.258305739,1.233139624,4
30423241_MinPolqaSfbRecording_cut.wav,3.25,0.957427108,0.938278566,4
30188930_MinPolqaSfbRecording_cut.wav,2.25,1.258305739,1.233139624,4
28550029_MinPolqaSfbRecording_cut.wav,3.6,1.341640786,1.176,5
30133968_MinPolqaSfbRecording_cut.wav,2.8,1.303840481,1.142866571,5
27701213_MinPolqaSfbRecording_cut.wav,3.4,1.140175425,0.999407825,5
30461785_MinPolqaSfbRecording_cut.wav,2.2,1.303840481,1.142866571,5
27769594_MinPolqaSfbRecording_cut.wav,4.0,1.0,0.876538647,5
29531846_MinPolqaSfbRecording_cut.wav,3.6,1.140175425,0.999407825,5
30189648_MinPolqaSfbRecording_cut.wav,3.2,0.836660027,0.733364848,5
30263382_MinPolqaSfbRecording_cut.wav,2.0,1.224744871,1.073536213,5
30147648_MinPolqaSfbRecording_cut.wav,3.0,0.707106781,0.619806421,5
27677667_MinPolqaSfbRecording_cut.wav,4.2,0.447213595,0.392,5
30213437_MinPolqaSfbRecording_cut.wav,3.0,1.0,0.876538647,5
30073003_MinPolqaSfbRecording_cut.wav,4.0,0.707106781,0.619806421,5
30258063_MinPolqaSfbRecording_cut.wav,2.4,0.894427191,0.784,5
28130164_MinPolqaSfbRecording_cut.wav,3.4,0.547722558,0.48009999,5
30505507_MinPolqaSfbRecording_cut.wav,2.6,1.140175425,0.999407825,5
30138562_MinPolqaSfbRecording_cut.wav,3.0,0.707106781,0.619806421,5
27777473_MinPolqaSfbRecording_cut.wav,3.8,0.447213595,0.392,5
30071272_MinPolqaSfbRecording_cut.wav,2.0,0.0,0.0,5
30473419_MinPolqaSfbRecording_cut.wav,3.4,0.547722558,0.48009999,5
27966880_MinPolqaSfbRecording_cut.wav,4.0,1.0,0.876538647,5
30096449_MinPolqaSfbRecording_cut.wav,2.8,0.447213595,0.392,5
27911899_MinPolqaSfbRecording_cut.wav,4.0,0.0,0.0,5
30119312_MinPolqaSfbRecording_cut.wav,4.2,0.447213595,0.392,5
30409395_MinPolqaSfbRecording_cut.wav,3.2,0.447213595,0.392,5
30415379_MinPolqaSfbRecording_cut.wav,3.4,1.140175425,0.999407825,5
30101084_MinPolqaSfbRecording_cut.wav,4.0,0.816496581,0.800166649,4
30455480_MinPolqaSfbRecording_cut.wav,3.0,0.0,0.0,4
30507187_MinPolqaSfbRecording_cut.wav,3.75,0.5,0.49,4
30129763_MinPolqaSfbRecording_cut.wav,1.75,0.5,0.49,4
28554554_MinPolqaSfbRecording_cut.wav,4.5,0.577350269,0.565803264,4
30516879_MinPolqaSfbRecording_cut.wav,1.25,0.5,0.49,4
30469156_MinPolqaSfbRecording_cut.wav,3.75,0.5,0.49,4
27729958_MinPolqaSfbRecording_cut.wav,4.0,0.816496581,0.800166649,4
30429356_MinPolqaSfbRecording_cut.wav,1.333333333,0.577350269,0.653333333,3
27916521_MinPolqaSfbRecording_cut.wav,3.666666667,0.577350269,0.653333333,3
30519453_MinPolqaSfbRecording_cut.wav,1.333333333,0.577350269,0.653333333,3
30209906_MinPolqaSfbRecording_cut.wav,3.666666667,0.577350269,0.653333333,3
30096641_MinPolqaSfbRecording_cut.wav,3.333333333,0.577350269,0.653333333,3
30113169_MinPolqaSfbRecording_cut.wav,1.333333333,0.577350269,0.653333333,3
30106014_MinPolqaSfbRecording_cut.wav,1.5,0.707106781,0.98,2
30460656_MinPolqaSfbRecording_cut.wav,3.5,0.707106781,0.98,2
30472545_MinPolqaSfbRecording_cut.wav,1.5,0.707106781,0.98,2
29537413_MinPolqaSfbRecording_cut.wav,1.0,0.0,0.0,2
28540450_MinPolqaSfbRecording_cut.wav,4.0,0.0,0.0,2
30473249_MinPolqaSfbRecording_cut.wav,4.0,1.414213562,1.96,2
29530183_MinPolqaSfbRecording_cut.wav,3.5,0.707106781,0.98,2
30058397_MinPolqaSfbRecording_cut.wav,2.5,0.707106781,0.98,2
30478546_MinPolqaSfbRecording_cut.wav,2.75,1.258305739,1.233139624,4
30438800_MinPolqaSfbRecording_cut.wav,3.5,1.0,0.98,4
30200123_MinPolqaSfbRecording_cut.wav,4.5,1.0,0.98,4
30186497_MinPolqaSfbRecording_cut.wav,3.5,1.290994449,1.26517456,4
30114026_MinPolqaSfbRecording_cut.wav,4.75,0.5,0.49,4
30484706_MinPolqaSfbRecording_cut.wav,3.5,1.732050808,1.697409791,4
30149014_MinPolqaSfbRecording_cut.wav,4.5,1.0,0.98,4
28117309_MinPolqaSfbRecording_cut.wav,4.5,1.0,0.98,4
30090882_MinPolqaSfbRecording_cut.wav,4.25,0.957427108,0.938278566,4
30142978_MinPolqaSfbRecording_cut.wav,4.0,1.0,0.876538647,5
30147151_MinPolqaSfbRecording_cut.wav,3.8,0.447213595,0.392,5
30494032_MinPolqaSfbRecording_cut.wav,2.6,1.140175425,0.999407825,5
28726353_MinPolqaSfbRecording_cut.wav,4.0,0.707106781,0.619806421,5
28473587_MinPolqaSfbRecording_cut.wav,4.6,0.547722558,0.48009999,5
30148290_MinPolqaSfbRecording_cut.wav,3.4,1.140175425,0.999407825,5
30427200_MinPolqaSfbRecording_cut.wav,2.0,0.707106781,0.619806421,5
30107788_MinPolqaSfbRecording_cut.wav,2.8,0.836660027,0.733364848,5
29544170_MinPolqaSfbRecording_cut.wav,2.4,0.547722558,0.48009999,5
30081714_MinPolqaSfbRecording_cut.wav,2.6,0.547722558,0.48009999,5
30254976_MinPolqaSfbRecording_cut.wav,1.2,0.447213595,0.392,5
30430514_MinPolqaSfbRecording_cut.wav,3.6,0.547722558,0.48009999,5
30177432_MinPolqaSfbRecording_cut.wav,1.8,0.447213595,0.392,5
30188889_MinPolqaSfbRecording_cut.wav,2.0,0.707106781,0.619806421,5
30423399_MinPolqaSfbRecording_cut.wav,2.0,0.0,0.0,5
30484233_MinPolqaSfbRecording_cut.wav,3.0,1.414213562,1.96,2
30136812_MinPolqaSfbRecording_cut.wav,3.5,0.707106781,0.98,2
30435185_MinPolqaSfbRecording_cut.wav,3.5,0.707106781,0.98,2
27834010_MinPolqaSfbRecording_cut.wav,4.0,0.0,0.0,2
30461666_MinPolqaSfbRecording_cut.wav,1.5,0.707106781,0.98,2
30512529_MinPolqaSfbRecording_cut.wav,2.0,1.414213562,1.96,2
30082577_MinPolqaSfbRecording_cut.wav,2.0,1.0,1.131606528,3
30175092_MinPolqaSfbRecording_cut.wav,2.0,1.0,1.131606528,3
30100779_MinPolqaSfbRecording_cut.wav,4.666666667,0.577350269,0.653333333,3
28810350_MinPolqaSfbRecording_cut.wav,4.666666667,0.577350269,0.653333333,3
28903571_MinPolqaSfbRecording_cut.wav,4.666666667,0.577350269,0.653333333,3
30470494_MinPolqaSfbRecording_cut.wav,1.666666667,1.154700538,1.306666667,3
30257490_MinPolqaSfbRecording_cut.wav,2.666666667,1.154700538,1.306666667,3
30462470_MinPolqaSfbRecording_cut.wav,3.0,0.816496581,0.800166649,4
28149775_MinPolqaSfbRecording_cut.wav,3.5,0.577350269,0.565803264,4
30492117_MinPolqaSfbRecording_cut.wav,2.5,1.290994449,1.26517456,4
27749772_MinPolqaSfbRecording_cut.wav,2.5,1.0,0.98,4
30153691_MinPolqaSfbRecording_cut.wav,2.0,1.414213562,1.385929291,4
30136427_MinPolqaSfbRecording_cut.wav,2.25,1.258305739,1.233139624,4
29542616_MinPolqaSfbRecording_cut.wav,2.0,0.816496581,0.800166649,4
30264424_MinPolqaSfbRecording_cut.wav,4.0,0.816496581,0.800166649,4
30408320_MinPolqaSfbRecording_cut.wav,2.0,1.414213562,1.385929291,4
29537926_MinPolqaSfbRecording_cut.wav,3.0,0.816496581,0.800166649,4
30469023_MinPolqaSfbRecording_cut.wav,2.0,1.154700538,1.131606528,4
30166406_MinPolqaSfbRecording_cut.wav,2.0,1.414213562,1.385929291,4
28559845_MinPolqaSfbRecording_cut.wav,4.25,0.5,0.49,4
30462925_MinPolqaSfbRecording_cut.wav,2.25,1.258305739,1.233139624,4
30429085_MinPolqaSfbRecording_cut.wav,1.75,1.5,1.47,4
28197215_MinPolqaSfbRecording_cut.wav,4.0,0.816496581,0.800166649,4
28519731_MinPolqaSfbRecording_cut.wav,3.25,0.5,0.49,4
30093209_MinPolqaSfbRecording_cut.wav,3.0,0.0,0.0,5
29537387_MinPolqaSfbRecording_cut.wav,2.6,1.140175425,0.999407825,5
30510300_MinPolqaSfbRecording_cut.wav,2.2,1.303840481,1.142866571,5
28340407_MinPolqaSfbRecording_cut.wav,2.6,1.140175425,0.999407825,5
30518896_MinPolqaSfbRecording_cut.wav,1.8,0.836660027,0.733364848,5
30264332_MinPolqaSfbRecording_cut.wav,3.6,0.894427191,0.784,5
30087610_MinPolqaSfbRecording_cut.wav,3.8,0.447213595,0.392,5
30145656_MinPolqaSfbRecording_cut.wav,3.2,1.303840481,1.142866571,5
30490565_MinPolqaSfbRecording_cut.wav,3.0,1.224744871,1.073536213,5
30488343_MinPolqaSfbRecording_cut.wav,1.5,0.577350269,0.565803264,4
30160149_MinPolqaSfbRecording_cut.wav,1.25,0.5,0.49,4
30497159_MinPolqaSfbRecording_cut.wav,2.0,0.0,0.0,4
30147518_MinPolqaSfbRecording_cut.wav,1.75,0.957427108,0.938278566,4
30154290_MinPolqaSfbRecording_cut.wav,2.25,1.258305739,1.233139624,4
29008681_MinPolqaSfbRecording_cut.wav,4.75,0.5,0.49,4
30184935_MinPolqaSfbRecording_cut.wav,3.75,0.957427108,0.938278566,4
28239723_MinPolqaSfbRecording_cut.wav,4.2,0.447213595,0.392,5
29532240_MinPolqaSfbRecording_cut.wav,3.2,1.095445115,0.960199979,5
30491549_MinPolqaSfbRecording_cut.wav,2.6,0.547722558,0.48009999,5
30503485_MinPolqaSfbRecording_cut.wav,2.2,0.447213595,0.392,5
27970040_MinPolqaSfbRecording_cut.wav,4.8,0.447213595,0.392,5
30260987_MinPolqaSfbRecording_cut.wav,3.6,0.547722558,0.48009999,5
30194500_MinPolqaSfbRecording_cut.wav,2.6,0.547722558,0.48009999,5
30507024_MinPolqaSfbRecording_cut.wav,2.8,0.836660027,0.733364848,5
27820495_MinPolqaSfbRecording_cut.wav,4.0,0.0,0.0,5
30062661_MinPolqaSfbRecording_cut.wav,3.4,0.894427191,0.784,5
30426678_MinPolqaSfbRecording_cut.wav,3.5,0.577350269,0.565803264,4
29531584_MinPolqaSfbRecording_cut.wav,1.0,0.0,0.0,4
30403925_MinPolqaSfbRecording_cut.wav,2.5,0.577350269,0.565803264,4
28467936_MinPolqaSfbRecording_cut.wav,4.5,0.577350269,0.565803264,4
30211497_MinPolqaSfbRecording_cut.wav,2.0,0.0,0.0,4
30104849_MinPolqaSfbRecording_cut.wav,3.0,0.816496581,0.800166649,4
30076593_MinPolqaSfbRecording_cut.wav,2.25,0.5,0.49,4
30516406_MinPolqaSfbRecording_cut.wav,1.5,0.577350269,0.565803264,4
30156441_MinPolqaSfbRecording_cut.wav,1.75,1.5,1.47,4
28970414_MinPolqaSfbRecording_cut.wav,4.25,0.957427108,0.938278566,4
30511357_MinPolqaSfbRecording_cut.wav,2.0,0.816496581,0.800166649,4
28915997_MinPolqaSfbRecording_cut.wav,2.0,0.816496581,0.800166649,4
30261545_MinPolqaSfbRecording_cut.wav,3.25,1.258305739,1.233139624,4
30113659_MinPolqaSfbRecording_cut.wav,2.5,1.290994449,1.26517456,4
30064924_MinPolqaSfbRecording_cut.wav,3.75,0.957427108,0.938278566,4
30129654_MinPolqaSfbRecording_cut.wav,4.0,0.816496581,0.800166649,4
30409384_MinPolqaSfbRecording_cut.wav,2.75,1.258305739,1.233139624,4
28916463_MinPolqaSfbRecording_cut.wav,4.25,0.957427108,0.938278566,4
30133508_MinPolqaSfbRecording_cut.wav,2.75,0.957427108,0.938278566,4
27651917_MinPolqaSfbRecording_cut.wav,4.25,0.957427108,0.938278566,4
30529201_MinPolqaSfbRecording_cut.wav,3.0,1.414213562,1.385929291,4
30406638_MinPolqaSfbRecording_cut.wav,2.25,0.5,0.49,4
30259048_MinPolqaSfbRecording_cut.wav,1.75,0.957427108,0.938278566,4
30264416_MinPolqaSfbRecording_cut.wav,4.0,0.0,0.0,4
30184224_MinPolqaSfbRecording_cut.wav,1.0,0.0,0.0,2
30181520_MinPolqaSfbRecording_cut.wav,2.0,1.414213562,1.96,2
30482436_MinPolqaSfbRecording_cut.wav,4.0,0.0,0.0,2
30482562_MinPolqaSfbRecording_cut.wav,2.5,0.707106781,0.98,2
30520063_MinPolqaSfbRecording_cut.wav,3.0,0.0,0.0,2
30505923_MinPolqaSfbRecording_cut.wav,2.5,0.707106781,0.98,2
30264506_MinPolqaSfbRecording_cut.wav,4.0,1.414213562,1.96,2
30468893_MinPolqaSfbRecording_cut.wav,4.5,0.707106781,0.98,2
30430806_MinPolqaSfbRecording_cut.wav,2.5,0.707106781,0.98,2
30076561_MinPolqaSfbRecording_cut.wav,4.5,0.707106781,0.98,2
29011456_MinPolqaSfbRecording_cut.wav,5.0,0.0,0.0,2
30064340_MinPolqaSfbRecording_cut.wav,3.5,0.707106781,0.98,2
30161179_MinPolqaSfbRecording_cut.wav,3.5,0.707106781,0.98,2
30068427_MinPolqaSfbRecording_cut.wav,3.5,0.707106781,0.98,2
30060911_MinPolqaSfbRecording_cut.wav,3.5,0.707106781,0.98,2
30207379_MinPolqaSfbRecording_cut.wav,2.5,0.707106781,0.98,2
30471766_MinPolqaSfbRecording_cut.wav,4.0,0.0,0.0,2
28423907_MinPolqaSfbRecording_cut.wav,3.5,0.707106781,0.98,2
30407444_MinPolqaSfbRecording_cut.wav,2.666666667,0.577350269,0.653333333,3
30136425_MinPolqaSfbRecording_cut.wav,1.666666667,0.577350269,0.653333333,3
30480549_MinPolqaSfbRecording_cut.wav,3.666666667,0.577350269,0.653333333,3
30247630_MinPolqaSfbRecording_cut.wav,1.0,0.0,0.0,3
30075297_MinPolqaSfbRecording_cut.wav,4.0,1.0,1.131606528,3
30147970_MinPolqaSfbRecording_cut.wav,2.666666667,1.527525232,1.728557523,3
30061758_MinPolqaSfbRecording_cut.wav,3.0,1.732050808,1.96,3
30260932_MinPolqaSfbRecording_cut.wav,2.25,1.258305739,1.233139624,4
30427932_MinPolqaSfbRecording_cut.wav,3.0,1.414213562,1.385929291,4
30148226_MinPolqaSfbRecording_cut.wav,1.75,0.957427108,0.938278566,4
30072917_MinPolqaSfbRecording_cut.wav,3.75,0.5,0.49,4
30207741_MinPolqaSfbRecording_cut.wav,2.25,1.258305739,1.233139624,4
30526479_MinPolqaSfbRecording_cut.wav,2.75,0.957427108,0.938278566,4
30249571_MinPolqaSfbRecording_cut.wav,3.25,0.957427108,0.938278566,4
27562091_MinPolqaSfbRecording_cut.wav,3.75,0.5,0.49,4
28904352_MinPolqaSfbRecording_cut.wav,3.6,0.894427191,0.784,5
30148466_MinPolqaSfbRecording_cut.wav,2.2,1.095445115,0.960199979,5
30166469_MinPolqaSfbRecording_cut.wav,3.2,1.303840481,1.142866571,5
30100035_MinPolqaSfbRecording_cut.wav,1.8,1.303840481,1.142866571,5
30491526_MinPolqaSfbRecording_cut.wav,1.2,0.447213595,0.392,5
30529428_MinPolqaSfbRecording_cut.wav,2.8,1.303840481,1.142866571,5
30470684_MinPolqaSfbRecording_cut.wav,1.8,1.303840481,1.142866571,5
30067173_MinPolqaSfbRecording_cut.wav,2.0,1.224744871,1.073536213,5
30062935_MinPolqaSfbRecording_cut.wav,1.4,0.894427191,0.784,5
27691615_MinPolqaSfbRecording_cut.wav,3.8,0.836660027,0.733364848,5
30477717_MinPolqaSfbRecording_cut.wav,3.6,0.894427191,0.784,5
30248769_MinPolqaSfbRecording_cut.wav,2.2,0.447213595,0.392,5
30184592_MinPolqaSfbRecording_cut.wav,4.0,1.0,0.876538647,5
30477850_MinPolqaSfbRecording_cut.wav,4.0,0.707106781,0.619806421,5
28455717_MinPolqaSfbRecording_cut.wav,4.2,0.836660027,0.733364848,5
30081411_MinPolqaSfbRecording_cut.wav,3.6,0.894427191,0.784,5
30214129_MinPolqaSfbRecording_cut.wav,3.4,1.140175425,0.999407825,5
27593242_MinPolqaSfbRecording_cut.wav,4.2,0.836660027,0.733364848,5
30173936_MinPolqaSfbRecording_cut.wav,2.6,1.140175425,0.999407825,5
30121252_MinPolqaSfbRecording_cut.wav,2.8,0.836660027,0.733364848,5
30070529_MinPolqaSfbRecording_cut.wav,3.0,0.707106781,0.619806421,5
30138602_MinPolqaSfbRecording_cut.wav,3.8,1.095445115,0.960199979,5
30205891_MinPolqaSfbRecording_cut.wav,3.4,0.894427191,0.784,5
30082842_MinPolqaSfbRecording_cut.wav,2.0,1.0,0.876538647,5
28324681_MinPolqaSfbRecording_cut.wav,3.8,0.447213595,0.392,5
30505213_MinPolqaSfbRecording_cut.wav,1.8,0.447213595,0.392,5
30101125_MinPolqaSfbRecording_cut.wav,2.6,0.547722558,0.48009999,5
30060744_MinPolqaSfbRecording_cut.wav,1.0,0.0,0.0,5
30108007_MinPolqaSfbRecording_cut.wav,3.2,0.836660027,0.733364848,5
30454741_MinPolqaSfbRecording_cut.wav,2.8,0.447213595,0.392,5
30492124_MinPolqaSfbRecording_cut.wav,3.8,0.447213595,0.392,5
30531859_MinPolqaSfbRecording_cut.wav,3.0,1.414213562,1.239612843,5
30097383_MinPolqaSfbRecording_cut.wav,1.8,0.447213595,0.392,5
28620030_MinPolqaSfbRecording_cut.wav,3.8,0.447213595,0.392,5
29531723_MinPolqaSfbRecording_cut.wav,3.8,0.447213595,0.392,5
30142281_MinPolqaSfbRecording_cut.wav,3.4,1.140175425,0.999407825,5
30413805_MinPolqaSfbRecording_cut.wav,2.8,1.095445115,0.960199979,5
28700488_MinPolqaSfbRecording_cut.wav,3.4,0.547722558,0.48009999,5
30146233_MinPolqaSfbRecording_cut.wav,3.6,0.894427191,0.784,5
30429663_MinPolqaSfbRecording_cut.wav,3.6,0.894427191,0.784,5
30198783_MinPolqaSfbRecording_cut.wav,3.0,1.414213562,1.239612843,5
30401832_MinPolqaSfbRecording_cut.wav,3.6,1.516575089,1.329336677,5
30250321_MinPolqaSfbRecording_cut.wav,2.8,0.836660027,0.733364848,5
30173410_MinPolqaSfbRecording_cut.wav,2.0,1.224744871,1.073536213,5
30162055_MinPolqaSfbRecording_cut.wav,2.0,1.224744871,1.073536213,5
30251203_MinPolqaSfbRecording_cut.wav,2.8,1.095445115,0.960199979,5
30143346_MinPolqaSfbRecording_cut.wav,4.4,0.547722558,0.48009999,5
30199793_MinPolqaSfbRecording_cut.wav,2.8,1.095445115,0.960199979,5
30126227_MinPolqaSfbRecording_cut.wav,3.6,0.894427191,0.784,5
30250092_MinPolqaSfbRecording_cut.wav,2.8,1.303840481,1.142866571,5
28957178_MinPolqaSfbRecording_cut.wav,4.0,1.0,0.876538647,5
27673636_MinPolqaSfbRecording_cut.wav,4.2,0.836660027,0.733364848,5
30119265_MinPolqaSfbRecording_cut.wav,4.0,1.0,0.876538647,5
30157948_MinPolqaSfbRecording_cut.wav,2.2,1.643167673,1.440299969,5
30496928_MinPolqaSfbRecording_cut.wav,4.2,0.836660027,0.733364848,5
30527781_MinPolqaSfbRecording_cut.wav,3.0,1.224744871,1.073536213,5
30083917_MinPolqaSfbRecording_cut.wav,2.8,1.303840481,1.142866571,5
30426792_MinPolqaSfbRecording_cut.wav,2.75,0.5,0.49,4
30444768_MinPolqaSfbRecording_cut.wav,2.75,0.5,0.49,4
30431553_MinPolqaSfbRecording_cut.wav,2.5,0.577350269,0.565803264,4
28948600_MinPolqaSfbRecording_cut.wav,4.25,0.957427108,0.938278566,4
28235958_MinPolqaSfbRecording_cut.wav,3.75,0.5,0.49,4
27893578_MinPolqaSfbRecording_cut.wav,3.25,0.5,0.49,4
30470765_MinPolqaSfbRecording_cut.wav,2.5,1.0,0.98,4
30489798_MinPolqaSfbRecording_cut.wav,2.75,0.5,0.49,4
30128011_MinPolqaSfbRecording_cut.wav,1.5,1.0,0.98,4
30076230_MinPolqaSfbRecording_cut.wav,2.5,0.577350269,0.565803264,4
28041319_MinPolqaSfbRecording_cut.wav,4.25,0.5,0.49,4
30436014_MinPolqaSfbRecording_cut.wav,1.75,0.957427108,0.938278566,4
30195819_MinPolqaSfbRecording_cut.wav,1.75,0.5,0.49,4
27902865_MinPolqaSfbRecording_cut.wav,4.0,0.0,0.0,4
30201503_MinPolqaSfbRecording_cut.wav,1.75,0.5,0.49,4
29541601_MinPolqaSfbRecording_cut.wav,4.5,0.577350269,0.565803264,4
28745850_MinPolqaSfbRecording_cut.wav,4.0,0.0,0.0,4
27893588_MinPolqaSfbRecording_cut.wav,3.4,0.894427191,0.784,5
30449109_MinPolqaSfbRecording_cut.wav,3.8,0.836660027,0.733364848,5
30481516_MinPolqaSfbRecording_cut.wav,2.8,0.836660027,0.733364848,5
30186029_MinPolqaSfbRecording_cut.wav,4.4,0.894427191,0.784,5
30075194_MinPolqaSfbRecording_cut.wav,3.8,0.447213595,0.392,5
30471531_MinPolqaSfbRecording_cut.wav,1.8,0.836660027,0.733364848,5
30192198_MinPolqaSfbRecording_cut.wav,3.8,1.095445115,0.960199979,5
28227929_MinPolqaSfbRecording_cut.wav,4.4,0.894427191,0.784,5
30516433_MinPolqaSfbRecording_cut.wav,1.0,0.0,0.0,5
30433951_MinPolqaSfbRecording_cut.wav,2.0,0.707106781,0.619806421,5
27825498_MinPolqaSfbRecording_cut.wav,3.2,0.836660027,0.733364848,5
30487454_MinPolqaSfbRecording_cut.wav,4.4,0.547722558,0.48009999,5
30129990_MinPolqaSfbRecording_cut.wav,2.6,1.140175425,0.999407825,5
30260718_MinPolqaSfbRecording_cut.wav,3.0,0.707106781,0.619806421,5
30458586_MinPolqaSfbRecording_cut.wav,3.2,0.836660027,0.733364848,5
28449594_MinPolqaSfbRecording_cut.wav,4.4,0.547722558,0.48009999,5
28497923_MinPolqaSfbRecording_cut.wav,3.4,1.516575089,1.329336677,5
30062272_MinPolqaSfbRecording_cut.wav,3.6,0.894427191,0.784,5
30138885_MinPolqaSfbRecording_cut.wav,3.2,1.303840481,1.142866571,5
30091815_MinPolqaSfbRecording_cut.wav,3.2,1.303840481,1.142866571,5
27888930_MinPolqaSfbRecording_cut.wav,4.0,0.707106781,0.619806421,5
30071221_MinPolqaSfbRecording_cut.wav,3.6,0.547722558,0.48009999,5
28614998_MinPolqaSfbRecording_cut.wav,3.8,0.447213595,0.392,5
30437199_MinPolqaSfbRecording_cut.wav,2.2,1.095445115,0.960199979,5
30183007_MinPolqaSfbRecording_cut.wav,2.8,1.095445115,0.960199979,5
29531639_MinPolqaSfbRecording_cut.wav,3.0,0.0,0.0,3
27873077_MinPolqaSfbRecording_cut.wav,3.333333333,0.577350269,0.653333333,3
29541957_MinPolqaSfbRecording_cut.wav,3.0,1.0,1.131606528,3
27814467_MinPolqaSfbRecording_cut.wav,4.0,0.0,0.0,3
30163556_MinPolqaSfbRecording_cut.wav,3.666666667,0.577350269,0.653333333,3
30509195_MinPolqaSfbRecording_cut.wav,4.0,0.0,0.0,3
30480430_MinPolqaSfbRecording_cut.wav,3.0,0.0,0.0,3
28775831_MinPolqaSfbRecording_cut.wav,4.666666667,0.577350269,0.653333333,3
30251191_MinPolqaSfbRecording_cut.wav,1.25,0.5,0.49,4
30067244_MinPolqaSfbRecording_cut.wav,1.25,0.5,0.49,4
30252343_MinPolqaSfbRecording_cut.wav,1.0,0.0,0.0,4
30118690_MinPolqaSfbRecording_cut.wav,3.0,0.816496581,0.800166649,4
30521036_MinPolqaSfbRecording_cut.wav,2.25,0.957427108,0.938278566,4
30201106_MinPolqaSfbRecording_cut.wav,3.5,0.577350269,0.565803264,4
30107101_MinPolqaSfbRecording_cut.wav,3.0,0.0,0.0,4
30404863_MinPolqaSfbRecording_cut.wav,3.5,0.577350269,0.565803264,4
30416534_MinPolqaSfbRecording_cut.wav,2.75,0.5,0.49,4
29534959_MinPolqaSfbRecording_cut.wav,2.0,0.816496581,0.800166649,4
28054415_MinPolqaSfbRecording_cut.wav,4.5,0.577350269,0.565803264,4
30527671_MinPolqaSfbRecording_cut.wav,3.5,0.577350269,0.565803264,4
30507663_MinPolqaSfbRecording_cut.wav,3.0,1.154700538,1.131606528,4
30182043_MinPolqaSfbRecording_cut.wav,2.8,0.447213595,0.392,5
30482609_MinPolqaSfbRecording_cut.wav,2.6,1.140175425,0.999407825,5
30093119_MinPolqaSfbRecording_cut.wav,2.6,1.140175425,0.999407825,5
30207204_MinPolqaSfbRecording_cut.wav,2.4,0.894427191,0.784,5
27761703_MinPolqaSfbRecording_cut.wav,3.6,0.547722558,0.48009999,5
30104197_MinPolqaSfbRecording_cut.wav,2.2,0.836660027,0.733364848,5
30432232_MinPolqaSfbRecording_cut.wav,1.6,0.547722558,0.48009999,5
28124120_MinPolqaSfbRecording_cut.wav,4.6,0.547722558,0.48009999,5
30402066_MinPolqaSfbRecording_cut.wav,3.4,0.547722558,0.48009999,5
30156952_MinPolqaSfbRecording_cut.wav,3.2,0.447213595,0.392,5
30164528_MinPolqaSfbRecording_cut.wav,2.4,0.894427191,0.784,5
28237062_MinPolqaSfbRecording_cut.wav,3.2,0.447213595,0.392,5
30081385_MinPolqaSfbRecording_cut.wav,3.4,1.140175425,0.999407825,5
30177865_MinPolqaSfbRecording_cut.wav,4.2,0.836660027,0.733364848,5
30208777_MinPolqaSfbRecording_cut.wav,3.8,0.836660027,0.733364848,5
30438423_MinPolqaSfbRecording_cut.wav,3.6,0.547722558,0.48009999,5
30165722_MinPolqaSfbRecording_cut.wav,2.666666667,1.527525232,1.728557523,3
30122560_MinPolqaSfbRecording_cut.wav,2.666666667,1.527525232,1.728557523,3
29020958_MinPolqaSfbRecording_cut.wav,4.0,1.0,1.131606528,3
28825734_MinPolqaSfbRecording_cut.wav,3.666666667,1.154700538,1.306666667,3
27755580_MinPolqaSfbRecording_cut.wav,2.333333333,0.577350269,0.653333333,3
28481982_MinPolqaSfbRecording_cut.wav,4.0,1.0,1.131606528,3
28508221_MinPolqaSfbRecording_cut.wav,4.0,1.0,1.131606528,3
28344458_MinPolqaSfbRecording_cut.wav,3.666666667,0.577350269,0.653333333,3
30092127_MinPolqaSfbRecording_cut.wav,2.0,1.0,1.131606528,3
30527556_MinPolqaSfbRecording_cut.wav,2.666666667,0.577350269,0.653333333,3
30078945_MinPolqaSfbRecording_cut.wav,4.0,0.0,0.0,3
30516313_MinPolqaSfbRecording_cut.wav,4.0,1.0,1.131606528,3
28450033_MinPolqaSfbRecording_cut.wav,3.333333333,0.577350269,0.653333333,3
30136391_MinPolqaSfbRecording_cut.wav,3.0,1.0,1.131606528,3
30461985_MinPolqaSfbRecording_cut.wav,2.0,1.0,1.131606528,3
30406156_MinPolqaSfbRecording_cut.wav,1.333333333,0.577350269,0.653333333,3
29539988_MinPolqaSfbRecording_cut.wav,4.333333333,0.577350269,0.653333333,3
27668664_MinPolqaSfbRecording_cut.wav,3.4,1.140175425,0.999407825,5
30129998_MinPolqaSfbRecording_cut.wav,4.2,0.447213595,0.392,5
30180468_MinPolqaSfbRecording_cut.wav,3.4,1.140175425,0.999407825,5
30423369_MinPolqaSfbRecording_cut.wav,3.6,1.341640786,1.176,5
30121328_MinPolqaSfbRecording_cut.wav,3.8,0.836660027,0.733364848,5
30149179_MinPolqaSfbRecording_cut.wav,2.8,0.836660027,0.733364848,5
30434933_MinPolqaSfbRecording_cut.wav,3.0,1.224744871,1.073536213,5
28980926_MinPolqaSfbRecording_cut.wav,4.0,0.707106781,0.619806421,5
30529189_MinPolqaSfbRecording_cut.wav,1.25,0.5,0.49,4
30251189_MinPolqaSfbRecording_cut.wav,3.25,0.5,0.49,4
30521149_MinPolqaSfbRecording_cut.wav,2.0,0.816496581,0.800166649,4
30249196_MinPolqaSfbRecording_cut.wav,3.75,0.5,0.49,4
27659215_MinPolqaSfbRecording_cut.wav,3.0,0.0,0.0,4
30207382_MinPolqaSfbRecording_cut.wav,1.8,0.836660027,0.733364848,5
30161687_MinPolqaSfbRecording_cut.wav,2.8,0.447213595,0.392,5
28743445_MinPolqaSfbRecording_cut.wav,4.0,0.707106781,0.619806421,5
28969902_MinPolqaSfbRecording_cut.wav,4.0,1.0,0.876538647,5
30148544_MinPolqaSfbRecording_cut.wav,4.4,0.894427191,0.784,5
30113122_MinPolqaSfbRecording_cut.wav,2.2,0.836660027,0.733364848,5
30522372_MinPolqaSfbRecording_cut.wav,1.8,0.836660027,0.733364848,5
30130864_MinPolqaSfbRecording_cut.wav,2.8,0.447213595,0.392,5
30402075_MinPolqaSfbRecording_cut.wav,2.8,0.447213595,0.392,5
29532750_MinPolqaSfbRecording_cut.wav,3.4,1.140175425,0.999407825,5
30473948_MinPolqaSfbRecording_cut.wav,3.0,1.224744871,1.073536213,5
28102385_MinPolqaSfbRecording_cut.wav,4.6,0.547722558,0.48009999,5
30410446_MinPolqaSfbRecording_cut.wav,2.0,0.707106781,0.619806421,5
30445188_MinPolqaSfbRecording_cut.wav,3.2,0.836660027,0.733364848,5
30409365_MinPolqaSfbRecording_cut.wav,3.4,1.140175425,0.999407825,5
30528181_MinPolqaSfbRecording_cut.wav,3.0,0.0,0.0,2
30264429_MinPolqaSfbRecording_cut.wav,4.5,0.707106781,0.98,2
27916077_MinPolqaSfbRecording_cut.wav,4.0,0.0,0.0,2
30186034_MinPolqaSfbRecording_cut.wav,4.0,0.0,0.0,2
30179185_MinPolqaSfbRecording_cut.wav,3.5,0.707106781,0.98,2
30113431_MinPolqaSfbRecording_cut.wav,3.0,1.414213562,1.96,2
30097814_MinPolqaSfbRecording_cut.wav,2.0,1.414213562,1.96,2
28424848_MinPolqaSfbRecording_cut.wav,4.5,0.707106781,0.98,2
30199980_MinPolqaSfbRecording_cut.wav,4.0,1.0,1.131606528,3
30063575_MinPolqaSfbRecording_cut.wav,3.666666667,0.577350269,0.653333333,3
27750629_MinPolqaSfbRecording_cut.wav,4.333333333,0.577350269,0.653333333,3
30121560_MinPolqaSfbRecording_cut.wav,1.666666667,1.154700538,1.306666667,3
30154735_MinPolqaSfbRecording_cut.wav,4.0,0.0,0.0,3
30423741_MinPolqaSfbRecording_cut.wav,3.333333333,0.577350269,0.653333333,3
30212748_MinPolqaSfbRecording_cut.wav,4.333333333,0.577350269,0.653333333,3
30185687_MinPolqaSfbRecording_cut.wav,1.8,0.836660027,0.733364848,5
30161841_MinPolqaSfbRecording_cut.wav,3.2,0.447213595,0.392,5
28457207_MinPolqaSfbRecording_cut.wav,4.4,0.547722558,0.48009999,5
30425331_MinPolqaSfbRecording_cut.wav,1.6,0.894427191,0.784,5
28244051_MinPolqaSfbRecording_cut.wav,4.0,0.707106781,0.619806421,5
30485676_MinPolqaSfbRecording_cut.wav,2.4,1.140175425,0.999407825,5
30473367_MinPolqaSfbRecording_cut.wav,2.4,1.341640786,1.176,5
30430280_MinPolqaSfbRecording_cut.wav,3.6,0.547722558,0.48009999,5
29541916_MinPolqaSfbRecording_cut.wav,3.2,0.447213595,0.392,5
28726529_MinPolqaSfbRecording_cut.wav,3.4,0.894427191,0.784,5
30150269_MinPolqaSfbRecording_cut.wav,3.4,0.547722558,0.48009999,5
30407885_MinPolqaSfbRecording_cut.wav,2.0,0.707106781,0.619806421,5
30113077_MinPolqaSfbRecording_cut.wav,3.6,0.894427191,0.784,5
30436290_MinPolqaSfbRecording_cut.wav,3.6,0.547722558,0.48009999,5
30402624_MinPolqaSfbRecording_cut.wav,1.8,0.447213595,0.392,5
30068758_MinPolqaSfbRecording_cut.wav,3.0,0.707106781,0.619806421,5
30124369_MinPolqaSfbRecording_cut.wav,2.75,0.5,0.49,4
30412942_MinPolqaSfbRecording_cut.wav,2.75,1.258305739,1.233139624,4
30473346_MinPolqaSfbRecording_cut.wav,2.5,1.0,0.98,4
30426594_MinPolqaSfbRecording_cut.wav,2.5,1.290994449,1.26517456,4
30065181_MinPolqaSfbRecording_cut.wav,2.5,1.0,0.98,4
30465370_MinPolqaSfbRecording_cut.wav,2.25,0.957427108,0.938278566,4
30431034_MinPolqaSfbRecording_cut.wav,2.0,0.816496581,0.800166649,4
27630645_MinPolqaSfbRecording_cut.wav,3.75,0.5,0.49,4
28134101_MinPolqaSfbRecording_cut.wav,4.666666667,0.577350269,0.653333333,3
30486914_MinPolqaSfbRecording_cut.wav,4.0,0.0,0.0,3
30137206_MinPolqaSfbRecording_cut.wav,3.666666667,0.577350269,0.653333333,3
30501373_MinPolqaSfbRecording_cut.wav,4.0,0.0,0.0,3
30075298_MinPolqaSfbRecording_cut.wav,4.333333333,0.577350269,0.653333333,3
30064427_MinPolqaSfbRecording_cut.wav,2.333333333,0.577350269,0.653333333,3
30258646_MinPolqaSfbRecording_cut.wav,3.0,0.0,0.0,3
30456848_MinPolqaSfbRecording_cut.wav,3.333333333,0.577350269,0.653333333,3
30129380_MinPolqaSfbRecording_cut.wav,4.0,0.0,0.0,3
30523078_MinPolqaSfbRecording_cut.wav,2.666666667,0.577350269,0.653333333,3
30427400_MinPolqaSfbRecording_cut.wav,3.333333333,0.577350269,0.653333333,3
30531991_MinPolqaSfbRecording_cut.wav,4.0,1.0,1.131606528,3
28899722_MinPolqaSfbRecording_cut.wav,4.0,1.0,1.131606528,3
30201979_MinPolqaSfbRecording_cut.wav,2.666666667,0.577350269,0.653333333,3
30113348_MinPolqaSfbRecording_cut.wav,2.666666667,0.577350269,0.653333333,3
28959976_MinPolqaSfbRecording_cut.wav,4.0,0.0,0.0,3
30143049_MinPolqaSfbRecording_cut.wav,2.666666667,0.577350269,0.653333333,3
30113663_MinPolqaSfbRecording_cut.wav,2.0,1.0,1.131606528,3
30144781_MinPolqaSfbRecording_cut.wav,4.666666667,0.577350269,0.653333333,3
30206685_MinPolqaSfbRecording_cut.wav,3.8,0.447213595,0.392,5
30177458_MinPolqaSfbRecording_cut.wav,3.0,0.0,0.0,5
30117542_MinPolqaSfbRecording_cut.wav,2.8,0.447213595,0.392,5
30483606_MinPolqaSfbRecording_cut.wav,2.6,0.547722558,0.48009999,5
30255830_MinPolqaSfbRecording_cut.wav,4.2,0.447213595,0.392,5
30508769_MinPolqaSfbRecording_cut.wav,3.6,0.547722558,0.48009999,5
30164303_MinPolqaSfbRecording_cut.wav,2.8,0.447213595,0.392,5
30474481_MinPolqaSfbRecording_cut.wav,3.4,0.547722558,0.48009999,5
30183775_MinPolqaSfbRecording_cut.wav,3.0,0.707106781,0.619806421,5
30491100_MinPolqaSfbRecording_cut.wav,2.75,0.957427108,0.938278566,4
28196253_MinPolqaSfbRecording_cut.wav,4.25,0.5,0.49,4
30465291_MinPolqaSfbRecording_cut.wav,3.0,0.816496581,0.800166649,4
27696568_MinPolqaSfbRecording_cut.wav,4.0,0.816496581,0.800166649,4
30497133_MinPolqaSfbRecording_cut.wav,1.75,0.5,0.49,4
30492422_MinPolqaSfbRecording_cut.wav,1.25,0.5,0.49,4
30469554_MinPolqaSfbRecording_cut.wav,2.0,0.816496581,0.800166649,4
30213212_MinPolqaSfbRecording_cut.wav,2.75,0.5,0.49,4
30192996_MinPolqaSfbRecording_cut.wav,4.0,1.0,1.131606528,3
30105888_MinPolqaSfbRecording_cut.wav,3.333333333,0.577350269,0.653333333,3
30422221_MinPolqaSfbRecording_cut.wav,3.666666667,0.577350269,0.653333333,3
27791504_MinPolqaSfbRecording_cut.wav,1.666666667,1.154700538,1.306666667,3
30064681_MinPolqaSfbRecording_cut.wav,1.666666667,1.154700538,1.306666667,3
30475411_MinPolqaSfbRecording_cut.wav,4.0,1.0,1.131606528,3
30212263_MinPolqaSfbRecording_cut.wav,3.0,1.0,1.131606528,3
30490806_MinPolqaSfbRecording_cut.wav,2.666666667,0.577350269,0.653333333,3
30458129_MinPolqaSfbRecording_cut.wav,4.0,1.0,1.131606528,3
30249599_MinPolqaSfbRecording_cut.wav,2.75,0.957427108,0.938278566,4
30133965_MinPolqaSfbRecording_cut.wav,3.0,0.816496581,0.800166649,4
28695911_MinPolqaSfbRecording_cut.wav,3.75,0.5,0.49,4
30527082_MinPolqaSfbRecording_cut.wav,3.5,0.577350269,0.565803264,4
30466645_MinPolqaSfbRecording_cut.wav,3.0,0.816496581,0.800166649,4
30523316_MinPolqaSfbRecording_cut.wav,2.0,0.816496581,0.800166649,4
30445096_MinPolqaSfbRecording_cut.wav,2.5,1.0,0.98,4
30492295_MinPolqaSfbRecording_cut.wav,2.5,0.577350269,0.565803264,4
30138886_MinPolqaSfbRecording_cut.wav,3.0,0.816496581,0.800166649,4
30523137_MinPolqaSfbRecording_cut.wav,2.5,0.577350269,0.565803264,4
27944796_MinPolqaSfbRecording_cut.wav,4.0,0.0,0.0,4
30142503_MinPolqaSfbRecording_cut.wav,2.75,0.957427108,0.938278566,4
30492275_MinPolqaSfbRecording_cut.wav,1.75,0.5,0.49,4
30485994_MinPolqaSfbRecording_cut.wav,1.25,0.5,0.49,4
27735711_MinPolqaSfbRecording_cut.wav,3.25,0.957427108,0.938278566,4
28972198_MinPolqaSfbRecording_cut.wav,4.25,0.5,0.49,4
29538697_MinPolqaSfbRecording_cut.wav,2.5,0.577350269,0.565803264,4
30410077_MinPolqaSfbRecording_cut.wav,1.25,0.5,0.49,4
28041354_MinPolqaSfbRecording_cut.wav,3.75,0.5,0.49,4
30193326_MinPolqaSfbRecording_cut.wav,1.5,1.0,0.98,4
30197939_MinPolqaSfbRecording_cut.wav,2.75,0.5,0.49,4
30250732_MinPolqaSfbRecording_cut.wav,1.75,0.957427108,0.938278566,4
30161078_MinPolqaSfbRecording_cut.wav,4.0,0.0,0.0,4
30123141_MinPolqaSfbRecording_cut.wav,2.75,0.5,0.49,4
30416907_MinPolqaSfbRecording_cut.wav,2.0,0.816496581,0.800166649,4
30086316_MinPolqaSfbRecording_cut.wav,3.25,0.5,0.49,4
30485335_MinPolqaSfbRecording_cut.wav,3.333333333,0.577350269,0.653333333,3
30439341_MinPolqaSfbRecording_cut.wav,1.333333333,0.577350269,0.653333333,3
30429792_MinPolqaSfbRecording_cut.wav,1.666666667,0.577350269,0.653333333,3
30173083_MinPolqaSfbRecording_cut.wav,4.333333333,0.577350269,0.653333333,3
30129811_MinPolqaSfbRecording_cut.wav,2.333333333,0.577350269,0.653333333,3
30171390_MinPolqaSfbRecording_cut.wav,3.333333333,0.577350269,0.653333333,3
30465433_MinPolqaSfbRecording_cut.wav,1.333333333,0.577350269,0.653333333,3
28280737_MinPolqaSfbRecording_cut.wav,2.666666667,0.577350269,0.653333333,3
30212608_MinPolqaSfbRecording_cut.wav,2.75,1.258305739,1.233139624,4
28488006_MinPolqaSfbRecording_cut.wav,4.0,0.816496581,0.800166649,4
30211854_MinPolqaSfbRecording_cut.wav,2.25,1.258305739,1.233139624,4
30467275_MinPolqaSfbRecording_cut.wav,1.75,1.5,1.47,4
28535468_MinPolqaSfbRecording_cut.wav,4.25,0.957427108,0.938278566,4
30527879_MinPolqaSfbRecording_cut.wav,2.0,1.414213562,1.385929291,4
30204778_MinPolqaSfbRecording_cut.wav,4.5,0.577350269,0.565803264,4
27685815_MinPolqaSfbRecording_cut.wav,4.0,0.816496581,0.800166649,4
30432325_MinPolqaSfbRecording_cut.wav,2.5,1.732050808,1.697409791,4
29532981_MinPolqaSfbRecording_cut.wav,3.25,0.957427108,0.938278566,4
28855773_MinPolqaSfbRecording_cut.wav,4.0,0.816496581,0.800166649,4
28068000_MinPolqaSfbRecording_cut.wav,3.75,0.957427108,0.938278566,4
29542281_MinPolqaSfbRecording_cut.wav,3.75,0.957427108,0.938278566,4
30099165_MinPolqaSfbRecording_cut.wav,2.0,0.816496581,0.800166649,4
30211840_MinPolqaSfbRecording_cut.wav,2.25,1.258305739,1.233139624,4
30087443_MinPolqaSfbRecording_cut.wav,4.25,0.957427108,0.938278566,4
30520646_MinPolqaSfbRecording_cut.wav,4.0,0.816496581,0.800166649,4
30502915_MinPolqaSfbRecording_cut.wav,2.0,0.816496581,0.800166649,4
28864220_MinPolqaSfbRecording_cut.wav,3.6,0.547722558,0.48009999,5
30512133_MinPolqaSfbRecording_cut.wav,2.2,0.836660027,0.733364848,5
30076632_MinPolqaSfbRecording_cut.wav,3.2,0.447213595,0.392,5
30106928_MinPolqaSfbRecording_cut.wav,1.8,0.836660027,0.733364848,5
27733213_MinPolqaSfbRecording_cut.wav,2.8,0.836660027,0.733364848,5
27971598_MinPolqaSfbRecording_cut.wav,3.4,0.894427191,0.784,5
28961970_MinPolqaSfbRecording_cut.wav,3.4,0.894427191,0.784,5
30247922_MinPolqaSfbRecording_cut.wav,2.8,1.303840481,1.142866571,5
30530846_MinPolqaSfbRecording_cut.wav,3.4,0.894427191,0.784,5
30081752_MinPolqaSfbRecording_cut.wav,1.4,0.547722558,0.48009999,5
30065358_MinPolqaSfbRecording_cut.wav,3.666666667,0.577350269,0.653333333,3
29048189_MinPolqaSfbRecording_cut.wav,4.0,0.0,0.0,3
30107828_MinPolqaSfbRecording_cut.wav,4.0,1.0,1.131606528,3
30262542_MinPolqaSfbRecording_cut.wav,4.0,0.0,0.0,3
30198189_MinPolqaSfbRecording_cut.wav,3.333333333,0.577350269,0.653333333,3
30138887_MinPolqaSfbRecording_cut.wav,4.333333333,0.577350269,0.653333333,3
30204840_MinPolqaSfbRecording_cut.wav,3.333333333,0.577350269,0.653333333,3
30184232_MinPolqaSfbRecording_cut.wav,4.0,0.0,0.0,3
30446394_MinPolqaSfbRecording_cut.wav,3.75,0.5,0.49,4
30148027_MinPolqaSfbRecording_cut.wav,2.0,1.154700538,1.131606528,4
30088969_MinPolqaSfbRecording_cut.wav,4.25,0.5,0.49,4
28197585_MinPolqaSfbRecording_cut.wav,3.75,0.957427108,0.938278566,4
30249980_MinPolqaSfbRecording_cut.wav,2.0,1.414213562,1.385929291,4
28219564_MinPolqaSfbRecording_cut.wav,3.75,0.5,0.49,4
30080568_MinPolqaSfbRecording_cut.wav,4.25,0.5,0.49,4
28923219_MinPolqaSfbRecording_cut.wav,4.0,0.816496581,0.800166649,4
28272188_MinPolqaSfbRecording_cut.wav,3.25,0.957427108,0.938278566,4
30168752_MinPolqaSfbRecording_cut.wav,1.75,0.957427108,0.938278566,4
30442318_MinPolqaSfbRecording_cut.wav,1.75,0.5,0.49,4
28441921_MinPolqaSfbRecording_cut.wav,3.75,1.5,1.47,4
30407275_MinPolqaSfbRecording_cut.wav,2.75,0.5,0.49,4
30126067_MinPolqaSfbRecording_cut.wav,3.0,0.816496581,0.800166649,4
28635136_MinPolqaSfbRecording_cut.wav,4.5,0.577350269,0.565803264,4
30066186_MinPolqaSfbRecording_cut.wav,3.2,0.836660027,0.733364848,5
30214053_MinPolqaSfbRecording_cut.wav,1.8,1.095445115,0.960199979,5
30199978_MinPolqaSfbRecording_cut.wav,3.8,0.447213595,0.392,5
30507706_MinPolqaSfbRecording_cut.wav,3.0,1.0,0.876538647,5
29537231_MinPolqaSfbRecording_cut.wav,3.2,0.836660027,0.733364848,5
30076184_MinPolqaSfbRecording_cut.wav,3.8,0.836660027,0.733364848,5
30057473_MinPolqaSfbRecording_cut.wav,3.2,0.836660027,0.733364848,5
30104106_MinPolqaSfbRecording_cut.wav,3.2,0.836660027,0.733364848,5
30458581_MinPolqaSfbRecording_cut.wav,3.75,0.5,0.49,4
30069464_MinPolqaSfbRecording_cut.wav,1.75,0.5,0.49,4
30100070_MinPolqaSfbRecording_cut.wav,1.5,0.577350269,0.565803264,4
30060477_MinPolqaSfbRecording_cut.wav,3.0,0.816496581,0.800166649,4
30107437_MinPolqaSfbRecording_cut.wav,1.25,0.5,0.49,4
30110146_MinPolqaSfbRecording_cut.wav,2.0,0.816496581,0.800166649,4
30486561_MinPolqaSfbRecording_cut.wav,2.75,0.5,0.49,4
28159922_MinPolqaSfbRecording_cut.wav,3.5,0.577350269,0.565803264,4
30522125_MinPolqaSfbRecording_cut.wav,2.6,0.894427191,0.784,5
30078560_MinPolqaSfbRecording_cut.wav,2.2,1.095445115,0.960199979,5
30442672_MinPolqaSfbRecording_cut.wav,1.4,0.547722558,0.48009999,5
30065677_MinPolqaSfbRecording_cut.wav,3.4,0.894427191,0.784,5
30135815_MinPolqaSfbRecording_cut.wav,2.8,1.095445115,0.960199979,5
30529232_MinPolqaSfbRecording_cut.wav,1.6,0.547722558,0.48009999,5
30142071_MinPolqaSfbRecording_cut.wav,2.4,0.547722558,0.48009999,5
30214102_MinPolqaSfbRecording_cut.wav,2.2,0.447213595,0.392,5
30085544_MinPolqaSfbRecording_cut.wav,1.0,0.0,0.0,5
30490544_MinPolqaSfbRecording_cut.wav,2.0,0.707106781,0.619806421,5
30451362_MinPolqaSfbRecording_cut.wav,2.0,0.707106781,0.619806421,5
30482012_MinPolqaSfbRecording_cut.wav,4.2,0.836660027,0.733364848,5
30430074_MinPolqaSfbRecording_cut.wav,3.8,1.095445115,0.960199979,5
30481889_MinPolqaSfbRecording_cut.wav,3.0,0.0,0.0,5
30489021_MinPolqaSfbRecording_cut.wav,2.8,0.447213595,0.392,5
27932229_MinPolqaSfbRecording_cut.wav,3.4,0.894427191,0.784,5
30431139_MinPolqaSfbRecording_cut.wav,3.0,0.707106781,0.619806421,5
30184234_MinPolqaSfbRecording_cut.wav,4.2,0.447213595,0.392,5
30157128_MinPolqaSfbRecording_cut.wav,3.6,0.547722558,0.48009999,5
30405993_MinPolqaSfbRecording_cut.wav,4.2,0.836660027,0.733364848,5
30479044_MinPolqaSfbRecording_cut.wav,3.0,0.707106781,0.619806421,5
30137088_MinPolqaSfbRecording_cut.wav,2.0,0.707106781,0.619806421,5
30463108_MinPolqaSfbRecording_cut.wav,3.2,0.836660027,0.733364848,5
27675512_MinPolqaSfbRecording_cut.wav,4.6,0.547722558,0.48009999,5
30262085_MinPolqaSfbRecording_cut.wav,3.2,0.447213595,0.392,5
30109533_MinPolqaSfbRecording_cut.wav,3.25,0.5,0.49,4
30138188_MinPolqaSfbRecording_cut.wav,4.0,0.816496581,0.800166649,4
27889551_MinPolqaSfbRecording_cut.wav,3.5,0.577350269,0.565803264,4
30135751_MinPolqaSfbRecording_cut.wav,4.25,0.957427108,0.938278566,4
30447082_MinPolqaSfbRecording_cut.wav,2.25,1.258305739,1.233139624,4
30112819_MinPolqaSfbRecording_cut.wav,3.0,0.816496581,0.800166649,4
29046885_MinPolqaSfbRecording_cut.wav,4.75,0.5,0.49,4
30457586_MinPolqaSfbRecording_cut.wav,3.5,0.577350269,0.565803264,4
30520011_MinPolqaSfbRecording_cut.wav,3.5,1.0,0.98,4
28590182_MinPolqaSfbRecording_cut.wav,3.5,1.0,0.98,4
30117080_MinPolqaSfbRecording_cut.wav,3.5,0.707106781,0.98,2
30506173_MinPolqaSfbRecording_cut.wav,2.5,0.707106781,0.98,2
30432991_MinPolqaSfbRecording_cut.wav,3.0,0.0,0.0,2
28717916_MinPolqaSfbRecording_cut.wav,3.5,0.707106781,0.98,2
30205993_MinPolqaSfbRecording_cut.wav,1.5,0.707106781,0.98,2
30147423_MinPolqaSfbRecording_cut.wav,3.0,1.414213562,1.96,2
30119040_MinPolqaSfbRecording_cut.wav,1.5,0.707106781,0.98,2
30068579_MinPolqaSfbRecording_cut.wav,1.5,0.707106781,0.98,2
29537712_MinPolqaSfbRecording_cut.wav,2.0,0.0,0.0,2
27706625_MinPolqaSfbRecording_cut.wav,4.75,0.5,0.49,4
30096805_MinPolqaSfbRecording_cut.wav,2.0,1.154700538,1.131606528,4
30251149_MinPolqaSfbRecording_cut.wav,4.0,0.816496581,0.800166649,4
27706980_MinPolqaSfbRecording_cut.wav,4.5,0.577350269,0.565803264,4
27902901_MinPolqaSfbRecording_cut.wav,4.25,0.957427108,0.938278566,4
30105062_MinPolqaSfbRecording_cut.wav,3.0,1.154700538,1.131606528,4
30193719_MinPolqaSfbRecording_cut.wav,3.25,0.5,0.49,4
28248539_MinPolqaSfbRecording_cut.wav,4.0,0.816496581,0.800166649,4
30067966_MinPolqaSfbRecording_cut.wav,3.25,0.957427108,0.938278566,4
28760076_MinPolqaSfbRecording_cut.wav,3.8,1.303840481,1.142866571,5
30097576_MinPolqaSfbRecording_cut.wav,2.0,1.0,0.876538647,5
30100829_MinPolqaSfbRecording_cut.wav,2.0,1.414213562,1.239612843,5
30066016_MinPolqaSfbRecording_cut.wav,4.6,0.894427191,0.784,5
30099849_MinPolqaSfbRecording_cut.wav,1.6,1.341640786,1.176,5
30151568_MinPolqaSfbRecording_cut.wav,2.8,1.483239697,1.300116918,5
29534416_MinPolqaSfbRecording_cut.wav,3.0,0.816496581,0.800166649,4
30435230_MinPolqaSfbRecording_cut.wav,2.0,0.816496581,0.800166649,4
30109647_MinPolqaSfbRecording_cut.wav,1.0,0.0,0.0,4
28299004_MinPolqaSfbRecording_cut.wav,3.0,0.816496581,0.800166649,4
28181101_MinPolqaSfbRecording_cut.wav,4.25,0.5,0.49,4
30404781_MinPolqaSfbRecording_cut.wav,2.75,1.5,1.47,4
30154098_MinPolqaSfbRecording_cut.wav,2.5,0.577350269,0.565803264,4
30193952_MinPolqaSfbRecording_cut.wav,1.5,0.577350269,0.565803264,4
30121765_MinPolqaSfbRecording_cut.wav,3.2,0.447213595,0.392,5
30256440_MinPolqaSfbRecording_cut.wav,3.0,0.707106781,0.619806421,5
30505093_MinPolqaSfbRecording_cut.wav,2.6,0.894427191,0.784,5
30502257_MinPolqaSfbRecording_cut.wav,1.8,1.303840481,1.142866571,5
28245216_MinPolqaSfbRecording_cut.wav,4.4,0.547722558,0.48009999,5
30096925_MinPolqaSfbRecording_cut.wav,3.8,0.836660027,0.733364848,5
30530279_MinPolqaSfbRecording_cut.wav,3.0,1.0,0.876538647,5
30109788_MinPolqaSfbRecording_cut.wav,3.8,0.447213595,0.392,5
30159714_MinPolqaSfbRecording_cut.wav,4.4,0.547722558,0.48009999,5
30503103_MinPolqaSfbRecording_cut.wav,2.6,1.140175425,0.999407825,5
30150785_MinPolqaSfbRecording_cut.wav,2.2,1.095445115,0.960199979,5
30130319_MinPolqaSfbRecording_cut.wav,2.6,0.547722558,0.48009999,5
30401357_MinPolqaSfbRecording_cut.wav,1.6,0.894427191,0.784,5
28814056_MinPolqaSfbRecording_cut.wav,3.8,1.095445115,0.960199979,5
28361744_MinPolqaSfbRecording_cut.wav,3.6,1.140175425,0.999407825,5
29534194_MinPolqaSfbRecording_cut.wav,1.8,0.836660027,0.733364848,5
30452721_MinPolqaSfbRecording_cut.wav,1.8,0.836660027,0.733364848,5
27514187_MinPolqaSfbRecording_cut.wav,4.4,0.894427191,0.784,5
30193214_MinPolqaSfbRecording_cut.wav,3.4,0.547722558,0.48009999,5
30440537_MinPolqaSfbRecording_cut.wav,3.2,1.095445115,0.960199979,5
30522205_MinPolqaSfbRecording_cut.wav,2.6,1.516575089,1.329336677,5
28134192_MinPolqaSfbRecording_cut.wav,3.4,0.894427191,0.784,5
30478439_MinPolqaSfbRecording_cut.wav,3.0,0.707106781,0.619806421,5
27687314_MinPolqaSfbRecording_cut.wav,4.0,0.707106781,0.619806421,5
27642223_MinPolqaSfbRecording_cut.wav,4.4,0.894427191,0.784,5
30192613_MinPolqaSfbRecording_cut.wav,2.6,1.140175425,0.999407825,5
30157447_MinPolqaSfbRecording_cut.wav,2.0,1.0,0.876538647,5
30414290_MinPolqaSfbRecording_cut.wav,2.0,1.0,0.876538647,5
30156152_MinPolqaSfbRecording_cut.wav,4.2,0.836660027,0.733364848,5
27140199_MinPolqaSfbRecording_cut.wav,4.2,0.447213595,0.392,5
30090141_MinPolqaSfbRecording_cut.wav,1.2,0.447213595,0.392,5
30119352_MinPolqaSfbRecording_cut.wav,3.0,0.707106781,0.619806421,5
30478867_MinPolqaSfbRecording_cut.wav,1.4,0.894427191,0.784,5
30090884_MinPolqaSfbRecording_cut.wav,3.4,0.547722558,0.48009999,5
30248779_MinPolqaSfbRecording_cut.wav,2.6,0.547722558,0.48009999,5
30141748_MinPolqaSfbRecording_cut.wav,1.4,0.547722558,0.48009999,5
30197772_MinPolqaSfbRecording_cut.wav,2.4,0.547722558,0.48009999,5
30093319_MinPolqaSfbRecording_cut.wav,2.6,0.894427191,0.784,5
30173942_MinPolqaSfbRecording_cut.wav,2.6,0.894427191,0.784,5
28130646_MinPolqaSfbRecording_cut.wav,4.2,0.836660027,0.733364848,5
30145428_MinPolqaSfbRecording_cut.wav,2.6,0.894427191,0.784,5
30193683_MinPolqaSfbRecording_cut.wav,1.6,0.547722558,0.48009999,5
30100242_MinPolqaSfbRecording_cut.wav,4.2,0.447213595,0.392,5
30515736_MinPolqaSfbRecording_cut.wav,2.4,0.894427191,0.784,5
30148868_MinPolqaSfbRecording_cut.wav,4.4,0.547722558,0.48009999,5
30123255_MinPolqaSfbRecording_cut.wav,4.0,0.0,0.0,5
30466286_MinPolqaSfbRecording_cut.wav,2.6,0.547722558,0.48009999,5
30171812_MinPolqaSfbRecording_cut.wav,3.6,1.140175425,0.999407825,5
29530518_MinPolqaSfbRecording_cut.wav,3.6,1.140175425,0.999407825,5
30198270_MinPolqaSfbRecording_cut.wav,2.6,1.341640786,1.176,5
30107242_MinPolqaSfbRecording_cut.wav,3.0,1.58113883,1.385929291,5
30461409_MinPolqaSfbRecording_cut.wav,3.2,1.303840481,1.142866571,5
30497153_MinPolqaSfbRecording_cut.wav,2.2,1.303840481,1.142866571,5
28779151_MinPolqaSfbRecording_cut.wav,3.5,1.290994449,1.26517456,4
30465761_MinPolqaSfbRecording_cut.wav,3.75,0.5,0.49,4
27811454_MinPolqaSfbRecording_cut.wav,4.0,0.0,0.0,4
30482014_MinPolqaSfbRecording_cut.wav,3.5,0.577350269,0.565803264,4
30432870_MinPolqaSfbRecording_cut.wav,1.75,0.957427108,0.938278566,4
27972176_MinPolqaSfbRecording_cut.wav,3.5,0.577350269,0.565803264,4
30427515_MinPolqaSfbRecording_cut.wav,2.25,0.957427108,0.938278566,4
30482598_MinPolqaSfbRecording_cut.wav,3.75,0.957427108,0.938278566,4
30264109_MinPolqaSfbRecording_cut.wav,4.4,0.547722558,0.48009999,5
30118879_MinPolqaSfbRecording_cut.wav,3.6,0.894427191,0.784,5
30087318_MinPolqaSfbRecording_cut.wav,3.2,0.447213595,0.392,5
28816148_MinPolqaSfbRecording_cut.wav,4.2,0.447213595,0.392,5
28875528_MinPolqaSfbRecording_cut.wav,3.8,0.447213595,0.392,5
30096366_MinPolqaSfbRecording_cut.wav,3.8,0.447213595,0.392,5
30087247_MinPolqaSfbRecording_cut.wav,2.2,0.836660027,0.733364848,5
30178052_MinPolqaSfbRecording_cut.wav,2.0,1.0,0.876538647,5
30444999_MinPolqaSfbRecording_cut.wav,3.5,0.577350269,0.565803264,4
30472795_MinPolqaSfbRecording_cut.wav,2.75,0.957427108,0.938278566,4
30479195_MinPolqaSfbRecording_cut.wav,3.5,1.290994449,1.26517456,4
30413515_MinPolqaSfbRecording_cut.wav,2.0,0.816496581,0.800166649,4
27952764_MinPolqaSfbRecording_cut.wav,3.75,0.957427108,0.938278566,4
28266274_MinPolqaSfbRecording_cut.wav,4.25,0.5,0.49,4
30108156_MinPolqaSfbRecording_cut.wav,3.0,0.816496581,0.800166649,4
30431850_MinPolqaSfbRecording_cut.wav,3.5,0.577350269,0.565803264,4
30103676_MinPolqaSfbRecording_cut.wav,1.25,0.5,0.49,4
28231734_MinPolqaSfbRecording_cut.wav,4.5,0.577350269,0.565803264,4
28616364_MinPolqaSfbRecording_cut.wav,4.6,0.547722558,0.48009999,5
28195915_MinPolqaSfbRecording_cut.wav,3.0,0.707106781,0.619806421,5
30132704_MinPolqaSfbRecording_cut.wav,4.0,0.707106781,0.619806421,5
30256359_MinPolqaSfbRecording_cut.wav,3.4,0.894427191,0.784,5
30184164_MinPolqaSfbRecording_cut.wav,3.4,0.547722558,0.48009999,5
30105327_MinPolqaSfbRecording_cut.wav,3.4,1.140175425,0.999407825,5
30104604_MinPolqaSfbRecording_cut.wav,2.4,0.894427191,0.784,5
30430604_MinPolqaSfbRecording_cut.wav,3.4,1.140175425,0.999407825,5
30497136_MinPolqaSfbRecording_cut.wav,2.6,1.341640786,1.176,5
30522883_MinPolqaSfbRecording_cut.wav,1.4,0.894427191,0.784,5
30141658_MinPolqaSfbRecording_cut.wav,2.75,0.5,0.49,4
30098227_MinPolqaSfbRecording_cut.wav,2.75,0.5,0.49,4
30464902_MinPolqaSfbRecording_cut.wav,3.0,0.816496581,0.800166649,4
30092147_MinPolqaSfbRecording_cut.wav,3.75,0.957427108,0.938278566,4
30193344_MinPolqaSfbRecording_cut.wav,4.5,0.577350269,0.565803264,4
28059041_MinPolqaSfbRecording_cut.wav,4.75,0.5,0.49,4
30211044_MinPolqaSfbRecording_cut.wav,2.5,1.290994449,1.26517456,4
28332425_MinPolqaSfbRecording_cut.wav,4.5,0.577350269,0.565803264,4
30105397_MinPolqaSfbRecording_cut.wav,3.25,0.5,0.49,4
30141543_MinPolqaSfbRecording_cut.wav,1.6,0.547722558,0.48009999,5
28893940_MinPolqaSfbRecording_cut.wav,4.4,0.894427191,0.784,5
29538955_MinPolqaSfbRecording_cut.wav,3.6,0.547722558,0.48009999,5
30457340_MinPolqaSfbRecording_cut.wav,1.4,0.547722558,0.48009999,5
30439766_MinPolqaSfbRecording_cut.wav,3.2,1.095445115,0.960199979,5
30429421_MinPolqaSfbRecording_cut.wav,1.0,0.0,0.0,5
30522734_MinPolqaSfbRecording_cut.wav,3.0,0.707106781,0.619806421,5
30514908_MinPolqaSfbRecording_cut.wav,1.8,0.447213595,0.392,5
27842447_MinPolqaSfbRecording_cut.wav,4.2,0.836660027,0.733364848,5
30183700_MinPolqaSfbRecording_cut.wav,2.75,1.258305739,1.233139624,4
30157118_MinPolqaSfbRecording_cut.wav,3.75,0.5,0.49,4
30514154_MinPolqaSfbRecording_cut.wav,3.0,0.816496581,0.800166649,4
30414143_MinPolqaSfbRecording_cut.wav,3.25,0.5,0.49,4
30073567_MinPolqaSfbRecording_cut.wav,2.25,0.957427108,0.938278566,4
28357920_MinPolqaSfbRecording_cut.wav,3.75,1.258305739,1.233139624,4
30150809_MinPolqaSfbRecording_cut.wav,2.75,0.5,0.49,4
30102813_MinPolqaSfbRecording_cut.wav,2.75,0.957427108,0.938278566,4
30427036_MinPolqaSfbRecording_cut.wav,1.5,1.0,0.98,4
28245759_MinPolqaSfbRecording_cut.wav,3.25,0.957427108,0.938278566,4
28598738_MinPolqaSfbRecording_cut.wav,4.666666667,0.577350269,0.653333333,3
28774632_MinPolqaSfbRecording_cut.wav,4.0,0.0,0.0,3
30444799_MinPolqaSfbRecording_cut.wav,1.0,0.0,0.0,3
27851986_MinPolqaSfbRecording_cut.wav,5.0,0.0,0.0,3
30138895_MinPolqaSfbRecording_cut.wav,3.666666667,0.577350269,0.653333333,3
29556436_MinPolqaSfbRecording_cut.wav,2.0,1.154700538,1.131606528,4
30063587_MinPolqaSfbRecording_cut.wav,3.0,1.414213562,1.385929291,4
30488667_MinPolqaSfbRecording_cut.wav,2.75,0.957427108,0.938278566,4
28890019_MinPolqaSfbRecording_cut.wav,2.75,0.957427108,0.938278566,4
30120190_MinPolqaSfbRecording_cut.wav,2.5,0.577350269,0.565803264,4
30481998_MinPolqaSfbRecording_cut.wav,2.0,1.154700538,1.131606528,4
30194681_MinPolqaSfbRecording_cut.wav,2.25,0.957427108,0.938278566,4
28772207_MinPolqaSfbRecording_cut.wav,4.0,0.816496581,0.800166649,4
30154791_MinPolqaSfbRecording_cut.wav,2.25,0.957427108,0.938278566,4
30090435_MinPolqaSfbRecording_cut.wav,2.75,0.957427108,0.938278566,4
28252574_MinPolqaSfbRecording_cut.wav,4.5,0.577350269,0.565803264,4
30436756_MinPolqaSfbRecording_cut.wav,2.25,0.957427108,0.938278566,4
30150423_MinPolqaSfbRecording_cut.wav,2.0,0.816496581,0.800166649,4
30103531_MinPolqaSfbRecording_cut.wav,1.25,0.5,0.49,4
30527130_MinPolqaSfbRecording_cut.wav,1.75,0.957427108,0.938278566,4
30482180_MinPolqaSfbRecording_cut.wav,3.25,0.5,0.49,4
30430555_MinPolqaSfbRecording_cut.wav,1.5,0.577350269,0.565803264,4
30454437_MinPolqaSfbRecording_cut.wav,2.75,0.5,0.49,4
30468433_MinPolqaSfbRecording_cut.wav,4.0,0.816496581,0.800166649,4
30426492_MinPolqaSfbRecording_cut.wav,4.2,0.836660027,0.733364848,5
30137997_MinPolqaSfbRecording_cut.wav,3.8,1.095445115,0.960199979,5
30516483_MinPolqaSfbRecording_cut.wav,2.2,1.303840481,1.142866571,5
30130038_MinPolqaSfbRecording_cut.wav,3.8,1.303840481,1.142866571,5
27722152_MinPolqaSfbRecording_cut.wav,4.0,1.0,0.876538647,5
30412044_MinPolqaSfbRecording_cut.wav,2.2,0.836660027,0.733364848,5
30454094_MinPolqaSfbRecording_cut.wav,2.333333333,0.577350269,0.653333333,3
30160135_MinPolqaSfbRecording_cut.wav,1.666666667,0.577350269,0.653333333,3
30100717_MinPolqaSfbRecording_cut.wav,3.0,1.0,1.131606528,3
30431585_MinPolqaSfbRecording_cut.wav,3.0,1.0,1.131606528,3
30256882_MinPolqaSfbRecording_cut.wav,3.0,1.0,1.131606528,3
30098571_MinPolqaSfbRecording_cut.wav,3.333333333,0.577350269,0.653333333,3
30522271_MinPolqaSfbRecording_cut.wav,3.5,1.0,0.98,4
28595408_MinPolqaSfbRecording_cut.wav,3.75,0.5,0.49,4
30147921_MinPolqaSfbRecording_cut.wav,2.0,1.154700538,1.131606528,4
27622522_MinPolqaSfbRecording_cut.wav,4.5,1.0,0.98,4
30142250_MinPolqaSfbRecording_cut.wav,1.75,0.5,0.49,4
30171438_MinPolqaSfbRecording_cut.wav,3.75,1.258305739,1.233139624,4
30416704_MinPolqaSfbRecording_cut.wav,1.25,0.5,0.49,4
28697647_MinPolqaSfbRecording_cut.wav,4.5,0.577350269,0.565803264,4
30483735_MinPolqaSfbRecording_cut.wav,2.0,0.816496581,0.800166649,4
30091762_MinPolqaSfbRecording_cut.wav,1.0,0.0,0.0,4
30193690_MinPolqaSfbRecording_cut.wav,1.5,0.577350269,0.565803264,4
30177951_MinPolqaSfbRecording_cut.wav,2.5,0.577350269,0.565803264,4
30401087_MinPolqaSfbRecording_cut.wav,1.25,0.5,0.49,4
28120180_MinPolqaSfbRecording_cut.wav,4.25,0.957427108,0.938278566,4
30492618_MinPolqaSfbRecording_cut.wav,3.5,0.577350269,0.565803264,4
30482505_MinPolqaSfbRecording_cut.wav,4.75,0.5,0.49,4
30134530_MinPolqaSfbRecording_cut.wav,3.6,1.140175425,0.999407825,5
30080564_MinPolqaSfbRecording_cut.wav,3.6,0.547722558,0.48009999,5
30128718_MinPolqaSfbRecording_cut.wav,2.6,1.341640786,1.176,5
30140614_MinPolqaSfbRecording_cut.wav,2.0,1.0,0.876538647,5
30069942_MinPolqaSfbRecording_cut.wav,3.0,1.0,0.876538647,5
30211472_MinPolqaSfbRecording_cut.wav,4.2,0.836660027,0.733364848,5
30209371_MinPolqaSfbRecording_cut.wav,3.333333333,0.577350269,0.653333333,3
30148940_MinPolqaSfbRecording_cut.wav,3.333333333,0.577350269,0.653333333,3
29531131_MinPolqaSfbRecording_cut.wav,1.666666667,0.577350269,0.653333333,3
29031374_MinPolqaSfbRecording_cut.wav,4.333333333,0.577350269,0.653333333,3
29533515_MinPolqaSfbRecording_cut.wav,2.666666667,0.577350269,0.653333333,3
28678423_MinPolqaSfbRecording_cut.wav,4.0,1.0,1.131606528,3
30176546_MinPolqaSfbRecording_cut.wav,2.75,1.5,1.47,4
30080314_MinPolqaSfbRecording_cut.wav,3.5,0.577350269,0.565803264,4
30151425_MinPolqaSfbRecording_cut.wav,2.0,0.816496581,0.800166649,4
30069504_MinPolqaSfbRecording_cut.wav,4.5,0.577350269,0.565803264,4
28645528_MinPolqaSfbRecording_cut.wav,3.5,1.732050808,1.697409791,4
27522668_MinPolqaSfbRecording_cut.wav,4.25,0.5,0.49,4
29539831_MinPolqaSfbRecording_cut.wav,2.75,0.5,0.49,4
30126354_MinPolqaSfbRecording_cut.wav,3.75,0.957427108,0.938278566,4
30467952_MinPolqaSfbRecording_cut.wav,3.8,0.836660027,0.733364848,5
27514062_MinPolqaSfbRecording_cut.wav,3.6,0.547722558,0.48009999,5
30152057_MinPolqaSfbRecording_cut.wav,3.8,0.836660027,0.733364848,5
30188934_MinPolqaSfbRecording_cut.wav,3.6,0.547722558,0.48009999,5
30479784_MinPolqaSfbRecording_cut.wav,2.4,0.547722558,0.48009999,5
30174605_MinPolqaSfbRecording_cut.wav,3.8,0.447213595,0.392,5
30263130_MinPolqaSfbRecording_cut.wav,2.2,0.447213595,0.392,5
30473279_MinPolqaSfbRecording_cut.wav,3.6,0.547722558,0.48009999,5
30490484_MinPolqaSfbRecording_cut.wav,4.2,0.447213595,0.392,5
30442476_MinPolqaSfbRecording_cut.wav,2.5,1.0,0.98,4
30133057_MinPolqaSfbRecording_cut.wav,2.75,0.5,0.49,4
30154697_MinPolqaSfbRecording_cut.wav,3.25,0.5,0.49,4
30093396_MinPolqaSfbRecording_cut.wav,2.0,1.154700538,1.131606528,4
30258649_MinPolqaSfbRecording_cut.wav,3.25,0.5,0.49,4
30454210_MinPolqaSfbRecording_cut.wav,4.0,0.0,0.0,4
30493425_MinPolqaSfbRecording_cut.wav,2.25,0.957427108,0.938278566,4
30136558_MinPolqaSfbRecording_cut.wav,2.75,0.957427108,0.938278566,4
30102936_MinPolqaSfbRecording_cut.wav,3.5,1.290994449,1.26517456,4
30479268_MinPolqaSfbRecording_cut.wav,1.5,0.577350269,0.565803264,4
30469824_MinPolqaSfbRecording_cut.wav,1.5,0.577350269,0.565803264,4
30147914_MinPolqaSfbRecording_cut.wav,1.5,1.0,0.98,4
30414597_MinPolqaSfbRecording_cut.wav,1.0,0.0,0.0,4
30195472_MinPolqaSfbRecording_cut.wav,3.25,1.258305739,1.233139624,4
28637735_MinPolqaSfbRecording_cut.wav,3.5,0.577350269,0.565803264,4
30127727_MinPolqaSfbRecording_cut.wav,1.75,0.957427108,0.938278566,4
30509135_MinPolqaSfbRecording_cut.wav,3.25,1.258305739,1.233139624,4
30162737_MinPolqaSfbRecording_cut.wav,2.25,0.957427108,0.938278566,4
30158891_MinPolqaSfbRecording_cut.wav,3.0,1.414213562,1.385929291,4
30211912_MinPolqaSfbRecording_cut.wav,1.75,0.957427108,0.938278566,4
30210389_MinPolqaSfbRecording_cut.wav,3.0,1.414213562,1.385929291,4
28419072_MinPolqaSfbRecording_cut.wav,4.25,0.957427108,0.938278566,4
30142517_MinPolqaSfbRecording_cut.wav,2.5,1.290994449,1.26517456,4
28300448_MinPolqaSfbRecording_cut.wav,4.75,0.5,0.49,4
30257234_MinPolqaSfbRecording_cut.wav,2.0,1.154700538,1.131606528,4
30095386_MinPolqaSfbRecording_cut.wav,2.5,1.0,0.98,4
28746232_MinPolqaSfbRecording_cut.wav,3.4,0.894427191,0.784,5
27580393_MinPolqaSfbRecording_cut.wav,4.8,0.447213595,0.392,5
27839479_MinPolqaSfbRecording_cut.wav,3.4,0.547722558,0.48009999,5
30505892_MinPolqaSfbRecording_cut.wav,2.0,0.707106781,0.619806421,5
30449424_MinPolqaSfbRecording_cut.wav,1.2,0.447213595,0.392,5
28719003_MinPolqaSfbRecording_cut.wav,4.4,0.894427191,0.784,5
30442119_MinPolqaSfbRecording_cut.wav,3.6,0.894427191,0.784,5
30162514_MinPolqaSfbRecording_cut.wav,1.6,0.547722558,0.48009999,5
30084910_MinPolqaSfbRecording_cut.wav,2.2,1.095445115,0.960199979,5
28114626_MinPolqaSfbRecording_cut.wav,5.0,0.0,0.0,5
30194327_MinPolqaSfbRecording_cut.wav,3.6,0.547722558,0.48009999,5
27909750_MinPolqaSfbRecording_cut.wav,5.0,0.0,0.0,5
30068144_MinPolqaSfbRecording_cut.wav,3.8,0.836660027,0.733364848,5
30097592_MinPolqaSfbRecording_cut.wav,2.2,0.447213595,0.392,5
30456471_MinPolqaSfbRecording_cut.wav,2.0,1.0,0.876538647,5
28681976_MinPolqaSfbRecording_cut.wav,4.0,0.0,0.0,3
30087381_MinPolqaSfbRecording_cut.wav,3.0,0.0,0.0,3
30173609_MinPolqaSfbRecording_cut.wav,3.333333333,0.577350269,0.653333333,3
30071499_MinPolqaSfbRecording_cut.wav,1.666666667,0.577350269,0.653333333,3
27679176_MinPolqaSfbRecording_cut.wav,4.0,0.0,0.0,3
30123209_MinPolqaSfbRecording_cut.wav,3.0,0.0,0.0,3
30144823_MinPolqaSfbRecording_cut.wav,2.333333333,0.577350269,0.653333333,3
28053181_MinPolqaSfbRecording_cut.wav,3.666666667,0.577350269,0.653333333,3
30184551_MinPolqaSfbRecording_cut.wav,3.0,0.707106781,0.619806421,5
28496701_MinPolqaSfbRecording_cut.wav,4.2,0.447213595,0.392,5
30127043_MinPolqaSfbRecording_cut.wav,3.6,0.547722558,0.48009999,5
30184497_MinPolqaSfbRecording_cut.wav,2.8,0.836660027,0.733364848,5
28036969_MinPolqaSfbRecording_cut.wav,4.4,0.547722558,0.48009999,5
28778623_MinPolqaSfbRecording_cut.wav,4.6,0.547722558,0.48009999,5
30164514_MinPolqaSfbRecording_cut.wav,3.4,0.894427191,0.784,5
30522596_MinPolqaSfbRecording_cut.wav,2.8,1.303840481,1.142866571,5
30098261_MinPolqaSfbRecording_cut.wav,3.4,0.547722558,0.48009999,5
30064062_MinPolqaSfbRecording_cut.wav,4.2,0.447213595,0.392,5
30159545_MinPolqaSfbRecording_cut.wav,2.75,0.957427108,0.938278566,4
30136834_MinPolqaSfbRecording_cut.wav,3.75,0.5,0.49,4
30503140_MinPolqaSfbRecording_cut.wav,3.5,1.0,0.98,4
30066143_MinPolqaSfbRecording_cut.wav,3.75,1.258305739,1.233139624,4
28218703_MinPolqaSfbRecording_cut.wav,4.25,0.5,0.49,4
28658044_MinPolqaSfbRecording_cut.wav,4.5,0.577350269,0.565803264,4
30425233_MinPolqaSfbRecording_cut.wav,2.25,0.5,0.49,4
30488886_MinPolqaSfbRecording_cut.wav,1.0,0.0,0.0,4
28438232_MinPolqaSfbRecording_cut.wav,4.0,0.0,0.0,4
28661744_MinPolqaSfbRecording_cut.wav,4.2,0.836660027,0.733364848,5
28497580_MinPolqaSfbRecording_cut.wav,4.2,0.836660027,0.733364848,5
30523138_MinPolqaSfbRecording_cut.wav,3.0,1.414213562,1.239612843,5
29001457_MinPolqaSfbRecording_cut.wav,2.6,0.547722558,0.48009999,5
30106518_MinPolqaSfbRecording_cut.wav,3.0,1.224744871,1.073536213,5
29009318_MinPolqaSfbRecording_cut.wav,4.4,0.894427191,0.784,5
30138590_MinPolqaSfbRecording_cut.wav,2.4,1.140175425,0.999407825,5
30084000_MinPolqaSfbRecording_cut.wav,4.0,0.707106781,0.619806421,5
28118872_MinPolqaSfbRecording_cut.wav,4.4,0.894427191,0.784,5
27785881_MinPolqaSfbRecording_cut.wav,4.0,0.0,0.0,5
29556367_MinPolqaSfbRecording_cut.wav,1.8,0.836660027,0.733364848,5
30194196_MinPolqaSfbRecording_cut.wav,2.6,0.547722558,0.48009999,5
30101786_MinPolqaSfbRecording_cut.wav,3.2,0.836660027,0.733364848,5
30436454_MinPolqaSfbRecording_cut.wav,3.4,0.547722558,0.48009999,5
30405300_MinPolqaSfbRecording_cut.wav,3.25,0.5,0.49,4
30404881_MinPolqaSfbRecording_cut.wav,3.75,0.5,0.49,4
30467100_MinPolqaSfbRecording_cut.wav,3.25,0.5,0.49,4
28264851_MinPolqaSfbRecording_cut.wav,4.25,0.5,0.49,4
30408241_MinPolqaSfbRecording_cut.wav,1.25,0.5,0.49,4
30211204_MinPolqaSfbRecording_cut.wav,2.5,0.577350269,0.565803264,4
30477685_MinPolqaSfbRecording_cut.wav,3.5,0.577350269,0.565803264,4
29529488_MinPolqaSfbRecording_cut.wav,3.0,0.0,0.0,4
30176912_MinPolqaSfbRecording_cut.wav,2.75,0.957427108,0.938278566,4
30510734_MinPolqaSfbRecording_cut.wav,3.0,0.707106781,0.619806421,5
27515118_MinPolqaSfbRecording_cut.wav,3.0,0.707106781,0.619806421,5
27858736_MinPolqaSfbRecording_cut.wav,3.8,0.447213595,0.392,5
30120673_MinPolqaSfbRecording_cut.wav,2.6,1.140175425,0.999407825,5
30510948_MinPolqaSfbRecording_cut.wav,1.4,0.547722558,0.48009999,5
30486891_MinPolqaSfbRecording_cut.wav,1.6,0.547722558,0.48009999,5
30213655_MinPolqaSfbRecording_cut.wav,3.6,1.140175425,0.999407825,5
30204834_MinPolqaSfbRecording_cut.wav,3.6,0.547722558,0.48009999,5
28294406_MinPolqaSfbRecording_cut.wav,3.6,0.547722558,0.48009999,5
29531929_MinPolqaSfbRecording_cut.wav,2.0,0.707106781,0.619806421,5
28531566_MinPolqaSfbRecording_cut.wav,3.2,1.095445115,0.960199979,5
28232900_MinPolqaSfbRecording_cut.wav,4.4,0.547722558,0.48009999,5
29536511_MinPolqaSfbRecording_cut.wav,2.8,0.447213595,0.392,5
30432291_MinPolqaSfbRecording_cut.wav,3.6,0.547722558,0.48009999,5
30089959_MinPolqaSfbRecording_cut.wav,2.4,0.547722558,0.48009999,5
30426683_MinPolqaSfbRecording_cut.wav,2.8,0.836660027,0.733364848,5
28543882_MinPolqaSfbRecording_cut.wav,3.4,0.894427191,0.784,5
28036271_MinPolqaSfbRecording_cut.wav,4.6,0.547722558,0.48009999,5
30159596_MinPolqaSfbRecording_cut.wav,2.0,0.707106781,0.619806421,5
28480724_MinPolqaSfbRecording_cut.wav,3.8,1.303840481,1.142866571,5
30150686_MinPolqaSfbRecording_cut.wav,4.0,0.0,0.0,5
30204321_MinPolqaSfbRecording_cut.wav,1.8,1.303840481,1.142866571,5
30153829_MinPolqaSfbRecording_cut.wav,1.4,0.547722558,0.48009999,5
30204675_MinPolqaSfbRecording_cut.wav,3.5,0.577350269,0.565803264,4
30250014_MinPolqaSfbRecording_cut.wav,2.5,1.0,0.98,4
30106083_MinPolqaSfbRecording_cut.wav,3.0,0.0,0.0,4
30430488_MinPolqaSfbRecording_cut.wav,1.5,0.577350269,0.565803264,4
27865061_MinPolqaSfbRecording_cut.wav,2.5,0.577350269,0.565803264,4
30060075_MinPolqaSfbRecording_cut.wav,2.75,0.5,0.49,4
30442354_MinPolqaSfbRecording_cut.wav,3.0,0.816496581,0.800166649,4
30183741_MinPolqaSfbRecording_cut.wav,2.0,0.816496581,0.800166649,4
30194503_MinPolqaSfbRecording_cut.wav,2.0,0.816496581,0.800166649,4
30453769_MinPolqaSfbRecording_cut.wav,3.75,0.5,0.49,4
30484115_MinPolqaSfbRecording_cut.wav,2.5,0.577350269,0.565803264,4
30070342_MinPolqaSfbRecording_cut.wav,2.5,1.290994449,1.26517456,4
27920130_MinPolqaSfbRecording_cut.wav,3.75,0.5,0.49,4
28241759_MinPolqaSfbRecording_cut.wav,4.75,0.5,0.49,4
30085058_MinPolqaSfbRecording_cut.wav,3.25,0.5,0.49,4
30480262_MinPolqaSfbRecording_cut.wav,2.25,0.957427108,0.938278566,4
30128855_MinPolqaSfbRecording_cut.wav,1.5,0.577350269,0.565803264,4
27844356_MinPolqaSfbRecording_cut.wav,4.5,1.0,0.98,4
30410993_MinPolqaSfbRecording_cut.wav,2.4,0.894427191,0.784,5
30264158_MinPolqaSfbRecording_cut.wav,1.8,0.836660027,0.733364848,5
28914538_MinPolqaSfbRecording_cut.wav,4.6,0.547722558,0.48009999,5
30096635_MinPolqaSfbRecording_cut.wav,1.4,0.547722558,0.48009999,5
28562436_MinPolqaSfbRecording_cut.wav,4.4,0.547722558,0.48009999,5
30494237_MinPolqaSfbRecording_cut.wav,3.0,0.707106781,0.619806421,5
30502487_MinPolqaSfbRecording_cut.wav,3.0,0.707106781,0.619806421,5
28445956_MinPolqaSfbRecording_cut.wav,3.8,0.836660027,0.733364848,5
30177864_MinPolqaSfbRecording_cut.wav,5.0,0.0,0.0,5
28987371_MinPolqaSfbRecording_cut.wav,3.2,0.447213595,0.392,5
30068960_MinPolqaSfbRecording_cut.wav,3.4,0.547722558,0.48009999,5
27615389_MinPolqaSfbRecording_cut.wav,4.8,0.447213595,0.392,5
30075382_MinPolqaSfbRecording_cut.wav,3.8,0.836660027,0.733364848,5
29538068_MinPolqaSfbRecording_cut.wav,3.0,0.707106781,0.619806421,5
30156176_MinPolqaSfbRecording_cut.wav,4.2,0.836660027,0.733364848,5
30194990_MinPolqaSfbRecording_cut.wav,4.0,0.707106781,0.619806421,5
30162472_MinPolqaSfbRecording_cut.wav,3.6,1.140175425,0.999407825,5
29538675_MinPolqaSfbRecording_cut.wav,2.2,0.447213595,0.392,5
29542511_MinPolqaSfbRecording_cut.wav,2.25,0.5,0.49,4
30160116_MinPolqaSfbRecording_cut.wav,1.25,0.5,0.49,4
28774343_MinPolqaSfbRecording_cut.wav,3.75,0.5,0.49,4
30059404_MinPolqaSfbRecording_cut.wav,1.5,0.577350269,0.565803264,4
28177350_MinPolqaSfbRecording_cut.wav,4.0,0.816496581,0.800166649,4
30062213_MinPolqaSfbRecording_cut.wav,3.5,1.290994449,1.26517456,4
29544313_MinPolqaSfbRecording_cut.wav,2.25,0.957427108,0.938278566,4
28169717_MinPolqaSfbRecording_cut.wav,3.25,0.5,0.49,4
30141880_MinPolqaSfbRecording_cut.wav,1.2,0.447213595,0.392,5
28051094_MinPolqaSfbRecording_cut.wav,3.6,0.547722558,0.48009999,5
27839161_MinPolqaSfbRecording_cut.wav,3.2,0.836660027,0.733364848,5
30514070_MinPolqaSfbRecording_cut.wav,3.8,0.836660027,0.733364848,5
30213032_MinPolqaSfbRecording_cut.wav,2.6,1.140175425,0.999407825,5
29530659_MinPolqaSfbRecording_cut.wav,1.4,0.547722558,0.48009999,5
30084985_MinPolqaSfbRecording_cut.wav,3.2,0.447213595,0.392,5
30109634_MinPolqaSfbRecording_cut.wav,4.0,1.0,0.876538647,5
28010307_MinPolqaSfbRecording_cut.wav,4.4,0.547722558,0.48009999,5
28722501_MinPolqaSfbRecording_cut.wav,4.75,0.5,0.49,4
30519466_MinPolqaSfbRecording_cut.wav,2.5,0.577350269,0.565803264,4
30110582_MinPolqaSfbRecording_cut.wav,3.25,0.957427108,0.938278566,4
28248000_MinPolqaSfbRecording_cut.wav,3.25,1.258305739,1.233139624,4
30195520_MinPolqaSfbRecording_cut.wav,2.5,1.0,0.98,4
30529469_MinPolqaSfbRecording_cut.wav,1.0,0.0,0.0,4
30202197_MinPolqaSfbRecording_cut.wav,2.5,1.290994449,1.26517456,4
30469822_MinPolqaSfbRecording_cut.wav,1.25,0.5,0.49,4
30073028_MinPolqaSfbRecording_cut.wav,1.25,0.5,0.49,4
28991677_MinPolqaSfbRecording_cut.wav,4.666666667,0.577350269,0.653333333,3
29534264_MinPolqaSfbRecording_cut.wav,4.0,0.0,0.0,3
30159145_MinPolqaSfbRecording_cut.wav,3.0,1.732050808,1.96,3
30102981_MinPolqaSfbRecording_cut.wav,4.0,0.0,0.0,3
30213307_MinPolqaSfbRecording_cut.wav,3.333333333,0.577350269,0.653333333,3
29536794_MinPolqaSfbRecording_cut.wav,4.0,0.0,0.0,3
30480161_MinPolqaSfbRecording_cut.wav,1.8,0.836660027,0.733364848,5
30118585_MinPolqaSfbRecording_cut.wav,3.6,0.547722558,0.48009999,5
30262869_MinPolqaSfbRecording_cut.wav,3.6,0.547722558,0.48009999,5
27666983_MinPolqaSfbRecording_cut.wav,4.2,0.836660027,0.733364848,5
29535291_MinPolqaSfbRecording_cut.wav,3.0,1.224744871,1.073536213,5
30432138_MinPolqaSfbRecording_cut.wav,4.0,0.707106781,0.619806421,5
28979294_MinPolqaSfbRecording_cut.wav,4.2,0.836660027,0.733364848,5
30139260_MinPolqaSfbRecording_cut.wav,1.4,0.547722558,0.48009999,5
28071117_MinPolqaSfbRecording_cut.wav,4.0,0.707106781,0.619806421,5
30198623_MinPolqaSfbRecording_cut.wav,3.4,0.547722558,0.48009999,5
30530679_MinPolqaSfbRecording_cut.wav,3.2,0.836660027,0.733364848,5
28734352_MinPolqaSfbRecording_cut.wav,3.8,0.836660027,0.733364848,5
30488884_MinPolqaSfbRecording_cut.wav,2.2,1.303840481,1.142866571,5
30251365_MinPolqaSfbRecording_cut.wav,3.8,0.447213595,0.392,5
30078453_MinPolqaSfbRecording_cut.wav,2.2,1.303840481,1.142866571,5
30121027_MinPolqaSfbRecording_cut.wav,2.0,1.224744871,1.073536213,5
29531156_MinPolqaSfbRecording_cut.wav,2.0,1.224744871,1.073536213,5
30061306_MinPolqaSfbRecording_cut.wav,2.0,0.0,0.0,4
28551085_MinPolqaSfbRecording_cut.wav,4.5,0.577350269,0.565803264,4
30086855_MinPolqaSfbRecording_cut.wav,4.25,0.5,0.49,4
30183747_MinPolqaSfbRecording_cut.wav,4.25,0.5,0.49,4
30140772_MinPolqaSfbRecording_cut.wav,1.75,0.957427108,0.938278566,4
30423912_MinPolqaSfbRecording_cut.wav,3.5,0.577350269,0.565803264,4
28635342_MinPolqaSfbRecording_cut.wav,3.75,0.5,0.49,4
30469686_MinPolqaSfbRecording_cut.wav,4.25,0.5,0.49,4
27795688_MinPolqaSfbRecording_cut.wav,4.0,1.414213562,1.385929291,4
29539781_MinPolqaSfbRecording_cut.wav,3.5,0.577350269,0.565803264,4
28893396_MinPolqaSfbRecording_cut.wav,4.0,0.816496581,0.800166649,4
30529407_MinPolqaSfbRecording_cut.wav,3.5,0.577350269,0.565803264,4
30427663_MinPolqaSfbRecording_cut.wav,3.5,0.577350269,0.565803264,4
30470169_MinPolqaSfbRecording_cut.wav,4.0,0.0,0.0,4
28208568_MinPolqaSfbRecording_cut.wav,4.0,0.816496581,0.800166649,4
30063523_MinPolqaSfbRecording_cut.wav,2.4,1.140175425,0.999407825,5
30454737_MinPolqaSfbRecording_cut.wav,3.6,0.894427191,0.784,5
28127651_MinPolqaSfbRecording_cut.wav,3.6,0.547722558,0.48009999,5
30076094_MinPolqaSfbRecording_cut.wav,2.6,0.547722558,0.48009999,5
30169719_MinPolqaSfbRecording_cut.wav,3.0,0.707106781,0.619806421,5
30511683_MinPolqaSfbRecording_cut.wav,2.6,0.894427191,0.784,5
30174753_MinPolqaSfbRecording_cut.wav,3.4,0.894427191,0.784,5
30147991_MinPolqaSfbRecording_cut.wav,3.4,0.894427191,0.784,5
30180425_MinPolqaSfbRecording_cut.wav,2.75,0.5,0.49,4
30486273_MinPolqaSfbRecording_cut.wav,1.5,1.0,0.98,4
30263666_MinPolqaSfbRecording_cut.wav,2.5,0.577350269,0.565803264,4
30254062_MinPolqaSfbRecording_cut.wav,1.5,0.577350269,0.565803264,4
30124250_MinPolqaSfbRecording_cut.wav,1.75,0.5,0.49,4
27731675_MinPolqaSfbRecording_cut.wav,3.5,0.577350269,0.565803264,4
30066479_MinPolqaSfbRecording_cut.wav,2.0,0.816496581,0.800166649,4
30159334_MinPolqaSfbRecording_cut.wav,3.0,0.816496581,0.800166649,4
27925347_MinPolqaSfbRecording_cut.wav,3.25,0.957427108,0.938278566,4
30150364_MinPolqaSfbRecording_cut.wav,3.5,1.290994449,1.26517456,4
30061372_MinPolqaSfbRecording_cut.wav,4.0,0.816496581,0.800166649,4
30071846_MinPolqaSfbRecording_cut.wav,3.0,1.154700538,1.131606528,4
30136593_MinPolqaSfbRecording_cut.wav,3.5,1.0,0.98,4
30406781_MinPolqaSfbRecording_cut.wav,2.5,1.732050808,1.697409791,4
29531164_MinPolqaSfbRecording_cut.wav,4.5,0.577350269,0.565803264,4
28449522_MinPolqaSfbRecording_cut.wav,4.0,0.816496581,0.800166649,4
30406687_MinPolqaSfbRecording_cut.wav,3.6,0.894427191,0.784,5
28929304_MinPolqaSfbRecording_cut.wav,3.4,0.894427191,0.784,5
28049101_MinPolqaSfbRecording_cut.wav,4.4,0.547722558,0.48009999,5
28276408_MinPolqaSfbRecording_cut.wav,4.2,0.836660027,0.733364848,5
28420193_MinPolqaSfbRecording_cut.wav,4.4,0.894427191,0.784,5
30154987_MinPolqaSfbRecording_cut.wav,3.2,0.836660027,0.733364848,5
28445057_MinPolqaSfbRecording_cut.wav,4.4,0.547722558,0.48009999,5
30483263_MinPolqaSfbRecording_cut.wav,1.666666667,0.577350269,0.653333333,3
28052875_MinPolqaSfbRecording_cut.wav,4.0,1.0,1.131606528,3
28181757_MinPolqaSfbRecording_cut.wav,3.0,0.0,0.0,3
30479095_MinPolqaSfbRecording_cut.wav,3.0,1.0,1.131606528,3
28121893_MinPolqaSfbRecording_cut.wav,4.0,1.0,1.131606528,3
28713200_MinPolqaSfbRecording_cut.wav,4.0,1.0,1.131606528,3
30128790_MinPolqaSfbRecording_cut.wav,3.333333333,1.527525232,1.728557523,3
30463186_MinPolqaSfbRecording_cut.wav,3.333333333,1.527525232,1.728557523,3
30164280_MinPolqaSfbRecording_cut.wav,1.6,0.547722558,0.48009999,5
28994659_MinPolqaSfbRecording_cut.wav,4.2,0.836660027,0.733364848,5
30174222_MinPolqaSfbRecording_cut.wav,2.8,1.095445115,0.960199979,5
30527073_MinPolqaSfbRecording_cut.wav,2.6,1.140175425,0.999407825,5
28945260_MinPolqaSfbRecording_cut.wav,3.8,0.447213595,0.392,5
27577612_MinPolqaSfbRecording_cut.wav,4.0,0.707106781,0.619806421,5
30489436_MinPolqaSfbRecording_cut.wav,3.0,0.707106781,0.619806421,5
30153946_MinPolqaSfbRecording_cut.wav,2.4,0.547722558,0.48009999,5
30160729_MinPolqaSfbRecording_cut.wav,3.6,0.894427191,0.784,5
30172738_MinPolqaSfbRecording_cut.wav,3.6,1.140175425,0.999407825,5
30133337_MinPolqaSfbRecording_cut.wav,3.8,0.836660027,0.733364848,5
29531558_MinPolqaSfbRecording_cut.wav,2.6,0.894427191,0.784,5
30177979_MinPolqaSfbRecording_cut.wav,4.0,1.224744871,1.073536213,5
30147524_MinPolqaSfbRecording_cut.wav,2.6,0.894427191,0.784,5
27964188_MinPolqaSfbRecording_cut.wav,3.6,0.894427191,0.784,5
30177643_MinPolqaSfbRecording_cut.wav,2.6,1.140175425,0.999407825,5
30522105_MinPolqaSfbRecording_cut.wav,3.2,1.303840481,1.142866571,5
30462546_MinPolqaSfbRecording_cut.wav,3.0,0.0,0.0,4
30086764_MinPolqaSfbRecording_cut.wav,2.75,0.5,0.49,4
29539864_MinPolqaSfbRecording_cut.wav,3.25,0.957427108,0.938278566,4
30188963_MinPolqaSfbRecording_cut.wav,2.75,0.5,0.49,4
30470352_MinPolqaSfbRecording_cut.wav,3.0,0.0,0.0,4
30474688_MinPolqaSfbRecording_cut.wav,4.25,0.957427108,0.938278566,4
30093424_MinPolqaSfbRecording_cut.wav,1.75,0.5,0.49,4
30161916_MinPolqaSfbRecording_cut.wav,1.75,0.5,0.49,4
30425024_MinPolqaSfbRecording_cut.wav,1.0,0.0,0.0,4
30133527_MinPolqaSfbRecording_cut.wav,4.75,0.5,0.49,4
30401920_MinPolqaSfbRecording_cut.wav,2.5,1.0,0.98,4
30134451_MinPolqaSfbRecording_cut.wav,3.5,0.577350269,0.565803264,4
30410804_MinPolqaSfbRecording_cut.wav,3.0,1.414213562,1.385929291,4
28878684_MinPolqaSfbRecording_cut.wav,3.25,0.5,0.49,4
30446272_MinPolqaSfbRecording_cut.wav,2.25,1.258305739,1.233139624,4
30150534_MinPolqaSfbRecording_cut.wav,3.0,1.154700538,1.131606528,4
30506167_MinPolqaSfbRecording_cut.wav,2.75,1.258305739,1.233139624,4
30164019_MinPolqaSfbRecording_cut.wav,1.5,1.0,0.98,4
30523753_MinPolqaSfbRecording_cut.wav,3.0,0.0,0.0,5
30409259_MinPolqaSfbRecording_cut.wav,2.6,0.894427191,0.784,5
28734795_MinPolqaSfbRecording_cut.wav,4.6,0.547722558,0.48009999,5
30127985_MinPolqaSfbRecording_cut.wav,2.0,0.707106781,0.619806421,5
30151856_MinPolqaSfbRecording_cut.wav,3.4,0.547722558,0.48009999,5
28143036_MinPolqaSfbRecording_cut.wav,2.8,0.836660027,0.733364848,5
30172193_MinPolqaSfbRecording_cut.wav,2.8,0.447213595,0.392,5
30060614_MinPolqaSfbRecording_cut.wav,2.0,0.707106781,0.619806421,5
29543039_MinPolqaSfbRecording_cut.wav,2.0,0.707106781,0.619806421,5
30482976_MinPolqaSfbRecording_cut.wav,2.5,0.577350269,0.565803264,4
30521017_MinPolqaSfbRecording_cut.wav,2.75,0.5,0.49,4
30207238_MinPolqaSfbRecording_cut.wav,3.5,0.577350269,0.565803264,4
28219672_MinPolqaSfbRecording_cut.wav,4.25,0.5,0.49,4
30264327_MinPolqaSfbRecording_cut.wav,2.25,0.957427108,0.938278566,4
27816226_MinPolqaSfbRecording_cut.wav,3.0,0.816496581,0.800166649,4
28775937_MinPolqaSfbRecording_cut.wav,4.25,0.957427108,0.938278566,4
28786840_MinPolqaSfbRecording_cut.wav,4.25,0.957427108,0.938278566,4
30250677_MinPolqaSfbRecording_cut.wav,2.5,1.290994449,1.26517456,4
30249935_MinPolqaSfbRecording_cut.wav,2.4,0.547722558,0.48009999,5
30199060_MinPolqaSfbRecording_cut.wav,3.0,0.707106781,0.619806421,5
27724484_MinPolqaSfbRecording_cut.wav,3.8,0.447213595,0.392,5
27999610_MinPolqaSfbRecording_cut.wav,4.8,0.447213595,0.392,5
30520443_MinPolqaSfbRecording_cut.wav,1.0,0.0,0.0,5
28837002_MinPolqaSfbRecording_cut.wav,3.0,0.0,0.0,5
30164426_MinPolqaSfbRecording_cut.wav,3.0,0.707106781,0.619806421,5
30132754_MinPolqaSfbRecording_cut.wav,2.6,0.547722558,0.48009999,5
30179088_MinPolqaSfbRecording_cut.wav,3.75,1.258305739,1.233139624,4
30406296_MinPolqaSfbRecording_cut.wav,3.25,0.957427108,0.938278566,4
30063160_MinPolqaSfbRecording_cut.wav,2.5,1.290994449,1.26517456,4
27880102_MinPolqaSfbRecording_cut.wav,4.0,0.0,0.0,4
30263807_MinPolqaSfbRecording_cut.wav,3.5,1.290994449,1.26517456,4
27917751_MinPolqaSfbRecording_cut.wav,3.75,1.258305739,1.233139624,4
30105253_MinPolqaSfbRecording_cut.wav,3.75,0.5,0.49,4
30423707_MinPolqaSfbRecording_cut.wav,2.5,0.577350269,0.565803264,4
29540882_MinPolqaSfbRecording_cut.wav,2.25,0.957427108,0.938278566,4
30514736_MinPolqaSfbRecording_cut.wav,3.75,0.957427108,0.938278566,4
30150399_MinPolqaSfbRecording_cut.wav,3.0,1.154700538,1.131606528,4
28620872_MinPolqaSfbRecording_cut.wav,3.5,1.290994449,1.26517456,4
30450203_MinPolqaSfbRecording_cut.wav,1.5,0.577350269,0.565803264,4
30257440_MinPolqaSfbRecording_cut.wav,1.0,0.0,0.0,4
29539210_MinPolqaSfbRecording_cut.wav,1.0,0.0,0.0,4
30192860_MinPolqaSfbRecording_cut.wav,2.25,0.957427108,0.938278566,4
30482368_MinPolqaSfbRecording_cut.wav,2.25,1.258305739,1.233139624,4
30101537_MinPolqaSfbRecording_cut.wav,4.4,0.547722558,0.48009999,5
27873252_MinPolqaSfbRecording_cut.wav,4.6,0.547722558,0.48009999,5
30442110_MinPolqaSfbRecording_cut.wav,3.6,0.547722558,0.48009999,5
28947002_MinPolqaSfbRecording_cut.wav,4.6,0.547722558,0.48009999,5
30484462_MinPolqaSfbRecording_cut.wav,3.6,0.547722558,0.48009999,5
28764915_MinPolqaSfbRecording_cut.wav,4.0,0.0,0.0,5
30261522_MinPolqaSfbRecording_cut.wav,3.8,0.836660027,0.733364848,5
30073493_MinPolqaSfbRecording_cut.wav,3.6,0.547722558,0.48009999,5
30119640_MinPolqaSfbRecording_cut.wav,3.6,1.140175425,0.999407825,5
30117300_MinPolqaSfbRecording_cut.wav,2.4,0.547722558,0.48009999,5
27939958_MinPolqaSfbRecording_cut.wav,3.8,1.303840481,1.142866571,5
30195949_MinPolqaSfbRecording_cut.wav,2.6,1.516575089,1.329336677,5
29545107_MinPolqaSfbRecording_cut.wav,1.8,0.836660027,0.733364848,5
30527843_MinPolqaSfbRecording_cut.wav,2.8,0.836660027,0.733364848,5
27798562_MinPolqaSfbRecording_cut.wav,4.4,0.547722558,0.48009999,5
30204128_MinPolqaSfbRecording_cut.wav,3.0,0.816496581,0.800166649,4
30488042_MinPolqaSfbRecording_cut.wav,3.25,0.5,0.49,4
30153976_MinPolqaSfbRecording_cut.wav,3.25,0.5,0.49,4
30133142_MinPolqaSfbRecording_cut.wav,2.75,0.5,0.49,4
28952277_MinPolqaSfbRecording_cut.wav,4.0,0.816496581,0.800166649,4
30112312_MinPolqaSfbRecording_cut.wav,3.5,0.577350269,0.565803264,4
30259669_MinPolqaSfbRecording_cut.wav,1.0,0.0,0.0,4
28882039_MinPolqaSfbRecording_cut.wav,4.0,0.816496581,0.800166649,4
30121810_MinPolqaSfbRecording_cut.wav,2.0,1.414213562,1.385929291,4
30470355_MinPolqaSfbRecording_cut.wav,3.25,0.5,0.49,4
30523886_MinPolqaSfbRecording_cut.wav,2.5,1.0,0.98,4
30443544_MinPolqaSfbRecording_cut.wav,2.5,1.0,0.98,4
30514660_MinPolqaSfbRecording_cut.wav,3.25,0.5,0.49,4
30105357_MinPolqaSfbRecording_cut.wav,3.5,1.290994449,1.26517456,4
30195516_MinPolqaSfbRecording_cut.wav,2.25,0.957427108,0.938278566,4
30199093_MinPolqaSfbRecording_cut.wav,2.5,0.577350269,0.565803264,4
30517045_MinPolqaSfbRecording_cut.wav,2.0,1.154700538,1.131606528,4
28966103_MinPolqaSfbRecording_cut.wav,4.25,0.957427108,0.938278566,4
30066101_MinPolqaSfbRecording_cut.wav,2.0,1.154700538,1.131606528,4
28471449_MinPolqaSfbRecording_cut.wav,3.5,0.577350269,0.565803264,4
30128182_MinPolqaSfbRecording_cut.wav,1.5,1.0,0.98,4
30425231_MinPolqaSfbRecording_cut.wav,2.0,0.816496581,0.800166649,4
30522315_MinPolqaSfbRecording_cut.wav,1.75,0.957427108,0.938278566,4
30428541_MinPolqaSfbRecording_cut.wav,2.8,1.303840481,1.142866571,5
30520578_MinPolqaSfbRecording_cut.wav,2.6,1.341640786,1.176,5
30136040_MinPolqaSfbRecording_cut.wav,2.4,1.140175425,0.999407825,5
28350843_MinPolqaSfbRecording_cut.wav,4.2,0.836660027,0.733364848,5
28860763_MinPolqaSfbRecording_cut.wav,4.0,1.0,0.876538647,5
30148818_MinPolqaSfbRecording_cut.wav,2.5,1.0,0.98,4
30423829_MinPolqaSfbRecording_cut.wav,2.5,0.577350269,0.565803264,4
30070952_MinPolqaSfbRecording_cut.wav,1.75,0.5,0.49,4
27942535_MinPolqaSfbRecording_cut.wav,3.75,0.5,0.49,4
30085435_MinPolqaSfbRecording_cut.wav,3.5,0.577350269,0.565803264,4
30256361_MinPolqaSfbRecording_cut.wav,3.25,0.957427108,0.938278566,4
28047585_MinPolqaSfbRecording_cut.wav,3.25,0.5,0.49,4
30129193_MinPolqaSfbRecording_cut.wav,3.75,0.957427108,0.938278566,4
30076500_MinPolqaSfbRecording_cut.wav,1.25,0.5,0.49,4
30255649_MinPolqaSfbRecording_cut.wav,2.75,0.957427108,0.938278566,4
30408843_MinPolqaSfbRecording_cut.wav,2.6,0.547722558,0.48009999,5
27144581_MinPolqaSfbRecording_cut.wav,4.4,0.547722558,0.48009999,5
27594612_MinPolqaSfbRecording_cut.wav,4.4,0.547722558,0.48009999,5
28588403_MinPolqaSfbRecording_cut.wav,3.2,0.836660027,0.733364848,5
30200698_MinPolqaSfbRecording_cut.wav,3.2,0.836660027,0.733364848,5
29543448_MinPolqaSfbRecording_cut.wav,2.8,0.836660027,0.733364848,5
30455465_MinPolqaSfbRecording_cut.wav,3.0,1.0,0.876538647,5
30214335_MinPolqaSfbRecording_cut.wav,3.4,0.547722558,0.48009999,5
30213696_MinPolqaSfbRecording_cut.wav,3.2,0.447213595,0.392,5
30176883_MinPolqaSfbRecording_cut.wav,2.8,1.303840481,1.142866571,5
30082633_MinPolqaSfbRecording_cut.wav,3.25,0.957427108,0.938278566,4
30150873_MinPolqaSfbRecording_cut.wav,4.25,0.5,0.49,4
30487990_MinPolqaSfbRecording_cut.wav,2.25,0.957427108,0.938278566,4
28306820_MinPolqaSfbRecording_cut.wav,4.75,0.5,0.49,4
30162030_MinPolqaSfbRecording_cut.wav,3.75,0.5,0.49,4
28820168_MinPolqaSfbRecording_cut.wav,2.75,0.5,0.49,4
30201516_MinPolqaSfbRecording_cut.wav,1.5,0.577350269,0.565803264,4
30431150_MinPolqaSfbRecording_cut.wav,2.75,0.5,0.49,4
30508544_MinPolqaSfbRecording_cut.wav,2.25,1.258305739,1.233139624,4
30097745_MinPolqaSfbRecording_cut.wav,2.0,0.816496581,0.800166649,4
30527606_MinPolqaSfbRecording_cut.wav,2.5,1.290994449,1.26517456,4
30515597_MinPolqaSfbRecording_cut.wav,1.5,1.0,0.98,4
28655170_MinPolqaSfbRecording_cut.wav,4.0,0.816496581,0.800166649,4
30098761_MinPolqaSfbRecording_cut.wav,4.5,0.577350269,0.565803264,4
30107028_MinPolqaSfbRecording_cut.wav,1.75,0.957427108,0.938278566,4
30511167_MinPolqaSfbRecording_cut.wav,2.25,1.258305739,1.233139624,4
30061213_MinPolqaSfbRecording_cut.wav,2.25,1.5,1.47,4
30470460_MinPolqaSfbRecording_cut.wav,1.25,0.5,0.49,4
30511924_MinPolqaSfbRecording_cut.wav,1.75,0.957427108,0.938278566,4
30082534_MinPolqaSfbRecording_cut.wav,3.75,0.5,0.49,4
30431397_MinPolqaSfbRecording_cut.wav,1.5,0.577350269,0.565803264,4
28900321_MinPolqaSfbRecording_cut.wav,4.25,0.5,0.49,4
30073683_MinPolqaSfbRecording_cut.wav,1.25,0.5,0.49,4
29538533_MinPolqaSfbRecording_cut.wav,1.25,0.5,0.49,4
30480710_MinPolqaSfbRecording_cut.wav,3.5,0.577350269,0.565803264,4
30506179_MinPolqaSfbRecording_cut.wav,1.5,0.577350269,0.565803264,4
30198850_MinPolqaSfbRecording_cut.wav,2.4,1.140175425,0.999407825,5
30080739_MinPolqaSfbRecording_cut.wav,4.0,0.707106781,0.619806421,5
29538277_MinPolqaSfbRecording_cut.wav,3.0,0.707106781,0.619806421,5
28232074_MinPolqaSfbRecording_cut.wav,4.8,0.447213595,0.392,5
27723774_MinPolqaSfbRecording_cut.wav,4.4,0.547722558,0.48009999,5
28361841_MinPolqaSfbRecording_cut.wav,4.8,0.447213595,0.392,5
30404389_MinPolqaSfbRecording_cut.wav,3.0,1.224744871,1.073536213,5
30145807_MinPolqaSfbRecording_cut.wav,3.0,0.707106781,0.619806421,5
30489491_MinPolqaSfbRecording_cut.wav,2.6,0.547722558,0.48009999,5
29530637_MinPolqaSfbRecording_cut.wav,4.6,0.547722558,0.48009999,5
30527701_MinPolqaSfbRecording_cut.wav,3.6,0.547722558,0.48009999,5
28976122_MinPolqaSfbRecording_cut.wav,4.0,0.707106781,0.619806421,5
30175099_MinPolqaSfbRecording_cut.wav,2.2,1.643167673,1.440299969,5
27625573_MinPolqaSfbRecording_cut.wav,4.2,0.836660027,0.733364848,5
30204218_MinPolqaSfbRecording_cut.wav,2.2,1.095445115,0.960199979,5
30068033_MinPolqaSfbRecording_cut.wav,2.0,1.224744871,1.073536213,5
30501295_MinPolqaSfbRecording_cut.wav,2.8,0.836660027,0.733364848,5
30121797_MinPolqaSfbRecording_cut.wav,2.8,0.836660027,0.733364848,5
28672542_MinPolqaSfbRecording_cut.wav,3.6,0.547722558,0.48009999,5
30082108_MinPolqaSfbRecording_cut.wav,3.8,0.836660027,0.733364848,5
30449587_MinPolqaSfbRecording_cut.wav,4.2,0.447213595,0.392,5
30489644_MinPolqaSfbRecording_cut.wav,4.0,1.0,0.876538647,5
30202124_MinPolqaSfbRecording_cut.wav,3.2,0.447213595,0.392,5
30097770_MinPolqaSfbRecording_cut.wav,3.8,0.447213595,0.392,5
30472197_MinPolqaSfbRecording_cut.wav,3.0,0.707106781,0.619806421,5
28985803_MinPolqaSfbRecording_cut.wav,3.4,0.547722558,0.48009999,5
30500474_MinPolqaSfbRecording_cut.wav,3.0,0.816496581,0.800166649,4
30128788_MinPolqaSfbRecording_cut.wav,3.0,0.816496581,0.800166649,4
30162626_MinPolqaSfbRecording_cut.wav,1.25,0.5,0.49,4
27576726_MinPolqaSfbRecording_cut.wav,2.75,0.5,0.49,4
30103252_MinPolqaSfbRecording_cut.wav,3.75,1.258305739,1.233139624,4
28484248_MinPolqaSfbRecording_cut.wav,2.75,0.5,0.49,4
28838142_MinPolqaSfbRecording_cut.wav,3.5,1.290994449,1.26517456,4
27144328_MinPolqaSfbRecording_cut.wav,3.75,0.5,0.49,4
30427504_MinPolqaSfbRecording_cut.wav,2.75,0.957427108,0.938278566,4
30183327_MinPolqaSfbRecording_cut.wav,3.0,0.816496581,0.800166649,4
30430638_MinPolqaSfbRecording_cut.wav,3.333333333,1.527525232,1.728557523,3
30503159_MinPolqaSfbRecording_cut.wav,4.0,1.0,1.131606528,3
30099313_MinPolqaSfbRecording_cut.wav,3.333333333,2.081665999,2.355626833,3
30174404_MinPolqaSfbRecording_cut.wav,2.666666667,2.081665999,2.355626833,3
30513955_MinPolqaSfbRecording_cut.wav,3.333333333,1.527525232,1.728557523,3
30209955_MinPolqaSfbRecording_cut.wav,3.333333333,1.527525232,1.728557523,3
28716924_MinPolqaSfbRecording_cut.wav,5.0,0.0,0.0,3
30500803_MinPolqaSfbRecording_cut.wav,3.0,1.0,1.131606528,3
30510974_MinPolqaSfbRecording_cut.wav,2.666666667,2.081665999,2.355626833,3
30452292_MinPolqaSfbRecording_cut.wav,3.0,0.0,0.0,5
30160445_MinPolqaSfbRecording_cut.wav,1.8,0.447213595,0.392,5
30118346_MinPolqaSfbRecording_cut.wav,2.0,0.707106781,0.619806421,5
30154183_MinPolqaSfbRecording_cut.wav,2.4,0.547722558,0.48009999,5
30414166_MinPolqaSfbRecording_cut.wav,1.4,0.547722558,0.48009999,5
30155211_MinPolqaSfbRecording_cut.wav,2.8,0.836660027,0.733364848,5
30108731_MinPolqaSfbRecording_cut.wav,3.6,0.547722558,0.48009999,5
30430700_MinPolqaSfbRecording_cut.wav,2.2,0.447213595,0.392,5
30437105_MinPolqaSfbRecording_cut.wav,1.0,0.0,0.0,5
27725457_MinPolqaSfbRecording_cut.wav,4.0,1.224744871,1.073536213,5
30189427_MinPolqaSfbRecording_cut.wav,3.8,1.303840481,1.142866571,5
30263882_MinPolqaSfbRecording_cut.wav,3.0,0.0,0.0,5
30169704_MinPolqaSfbRecording_cut.wav,4.0,1.224744871,1.073536213,5
30491499_MinPolqaSfbRecording_cut.wav,2.6,0.894427191,0.784,5
28146692_MinPolqaSfbRecording_cut.wav,4.25,0.5,0.49,4
28126159_MinPolqaSfbRecording_cut.wav,4.75,0.5,0.49,4
30463250_MinPolqaSfbRecording_cut.wav,3.75,0.957427108,0.938278566,4
30127341_MinPolqaSfbRecording_cut.wav,1.75,0.957427108,0.938278566,4
30480319_MinPolqaSfbRecording_cut.wav,3.75,0.957427108,0.938278566,4
28444005_MinPolqaSfbRecording_cut.wav,4.0,0.816496581,0.800166649,4
30091350_MinPolqaSfbRecording_cut.wav,3.75,0.957427108,0.938278566,4
30502478_MinPolqaSfbRecording_cut.wav,3.25,0.5,0.49,4
29543106_MinPolqaSfbRecording_cut.wav,3.8,0.447213595,0.392,5
30147579_MinPolqaSfbRecording_cut.wav,3.2,1.303840481,1.142866571,5
30176729_MinPolqaSfbRecording_cut.wav,3.6,0.894427191,0.784,5
29539700_MinPolqaSfbRecording_cut.wav,3.4,0.894427191,0.784,5
30070806_MinPolqaSfbRecording_cut.wav,2.4,0.547722558,0.48009999,5
27851454_MinPolqaSfbRecording_cut.wav,3.8,0.447213595,0.392,5
30087397_MinPolqaSfbRecording_cut.wav,3.4,0.547722558,0.48009999,5
30142999_MinPolqaSfbRecording_cut.wav,3.0,0.707106781,0.619806421,5
30511584_MinPolqaSfbRecording_cut.wav,4.4,0.547722558,0.48009999,5
27731058_MinPolqaSfbRecording_cut.wav,3.5,0.707106781,0.98,2
30199982_MinPolqaSfbRecording_cut.wav,3.5,0.707106781,0.98,2
30432221_MinPolqaSfbRecording_cut.wav,1.5,0.707106781,0.98,2
30136397_MinPolqaSfbRecording_cut.wav,1.0,0.0,0.0,2
29014359_MinPolqaSfbRecording_cut.wav,4.0,1.414213562,1.96,2
30455919_MinPolqaSfbRecording_cut.wav,2.5,0.707106781,0.98,2
28137093_MinPolqaSfbRecording_cut.wav,3.5,0.707106781,0.98,2
30199660_MinPolqaSfbRecording_cut.wav,1.0,0.0,0.0,2
30513882_MinPolqaSfbRecording_cut.wav,3.5,0.707106781,0.98,2
30177843_MinPolqaSfbRecording_cut.wav,2.2,0.836660027,0.733364848,5
30173535_MinPolqaSfbRecording_cut.wav,3.6,0.894427191,0.784,5
30147560_MinPolqaSfbRecording_cut.wav,2.0,0.0,0.0,5
30092670_MinPolqaSfbRecording_cut.wav,2.6,0.894427191,0.784,5
30184388_MinPolqaSfbRecording_cut.wav,2.2,0.836660027,0.733364848,5
29531600_MinPolqaSfbRecording_cut.wav,2.4,0.547722558,0.48009999,5
30514784_MinPolqaSfbRecording_cut.wav,3.333333333,2.081665999,2.355626833,3
30183353_MinPolqaSfbRecording_cut.wav,2.333333333,1.527525232,1.728557523,3
30134208_MinPolqaSfbRecording_cut.wav,2.666666667,1.527525232,1.728557523,3
30155359_MinPolqaSfbRecording_cut.wav,3.0,1.0,1.131606528,3
30258756_MinPolqaSfbRecording_cut.wav,3.333333333,0.577350269,0.653333333,3
30411165_MinPolqaSfbRecording_cut.wav,1.666666667,0.577350269,0.653333333,3
29556365_MinPolqaSfbRecording_cut.wav,2.666666667,0.577350269,0.653333333,3
30067117_MinPolqaSfbRecording_cut.wav,3.0,1.0,1.131606528,3
27885418_MinPolqaSfbRecording_cut.wav,4.333333333,0.577350269,0.653333333,3
30497444_MinPolqaSfbRecording_cut.wav,3.666666667,0.577350269,0.653333333,3
30082205_MinPolqaSfbRecording_cut.wav,2.333333333,1.527525232,1.728557523,3
30100819_MinPolqaSfbRecording_cut.wav,2.0,1.732050808,1.96,3
30439402_MinPolqaSfbRecording_cut.wav,3.333333333,1.527525232,1.728557523,3
30161203_MinPolqaSfbRecording_cut.wav,3.0,2.0,2.263213055,3
30179005_MinPolqaSfbRecording_cut.wav,3.666666667,1.527525232,1.728557523,3
30253685_MinPolqaSfbRecording_cut.wav,3.0,1.0,1.131606528,3
30152508_MinPolqaSfbRecording_cut.wav,3.0,1.0,1.131606528,3
30521986_MinPolqaSfbRecording_cut.wav,4.0,1.0,1.131606528,3
30132579_MinPolqaSfbRecording_cut.wav,4.5,0.577350269,0.565803264,4
30531387_MinPolqaSfbRecording_cut.wav,3.0,0.816496581,0.800166649,4
30214092_MinPolqaSfbRecording_cut.wav,3.5,0.577350269,0.565803264,4
30467845_MinPolqaSfbRecording_cut.wav,1.5,0.577350269,0.565803264,4
30253914_MinPolqaSfbRecording_cut.wav,1.5,0.577350269,0.565803264,4
28526402_MinPolqaSfbRecording_cut.wav,4.25,0.5,0.49,4
27750123_MinPolqaSfbRecording_cut.wav,4.25,1.5,1.47,4
30084399_MinPolqaSfbRecording_cut.wav,1.6,0.894427191,0.784,5
30129198_MinPolqaSfbRecording_cut.wav,3.2,0.447213595,0.392,5
30193218_MinPolqaSfbRecording_cut.wav,1.4,0.894427191,0.784,5
30069381_MinPolqaSfbRecording_cut.wav,1.2,0.447213595,0.392,5
27516293_MinPolqaSfbRecording_cut.wav,3.4,0.547722558,0.48009999,5
30154884_MinPolqaSfbRecording_cut.wav,2.4,1.140175425,0.999407825,5
30527983_MinPolqaSfbRecording_cut.wav,3.4,0.547722558,0.48009999,5
30486410_MinPolqaSfbRecording_cut.wav,3.4,0.894427191,0.784,5
30502855_MinPolqaSfbRecording_cut.wav,2.4,0.894427191,0.784,5
30132225_MinPolqaSfbRecording_cut.wav,3.4,0.547722558,0.48009999,5
30178437_MinPolqaSfbRecording_cut.wav,2.8,0.836660027,0.733364848,5
28694851_MinPolqaSfbRecording_cut.wav,4.6,0.547722558,0.48009999,5
30503216_MinPolqaSfbRecording_cut.wav,2.6,0.547722558,0.48009999,5
30148918_MinPolqaSfbRecording_cut.wav,1.8,0.836660027,0.733364848,5
30429519_MinPolqaSfbRecording_cut.wav,4.0,0.707106781,0.619806421,5
30165960_MinPolqaSfbRecording_cut.wav,1.8,0.836660027,0.733364848,5
30122294_MinPolqaSfbRecording_cut.wav,2.2,1.303840481,1.142866571,5
30065759_MinPolqaSfbRecording_cut.wav,2.2,0.836660027,0.733364848,5
30086939_MinPolqaSfbRecording_cut.wav,2.6,1.140175425,0.999407825,5
28309297_MinPolqaSfbRecording_cut.wav,4.0,1.0,0.876538647,5
28734689_MinPolqaSfbRecording_cut.wav,4.2,0.447213595,0.392,5
30200465_MinPolqaSfbRecording_cut.wav,1.6,0.547722558,0.48009999,5
30185882_MinPolqaSfbRecording_cut.wav,2.0,0.707106781,0.619806421,5
30259132_MinPolqaSfbRecording_cut.wav,2.8,1.095445115,0.960199979,5
30510445_MinPolqaSfbRecording_cut.wav,3.2,1.303840481,1.142866571,5
30474415_MinPolqaSfbRecording_cut.wav,2.75,0.957427108,0.938278566,4
30172003_MinPolqaSfbRecording_cut.wav,2.5,1.290994449,1.26517456,4
28226743_MinPolqaSfbRecording_cut.wav,4.5,0.577350269,0.565803264,4
30096869_MinPolqaSfbRecording_cut.wav,2.75,1.258305739,1.233139624,4
27774841_MinPolqaSfbRecording_cut.wav,4.25,0.5,0.49,4
30201967_MinPolqaSfbRecording_cut.wav,2.25,0.957427108,0.938278566,4
30137994_MinPolqaSfbRecording_cut.wav,4.0,1.154700538,1.131606528,4
27737131_MinPolqaSfbRecording_cut.wav,4.5,0.577350269,0.565803264,4
30255162_MinPolqaSfbRecording_cut.wav,4.5,0.577350269,0.565803264,4
30497061_MinPolqaSfbRecording_cut.wav,2.5,1.290994449,1.26517456,4
30411262_MinPolqaSfbRecording_cut.wav,3.0,0.816496581,0.800166649,4
30213697_MinPolqaSfbRecording_cut.wav,4.0,0.816496581,0.800166649,4
30137564_MinPolqaSfbRecording_cut.wav,3.5,0.577350269,0.565803264,4
30154338_MinPolqaSfbRecording_cut.wav,2.0,1.414213562,1.385929291,4
30146558_MinPolqaSfbRecording_cut.wav,3.25,0.5,0.49,4
30413899_MinPolqaSfbRecording_cut.wav,3.5,0.577350269,0.565803264,4
27585344_MinPolqaSfbRecording_cut.wav,4.25,0.957427108,0.938278566,4
30444758_MinPolqaSfbRecording_cut.wav,1.5,1.0,0.98,4
30251132_MinPolqaSfbRecording_cut.wav,3.4,0.894427191,0.784,5
30200822_MinPolqaSfbRecording_cut.wav,2.2,0.836660027,0.733364848,5
30070035_MinPolqaSfbRecording_cut.wav,1.2,0.447213595,0.392,5
30260459_MinPolqaSfbRecording_cut.wav,2.8,0.836660027,0.733364848,5
30461854_MinPolqaSfbRecording_cut.wav,3.0,0.707106781,0.619806421,5
30152447_MinPolqaSfbRecording_cut.wav,3.0,1.0,0.876538647,5
30150335_MinPolqaSfbRecording_cut.wav,3.8,0.836660027,0.733364848,5
30105102_MinPolqaSfbRecording_cut.wav,2.0,0.707106781,0.619806421,5
30079219_MinPolqaSfbRecording_cut.wav,3.4,0.894427191,0.784,5
30126509_MinPolqaSfbRecording_cut.wav,1.0,0.0,0.0,5
30127783_MinPolqaSfbRecording_cut.wav,4.0,0.707106781,0.619806421,5
30443272_MinPolqaSfbRecording_cut.wav,3.4,0.547722558,0.48009999,5
30093101_MinPolqaSfbRecording_cut.wav,3.2,1.483239697,1.300116918,5
30428919_MinPolqaSfbRecording_cut.wav,3.8,1.303840481,1.142866571,5
30145025_MinPolqaSfbRecording_cut.wav,2.4,1.673320053,1.466729696,5
30204772_MinPolqaSfbRecording_cut.wav,2.6,1.516575089,1.329336677,5
28264286_MinPolqaSfbRecording_cut.wav,4.0,0.707106781,0.619806421,5
28262393_MinPolqaSfbRecording_cut.wav,3.6,0.894427191,0.784,5
30066762_MinPolqaSfbRecording_cut.wav,3.0,0.0,0.0,5
30087559_MinPolqaSfbRecording_cut.wav,2.8,1.303840481,1.142866571,5
30455933_MinPolqaSfbRecording_cut.wav,3.6,0.547722558,0.48009999,5
25997263_MinPolqaSfbRecording_cut.wav,4.2,0.447213595,0.392,5
29537708_MinPolqaSfbRecording_cut.wav,2.6,0.547722558,0.48009999,5
30070350_MinPolqaSfbRecording_cut.wav,3.0,0.707106781,0.619806421,5
27786946_MinPolqaSfbRecording_cut.wav,4.0,1.0,0.876538647,5
30134443_MinPolqaSfbRecording_cut.wav,2.0,0.707106781,0.619806421,5
30438149_MinPolqaSfbRecording_cut.wav,2.2,1.095445115,0.960199979,5
28324925_MinPolqaSfbRecording_cut.wav,3.6,0.547722558,0.48009999,5
27899137_MinPolqaSfbRecording_cut.wav,4.2,0.836660027,0.733364848,5
30458722_MinPolqaSfbRecording_cut.wav,1.2,0.447213595,0.392,5
30104990_MinPolqaSfbRecording_cut.wav,3.0,1.0,0.876538647,5
28500614_MinPolqaSfbRecording_cut.wav,4.6,0.894427191,0.784,5
30519565_MinPolqaSfbRecording_cut.wav,3.0,1.224744871,1.073536213,5
28214498_MinPolqaSfbRecording_cut.wav,3.4,0.894427191,0.784,5
28331691_MinPolqaSfbRecording_cut.wav,3.4,1.516575089,1.329336677,5
29536644_MinPolqaSfbRecording_cut.wav,1.8,0.836660027,0.733364848,5
30426225_MinPolqaSfbRecording_cut.wav,2.6,0.894427191,0.784,5
30113613_MinPolqaSfbRecording_cut.wav,3.8,1.095445115,0.960199979,5
30496546_MinPolqaSfbRecording_cut.wav,2.4,0.547722558,0.48009999,5
30263578_MinPolqaSfbRecording_cut.wav,4.2,0.447213595,0.392,5
30452400_MinPolqaSfbRecording_cut.wav,1.2,0.447213595,0.392,5
30113552_MinPolqaSfbRecording_cut.wav,3.4,0.894427191,0.784,5
30138928_MinPolqaSfbRecording_cut.wav,3.0,0.707106781,0.619806421,5
30530999_MinPolqaSfbRecording_cut.wav,2.8,1.095445115,0.960199979,5
30135461_MinPolqaSfbRecording_cut.wav,2.4,0.547722558,0.48009999,5
30174920_MinPolqaSfbRecording_cut.wav,2.2,0.447213595,0.392,5
27741786_MinPolqaSfbRecording_cut.wav,4.0,1.154700538,1.131606528,4
30473179_MinPolqaSfbRecording_cut.wav,3.5,0.577350269,0.565803264,4
30200983_MinPolqaSfbRecording_cut.wav,2.75,1.258305739,1.233139624,4
30108340_MinPolqaSfbRecording_cut.wav,3.25,0.5,0.49,4
30253884_MinPolqaSfbRecording_cut.wav,2.75,0.957427108,0.938278566,4
30464039_MinPolqaSfbRecording_cut.wav,3.25,1.258305739,1.233139624,4
30084077_MinPolqaSfbRecording_cut.wav,1.75,1.5,1.47,4
28118282_MinPolqaSfbRecording_cut.wav,2.5,1.0,0.98,4
30147285_MinPolqaSfbRecording_cut.wav,3.6,1.341640786,1.176,5
27980419_MinPolqaSfbRecording_cut.wav,3.6,0.894427191,0.784,5
30513800_MinPolqaSfbRecording_cut.wav,3.2,0.836660027,0.733364848,5
28847332_MinPolqaSfbRecording_cut.wav,3.8,1.303840481,1.142866571,5
30142007_MinPolqaSfbRecording_cut.wav,3.8,1.303840481,1.142866571,5
28642328_MinPolqaSfbRecording_cut.wav,2.8,0.836660027,0.733364848,5
30060346_MinPolqaSfbRecording_cut.wav,2.8,0.836660027,0.733364848,5
30067562_MinPolqaSfbRecording_cut.wav,3.4,1.341640786,1.176,5
30081890_MinPolqaSfbRecording_cut.wav,3.4,1.341640786,1.176,5
30442606_MinPolqaSfbRecording_cut.wav,1.333333333,0.577350269,0.653333333,3
30489123_MinPolqaSfbRecording_cut.wav,4.0,1.0,1.131606528,3
28226875_MinPolqaSfbRecording_cut.wav,4.0,0.0,0.0,3
30192673_MinPolqaSfbRecording_cut.wav,3.333333333,0.577350269,0.653333333,3
30481126_MinPolqaSfbRecording_cut.wav,2.666666667,1.154700538,1.306666667,3
30523229_MinPolqaSfbRecording_cut.wav,3.333333333,0.577350269,0.653333333,3
30461250_MinPolqaSfbRecording_cut.wav,3.333333333,0.577350269,0.653333333,3
30180754_MinPolqaSfbRecording_cut.wav,2.5,1.290994449,1.26517456,4
30118962_MinPolqaSfbRecording_cut.wav,3.0,1.154700538,1.131606528,4
28014093_MinPolqaSfbRecording_cut.wav,3.25,0.957427108,0.938278566,4
28644405_MinPolqaSfbRecording_cut.wav,3.0,0.816496581,0.800166649,4
30091857_MinPolqaSfbRecording_cut.wav,4.0,0.816496581,0.800166649,4
30068921_MinPolqaSfbRecording_cut.wav,2.75,0.957427108,0.938278566,4
30151772_MinPolqaSfbRecording_cut.wav,3.5,0.577350269,0.565803264,4
28941639_MinPolqaSfbRecording_cut.wav,4.25,0.5,0.49,4
30154440_MinPolqaSfbRecording_cut.wav,3.25,0.957427108,0.938278566,4
30197274_MinPolqaSfbRecording_cut.wav,2.4,0.894427191,0.784,5
28425546_MinPolqaSfbRecording_cut.wav,4.0,1.0,0.876538647,5
30174613_MinPolqaSfbRecording_cut.wav,2.0,0.707106781,0.619806421,5
30411972_MinPolqaSfbRecording_cut.wav,2.2,0.836660027,0.733364848,5
30514075_MinPolqaSfbRecording_cut.wav,2.4,0.547722558,0.48009999,5
30073116_MinPolqaSfbRecording_cut.wav,1.2,0.447213595,0.392,5
30468750_MinPolqaSfbRecording_cut.wav,1.2,0.447213595,0.392,5
30117469_MinPolqaSfbRecording_cut.wav,1.0,0.0,0.0,5
28082782_MinPolqaSfbRecording_cut.wav,4.0,0.707106781,0.619806421,5
30096799_MinPolqaSfbRecording_cut.wav,1.0,0.0,0.0,4
28549134_MinPolqaSfbRecording_cut.wav,4.75,0.5,0.49,4
30156297_MinPolqaSfbRecording_cut.wav,2.25,0.957427108,0.938278566,4
30415034_MinPolqaSfbRecording_cut.wav,1.0,0.0,0.0,4
30131690_MinPolqaSfbRecording_cut.wav,2.25,0.957427108,0.938278566,4
29544777_MinPolqaSfbRecording_cut.wav,2.0,0.816496581,0.800166649,4
30129298_MinPolqaSfbRecording_cut.wav,1.25,0.5,0.49,4
30112969_MinPolqaSfbRecording_cut.wav,1.5,1.0,0.98,4
30514521_MinPolqaSfbRecording_cut.wav,2.75,0.957427108,0.938278566,4
28336636_MinPolqaSfbRecording_cut.wav,4.666666667,0.577350269,0.653333333,3
30461185_MinPolqaSfbRecording_cut.wav,3.333333333,2.081665999,2.355626833,3
30200174_MinPolqaSfbRecording_cut.wav,3.333333333,1.154700538,1.306666667,3
28218061_MinPolqaSfbRecording_cut.wav,4.333333333,0.577350269,0.653333333,3
28357806_MinPolqaSfbRecording_cut.wav,4.666666667,0.577350269,0.653333333,3
28616350_MinPolqaSfbRecording_cut.wav,4.666666667,0.577350269,0.653333333,3
30202540_MinPolqaSfbRecording_cut.wav,2.0,1.0,1.131606528,3
30428702_MinPolqaSfbRecording_cut.wav,2.0,1.0,1.131606528,3
28192345_MinPolqaSfbRecording_cut.wav,4.0,1.0,1.131606528,3
30493449_MinPolqaSfbRecording_cut.wav,1.666666667,0.577350269,0.653333333,3
30502141_MinPolqaSfbRecording_cut.wav,2.0,1.0,1.131606528,3
30256879_MinPolqaSfbRecording_cut.wav,2.666666667,1.527525232,1.728557523,3
30078871_MinPolqaSfbRecording_cut.wav,2.333333333,1.154700538,1.306666667,3
30126068_MinPolqaSfbRecording_cut.wav,4.0,1.0,1.131606528,3
28478403_MinPolqaSfbRecording_cut.wav,4.666666667,0.577350269,0.653333333,3
30127608_MinPolqaSfbRecording_cut.wav,2.666666667,1.527525232,1.728557523,3
28350036_MinPolqaSfbRecording_cut.wav,2.666666667,0.577350269,0.653333333,3
30097420_MinPolqaSfbRecording_cut.wav,1.25,0.5,0.49,4
29539705_MinPolqaSfbRecording_cut.wav,2.25,0.957427108,0.938278566,4
30201546_MinPolqaSfbRecording_cut.wav,4.5,0.577350269,0.565803264,4
30204503_MinPolqaSfbRecording_cut.wav,3.25,0.957427108,0.938278566,4
30075343_MinPolqaSfbRecording_cut.wav,1.5,0.577350269,0.565803264,4
28056536_MinPolqaSfbRecording_cut.wav,4.25,0.5,0.49,4
29530067_MinPolqaSfbRecording_cut.wav,1.75,0.957427108,0.938278566,4
28537648_MinPolqaSfbRecording_cut.wav,4.5,0.577350269,0.565803264,4
28861939_MinPolqaSfbRecording_cut.wav,3.5,0.577350269,0.565803264,4
28476343_MinPolqaSfbRecording_cut.wav,4.0,0.816496581,0.800166649,4
30193820_MinPolqaSfbRecording_cut.wav,2.0,1.154700538,1.131606528,4
30062503_MinPolqaSfbRecording_cut.wav,1.75,0.957427108,0.938278566,4
30178457_MinPolqaSfbRecording_cut.wav,2.75,0.5,0.49,4
28851755_MinPolqaSfbRecording_cut.wav,4.5,0.577350269,0.565803264,4
30513677_MinPolqaSfbRecording_cut.wav,3.5,1.0,0.98,4
30119775_MinPolqaSfbRecording_cut.wav,4.5,0.577350269,0.565803264,4
30467271_MinPolqaSfbRecording_cut.wav,2.0,0.816496581,0.800166649,4
30147462_MinPolqaSfbRecording_cut.wav,3.25,0.5,0.49,4
30075704_MinPolqaSfbRecording_cut.wav,3.25,0.957427108,0.938278566,4
30146413_MinPolqaSfbRecording_cut.wav,3.25,0.957427108,0.938278566,4
30423408_MinPolqaSfbRecording_cut.wav,2.75,0.5,0.49,4
29535436_MinPolqaSfbRecording_cut.wav,2.5,0.577350269,0.565803264,4
30426807_MinPolqaSfbRecording_cut.wav,3.0,1.0,1.131606528,3
30212737_MinPolqaSfbRecording_cut.wav,1.0,0.0,0.0,3
30088960_MinPolqaSfbRecording_cut.wav,2.666666667,0.577350269,0.653333333,3
30520579_MinPolqaSfbRecording_cut.wav,3.666666667,0.577350269,0.653333333,3
30163501_MinPolqaSfbRecording_cut.wav,2.0,0.0,0.0,3
30492623_MinPolqaSfbRecording_cut.wav,2.0,1.0,1.131606528,3
28942692_MinPolqaSfbRecording_cut.wav,4.0,0.0,0.0,3
30522047_MinPolqaSfbRecording_cut.wav,3.0,1.0,1.131606528,3
30465493_MinPolqaSfbRecording_cut.wav,1.75,0.5,0.49,4
30440635_MinPolqaSfbRecording_cut.wav,4.0,1.154700538,1.131606528,4
30504096_MinPolqaSfbRecording_cut.wav,2.25,0.957427108,0.938278566,4
30171194_MinPolqaSfbRecording_cut.wav,2.0,0.816496581,0.800166649,4
30134413_MinPolqaSfbRecording_cut.wav,2.25,0.957427108,0.938278566,4
30141651_MinPolqaSfbRecording_cut.wav,2.75,0.5,0.49,4
28551128_MinPolqaSfbRecording_cut.wav,4.5,0.577350269,0.565803264,4
30506366_MinPolqaSfbRecording_cut.wav,3.25,0.5,0.49,4
30073657_MinPolqaSfbRecording_cut.wav,1.0,0.0,0.0,4
30470558_MinPolqaSfbRecording_cut.wav,3.666666667,0.577350269,0.653333333,3
30060398_MinPolqaSfbRecording_cut.wav,3.0,1.0,1.131606528,3
30127673_MinPolqaSfbRecording_cut.wav,2.0,1.0,1.131606528,3
30185019_MinPolqaSfbRecording_cut.wav,3.0,0.0,0.0,3
30429011_MinPolqaSfbRecording_cut.wav,2.333333333,1.527525232,1.728557523,3
30107134_MinPolqaSfbRecording_cut.wav,2.666666667,1.154700538,1.306666667,3
30194481_MinPolqaSfbRecording_cut.wav,2.0,1.0,1.131606528,3
30068444_MinPolqaSfbRecording_cut.wav,3.0,1.0,1.131606528,3
30202219_MinPolqaSfbRecording_cut.wav,3.4,0.547722558,0.48009999,5
30177142_MinPolqaSfbRecording_cut.wav,1.6,0.894427191,0.784,5
27577818_MinPolqaSfbRecording_cut.wav,3.2,0.447213595,0.392,5
30259170_MinPolqaSfbRecording_cut.wav,2.6,0.547722558,0.48009999,5
30087255_MinPolqaSfbRecording_cut.wav,2.0,1.0,0.876538647,5
28303988_MinPolqaSfbRecording_cut.wav,4.0,1.0,0.876538647,5
30062331_MinPolqaSfbRecording_cut.wav,1.4,0.547722558,0.48009999,5
30422566_MinPolqaSfbRecording_cut.wav,3.5,0.577350269,0.565803264,4
30423179_MinPolqaSfbRecording_cut.wav,3.5,0.577350269,0.565803264,4
30129021_MinPolqaSfbRecording_cut.wav,1.0,0.0,0.0,4
28254257_MinPolqaSfbRecording_cut.wav,2.5,0.577350269,0.565803264,4
30130231_MinPolqaSfbRecording_cut.wav,1.25,0.5,0.49,4
30421609_MinPolqaSfbRecording_cut.wav,4.0,0.816496581,0.800166649,4
30496618_MinPolqaSfbRecording_cut.wav,3.0,0.816496581,0.800166649,4
29538957_MinPolqaSfbRecording_cut.wav,3.5,1.290994449,1.26517456,4
29543194_MinPolqaSfbRecording_cut.wav,3.75,0.5,0.49,4
28801459_MinPolqaSfbRecording_cut.wav,3.2,1.303840481,1.142866571,5
30100341_MinPolqaSfbRecording_cut.wav,1.2,0.447213595,0.392,5
28226068_MinPolqaSfbRecording_cut.wav,4.2,1.303840481,1.142866571,5
30454506_MinPolqaSfbRecording_cut.wav,1.2,0.447213595,0.392,5
28053383_MinPolqaSfbRecording_cut.wav,4.2,0.836660027,0.733364848,5
30473901_MinPolqaSfbRecording_cut.wav,2.0,1.224744871,1.073536213,5
30158061_MinPolqaSfbRecording_cut.wav,3.6,0.547722558,0.48009999,5
30149476_MinPolqaSfbRecording_cut.wav,3.0,0.816496581,0.800166649,4
30445140_MinPolqaSfbRecording_cut.wav,1.25,0.5,0.49,4
28789663_MinPolqaSfbRecording_cut.wav,3.0,0.0,0.0,4
27704532_MinPolqaSfbRecording_cut.wav,2.75,0.5,0.49,4
30466179_MinPolqaSfbRecording_cut.wav,1.5,0.577350269,0.565803264,4
30264331_MinPolqaSfbRecording_cut.wav,1.75,0.5,0.49,4
28429420_MinPolqaSfbRecording_cut.wav,1.5,1.0,0.98,4
30207200_MinPolqaSfbRecording_cut.wav,1.25,0.5,0.49,4
30061046_MinPolqaSfbRecording_cut.wav,2.75,1.707825128,1.673668625,4
30490475_MinPolqaSfbRecording_cut.wav,3.6,0.547722558,0.48009999,5
28271451_MinPolqaSfbRecording_cut.wav,4.4,0.894427191,0.784,5
29533881_MinPolqaSfbRecording_cut.wav,3.0,0.707106781,0.619806421,5
30439890_MinPolqaSfbRecording_cut.wav,3.4,0.547722558,0.48009999,5
29535380_MinPolqaSfbRecording_cut.wav,1.8,0.447213595,0.392,5
30508909_MinPolqaSfbRecording_cut.wav,2.0,0.707106781,0.619806421,5
30114053_MinPolqaSfbRecording_cut.wav,1.8,1.303840481,1.142866571,5
30475182_MinPolqaSfbRecording_cut.wav,4.0,0.707106781,0.619806421,5
30527384_MinPolqaSfbRecording_cut.wav,2.4,0.547722558,0.48009999,5
30162262_MinPolqaSfbRecording_cut.wav,3.8,0.447213595,0.392,5
30438421_MinPolqaSfbRecording_cut.wav,4.0,0.707106781,0.619806421,5
30497352_MinPolqaSfbRecording_cut.wav,2.8,0.836660027,0.733364848,5
28914589_MinPolqaSfbRecording_cut.wav,4.2,0.836660027,0.733364848,5
30513158_MinPolqaSfbRecording_cut.wav,2.6,0.894427191,0.784,5
30117619_MinPolqaSfbRecording_cut.wav,3.2,1.303840481,1.142866571,5
30068513_MinPolqaSfbRecording_cut.wav,3.6,0.547722558,0.48009999,5
30095938_MinPolqaSfbRecording_cut.wav,2.8,1.095445115,0.960199979,5
28002320_MinPolqaSfbRecording_cut.wav,3.8,1.303840481,1.142866571,5
28995015_MinPolqaSfbRecording_cut.wav,3.8,0.447213595,0.392,5
30411602_MinPolqaSfbRecording_cut.wav,1.2,0.447213595,0.392,5
30063574_MinPolqaSfbRecording_cut.wav,4.2,0.836660027,0.733364848,5
30109676_MinPolqaSfbRecording_cut.wav,4.2,0.836660027,0.733364848,5
27911571_MinPolqaSfbRecording_cut.wav,4.0,1.0,1.131606528,3
30117632_MinPolqaSfbRecording_cut.wav,2.0,0.0,0.0,3
30404317_MinPolqaSfbRecording_cut.wav,1.333333333,0.577350269,0.653333333,3
30457923_MinPolqaSfbRecording_cut.wav,4.0,1.0,1.131606528,3
30069837_MinPolqaSfbRecording_cut.wav,2.0,1.0,1.131606528,3
30126210_MinPolqaSfbRecording_cut.wav,3.333333333,0.577350269,0.653333333,3
28908343_MinPolqaSfbRecording_cut.wav,4.0,0.0,0.0,3
30128836_MinPolqaSfbRecording_cut.wav,2.666666667,0.577350269,0.653333333,3
30156013_MinPolqaSfbRecording_cut.wav,3.2,0.836660027,0.733364848,5
27912612_MinPolqaSfbRecording_cut.wav,4.2,0.836660027,0.733364848,5
27966577_MinPolqaSfbRecording_cut.wav,4.6,0.547722558,0.48009999,5
28781450_MinPolqaSfbRecording_cut.wav,4.4,0.547722558,0.48009999,5
27849719_MinPolqaSfbRecording_cut.wav,4.2,0.836660027,0.733364848,5
30255220_MinPolqaSfbRecording_cut.wav,3.2,1.483239697,1.300116918,5
30445909_MinPolqaSfbRecording_cut.wav,1.0,0.0,0.0,5
30426951_MinPolqaSfbRecording_cut.wav,3.8,0.836660027,0.733364848,5
28265860_MinPolqaSfbRecording_cut.wav,4.2,0.836660027,0.733364848,5
30121218_MinPolqaSfbRecording_cut.wav,2.8,0.836660027,0.733364848,5
30148925_MinPolqaSfbRecording_cut.wav,3.2,1.095445115,0.960199979,5
28158963_MinPolqaSfbRecording_cut.wav,4.0,1.0,0.876538647,5
30254535_MinPolqaSfbRecording_cut.wav,3.8,1.095445115,0.960199979,5
29004312_MinPolqaSfbRecording_cut.wav,4.0,1.224744871,1.073536213,5
30137557_MinPolqaSfbRecording_cut.wav,2.6,1.341640786,1.176,5
28631525_MinPolqaSfbRecording_cut.wav,4.0,1.0,0.876538647,5
30179016_MinPolqaSfbRecording_cut.wav,2.8,1.483239697,1.300116918,5
30097960_MinPolqaSfbRecording_cut.wav,3.0,1.0,0.876538647,5
27667674_MinPolqaSfbRecording_cut.wav,4.8,0.447213595,0.392,5
27918079_MinPolqaSfbRecording_cut.wav,4.0,1.0,0.876538647,5
30435325_MinPolqaSfbRecording_cut.wav,1.8,0.836660027,0.733364848,5
30431765_MinPolqaSfbRecording_cut.wav,3.4,1.140175425,0.999407825,5
30173674_MinPolqaSfbRecording_cut.wav,3.6,0.894427191,0.784,5
30441495_MinPolqaSfbRecording_cut.wav,4.2,0.836660027,0.733364848,5
30085052_MinPolqaSfbRecording_cut.wav,4.25,0.5,0.49,4
28704024_MinPolqaSfbRecording_cut.wav,3.5,1.0,0.98,4
28641556_MinPolqaSfbRecording_cut.wav,4.5,0.577350269,0.565803264,4
30138409_MinPolqaSfbRecording_cut.wav,1.5,1.0,0.98,4
30509431_MinPolqaSfbRecording_cut.wav,3.5,0.577350269,0.565803264,4
30521819_MinPolqaSfbRecording_cut.wav,4.25,0.957427108,0.938278566,4
30202611_MinPolqaSfbRecording_cut.wav,4.75,0.5,0.49,4
30474775_MinPolqaSfbRecording_cut.wav,2.75,0.957427108,0.938278566,4
30136178_MinPolqaSfbRecording_cut.wav,3.25,1.707825128,1.673668625,4
27595631_MinPolqaSfbRecording_cut.wav,4.75,0.5,0.49,4
30099283_MinPolqaSfbRecording_cut.wav,2.0,1.732050808,1.96,3
30104576_MinPolqaSfbRecording_cut.wav,2.0,1.0,1.131606528,3
28773788_MinPolqaSfbRecording_cut.wav,3.0,1.0,1.131606528,3
28247502_MinPolqaSfbRecording_cut.wav,4.333333333,0.577350269,0.653333333,3
27977798_MinPolqaSfbRecording_cut.wav,5.0,0.0,0.0,3
30156490_MinPolqaSfbRecording_cut.wav,3.666666667,0.577350269,0.653333333,3
30063977_MinPolqaSfbRecording_cut.wav,2.333333333,0.577350269,0.653333333,3
28832183_MinPolqaSfbRecording_cut.wav,4.333333333,0.577350269,0.653333333,3
28786528_MinPolqaSfbRecording_cut.wav,3.666666667,1.527525232,1.728557523,3
28676545_MinPolqaSfbRecording_cut.wav,3.75,0.957427108,0.938278566,4
30194114_MinPolqaSfbRecording_cut.wav,2.25,1.258305739,1.233139624,4
30144946_MinPolqaSfbRecording_cut.wav,2.75,0.957427108,0.938278566,4
28245165_MinPolqaSfbRecording_cut.wav,3.25,0.5,0.49,4
30148231_MinPolqaSfbRecording_cut.wav,2.75,0.957427108,0.938278566,4
30485879_MinPolqaSfbRecording_cut.wav,2.75,1.5,1.47,4
30097967_MinPolqaSfbRecording_cut.wav,2.2,1.095445115,0.960199979,5
28508073_MinPolqaSfbRecording_cut.wav,3.8,0.447213595,0.392,5
29535099_MinPolqaSfbRecording_cut.wav,2.8,0.836660027,0.733364848,5
30090646_MinPolqaSfbRecording_cut.wav,4.0,0.0,0.0,5
30407486_MinPolqaSfbRecording_cut.wav,1.8,0.836660027,0.733364848,5
30412427_MinPolqaSfbRecording_cut.wav,1.2,0.447213595,0.392,5
30425205_MinPolqaSfbRecording_cut.wav,2.8,0.836660027,0.733364848,5
30088972_MinPolqaSfbRecording_cut.wav,3.4,0.894427191,0.784,5
30173168_MinPolqaSfbRecording_cut.wav,2.8,0.836660027,0.733364848,5
30505860_MinPolqaSfbRecording_cut.wav,3.0,0.707106781,0.619806421,5
28556135_MinPolqaSfbRecording_cut.wav,3.25,0.5,0.49,4
30262569_MinPolqaSfbRecording_cut.wav,3.5,0.577350269,0.565803264,4
30118530_MinPolqaSfbRecording_cut.wav,3.0,0.816496581,0.800166649,4
30491580_MinPolqaSfbRecording_cut.wav,2.75,0.5,0.49,4
30430564_MinPolqaSfbRecording_cut.wav,1.0,0.0,0.0,4
30400959_MinPolqaSfbRecording_cut.wav,3.5,0.577350269,0.565803264,4
30487438_MinPolqaSfbRecording_cut.wav,3.0,0.816496581,0.800166649,4
30181973_MinPolqaSfbRecording_cut.wav,2.0,0.816496581,0.800166649,4
27811594_MinPolqaSfbRecording_cut.wav,2.75,1.258305739,1.233139624,4
30176711_MinPolqaSfbRecording_cut.wav,3.5,0.577350269,0.565803264,4
30510977_MinPolqaSfbRecording_cut.wav,1.75,0.5,0.49,4
30106478_MinPolqaSfbRecording_cut.wav,2.25,0.957427108,0.938278566,4
28968080_MinPolqaSfbRecording_cut.wav,3.25,0.957427108,0.938278566,4
30113346_MinPolqaSfbRecording_cut.wav,4.25,0.5,0.49,4
30158134_MinPolqaSfbRecording_cut.wav,2.0,0.816496581,0.800166649,4
30506881_MinPolqaSfbRecording_cut.wav,4.25,0.5,0.49,4
28146677_MinPolqaSfbRecording_cut.wav,3.25,1.258305739,1.233139624,4
28282024_MinPolqaSfbRecording_cut.wav,4.0,1.414213562,1.96,2
28995739_MinPolqaSfbRecording_cut.wav,3.0,0.0,0.0,2
30138495_MinPolqaSfbRecording_cut.wav,3.5,0.707106781,0.98,2
28671962_MinPolqaSfbRecording_cut.wav,5.0,0.0,0.0,2
30141167_MinPolqaSfbRecording_cut.wav,3.0,0.0,0.0,2
30530640_MinPolqaSfbRecording_cut.wav,2.5,0.707106781,0.98,2
30445139_MinPolqaSfbRecording_cut.wav,2.0,1.414213562,1.96,2
30188529_MinPolqaSfbRecording_cut.wav,4.5,0.707106781,0.98,2
30408316_MinPolqaSfbRecording_cut.wav,2.333333333,1.527525232,1.728557523,3
30066953_MinPolqaSfbRecording_cut.wav,2.333333333,1.527525232,1.728557523,3
27921971_MinPolqaSfbRecording_cut.wav,3.666666667,0.577350269,0.653333333,3
30410432_MinPolqaSfbRecording_cut.wav,3.333333333,0.577350269,0.653333333,3
28327199_MinPolqaSfbRecording_cut.wav,4.0,0.0,0.0,3
30070947_MinPolqaSfbRecording_cut.wav,3.0,1.0,1.131606528,3
28852377_MinPolqaSfbRecording_cut.wav,3.666666667,0.577350269,0.653333333,3
30133930_MinPolqaSfbRecording_cut.wav,2.333333333,0.577350269,0.653333333,3
30098579_MinPolqaSfbRecording_cut.wav,1.75,0.5,0.49,4
27893029_MinPolqaSfbRecording_cut.wav,4.0,1.154700538,1.131606528,4
30129203_MinPolqaSfbRecording_cut.wav,2.25,0.5,0.49,4
30093245_MinPolqaSfbRecording_cut.wav,3.25,0.957427108,0.938278566,4
28248108_MinPolqaSfbRecording_cut.wav,2.75,0.5,0.49,4
30429605_MinPolqaSfbRecording_cut.wav,2.0,0.0,0.0,4
30119618_MinPolqaSfbRecording_cut.wav,3.75,0.957427108,0.938278566,4
29004147_MinPolqaSfbRecording_cut.wav,2.75,0.5,0.49,4
30248859_MinPolqaSfbRecording_cut.wav,2.0,0.0,0.0,3
27751441_MinPolqaSfbRecording_cut.wav,3.0,0.0,0.0,3
30195726_MinPolqaSfbRecording_cut.wav,2.666666667,0.577350269,0.653333333,3
30161889_MinPolqaSfbRecording_cut.wav,2.333333333,0.577350269,0.653333333,3
30484080_MinPolqaSfbRecording_cut.wav,2.666666667,0.577350269,0.653333333,3
29538350_MinPolqaSfbRecording_cut.wav,2.333333333,0.577350269,0.653333333,3
30158053_MinPolqaSfbRecording_cut.wav,1.666666667,0.577350269,0.653333333,3
30212312_MinPolqaSfbRecording_cut.wav,2.333333333,0.577350269,0.653333333,3
30528259_MinPolqaSfbRecording_cut.wav,2.0,0.0,0.0,3
30192171_MinPolqaSfbRecording_cut.wav,3.25,0.957427108,0.938278566,4
30097774_MinPolqaSfbRecording_cut.wav,3.5,1.290994449,1.26517456,4
29534245_MinPolqaSfbRecording_cut.wav,4.0,0.816496581,0.800166649,4
30173611_MinPolqaSfbRecording_cut.wav,2.75,0.957427108,0.938278566,4
30067882_MinPolqaSfbRecording_cut.wav,3.5,1.290994449,1.26517456,4
29534944_MinPolqaSfbRecording_cut.wav,3.5,1.290994449,1.26517456,4
30431831_MinPolqaSfbRecording_cut.wav,1.5,0.577350269,0.565803264,4
30258691_MinPolqaSfbRecording_cut.wav,3.0,1.825741858,1.789227021,4
30126458_MinPolqaSfbRecording_cut.wav,2.75,0.957427108,0.938278566,4
30171435_MinPolqaSfbRecording_cut.wav,4.2,0.836660027,0.733364848,5
30514251_MinPolqaSfbRecording_cut.wav,3.4,0.894427191,0.784,5
30425475_MinPolqaSfbRecording_cut.wav,3.4,0.547722558,0.48009999,5
30212949_MinPolqaSfbRecording_cut.wav,4.6,0.547722558,0.48009999,5
28763747_MinPolqaSfbRecording_cut.wav,4.2,0.447213595,0.392,5
30185347_MinPolqaSfbRecording_cut.wav,4.0,0.0,0.0,5
30412043_MinPolqaSfbRecording_cut.wav,2.6,0.894427191,0.784,5
30067543_MinPolqaSfbRecording_cut.wav,3.2,0.447213595,0.392,5
30478413_MinPolqaSfbRecording_cut.wav,3.4,0.547722558,0.48009999,5
30430657_MinPolqaSfbRecording_cut.wav,2.6,0.894427191,0.784,5
28941552_MinPolqaSfbRecording_cut.wav,4.6,0.547722558,0.48009999,5
30173857_MinPolqaSfbRecording_cut.wav,2.0,1.224744871,1.073536213,5
30467347_MinPolqaSfbRecording_cut.wav,2.4,0.894427191,0.784,5
29539752_MinPolqaSfbRecording_cut.wav,1.6,0.894427191,0.784,5
30092661_MinPolqaSfbRecording_cut.wav,2.4,0.894427191,0.784,5
30093103_MinPolqaSfbRecording_cut.wav,2.2,0.447213595,0.392,5
30505774_MinPolqaSfbRecording_cut.wav,3.2,1.095445115,0.960199979,5
30153916_MinPolqaSfbRecording_cut.wav,2.4,1.140175425,0.999407825,5
30206614_MinPolqaSfbRecording_cut.wav,3.0,0.707106781,0.619806421,5
30122738_MinPolqaSfbRecording_cut.wav,4.0,0.0,0.0,4
29001128_MinPolqaSfbRecording_cut.wav,4.0,0.0,0.0,4
29533229_MinPolqaSfbRecording_cut.wav,2.5,0.577350269,0.565803264,4
30067975_MinPolqaSfbRecording_cut.wav,1.25,0.5,0.49,4
30249575_MinPolqaSfbRecording_cut.wav,3.0,0.0,0.0,4
30103602_MinPolqaSfbRecording_cut.wav,4.5,0.577350269,0.565803264,4
30156613_MinPolqaSfbRecording_cut.wav,3.5,0.577350269,0.565803264,4
30260933_MinPolqaSfbRecording_cut.wav,2.0,0.816496581,0.800166649,4
30129112_MinPolqaSfbRecording_cut.wav,3.4,0.547722558,0.48009999,5
30148815_MinPolqaSfbRecording_cut.wav,2.8,0.836660027,0.733364848,5
30199797_MinPolqaSfbRecording_cut.wav,3.0,0.707106781,0.619806421,5
30155209_MinPolqaSfbRecording_cut.wav,3.8,0.447213595,0.392,5
30522174_MinPolqaSfbRecording_cut.wav,3.2,0.447213595,0.392,5
30259036_MinPolqaSfbRecording_cut.wav,3.8,0.836660027,0.733364848,5
30407140_MinPolqaSfbRecording_cut.wav,3.25,0.5,0.49,4
30063931_MinPolqaSfbRecording_cut.wav,3.75,0.957427108,0.938278566,4
30071489_MinPolqaSfbRecording_cut.wav,3.5,0.577350269,0.565803264,4
29035768_MinPolqaSfbRecording_cut.wav,4.5,0.577350269,0.565803264,4
29534881_MinPolqaSfbRecording_cut.wav,2.75,0.5,0.49,4
30496538_MinPolqaSfbRecording_cut.wav,3.0,0.816496581,0.800166649,4
30069688_MinPolqaSfbRecording_cut.wav,2.25,0.5,0.49,4
30447596_MinPolqaSfbRecording_cut.wav,1.0,0.0,0.0,4
30471211_MinPolqaSfbRecording_cut.wav,2.5,0.577350269,0.565803264,4
30082015_MinPolqaSfbRecording_cut.wav,1.0,0.0,0.0,4
30091787_MinPolqaSfbRecording_cut.wav,3.5,0.577350269,0.565803264,4
30529056_MinPolqaSfbRecording_cut.wav,1.0,0.0,0.0,4
30430132_MinPolqaSfbRecording_cut.wav,2.75,0.957427108,0.938278566,4
28271860_MinPolqaSfbRecording_cut.wav,4.25,0.5,0.49,4
30263885_MinPolqaSfbRecording_cut.wav,2.0,0.816496581,0.800166649,4
29535930_MinPolqaSfbRecording_cut.wav,2.25,0.957427108,0.938278566,4
28200919_MinPolqaSfbRecording_cut.wav,3.0,1.0,1.131606528,3
30168895_MinPolqaSfbRecording_cut.wav,2.666666667,1.527525232,1.728557523,3
30493621_MinPolqaSfbRecording_cut.wav,1.666666667,0.577350269,0.653333333,3
30060454_MinPolqaSfbRecording_cut.wav,1.666666667,1.154700538,1.306666667,3
30264308_MinPolqaSfbRecording_cut.wav,4.0,1.0,1.131606528,3
30468430_MinPolqaSfbRecording_cut.wav,3.0,1.732050808,1.96,3
27752496_MinPolqaSfbRecording_cut.wav,4.0,1.0,1.131606528,3
30083275_MinPolqaSfbRecording_cut.wav,4.333333333,1.154700538,1.306666667,3
29040878_MinPolqaSfbRecording_cut.wav,4.666666667,0.577350269,0.653333333,3
30214198_MinPolqaSfbRecording_cut.wav,3.666666667,1.527525232,1.728557523,3
30089189_MinPolqaSfbRecording_cut.wav,2.4,1.140175425,0.999407825,5
30120461_MinPolqaSfbRecording_cut.wav,3.0,0.0,0.0,5
28842498_MinPolqaSfbRecording_cut.wav,3.8,0.836660027,0.733364848,5
30482620_MinPolqaSfbRecording_cut.wav,2.6,0.547722558,0.48009999,5
28232912_MinPolqaSfbRecording_cut.wav,4.0,0.0,0.0,5
30420708_MinPolqaSfbRecording_cut.wav,3.4,1.140175425,0.999407825,5
30264219_MinPolqaSfbRecording_cut.wav,4.0,0.0,0.0,5
30264326_MinPolqaSfbRecording_cut.wav,3.4,1.140175425,0.999407825,5
28664754_MinPolqaSfbRecording_cut.wav,4.333333333,0.577350269,0.653333333,3
27638860_MinPolqaSfbRecording_cut.wav,4.666666667,0.577350269,0.653333333,3
30140944_MinPolqaSfbRecording_cut.wav,3.0,0.0,0.0,3
30410916_MinPolqaSfbRecording_cut.wav,4.0,1.0,1.131606528,3
30195502_MinPolqaSfbRecording_cut.wav,2.666666667,0.577350269,0.653333333,3
30416625_MinPolqaSfbRecording_cut.wav,2.333333333,0.577350269,0.653333333,3
30478475_MinPolqaSfbRecording_cut.wav,1.333333333,0.577350269,0.653333333,3
30076657_MinPolqaSfbRecording_cut.wav,4.0,1.414213562,1.239612843,5
30174556_MinPolqaSfbRecording_cut.wav,2.2,1.303840481,1.142866571,5
30145206_MinPolqaSfbRecording_cut.wav,2.6,1.816590212,1.592311527,5
30262911_MinPolqaSfbRecording_cut.wav,2.0,1.0,0.876538647,5
30098241_MinPolqaSfbRecording_cut.wav,3.4,1.140175425,0.999407825,5
27946564_MinPolqaSfbRecording_cut.wav,4.2,0.836660027,0.733364848,5
28003024_MinPolqaSfbRecording_cut.wav,4.2,0.836660027,0.733364848,5
30467473_MinPolqaSfbRecording_cut.wav,1.2,0.447213595,0.392,5
30160033_MinPolqaSfbRecording_cut.wav,3.4,1.516575089,1.329336677,5
30481854_MinPolqaSfbRecording_cut.wav,3.0,0.707106781,0.619806421,5
30177399_MinPolqaSfbRecording_cut.wav,3.0,1.0,0.876538647,5
30096281_MinPolqaSfbRecording_cut.wav,4.0,0.707106781,0.619806421,5
27852663_MinPolqaSfbRecording_cut.wav,4.2,0.447213595,0.392,5
27520745_MinPolqaSfbRecording_cut.wav,3.4,1.140175425,0.999407825,5
30106755_MinPolqaSfbRecording_cut.wav,3.0,0.707106781,0.619806421,5
30507073_MinPolqaSfbRecording_cut.wav,1.6,0.547722558,0.48009999,5
30451739_MinPolqaSfbRecording_cut.wav,2.6,0.547722558,0.48009999,5
30068509_MinPolqaSfbRecording_cut.wav,2.5,0.577350269,0.565803264,4
30473858_MinPolqaSfbRecording_cut.wav,1.5,0.577350269,0.565803264,4
30454119_MinPolqaSfbRecording_cut.wav,3.5,1.0,0.98,4
27844740_MinPolqaSfbRecording_cut.wav,4.0,0.816496581,0.800166649,4
30162663_MinPolqaSfbRecording_cut.wav,2.5,1.290994449,1.26517456,4
30122308_MinPolqaSfbRecording_cut.wav,3.0,0.816496581,0.800166649,4
30095952_MinPolqaSfbRecording_cut.wav,2.25,0.957427108,0.938278566,4
29530673_MinPolqaSfbRecording_cut.wav,3.5,1.290994449,1.26517456,4
30145050_MinPolqaSfbRecording_cut.wav,2.0,0.816496581,0.800166649,4
30096064_MinPolqaSfbRecording_cut.wav,2.25,0.957427108,0.938278566,4
28615153_MinPolqaSfbRecording_cut.wav,4.0,0.0,0.0,4
30081762_MinPolqaSfbRecording_cut.wav,2.0,0.816496581,0.800166649,4
30161643_MinPolqaSfbRecording_cut.wav,2.5,1.0,0.98,4
30411476_MinPolqaSfbRecording_cut.wav,2.75,0.5,0.49,4
30483474_MinPolqaSfbRecording_cut.wav,3.5,1.0,0.98,4
29537278_MinPolqaSfbRecording_cut.wav,2.75,0.5,0.49,4
30109322_MinPolqaSfbRecording_cut.wav,3.75,0.957427108,0.938278566,4
30481259_MinPolqaSfbRecording_cut.wav,4.25,0.957427108,0.938278566,4
30255573_MinPolqaSfbRecording_cut.wav,2.25,0.957427108,0.938278566,4
27563978_MinPolqaSfbRecording_cut.wav,4.5,0.577350269,0.565803264,4
30505837_MinPolqaSfbRecording_cut.wav,2.25,0.957427108,0.938278566,4
30174685_MinPolqaSfbRecording_cut.wav,1.5,0.577350269,0.565803264,4
30161025_MinPolqaSfbRecording_cut.wav,1.75,0.957427108,0.938278566,4
30081604_MinPolqaSfbRecording_cut.wav,3.5,1.0,0.98,4
30213021_MinPolqaSfbRecording_cut.wav,2.5,1.732050808,1.697409791,4
30522152_MinPolqaSfbRecording_cut.wav,2.25,1.5,1.47,4
30166990_MinPolqaSfbRecording_cut.wav,2.25,0.957427108,0.938278566,4
28985389_MinPolqaSfbRecording_cut.wav,4.0,0.816496581,0.800166649,4
30483163_MinPolqaSfbRecording_cut.wav,3.333333333,1.154700538,1.306666667,3
30112766_MinPolqaSfbRecording_cut.wav,2.666666667,1.527525232,1.728557523,3
30092092_MinPolqaSfbRecording_cut.wav,4.666666667,0.577350269,0.653333333,3
30100850_MinPolqaSfbRecording_cut.wav,4.333333333,0.577350269,0.653333333,3
30151149_MinPolqaSfbRecording_cut.wav,3.333333333,0.577350269,0.653333333,3
30125542_MinPolqaSfbRecording_cut.wav,3.666666667,0.577350269,0.653333333,3
30511337_MinPolqaSfbRecording_cut.wav,3.333333333,1.154700538,1.306666667,3
29530236_MinPolqaSfbRecording_cut.wav,4.0,1.0,1.131606528,3
30075021_MinPolqaSfbRecording_cut.wav,2.75,0.957427108,0.938278566,4
27836003_MinPolqaSfbRecording_cut.wav,3.5,1.0,0.98,4
27942968_MinPolqaSfbRecording_cut.wav,3.25,0.957427108,0.938278566,4
28217828_MinPolqaSfbRecording_cut.wav,4.0,0.816496581,0.800166649,4
30161569_MinPolqaSfbRecording_cut.wav,3.25,1.5,1.47,4
30485986_MinPolqaSfbRecording_cut.wav,3.25,1.5,1.47,4
30136268_MinPolqaSfbRecording_cut.wav,2.5,1.290994449,1.26517456,4
30496380_MinPolqaSfbRecording_cut.wav,3.0,1.414213562,1.385929291,4
30461434_MinPolqaSfbRecording_cut.wav,2.6,1.140175425,0.999407825,5
30511708_MinPolqaSfbRecording_cut.wav,1.4,0.894427191,0.784,5
28686216_MinPolqaSfbRecording_cut.wav,4.4,0.894427191,0.784,5
30062776_MinPolqaSfbRecording_cut.wav,3.2,0.836660027,0.733364848,5
30192679_MinPolqaSfbRecording_cut.wav,2.6,0.547722558,0.48009999,5
30429495_MinPolqaSfbRecording_cut.wav,2.0,1.0,0.876538647,5
30421708_MinPolqaSfbRecording_cut.wav,3.8,0.836660027,0.733364848,5
30214337_MinPolqaSfbRecording_cut.wav,2.2,1.303840481,1.142866571,5
30466828_MinPolqaSfbRecording_cut.wav,3.0,1.0,0.876538647,5
30166418_MinPolqaSfbRecording_cut.wav,3.666666667,0.577350269,0.653333333,3
27741825_MinPolqaSfbRecording_cut.wav,4.0,0.0,0.0,3
30176169_MinPolqaSfbRecording_cut.wav,4.333333333,0.577350269,0.653333333,3
30250426_MinPolqaSfbRecording_cut.wav,3.0,0.0,0.0,3
28361584_MinPolqaSfbRecording_cut.wav,3.666666667,0.577350269,0.653333333,3
30452907_MinPolqaSfbRecording_cut.wav,3.666666667,0.577350269,0.653333333,3
30171034_MinPolqaSfbRecording_cut.wav,3.666666667,0.577350269,0.653333333,3
30120894_MinPolqaSfbRecording_cut.wav,3.666666667,0.577350269,0.653333333,3
29530848_MinPolqaSfbRecording_cut.wav,3.666666667,0.577350269,0.653333333,3
28167079_MinPolqaSfbRecording_cut.wav,4.333333333,0.577350269,0.653333333,3
30402941_MinPolqaSfbRecording_cut.wav,2.0,0.816496581,0.800166649,4
30066216_MinPolqaSfbRecording_cut.wav,3.0,0.0,0.0,4
30450652_MinPolqaSfbRecording_cut.wav,1.0,0.0,0.0,4
30206296_MinPolqaSfbRecording_cut.wav,1.5,0.577350269,0.565803264,4
30181430_MinPolqaSfbRecording_cut.wav,2.25,0.5,0.49,4
30101083_MinPolqaSfbRecording_cut.wav,3.5,0.577350269,0.565803264,4
27145366_MinPolqaSfbRecording_cut.wav,3.75,0.957427108,0.938278566,4
30136090_MinPolqaSfbRecording_cut.wav,3.25,0.5,0.49,4
29540644_MinPolqaSfbRecording_cut.wav,2.25,0.5,0.49,4
30134308_MinPolqaSfbRecording_cut.wav,4.0,1.0,1.131606528,3
30092482_MinPolqaSfbRecording_cut.wav,3.666666667,1.527525232,1.728557523,3
28561410_MinPolqaSfbRecording_cut.wav,3.0,1.0,1.131606528,3
30472198_MinPolqaSfbRecording_cut.wav,3.0,1.732050808,1.96,3
30403671_MinPolqaSfbRecording_cut.wav,3.333333333,0.577350269,0.653333333,3
30082554_MinPolqaSfbRecording_cut.wav,2.8,0.836660027,0.733364848,5
30264009_MinPolqaSfbRecording_cut.wav,2.8,0.836660027,0.733364848,5
30453591_MinPolqaSfbRecording_cut.wav,1.8,0.836660027,0.733364848,5
30127835_MinPolqaSfbRecording_cut.wav,3.6,0.894427191,0.784,5
30514155_MinPolqaSfbRecording_cut.wav,3.0,0.707106781,0.619806421,5
30202398_MinPolqaSfbRecording_cut.wav,3.8,0.447213595,0.392,5
30090136_MinPolqaSfbRecording_cut.wav,2.0,1.0,0.876538647,5
30528102_MinPolqaSfbRecording_cut.wav,2.6,0.894427191,0.784,5
28681166_MinPolqaSfbRecording_cut.wav,3.6,0.894427191,0.784,5
30147039_MinPolqaSfbRecording_cut.wav,3.4,0.547722558,0.48009999,5
28915836_MinPolqaSfbRecording_cut.wav,3.4,0.547722558,0.48009999,5
30166357_MinPolqaSfbRecording_cut.wav,2.0,1.224744871,1.073536213,5
28707902_MinPolqaSfbRecording_cut.wav,3.6,0.547722558,0.48009999,5
30093070_MinPolqaSfbRecording_cut.wav,1.4,0.894427191,0.784,5
30249381_MinPolqaSfbRecording_cut.wav,2.6,0.547722558,0.48009999,5
30164657_MinPolqaSfbRecording_cut.wav,2.8,0.836660027,0.733364848,5
29027749_MinPolqaSfbRecording_cut.wav,3.4,0.547722558,0.48009999,5
28748740_MinPolqaSfbRecording_cut.wav,3.6,0.547722558,0.48009999,5
27751388_MinPolqaSfbRecording_cut.wav,4.2,0.447213595,0.392,5
27700942_MinPolqaSfbRecording_cut.wav,3.8,0.836660027,0.733364848,5
28034303_MinPolqaSfbRecording_cut.wav,3.0,0.0,0.0,5
28350782_MinPolqaSfbRecording_cut.wav,3.6,0.547722558,0.48009999,5
29536422_MinPolqaSfbRecording_cut.wav,3.2,0.836660027,0.733364848,5
30147862_MinPolqaSfbRecording_cut.wav,2.2,1.095445115,0.960199979,5
30470541_MinPolqaSfbRecording_cut.wav,2.75,0.5,0.49,4
28784102_MinPolqaSfbRecording_cut.wav,4.0,0.816496581,0.800166649,4
28543411_MinPolqaSfbRecording_cut.wav,3.75,0.5,0.49,4
28648195_MinPolqaSfbRecording_cut.wav,4.0,0.816496581,0.800166649,4
30136341_MinPolqaSfbRecording_cut.wav,4.0,0.0,0.0,4
30506480_MinPolqaSfbRecording_cut.wav,3.75,0.5,0.49,4
30255139_MinPolqaSfbRecording_cut.wav,3.5,0.577350269,0.565803264,4
30083603_MinPolqaSfbRecording_cut.wav,4.0,0.0,0.0,4
29529540_MinPolqaSfbRecording_cut.wav,2.25,0.5,0.49,4
28538246_MinPolqaSfbRecording_cut.wav,3.666666667,0.577350269,0.653333333,3
30160706_MinPolqaSfbRecording_cut.wav,2.333333333,0.577350269,0.653333333,3
30491086_MinPolqaSfbRecording_cut.wav,3.666666667,1.527525232,1.728557523,3
28737574_MinPolqaSfbRecording_cut.wav,4.333333333,0.577350269,0.653333333,3
30258490_MinPolqaSfbRecording_cut.wav,3.333333333,0.577350269,0.653333333,3
30208575_MinPolqaSfbRecording_cut.wav,3.333333333,0.577350269,0.653333333,3
30502049_MinPolqaSfbRecording_cut.wav,3.2,0.447213595,0.392,5
30186671_MinPolqaSfbRecording_cut.wav,2.4,0.547722558,0.48009999,5
30095871_MinPolqaSfbRecording_cut.wav,3.6,0.894427191,0.784,5
30496881_MinPolqaSfbRecording_cut.wav,3.6,0.547722558,0.48009999,5
27709358_MinPolqaSfbRecording_cut.wav,3.2,0.836660027,0.733364848,5
30423087_MinPolqaSfbRecording_cut.wav,3.6,0.547722558,0.48009999,5
30197908_MinPolqaSfbRecording_cut.wav,3.8,0.447213595,0.392,5
30163381_MinPolqaSfbRecording_cut.wav,2.4,1.140175425,0.999407825,5
30135329_MinPolqaSfbRecording_cut.wav,1.6,0.547722558,0.48009999,5
30105218_MinPolqaSfbRecording_cut.wav,1.2,0.447213595,0.392,5
30133619_MinPolqaSfbRecording_cut.wav,2.6,1.140175425,0.999407825,5
30127882_MinPolqaSfbRecording_cut.wav,3.2,1.303840481,1.142866571,5
30451149_MinPolqaSfbRecording_cut.wav,3.4,0.894427191,0.784,5
30182477_MinPolqaSfbRecording_cut.wav,1.4,0.547722558,0.48009999,5
30473377_MinPolqaSfbRecording_cut.wav,4.25,0.957427108,0.938278566,4
27665783_MinPolqaSfbRecording_cut.wav,4.25,0.957427108,0.938278566,4
27831921_MinPolqaSfbRecording_cut.wav,4.25,0.5,0.49,4
30087664_MinPolqaSfbRecording_cut.wav,1.0,0.0,0.0,4
30101372_MinPolqaSfbRecording_cut.wav,3.0,0.816496581,0.800166649,4
27664355_MinPolqaSfbRecording_cut.wav,4.75,0.5,0.49,4
30191958_MinPolqaSfbRecording_cut.wav,2.8,0.447213595,0.392,5
30065966_MinPolqaSfbRecording_cut.wav,2.0,1.0,0.876538647,5
30069145_MinPolqaSfbRecording_cut.wav,2.6,0.547722558,0.48009999,5
30073681_MinPolqaSfbRecording_cut.wav,2.0,0.707106781,0.619806421,5
27809376_MinPolqaSfbRecording_cut.wav,3.6,0.547722558,0.48009999,5
28088601_MinPolqaSfbRecording_cut.wav,3.6,0.547722558,0.48009999,5
30151143_MinPolqaSfbRecording_cut.wav,2.6,0.894427191,0.784,5
30178342_MinPolqaSfbRecording_cut.wav,1.6,0.547722558,0.48009999,5
28728459_MinPolqaSfbRecording_cut.wav,3.6,0.547722558,0.48009999,5
28189974_MinPolqaSfbRecording_cut.wav,4.0,1.0,1.131606528,3
30058031_MinPolqaSfbRecording_cut.wav,3.0,1.0,1.131606528,3
30173394_MinPolqaSfbRecording_cut.wav,1.0,0.0,0.0,3
30125715_MinPolqaSfbRecording_cut.wav,2.333333333,0.577350269,0.653333333,3
30193153_MinPolqaSfbRecording_cut.wav,2.333333333,0.577350269,0.653333333,3
30119300_MinPolqaSfbRecording_cut.wav,2.333333333,0.577350269,0.653333333,3
30090022_MinPolqaSfbRecording_cut.wav,2.666666667,0.577350269,0.653333333,3
30071392_MinPolqaSfbRecording_cut.wav,3.0,1.0,1.131606528,3
28606336_MinPolqaSfbRecording_cut.wav,3.666666667,0.577350269,0.653333333,3
30513646_MinPolqaSfbRecording_cut.wav,3.0,1.0,1.131606528,3
30249126_MinPolqaSfbRecording_cut.wav,2.666666667,0.577350269,0.653333333,3
29532210_MinPolqaSfbRecording_cut.wav,3.0,1.0,1.131606528,3
30133232_MinPolqaSfbRecording_cut.wav,1.666666667,1.154700538,1.306666667,3
30264305_MinPolqaSfbRecording_cut.wav,3.0,0.0,0.0,3
29538025_MinPolqaSfbRecording_cut.wav,3.333333333,1.154700538,1.306666667,3
30135660_MinPolqaSfbRecording_cut.wav,3.666666667,1.527525232,1.728557523,3
30467962_MinPolqaSfbRecording_cut.wav,3.333333333,1.154700538,1.306666667,3
28071189_MinPolqaSfbRecording_cut.wav,4.333333333,1.154700538,1.306666667,3
30455408_MinPolqaSfbRecording_cut.wav,2.5,1.290994449,1.26517456,4
30432198_MinPolqaSfbRecording_cut.wav,2.25,0.5,0.49,4
27783602_MinPolqaSfbRecording_cut.wav,2.75,1.258305739,1.233139624,4
30189328_MinPolqaSfbRecording_cut.wav,1.75,0.957427108,0.938278566,4
30437448_MinPolqaSfbRecording_cut.wav,3.25,0.957427108,0.938278566,4
28918234_MinPolqaSfbRecording_cut.wav,4.0,0.816496581,0.800166649,4
30463017_MinPolqaSfbRecording_cut.wav,2.5,1.290994449,1.26517456,4
30208172_MinPolqaSfbRecording_cut.wav,2.75,0.957427108,0.938278566,4
30462485_MinPolqaSfbRecording_cut.wav,2.75,0.957427108,0.938278566,4
30135647_MinPolqaSfbRecording_cut.wav,2.0,1.414213562,1.385929291,4
29541569_MinPolqaSfbRecording_cut.wav,1.25,0.5,0.49,4
30128890_MinPolqaSfbRecording_cut.wav,3.5,0.577350269,0.565803264,4
28583361_MinPolqaSfbRecording_cut.wav,4.25,0.957427108,0.938278566,4
30435337_MinPolqaSfbRecording_cut.wav,3.0,0.0,0.0,4
30092124_MinPolqaSfbRecording_cut.wav,1.5,1.0,0.98,4
30527636_MinPolqaSfbRecording_cut.wav,2.75,0.5,0.49,4
30176180_MinPolqaSfbRecording_cut.wav,3.75,0.5,0.49,4
30201427_MinPolqaSfbRecording_cut.wav,3.2,0.836660027,0.733364848,5
28938070_MinPolqaSfbRecording_cut.wav,3.8,1.095445115,0.960199979,5
30092660_MinPolqaSfbRecording_cut.wav,3.0,1.0,0.876538647,5
29545108_MinPolqaSfbRecording_cut.wav,2.0,1.0,0.876538647,5
30199075_MinPolqaSfbRecording_cut.wav,3.0,0.707106781,0.619806421,5
30179208_MinPolqaSfbRecording_cut.wav,2.6,1.140175425,0.999407825,5
30530997_MinPolqaSfbRecording_cut.wav,3.2,0.836660027,0.733364848,5
27883378_MinPolqaSfbRecording_cut.wav,3.6,1.516575089,1.329336677,5
30497684_MinPolqaSfbRecording_cut.wav,3.4,0.894427191,0.784,5
30429485_MinPolqaSfbRecording_cut.wav,3.25,1.258305739,1.233139624,4
30469017_MinPolqaSfbRecording_cut.wav,2.25,0.957427108,0.938278566,4
30263845_MinPolqaSfbRecording_cut.wav,2.5,1.0,0.98,4
30131929_MinPolqaSfbRecording_cut.wav,3.5,1.290994449,1.26517456,4
30429722_MinPolqaSfbRecording_cut.wav,4.0,0.816496581,0.800166649,4
30415114_MinPolqaSfbRecording_cut.wav,1.25,0.5,0.49,4
30488036_MinPolqaSfbRecording_cut.wav,1.75,1.5,1.47,4
30084935_MinPolqaSfbRecording_cut.wav,2.0,1.732050808,1.518209472,5
30155225_MinPolqaSfbRecording_cut.wav,3.2,0.836660027,0.733364848,5
28286375_MinPolqaSfbRecording_cut.wav,4.2,0.836660027,0.733364848,5
30527223_MinPolqaSfbRecording_cut.wav,3.4,0.547722558,0.48009999,5
29531973_MinPolqaSfbRecording_cut.wav,2.2,1.095445115,0.960199979,5
30212038_MinPolqaSfbRecording_cut.wav,2.2,1.643167673,1.440299969,5
28869399_MinPolqaSfbRecording_cut.wav,3.4,0.547722558,0.48009999,5
30469667_MinPolqaSfbRecording_cut.wav,2.6,1.140175425,0.999407825,5
30082317_MinPolqaSfbRecording_cut.wav,2.6,1.140175425,0.999407825,5
30421058_MinPolqaSfbRecording_cut.wav,2.4,1.673320053,1.466729696,5
30255774_MinPolqaSfbRecording_cut.wav,3.75,0.957427108,0.938278566,4
30251606_MinPolqaSfbRecording_cut.wav,4.0,0.816496581,0.800166649,4
30487606_MinPolqaSfbRecording_cut.wav,3.5,1.0,0.98,4
30486431_MinPolqaSfbRecording_cut.wav,3.75,1.258305739,1.233139624,4
30093061_MinPolqaSfbRecording_cut.wav,3.25,1.258305739,1.233139624,4
30463263_MinPolqaSfbRecording_cut.wav,4.0,0.816496581,0.800166649,4
30178380_MinPolqaSfbRecording_cut.wav,4.25,0.957427108,0.938278566,4
30504605_MinPolqaSfbRecording_cut.wav,3.25,1.5,1.47,4
30098732_MinPolqaSfbRecording_cut.wav,3.0,1.414213562,1.385929291,4
27937228_MinPolqaSfbRecording_cut.wav,4.0,0.0,0.0,4
28066521_MinPolqaSfbRecording_cut.wav,3.75,0.957427108,0.938278566,4
30438151_MinPolqaSfbRecording_cut.wav,1.0,0.0,0.0,4
28241382_MinPolqaSfbRecording_cut.wav,3.25,0.5,0.49,4
30118227_MinPolqaSfbRecording_cut.wav,3.25,1.258305739,1.233139624,4
28249854_MinPolqaSfbRecording_cut.wav,3.75,0.957427108,0.938278566,4
30435982_MinPolqaSfbRecording_cut.wav,3.25,0.5,0.49,4
30097661_MinPolqaSfbRecording_cut.wav,1.5,0.577350269,0.565803264,4
30143055_MinPolqaSfbRecording_cut.wav,3.0,0.0,0.0,3
30473917_MinPolqaSfbRecording_cut.wav,3.666666667,1.154700538,1.306666667,3
30144476_MinPolqaSfbRecording_cut.wav,2.333333333,0.577350269,0.653333333,3
30455409_MinPolqaSfbRecording_cut.wav,2.0,1.0,1.131606528,3
30097233_MinPolqaSfbRecording_cut.wav,2.333333333,0.577350269,0.653333333,3
30069483_MinPolqaSfbRecording_cut.wav,3.666666667,1.154700538,1.306666667,3
30112804_MinPolqaSfbRecording_cut.wav,4.333333333,0.577350269,0.653333333,3
30102918_MinPolqaSfbRecording_cut.wav,4.0,1.0,1.131606528,3
30169292_MinPolqaSfbRecording_cut.wav,2.333333333,0.577350269,0.653333333,3
28704395_MinPolqaSfbRecording_cut.wav,3.5,0.577350269,0.565803264,4
29539286_MinPolqaSfbRecording_cut.wav,4.0,0.816496581,0.800166649,4
27603743_MinPolqaSfbRecording_cut.wav,4.5,0.577350269,0.565803264,4
30254653_MinPolqaSfbRecording_cut.wav,4.75,0.5,0.49,4
30088924_MinPolqaSfbRecording_cut.wav,2.75,1.258305739,1.233139624,4
30061943_MinPolqaSfbRecording_cut.wav,3.5,0.577350269,0.565803264,4
30482539_MinPolqaSfbRecording_cut.wav,4.5,0.577350269,0.565803264,4
27894242_MinPolqaSfbRecording_cut.wav,3.666666667,0.577350269,0.653333333,3
30471499_MinPolqaSfbRecording_cut.wav,1.666666667,0.577350269,0.653333333,3
30109730_MinPolqaSfbRecording_cut.wav,4.333333333,1.154700538,1.306666667,3
30507534_MinPolqaSfbRecording_cut.wav,2.333333333,1.154700538,1.306666667,3
30527650_MinPolqaSfbRecording_cut.wav,3.666666667,0.577350269,0.653333333,3
30083378_MinPolqaSfbRecording_cut.wav,2.0,1.0,1.131606528,3
30469571_MinPolqaSfbRecording_cut.wav,1.666666667,0.577350269,0.653333333,3
30145247_MinPolqaSfbRecording_cut.wav,2.666666667,0.577350269,0.653333333,3
27597350_MinPolqaSfbRecording_cut.wav,3.75,0.957427108,0.938278566,4
30159571_MinPolqaSfbRecording_cut.wav,3.75,0.5,0.49,4
30519933_MinPolqaSfbRecording_cut.wav,2.75,0.5,0.49,4
30256745_MinPolqaSfbRecording_cut.wav,3.5,0.577350269,0.565803264,4
30467123_MinPolqaSfbRecording_cut.wav,4.5,0.577350269,0.565803264,4
30165938_MinPolqaSfbRecording_cut.wav,3.4,1.516575089,1.329336677,5
30100033_MinPolqaSfbRecording_cut.wav,2.2,1.095445115,0.960199979,5
28139887_MinPolqaSfbRecording_cut.wav,4.0,0.707106781,0.619806421,5
30071247_MinPolqaSfbRecording_cut.wav,2.8,0.836660027,0.733364848,5
28819226_MinPolqaSfbRecording_cut.wav,3.6,1.140175425,0.999407825,5
30185717_MinPolqaSfbRecording_cut.wav,2.0,1.224744871,1.073536213,5
30527500_MinPolqaSfbRecording_cut.wav,2.8,1.095445115,0.960199979,5
30076619_MinPolqaSfbRecording_cut.wav,2.0,0.707106781,0.619806421,5
30107845_MinPolqaSfbRecording_cut.wav,2.0,1.0,0.876538647,5
30423997_MinPolqaSfbRecording_cut.wav,2.8,0.447213595,0.392,5
30261749_MinPolqaSfbRecording_cut.wav,2.6,1.140175425,0.999407825,5
28510439_MinPolqaSfbRecording_cut.wav,3.8,0.836660027,0.733364848,5
30121792_MinPolqaSfbRecording_cut.wav,2.8,0.836660027,0.733364848,5
30154248_MinPolqaSfbRecording_cut.wav,2.8,0.836660027,0.733364848,5
30522728_MinPolqaSfbRecording_cut.wav,2.4,0.894427191,0.784,5
28340618_MinPolqaSfbRecording_cut.wav,4.2,0.836660027,0.733364848,5
30064436_MinPolqaSfbRecording_cut.wav,2.4,1.140175425,0.999407825,5
30466861_MinPolqaSfbRecording_cut.wav,1.6,0.894427191,0.784,5
30090825_MinPolqaSfbRecording_cut.wav,3.8,0.836660027,0.733364848,5
30142536_MinPolqaSfbRecording_cut.wav,2.8,1.303840481,1.142866571,5
30160847_MinPolqaSfbRecording_cut.wav,2.0,0.707106781,0.619806421,5
30506898_MinPolqaSfbRecording_cut.wav,2.6,1.140175425,0.999407825,5
30173612_MinPolqaSfbRecording_cut.wav,2.6,0.894427191,0.784,5
30087319_MinPolqaSfbRecording_cut.wav,3.5,0.707106781,0.98,2
30192682_MinPolqaSfbRecording_cut.wav,4.0,0.0,0.0,2
30432896_MinPolqaSfbRecording_cut.wav,2.0,0.0,0.0,2
30118442_MinPolqaSfbRecording_cut.wav,4.0,1.414213562,1.96,2
30105301_MinPolqaSfbRecording_cut.wav,3.5,0.707106781,0.98,2
27694164_MinPolqaSfbRecording_cut.wav,4.0,0.0,0.0,2
30442538_MinPolqaSfbRecording_cut.wav,3.0,0.0,0.0,2
29544296_MinPolqaSfbRecording_cut.wav,3.0,0.0,0.0,2
30470133_MinPolqaSfbRecording_cut.wav,4.0,0.0,0.0,2
30433886_MinPolqaSfbRecording_cut.wav,3.2,1.303840481,1.142866571,5
27726915_MinPolqaSfbRecording_cut.wav,3.0,0.707106781,0.619806421,5
30262721_MinPolqaSfbRecording_cut.wav,4.0,0.707106781,0.619806421,5
30122607_MinPolqaSfbRecording_cut.wav,4.0,0.707106781,0.619806421,5
28455592_MinPolqaSfbRecording_cut.wav,3.6,0.547722558,0.48009999,5
27673121_MinPolqaSfbRecording_cut.wav,4.0,0.707106781,0.619806421,5
30102896_MinPolqaSfbRecording_cut.wav,4.4,0.547722558,0.48009999,5
30493226_MinPolqaSfbRecording_cut.wav,2.8,0.836660027,0.733364848,5
30471735_MinPolqaSfbRecording_cut.wav,2.333333333,1.527525232,1.728557523,3
30089273_MinPolqaSfbRecording_cut.wav,3.0,1.0,1.131606528,3
27771965_MinPolqaSfbRecording_cut.wav,4.333333333,0.577350269,0.653333333,3
30142938_MinPolqaSfbRecording_cut.wav,2.333333333,1.154700538,1.306666667,3
30472798_MinPolqaSfbRecording_cut.wav,1.666666667,0.577350269,0.653333333,3
27733144_MinPolqaSfbRecording_cut.wav,4.0,0.0,0.0,3
30104260_MinPolqaSfbRecording_cut.wav,2.333333333,1.527525232,1.728557523,3
30067960_MinPolqaSfbRecording_cut.wav,2.666666667,0.577350269,0.653333333,3
28352363_MinPolqaSfbRecording_cut.wav,4.4,0.547722558,0.48009999,5
30531995_MinPolqaSfbRecording_cut.wav,3.4,0.894427191,0.784,5
30506153_MinPolqaSfbRecording_cut.wav,4.0,0.707106781,0.619806421,5
30124542_MinPolqaSfbRecording_cut.wav,1.8,0.836660027,0.733364848,5
30149943_MinPolqaSfbRecording_cut.wav,4.0,0.707106781,0.619806421,5
30189608_MinPolqaSfbRecording_cut.wav,3.0,1.224744871,1.073536213,5
28288690_MinPolqaSfbRecording_cut.wav,4.2,0.447213595,0.392,5
30168773_MinPolqaSfbRecording_cut.wav,4.0,1.0,0.876538647,5
29533930_MinPolqaSfbRecording_cut.wav,2.6,1.140175425,0.999407825,5
30059405_MinPolqaSfbRecording_cut.wav,2.0,1.0,0.876538647,5
30092758_MinPolqaSfbRecording_cut.wav,3.2,0.836660027,0.733364848,5
30173904_MinPolqaSfbRecording_cut.wav,2.8,1.303840481,1.142866571,5
30503025_MinPolqaSfbRecording_cut.wav,2.4,1.341640786,1.176,5
30113546_MinPolqaSfbRecording_cut.wav,1.8,0.836660027,0.733364848,5
30457157_MinPolqaSfbRecording_cut.wav,3.4,1.140175425,0.999407825,5
30137533_MinPolqaSfbRecording_cut.wav,3.666666667,0.577350269,0.653333333,3
30490470_MinPolqaSfbRecording_cut.wav,3.333333333,0.577350269,0.653333333,3
30518628_MinPolqaSfbRecording_cut.wav,3.333333333,0.577350269,0.653333333,3
30150517_MinPolqaSfbRecording_cut.wav,2.0,0.0,0.0,3
28826756_MinPolqaSfbRecording_cut.wav,4.666666667,0.577350269,0.653333333,3
30091296_MinPolqaSfbRecording_cut.wav,1.0,0.0,0.0,3
30126957_MinPolqaSfbRecording_cut.wav,3.333333333,0.577350269,0.653333333,3
30096520_MinPolqaSfbRecording_cut.wav,3.0,0.0,0.0,3
28632376_MinPolqaSfbRecording_cut.wav,4.666666667,0.577350269,0.653333333,3
30511448_MinPolqaSfbRecording_cut.wav,3.666666667,0.577350269,0.653333333,3
30259593_MinPolqaSfbRecording_cut.wav,2.0,0.816496581,0.800166649,4
30401921_MinPolqaSfbRecording_cut.wav,3.0,0.816496581,0.800166649,4
30171470_MinPolqaSfbRecording_cut.wav,3.5,1.290994449,1.26517456,4
30256216_MinPolqaSfbRecording_cut.wav,2.25,0.957427108,0.938278566,4
30100187_MinPolqaSfbRecording_cut.wav,2.0,0.816496581,0.800166649,4
30120328_MinPolqaSfbRecording_cut.wav,3.75,1.258305739,1.233139624,4
30431712_MinPolqaSfbRecording_cut.wav,2.75,1.258305739,1.233139624,4
30078948_MinPolqaSfbRecording_cut.wav,3.75,0.957427108,0.938278566,4
30200320_MinPolqaSfbRecording_cut.wav,2.75,0.957427108,0.938278566,4
30428064_MinPolqaSfbRecording_cut.wav,1.0,0.0,0.0,4
30212051_MinPolqaSfbRecording_cut.wav,1.5,0.577350269,0.565803264,4
30090473_MinPolqaSfbRecording_cut.wav,2.0,0.816496581,0.800166649,4
30082568_MinPolqaSfbRecording_cut.wav,3.25,0.957427108,0.938278566,4
29530669_MinPolqaSfbRecording_cut.wav,3.0,1.414213562,1.385929291,4
30148968_MinPolqaSfbRecording_cut.wav,2.75,0.5,0.49,4
30460921_MinPolqaSfbRecording_cut.wav,2.75,0.5,0.49,4
30176844_MinPolqaSfbRecording_cut.wav,2.0,0.816496581,0.800166649,4
30130055_MinPolqaSfbRecording_cut.wav,2.0,0.816496581,0.800166649,4
30138275_MinPolqaSfbRecording_cut.wav,3.25,0.957427108,0.938278566,4
30258887_MinPolqaSfbRecording_cut.wav,4.25,0.5,0.49,4
30468589_MinPolqaSfbRecording_cut.wav,3.0,0.816496581,0.800166649,4
27765051_MinPolqaSfbRecording_cut.wav,4.5,0.577350269,0.565803264,4
30439778_MinPolqaSfbRecording_cut.wav,3.75,0.5,0.49,4
29532564_MinPolqaSfbRecording_cut.wav,3.75,0.957427108,0.938278566,4
30413738_MinPolqaSfbRecording_cut.wav,2.8,0.836660027,0.733364848,5
30469560_MinPolqaSfbRecording_cut.wav,4.0,0.707106781,0.619806421,5
30526714_MinPolqaSfbRecording_cut.wav,2.2,1.095445115,0.960199979,5
30161842_MinPolqaSfbRecording_cut.wav,2.6,1.140175425,0.999407825,5
30149004_MinPolqaSfbRecording_cut.wav,2.8,0.836660027,0.733364848,5
30183074_MinPolqaSfbRecording_cut.wav,3.0,0.707106781,0.619806421,5
27757323_MinPolqaSfbRecording_cut.wav,3.2,0.447213595,0.392,5
30424551_MinPolqaSfbRecording_cut.wav,2.2,0.447213595,0.392,5
30402625_MinPolqaSfbRecording_cut.wav,1.6,0.547722558,0.48009999,5
28892626_MinPolqaSfbRecording_cut.wav,4.4,0.547722558,0.48009999,5
30487412_MinPolqaSfbRecording_cut.wav,2.8,1.095445115,0.960199979,5
28460568_MinPolqaSfbRecording_cut.wav,3.4,0.547722558,0.48009999,5
25840147_MinPolqaSfbRecording_cut.wav,4.4,0.894427191,0.784,5
30063517_MinPolqaSfbRecording_cut.wav,2.4,0.894427191,0.784,5
30153845_MinPolqaSfbRecording_cut.wav,3.4,1.516575089,1.329336677,5
30075532_MinPolqaSfbRecording_cut.wav,2.2,0.836660027,0.733364848,5
28045965_MinPolqaSfbRecording_cut.wav,4.8,0.447213595,0.392,5
30442713_MinPolqaSfbRecording_cut.wav,4.4,0.894427191,0.784,5
30151764_MinPolqaSfbRecording_cut.wav,1.6,0.894427191,0.784,5
29542843_MinPolqaSfbRecording_cut.wav,3.8,0.447213595,0.392,5
27957584_MinPolqaSfbRecording_cut.wav,3.4,0.547722558,0.48009999,5
30519621_MinPolqaSfbRecording_cut.wav,3.4,0.547722558,0.48009999,5
30491345_MinPolqaSfbRecording_cut.wav,2.8,0.836660027,0.733364848,5
28904762_MinPolqaSfbRecording_cut.wav,4.8,0.447213595,0.392,5
30256809_MinPolqaSfbRecording_cut.wav,2.666666667,1.527525232,1.728557523,3
28635477_MinPolqaSfbRecording_cut.wav,4.0,1.0,1.131606528,3
27821818_MinPolqaSfbRecording_cut.wav,2.0,0.0,0.0,3
28986531_MinPolqaSfbRecording_cut.wav,4.0,1.0,1.131606528,3
28507020_MinPolqaSfbRecording_cut.wav,4.0,1.0,1.131606528,3
30529297_MinPolqaSfbRecording_cut.wav,3.333333333,1.527525232,1.728557523,3
30112946_MinPolqaSfbRecording_cut.wav,1.333333333,0.577350269,0.653333333,3
30068874_MinPolqaSfbRecording_cut.wav,2.0,1.414213562,1.239612843,5
27956740_MinPolqaSfbRecording_cut.wav,4.0,0.707106781,0.619806421,5
30432159_MinPolqaSfbRecording_cut.wav,2.8,1.095445115,0.960199979,5
30155622_MinPolqaSfbRecording_cut.wav,3.8,0.836660027,0.733364848,5
28617029_MinPolqaSfbRecording_cut.wav,4.6,0.547722558,0.48009999,5
30213337_MinPolqaSfbRecording_cut.wav,4.0,0.707106781,0.619806421,5
30529668_MinPolqaSfbRecording_cut.wav,4.2,1.303840481,1.142866571,5
30469986_MinPolqaSfbRecording_cut.wav,3.8,0.836660027,0.733364848,5
30485310_MinPolqaSfbRecording_cut.wav,4.25,0.957427108,0.938278566,4
30402585_MinPolqaSfbRecording_cut.wav,1.5,0.577350269,0.565803264,4
30528688_MinPolqaSfbRecording_cut.wav,3.75,1.258305739,1.233139624,4
30104117_MinPolqaSfbRecording_cut.wav,4.25,0.957427108,0.938278566,4
28199256_MinPolqaSfbRecording_cut.wav,3.75,0.5,0.49,4
30147023_MinPolqaSfbRecording_cut.wav,1.25,0.5,0.49,4
30469823_MinPolqaSfbRecording_cut.wav,1.75,0.5,0.49,4
30082530_MinPolqaSfbRecording_cut.wav,3.25,0.5,0.49,4
28629675_MinPolqaSfbRecording_cut.wav,4.0,0.816496581,0.800166649,4
30064816_MinPolqaSfbRecording_cut.wav,4.25,0.957427108,0.938278566,4
28889874_MinPolqaSfbRecording_cut.wav,3.75,0.5,0.49,4
30183036_MinPolqaSfbRecording_cut.wav,3.5,1.290994449,1.26517456,4
29048851_MinPolqaSfbRecording_cut.wav,4.0,0.816496581,0.800166649,4
30414153_MinPolqaSfbRecording_cut.wav,1.75,0.5,0.49,4
29540337_MinPolqaSfbRecording_cut.wav,2.5,1.290994449,1.26517456,4
30492481_MinPolqaSfbRecording_cut.wav,3.75,1.258305739,1.233139624,4
30258696_MinPolqaSfbRecording_cut.wav,3.0,0.816496581,0.800166649,4
30155744_MinPolqaSfbRecording_cut.wav,2.5,0.577350269,0.565803264,4
30406563_MinPolqaSfbRecording_cut.wav,3.25,0.5,0.49,4
30107909_MinPolqaSfbRecording_cut.wav,2.0,0.816496581,0.800166649,4
30092652_MinPolqaSfbRecording_cut.wav,4.0,0.0,0.0,4
30107430_MinPolqaSfbRecording_cut.wav,2.25,0.5,0.49,4
30126241_MinPolqaSfbRecording_cut.wav,3.75,0.5,0.49,4
28851750_MinPolqaSfbRecording_cut.wav,4.25,0.5,0.49,4
28921333_MinPolqaSfbRecording_cut.wav,4.5,0.577350269,0.565803264,4
28801463_MinPolqaSfbRecording_cut.wav,4.25,0.957427108,0.938278566,4
30258338_MinPolqaSfbRecording_cut.wav,3.5,0.707106781,0.98,2
30180245_MinPolqaSfbRecording_cut.wav,4.5,0.707106781,0.98,2
27916672_MinPolqaSfbRecording_cut.wav,4.5,0.707106781,0.98,2
30147135_MinPolqaSfbRecording_cut.wav,2.5,0.707106781,0.98,2
30095775_MinPolqaSfbRecording_cut.wav,2.5,0.707106781,0.98,2
30148046_MinPolqaSfbRecording_cut.wav,3.5,0.707106781,0.98,2
30087180_MinPolqaSfbRecording_cut.wav,3.0,0.0,0.0,2
30409364_MinPolqaSfbRecording_cut.wav,4.0,0.0,0.0,2
30123631_MinPolqaSfbRecording_cut.wav,4.5,0.707106781,0.98,2
30512781_MinPolqaSfbRecording_cut.wav,4.0,0.0,0.0,2
30403155_MinPolqaSfbRecording_cut.wav,1.2,0.447213595,0.392,5
30483755_MinPolqaSfbRecording_cut.wav,4.0,0.707106781,0.619806421,5
30466438_MinPolqaSfbRecording_cut.wav,4.0,0.707106781,0.619806421,5
30142950_MinPolqaSfbRecording_cut.wav,4.0,0.0,0.0,5
30478506_MinPolqaSfbRecording_cut.wav,2.2,0.447213595,0.392,5
27924946_MinPolqaSfbRecording_cut.wav,4.4,0.547722558,0.48009999,5
27642789_MinPolqaSfbRecording_cut.wav,4.2,0.836660027,0.733364848,5
30483781_MinPolqaSfbRecording_cut.wav,2.0,1.0,0.876538647,5
30128374_MinPolqaSfbRecording_cut.wav,3.4,1.140175425,0.999407825,5
30522048_MinPolqaSfbRecording_cut.wav,3.2,1.095445115,0.960199979,5
30514640_MinPolqaSfbRecording_cut.wav,2.0,0.707106781,0.619806421,5
30468191_MinPolqaSfbRecording_cut.wav,2.6,0.547722558,0.48009999,5
30196042_MinPolqaSfbRecording_cut.wav,1.2,0.447213595,0.392,5
30150301_MinPolqaSfbRecording_cut.wav,4.2,1.095445115,0.960199979,5
28757962_MinPolqaSfbRecording_cut.wav,3.6,0.547722558,0.48009999,5
30087134_MinPolqaSfbRecording_cut.wav,2.4,1.140175425,0.999407825,5
30453490_MinPolqaSfbRecording_cut.wav,4.0,0.0,0.0,3
30067553_MinPolqaSfbRecording_cut.wav,2.0,1.732050808,1.96,3
30150270_MinPolqaSfbRecording_cut.wav,3.333333333,1.527525232,1.728557523,3
30066255_MinPolqaSfbRecording_cut.wav,3.333333333,0.577350269,0.653333333,3
30460757_MinPolqaSfbRecording_cut.wav,3.333333333,0.577350269,0.653333333,3
30166334_MinPolqaSfbRecording_cut.wav,2.0,0.0,0.0,3
30262747_MinPolqaSfbRecording_cut.wav,2.0,0.0,0.0,3
30135865_MinPolqaSfbRecording_cut.wav,1.333333333,0.577350269,0.653333333,3
30462288_MinPolqaSfbRecording_cut.wav,2.2,0.447213595,0.392,5
30096906_MinPolqaSfbRecording_cut.wav,2.4,0.547722558,0.48009999,5
30497044_MinPolqaSfbRecording_cut.wav,2.2,0.447213595,0.392,5
30166921_MinPolqaSfbRecording_cut.wav,3.2,0.447213595,0.392,5
30490483_MinPolqaSfbRecording_cut.wav,3.8,0.836660027,0.733364848,5
30123365_MinPolqaSfbRecording_cut.wav,2.8,0.836660027,0.733364848,5
29532215_MinPolqaSfbRecording_cut.wav,3.8,0.836660027,0.733364848,5
30079403_MinPolqaSfbRecording_cut.wav,3.8,0.836660027,0.733364848,5
30455468_MinPolqaSfbRecording_cut.wav,3.2,1.095445115,0.960199979,5
30412720_MinPolqaSfbRecording_cut.wav,3.6,0.547722558,0.48009999,5
30471253_MinPolqaSfbRecording_cut.wav,3.8,0.836660027,0.733364848,5
30171437_MinPolqaSfbRecording_cut.wav,4.0,1.0,0.876538647,5
30110594_MinPolqaSfbRecording_cut.wav,3.4,0.547722558,0.48009999,5
30159116_MinPolqaSfbRecording_cut.wav,3.8,1.095445115,0.960199979,5
30487918_MinPolqaSfbRecording_cut.wav,4.2,0.836660027,0.733364848,5
29035281_MinPolqaSfbRecording_cut.wav,4.4,0.547722558,0.48009999,5
30106414_MinPolqaSfbRecording_cut.wav,3.333333333,1.154700538,1.306666667,3
30527109_MinPolqaSfbRecording_cut.wav,4.0,0.0,0.0,3
28212894_MinPolqaSfbRecording_cut.wav,4.333333333,0.577350269,0.653333333,3
30119684_MinPolqaSfbRecording_cut.wav,4.333333333,0.577350269,0.653333333,3
28119552_MinPolqaSfbRecording_cut.wav,4.0,0.0,0.0,3
30262249_MinPolqaSfbRecording_cut.wav,3.333333333,0.577350269,0.653333333,3
30201349_MinPolqaSfbRecording_cut.wav,3.666666667,0.577350269,0.653333333,3
30410930_MinPolqaSfbRecording_cut.wav,2.666666667,1.527525232,1.728557523,3
30460808_MinPolqaSfbRecording_cut.wav,4.0,0.0,0.0,3
30177535_MinPolqaSfbRecording_cut.wav,3.8,0.447213595,0.392,5
30202546_MinPolqaSfbRecording_cut.wav,2.8,1.303840481,1.142866571,5
30106792_MinPolqaSfbRecording_cut.wav,1.6,1.341640786,1.176,5
30169633_MinPolqaSfbRecording_cut.wav,2.0,1.224744871,1.073536213,5
30102724_MinPolqaSfbRecording_cut.wav,3.4,1.140175425,0.999407825,5
30521820_MinPolqaSfbRecording_cut.wav,3.4,0.894427191,0.784,5
30520362_MinPolqaSfbRecording_cut.wav,3.6,0.894427191,0.784,5
30252414_MinPolqaSfbRecording_cut.wav,2.0,1.224744871,1.073536213,5
27845964_MinPolqaSfbRecording_cut.wav,4.666666667,0.577350269,0.653333333,3
30141811_MinPolqaSfbRecording_cut.wav,2.666666667,0.577350269,0.653333333,3
30164290_MinPolqaSfbRecording_cut.wav,4.0,0.0,0.0,3
30412076_MinPolqaSfbRecording_cut.wav,4.0,0.0,0.0,3
30121739_MinPolqaSfbRecording_cut.wav,4.0,1.0,1.131606528,3
30127811_MinPolqaSfbRecording_cut.wav,2.333333333,0.577350269,0.653333333,3
27946503_MinPolqaSfbRecording_cut.wav,4.0,1.0,1.131606528,3
27691580_MinPolqaSfbRecording_cut.wav,3.75,0.5,0.49,4
30529161_MinPolqaSfbRecording_cut.wav,4.0,0.816496581,0.800166649,4
30496355_MinPolqaSfbRecording_cut.wav,2.25,0.957427108,0.938278566,4
30484307_MinPolqaSfbRecording_cut.wav,4.0,0.816496581,0.800166649,4
30428039_MinPolqaSfbRecording_cut.wav,3.0,1.414213562,1.385929291,4
30428996_MinPolqaSfbRecording_cut.wav,3.75,1.258305739,1.233139624,4
28192351_MinPolqaSfbRecording_cut.wav,4.5,0.577350269,0.565803264,4
30082135_MinPolqaSfbRecording_cut.wav,3.75,0.5,0.49,4
30084813_MinPolqaSfbRecording_cut.wav,2.25,0.957427108,0.938278566,4
30128147_MinPolqaSfbRecording_cut.wav,2.4,0.894427191,0.784,5
30489681_MinPolqaSfbRecording_cut.wav,3.4,0.547722558,0.48009999,5
30485145_MinPolqaSfbRecording_cut.wav,1.6,0.894427191,0.784,5
30103951_MinPolqaSfbRecording_cut.wav,3.2,0.836660027,0.733364848,5
30200819_MinPolqaSfbRecording_cut.wav,2.6,0.894427191,0.784,5
30122964_MinPolqaSfbRecording_cut.wav,2.8,0.836660027,0.733364848,5
30104647_MinPolqaSfbRecording_cut.wav,1.8,1.303840481,1.142866571,5
30521004_MinPolqaSfbRecording_cut.wav,2.4,0.547722558,0.48009999,5
30210896_MinPolqaSfbRecording_cut.wav,2.666666667,0.577350269,0.653333333,3
30429795_MinPolqaSfbRecording_cut.wav,2.0,1.0,1.131606528,3
30066335_MinPolqaSfbRecording_cut.wav,2.333333333,0.577350269,0.653333333,3
28136339_MinPolqaSfbRecording_cut.wav,3.333333333,0.577350269,0.653333333,3
28888426_MinPolqaSfbRecording_cut.wav,4.666666667,0.577350269,0.653333333,3
27723474_MinPolqaSfbRecording_cut.wav,4.666666667,0.577350269,0.653333333,3
28250770_MinPolqaSfbRecording_cut.wav,5.0,0.0,0.0,3
30169274_MinPolqaSfbRecording_cut.wav,4.0,1.0,1.131606528,3
30071198_MinPolqaSfbRecording_cut.wav,3.666666667,0.577350269,0.653333333,3
27852694_MinPolqaSfbRecording_cut.wav,3.666666667,0.577350269,0.653333333,3
30161633_MinPolqaSfbRecording_cut.wav,4.333333333,1.154700538,1.306666667,3
29000184_MinPolqaSfbRecording_cut.wav,4.0,1.0,1.131606528,3
30452089_MinPolqaSfbRecording_cut.wav,1.0,0.0,0.0,3
28836697_MinPolqaSfbRecording_cut.wav,4.333333333,0.577350269,0.653333333,3
30060713_MinPolqaSfbRecording_cut.wav,3.666666667,1.527525232,1.728557523,3
30087021_MinPolqaSfbRecording_cut.wav,1.666666667,0.577350269,0.653333333,3
30412722_MinPolqaSfbRecording_cut.wav,3.0,1.0,1.131606528,3
27972141_MinPolqaSfbRecording_cut.wav,4.333333333,0.577350269,0.653333333,3
30129830_MinPolqaSfbRecording_cut.wav,3.0,0.0,0.0,5
30100539_MinPolqaSfbRecording_cut.wav,1.6,0.894427191,0.784,5
30530006_MinPolqaSfbRecording_cut.wav,1.2,0.447213595,0.392,5
30171325_MinPolqaSfbRecording_cut.wav,3.2,0.836660027,0.733364848,5
30189606_MinPolqaSfbRecording_cut.wav,2.6,0.547722558,0.48009999,5
30097849_MinPolqaSfbRecording_cut.wav,2.6,0.894427191,0.784,5
27781996_MinPolqaSfbRecording_cut.wav,2.6,0.547722558,0.48009999,5
30253365_MinPolqaSfbRecording_cut.wav,2.0,0.707106781,0.619806421,5
28169888_MinPolqaSfbRecording_cut.wav,4.4,0.547722558,0.48009999,5
30258500_MinPolqaSfbRecording_cut.wav,3.0,1.58113883,1.385929291,5
30162424_MinPolqaSfbRecording_cut.wav,2.0,1.0,0.876538647,5
30109869_MinPolqaSfbRecording_cut.wav,2.2,1.095445115,0.960199979,5
30108276_MinPolqaSfbRecording_cut.wav,3.6,0.547722558,0.48009999,5
29538210_MinPolqaSfbRecording_cut.wav,3.0,1.0,0.876538647,5
30120293_MinPolqaSfbRecording_cut.wav,3.0,1.0,1.131606528,3
29539271_MinPolqaSfbRecording_cut.wav,3.333333333,0.577350269,0.653333333,3
30431640_MinPolqaSfbRecording_cut.wav,1.666666667,0.577350269,0.653333333,3
30208886_MinPolqaSfbRecording_cut.wav,2.333333333,0.577350269,0.653333333,3
29534915_MinPolqaSfbRecording_cut.wav,3.333333333,1.154700538,1.306666667,3
27572684_MinPolqaSfbRecording_cut.wav,3.0,0.0,0.0,3
30105401_MinPolqaSfbRecording_cut.wav,3.0,0.0,0.0,3
30407970_MinPolqaSfbRecording_cut.wav,1.333333333,0.577350269,0.653333333,3
30430856_MinPolqaSfbRecording_cut.wav,3.2,0.836660027,0.733364848,5
30103836_MinPolqaSfbRecording_cut.wav,2.6,1.140175425,0.999407825,5
30090118_MinPolqaSfbRecording_cut.wav,3.8,0.836660027,0.733364848,5
28975622_MinPolqaSfbRecording_cut.wav,4.2,0.447213595,0.392,5
29530332_MinPolqaSfbRecording_cut.wav,2.0,0.707106781,0.619806421,5
30470201_MinPolqaSfbRecording_cut.wav,1.6,0.547722558,0.48009999,5
30188874_MinPolqaSfbRecording_cut.wav,3.6,0.547722558,0.48009999,5
30099229_MinPolqaSfbRecording_cut.wav,1.2,0.447213595,0.392,5
28036744_MinPolqaSfbRecording_cut.wav,4.8,0.447213595,0.392,5
30202149_MinPolqaSfbRecording_cut.wav,3.2,0.836660027,0.733364848,5
30491834_MinPolqaSfbRecording_cut.wav,3.5,1.290994449,1.26517456,4
30509779_MinPolqaSfbRecording_cut.wav,2.5,1.290994449,1.26517456,4
30198240_MinPolqaSfbRecording_cut.wav,2.5,1.290994449,1.26517456,4
30431142_MinPolqaSfbRecording_cut.wav,3.0,0.816496581,0.800166649,4
30142058_MinPolqaSfbRecording_cut.wav,3.25,1.258305739,1.233139624,4
27898218_MinPolqaSfbRecording_cut.wav,4.0,0.816496581,0.800166649,4
30076323_MinPolqaSfbRecording_cut.wav,2.5,1.0,0.98,4
30430361_MinPolqaSfbRecording_cut.wav,1.5,1.0,0.98,4
30522884_MinPolqaSfbRecording_cut.wav,2.75,0.957427108,0.938278566,4
30097497_MinPolqaSfbRecording_cut.wav,3.4,0.547722558,0.48009999,5
30474708_MinPolqaSfbRecording_cut.wav,3.2,0.836660027,0.733364848,5
28167024_MinPolqaSfbRecording_cut.wav,3.4,0.894427191,0.784,5
29539755_MinPolqaSfbRecording_cut.wav,2.0,1.414213562,1.239612843,5
29530700_MinPolqaSfbRecording_cut.wav,2.2,0.836660027,0.733364848,5
30081174_MinPolqaSfbRecording_cut.wav,3.8,1.095445115,0.960199979,5
30083389_MinPolqaSfbRecording_cut.wav,3.2,0.836660027,0.733364848,5
28027057_MinPolqaSfbRecording_cut.wav,3.75,0.957427108,0.938278566,4
27620005_MinPolqaSfbRecording_cut.wav,3.5,1.0,0.98,4
30185286_MinPolqaSfbRecording_cut.wav,3.75,0.957427108,0.938278566,4
30209178_MinPolqaSfbRecording_cut.wav,3.0,1.632993162,1.600333299,4
30416866_MinPolqaSfbRecording_cut.wav,2.25,1.258305739,1.233139624,4
30252492_MinPolqaSfbRecording_cut.wav,2.5,1.0,0.98,4
30136817_MinPolqaSfbRecording_cut.wav,2.75,0.5,0.49,4
30255922_MinPolqaSfbRecording_cut.wav,4.0,0.0,0.0,4
30070269_MinPolqaSfbRecording_cut.wav,2.0,0.0,0.0,4
30118822_MinPolqaSfbRecording_cut.wav,3.75,1.892969449,1.85511006,4
28276718_MinPolqaSfbRecording_cut.wav,2.25,0.5,0.49,4
30063521_MinPolqaSfbRecording_cut.wav,3.0,1.414213562,1.385929291,4
30076514_MinPolqaSfbRecording_cut.wav,2.5,1.290994449,1.26517456,4
30508923_MinPolqaSfbRecording_cut.wav,2.75,1.258305739,1.233139624,4
30173371_MinPolqaSfbRecording_cut.wav,2.5,0.577350269,0.565803264,4
28515499_MinPolqaSfbRecording_cut.wav,5.0,0.0,0.0,4
30204992_MinPolqaSfbRecording_cut.wav,2.75,1.258305739,1.233139624,4
30098745_MinPolqaSfbRecording_cut.wav,2.8,0.836660027,0.733364848,5
28014414_MinPolqaSfbRecording_cut.wav,3.8,0.836660027,0.733364848,5
30429424_MinPolqaSfbRecording_cut.wav,1.4,0.547722558,0.48009999,5
30464936_MinPolqaSfbRecording_cut.wav,1.4,0.547722558,0.48009999,5
30258034_MinPolqaSfbRecording_cut.wav,2.2,0.836660027,0.733364848,5
30439055_MinPolqaSfbRecording_cut.wav,2.2,0.836660027,0.733364848,5
30256144_MinPolqaSfbRecording_cut.wav,2.6,1.140175425,0.999407825,5
30068397_MinPolqaSfbRecording_cut.wav,3.0,1.0,0.876538647,5
30444763_MinPolqaSfbRecording_cut.wav,3.0,0.0,0.0,4
30482397_MinPolqaSfbRecording_cut.wav,2.75,0.957427108,0.938278566,4
30482582_MinPolqaSfbRecording_cut.wav,4.25,0.5,0.49,4
30460711_MinPolqaSfbRecording_cut.wav,3.75,0.5,0.49,4
30455221_MinPolqaSfbRecording_cut.wav,3.0,0.816496581,0.800166649,4
30424557_MinPolqaSfbRecording_cut.wav,3.75,0.5,0.49,4
30523200_MinPolqaSfbRecording_cut.wav,3.25,0.957427108,0.938278566,4
30465914_MinPolqaSfbRecording_cut.wav,3.75,0.957427108,0.938278566,4
28961246_MinPolqaSfbRecording_cut.wav,3.75,0.5,0.49,4
30168893_MinPolqaSfbRecording_cut.wav,4.25,0.5,0.49,4
29531253_MinPolqaSfbRecording_cut.wav,2.8,1.483239697,1.300116918,5
30080884_MinPolqaSfbRecording_cut.wav,2.4,1.140175425,0.999407825,5
28075950_MinPolqaSfbRecording_cut.wav,3.4,1.140175425,0.999407825,5
30134472_MinPolqaSfbRecording_cut.wav,3.0,1.58113883,1.385929291,5
30097797_MinPolqaSfbRecording_cut.wav,2.2,1.303840481,1.142866571,5
30484469_MinPolqaSfbRecording_cut.wav,1.2,0.447213595,0.392,5
28335792_MinPolqaSfbRecording_cut.wav,4.2,0.447213595,0.392,5
30102786_MinPolqaSfbRecording_cut.wav,3.6,0.894427191,0.784,5
28872444_MinPolqaSfbRecording_cut.wav,4.6,0.547722558,0.48009999,5
27694405_MinPolqaSfbRecording_cut.wav,4.2,0.447213595,0.392,5
27879594_MinPolqaSfbRecording_cut.wav,3.4,0.547722558,0.48009999,5
30170944_MinPolqaSfbRecording_cut.wav,2.4,1.140175425,0.999407825,5
28269620_MinPolqaSfbRecording_cut.wav,4.0,0.707106781,0.619806421,5
27580185_MinPolqaSfbRecording_cut.wav,4.8,0.447213595,0.392,5
29536433_MinPolqaSfbRecording_cut.wav,1.6,1.341640786,1.176,5
27916046_MinPolqaSfbRecording_cut.wav,3.75,1.258305739,1.233139624,4
28493104_MinPolqaSfbRecording_cut.wav,4.0,0.816496581,0.800166649,4
30119386_MinPolqaSfbRecording_cut.wav,3.0,0.816496581,0.800166649,4
30483685_MinPolqaSfbRecording_cut.wav,3.0,0.816496581,0.800166649,4
30207071_MinPolqaSfbRecording_cut.wav,3.25,0.957427108,0.938278566,4
30199656_MinPolqaSfbRecording_cut.wav,2.75,1.5,1.47,4
30520061_MinPolqaSfbRecording_cut.wav,3.25,0.5,0.49,4
30114038_MinPolqaSfbRecording_cut.wav,2.5,1.290994449,1.26517456,4
29542015_MinPolqaSfbRecording_cut.wav,3.25,0.957427108,0.938278566,4
30445068_MinPolqaSfbRecording_cut.wav,2.25,0.957427108,0.938278566,4
30483407_MinPolqaSfbRecording_cut.wav,3.75,0.5,0.49,4
30064566_MinPolqaSfbRecording_cut.wav,2.75,0.957427108,0.938278566,4
30106939_MinPolqaSfbRecording_cut.wav,4.5,0.577350269,0.565803264,4
30264351_MinPolqaSfbRecording_cut.wav,2.0,0.816496581,0.800166649,4
30264418_MinPolqaSfbRecording_cut.wav,2.75,0.5,0.49,4
30126401_MinPolqaSfbRecording_cut.wav,1.0,0.0,0.0,4
28178465_MinPolqaSfbRecording_cut.wav,4.25,0.5,0.49,4
28474013_MinPolqaSfbRecording_cut.wav,3.0,0.0,0.0,4
30152505_MinPolqaSfbRecording_cut.wav,1.75,0.5,0.49,4
28458564_MinPolqaSfbRecording_cut.wav,4.0,0.816496581,0.800166649,4
30481901_MinPolqaSfbRecording_cut.wav,3.25,0.957427108,0.938278566,4
30504426_MinPolqaSfbRecording_cut.wav,4.0,0.0,0.0,4
28799390_MinPolqaSfbRecording_cut.wav,3.75,0.5,0.49,4
28647983_MinPolqaSfbRecording_cut.wav,4.0,0.0,0.0,4
30399422_MinPolqaSfbRecording_cut.wav,3.25,0.957427108,0.938278566,4
30434201_MinPolqaSfbRecording_cut.wav,1.5,1.0,0.98,4
30181920_MinPolqaSfbRecording_cut.wav,3.25,0.957427108,0.938278566,4
30113984_MinPolqaSfbRecording_cut.wav,3.75,0.957427108,0.938278566,4
29543129_MinPolqaSfbRecording_cut.wav,3.75,1.258305739,1.233139624,4
28726286_MinPolqaSfbRecording_cut.wav,4.0,0.816496581,0.800166649,4
30193682_MinPolqaSfbRecording_cut.wav,2.0,1.414213562,1.385929291,4
30129088_MinPolqaSfbRecording_cut.wav,3.0,1.825741858,1.789227021,4
30173086_MinPolqaSfbRecording_cut.wav,3.75,0.5,0.49,4
30483608_MinPolqaSfbRecording_cut.wav,1.5,1.0,0.98,4
30059966_MinPolqaSfbRecording_cut.wav,2.75,1.707825128,1.673668625,4
30212005_MinPolqaSfbRecording_cut.wav,2.75,1.707825128,1.673668625,4
28811928_MinPolqaSfbRecording_cut.wav,2.5,1.0,0.98,4
30138561_MinPolqaSfbRecording_cut.wav,2.4,0.547722558,0.48009999,5
30085858_MinPolqaSfbRecording_cut.wav,2.4,0.547722558,0.48009999,5
30465298_MinPolqaSfbRecording_cut.wav,2.8,0.447213595,0.392,5
30076152_MinPolqaSfbRecording_cut.wav,3.0,0.707106781,0.619806421,5
30462253_MinPolqaSfbRecording_cut.wav,4.0,0.707106781,0.619806421,5
30092173_MinPolqaSfbRecording_cut.wav,3.8,0.447213595,0.392,5
30129348_MinPolqaSfbRecording_cut.wav,3.0,0.707106781,0.619806421,5
30428612_MinPolqaSfbRecording_cut.wav,2.2,1.095445115,0.960199979,5
29530395_MinPolqaSfbRecording_cut.wav,1.8,0.836660027,0.733364848,5
30121871_MinPolqaSfbRecording_cut.wav,3.5,1.290994449,1.26517456,4
30247809_MinPolqaSfbRecording_cut.wav,4.0,1.154700538,1.131606528,4
27802486_MinPolqaSfbRecording_cut.wav,4.25,0.957427108,0.938278566,4
30138517_MinPolqaSfbRecording_cut.wav,2.75,1.258305739,1.233139624,4
30491114_MinPolqaSfbRecording_cut.wav,1.25,0.5,0.49,4
30172054_MinPolqaSfbRecording_cut.wav,3.5,1.290994449,1.26517456,4
30421358_MinPolqaSfbRecording_cut.wav,2.75,1.5,1.47,4
30092271_MinPolqaSfbRecording_cut.wav,4.25,0.5,0.49,4
30142538_MinPolqaSfbRecording_cut.wav,3.5,1.0,0.98,4
30103177_MinPolqaSfbRecording_cut.wav,3.25,0.957427108,0.938278566,4
30420511_MinPolqaSfbRecording_cut.wav,3.5,0.577350269,0.565803264,4
30523176_MinPolqaSfbRecording_cut.wav,3.75,0.957427108,0.938278566,4
30069517_MinPolqaSfbRecording_cut.wav,2.75,0.5,0.49,4
28066654_MinPolqaSfbRecording_cut.wav,4.25,0.5,0.49,4
30087588_MinPolqaSfbRecording_cut.wav,4.0,0.816496581,0.800166649,4
30085455_MinPolqaSfbRecording_cut.wav,3.2,0.447213595,0.392,5
30063520_MinPolqaSfbRecording_cut.wav,3.0,0.707106781,0.619806421,5
30160976_MinPolqaSfbRecording_cut.wav,2.8,0.447213595,0.392,5
30119831_MinPolqaSfbRecording_cut.wav,4.2,0.836660027,0.733364848,5
30154267_MinPolqaSfbRecording_cut.wav,2.2,0.836660027,0.733364848,5
30174115_MinPolqaSfbRecording_cut.wav,2.0,1.0,0.876538647,5
30183601_MinPolqaSfbRecording_cut.wav,2.6,0.547722558,0.48009999,5
30142884_MinPolqaSfbRecording_cut.wav,2.8,0.836660027,0.733364848,5
28726602_MinPolqaSfbRecording_cut.wav,2.8,0.836660027,0.733364848,5
30423849_MinPolqaSfbRecording_cut.wav,4.0,0.0,0.0,5
30157461_MinPolqaSfbRecording_cut.wav,3.2,1.095445115,0.960199979,5
30485590_MinPolqaSfbRecording_cut.wav,2.8,0.836660027,0.733364848,5
30456452_MinPolqaSfbRecording_cut.wav,3.2,0.836660027,0.733364848,5
29535340_MinPolqaSfbRecording_cut.wav,2.0,1.414213562,1.385929291,4
30423855_MinPolqaSfbRecording_cut.wav,2.25,1.5,1.47,4
30430624_MinPolqaSfbRecording_cut.wav,2.5,1.914854216,1.876557131,4
30060048_MinPolqaSfbRecording_cut.wav,2.0,0.816496581,0.800166649,4
30214106_MinPolqaSfbRecording_cut.wav,3.0,1.414213562,1.385929291,4
28143010_MinPolqaSfbRecording_cut.wav,4.0,0.816496581,0.800166649,4
30062509_MinPolqaSfbRecording_cut.wav,4.0,1.154700538,1.131606528,4
30161131_MinPolqaSfbRecording_cut.wav,4.0,0.816496581,0.800166649,4
30480728_MinPolqaSfbRecording_cut.wav,2.0,0.707106781,0.619806421,5
30478474_MinPolqaSfbRecording_cut.wav,1.2,0.447213595,0.392,5
28771531_MinPolqaSfbRecording_cut.wav,3.6,0.547722558,0.48009999,5
30142592_MinPolqaSfbRecording_cut.wav,2.0,1.0,0.876538647,5
30213060_MinPolqaSfbRecording_cut.wav,1.0,0.0,0.0,5
30512513_MinPolqaSfbRecording_cut.wav,1.6,0.547722558,0.48009999,5
30151073_MinPolqaSfbRecording_cut.wav,1.6,0.547722558,0.48009999,5
30466449_MinPolqaSfbRecording_cut.wav,2.2,1.095445115,0.960199979,5
30474026_MinPolqaSfbRecording_cut.wav,3.333333333,0.577350269,0.653333333,3
27790281_MinPolqaSfbRecording_cut.wav,3.333333333,0.577350269,0.653333333,3
28901004_MinPolqaSfbRecording_cut.wav,2.333333333,0.577350269,0.653333333,3
30154141_MinPolqaSfbRecording_cut.wav,2.333333333,0.577350269,0.653333333,3
28639157_MinPolqaSfbRecording_cut.wav,3.666666667,0.577350269,0.653333333,3
30509482_MinPolqaSfbRecording_cut.wav,2.333333333,0.577350269,0.653333333,3
30142465_MinPolqaSfbRecording_cut.wav,2.333333333,0.577350269,0.653333333,3
28327019_MinPolqaSfbRecording_cut.wav,2.333333333,0.577350269,0.653333333,3
30068609_MinPolqaSfbRecording_cut.wav,2.6,0.894427191,0.784,5
30178778_MinPolqaSfbRecording_cut.wav,2.2,0.836660027,0.733364848,5
30139263_MinPolqaSfbRecording_cut.wav,2.6,0.894427191,0.784,5
28479759_MinPolqaSfbRecording_cut.wav,4.0,1.0,0.876538647,5
30460653_MinPolqaSfbRecording_cut.wav,3.0,0.707106781,0.619806421,5
30169407_MinPolqaSfbRecording_cut.wav,1.4,0.894427191,0.784,5
30490649_MinPolqaSfbRecording_cut.wav,2.6,0.547722558,0.48009999,5
30164428_MinPolqaSfbRecording_cut.wav,3.0,0.707106781,0.619806421,5
30088567_MinPolqaSfbRecording_cut.wav,2.2,0.836660027,0.733364848,5
30087369_MinPolqaSfbRecording_cut.wav,2.5,0.707106781,0.98,2
28827282_MinPolqaSfbRecording_cut.wav,4.0,0.0,0.0,2
30090896_MinPolqaSfbRecording_cut.wav,3.0,1.414213562,1.96,2
30071333_MinPolqaSfbRecording_cut.wav,1.5,0.707106781,0.98,2
29542582_MinPolqaSfbRecording_cut.wav,1.0,0.0,0.0,2
30515788_MinPolqaSfbRecording_cut.wav,2.0,1.414213562,1.96,2
30099878_MinPolqaSfbRecording_cut.wav,2.0,1.414213562,1.96,2
30469669_MinPolqaSfbRecording_cut.wav,1.5,0.707106781,0.98,2
30130887_MinPolqaSfbRecording_cut.wav,1.5,0.707106781,0.98,2
30439983_MinPolqaSfbRecording_cut.wav,2.0,0.0,0.0,3
30067205_MinPolqaSfbRecording_cut.wav,1.666666667,0.577350269,0.653333333,3
29533265_MinPolqaSfbRecording_cut.wav,3.666666667,0.577350269,0.653333333,3
28057650_MinPolqaSfbRecording_cut.wav,4.666666667,0.577350269,0.653333333,3
30080376_MinPolqaSfbRecording_cut.wav,3.333333333,0.577350269,0.653333333,3
29006974_MinPolqaSfbRecording_cut.wav,4.0,1.0,1.131606528,3
27720497_MinPolqaSfbRecording_cut.wav,4.666666667,0.577350269,0.653333333,3
30189382_MinPolqaSfbRecording_cut.wav,3.0,1.0,1.131606528,3
30477327_MinPolqaSfbRecording_cut.wav,3.666666667,0.577350269,0.653333333,3
30098103_MinPolqaSfbRecording_cut.wav,4.333333333,0.577350269,0.653333333,3
29531404_MinPolqaSfbRecording_cut.wav,2.0,0.0,0.0,3
30128184_MinPolqaSfbRecording_cut.wav,3.333333333,0.577350269,0.653333333,3
28264023_MinPolqaSfbRecording_cut.wav,2.666666667,0.577350269,0.653333333,3
28176615_MinPolqaSfbRecording_cut.wav,4.333333333,0.577350269,0.653333333,3
30185284_MinPolqaSfbRecording_cut.wav,3.333333333,0.577350269,0.653333333,3
30077154_MinPolqaSfbRecording_cut.wav,3.0,0.0,0.0,3
30518951_MinPolqaSfbRecording_cut.wav,3.333333333,1.154700538,1.306666667,3
30062288_MinPolqaSfbRecording_cut.wav,3.0,1.0,1.131606528,3
30159094_MinPolqaSfbRecording_cut.wav,3.0,1.0,1.131606528,3
27844224_MinPolqaSfbRecording_cut.wav,3.666666667,0.577350269,0.653333333,3
30095701_MinPolqaSfbRecording_cut.wav,4.333333333,1.154700538,1.306666667,3
30478553_MinPolqaSfbRecording_cut.wav,3.0,1.0,1.131606528,3
30486886_MinPolqaSfbRecording_cut.wav,3.333333333,0.577350269,0.653333333,3
30456481_MinPolqaSfbRecording_cut.wav,4.333333333,0.577350269,0.653333333,3
28451970_MinPolqaSfbRecording_cut.wav,4.4,0.547722558,0.48009999,5
30148295_MinPolqaSfbRecording_cut.wav,3.8,0.447213595,0.392,5
27683180_MinPolqaSfbRecording_cut.wav,4.0,0.707106781,0.619806421,5
30251711_MinPolqaSfbRecording_cut.wav,2.8,0.447213595,0.392,5
27633683_MinPolqaSfbRecording_cut.wav,4.0,0.707106781,0.619806421,5
30511211_MinPolqaSfbRecording_cut.wav,3.0,0.0,0.0,5
30122799_MinPolqaSfbRecording_cut.wav,2.4,0.547722558,0.48009999,5
30256455_MinPolqaSfbRecording_cut.wav,2.8,0.447213595,0.392,5
30154985_MinPolqaSfbRecording_cut.wav,2.8,0.447213595,0.392,5
29052835_MinPolqaSfbRecording_cut.wav,4.75,0.5,0.49,4
30507652_MinPolqaSfbRecording_cut.wav,2.75,0.5,0.49,4
30452982_MinPolqaSfbRecording_cut.wav,2.25,0.957427108,0.938278566,4
30262084_MinPolqaSfbRecording_cut.wav,3.75,1.5,1.47,4
30200166_MinPolqaSfbRecording_cut.wav,1.75,0.957427108,0.938278566,4
30408808_MinPolqaSfbRecording_cut.wav,2.5,0.577350269,0.565803264,4
30472303_MinPolqaSfbRecording_cut.wav,2.75,0.957427108,0.938278566,4
27850792_MinPolqaSfbRecording_cut.wav,4.25,0.957427108,0.938278566,4
30470585_MinPolqaSfbRecording_cut.wav,2.25,0.5,0.49,4
30481406_MinPolqaSfbRecording_cut.wav,3.25,1.258305739,1.233139624,4
28917058_MinPolqaSfbRecording_cut.wav,3.75,0.957427108,0.938278566,4
30179834_MinPolqaSfbRecording_cut.wav,2.5,1.0,0.98,4
30423360_MinPolqaSfbRecording_cut.wav,2.25,0.5,0.49,4
30110371_MinPolqaSfbRecording_cut.wav,3.25,0.5,0.49,4
30145508_MinPolqaSfbRecording_cut.wav,2.25,0.5,0.49,4
27666879_MinPolqaSfbRecording_cut.wav,3.5,0.577350269,0.565803264,4
30061489_MinPolqaSfbRecording_cut.wav,2.5,0.577350269,0.565803264,4
28269800_MinPolqaSfbRecording_cut.wav,3.75,0.957427108,0.938278566,4
27888100_MinPolqaSfbRecording_cut.wav,4.5,1.0,0.98,4
27645407_MinPolqaSfbRecording_cut.wav,4.5,0.577350269,0.565803264,4
27828803_MinPolqaSfbRecording_cut.wav,3.5,1.0,0.98,4
30130865_MinPolqaSfbRecording_cut.wav,3.0,1.154700538,1.131606528,4
30169703_MinPolqaSfbRecording_cut.wav,3.5,1.290994449,1.26517456,4
30078005_MinPolqaSfbRecording_cut.wav,3.25,0.957427108,0.938278566,4
30092763_MinPolqaSfbRecording_cut.wav,4.0,0.816496581,0.800166649,4
30259108_MinPolqaSfbRecording_cut.wav,4.25,0.5,0.49,4
30207900_MinPolqaSfbRecording_cut.wav,3.2,1.643167673,1.440299969,5
30065229_MinPolqaSfbRecording_cut.wav,3.0,1.414213562,1.239612843,5
30401701_MinPolqaSfbRecording_cut.wav,3.4,1.516575089,1.329336677,5
30425090_MinPolqaSfbRecording_cut.wav,2.2,1.303840481,1.142866571,5
30070026_MinPolqaSfbRecording_cut.wav,3.2,0.836660027,0.733364848,5
29532944_MinPolqaSfbRecording_cut.wav,3.4,1.516575089,1.329336677,5
30422352_MinPolqaSfbRecording_cut.wav,3.6,1.140175425,0.999407825,5
30145176_MinPolqaSfbRecording_cut.wav,2.2,0.836660027,0.733364848,5
30089164_MinPolqaSfbRecording_cut.wav,3.2,1.483239697,1.300116918,5
30253637_MinPolqaSfbRecording_cut.wav,3.2,1.483239697,1.300116918,5
30445633_MinPolqaSfbRecording_cut.wav,2.4,0.547722558,0.48009999,5
30471119_MinPolqaSfbRecording_cut.wav,1.2,0.447213595,0.392,5
30076310_MinPolqaSfbRecording_cut.wav,3.8,1.303840481,1.142866571,5
30144760_MinPolqaSfbRecording_cut.wav,3.8,0.836660027,0.733364848,5
28857829_MinPolqaSfbRecording_cut.wav,4.2,0.836660027,0.733364848,5
30209362_MinPolqaSfbRecording_cut.wav,3.8,0.836660027,0.733364848,5
30456610_MinPolqaSfbRecording_cut.wav,1.8,0.836660027,0.733364848,5
30141774_MinPolqaSfbRecording_cut.wav,3.8,0.836660027,0.733364848,5
28664821_MinPolqaSfbRecording_cut.wav,3.8,1.095445115,0.960199979,5
30064412_MinPolqaSfbRecording_cut.wav,2.5,0.577350269,0.565803264,4
30493667_MinPolqaSfbRecording_cut.wav,2.0,0.816496581,0.800166649,4
30087614_MinPolqaSfbRecording_cut.wav,2.75,1.258305739,1.233139624,4
30416525_MinPolqaSfbRecording_cut.wav,2.75,0.5,0.49,4
28962646_MinPolqaSfbRecording_cut.wav,4.25,0.5,0.49,4
30512110_MinPolqaSfbRecording_cut.wav,2.5,1.290994449,1.26517456,4
30441679_MinPolqaSfbRecording_cut.wav,3.75,0.5,0.49,4
30089329_MinPolqaSfbRecording_cut.wav,2.5,1.290994449,1.26517456,4
30415970_MinPolqaSfbRecording_cut.wav,3.0,0.816496581,0.800166649,4
30475443_MinPolqaSfbRecording_cut.wav,2.75,0.957427108,0.938278566,4
28330437_MinPolqaSfbRecording_cut.wav,3.75,0.5,0.49,4
28111370_MinPolqaSfbRecording_cut.wav,4.25,0.957427108,0.938278566,4
28262530_MinPolqaSfbRecording_cut.wav,4.25,0.957427108,0.938278566,4
30107844_MinPolqaSfbRecording_cut.wav,2.25,0.957427108,0.938278566,4
28271254_MinPolqaSfbRecording_cut.wav,3.75,1.258305739,1.233139624,4
28616709_MinPolqaSfbRecording_cut.wav,4.0,0.816496581,0.800166649,4
30062194_MinPolqaSfbRecording_cut.wav,1.25,0.5,0.49,4
30469924_MinPolqaSfbRecording_cut.wav,2.0,1.414213562,1.96,2
28199791_MinPolqaSfbRecording_cut.wav,4.0,0.0,0.0,2
30507727_MinPolqaSfbRecording_cut.wav,4.0,0.0,0.0,2
28022439_MinPolqaSfbRecording_cut.wav,2.5,0.707106781,0.98,2
30503500_MinPolqaSfbRecording_cut.wav,4.0,0.0,0.0,2
28353414_MinPolqaSfbRecording_cut.wav,3.0,0.0,0.0,2
30060902_MinPolqaSfbRecording_cut.wav,4.5,0.707106781,0.98,2
29533054_MinPolqaSfbRecording_cut.wav,3.0,0.0,0.0,2
28469163_MinPolqaSfbRecording_cut.wav,5.0,0.0,0.0,2
30520530_MinPolqaSfbRecording_cut.wav,4.5,0.707106781,0.98,2
28545520_MinPolqaSfbRecording_cut.wav,4.2,0.836660027,0.733364848,5
30089946_MinPolqaSfbRecording_cut.wav,2.0,0.707106781,0.619806421,5
30175038_MinPolqaSfbRecording_cut.wav,3.6,0.547722558,0.48009999,5
30091312_MinPolqaSfbRecording_cut.wav,3.8,1.303840481,1.142866571,5
30175197_MinPolqaSfbRecording_cut.wav,4.0,1.0,0.876538647,5
30064855_MinPolqaSfbRecording_cut.wav,2.8,0.447213595,0.392,5
30413655_MinPolqaSfbRecording_cut.wav,3.0,1.0,0.876538647,5
28767621_MinPolqaSfbRecording_cut.wav,3.4,0.894427191,0.784,5
30064471_MinPolqaSfbRecording_cut.wav,3.4,1.140175425,0.999407825,5
30531075_MinPolqaSfbRecording_cut.wav,1.2,0.447213595,0.392,5
28816838_MinPolqaSfbRecording_cut.wav,3.6,0.547722558,0.48009999,5
30075229_MinPolqaSfbRecording_cut.wav,2.0,0.707106781,0.619806421,5
29529944_MinPolqaSfbRecording_cut.wav,2.6,1.140175425,0.999407825,5
30465292_MinPolqaSfbRecording_cut.wav,3.0,0.707106781,0.619806421,5
30514872_MinPolqaSfbRecording_cut.wav,3.0,0.707106781,0.619806421,5
27968093_MinPolqaSfbRecording_cut.wav,4.75,0.5,0.49,4
30139278_MinPolqaSfbRecording_cut.wav,4.5,0.577350269,0.565803264,4
30078455_MinPolqaSfbRecording_cut.wav,3.25,1.258305739,1.233139624,4
30195148_MinPolqaSfbRecording_cut.wav,1.25,0.5,0.49,4
30486598_MinPolqaSfbRecording_cut.wav,3.5,0.577350269,0.565803264,4
30076571_MinPolqaSfbRecording_cut.wav,1.5,0.577350269,0.565803264,4
27738018_MinPolqaSfbRecording_cut.wav,3.0,0.816496581,0.800166649,4
28965846_MinPolqaSfbRecording_cut.wav,2.5,0.577350269,0.565803264,4
30421612_MinPolqaSfbRecording_cut.wav,3.25,0.5,0.49,4
30481928_MinPolqaSfbRecording_cut.wav,3.25,1.258305739,1.233139624,4
30166538_MinPolqaSfbRecording_cut.wav,3.0,0.707106781,0.619806421,5
28028884_MinPolqaSfbRecording_cut.wav,3.2,1.483239697,1.300116918,5
30087572_MinPolqaSfbRecording_cut.wav,2.4,1.341640786,1.176,5
30258438_MinPolqaSfbRecording_cut.wav,2.4,1.140175425,0.999407825,5
30471144_MinPolqaSfbRecording_cut.wav,2.2,1.303840481,1.142866571,5
27802596_MinPolqaSfbRecording_cut.wav,2.6,0.547722558,0.48009999,5
30148664_MinPolqaSfbRecording_cut.wav,3.8,0.836660027,0.733364848,5
30125684_MinPolqaSfbRecording_cut.wav,1.8,1.095445115,0.960199979,5
28183467_MinPolqaSfbRecording_cut.wav,4.2,0.447213595,0.392,5
30408237_MinPolqaSfbRecording_cut.wav,1.2,0.447213595,0.392,5
30135782_MinPolqaSfbRecording_cut.wav,2.2,0.836660027,0.733364848,5
30127749_MinPolqaSfbRecording_cut.wav,1.4,0.547722558,0.48009999,5
30206723_MinPolqaSfbRecording_cut.wav,1.8,0.447213595,0.392,5
30138469_MinPolqaSfbRecording_cut.wav,3.2,1.095445115,0.960199979,5
30064457_MinPolqaSfbRecording_cut.wav,4.6,0.547722558,0.48009999,5
27702030_MinPolqaSfbRecording_cut.wav,3.4,0.894427191,0.784,5
30421356_MinPolqaSfbRecording_cut.wav,2.75,1.258305739,1.233139624,4
30156562_MinPolqaSfbRecording_cut.wav,2.5,1.290994449,1.26517456,4
30251774_MinPolqaSfbRecording_cut.wav,2.5,1.290994449,1.26517456,4
30183149_MinPolqaSfbRecording_cut.wav,2.75,1.258305739,1.233139624,4
30404411_MinPolqaSfbRecording_cut.wav,2.5,1.0,0.98,4
27690817_MinPolqaSfbRecording_cut.wav,4.0,0.816496581,0.800166649,4
30104111_MinPolqaSfbRecording_cut.wav,3.25,0.5,0.49,4
29060462_MinPolqaSfbRecording_cut.wav,4.5,0.707106781,0.98,2
30184337_MinPolqaSfbRecording_cut.wav,4.0,1.414213562,1.96,2
30404864_MinPolqaSfbRecording_cut.wav,3.5,0.707106781,0.98,2
30429667_MinPolqaSfbRecording_cut.wav,4.0,1.414213562,1.96,2
28513831_MinPolqaSfbRecording_cut.wav,5.0,0.0,0.0,2
30477779_MinPolqaSfbRecording_cut.wav,4.5,0.707106781,0.98,2
30477893_MinPolqaSfbRecording_cut.wav,3.5,0.707106781,0.98,2
30263551_MinPolqaSfbRecording_cut.wav,1.666666667,0.577350269,0.653333333,3
27658036_MinPolqaSfbRecording_cut.wav,4.666666667,0.577350269,0.653333333,3
30151320_MinPolqaSfbRecording_cut.wav,2.0,0.0,0.0,3
27838032_MinPolqaSfbRecording_cut.wav,4.666666667,0.577350269,0.653333333,3
30165866_MinPolqaSfbRecording_cut.wav,2.666666667,0.577350269,0.653333333,3
30106428_MinPolqaSfbRecording_cut.wav,2.666666667,0.577350269,0.653333333,3
30455268_MinPolqaSfbRecording_cut.wav,3.666666667,0.577350269,0.653333333,3
30404900_MinPolqaSfbRecording_cut.wav,4.666666667,0.577350269,0.653333333,3
30138026_MinPolqaSfbRecording_cut.wav,2.333333333,1.154700538,1.306666667,3
30514599_MinPolqaSfbRecording_cut.wav,2.8,1.788854382,1.568,5
30207378_MinPolqaSfbRecording_cut.wav,2.4,1.140175425,0.999407825,5
30090534_MinPolqaSfbRecording_cut.wav,2.2,1.303840481,1.142866571,5
28934908_MinPolqaSfbRecording_cut.wav,4.0,0.707106781,0.619806421,5
30128746_MinPolqaSfbRecording_cut.wav,3.0,1.58113883,1.385929291,5
30087377_MinPolqaSfbRecording_cut.wav,3.0,1.414213562,1.239612843,5
30159873_MinPolqaSfbRecording_cut.wav,3.4,1.516575089,1.329336677,5
30423932_MinPolqaSfbRecording_cut.wav,3.4,1.516575089,1.329336677,5
30520753_MinPolqaSfbRecording_cut.wav,2.2,0.836660027,0.733364848,5
28191196_MinPolqaSfbRecording_cut.wav,4.6,0.547722558,0.48009999,5
30152392_MinPolqaSfbRecording_cut.wav,3.2,0.836660027,0.733364848,5
30142745_MinPolqaSfbRecording_cut.wav,2.6,0.547722558,0.48009999,5
30444543_MinPolqaSfbRecording_cut.wav,3.8,0.836660027,0.733364848,5
30127670_MinPolqaSfbRecording_cut.wav,3.8,1.095445115,0.960199979,5
30106926_MinPolqaSfbRecording_cut.wav,1.8,1.095445115,0.960199979,5
30154024_MinPolqaSfbRecording_cut.wav,1.8,0.836660027,0.733364848,5
28176835_MinPolqaSfbRecording_cut.wav,4.4,0.547722558,0.48009999,5
30450910_MinPolqaSfbRecording_cut.wav,1.6,0.547722558,0.48009999,5
30064817_MinPolqaSfbRecording_cut.wav,4.2,0.447213595,0.392,5
28293382_MinPolqaSfbRecording_cut.wav,3.8,0.836660027,0.733364848,5
27724436_MinPolqaSfbRecording_cut.wav,4.25,0.5,0.49,4
30154186_MinPolqaSfbRecording_cut.wav,2.25,0.957427108,0.938278566,4
30143000_MinPolqaSfbRecording_cut.wav,2.75,0.5,0.49,4
30174688_MinPolqaSfbRecording_cut.wav,2.25,0.5,0.49,4
28899990_MinPolqaSfbRecording_cut.wav,3.0,0.816496581,0.800166649,4
30105398_MinPolqaSfbRecording_cut.wav,2.75,0.957427108,0.938278566,4
30442333_MinPolqaSfbRecording_cut.wav,3.5,1.0,0.98,4
30128976_MinPolqaSfbRecording_cut.wav,1.25,0.5,0.49,4
28929622_MinPolqaSfbRecording_cut.wav,3.8,1.095445115,0.960199979,5
30206662_MinPolqaSfbRecording_cut.wav,2.4,1.140175425,0.999407825,5
30149012_MinPolqaSfbRecording_cut.wav,3.4,0.894427191,0.784,5
28028810_MinPolqaSfbRecording_cut.wav,3.6,0.894427191,0.784,5
29537532_MinPolqaSfbRecording_cut.wav,2.2,0.836660027,0.733364848,5
30165371_MinPolqaSfbRecording_cut.wav,2.8,0.447213595,0.392,5
28115956_MinPolqaSfbRecording_cut.wav,3.0,0.707106781,0.619806421,5
30136536_MinPolqaSfbRecording_cut.wav,1.4,0.547722558,0.48009999,5
30512990_MinPolqaSfbRecording_cut.wav,3.666666667,1.154700538,1.306666667,3
30113498_MinPolqaSfbRecording_cut.wav,2.0,1.0,1.131606528,3
28634156_MinPolqaSfbRecording_cut.wav,2.666666667,1.527525232,1.728557523,3
30152390_MinPolqaSfbRecording_cut.wav,2.0,1.0,1.131606528,3
29536705_MinPolqaSfbRecording_cut.wav,3.666666667,1.154700538,1.306666667,3
30264273_MinPolqaSfbRecording_cut.wav,3.666666667,0.577350269,0.653333333,3
28122254_MinPolqaSfbRecording_cut.wav,4.333333333,0.577350269,0.653333333,3
28470951_MinPolqaSfbRecording_cut.wav,3.0,1.732050808,1.96,3
30249570_MinPolqaSfbRecording_cut.wav,3.0,1.732050808,1.96,3
30184321_MinPolqaSfbRecording_cut.wav,3.25,0.5,0.49,4
30090509_MinPolqaSfbRecording_cut.wav,1.25,0.5,0.49,4
30189605_MinPolqaSfbRecording_cut.wav,2.0,0.816496581,0.800166649,4
30193872_MinPolqaSfbRecording_cut.wav,1.0,0.0,0.0,4
30133964_MinPolqaSfbRecording_cut.wav,3.25,0.5,0.49,4
30255146_MinPolqaSfbRecording_cut.wav,3.75,0.5,0.49,4
30142929_MinPolqaSfbRecording_cut.wav,1.5,0.577350269,0.565803264,4
30161085_MinPolqaSfbRecording_cut.wav,2.25,0.5,0.49,4
30211655_MinPolqaSfbRecording_cut.wav,3.75,0.5,0.49,4
28141834_MinPolqaSfbRecording_cut.wav,4.5,0.577350269,0.565803264,4
30403584_MinPolqaSfbRecording_cut.wav,4.25,0.5,0.49,4
30158057_MinPolqaSfbRecording_cut.wav,3.0,0.816496581,0.800166649,4
30070827_MinPolqaSfbRecording_cut.wav,4.0,0.816496581,0.800166649,4
27569235_MinPolqaSfbRecording_cut.wav,4.5,1.0,0.98,4
28544792_MinPolqaSfbRecording_cut.wav,4.0,0.816496581,0.800166649,4
30415707_MinPolqaSfbRecording_cut.wav,3.75,0.5,0.49,4
30404740_MinPolqaSfbRecording_cut.wav,1.8,1.095445115,0.960199979,5
30404832_MinPolqaSfbRecording_cut.wav,4.0,0.707106781,0.619806421,5
27521692_MinPolqaSfbRecording_cut.wav,4.0,0.707106781,0.619806421,5
30206604_MinPolqaSfbRecording_cut.wav,3.4,0.547722558,0.48009999,5
30460975_MinPolqaSfbRecording_cut.wav,3.0,1.0,0.876538647,5
30143396_MinPolqaSfbRecording_cut.wav,3.2,0.447213595,0.392,5
30075283_MinPolqaSfbRecording_cut.wav,3.4,1.140175425,0.999407825,5
30431424_MinPolqaSfbRecording_cut.wav,2.2,1.303840481,1.142866571,5
28982452_MinPolqaSfbRecording_cut.wav,3.5,0.577350269,0.565803264,4
30467964_MinPolqaSfbRecording_cut.wav,2.0,1.414213562,1.385929291,4
30101699_MinPolqaSfbRecording_cut.wav,1.25,0.5,0.49,4
30475066_MinPolqaSfbRecording_cut.wav,3.25,1.258305739,1.233139624,4
30206538_MinPolqaSfbRecording_cut.wav,3.5,0.577350269,0.565803264,4
30249476_MinPolqaSfbRecording_cut.wav,2.0,1.414213562,1.385929291,4
27680298_MinPolqaSfbRecording_cut.wav,3.75,0.5,0.49,4
30140991_MinPolqaSfbRecording_cut.wav,3.0,0.816496581,0.800166649,4
30091608_MinPolqaSfbRecording_cut.wav,2.75,1.707825128,1.673668625,4
30467906_MinPolqaSfbRecording_cut.wav,3.25,0.957427108,0.938278566,4
28128345_MinPolqaSfbRecording_cut.wav,4.5,0.577350269,0.565803264,4
30199242_MinPolqaSfbRecording_cut.wav,3.0,1.154700538,1.131606528,4
30082843_MinPolqaSfbRecording_cut.wav,2.25,1.258305739,1.233139624,4
27814209_MinPolqaSfbRecording_cut.wav,4.5,0.577350269,0.565803264,4
30125717_MinPolqaSfbRecording_cut.wav,1.75,0.957427108,0.938278566,4
30490771_MinPolqaSfbRecording_cut.wav,3.0,1.154700538,1.131606528,4
30119229_MinPolqaSfbRecording_cut.wav,1.0,0.0,0.0,4
29540133_MinPolqaSfbRecording_cut.wav,2.5,1.290994449,1.26517456,4
30082059_MinPolqaSfbRecording_cut.wav,3.0,0.816496581,0.800166649,4
30163764_MinPolqaSfbRecording_cut.wav,2.75,2.061552813,2.020321757,4
30262225_MinPolqaSfbRecording_cut.wav,3.5,1.290994449,1.26517456,4
30211380_MinPolqaSfbRecording_cut.wav,3.5,1.0,0.98,4
28966038_MinPolqaSfbRecording_cut.wav,3.5,1.290994449,1.26517456,4
30470514_MinPolqaSfbRecording_cut.wav,4.0,0.816496581,0.800166649,4
30065249_MinPolqaSfbRecording_cut.wav,4.0,1.154700538,1.131606528,4
30095816_MinPolqaSfbRecording_cut.wav,4.5,0.577350269,0.565803264,4
30090953_MinPolqaSfbRecording_cut.wav,3.5,0.577350269,0.565803264,4
30515104_MinPolqaSfbRecording_cut.wav,3.5,0.577350269,0.565803264,4
30121326_MinPolqaSfbRecording_cut.wav,3.75,0.957427108,0.938278566,4
30135156_MinPolqaSfbRecording_cut.wav,1.75,0.957427108,0.938278566,4
30133890_MinPolqaSfbRecording_cut.wav,2.25,0.5,0.49,4
30431098_MinPolqaSfbRecording_cut.wav,3.5,1.0,0.98,4
30443593_MinPolqaSfbRecording_cut.wav,3.75,0.5,0.49,4
27673146_MinPolqaSfbRecording_cut.wav,3.25,0.5,0.49,4
30087363_MinPolqaSfbRecording_cut.wav,2.25,0.5,0.49,4
30211652_MinPolqaSfbRecording_cut.wav,4.25,0.5,0.49,4
30468045_MinPolqaSfbRecording_cut.wav,3.5,0.577350269,0.565803264,4
28221340_MinPolqaSfbRecording_cut.wav,3.5,0.577350269,0.565803264,4
30522643_MinPolqaSfbRecording_cut.wav,1.0,0.0,0.0,4
28065058_MinPolqaSfbRecording_cut.wav,3.75,0.957427108,0.938278566,4
30096433_MinPolqaSfbRecording_cut.wav,2.75,0.957427108,0.938278566,4
30149250_MinPolqaSfbRecording_cut.wav,2.25,0.5,0.49,4
30520431_MinPolqaSfbRecording_cut.wav,2.25,0.5,0.49,4
30448856_MinPolqaSfbRecording_cut.wav,4.0,0.816496581,0.800166649,4
27791710_MinPolqaSfbRecording_cut.wav,4.25,0.957427108,0.938278566,4
30425322_MinPolqaSfbRecording_cut.wav,3.5,0.707106781,0.98,2
30432729_MinPolqaSfbRecording_cut.wav,2.5,0.707106781,0.98,2
30531862_MinPolqaSfbRecording_cut.wav,2.5,0.707106781,0.98,2
30437609_MinPolqaSfbRecording_cut.wav,3.5,0.707106781,0.98,2
30431256_MinPolqaSfbRecording_cut.wav,3.5,0.707106781,0.98,2
28650913_MinPolqaSfbRecording_cut.wav,3.5,0.707106781,0.98,2
30157315_MinPolqaSfbRecording_cut.wav,2.5,0.707106781,0.98,2
30431244_MinPolqaSfbRecording_cut.wav,4.5,0.707106781,0.98,2
30182402_MinPolqaSfbRecording_cut.wav,2.0,0.0,0.0,2
27834780_MinPolqaSfbRecording_cut.wav,3.8,0.836660027,0.733364848,5
30404213_MinPolqaSfbRecording_cut.wav,1.8,0.447213595,0.392,5
30209653_MinPolqaSfbRecording_cut.wav,3.8,0.836660027,0.733364848,5
30066478_MinPolqaSfbRecording_cut.wav,2.2,0.836660027,0.733364848,5
28314908_MinPolqaSfbRecording_cut.wav,3.8,0.836660027,0.733364848,5
30437447_MinPolqaSfbRecording_cut.wav,4.0,1.0,0.876538647,5
30104735_MinPolqaSfbRecording_cut.wav,3.8,0.836660027,0.733364848,5
28926687_MinPolqaSfbRecording_cut.wav,3.8,0.836660027,0.733364848,5
28468429_MinPolqaSfbRecording_cut.wav,2.8,0.836660027,0.733364848,5
30413521_MinPolqaSfbRecording_cut.wav,1.2,0.447213595,0.392,5
28992099_MinPolqaSfbRecording_cut.wav,3.6,0.547722558,0.48009999,5
30197547_MinPolqaSfbRecording_cut.wav,2.8,0.836660027,0.733364848,5
30491084_MinPolqaSfbRecording_cut.wav,2.4,1.341640786,1.176,5
30161145_MinPolqaSfbRecording_cut.wav,2.6,1.341640786,1.176,5
30079538_MinPolqaSfbRecording_cut.wav,1.4,0.547722558,0.48009999,5
30086760_MinPolqaSfbRecording_cut.wav,1.8,0.447213595,0.392,5
27910584_MinPolqaSfbRecording_cut.wav,3.6,0.894427191,0.784,5
30157587_MinPolqaSfbRecording_cut.wav,2.2,1.303840481,1.142866571,5
28699962_MinPolqaSfbRecording_cut.wav,4.2,0.836660027,0.733364848,5
29539089_MinPolqaSfbRecording_cut.wav,2.0,1.414213562,1.239612843,5
30184456_MinPolqaSfbRecording_cut.wav,3.2,0.836660027,0.733364848,5
30155264_MinPolqaSfbRecording_cut.wav,4.0,0.707106781,0.619806421,5
30260841_MinPolqaSfbRecording_cut.wav,3.4,0.894427191,0.784,5
30432149_MinPolqaSfbRecording_cut.wav,2.4,0.894427191,0.784,5
30490617_MinPolqaSfbRecording_cut.wav,3.0,1.58113883,1.385929291,5
30254539_MinPolqaSfbRecording_cut.wav,3.4,1.140175425,0.999407825,5
30122909_MinPolqaSfbRecording_cut.wav,3.6,1.140175425,0.999407825,5
30126213_MinPolqaSfbRecording_cut.wav,4.0,0.0,0.0,3
28341209_MinPolqaSfbRecording_cut.wav,4.333333333,0.577350269,0.653333333,3
30487925_MinPolqaSfbRecording_cut.wav,3.333333333,0.577350269,0.653333333,3
27664835_MinPolqaSfbRecording_cut.wav,4.0,0.0,0.0,3
30513555_MinPolqaSfbRecording_cut.wav,3.666666667,1.154700538,1.306666667,3
28651717_MinPolqaSfbRecording_cut.wav,4.666666667,0.577350269,0.653333333,3
28653266_MinPolqaSfbRecording_cut.wav,4.666666667,0.577350269,0.653333333,3
30152377_MinPolqaSfbRecording_cut.wav,1.666666667,0.577350269,0.653333333,3
30109231_MinPolqaSfbRecording_cut.wav,2.0,1.0,1.131606528,3
30180222_MinPolqaSfbRecording_cut.wav,2.5,0.707106781,0.98,2
30192578_MinPolqaSfbRecording_cut.wav,4.0,0.0,0.0,2
28324308_MinPolqaSfbRecording_cut.wav,3.5,0.707106781,0.98,2
30089160_MinPolqaSfbRecording_cut.wav,3.0,0.0,0.0,2
28213691_MinPolqaSfbRecording_cut.wav,3.0,0.0,0.0,2
30143053_MinPolqaSfbRecording_cut.wav,2.5,0.707106781,0.98,2
30504692_MinPolqaSfbRecording_cut.wav,1.5,0.707106781,0.98,2
30519590_MinPolqaSfbRecording_cut.wav,1.5,0.707106781,0.98,2
30249736_MinPolqaSfbRecording_cut.wav,1.5,0.577350269,0.565803264,4
28030026_MinPolqaSfbRecording_cut.wav,3.0,0.816496581,0.800166649,4
30073033_MinPolqaSfbRecording_cut.wav,1.5,0.577350269,0.565803264,4
30438639_MinPolqaSfbRecording_cut.wav,1.0,0.0,0.0,4
28069450_MinPolqaSfbRecording_cut.wav,4.5,0.577350269,0.565803264,4
30442118_MinPolqaSfbRecording_cut.wav,3.5,1.0,0.98,4
28514513_MinPolqaSfbRecording_cut.wav,4.25,0.5,0.49,4
27725907_MinPolqaSfbRecording_cut.wav,4.5,0.577350269,0.565803264,4
28589539_MinPolqaSfbRecording_cut.wav,3.5,1.290994449,1.26517456,4
30465745_MinPolqaSfbRecording_cut.wav,1.5,1.0,0.98,4
30407248_MinPolqaSfbRecording_cut.wav,1.75,0.957427108,0.938278566,4
28652951_MinPolqaSfbRecording_cut.wav,3.25,1.258305739,1.233139624,4
30063184_MinPolqaSfbRecording_cut.wav,1.75,0.957427108,0.938278566,4
30432924_MinPolqaSfbRecording_cut.wav,1.75,0.957427108,0.938278566,4
30519769_MinPolqaSfbRecording_cut.wav,2.0,0.816496581,0.800166649,4
27696988_MinPolqaSfbRecording_cut.wav,3.25,0.5,0.49,4
30141117_MinPolqaSfbRecording_cut.wav,2.75,0.957427108,0.938278566,4
30416910_MinPolqaSfbRecording_cut.wav,2.2,1.303840481,1.142866571,5
28155115_MinPolqaSfbRecording_cut.wav,3.2,0.836660027,0.733364848,5
30132394_MinPolqaSfbRecording_cut.wav,3.4,0.894427191,0.784,5
30148872_MinPolqaSfbRecording_cut.wav,2.8,1.788854382,1.568,5
30491668_MinPolqaSfbRecording_cut.wav,4.0,1.224744871,1.073536213,5
27863319_MinPolqaSfbRecording_cut.wav,5.0,0.0,0.0,5
29539018_MinPolqaSfbRecording_cut.wav,2.8,1.095445115,0.960199979,5
28641120_MinPolqaSfbRecording_cut.wav,3.75,0.5,0.49,4
30443567_MinPolqaSfbRecording_cut.wav,2.75,0.5,0.49,4
30144780_MinPolqaSfbRecording_cut.wav,3.75,0.957427108,0.938278566,4
30451065_MinPolqaSfbRecording_cut.wav,3.0,0.816496581,0.800166649,4
30449110_MinPolqaSfbRecording_cut.wav,4.25,0.5,0.49,4
27603147_MinPolqaSfbRecording_cut.wav,4.25,0.5,0.49,4
30114049_MinPolqaSfbRecording_cut.wav,2.0,1.414213562,1.385929291,4
30404245_MinPolqaSfbRecording_cut.wav,3.0,0.816496581,0.800166649,4
29539173_MinPolqaSfbRecording_cut.wav,2.5,0.577350269,0.565803264,4
30505472_MinPolqaSfbRecording_cut.wav,1.25,0.5,0.49,4
30527042_MinPolqaSfbRecording_cut.wav,3.333333333,1.154700538,1.306666667,3
30503558_MinPolqaSfbRecording_cut.wav,2.666666667,1.527525232,1.728557523,3
30180805_MinPolqaSfbRecording_cut.wav,3.0,2.0,2.263213055,3
30422422_MinPolqaSfbRecording_cut.wav,2.0,1.0,1.131606528,3
30171888_MinPolqaSfbRecording_cut.wav,3.666666667,0.577350269,0.653333333,3
27943728_MinPolqaSfbRecording_cut.wav,3.0,1.0,1.131606528,3
30144860_MinPolqaSfbRecording_cut.wav,5.0,0.0,0.0,3
28696603_MinPolqaSfbRecording_cut.wav,4.0,1.0,1.131606528,3
30092751_MinPolqaSfbRecording_cut.wav,2.8,1.643167673,1.440299969,5
30212966_MinPolqaSfbRecording_cut.wav,2.6,1.140175425,0.999407825,5
30488106_MinPolqaSfbRecording_cut.wav,2.6,1.341640786,1.176,5
30438519_MinPolqaSfbRecording_cut.wav,2.4,1.516575089,1.329336677,5
28799669_MinPolqaSfbRecording_cut.wav,3.4,1.140175425,0.999407825,5
27509532_MinPolqaSfbRecording_cut.wav,4.6,0.547722558,0.48009999,5
30530138_MinPolqaSfbRecording_cut.wav,2.2,1.643167673,1.440299969,5
28014855_MinPolqaSfbRecording_cut.wav,3.6,1.140175425,0.999407825,5
30140699_MinPolqaSfbRecording_cut.wav,3.0,1.414213562,1.385929291,4
30519600_MinPolqaSfbRecording_cut.wav,2.0,1.154700538,1.131606528,4
30428997_MinPolqaSfbRecording_cut.wav,3.75,0.957427108,0.938278566,4
30407884_MinPolqaSfbRecording_cut.wav,1.5,1.0,0.98,4
30082063_MinPolqaSfbRecording_cut.wav,2.25,1.5,1.47,4
30143829_MinPolqaSfbRecording_cut.wav,1.5,0.577350269,0.565803264,4
30501303_MinPolqaSfbRecording_cut.wav,3.5,1.0,0.98,4
30149947_MinPolqaSfbRecording_cut.wav,3.25,0.5,0.49,4
30104483_MinPolqaSfbRecording_cut.wav,2.0,1.414213562,1.385929291,4
30080823_MinPolqaSfbRecording_cut.wav,1.25,0.5,0.49,4
30126160_MinPolqaSfbRecording_cut.wav,3.5,0.577350269,0.565803264,4
30117028_MinPolqaSfbRecording_cut.wav,3.25,0.957427108,0.938278566,4
27722076_MinPolqaSfbRecording_cut.wav,3.75,0.5,0.49,4
30515722_MinPolqaSfbRecording_cut.wav,4.0,0.816496581,0.800166649,4
30168719_MinPolqaSfbRecording_cut.wav,3.25,1.258305739,1.233139624,4
30432872_MinPolqaSfbRecording_cut.wav,3.0,1.154700538,1.131606528,4
30403777_MinPolqaSfbRecording_cut.wav,4.0,0.816496581,0.800166649,4
30428041_MinPolqaSfbRecording_cut.wav,4.25,0.5,0.49,4
30471876_MinPolqaSfbRecording_cut.wav,4.0,1.732050808,1.96,3
30145171_MinPolqaSfbRecording_cut.wav,3.333333333,1.154700538,1.306666667,3
30491197_MinPolqaSfbRecording_cut.wav,3.0,1.0,1.131606528,3
30497485_MinPolqaSfbRecording_cut.wav,2.0,1.0,1.131606528,3
28318343_MinPolqaSfbRecording_cut.wav,3.666666667,1.154700538,1.306666667,3
27642713_MinPolqaSfbRecording_cut.wav,4.666666667,0.577350269,0.653333333,3
28139071_MinPolqaSfbRecording_cut.wav,4.0,1.0,1.131606528,3
30451759_MinPolqaSfbRecording_cut.wav,4.666666667,0.577350269,0.653333333,3
30157127_MinPolqaSfbRecording_cut.wav,3.25,0.957427108,0.938278566,4
30209338_MinPolqaSfbRecording_cut.wav,3.0,0.816496581,0.800166649,4
28507146_MinPolqaSfbRecording_cut.wav,4.5,0.577350269,0.565803264,4
29556418_MinPolqaSfbRecording_cut.wav,1.5,0.577350269,0.565803264,4
30142251_MinPolqaSfbRecording_cut.wav,2.25,0.5,0.49,4
30128706_MinPolqaSfbRecording_cut.wav,2.25,0.957427108,0.938278566,4
29042737_MinPolqaSfbRecording_cut.wav,3.666666667,0.577350269,0.653333333,3
30528434_MinPolqaSfbRecording_cut.wav,2.666666667,0.577350269,0.653333333,3
29540716_MinPolqaSfbRecording_cut.wav,1.333333333,0.577350269,0.653333333,3
28812209_MinPolqaSfbRecording_cut.wav,3.666666667,0.577350269,0.653333333,3
30452985_MinPolqaSfbRecording_cut.wav,1.0,0.0,0.0,3
30113641_MinPolqaSfbRecording_cut.wav,3.333333333,0.577350269,0.653333333,3
28032007_MinPolqaSfbRecording_cut.wav,3.0,0.0,0.0,3
28241523_MinPolqaSfbRecording_cut.wav,3.666666667,0.577350269,0.653333333,3
30488771_MinPolqaSfbRecording_cut.wav,3.333333333,0.577350269,0.653333333,3
30106832_MinPolqaSfbRecording_cut.wav,1.25,0.5,0.49,4
30493293_MinPolqaSfbRecording_cut.wav,1.0,0.0,0.0,4
30143041_MinPolqaSfbRecording_cut.wav,4.25,0.5,0.49,4
28134798_MinPolqaSfbRecording_cut.wav,3.5,1.0,0.98,4
30531943_MinPolqaSfbRecording_cut.wav,1.5,0.577350269,0.565803264,4
28335916_MinPolqaSfbRecording_cut.wav,4.0,0.816496581,0.800166649,4
28312832_MinPolqaSfbRecording_cut.wav,4.0,0.0,0.0,4
30493306_MinPolqaSfbRecording_cut.wav,3.25,0.957427108,0.938278566,4
30058062_MinPolqaSfbRecording_cut.wav,4.0,1.0,0.876538647,5
30118586_MinPolqaSfbRecording_cut.wav,3.6,0.547722558,0.48009999,5
30522161_MinPolqaSfbRecording_cut.wav,1.8,0.836660027,0.733364848,5
30136141_MinPolqaSfbRecording_cut.wav,3.2,0.447213595,0.392,5
30090533_MinPolqaSfbRecording_cut.wav,3.4,0.547722558,0.48009999,5
27881321_MinPolqaSfbRecording_cut.wav,3.8,0.447213595,0.392,5
30151986_MinPolqaSfbRecording_cut.wav,4.0,0.707106781,0.619806421,5
30165750_MinPolqaSfbRecording_cut.wav,3.6,0.547722558,0.48009999,5
28489048_MinPolqaSfbRecording_cut.wav,4.2,0.447213595,0.392,5
30108344_MinPolqaSfbRecording_cut.wav,2.8,0.447213595,0.392,5
28450042_MinPolqaSfbRecording_cut.wav,4.0,0.707106781,0.619806421,5
29023926_MinPolqaSfbRecording_cut.wav,4.0,1.0,0.876538647,5
27919205_MinPolqaSfbRecording_cut.wav,4.2,0.447213595,0.392,5
30107903_MinPolqaSfbRecording_cut.wav,3.4,0.547722558,0.48009999,5
30071699_MinPolqaSfbRecording_cut.wav,2.6,1.140175425,0.999407825,5
30121069_MinPolqaSfbRecording_cut.wav,2.0,1.224744871,1.073536213,5
27512250_MinPolqaSfbRecording_cut.wav,3.6,0.894427191,0.784,5
29536154_MinPolqaSfbRecording_cut.wav,3.2,1.303840481,1.142866571,5
30129982_MinPolqaSfbRecording_cut.wav,3.0,1.0,0.876538647,5
30513192_MinPolqaSfbRecording_cut.wav,2.0,0.707106781,0.619806421,5
28299307_MinPolqaSfbRecording_cut.wav,3.6,1.140175425,0.999407825,5
30141187_MinPolqaSfbRecording_cut.wav,2.0,0.707106781,0.619806421,5
30430531_MinPolqaSfbRecording_cut.wav,1.2,0.447213595,0.392,5
30509133_MinPolqaSfbRecording_cut.wav,3.4,0.894427191,0.784,5
30509436_MinPolqaSfbRecording_cut.wav,3.2,0.447213595,0.392,5
30076319_MinPolqaSfbRecording_cut.wav,2.6,1.140175425,0.999407825,5
29048089_MinPolqaSfbRecording_cut.wav,5.0,0.0,0.0,2
28318141_MinPolqaSfbRecording_cut.wav,4.5,0.707106781,0.98,2
27871262_MinPolqaSfbRecording_cut.wav,4.5,0.707106781,0.98,2
27623386_MinPolqaSfbRecording_cut.wav,4.0,0.0,0.0,2
28019590_MinPolqaSfbRecording_cut.wav,4.5,0.707106781,0.98,2
28922811_MinPolqaSfbRecording_cut.wav,3.0,0.0,0.0,2
30095484_MinPolqaSfbRecording_cut.wav,2.5,0.707106781,0.98,2
30406994_MinPolqaSfbRecording_cut.wav,3.25,0.957427108,0.938278566,4
30107613_MinPolqaSfbRecording_cut.wav,1.5,0.577350269,0.565803264,4
28679765_MinPolqaSfbRecording_cut.wav,3.75,0.5,0.49,4
30429193_MinPolqaSfbRecording_cut.wav,1.75,0.5,0.49,4
30114051_MinPolqaSfbRecording_cut.wav,1.5,0.577350269,0.565803264,4
28736617_MinPolqaSfbRecording_cut.wav,3.75,1.258305739,1.233139624,4
30500959_MinPolqaSfbRecording_cut.wav,3.25,0.5,0.49,4
30453263_MinPolqaSfbRecording_cut.wav,3.5,0.577350269,0.565803264,4
30431149_MinPolqaSfbRecording_cut.wav,3.0,1.224744871,1.073536213,5
28951062_MinPolqaSfbRecording_cut.wav,3.4,0.547722558,0.48009999,5
28842944_MinPolqaSfbRecording_cut.wav,3.6,1.140175425,0.999407825,5
30425023_MinPolqaSfbRecording_cut.wav,2.8,1.303840481,1.142866571,5
30213698_MinPolqaSfbRecording_cut.wav,3.0,0.707106781,0.619806421,5
30212336_MinPolqaSfbRecording_cut.wav,3.8,1.095445115,0.960199979,5
30406721_MinPolqaSfbRecording_cut.wav,2.8,1.095445115,0.960199979,5
30112603_MinPolqaSfbRecording_cut.wav,4.0,0.707106781,0.619806421,5
30261974_MinPolqaSfbRecording_cut.wav,3.8,0.836660027,0.733364848,5
30069978_MinPolqaSfbRecording_cut.wav,2.8,0.836660027,0.733364848,5
30200036_MinPolqaSfbRecording_cut.wav,2.6,1.140175425,0.999407825,5
29030101_MinPolqaSfbRecording_cut.wav,4.8,0.447213595,0.392,5
30148018_MinPolqaSfbRecording_cut.wav,2.8,0.836660027,0.733364848,5
30516644_MinPolqaSfbRecording_cut.wav,1.0,0.0,0.0,5
30214065_MinPolqaSfbRecording_cut.wav,2.8,0.836660027,0.733364848,5
28869272_MinPolqaSfbRecording_cut.wav,3.0,0.707106781,0.619806421,5
30422388_MinPolqaSfbRecording_cut.wav,2.2,0.447213595,0.392,5
30169745_MinPolqaSfbRecording_cut.wav,4.2,0.836660027,0.733364848,5
30523696_MinPolqaSfbRecording_cut.wav,3.0,0.707106781,0.619806421,5
30192006_MinPolqaSfbRecording_cut.wav,3.5,1.290994449,1.26517456,4
30174185_MinPolqaSfbRecording_cut.wav,2.0,0.0,0.0,4
30490683_MinPolqaSfbRecording_cut.wav,1.25,0.5,0.49,4
30497288_MinPolqaSfbRecording_cut.wav,3.5,1.290994449,1.26517456,4
27511571_MinPolqaSfbRecording_cut.wav,4.75,0.5,0.49,4
30108091_MinPolqaSfbRecording_cut.wav,2.0,0.816496581,0.800166649,4
30083810_MinPolqaSfbRecording_cut.wav,1.75,0.5,0.49,4
27772765_MinPolqaSfbRecording_cut.wav,4.25,0.5,0.49,4
30479037_MinPolqaSfbRecording_cut.wav,3.25,1.5,1.47,4
30522137_MinPolqaSfbRecording_cut.wav,3.6,0.894427191,0.784,5
30113540_MinPolqaSfbRecording_cut.wav,3.8,1.303840481,1.142866571,5
30251218_MinPolqaSfbRecording_cut.wav,2.6,0.894427191,0.784,5
30132158_MinPolqaSfbRecording_cut.wav,1.2,0.447213595,0.392,5
30156605_MinPolqaSfbRecording_cut.wav,3.0,1.0,0.876538647,5
30507765_MinPolqaSfbRecording_cut.wav,2.333333333,0.577350269,0.653333333,3
30098768_MinPolqaSfbRecording_cut.wav,1.0,0.0,0.0,3
30155585_MinPolqaSfbRecording_cut.wav,2.666666667,0.577350269,0.653333333,3
30159604_MinPolqaSfbRecording_cut.wav,2.333333333,0.577350269,0.653333333,3
30496999_MinPolqaSfbRecording_cut.wav,3.0,1.0,1.131606528,3
30510027_MinPolqaSfbRecording_cut.wav,1.666666667,0.577350269,0.653333333,3
30404272_MinPolqaSfbRecording_cut.wav,1.0,0.0,0.0,3
30149361_MinPolqaSfbRecording_cut.wav,1.666666667,0.577350269,0.653333333,3
27912545_MinPolqaSfbRecording_cut.wav,4.0,0.816496581,0.800166649,4
30451633_MinPolqaSfbRecording_cut.wav,2.0,0.0,0.0,4
30462638_MinPolqaSfbRecording_cut.wav,3.5,0.577350269,0.565803264,4
30493670_MinPolqaSfbRecording_cut.wav,2.5,0.577350269,0.565803264,4
28557293_MinPolqaSfbRecording_cut.wav,4.0,0.816496581,0.800166649,4
30119710_MinPolqaSfbRecording_cut.wav,3.0,0.0,0.0,4
30481310_MinPolqaSfbRecording_cut.wav,4.0,0.816496581,0.800166649,4
27957014_MinPolqaSfbRecording_cut.wav,5.0,0.0,0.0,4
30508910_MinPolqaSfbRecording_cut.wav,2.5,1.290994449,1.26517456,4
30104313_MinPolqaSfbRecording_cut.wav,3.75,0.5,0.49,4
30427674_MinPolqaSfbRecording_cut.wav,3.0,1.414213562,1.385929291,4
30090100_MinPolqaSfbRecording_cut.wav,3.25,1.5,1.47,4
27696005_MinPolqaSfbRecording_cut.wav,4.0,0.816496581,0.800166649,4
30096102_MinPolqaSfbRecording_cut.wav,3.5,1.732050808,1.697409791,4
30125286_MinPolqaSfbRecording_cut.wav,3.25,1.5,1.47,4
28685650_MinPolqaSfbRecording_cut.wav,2.75,1.258305739,1.233139624,4
30158415_MinPolqaSfbRecording_cut.wav,2.6,0.894427191,0.784,5
30510910_MinPolqaSfbRecording_cut.wav,2.6,1.516575089,1.329336677,5
30450559_MinPolqaSfbRecording_cut.wav,2.2,0.447213595,0.392,5
28660605_MinPolqaSfbRecording_cut.wav,4.0,0.707106781,0.619806421,5
27731657_MinPolqaSfbRecording_cut.wav,3.4,1.140175425,0.999407825,5
29536398_MinPolqaSfbRecording_cut.wav,3.6,1.140175425,0.999407825,5
29534974_MinPolqaSfbRecording_cut.wav,1.2,0.447213595,0.392,5
30144166_MinPolqaSfbRecording_cut.wav,1.333333333,0.577350269,0.653333333,3
30513790_MinPolqaSfbRecording_cut.wav,3.666666667,0.577350269,0.653333333,3
30438051_MinPolqaSfbRecording_cut.wav,2.0,1.0,1.131606528,3
27923507_MinPolqaSfbRecording_cut.wav,4.333333333,0.577350269,0.653333333,3
28996900_MinPolqaSfbRecording_cut.wav,4.666666667,0.577350269,0.653333333,3
30113703_MinPolqaSfbRecording_cut.wav,3.666666667,0.577350269,0.653333333,3
30091964_MinPolqaSfbRecording_cut.wav,3.333333333,0.577350269,0.653333333,3
30466178_MinPolqaSfbRecording_cut.wav,3.0,1.0,1.131606528,3
28328872_MinPolqaSfbRecording_cut.wav,3.0,0.0,0.0,3
30078681_MinPolqaSfbRecording_cut.wav,4.0,0.0,0.0,3
30130831_MinPolqaSfbRecording_cut.wav,3.0,1.414213562,1.239612843,5
30485078_MinPolqaSfbRecording_cut.wav,3.6,0.894427191,0.784,5
30166408_MinPolqaSfbRecording_cut.wav,1.8,0.836660027,0.733364848,5
30523739_MinPolqaSfbRecording_cut.wav,3.6,0.894427191,0.784,5
30491683_MinPolqaSfbRecording_cut.wav,2.8,0.836660027,0.733364848,5
27601093_MinPolqaSfbRecording_cut.wav,3.6,1.140175425,0.999407825,5
30145666_MinPolqaSfbRecording_cut.wav,2.6,1.140175425,0.999407825,5
30185463_MinPolqaSfbRecording_cut.wav,1.8,0.836660027,0.733364848,5
30177366_MinPolqaSfbRecording_cut.wav,3.333333333,0.577350269,0.653333333,3
30491360_MinPolqaSfbRecording_cut.wav,2.666666667,0.577350269,0.653333333,3
30482610_MinPolqaSfbRecording_cut.wav,3.333333333,1.154700538,1.306666667,3
28297142_MinPolqaSfbRecording_cut.wav,4.333333333,0.577350269,0.653333333,3
30142461_MinPolqaSfbRecording_cut.wav,3.666666667,0.577350269,0.653333333,3
30156137_MinPolqaSfbRecording_cut.wav,2.333333333,0.577350269,0.653333333,3
30133558_MinPolqaSfbRecording_cut.wav,2.666666667,0.577350269,0.653333333,3
30483841_MinPolqaSfbRecording_cut.wav,3.333333333,0.577350269,0.653333333,3
30429109_MinPolqaSfbRecording_cut.wav,3.0,0.707106781,0.619806421,5
30091761_MinPolqaSfbRecording_cut.wav,1.2,0.447213595,0.392,5
30092699_MinPolqaSfbRecording_cut.wav,2.0,0.707106781,0.619806421,5
30486318_MinPolqaSfbRecording_cut.wav,3.2,0.447213595,0.392,5
30409521_MinPolqaSfbRecording_cut.wav,2.6,0.547722558,0.48009999,5
30428875_MinPolqaSfbRecording_cut.wav,2.6,0.547722558,0.48009999,5
30527855_MinPolqaSfbRecording_cut.wav,1.8,0.447213595,0.392,5
30471772_MinPolqaSfbRecording_cut.wav,2.8,0.836660027,0.733364848,5
30464539_MinPolqaSfbRecording_cut.wav,2.0,0.707106781,0.619806421,5
30481240_MinPolqaSfbRecording_cut.wav,3.0,0.816496581,0.800166649,4
27770200_MinPolqaSfbRecording_cut.wav,4.25,0.957427108,0.938278566,4
30099851_MinPolqaSfbRecording_cut.wav,1.5,0.577350269,0.565803264,4
30413532_MinPolqaSfbRecording_cut.wav,3.5,1.0,0.98,4
29542819_MinPolqaSfbRecording_cut.wav,2.5,0.577350269,0.565803264,4
27664030_MinPolqaSfbRecording_cut.wav,4.0,0.816496581,0.800166649,4
28547576_MinPolqaSfbRecording_cut.wav,3.5,0.577350269,0.565803264,4
30119269_MinPolqaSfbRecording_cut.wav,3.2,0.836660027,0.733364848,5
30138538_MinPolqaSfbRecording_cut.wav,3.4,0.547722558,0.48009999,5
27654217_MinPolqaSfbRecording_cut.wav,3.4,0.894427191,0.784,5
30254047_MinPolqaSfbRecording_cut.wav,2.8,0.836660027,0.733364848,5
30522054_MinPolqaSfbRecording_cut.wav,3.0,0.707106781,0.619806421,5
30150298_MinPolqaSfbRecording_cut.wav,3.6,0.547722558,0.48009999,5
30155465_MinPolqaSfbRecording_cut.wav,3.2,0.447213595,0.392,5
30158194_MinPolqaSfbRecording_cut.wav,2.4,0.894427191,0.784,5
29542933_MinPolqaSfbRecording_cut.wav,2.0,0.707106781,0.619806421,5
30474737_MinPolqaSfbRecording_cut.wav,1.8,1.095445115,0.960199979,5
28975021_MinPolqaSfbRecording_cut.wav,4.0,0.816496581,0.800166649,4
30072028_MinPolqaSfbRecording_cut.wav,4.0,0.0,0.0,4
29533867_MinPolqaSfbRecording_cut.wav,4.5,0.577350269,0.565803264,4
28456253_MinPolqaSfbRecording_cut.wav,4.75,0.5,0.49,4
28903374_MinPolqaSfbRecording_cut.wav,4.5,0.577350269,0.565803264,4
30527643_MinPolqaSfbRecording_cut.wav,3.75,0.5,0.49,4
30461472_MinPolqaSfbRecording_cut.wav,5.0,0.0,0.0,4
30166903_MinPolqaSfbRecording_cut.wav,3.0,0.816496581,0.800166649,4
30061532_MinPolqaSfbRecording_cut.wav,2.0,0.0,0.0,4
30082211_MinPolqaSfbRecording_cut.wav,2.75,0.5,0.49,4
30152415_MinPolqaSfbRecording_cut.wav,3.5,1.290994449,1.26517456,4
30147635_MinPolqaSfbRecording_cut.wav,3.25,0.957427108,0.938278566,4
28518720_MinPolqaSfbRecording_cut.wav,4.75,0.5,0.49,4
30078442_MinPolqaSfbRecording_cut.wav,3.5,1.290994449,1.26517456,4
30210409_MinPolqaSfbRecording_cut.wav,3.25,0.5,0.49,4
30460248_MinPolqaSfbRecording_cut.wav,4.0,0.816496581,0.800166649,4
30467927_MinPolqaSfbRecording_cut.wav,2.75,0.957427108,0.938278566,4
30423401_MinPolqaSfbRecording_cut.wav,3.5,0.577350269,0.565803264,4
30407165_MinPolqaSfbRecording_cut.wav,4.0,0.707106781,0.619806421,5
30202867_MinPolqaSfbRecording_cut.wav,1.0,0.0,0.0,5
30068902_MinPolqaSfbRecording_cut.wav,3.4,1.140175425,0.999407825,5
30138657_MinPolqaSfbRecording_cut.wav,1.6,0.547722558,0.48009999,5
30500917_MinPolqaSfbRecording_cut.wav,3.4,0.547722558,0.48009999,5
27950174_MinPolqaSfbRecording_cut.wav,3.8,0.447213595,0.392,5
30084835_MinPolqaSfbRecording_cut.wav,2.0,1.0,0.876538647,5
30144775_MinPolqaSfbRecording_cut.wav,4.0,0.0,0.0,5
30427431_MinPolqaSfbRecording_cut.wav,3.0,0.707106781,0.619806421,5
29019523_MinPolqaSfbRecording_cut.wav,3.6,0.547722558,0.48009999,5
27983852_MinPolqaSfbRecording_cut.wav,4.0,0.0,0.0,4
30152510_MinPolqaSfbRecording_cut.wav,2.0,0.816496581,0.800166649,4
30097346_MinPolqaSfbRecording_cut.wav,3.25,0.5,0.49,4
30182177_MinPolqaSfbRecording_cut.wav,3.0,0.0,0.0,4
30166540_MinPolqaSfbRecording_cut.wav,4.0,0.0,0.0,4
30120385_MinPolqaSfbRecording_cut.wav,2.75,0.5,0.49,4
28504065_MinPolqaSfbRecording_cut.wav,4.0,0.816496581,0.800166649,4
30421594_MinPolqaSfbRecording_cut.wav,2.0,0.816496581,0.800166649,4
30206498_MinPolqaSfbRecording_cut.wav,2.75,1.258305739,1.233139624,4
30185917_MinPolqaSfbRecording_cut.wav,2.75,0.5,0.49,4
30097750_MinPolqaSfbRecording_cut.wav,2.4,0.547722558,0.48009999,5
29537719_MinPolqaSfbRecording_cut.wav,2.8,0.836660027,0.733364848,5
30080420_MinPolqaSfbRecording_cut.wav,1.2,0.447213595,0.392,5
30136482_MinPolqaSfbRecording_cut.wav,3.0,0.0,0.0,5
29530660_MinPolqaSfbRecording_cut.wav,3.6,1.140175425,0.999407825,5
27806241_MinPolqaSfbRecording_cut.wav,4.0,0.0,0.0,5
30064882_MinPolqaSfbRecording_cut.wav,2.2,0.836660027,0.733364848,5
30177527_MinPolqaSfbRecording_cut.wav,2.4,0.894427191,0.784,5
30095463_MinPolqaSfbRecording_cut.wav,3.0,1.154700538,1.131606528,4
30200960_MinPolqaSfbRecording_cut.wav,2.0,0.816496581,0.800166649,4
28441396_MinPolqaSfbRecording_cut.wav,3.75,0.957427108,0.938278566,4
30468009_MinPolqaSfbRecording_cut.wav,2.0,0.816496581,0.800166649,4
30150719_MinPolqaSfbRecording_cut.wav,3.5,0.577350269,0.565803264,4
30436419_MinPolqaSfbRecording_cut.wav,2.5,0.577350269,0.565803264,4
28144361_MinPolqaSfbRecording_cut.wav,3.0,0.816496581,0.800166649,4
30085183_MinPolqaSfbRecording_cut.wav,3.25,0.5,0.49,4
30128571_MinPolqaSfbRecording_cut.wav,2.4,0.894427191,0.784,5
30411661_MinPolqaSfbRecording_cut.wav,4.4,0.547722558,0.48009999,5
30508095_MinPolqaSfbRecording_cut.wav,3.2,0.836660027,0.733364848,5
30466452_MinPolqaSfbRecording_cut.wav,2.8,1.095445115,0.960199979,5
28117760_MinPolqaSfbRecording_cut.wav,3.6,0.547722558,0.48009999,5
29543661_MinPolqaSfbRecording_cut.wav,1.8,0.836660027,0.733364848,5
30256425_MinPolqaSfbRecording_cut.wav,3.6,0.894427191,0.784,5
30491251_MinPolqaSfbRecording_cut.wav,3.8,0.836660027,0.733364848,5
30437693_MinPolqaSfbRecording_cut.wav,4.0,0.0,0.0,5
30101121_MinPolqaSfbRecording_cut.wav,2.0,1.414213562,1.239612843,5
30208784_MinPolqaSfbRecording_cut.wav,4.0,0.0,0.0,5
30209445_MinPolqaSfbRecording_cut.wav,2.8,1.483239697,1.300116918,5
30156791_MinPolqaSfbRecording_cut.wav,2.0,1.732050808,1.518209472,5
27687439_MinPolqaSfbRecording_cut.wav,4.4,0.547722558,0.48009999,5
30483634_MinPolqaSfbRecording_cut.wav,3.6,0.547722558,0.48009999,5
30121318_MinPolqaSfbRecording_cut.wav,2.8,1.303840481,1.142866571,5
30158083_MinPolqaSfbRecording_cut.wav,3.75,0.5,0.49,4
30150229_MinPolqaSfbRecording_cut.wav,3.0,0.816496581,0.800166649,4
30257969_MinPolqaSfbRecording_cut.wav,4.5,0.577350269,0.565803264,4
30179022_MinPolqaSfbRecording_cut.wav,4.5,0.577350269,0.565803264,4
30100780_MinPolqaSfbRecording_cut.wav,4.0,0.0,0.0,4
30070463_MinPolqaSfbRecording_cut.wav,3.0,0.816496581,0.800166649,4
30124969_MinPolqaSfbRecording_cut.wav,2.75,0.957427108,0.938278566,4
28487611_MinPolqaSfbRecording_cut.wav,3.5,1.0,0.98,4
30414230_MinPolqaSfbRecording_cut.wav,3.75,0.957427108,0.938278566,4
30129097_MinPolqaSfbRecording_cut.wav,1.75,0.5,0.49,4
30093042_MinPolqaSfbRecording_cut.wav,1.5,0.577350269,0.565803264,4
27771080_MinPolqaSfbRecording_cut.wav,3.75,0.5,0.49,4
28552174_MinPolqaSfbRecording_cut.wav,3.75,0.957427108,0.938278566,4
30142566_MinPolqaSfbRecording_cut.wav,1.0,0.0,0.0,4
28066152_MinPolqaSfbRecording_cut.wav,3.75,0.5,0.49,4
30138906_MinPolqaSfbRecording_cut.wav,1.5,0.577350269,0.565803264,4
30427586_MinPolqaSfbRecording_cut.wav,1.0,0.0,0.0,4
30148483_MinPolqaSfbRecording_cut.wav,1.75,0.957427108,0.938278566,4
30460811_MinPolqaSfbRecording_cut.wav,3.75,0.5,0.49,4
30529318_MinPolqaSfbRecording_cut.wav,1.75,0.5,0.49,4
30427088_MinPolqaSfbRecording_cut.wav,3.0,0.0,0.0,3
30177423_MinPolqaSfbRecording_cut.wav,2.333333333,0.577350269,0.653333333,3
28477523_MinPolqaSfbRecording_cut.wav,3.666666667,0.577350269,0.653333333,3
30522223_MinPolqaSfbRecording_cut.wav,1.333333333,0.577350269,0.653333333,3
29535255_MinPolqaSfbRecording_cut.wav,2.666666667,0.577350269,0.653333333,3
30107166_MinPolqaSfbRecording_cut.wav,2.0,0.0,0.0,3
30150857_MinPolqaSfbRecording_cut.wav,3.0,0.0,0.0,3
28874774_MinPolqaSfbRecording_cut.wav,3.333333333,0.577350269,0.653333333,3
30531172_MinPolqaSfbRecording_cut.wav,1.0,0.0,0.0,3
30202175_MinPolqaSfbRecording_cut.wav,3.0,0.707106781,0.619806421,5
30119780_MinPolqaSfbRecording_cut.wav,3.0,1.58113883,1.385929291,5
30200844_MinPolqaSfbRecording_cut.wav,3.6,0.894427191,0.784,5
30527199_MinPolqaSfbRecording_cut.wav,3.4,1.516575089,1.329336677,5
28557061_MinPolqaSfbRecording_cut.wav,3.8,1.095445115,0.960199979,5
30067606_MinPolqaSfbRecording_cut.wav,3.2,1.483239697,1.300116918,5
30507027_MinPolqaSfbRecording_cut.wav,2.6,1.140175425,0.999407825,5
30409709_MinPolqaSfbRecording_cut.wav,3.0,0.707106781,0.619806421,5
30142633_MinPolqaSfbRecording_cut.wav,3.2,1.303840481,1.142866571,5
30101040_MinPolqaSfbRecording_cut.wav,3.0,1.0,1.131606528,3
30523783_MinPolqaSfbRecording_cut.wav,3.0,1.0,1.131606528,3
28884182_MinPolqaSfbRecording_cut.wav,4.0,0.0,0.0,3
30165880_MinPolqaSfbRecording_cut.wav,3.0,0.0,0.0,3
30438942_MinPolqaSfbRecording_cut.wav,3.0,1.0,1.131606528,3
29542503_MinPolqaSfbRecording_cut.wav,3.666666667,0.577350269,0.653333333,3
30437305_MinPolqaSfbRecording_cut.wav,2.333333333,1.154700538,1.306666667,3
28923407_MinPolqaSfbRecording_cut.wav,2.6,0.547722558,0.48009999,5
30430053_MinPolqaSfbRecording_cut.wav,2.4,0.547722558,0.48009999,5
30161454_MinPolqaSfbRecording_cut.wav,1.8,0.836660027,0.733364848,5
30508229_MinPolqaSfbRecording_cut.wav,1.8,0.836660027,0.733364848,5
30511934_MinPolqaSfbRecording_cut.wav,1.6,0.894427191,0.784,5
30262494_MinPolqaSfbRecording_cut.wav,3.0,0.707106781,0.619806421,5
30501475_MinPolqaSfbRecording_cut.wav,1.8,0.447213595,0.392,5
28588765_MinPolqaSfbRecording_cut.wav,3.4,0.547722558,0.48009999,5
30149436_MinPolqaSfbRecording_cut.wav,1.8,0.447213595,0.392,5
30449462_MinPolqaSfbRecording_cut.wav,2.0,0.707106781,0.619806421,5
30183043_MinPolqaSfbRecording_cut.wav,3.75,1.258305739,1.233139624,4
28792125_MinPolqaSfbRecording_cut.wav,2.75,0.957427108,0.938278566,4
30140803_MinPolqaSfbRecording_cut.wav,3.25,1.707825128,1.673668625,4
27676176_MinPolqaSfbRecording_cut.wav,3.5,0.577350269,0.565803264,4
30151045_MinPolqaSfbRecording_cut.wav,3.75,0.5,0.49,4
27952153_MinPolqaSfbRecording_cut.wav,4.0,0.816496581,0.800166649,4
28528204_MinPolqaSfbRecording_cut.wav,3.25,0.5,0.49,4
30192943_MinPolqaSfbRecording_cut.wav,3.8,0.836660027,0.733364848,5
28289876_MinPolqaSfbRecording_cut.wav,3.2,1.095445115,0.960199979,5
30154262_MinPolqaSfbRecording_cut.wav,3.8,0.836660027,0.733364848,5
30151043_MinPolqaSfbRecording_cut.wav,3.0,1.224744871,1.073536213,5
30504016_MinPolqaSfbRecording_cut.wav,3.6,0.894427191,0.784,5
30091736_MinPolqaSfbRecording_cut.wav,2.8,0.836660027,0.733364848,5
30250323_MinPolqaSfbRecording_cut.wav,2.2,1.095445115,0.960199979,5
30073416_MinPolqaSfbRecording_cut.wav,2.6,1.140175425,0.999407825,5
30527247_MinPolqaSfbRecording_cut.wav,3.4,0.547722558,0.48009999,5
30104747_MinPolqaSfbRecording_cut.wav,3.8,0.836660027,0.733364848,5
30424760_MinPolqaSfbRecording_cut.wav,4.0,1.0,0.876538647,5
30097204_MinPolqaSfbRecording_cut.wav,2.6,0.894427191,0.784,5
30427398_MinPolqaSfbRecording_cut.wav,2.8,0.836660027,0.733364848,5
28441152_MinPolqaSfbRecording_cut.wav,4.0,0.707106781,0.619806421,5
30486451_MinPolqaSfbRecording_cut.wav,3.0,0.707106781,0.619806421,5
28231946_MinPolqaSfbRecording_cut.wav,4.0,0.707106781,0.619806421,5
30068906_MinPolqaSfbRecording_cut.wav,3.0,0.707106781,0.619806421,5
30505925_MinPolqaSfbRecording_cut.wav,2.0,1.224744871,1.073536213,5
30206061_MinPolqaSfbRecording_cut.wav,1.8,1.788854382,1.568,5
28434247_MinPolqaSfbRecording_cut.wav,2.8,1.483239697,1.300116918,5
27718495_MinPolqaSfbRecording_cut.wav,2.2,1.643167673,1.440299969,5
30200128_MinPolqaSfbRecording_cut.wav,2.4,1.140175425,0.999407825,5
30131736_MinPolqaSfbRecording_cut.wav,2.6,1.516575089,1.329336677,5
30484821_MinPolqaSfbRecording_cut.wav,2.0,1.732050808,1.518209472,5
30084731_MinPolqaSfbRecording_cut.wav,3.6,0.894427191,0.784,5
30064169_MinPolqaSfbRecording_cut.wav,2.8,1.303840481,1.142866571,5
30138010_MinPolqaSfbRecording_cut.wav,2.6,1.140175425,0.999407825,5
30092423_MinPolqaSfbRecording_cut.wav,4.0,1.0,0.876538647,5
30193395_MinPolqaSfbRecording_cut.wav,4.4,0.547722558,0.48009999,5
30155301_MinPolqaSfbRecording_cut.wav,3.4,1.140175425,0.999407825,5
30155253_MinPolqaSfbRecording_cut.wav,4.8,0.447213595,0.392,5
30428646_MinPolqaSfbRecording_cut.wav,3.2,1.095445115,0.960199979,5
30531495_MinPolqaSfbRecording_cut.wav,3.2,1.095445115,0.960199979,5
30437861_MinPolqaSfbRecording_cut.wav,2.25,0.957427108,0.938278566,4
30407020_MinPolqaSfbRecording_cut.wav,1.25,0.5,0.49,4
30128702_MinPolqaSfbRecording_cut.wav,2.0,0.0,0.0,4
27851633_MinPolqaSfbRecording_cut.wav,3.75,0.5,0.49,4
29533257_MinPolqaSfbRecording_cut.wav,2.0,0.0,0.0,4
30528019_MinPolqaSfbRecording_cut.wav,1.5,0.577350269,0.565803264,4
30251136_MinPolqaSfbRecording_cut.wav,3.0,0.816496581,0.800166649,4
30195853_MinPolqaSfbRecording_cut.wav,3.25,0.5,0.49,4
30439320_MinPolqaSfbRecording_cut.wav,3.0,0.816496581,0.800166649,4
30137365_MinPolqaSfbRecording_cut.wav,3.8,0.447213595,0.392,5
30481169_MinPolqaSfbRecording_cut.wav,2.2,0.447213595,0.392,5
27747785_MinPolqaSfbRecording_cut.wav,3.4,0.547722558,0.48009999,5
30209941_MinPolqaSfbRecording_cut.wav,4.0,0.707106781,0.619806421,5
30193965_MinPolqaSfbRecording_cut.wav,2.8,0.447213595,0.392,5
30142658_MinPolqaSfbRecording_cut.wav,1.6,0.547722558,0.48009999,5
30432864_MinPolqaSfbRecording_cut.wav,1.2,0.447213595,0.392,5
28609828_MinPolqaSfbRecording_cut.wav,3.4,0.547722558,0.48009999,5
30408006_MinPolqaSfbRecording_cut.wav,1.6,0.894427191,0.784,5
30409268_MinPolqaSfbRecording_cut.wav,2.8,0.836660027,0.733364848,5
30174189_MinPolqaSfbRecording_cut.wav,3.0,0.707106781,0.619806421,5
27745562_MinPolqaSfbRecording_cut.wav,4.4,0.547722558,0.48009999,5
30207774_MinPolqaSfbRecording_cut.wav,2.0,0.707106781,0.619806421,5
28125068_MinPolqaSfbRecording_cut.wav,3.0,0.0,0.0,5
30173777_MinPolqaSfbRecording_cut.wav,2.2,0.836660027,0.733364848,5
30178223_MinPolqaSfbRecording_cut.wav,2.6,1.341640786,1.176,5
27752452_MinPolqaSfbRecording_cut.wav,3.4,0.547722558,0.48009999,5
30483282_MinPolqaSfbRecording_cut.wav,2.25,0.5,0.49,4
28318889_MinPolqaSfbRecording_cut.wav,4.25,0.5,0.49,4
30206624_MinPolqaSfbRecording_cut.wav,3.5,0.577350269,0.565803264,4
30433004_MinPolqaSfbRecording_cut.wav,2.0,0.816496581,0.800166649,4
30075138_MinPolqaSfbRecording_cut.wav,3.25,1.258305739,1.233139624,4
30428777_MinPolqaSfbRecording_cut.wav,2.5,0.577350269,0.565803264,4
27894289_MinPolqaSfbRecording_cut.wav,4.5,0.577350269,0.565803264,4
30472867_MinPolqaSfbRecording_cut.wav,3.0,0.816496581,0.800166649,4
28879872_MinPolqaSfbRecording_cut.wav,3.0,0.816496581,0.800166649,4
30071842_MinPolqaSfbRecording_cut.wav,1.75,0.5,0.49,4
30426289_MinPolqaSfbRecording_cut.wav,3.5,0.577350269,0.565803264,4
28222998_MinPolqaSfbRecording_cut.wav,2.75,0.5,0.49,4
30151059_MinPolqaSfbRecording_cut.wav,2.25,0.5,0.49,4
30096975_MinPolqaSfbRecording_cut.wav,2.25,0.957427108,0.938278566,4
30175076_MinPolqaSfbRecording_cut.wav,3.0,0.0,0.0,4
30434955_MinPolqaSfbRecording_cut.wav,3.5,0.577350269,0.565803264,4
27759063_MinPolqaSfbRecording_cut.wav,3.25,0.5,0.49,4
28789589_MinPolqaSfbRecording_cut.wav,4.5,0.577350269,0.565803264,4
30194952_MinPolqaSfbRecording_cut.wav,1.75,0.957427108,0.938278566,4
30422726_MinPolqaSfbRecording_cut.wav,1.25,0.5,0.49,4
28784513_MinPolqaSfbRecording_cut.wav,4.25,0.957427108,0.938278566,4
30509288_MinPolqaSfbRecording_cut.wav,3.5,1.290994449,1.26517456,4
30103191_MinPolqaSfbRecording_cut.wav,3.25,0.957427108,0.938278566,4
27708697_MinPolqaSfbRecording_cut.wav,5.0,0.0,0.0,4
30209991_MinPolqaSfbRecording_cut.wav,2.8,1.095445115,0.960199979,5
30425446_MinPolqaSfbRecording_cut.wav,3.2,1.095445115,0.960199979,5
30470554_MinPolqaSfbRecording_cut.wav,2.4,0.894427191,0.784,5
30091373_MinPolqaSfbRecording_cut.wav,2.0,0.707106781,0.619806421,5
30426341_MinPolqaSfbRecording_cut.wav,2.4,0.547722558,0.48009999,5
30128703_MinPolqaSfbRecording_cut.wav,2.2,0.836660027,0.733364848,5
30139096_MinPolqaSfbRecording_cut.wav,2.0,1.224744871,1.073536213,5
30098012_MinPolqaSfbRecording_cut.wav,1.2,0.447213595,0.392,5
30261148_MinPolqaSfbRecording_cut.wav,1.4,0.547722558,0.48009999,5
30066842_MinPolqaSfbRecording_cut.wav,1.2,0.447213595,0.392,5
30062286_MinPolqaSfbRecording_cut.wav,3.0,0.816496581,0.800166649,4
30161541_MinPolqaSfbRecording_cut.wav,3.75,0.957427108,0.938278566,4
30506221_MinPolqaSfbRecording_cut.wav,3.25,0.5,0.49,4
30399524_MinPolqaSfbRecording_cut.wav,3.75,0.5,0.49,4
30260295_MinPolqaSfbRecording_cut.wav,3.75,0.5,0.49,4
29536516_MinPolqaSfbRecording_cut.wav,1.5,0.577350269,0.565803264,4
28459993_MinPolqaSfbRecording_cut.wav,3.5,1.0,0.98,4
28950243_MinPolqaSfbRecording_cut.wav,4.75,0.5,0.49,4
30424871_MinPolqaSfbRecording_cut.wav,2.5,1.290994449,1.26517456,4
30437863_MinPolqaSfbRecording_cut.wav,3.0,0.0,0.0,5
30173193_MinPolqaSfbRecording_cut.wav,2.0,0.707106781,0.619806421,5
30439435_MinPolqaSfbRecording_cut.wav,2.4,0.894427191,0.784,5
30168958_MinPolqaSfbRecording_cut.wav,2.0,0.707106781,0.619806421,5
28539373_MinPolqaSfbRecording_cut.wav,4.0,0.707106781,0.619806421,5
30480902_MinPolqaSfbRecording_cut.wav,3.6,0.547722558,0.48009999,5
30181933_MinPolqaSfbRecording_cut.wav,3.75,0.957427108,0.938278566,4
29540368_MinPolqaSfbRecording_cut.wav,4.25,0.957427108,0.938278566,4
30142691_MinPolqaSfbRecording_cut.wav,4.0,0.0,0.0,4
28816966_MinPolqaSfbRecording_cut.wav,4.5,0.577350269,0.565803264,4
30185821_MinPolqaSfbRecording_cut.wav,3.75,1.5,1.47,4
30508790_MinPolqaSfbRecording_cut.wav,3.75,0.957427108,0.938278566,4
30162183_MinPolqaSfbRecording_cut.wav,4.25,0.957427108,0.938278566,4
30260804_MinPolqaSfbRecording_cut.wav,4.25,0.957427108,0.938278566,4
30183371_MinPolqaSfbRecording_cut.wav,3.75,0.957427108,0.938278566,4
30490466_MinPolqaSfbRecording_cut.wav,2.333333333,1.154700538,1.306666667,3
30253516_MinPolqaSfbRecording_cut.wav,3.0,1.0,1.131606528,3
30413575_MinPolqaSfbRecording_cut.wav,2.333333333,1.154700538,1.306666667,3
30404125_MinPolqaSfbRecording_cut.wav,2.0,1.732050808,1.96,3
30467122_MinPolqaSfbRecording_cut.wav,4.0,1.0,1.131606528,3
30144304_MinPolqaSfbRecording_cut.wav,2.0,1.0,1.131606528,3
30073115_MinPolqaSfbRecording_cut.wav,2.333333333,1.527525232,1.728557523,3
30501082_MinPolqaSfbRecording_cut.wav,1.25,0.5,0.49,4
30519280_MinPolqaSfbRecording_cut.wav,2.0,0.816496581,0.800166649,4
30479469_MinPolqaSfbRecording_cut.wav,1.25,0.5,0.49,4
28701224_MinPolqaSfbRecording_cut.wav,3.0,0.816496581,0.800166649,4
30423398_MinPolqaSfbRecording_cut.wav,1.75,0.957427108,0.938278566,4
30120909_MinPolqaSfbRecording_cut.wav,1.5,0.577350269,0.565803264,4
30180764_MinPolqaSfbRecording_cut.wav,1.25,0.5,0.49,4
30087545_MinPolqaSfbRecording_cut.wav,1.75,0.957427108,0.938278566,4
29023222_MinPolqaSfbRecording_cut.wav,3.75,0.5,0.49,4
29536832_MinPolqaSfbRecording_cut.wav,2.6,1.341640786,1.176,5
30156938_MinPolqaSfbRecording_cut.wav,3.0,0.707106781,0.619806421,5
28940477_MinPolqaSfbRecording_cut.wav,3.2,0.447213595,0.392,5
30183682_MinPolqaSfbRecording_cut.wav,2.8,1.303840481,1.142866571,5
28523929_MinPolqaSfbRecording_cut.wav,4.4,0.547722558,0.48009999,5
30509194_MinPolqaSfbRecording_cut.wav,3.4,1.140175425,0.999407825,5
30106229_MinPolqaSfbRecording_cut.wav,2.0,0.707106781,0.619806421,5
30464536_MinPolqaSfbRecording_cut.wav,2.2,0.836660027,0.733364848,5
30438633_MinPolqaSfbRecording_cut.wav,1.4,0.547722558,0.48009999,5
30176728_MinPolqaSfbRecording_cut.wav,3.0,0.707106781,0.619806421,5
30467477_MinPolqaSfbRecording_cut.wav,1.4,0.547722558,0.48009999,5
30166253_MinPolqaSfbRecording_cut.wav,1.2,0.447213595,0.392,5
30258033_MinPolqaSfbRecording_cut.wav,2.0,0.0,0.0,5
30259154_MinPolqaSfbRecording_cut.wav,2.8,0.447213595,0.392,5
30107401_MinPolqaSfbRecording_cut.wav,3.2,1.095445115,0.960199979,5
28984280_MinPolqaSfbRecording_cut.wav,3.6,0.894427191,0.784,5
30073554_MinPolqaSfbRecording_cut.wav,3.6,1.140175425,0.999407825,5
30482280_MinPolqaSfbRecording_cut.wav,3.8,1.095445115,0.960199979,5
30473522_MinPolqaSfbRecording_cut.wav,3.75,0.5,0.49,4
28788684_MinPolqaSfbRecording_cut.wav,4.0,0.816496581,0.800166649,4
30449018_MinPolqaSfbRecording_cut.wav,3.0,1.414213562,1.385929291,4
28987963_MinPolqaSfbRecording_cut.wav,4.0,0.0,0.0,4
30213916_MinPolqaSfbRecording_cut.wav,1.75,0.957427108,0.938278566,4
30128655_MinPolqaSfbRecording_cut.wav,3.75,1.5,1.47,4
27730149_MinPolqaSfbRecording_cut.wav,3.75,0.5,0.49,4
29543726_MinPolqaSfbRecording_cut.wav,3.0,0.816496581,0.800166649,4
30436306_MinPolqaSfbRecording_cut.wav,3.75,0.5,0.49,4
30145318_MinPolqaSfbRecording_cut.wav,1.25,0.5,0.49,4
30141610_MinPolqaSfbRecording_cut.wav,3.0,0.0,0.0,4
30213179_MinPolqaSfbRecording_cut.wav,3.25,0.5,0.49,4
30144719_MinPolqaSfbRecording_cut.wav,2.25,0.5,0.49,4
30522868_MinPolqaSfbRecording_cut.wav,2.75,0.5,0.49,4
30123347_MinPolqaSfbRecording_cut.wav,3.25,0.5,0.49,4
30506941_MinPolqaSfbRecording_cut.wav,3.75,0.5,0.49,4
27706029_MinPolqaSfbRecording_cut.wav,3.5,0.577350269,0.565803264,4
28543352_MinPolqaSfbRecording_cut.wav,4.5,0.577350269,0.565803264,4
30184335_MinPolqaSfbRecording_cut.wav,2.75,0.957427108,0.938278566,4
28038834_MinPolqaSfbRecording_cut.wav,3.6,1.140175425,0.999407825,5
30164195_MinPolqaSfbRecording_cut.wav,1.2,0.447213595,0.392,5
30201498_MinPolqaSfbRecording_cut.wav,1.4,0.547722558,0.48009999,5
27822452_MinPolqaSfbRecording_cut.wav,4.0,0.707106781,0.619806421,5
28069936_MinPolqaSfbRecording_cut.wav,4.6,0.894427191,0.784,5
30137241_MinPolqaSfbRecording_cut.wav,3.2,1.303840481,1.142866571,5
30175922_MinPolqaSfbRecording_cut.wav,1.0,0.0,0.0,5
30254917_MinPolqaSfbRecording_cut.wav,2.2,1.095445115,0.960199979,5
30256347_MinPolqaSfbRecording_cut.wav,3.0,0.707106781,0.619806421,5
30178474_MinPolqaSfbRecording_cut.wav,2.2,1.788854382,1.568,5
30410445_MinPolqaSfbRecording_cut.wav,1.8,0.836660027,0.733364848,5
30174554_MinPolqaSfbRecording_cut.wav,1.2,0.447213595,0.392,5
30433864_MinPolqaSfbRecording_cut.wav,1.2,0.447213595,0.392,5
30264197_MinPolqaSfbRecording_cut.wav,3.2,0.836660027,0.733364848,5
28850720_MinPolqaSfbRecording_cut.wav,4.4,0.547722558,0.48009999,5
30204673_MinPolqaSfbRecording_cut.wav,3.0,0.707106781,0.619806421,5
30174722_MinPolqaSfbRecording_cut.wav,2.4,1.140175425,0.999407825,5
30093062_MinPolqaSfbRecording_cut.wav,2.8,0.836660027,0.733364848,5
30425508_MinPolqaSfbRecording_cut.wav,1.4,0.547722558,0.48009999,5
30197126_MinPolqaSfbRecording_cut.wav,3.6,0.547722558,0.48009999,5
30404123_MinPolqaSfbRecording_cut.wav,1.8,0.836660027,0.733364848,5
30262251_MinPolqaSfbRecording_cut.wav,2.2,0.836660027,0.733364848,5
28826549_MinPolqaSfbRecording_cut.wav,3.6,0.547722558,0.48009999,5
30083706_MinPolqaSfbRecording_cut.wav,4.4,0.894427191,0.784,5
30452493_MinPolqaSfbRecording_cut.wav,2.6,1.140175425,0.999407825,5
30251240_MinPolqaSfbRecording_cut.wav,2.2,0.836660027,0.733364848,5
30514359_MinPolqaSfbRecording_cut.wav,3.75,0.5,0.49,4
30409189_MinPolqaSfbRecording_cut.wav,2.0,1.154700538,1.131606528,4
30433040_MinPolqaSfbRecording_cut.wav,2.25,1.5,1.47,4
30484839_MinPolqaSfbRecording_cut.wav,2.75,0.957427108,0.938278566,4
30493298_MinPolqaSfbRecording_cut.wav,1.75,0.957427108,0.938278566,4
28909898_MinPolqaSfbRecording_cut.wav,4.0,0.816496581,0.800166649,4
30136186_MinPolqaSfbRecording_cut.wav,1.5,1.0,0.98,4
30445473_MinPolqaSfbRecording_cut.wav,3.25,0.5,0.49,4
30121737_MinPolqaSfbRecording_cut.wav,4.0,0.816496581,0.800166649,4
27633715_MinPolqaSfbRecording_cut.wav,4.0,0.0,0.0,3
30466416_MinPolqaSfbRecording_cut.wav,1.666666667,0.577350269,0.653333333,3
30097063_MinPolqaSfbRecording_cut.wav,2.333333333,0.577350269,0.653333333,3
29531496_MinPolqaSfbRecording_cut.wav,1.0,0.0,0.0,3
30058980_MinPolqaSfbRecording_cut.wav,4.0,0.0,0.0,3
30529352_MinPolqaSfbRecording_cut.wav,2.0,0.0,0.0,3
28920916_MinPolqaSfbRecording_cut.wav,4.0,1.0,1.131606528,3
29536131_MinPolqaSfbRecording_cut.wav,3.333333333,0.577350269,0.653333333,3
30431818_MinPolqaSfbRecording_cut.wav,3.0,0.0,0.0,3
30523603_MinPolqaSfbRecording_cut.wav,3.4,1.673320053,1.466729696,5
30519808_MinPolqaSfbRecording_cut.wav,3.2,1.303840481,1.142866571,5
27837032_MinPolqaSfbRecording_cut.wav,4.6,0.547722558,0.48009999,5
30139267_MinPolqaSfbRecording_cut.wav,3.2,0.836660027,0.733364848,5
30478356_MinPolqaSfbRecording_cut.wav,4.4,0.547722558,0.48009999,5
30481575_MinPolqaSfbRecording_cut.wav,2.8,1.095445115,0.960199979,5
30103189_MinPolqaSfbRecording_cut.wav,3.0,0.816496581,0.800166649,4
30086798_MinPolqaSfbRecording_cut.wav,3.25,0.957427108,0.938278566,4
30522597_MinPolqaSfbRecording_cut.wav,1.75,0.5,0.49,4
29529559_MinPolqaSfbRecording_cut.wav,2.5,0.577350269,0.565803264,4
30184517_MinPolqaSfbRecording_cut.wav,1.5,0.577350269,0.565803264,4
30130947_MinPolqaSfbRecording_cut.wav,3.0,0.816496581,0.800166649,4
29039343_MinPolqaSfbRecording_cut.wav,2.75,0.5,0.49,4
30508104_MinPolqaSfbRecording_cut.wav,3.75,0.957427108,0.938278566,4
30136705_MinPolqaSfbRecording_cut.wav,2.5,0.577350269,0.565803264,4
30408242_MinPolqaSfbRecording_cut.wav,1.0,0.0,0.0,3
30422730_MinPolqaSfbRecording_cut.wav,1.666666667,0.577350269,0.653333333,3
30491536_MinPolqaSfbRecording_cut.wav,2.666666667,0.577350269,0.653333333,3
30113961_MinPolqaSfbRecording_cut.wav,2.333333333,0.577350269,0.653333333,3
30150745_MinPolqaSfbRecording_cut.wav,3.666666667,1.154700538,1.306666667,3
30087358_MinPolqaSfbRecording_cut.wav,2.0,0.0,0.0,3
28454198_MinPolqaSfbRecording_cut.wav,3.5,1.0,0.98,4
30125612_MinPolqaSfbRecording_cut.wav,3.25,1.258305739,1.233139624,4
27765106_MinPolqaSfbRecording_cut.wav,4.5,0.577350269,0.565803264,4
27634465_MinPolqaSfbRecording_cut.wav,4.25,0.5,0.49,4
29529484_MinPolqaSfbRecording_cut.wav,2.75,1.258305739,1.233139624,4
30091436_MinPolqaSfbRecording_cut.wav,1.75,0.957427108,0.938278566,4
30207000_MinPolqaSfbRecording_cut.wav,3.0,0.816496581,0.800166649,4
30502785_MinPolqaSfbRecording_cut.wav,3.0,0.816496581,0.800166649,4
30176380_MinPolqaSfbRecording_cut.wav,4.0,0.0,0.0,4
30109656_MinPolqaSfbRecording_cut.wav,3.4,0.547722558,0.48009999,5
30463790_MinPolqaSfbRecording_cut.wav,4.4,0.894427191,0.784,5
30147662_MinPolqaSfbRecording_cut.wav,3.0,0.0,0.0,5
30152078_MinPolqaSfbRecording_cut.wav,2.8,0.447213595,0.392,5
30519702_MinPolqaSfbRecording_cut.wav,4.2,0.836660027,0.733364848,5
30264055_MinPolqaSfbRecording_cut.wav,4.0,0.707106781,0.619806421,5
27933217_MinPolqaSfbRecording_cut.wav,4.4,0.547722558,0.48009999,5
27967544_MinPolqaSfbRecording_cut.wav,2.5,0.577350269,0.565803264,4
30496983_MinPolqaSfbRecording_cut.wav,2.75,0.957427108,0.938278566,4
28740432_MinPolqaSfbRecording_cut.wav,4.0,0.0,0.0,4
30485411_MinPolqaSfbRecording_cut.wav,4.0,0.0,0.0,4
27852784_MinPolqaSfbRecording_cut.wav,4.0,0.816496581,0.800166649,4
30444157_MinPolqaSfbRecording_cut.wav,2.25,1.5,1.47,4
30163763_MinPolqaSfbRecording_cut.wav,2.25,0.957427108,0.938278566,4
30085840_MinPolqaSfbRecording_cut.wav,3.6,0.547722558,0.48009999,5
30140740_MinPolqaSfbRecording_cut.wav,2.4,0.547722558,0.48009999,5
30160710_MinPolqaSfbRecording_cut.wav,3.8,0.447213595,0.392,5
30204332_MinPolqaSfbRecording_cut.wav,2.4,0.547722558,0.48009999,5
30133947_MinPolqaSfbRecording_cut.wav,3.6,0.894427191,0.784,5
30060853_MinPolqaSfbRecording_cut.wav,3.2,0.447213595,0.392,5
30409798_MinPolqaSfbRecording_cut.wav,1.6,0.547722558,0.48009999,5
29008565_MinPolqaSfbRecording_cut.wav,3.8,0.447213595,0.392,5
30421683_MinPolqaSfbRecording_cut.wav,2.0,0.707106781,0.619806421,5
28779635_MinPolqaSfbRecording_cut.wav,4.2,0.836660027,0.733364848,5
30189027_MinPolqaSfbRecording_cut.wav,1.8,0.447213595,0.392,5
30194668_MinPolqaSfbRecording_cut.wav,2.2,0.447213595,0.392,5
30098723_MinPolqaSfbRecording_cut.wav,3.4,0.547722558,0.48009999,5
30255458_MinPolqaSfbRecording_cut.wav,3.2,0.447213595,0.392,5
30176763_MinPolqaSfbRecording_cut.wav,3.0,1.224744871,1.073536213,5
30528815_MinPolqaSfbRecording_cut.wav,3.4,1.140175425,0.999407825,5
30142936_MinPolqaSfbRecording_cut.wav,3.2,0.447213595,0.392,5
30096315_MinPolqaSfbRecording_cut.wav,2.4,1.516575089,1.329336677,5
30425442_MinPolqaSfbRecording_cut.wav,4.25,1.5,1.47,4
29539067_MinPolqaSfbRecording_cut.wav,2.5,1.0,0.98,4
30062311_MinPolqaSfbRecording_cut.wav,1.75,0.957427108,0.938278566,4
30489245_MinPolqaSfbRecording_cut.wav,2.0,0.816496581,0.800166649,4
30065981_MinPolqaSfbRecording_cut.wav,1.75,0.957427108,0.938278566,4
27809078_MinPolqaSfbRecording_cut.wav,4.0,0.816496581,0.800166649,4
30198982_MinPolqaSfbRecording_cut.wav,3.25,0.957427108,0.938278566,4
30059150_MinPolqaSfbRecording_cut.wav,2.0,0.816496581,0.800166649,4
30066539_MinPolqaSfbRecording_cut.wav,3.5,0.577350269,0.565803264,4
30197859_MinPolqaSfbRecording_cut.wav,3.25,0.957427108,0.938278566,4
30090743_MinPolqaSfbRecording_cut.wav,3.5,0.577350269,0.565803264,4
27579210_MinPolqaSfbRecording_cut.wav,4.5,0.577350269,0.565803264,4
30198403_MinPolqaSfbRecording_cut.wav,2.0,0.816496581,0.800166649,4
30458132_MinPolqaSfbRecording_cut.wav,3.0,0.816496581,0.800166649,4
28950135_MinPolqaSfbRecording_cut.wav,2.75,0.5,0.49,4
30403866_MinPolqaSfbRecording_cut.wav,3.0,1.154700538,1.131606528,4
30254126_MinPolqaSfbRecording_cut.wav,2.25,0.5,0.49,4
30488876_MinPolqaSfbRecording_cut.wav,2.0,0.816496581,0.800166649,4
30091775_MinPolqaSfbRecording_cut.wav,2.5,0.577350269,0.565803264,4
30086341_MinPolqaSfbRecording_cut.wav,2.25,0.957427108,0.938278566,4
30472178_MinPolqaSfbRecording_cut.wav,2.5,1.290994449,1.26517456,4
30143777_MinPolqaSfbRecording_cut.wav,3.0,0.816496581,0.800166649,4
30064884_MinPolqaSfbRecording_cut.wav,2.0,0.0,0.0,4
30474351_MinPolqaSfbRecording_cut.wav,2.5,0.577350269,0.565803264,4
30484699_MinPolqaSfbRecording_cut.wav,1.75,0.957427108,0.938278566,4
30161132_MinPolqaSfbRecording_cut.wav,3.75,1.5,1.47,4
28906490_MinPolqaSfbRecording_cut.wav,2.25,0.957427108,0.938278566,4
30208203_MinPolqaSfbRecording_cut.wav,1.75,0.957427108,0.938278566,4
28352519_MinPolqaSfbRecording_cut.wav,4.5,0.577350269,0.565803264,4
27740016_MinPolqaSfbRecording_cut.wav,3.5,0.577350269,0.565803264,4
30175355_MinPolqaSfbRecording_cut.wav,2.4,1.140175425,0.999407825,5
30527063_MinPolqaSfbRecording_cut.wav,4.0,0.0,0.0,5
30149434_MinPolqaSfbRecording_cut.wav,2.4,1.516575089,1.329336677,5
27865844_MinPolqaSfbRecording_cut.wav,3.8,1.095445115,0.960199979,5
30178931_MinPolqaSfbRecording_cut.wav,3.2,0.447213595,0.392,5
27632209_MinPolqaSfbRecording_cut.wav,3.8,1.095445115,0.960199979,5
30198453_MinPolqaSfbRecording_cut.wav,1.8,1.095445115,0.960199979,5
30513098_MinPolqaSfbRecording_cut.wav,2.6,1.341640786,1.176,5
30120292_MinPolqaSfbRecording_cut.wav,3.0,0.707106781,0.619806421,5
27922446_MinPolqaSfbRecording_cut.wav,3.2,1.095445115,0.960199979,5
30099233_MinPolqaSfbRecording_cut.wav,1.8,1.303840481,1.142866571,5
30513156_MinPolqaSfbRecording_cut.wav,2.6,0.547722558,0.48009999,5
30172734_MinPolqaSfbRecording_cut.wav,2.2,1.303840481,1.142866571,5
30264371_MinPolqaSfbRecording_cut.wav,3.2,0.447213595,0.392,5
30493982_MinPolqaSfbRecording_cut.wav,3.4,0.547722558,0.48009999,5
30128768_MinPolqaSfbRecording_cut.wav,1.25,0.5,0.49,4
30203063_MinPolqaSfbRecording_cut.wav,1.5,0.577350269,0.565803264,4
30083013_MinPolqaSfbRecording_cut.wav,4.0,0.816496581,0.800166649,4
30090177_MinPolqaSfbRecording_cut.wav,2.0,0.816496581,0.800166649,4
29535448_MinPolqaSfbRecording_cut.wav,2.25,0.5,0.49,4
30428460_MinPolqaSfbRecording_cut.wav,1.25,0.5,0.49,4
30506395_MinPolqaSfbRecording_cut.wav,2.4,0.894427191,0.784,5
30491237_MinPolqaSfbRecording_cut.wav,1.4,0.547722558,0.48009999,5
30251650_MinPolqaSfbRecording_cut.wav,2.2,0.836660027,0.733364848,5
30522486_MinPolqaSfbRecording_cut.wav,2.4,0.894427191,0.784,5
27747213_MinPolqaSfbRecording_cut.wav,4.2,0.447213595,0.392,5
30096926_MinPolqaSfbRecording_cut.wav,2.8,1.303840481,1.142866571,5
28022671_MinPolqaSfbRecording_cut.wav,4.6,0.547722558,0.48009999,5
30068408_MinPolqaSfbRecording_cut.wav,3.4,0.547722558,0.48009999,5
28723613_MinPolqaSfbRecording_cut.wav,4.4,0.547722558,0.48009999,5
30512749_MinPolqaSfbRecording_cut.wav,2.75,0.957427108,0.938278566,4
30184976_MinPolqaSfbRecording_cut.wav,3.0,0.816496581,0.800166649,4
30134376_MinPolqaSfbRecording_cut.wav,1.5,0.577350269,0.565803264,4
30412611_MinPolqaSfbRecording_cut.wav,3.5,1.290994449,1.26517456,4
27700483_MinPolqaSfbRecording_cut.wav,4.0,0.816496581,0.800166649,4
30514098_MinPolqaSfbRecording_cut.wav,3.0,1.414213562,1.385929291,4
28106444_MinPolqaSfbRecording_cut.wav,3.75,0.5,0.49,4
30150302_MinPolqaSfbRecording_cut.wav,2.0,0.816496581,0.800166649,4
27638321_MinPolqaSfbRecording_cut.wav,5.0,0.0,0.0,4
29047135_MinPolqaSfbRecording_cut.wav,4.5,0.577350269,0.565803264,4
28302402_MinPolqaSfbRecording_cut.wav,3.75,0.5,0.49,4
30473775_MinPolqaSfbRecording_cut.wav,3.0,0.816496581,0.800166649,4
30250593_MinPolqaSfbRecording_cut.wav,1.75,0.5,0.49,4
27656067_MinPolqaSfbRecording_cut.wav,4.75,0.5,0.49,4
30415416_MinPolqaSfbRecording_cut.wav,3.25,1.5,1.47,4
30174746_MinPolqaSfbRecording_cut.wav,3.5,1.290994449,1.26517456,4
30200842_MinPolqaSfbRecording_cut.wav,3.25,1.258305739,1.233139624,4
30530319_MinPolqaSfbRecording_cut.wav,3.5,0.577350269,0.565803264,4
30252322_MinPolqaSfbRecording_cut.wav,2.8,1.303840481,1.142866571,5
30443404_MinPolqaSfbRecording_cut.wav,2.8,1.303840481,1.142866571,5
30157089_MinPolqaSfbRecording_cut.wav,3.2,0.447213595,0.392,5
30091765_MinPolqaSfbRecording_cut.wav,1.4,0.547722558,0.48009999,5
30185721_MinPolqaSfbRecording_cut.wav,2.4,1.140175425,0.999407825,5
30485902_MinPolqaSfbRecording_cut.wav,2.0,0.707106781,0.619806421,5
30104615_MinPolqaSfbRecording_cut.wav,2.8,0.447213595,0.392,5
27905687_MinPolqaSfbRecording_cut.wav,3.4,0.547722558,0.48009999,5
30430082_MinPolqaSfbRecording_cut.wav,2.2,1.303840481,1.142866571,5
27913331_MinPolqaSfbRecording_cut.wav,3.8,0.447213595,0.392,5
30424768_MinPolqaSfbRecording_cut.wav,4.0,0.707106781,0.619806421,5
28274603_MinPolqaSfbRecording_cut.wav,4.0,0.0,0.0,5
30198279_MinPolqaSfbRecording_cut.wav,2.0,1.0,0.876538647,5
30262013_MinPolqaSfbRecording_cut.wav,3.0,1.224744871,1.073536213,5
30084387_MinPolqaSfbRecording_cut.wav,1.6,0.894427191,0.784,5
30254474_MinPolqaSfbRecording_cut.wav,3.2,0.836660027,0.733364848,5
30133545_MinPolqaSfbRecording_cut.wav,2.2,0.836660027,0.733364848,5
30420694_MinPolqaSfbRecording_cut.wav,3.0,0.0,0.0,5
29534018_MinPolqaSfbRecording_cut.wav,2.2,0.836660027,0.733364848,5
30526778_MinPolqaSfbRecording_cut.wav,1.0,0.0,0.0,5
28467050_MinPolqaSfbRecording_cut.wav,3.6,0.547722558,0.48009999,5
30207219_MinPolqaSfbRecording_cut.wav,1.4,0.547722558,0.48009999,5
30200905_MinPolqaSfbRecording_cut.wav,1.6,0.547722558,0.48009999,5
30121290_MinPolqaSfbRecording_cut.wav,1.8,0.447213595,0.392,5
30098388_MinPolqaSfbRecording_cut.wav,2.0,0.707106781,0.619806421,5
27743236_MinPolqaSfbRecording_cut.wav,3.8,0.447213595,0.392,5
30185461_MinPolqaSfbRecording_cut.wav,2.4,1.140175425,0.999407825,5
28195102_MinPolqaSfbRecording_cut.wav,4.6,0.894427191,0.784,5
30096403_MinPolqaSfbRecording_cut.wav,3.0,1.224744871,1.073536213,5
27815822_MinPolqaSfbRecording_cut.wav,4.2,0.447213595,0.392,5
28917132_MinPolqaSfbRecording_cut.wav,4.4,0.894427191,0.784,5
30068917_MinPolqaSfbRecording_cut.wav,4.0,0.707106781,0.619806421,5
30523076_MinPolqaSfbRecording_cut.wav,2.25,0.5,0.49,4
30205789_MinPolqaSfbRecording_cut.wav,2.5,0.577350269,0.565803264,4
30250210_MinPolqaSfbRecording_cut.wav,2.0,1.414213562,1.385929291,4
30118093_MinPolqaSfbRecording_cut.wav,4.0,0.0,0.0,4
30166405_MinPolqaSfbRecording_cut.wav,2.5,0.577350269,0.565803264,4
27868019_MinPolqaSfbRecording_cut.wav,3.25,0.957427108,0.938278566,4
30438431_MinPolqaSfbRecording_cut.wav,2.5,1.0,0.98,4
30502359_MinPolqaSfbRecording_cut.wav,2.5,1.290994449,1.26517456,4
30209376_MinPolqaSfbRecording_cut.wav,2.5,1.290994449,1.26517456,4
28914215_MinPolqaSfbRecording_cut.wav,3.25,0.957427108,0.938278566,4
29535413_MinPolqaSfbRecording_cut.wav,2.5,1.0,0.98,4
27687500_MinPolqaSfbRecording_cut.wav,4.0,0.816496581,0.800166649,4
28588326_MinPolqaSfbRecording_cut.wav,3.25,0.957427108,0.938278566,4
28101371_MinPolqaSfbRecording_cut.wav,3.75,0.5,0.49,4
30136666_MinPolqaSfbRecording_cut.wav,3.25,0.5,0.49,4
29031568_MinPolqaSfbRecording_cut.wav,3.5,1.0,0.98,4
27733281_MinPolqaSfbRecording_cut.wav,3.75,0.957427108,0.938278566,4
30068524_MinPolqaSfbRecording_cut.wav,2.75,0.5,0.49,4
28852290_MinPolqaSfbRecording_cut.wav,3.6,1.140175425,0.999407825,5
30097796_MinPolqaSfbRecording_cut.wav,2.6,1.341640786,1.176,5
30407881_MinPolqaSfbRecording_cut.wav,2.6,0.894427191,0.784,5
28600924_MinPolqaSfbRecording_cut.wav,4.2,0.836660027,0.733364848,5
28000070_MinPolqaSfbRecording_cut.wav,4.2,0.836660027,0.733364848,5
30067787_MinPolqaSfbRecording_cut.wav,3.4,0.547722558,0.48009999,5
28722465_MinPolqaSfbRecording_cut.wav,3.4,1.140175425,0.999407825,5
30076366_MinPolqaSfbRecording_cut.wav,2.8,0.836660027,0.733364848,5
29529626_MinPolqaSfbRecording_cut.wav,2.4,1.516575089,1.329336677,5
30253989_MinPolqaSfbRecording_cut.wav,2.5,1.0,0.98,4
30437349_MinPolqaSfbRecording_cut.wav,3.5,1.0,0.98,4
29038254_MinPolqaSfbRecording_cut.wav,4.25,0.5,0.49,4
30510510_MinPolqaSfbRecording_cut.wav,3.5,1.0,0.98,4
27819649_MinPolqaSfbRecording_cut.wav,4.25,0.957427108,0.938278566,4
30258635_MinPolqaSfbRecording_cut.wav,3.75,1.258305739,1.233139624,4
29541924_MinPolqaSfbRecording_cut.wav,3.25,0.957427108,0.938278566,4
30514574_MinPolqaSfbRecording_cut.wav,1.75,0.957427108,0.938278566,4
30196048_MinPolqaSfbRecording_cut.wav,1.0,0.0,0.0,4
27520197_MinPolqaSfbRecording_cut.wav,2.5,1.0,0.98,4
28052544_MinPolqaSfbRecording_cut.wav,4.25,0.957427108,0.938278566,4
30069907_MinPolqaSfbRecording_cut.wav,3.0,0.0,0.0,4
27806479_MinPolqaSfbRecording_cut.wav,3.75,0.5,0.49,4
30200456_MinPolqaSfbRecording_cut.wav,1.75,0.957427108,0.938278566,4
30204727_MinPolqaSfbRecording_cut.wav,2.25,0.957427108,0.938278566,4
30488713_MinPolqaSfbRecording_cut.wav,3.25,0.957427108,0.938278566,4
30150599_MinPolqaSfbRecording_cut.wav,2.75,0.957427108,0.938278566,4
30497196_MinPolqaSfbRecording_cut.wav,2.75,0.5,0.49,4
30513584_MinPolqaSfbRecording_cut.wav,1.5,1.0,0.98,4
28859384_MinPolqaSfbRecording_cut.wav,3.25,0.5,0.49,4
27612173_MinPolqaSfbRecording_cut.wav,3.25,0.5,0.49,4
30206747_MinPolqaSfbRecording_cut.wav,3.0,1.414213562,1.385929291,4
28594235_MinPolqaSfbRecording_cut.wav,3.0,0.816496581,0.800166649,4
30068002_MinPolqaSfbRecording_cut.wav,3.0,0.816496581,0.800166649,4
28290572_MinPolqaSfbRecording_cut.wav,3.5,0.577350269,0.565803264,4
30458224_MinPolqaSfbRecording_cut.wav,1.0,0.0,0.0,4
28904558_MinPolqaSfbRecording_cut.wav,3.75,0.5,0.49,4
30485308_MinPolqaSfbRecording_cut.wav,3.5,0.577350269,0.565803264,4
30408806_MinPolqaSfbRecording_cut.wav,1.25,0.5,0.49,4
28289213_MinPolqaSfbRecording_cut.wav,4.5,0.577350269,0.565803264,4
30109180_MinPolqaSfbRecording_cut.wav,3.5,0.577350269,0.565803264,4
30258415_MinPolqaSfbRecording_cut.wav,1.75,0.5,0.49,4
30143445_MinPolqaSfbRecording_cut.wav,4.25,0.5,0.49,4
30156074_MinPolqaSfbRecording_cut.wav,2.25,0.957427108,0.938278566,4
30144423_MinPolqaSfbRecording_cut.wav,3.75,0.5,0.49,4
30117547_MinPolqaSfbRecording_cut.wav,3.0,0.816496581,0.800166649,4
30161738_MinPolqaSfbRecording_cut.wav,2.75,0.5,0.49,4
30259095_MinPolqaSfbRecording_cut.wav,2.75,0.5,0.49,4
30152402_MinPolqaSfbRecording_cut.wav,3.0,0.0,0.0,4
30504000_MinPolqaSfbRecording_cut.wav,3.5,0.577350269,0.565803264,4
30148372_MinPolqaSfbRecording_cut.wav,3.0,0.0,0.0,4
28971199_MinPolqaSfbRecording_cut.wav,3.4,0.547722558,0.48009999,5
30402627_MinPolqaSfbRecording_cut.wav,2.4,1.140175425,0.999407825,5
30529351_MinPolqaSfbRecording_cut.wav,2.2,1.643167673,1.440299969,5
30408252_MinPolqaSfbRecording_cut.wav,3.0,1.224744871,1.073536213,5
30098703_MinPolqaSfbRecording_cut.wav,2.6,1.341640786,1.176,5
27775123_MinPolqaSfbRecording_cut.wav,4.2,0.447213595,0.392,5
30211394_MinPolqaSfbRecording_cut.wav,4.6,0.547722558,0.48009999,5
30431949_MinPolqaSfbRecording_cut.wav,1.8,1.303840481,1.142866571,5
30109729_MinPolqaSfbRecording_cut.wav,4.2,0.447213595,0.392,5
30408309_MinPolqaSfbRecording_cut.wav,4.4,0.547722558,0.48009999,5
30432717_MinPolqaSfbRecording_cut.wav,4.2,0.836660027,0.733364848,5
30181327_MinPolqaSfbRecording_cut.wav,3.8,1.095445115,0.960199979,5
30438652_MinPolqaSfbRecording_cut.wav,4.2,1.095445115,0.960199979,5
30503498_MinPolqaSfbRecording_cut.wav,3.8,0.836660027,0.733364848,5
28933699_MinPolqaSfbRecording_cut.wav,3.75,0.5,0.49,4
29534872_MinPolqaSfbRecording_cut.wav,3.0,0.816496581,0.800166649,4
28906749_MinPolqaSfbRecording_cut.wav,4.5,0.577350269,0.565803264,4
30446362_MinPolqaSfbRecording_cut.wav,3.5,0.577350269,0.565803264,4
30511991_MinPolqaSfbRecording_cut.wav,3.75,0.5,0.49,4
28365778_MinPolqaSfbRecording_cut.wav,3.75,0.957427108,0.938278566,4
30466732_MinPolqaSfbRecording_cut.wav,2.5,1.290994449,1.26517456,4
30083854_MinPolqaSfbRecording_cut.wav,1.5,1.0,0.98,4
30512547_MinPolqaSfbRecording_cut.wav,2.0,0.816496581,0.800166649,4
30469095_MinPolqaSfbRecording_cut.wav,2.0,0.816496581,0.800166649,4
28791348_MinPolqaSfbRecording_cut.wav,3.5,0.577350269,0.565803264,4
30482586_MinPolqaSfbRecording_cut.wav,2.25,1.258305739,1.233139624,4
30162616_MinPolqaSfbRecording_cut.wav,2.75,0.5,0.49,4
30433705_MinPolqaSfbRecording_cut.wav,3.0,0.816496581,0.800166649,4
30185892_MinPolqaSfbRecording_cut.wav,1.5,1.0,0.98,4
27935941_MinPolqaSfbRecording_cut.wav,4.5,0.577350269,0.565803264,4
27145941_MinPolqaSfbRecording_cut.wav,2.75,0.957427108,0.938278566,4
27797544_MinPolqaSfbRecording_cut.wav,4.0,0.816496581,0.800166649,4
30108312_MinPolqaSfbRecording_cut.wav,2.25,0.957427108,0.938278566,4
30509518_MinPolqaSfbRecording_cut.wav,1.5,1.0,0.98,4
30095503_MinPolqaSfbRecording_cut.wav,3.25,0.5,0.49,4
30062581_MinPolqaSfbRecording_cut.wav,4.25,0.5,0.49,4
30456123_MinPolqaSfbRecording_cut.wav,1.25,0.5,0.49,4
27700341_MinPolqaSfbRecording_cut.wav,4.25,0.957427108,0.938278566,4
30129698_MinPolqaSfbRecording_cut.wav,2.8,1.483239697,1.300116918,5
30434084_MinPolqaSfbRecording_cut.wav,2.0,1.224744871,1.073536213,5
30071448_MinPolqaSfbRecording_cut.wav,1.4,0.894427191,0.784,5
30173549_MinPolqaSfbRecording_cut.wav,4.2,0.447213595,0.392,5
30489110_MinPolqaSfbRecording_cut.wav,2.0,1.224744871,1.073536213,5
30462392_MinPolqaSfbRecording_cut.wav,2.4,1.516575089,1.329336677,5
30067286_MinPolqaSfbRecording_cut.wav,3.0,1.0,0.876538647,5
30091394_MinPolqaSfbRecording_cut.wav,4.2,0.836660027,0.733364848,5
28828168_MinPolqaSfbRecording_cut.wav,4.25,0.5,0.49,4
30064086_MinPolqaSfbRecording_cut.wav,2.5,1.0,0.98,4
30412515_MinPolqaSfbRecording_cut.wav,3.5,1.0,0.98,4
30446320_MinPolqaSfbRecording_cut.wav,3.25,0.957427108,0.938278566,4
30442866_MinPolqaSfbRecording_cut.wav,3.25,0.957427108,0.938278566,4
30428727_MinPolqaSfbRecording_cut.wav,2.75,0.957427108,0.938278566,4
30512658_MinPolqaSfbRecording_cut.wav,3.25,1.707825128,1.673668625,4
30087620_MinPolqaSfbRecording_cut.wav,3.0,1.414213562,1.385929291,4
30161716_MinPolqaSfbRecording_cut.wav,3.75,1.258305739,1.233139624,4
28649146_MinPolqaSfbRecording_cut.wav,4.2,0.836660027,0.733364848,5
30075135_MinPolqaSfbRecording_cut.wav,4.0,1.0,0.876538647,5
30200025_MinPolqaSfbRecording_cut.wav,3.4,0.547722558,0.48009999,5
28728278_MinPolqaSfbRecording_cut.wav,4.2,0.447213595,0.392,5
30194411_MinPolqaSfbRecording_cut.wav,3.0,0.707106781,0.619806421,5
30212522_MinPolqaSfbRecording_cut.wav,3.2,1.095445115,0.960199979,5
30192785_MinPolqaSfbRecording_cut.wav,2.6,0.894427191,0.784,5
30256768_MinPolqaSfbRecording_cut.wav,3.6,0.547722558,0.48009999,5
30256147_MinPolqaSfbRecording_cut.wav,3.5,1.290994449,1.26517456,4
30161730_MinPolqaSfbRecording_cut.wav,3.75,1.258305739,1.233139624,4
30155258_MinPolqaSfbRecording_cut.wav,4.0,0.816496581,0.800166649,4
27693463_MinPolqaSfbRecording_cut.wav,3.5,0.577350269,0.565803264,4
27594944_MinPolqaSfbRecording_cut.wav,3.25,0.957427108,0.938278566,4
30456124_MinPolqaSfbRecording_cut.wav,2.75,0.957427108,0.938278566,4
30160240_MinPolqaSfbRecording_cut.wav,1.75,0.957427108,0.938278566,4
29530482_MinPolqaSfbRecording_cut.wav,3.25,0.957427108,0.938278566,4
30089283_MinPolqaSfbRecording_cut.wav,2.0,1.154700538,1.131606528,4
30085880_MinPolqaSfbRecording_cut.wav,2.0,0.816496581,0.800166649,4
28975277_MinPolqaSfbRecording_cut.wav,4.25,0.5,0.49,4
27888128_MinPolqaSfbRecording_cut.wav,4.25,0.957427108,0.938278566,4
27777432_MinPolqaSfbRecording_cut.wav,4.25,0.5,0.49,4
30105126_MinPolqaSfbRecording_cut.wav,3.25,1.258305739,1.233139624,4
30406990_MinPolqaSfbRecording_cut.wav,3.25,0.5,0.49,4
30157510_MinPolqaSfbRecording_cut.wav,3.0,1.154700538,1.131606528,4
30070118_MinPolqaSfbRecording_cut.wav,3.0,0.816496581,0.800166649,4
30142883_MinPolqaSfbRecording_cut.wav,2.4,1.140175425,0.999407825,5
30446576_MinPolqaSfbRecording_cut.wav,3.0,0.707106781,0.619806421,5
30251140_MinPolqaSfbRecording_cut.wav,3.0,0.707106781,0.619806421,5
30068000_MinPolqaSfbRecording_cut.wav,3.2,0.836660027,0.733364848,5
30147659_MinPolqaSfbRecording_cut.wav,3.0,1.224744871,1.073536213,5
28350558_MinPolqaSfbRecording_cut.wav,4.2,0.836660027,0.733364848,5
30181921_MinPolqaSfbRecording_cut.wav,3.0,1.224744871,1.073536213,5
28660742_MinPolqaSfbRecording_cut.wav,3.8,0.836660027,0.733364848,5
28331370_MinPolqaSfbRecording_cut.wav,4.4,0.894427191,0.784,5
27835373_MinPolqaSfbRecording_cut.wav,4.25,0.957427108,0.938278566,4
30471843_MinPolqaSfbRecording_cut.wav,3.5,0.577350269,0.565803264,4
30147794_MinPolqaSfbRecording_cut.wav,4.25,0.957427108,0.938278566,4
30209403_MinPolqaSfbRecording_cut.wav,4.0,0.816496581,0.800166649,4
28239907_MinPolqaSfbRecording_cut.wav,2.75,0.5,0.49,4
30491625_MinPolqaSfbRecording_cut.wav,4.5,1.0,0.98,4
25872064_MinPolqaSfbRecording_cut.wav,4.5,1.0,0.98,4
30172087_MinPolqaSfbRecording_cut.wav,4.0,0.816496581,0.800166649,4
28648407_MinPolqaSfbRecording_cut.wav,4.25,0.5,0.49,4
30441802_MinPolqaSfbRecording_cut.wav,3.5,0.577350269,0.565803264,4
30486143_MinPolqaSfbRecording_cut.wav,3.75,0.5,0.49,4
30090982_MinPolqaSfbRecording_cut.wav,2.75,0.5,0.49,4
30060648_MinPolqaSfbRecording_cut.wav,3.5,0.577350269,0.565803264,4
28695002_MinPolqaSfbRecording_cut.wav,4.5,1.0,0.98,4
27916010_MinPolqaSfbRecording_cut.wav,3.0,0.816496581,0.800166649,4
30197937_MinPolqaSfbRecording_cut.wav,3.75,0.957427108,0.938278566,4
30256323_MinPolqaSfbRecording_cut.wav,3.75,0.5,0.49,4
30488027_MinPolqaSfbRecording_cut.wav,2.2,0.836660027,0.733364848,5
30415111_MinPolqaSfbRecording_cut.wav,4.4,0.547722558,0.48009999,5
30183229_MinPolqaSfbRecording_cut.wav,2.8,1.095445115,0.960199979,5
30113704_MinPolqaSfbRecording_cut.wav,3.2,0.447213595,0.392,5
30500816_MinPolqaSfbRecording_cut.wav,2.8,1.095445115,0.960199979,5
27921406_MinPolqaSfbRecording_cut.wav,3.6,0.894427191,0.784,5
30515263_MinPolqaSfbRecording_cut.wav,2.2,1.095445115,0.960199979,5
28971619_MinPolqaSfbRecording_cut.wav,4.0,0.707106781,0.619806421,5
30136185_MinPolqaSfbRecording_cut.wav,2.2,1.643167673,1.440299969,5
28615608_MinPolqaSfbRecording_cut.wav,4.4,0.547722558,0.48009999,5
30065690_MinPolqaSfbRecording_cut.wav,1.25,0.5,0.49,4
30102861_MinPolqaSfbRecording_cut.wav,2.0,0.0,0.0,4
29534355_MinPolqaSfbRecording_cut.wav,3.25,0.5,0.49,4
27559663_MinPolqaSfbRecording_cut.wav,4.0,0.816496581,0.800166649,4
30123681_MinPolqaSfbRecording_cut.wav,3.0,0.816496581,0.800166649,4
30529353_MinPolqaSfbRecording_cut.wav,1.5,0.577350269,0.565803264,4
30428090_MinPolqaSfbRecording_cut.wav,1.0,0.0,0.0,4
28446724_MinPolqaSfbRecording_cut.wav,4.75,0.5,0.49,4
30113342_MinPolqaSfbRecording_cut.wav,2.75,0.5,0.49,4
30067169_MinPolqaSfbRecording_cut.wav,2.2,0.836660027,0.733364848,5
28899861_MinPolqaSfbRecording_cut.wav,3.4,1.516575089,1.329336677,5
30202016_MinPolqaSfbRecording_cut.wav,3.4,0.547722558,0.48009999,5
28612526_MinPolqaSfbRecording_cut.wav,3.4,0.547722558,0.48009999,5
30212285_MinPolqaSfbRecording_cut.wav,3.8,0.447213595,0.392,5
30183069_MinPolqaSfbRecording_cut.wav,3.2,1.095445115,0.960199979,5
28994406_MinPolqaSfbRecording_cut.wav,4.8,0.447213595,0.392,5
30407973_MinPolqaSfbRecording_cut.wav,1.8,1.303840481,1.142866571,5
28615876_MinPolqaSfbRecording_cut.wav,4.0,0.0,0.0,5
27635576_MinPolqaSfbRecording_cut.wav,4.0,0.0,0.0,5
30133941_MinPolqaSfbRecording_cut.wav,3.2,1.303840481,1.142866571,5
30470209_MinPolqaSfbRecording_cut.wav,4.2,0.447213595,0.392,5
30067264_MinPolqaSfbRecording_cut.wav,4.8,0.447213595,0.392,5
30113809_MinPolqaSfbRecording_cut.wav,4.4,0.547722558,0.48009999,5
30529314_MinPolqaSfbRecording_cut.wav,3.4,0.547722558,0.48009999,5
30099153_MinPolqaSfbRecording_cut.wav,3.8,0.447213595,0.392,5
30136239_MinPolqaSfbRecording_cut.wav,3.4,0.547722558,0.48009999,5
30110312_MinPolqaSfbRecording_cut.wav,3.2,0.447213595,0.392,5
30066121_MinPolqaSfbRecording_cut.wav,3.25,1.258305739,1.233139624,4
30513716_MinPolqaSfbRecording_cut.wav,2.25,1.258305739,1.233139624,4
30120261_MinPolqaSfbRecording_cut.wav,3.25,0.5,0.49,4
30480073_MinPolqaSfbRecording_cut.wav,2.75,1.258305739,1.233139624,4
30425003_MinPolqaSfbRecording_cut.wav,2.0,0.816496581,0.800166649,4
28504200_MinPolqaSfbRecording_cut.wav,3.75,0.957427108,0.938278566,4
30529112_MinPolqaSfbRecording_cut.wav,3.0,1.414213562,1.385929291,4
30260443_MinPolqaSfbRecording_cut.wav,3.0,1.414213562,1.385929291,4
30425853_MinPolqaSfbRecording_cut.wav,2.5,1.290994449,1.26517456,4
30253434_MinPolqaSfbRecording_cut.wav,3.0,1.414213562,1.385929291,4
30121262_MinPolqaSfbRecording_cut.wav,3.666666667,0.577350269,0.653333333,3
30487570_MinPolqaSfbRecording_cut.wav,3.666666667,0.577350269,0.653333333,3
29539493_MinPolqaSfbRecording_cut.wav,3.666666667,0.577350269,0.653333333,3
30057980_MinPolqaSfbRecording_cut.wav,2.0,0.0,0.0,3
30252701_MinPolqaSfbRecording_cut.wav,1.666666667,0.577350269,0.653333333,3
30177021_MinPolqaSfbRecording_cut.wav,3.0,1.0,1.131606528,3
30155753_MinPolqaSfbRecording_cut.wav,2.666666667,1.527525232,1.728557523,3
30195092_MinPolqaSfbRecording_cut.wav,3.0,1.0,1.131606528,3
30164359_MinPolqaSfbRecording_cut.wav,1.333333333,0.577350269,0.653333333,3
30496605_MinPolqaSfbRecording_cut.wav,3.2,0.836660027,0.733364848,5
30425119_MinPolqaSfbRecording_cut.wav,3.6,1.140175425,0.999407825,5
28782992_MinPolqaSfbRecording_cut.wav,4.0,1.0,0.876538647,5
30071870_MinPolqaSfbRecording_cut.wav,2.8,0.447213595,0.392,5
30446275_MinPolqaSfbRecording_cut.wav,2.4,0.547722558,0.48009999,5
30523742_MinPolqaSfbRecording_cut.wav,3.6,1.140175425,0.999407825,5
30255909_MinPolqaSfbRecording_cut.wav,3.0,0.707106781,0.619806421,5
30068510_MinPolqaSfbRecording_cut.wav,3.0,0.707106781,0.619806421,5
30078653_MinPolqaSfbRecording_cut.wav,3.2,0.836660027,0.733364848,5
30106943_MinPolqaSfbRecording_cut.wav,2.8,0.836660027,0.733364848,5
30184516_MinPolqaSfbRecording_cut.wav,1.25,0.5,0.49,4
30134338_MinPolqaSfbRecording_cut.wav,3.75,1.258305739,1.233139624,4
30157345_MinPolqaSfbRecording_cut.wav,3.25,1.258305739,1.233139624,4
28698142_MinPolqaSfbRecording_cut.wav,3.0,1.414213562,1.385929291,4
27683959_MinPolqaSfbRecording_cut.wav,3.25,1.5,1.47,4
30161536_MinPolqaSfbRecording_cut.wav,3.25,1.258305739,1.233139624,4
30166962_MinPolqaSfbRecording_cut.wav,1.75,0.957427108,0.938278566,4
30143031_MinPolqaSfbRecording_cut.wav,1.75,0.957427108,0.938278566,4
27574593_MinPolqaSfbRecording_cut.wav,4.0,0.0,0.0,3
30188871_MinPolqaSfbRecording_cut.wav,4.333333333,0.577350269,0.653333333,3
30426419_MinPolqaSfbRecording_cut.wav,3.0,1.0,1.131606528,3
30089002_MinPolqaSfbRecording_cut.wav,3.666666667,0.577350269,0.653333333,3
30101112_MinPolqaSfbRecording_cut.wav,3.666666667,0.577350269,0.653333333,3
30508740_MinPolqaSfbRecording_cut.wav,3.0,1.0,1.131606528,3
28935268_MinPolqaSfbRecording_cut.wav,4.333333333,0.577350269,0.653333333,3
30102913_MinPolqaSfbRecording_cut.wav,3.5,0.577350269,0.565803264,4
27908059_MinPolqaSfbRecording_cut.wav,4.0,0.0,0.0,4
30105466_MinPolqaSfbRecording_cut.wav,2.75,1.258305739,1.233139624,4
30468545_MinPolqaSfbRecording_cut.wav,3.0,0.816496581,0.800166649,4
30428502_MinPolqaSfbRecording_cut.wav,2.5,1.290994449,1.26517456,4
30214100_MinPolqaSfbRecording_cut.wav,2.5,0.577350269,0.565803264,4
30107026_MinPolqaSfbRecording_cut.wav,2.5,1.0,0.98,4
30091968_MinPolqaSfbRecording_cut.wav,2.5,1.290994449,1.26517456,4
30067521_MinPolqaSfbRecording_cut.wav,2.0,0.816496581,0.800166649,4
30473886_MinPolqaSfbRecording_cut.wav,3.75,0.5,0.49,4
28225765_MinPolqaSfbRecording_cut.wav,3.75,0.5,0.49,4
27683502_MinPolqaSfbRecording_cut.wav,3.75,1.258305739,1.233139624,4
30261421_MinPolqaSfbRecording_cut.wav,1.0,0.0,0.0,4
30081026_MinPolqaSfbRecording_cut.wav,3.5,1.290994449,1.26517456,4
30439767_MinPolqaSfbRecording_cut.wav,3.0,1.632993162,1.600333299,4
30075329_MinPolqaSfbRecording_cut.wav,2.75,1.5,1.47,4
30140817_MinPolqaSfbRecording_cut.wav,2.5,1.290994449,1.26517456,4
27947661_MinPolqaSfbRecording_cut.wav,3.666666667,0.577350269,0.653333333,3
28008255_MinPolqaSfbRecording_cut.wav,3.666666667,0.577350269,0.653333333,3
29539876_MinPolqaSfbRecording_cut.wav,2.333333333,0.577350269,0.653333333,3
27758806_MinPolqaSfbRecording_cut.wav,4.333333333,0.577350269,0.653333333,3
30109660_MinPolqaSfbRecording_cut.wav,2.666666667,0.577350269,0.653333333,3
30464260_MinPolqaSfbRecording_cut.wav,2.0,0.0,0.0,3
30181906_MinPolqaSfbRecording_cut.wav,2.0,1.0,1.131606528,3
30255370_MinPolqaSfbRecording_cut.wav,2.666666667,0.577350269,0.653333333,3
30472710_MinPolqaSfbRecording_cut.wav,3.666666667,0.577350269,0.653333333,3
30089090_MinPolqaSfbRecording_cut.wav,2.75,0.957427108,0.938278566,4
27515198_MinPolqaSfbRecording_cut.wav,3.5,0.577350269,0.565803264,4
30133053_MinPolqaSfbRecording_cut.wav,4.25,0.5,0.49,4
30078312_MinPolqaSfbRecording_cut.wav,3.75,0.5,0.49,4
30497331_MinPolqaSfbRecording_cut.wav,3.25,0.957427108,0.938278566,4
28265463_MinPolqaSfbRecording_cut.wav,4.75,0.5,0.49,4
28888321_MinPolqaSfbRecording_cut.wav,3.75,0.5,0.49,4
30464043_MinPolqaSfbRecording_cut.wav,2.8,1.095445115,0.960199979,5
30141743_MinPolqaSfbRecording_cut.wav,2.0,0.707106781,0.619806421,5
30070537_MinPolqaSfbRecording_cut.wav,1.4,0.894427191,0.784,5
29532504_MinPolqaSfbRecording_cut.wav,3.4,0.894427191,0.784,5
28898397_MinPolqaSfbRecording_cut.wav,4.4,0.547722558,0.48009999,5
28032199_MinPolqaSfbRecording_cut.wav,4.6,0.547722558,0.48009999,5
30096902_MinPolqaSfbRecording_cut.wav,2.8,1.303840481,1.142866571,5
30059314_MinPolqaSfbRecording_cut.wav,2.6,1.140175425,0.999407825,5
28064572_MinPolqaSfbRecording_cut.wav,3.8,0.447213595,0.392,5
30148685_MinPolqaSfbRecording_cut.wav,3.4,0.894427191,0.784,5
30108620_MinPolqaSfbRecording_cut.wav,2.4,0.547722558,0.48009999,5
30472388_MinPolqaSfbRecording_cut.wav,1.0,0.0,0.0,5
30166177_MinPolqaSfbRecording_cut.wav,3.8,0.836660027,0.733364848,5
28425957_MinPolqaSfbRecording_cut.wav,3.333333333,0.577350269,0.653333333,3
29538280_MinPolqaSfbRecording_cut.wav,3.0,1.0,1.131606528,3
30098310_MinPolqaSfbRecording_cut.wav,2.333333333,1.527525232,1.728557523,3
30147612_MinPolqaSfbRecording_cut.wav,3.0,1.0,1.131606528,3
28263114_MinPolqaSfbRecording_cut.wav,4.0,1.0,1.131606528,3
27571435_MinPolqaSfbRecording_cut.wav,4.0,1.0,1.131606528,3
30140985_MinPolqaSfbRecording_cut.wav,2.666666667,1.527525232,1.728557523,3
30204767_MinPolqaSfbRecording_cut.wav,2.0,1.732050808,1.96,3
28028189_MinPolqaSfbRecording_cut.wav,4.0,1.0,1.131606528,3
30255509_MinPolqaSfbRecording_cut.wav,2.4,1.140175425,0.999407825,5
30516799_MinPolqaSfbRecording_cut.wav,3.8,0.836660027,0.733364848,5
30060795_MinPolqaSfbRecording_cut.wav,3.8,0.836660027,0.733364848,5
30412442_MinPolqaSfbRecording_cut.wav,4.0,0.707106781,0.619806421,5
30212006_MinPolqaSfbRecording_cut.wav,3.2,0.836660027,0.733364848,5
30176856_MinPolqaSfbRecording_cut.wav,2.2,0.447213595,0.392,5
30072980_MinPolqaSfbRecording_cut.wav,2.8,0.836660027,0.733364848,5
27925066_MinPolqaSfbRecording_cut.wav,2.8,0.836660027,0.733364848,5
30432901_MinPolqaSfbRecording_cut.wav,1.4,0.894427191,0.784,5
30177398_MinPolqaSfbRecording_cut.wav,2.8,1.095445115,0.960199979,5
30493810_MinPolqaSfbRecording_cut.wav,1.6,1.341640786,1.176,5
30249934_MinPolqaSfbRecording_cut.wav,2.6,1.140175425,0.999407825,5
30204986_MinPolqaSfbRecording_cut.wav,2.4,0.894427191,0.784,5
28962619_MinPolqaSfbRecording_cut.wav,3.8,0.836660027,0.733364848,5
30506090_MinPolqaSfbRecording_cut.wav,2.8,0.836660027,0.733364848,5
30117982_MinPolqaSfbRecording_cut.wav,2.0,1.0,1.131606528,3
30178484_MinPolqaSfbRecording_cut.wav,4.0,1.0,1.131606528,3
27908321_MinPolqaSfbRecording_cut.wav,3.333333333,1.154700538,1.306666667,3
30531164_MinPolqaSfbRecording_cut.wav,1.333333333,0.577350269,0.653333333,3
30142242_MinPolqaSfbRecording_cut.wav,1.666666667,0.577350269,0.653333333,3
30529866_MinPolqaSfbRecording_cut.wav,1.333333333,0.577350269,0.653333333,3
30149432_MinPolqaSfbRecording_cut.wav,2.333333333,0.577350269,0.653333333,3
27719482_MinPolqaSfbRecording_cut.wav,3.0,0.0,0.0,3
30162054_MinPolqaSfbRecording_cut.wav,1.666666667,0.577350269,0.653333333,3
28829411_MinPolqaSfbRecording_cut.wav,4.0,0.0,0.0,3
30099657_MinPolqaSfbRecording_cut.wav,3.0,1.0,0.876538647,5
30506451_MinPolqaSfbRecording_cut.wav,3.0,0.707106781,0.619806421,5
28939317_MinPolqaSfbRecording_cut.wav,3.0,0.707106781,0.619806421,5
27741772_MinPolqaSfbRecording_cut.wav,4.4,0.547722558,0.48009999,5
28137891_MinPolqaSfbRecording_cut.wav,4.4,0.547722558,0.48009999,5
30060436_MinPolqaSfbRecording_cut.wav,1.2,0.447213595,0.392,5
30091882_MinPolqaSfbRecording_cut.wav,3.8,0.836660027,0.733364848,5
27148414_MinPolqaSfbRecording_cut.wav,3.6,0.547722558,0.48009999,5
30142023_MinPolqaSfbRecording_cut.wav,2.4,0.547722558,0.48009999,5
30481316_MinPolqaSfbRecording_cut.wav,3.6,0.547722558,0.48009999,5
30210813_MinPolqaSfbRecording_cut.wav,2.2,0.447213595,0.392,5
30151945_MinPolqaSfbRecording_cut.wav,2.8,0.447213595,0.392,5
30527577_MinPolqaSfbRecording_cut.wav,2.8,0.836660027,0.733364848,5
27520988_MinPolqaSfbRecording_cut.wav,4.0,1.0,0.876538647,5
30442447_MinPolqaSfbRecording_cut.wav,1.8,0.836660027,0.733364848,5
30184146_MinPolqaSfbRecording_cut.wav,2.4,1.140175425,0.999407825,5
30407086_MinPolqaSfbRecording_cut.wav,2.6,1.140175425,0.999407825,5
30261328_MinPolqaSfbRecording_cut.wav,2.0,0.816496581,0.800166649,4
30130325_MinPolqaSfbRecording_cut.wav,3.0,1.414213562,1.385929291,4
30481922_MinPolqaSfbRecording_cut.wav,3.75,0.5,0.49,4
29538044_MinPolqaSfbRecording_cut.wav,2.5,1.0,0.98,4
30133972_MinPolqaSfbRecording_cut.wav,3.0,0.816496581,0.800166649,4
30163256_MinPolqaSfbRecording_cut.wav,2.25,0.957427108,0.938278566,4
30145719_MinPolqaSfbRecording_cut.wav,3.0,0.816496581,0.800166649,4
30185355_MinPolqaSfbRecording_cut.wav,2.25,0.5,0.49,4
28796131_MinPolqaSfbRecording_cut.wav,3.0,0.0,0.0,4
29532697_MinPolqaSfbRecording_cut.wav,2.8,0.836660027,0.733364848,5
27618586_MinPolqaSfbRecording_cut.wav,3.6,0.547722558,0.48009999,5
30173523_MinPolqaSfbRecording_cut.wav,4.4,0.894427191,0.784,5
30477819_MinPolqaSfbRecording_cut.wav,4.0,0.707106781,0.619806421,5
30150197_MinPolqaSfbRecording_cut.wav,3.6,0.547722558,0.48009999,5
30205377_MinPolqaSfbRecording_cut.wav,4.5,1.0,0.98,4
30253593_MinPolqaSfbRecording_cut.wav,2.75,2.061552813,2.020321757,4
30410329_MinPolqaSfbRecording_cut.wav,2.5,1.914854216,1.876557131,4
30401607_MinPolqaSfbRecording_cut.wav,3.25,1.5,1.47,4
29530605_MinPolqaSfbRecording_cut.wav,2.75,1.5,1.47,4
30061253_MinPolqaSfbRecording_cut.wav,2.5,1.290994449,1.26517456,4
30133060_MinPolqaSfbRecording_cut.wav,2.75,1.5,1.47,4
27832644_MinPolqaSfbRecording_cut.wav,4.75,0.5,0.49,4
30460885_MinPolqaSfbRecording_cut.wav,4.0,0.707106781,0.619806421,5
28431972_MinPolqaSfbRecording_cut.wav,4.4,0.894427191,0.784,5
30421054_MinPolqaSfbRecording_cut.wav,1.8,1.303840481,1.142866571,5
30163602_MinPolqaSfbRecording_cut.wav,2.2,1.095445115,0.960199979,5
30168610_MinPolqaSfbRecording_cut.wav,3.4,0.894427191,0.784,5
27906221_MinPolqaSfbRecording_cut.wav,3.8,0.447213595,0.392,5
30425473_MinPolqaSfbRecording_cut.wav,2.6,0.894427191,0.784,5
30520204_MinPolqaSfbRecording_cut.wav,2.0,1.414213562,1.239612843,5
30176878_MinPolqaSfbRecording_cut.wav,2.2,0.447213595,0.392,5
30474487_MinPolqaSfbRecording_cut.wav,2.0,0.707106781,0.619806421,5
30146421_MinPolqaSfbRecording_cut.wav,1.8,1.095445115,0.960199979,5
30124304_MinPolqaSfbRecording_cut.wav,3.6,1.140175425,0.999407825,5
28633523_MinPolqaSfbRecording_cut.wav,4.0,0.707106781,0.619806421,5
30427358_MinPolqaSfbRecording_cut.wav,3.0,0.0,0.0,5
30511500_MinPolqaSfbRecording_cut.wav,3.0,0.707106781,0.619806421,5
30096772_MinPolqaSfbRecording_cut.wav,2.25,0.957427108,0.938278566,4
30069451_MinPolqaSfbRecording_cut.wav,1.75,0.5,0.49,4
30185979_MinPolqaSfbRecording_cut.wav,3.0,0.0,0.0,4
28463094_MinPolqaSfbRecording_cut.wav,3.0,0.0,0.0,4
28914278_MinPolqaSfbRecording_cut.wav,3.25,0.5,0.49,4
30179415_MinPolqaSfbRecording_cut.wav,3.0,0.0,0.0,4
30065007_MinPolqaSfbRecording_cut.wav,1.75,0.5,0.49,4
30110635_MinPolqaSfbRecording_cut.wav,2.75,0.5,0.49,4
30401833_MinPolqaSfbRecording_cut.wav,3.5,1.0,0.98,4
30117129_MinPolqaSfbRecording_cut.wav,3.0,0.0,0.0,4
30122616_MinPolqaSfbRecording_cut.wav,3.75,0.957427108,0.938278566,4
30522764_MinPolqaSfbRecording_cut.wav,2.75,0.957427108,0.938278566,4
30059581_MinPolqaSfbRecording_cut.wav,3.25,0.957427108,0.938278566,4
30199889_MinPolqaSfbRecording_cut.wav,2.5,0.577350269,0.565803264,4
30107677_MinPolqaSfbRecording_cut.wav,4.25,0.957427108,0.938278566,4
28954836_MinPolqaSfbRecording_cut.wav,4.75,0.5,0.49,4
30174657_MinPolqaSfbRecording_cut.wav,2.8,1.303840481,1.142866571,5
30076311_MinPolqaSfbRecording_cut.wav,4.0,1.0,0.876538647,5
30140751_MinPolqaSfbRecording_cut.wav,3.2,1.095445115,0.960199979,5
30157414_MinPolqaSfbRecording_cut.wav,2.4,1.516575089,1.329336677,5
30402940_MinPolqaSfbRecording_cut.wav,2.2,1.095445115,0.960199979,5
30258880_MinPolqaSfbRecording_cut.wav,3.0,0.707106781,0.619806421,5
30483488_MinPolqaSfbRecording_cut.wav,3.2,0.836660027,0.733364848,5
30479742_MinPolqaSfbRecording_cut.wav,1.8,1.303840481,1.142866571,5
30130092_MinPolqaSfbRecording_cut.wav,2.4,1.140175425,0.999407825,5
30489378_MinPolqaSfbRecording_cut.wav,1.6,0.894427191,0.784,5
30262063_MinPolqaSfbRecording_cut.wav,1.6,0.894427191,0.784,5
30520414_MinPolqaSfbRecording_cut.wav,2.8,0.836660027,0.733364848,5
30442477_MinPolqaSfbRecording_cut.wav,2.6,1.140175425,0.999407825,5
30254130_MinPolqaSfbRecording_cut.wav,1.4,0.547722558,0.48009999,5
30184877_MinPolqaSfbRecording_cut.wav,3.75,0.5,0.49,4
30066131_MinPolqaSfbRecording_cut.wav,2.75,0.957427108,0.938278566,4
30090934_MinPolqaSfbRecording_cut.wav,2.75,0.5,0.49,4
30438788_MinPolqaSfbRecording_cut.wav,2.25,0.957427108,0.938278566,4
30156325_MinPolqaSfbRecording_cut.wav,3.75,0.5,0.49,4
30156443_MinPolqaSfbRecording_cut.wav,2.25,0.5,0.49,4
30176652_MinPolqaSfbRecording_cut.wav,1.5,0.577350269,0.565803264,4
30064170_MinPolqaSfbRecording_cut.wav,3.5,0.577350269,0.565803264,4
30439403_MinPolqaSfbRecording_cut.wav,2.75,0.5,0.49,4
28642656_MinPolqaSfbRecording_cut.wav,4.25,0.5,0.49,4
27932076_MinPolqaSfbRecording_cut.wav,4.4,0.894427191,0.784,5
28802653_MinPolqaSfbRecording_cut.wav,4.4,0.894427191,0.784,5
30119518_MinPolqaSfbRecording_cut.wav,4.2,0.447213595,0.392,5
30100686_MinPolqaSfbRecording_cut.wav,4.4,0.547722558,0.48009999,5
29530616_MinPolqaSfbRecording_cut.wav,2.0,1.414213562,1.239612843,5
27893402_MinPolqaSfbRecording_cut.wav,4.2,1.095445115,0.960199979,5
30260342_MinPolqaSfbRecording_cut.wav,3.6,0.547722558,0.48009999,5
30101213_MinPolqaSfbRecording_cut.wav,3.4,1.516575089,1.329336677,5
30147500_MinPolqaSfbRecording_cut.wav,4.5,0.577350269,0.565803264,4
27773276_MinPolqaSfbRecording_cut.wav,3.5,1.290994449,1.26517456,4
30069193_MinPolqaSfbRecording_cut.wav,2.75,0.957427108,0.938278566,4
30431989_MinPolqaSfbRecording_cut.wav,4.25,0.957427108,0.938278566,4
30107361_MinPolqaSfbRecording_cut.wav,3.0,0.816496581,0.800166649,4
30482602_MinPolqaSfbRecording_cut.wav,2.25,0.5,0.49,4
30097275_MinPolqaSfbRecording_cut.wav,3.75,0.957427108,0.938278566,4
30082148_MinPolqaSfbRecording_cut.wav,2.2,1.095445115,0.960199979,5
30528544_MinPolqaSfbRecording_cut.wav,3.4,1.140175425,0.999407825,5
30430489_MinPolqaSfbRecording_cut.wav,1.6,1.341640786,1.176,5
30106235_MinPolqaSfbRecording_cut.wav,2.4,1.140175425,0.999407825,5
30059770_MinPolqaSfbRecording_cut.wav,2.8,1.303840481,1.142866571,5
30261314_MinPolqaSfbRecording_cut.wav,1.8,1.303840481,1.142866571,5
30422859_MinPolqaSfbRecording_cut.wav,2.2,1.643167673,1.440299969,5
30096078_MinPolqaSfbRecording_cut.wav,2.0,1.732050808,1.518209472,5
30527863_MinPolqaSfbRecording_cut.wav,2.0,1.732050808,1.518209472,5
28432458_MinPolqaSfbRecording_cut.wav,4.0,0.707106781,0.619806421,5
30180338_MinPolqaSfbRecording_cut.wav,3.4,0.894427191,0.784,5
30062456_MinPolqaSfbRecording_cut.wav,3.8,0.836660027,0.733364848,5
30118743_MinPolqaSfbRecording_cut.wav,3.6,0.547722558,0.48009999,5
30471908_MinPolqaSfbRecording_cut.wav,3.2,0.836660027,0.733364848,5
30119732_MinPolqaSfbRecording_cut.wav,1.6,0.547722558,0.48009999,5
30456812_MinPolqaSfbRecording_cut.wav,2.25,0.5,0.49,4
30188532_MinPolqaSfbRecording_cut.wav,3.0,0.816496581,0.800166649,4
30091362_MinPolqaSfbRecording_cut.wav,2.25,0.957427108,0.938278566,4
30462701_MinPolqaSfbRecording_cut.wav,1.25,0.5,0.49,4
30142770_MinPolqaSfbRecording_cut.wav,1.5,0.577350269,0.565803264,4
30069845_MinPolqaSfbRecording_cut.wav,1.5,0.577350269,0.565803264,4
30429569_MinPolqaSfbRecording_cut.wav,1.5,0.577350269,0.565803264,4
30207641_MinPolqaSfbRecording_cut.wav,3.25,0.957427108,0.938278566,4
28971870_MinPolqaSfbRecording_cut.wav,3.75,0.957427108,0.938278566,4
28951360_MinPolqaSfbRecording_cut.wav,3.75,0.957427108,0.938278566,4
30177438_MinPolqaSfbRecording_cut.wav,1.25,0.5,0.49,4
30138854_MinPolqaSfbRecording_cut.wav,3.25,0.957427108,0.938278566,4
30461445_MinPolqaSfbRecording_cut.wav,3.75,0.957427108,0.938278566,4
30080418_MinPolqaSfbRecording_cut.wav,1.5,0.577350269,0.565803264,4
30439750_MinPolqaSfbRecording_cut.wav,1.5,0.577350269,0.565803264,4
30111991_MinPolqaSfbRecording_cut.wav,2.8,0.447213595,0.392,5
30113153_MinPolqaSfbRecording_cut.wav,3.2,0.836660027,0.733364848,5
30154642_MinPolqaSfbRecording_cut.wav,4.4,0.547722558,0.48009999,5
30086856_MinPolqaSfbRecording_cut.wav,4.4,0.894427191,0.784,5
30253919_MinPolqaSfbRecording_cut.wav,3.8,0.836660027,0.733364848,5
28300534_MinPolqaSfbRecording_cut.wav,4.4,0.894427191,0.784,5
30514607_MinPolqaSfbRecording_cut.wav,2.4,0.547722558,0.48009999,5
30178341_MinPolqaSfbRecording_cut.wav,1.4,0.547722558,0.48009999,5
30163240_MinPolqaSfbRecording_cut.wav,4.0,0.707106781,0.619806421,5
30129271_MinPolqaSfbRecording_cut.wav,3.2,0.836660027,0.733364848,5
30171711_MinPolqaSfbRecording_cut.wav,2.8,0.447213595,0.392,5
30139415_MinPolqaSfbRecording_cut.wav,2.0,0.707106781,0.619806421,5
30504827_MinPolqaSfbRecording_cut.wav,4.0,0.0,0.0,5
30152043_MinPolqaSfbRecording_cut.wav,1.8,0.836660027,0.733364848,5
30123499_MinPolqaSfbRecording_cut.wav,3.4,0.547722558,0.48009999,5
30475187_MinPolqaSfbRecording_cut.wav,3.8,0.836660027,0.733364848,5
27688083_MinPolqaSfbRecording_cut.wav,4.0,0.0,0.0,5
27632672_MinPolqaSfbRecording_cut.wav,4.2,0.447213595,0.392,5
28509276_MinPolqaSfbRecording_cut.wav,3.4,1.140175425,0.999407825,5
30114109_MinPolqaSfbRecording_cut.wav,3.6,0.894427191,0.784,5
30417401_MinPolqaSfbRecording_cut.wav,2.0,0.707106781,0.619806421,5
28768294_MinPolqaSfbRecording_cut.wav,3.2,1.095445115,0.960199979,5
30260994_MinPolqaSfbRecording_cut.wav,2.8,1.095445115,0.960199979,5
28989826_MinPolqaSfbRecording_cut.wav,4.2,0.836660027,0.733364848,5
30207943_MinPolqaSfbRecording_cut.wav,3.2,1.095445115,0.960199979,5
30118178_MinPolqaSfbRecording_cut.wav,2.8,0.836660027,0.733364848,5
30528702_MinPolqaSfbRecording_cut.wav,3.2,0.447213595,0.392,5
30179246_MinPolqaSfbRecording_cut.wav,2.8,0.836660027,0.733364848,5
30510360_MinPolqaSfbRecording_cut.wav,1.4,0.547722558,0.48009999,5
30210583_MinPolqaSfbRecording_cut.wav,1.6,0.547722558,0.48009999,5
30159574_MinPolqaSfbRecording_cut.wav,4.0,1.0,0.876538647,5
30145286_MinPolqaSfbRecording_cut.wav,2.6,0.894427191,0.784,5
28198352_MinPolqaSfbRecording_cut.wav,4.0,0.707106781,0.619806421,5
30526909_MinPolqaSfbRecording_cut.wav,2.2,0.836660027,0.733364848,5
30142057_MinPolqaSfbRecording_cut.wav,2.2,1.095445115,0.960199979,5
30205344_MinPolqaSfbRecording_cut.wav,4.2,0.447213595,0.392,5
28560160_MinPolqaSfbRecording_cut.wav,4.8,0.447213595,0.392,5
30175051_MinPolqaSfbRecording_cut.wav,4.0,0.707106781,0.619806421,5
29540205_MinPolqaSfbRecording_cut.wav,1.8,1.095445115,0.960199979,5
30458073_MinPolqaSfbRecording_cut.wav,3.4,0.547722558,0.48009999,5
30264367_MinPolqaSfbRecording_cut.wav,4.0,0.0,0.0,5
30169918_MinPolqaSfbRecording_cut.wav,3.8,0.447213595,0.392,5
30509931_MinPolqaSfbRecording_cut.wav,3.8,0.447213595,0.392,5
27782127_MinPolqaSfbRecording_cut.wav,2.75,0.5,0.49,4
30124696_MinPolqaSfbRecording_cut.wav,3.75,0.957427108,0.938278566,4
30484424_MinPolqaSfbRecording_cut.wav,2.0,0.816496581,0.800166649,4
29533225_MinPolqaSfbRecording_cut.wav,2.75,0.5,0.49,4
30428016_MinPolqaSfbRecording_cut.wav,2.75,0.5,0.49,4
30475439_MinPolqaSfbRecording_cut.wav,2.0,0.816496581,0.800166649,4
30522009_MinPolqaSfbRecording_cut.wav,1.25,0.5,0.49,4
30522641_MinPolqaSfbRecording_cut.wav,2.25,0.957427108,0.938278566,4
30146512_MinPolqaSfbRecording_cut.wav,2.5,0.577350269,0.565803264,4
29535546_MinPolqaSfbRecording_cut.wav,3.2,0.836660027,0.733364848,5
29542096_MinPolqaSfbRecording_cut.wav,2.4,0.894427191,0.784,5
30090859_MinPolqaSfbRecording_cut.wav,4.0,0.707106781,0.619806421,5
30068133_MinPolqaSfbRecording_cut.wav,2.0,0.707106781,0.619806421,5
30104061_MinPolqaSfbRecording_cut.wav,2.6,0.894427191,0.784,5
30110359_MinPolqaSfbRecording_cut.wav,2.8,0.447213595,0.392,5
28892821_MinPolqaSfbRecording_cut.wav,4.4,0.894427191,0.784,5
30444222_MinPolqaSfbRecording_cut.wav,3.0,1.224744871,1.073536213,5
28316111_MinPolqaSfbRecording_cut.wav,3.8,0.447213595,0.392,5
30437111_MinPolqaSfbRecording_cut.wav,1.6,0.547722558,0.48009999,5
27711292_MinPolqaSfbRecording_cut.wav,4.2,0.447213595,0.392,5
30189420_MinPolqaSfbRecording_cut.wav,4.0,0.707106781,0.619806421,5
30208187_MinPolqaSfbRecording_cut.wav,2.8,1.303840481,1.142866571,5
30474978_MinPolqaSfbRecording_cut.wav,4.0,0.707106781,0.619806421,5
30096169_MinPolqaSfbRecording_cut.wav,3.4,0.894427191,0.784,5
30529836_MinPolqaSfbRecording_cut.wav,2.0,0.707106781,0.619806421,5
30143064_MinPolqaSfbRecording_cut.wav,3.4,1.140175425,0.999407825,5
30177869_MinPolqaSfbRecording_cut.wav,2.6,0.547722558,0.48009999,5
30113304_MinPolqaSfbRecording_cut.wav,3.8,0.447213595,0.392,5
30102811_MinPolqaSfbRecording_cut.wav,2.4,1.140175425,0.999407825,5
30208780_MinPolqaSfbRecording_cut.wav,3.4,0.894427191,0.784,5
30508700_MinPolqaSfbRecording_cut.wav,2.4,0.894427191,0.784,5
30132790_MinPolqaSfbRecording_cut.wav,4.0,1.0,0.876538647,5
30484109_MinPolqaSfbRecording_cut.wav,4.2,1.303840481,1.142866571,5
28432677_MinPolqaSfbRecording_cut.wav,3.8,0.836660027,0.733364848,5
28708092_MinPolqaSfbRecording_cut.wav,3.4,0.894427191,0.784,5
30432211_MinPolqaSfbRecording_cut.wav,3.333333333,0.577350269,0.653333333,3
30173032_MinPolqaSfbRecording_cut.wav,3.333333333,0.577350269,0.653333333,3
30200250_MinPolqaSfbRecording_cut.wav,3.0,0.0,0.0,3
28260481_MinPolqaSfbRecording_cut.wav,2.666666667,0.577350269,0.653333333,3
29045208_MinPolqaSfbRecording_cut.wav,3.0,0.0,0.0,3
28985603_MinPolqaSfbRecording_cut.wav,4.0,0.707106781,0.619806421,5
30157691_MinPolqaSfbRecording_cut.wav,1.8,1.303840481,1.142866571,5
30184589_MinPolqaSfbRecording_cut.wav,3.4,0.894427191,0.784,5
30249538_MinPolqaSfbRecording_cut.wav,2.4,1.140175425,0.999407825,5
30248681_MinPolqaSfbRecording_cut.wav,2.0,1.0,0.876538647,5
30201980_MinPolqaSfbRecording_cut.wav,2.4,1.140175425,0.999407825,5
30257125_MinPolqaSfbRecording_cut.wav,2.6,0.547722558,0.48009999,5
30249552_MinPolqaSfbRecording_cut.wav,1.6,0.894427191,0.784,5
30092741_MinPolqaSfbRecording_cut.wav,3.0,0.0,0.0,3
28731933_MinPolqaSfbRecording_cut.wav,4.0,0.0,0.0,3
30478194_MinPolqaSfbRecording_cut.wav,3.333333333,0.577350269,0.653333333,3
28671225_MinPolqaSfbRecording_cut.wav,4.0,1.0,1.131606528,3
30151319_MinPolqaSfbRecording_cut.wav,2.0,0.0,0.0,3
28734287_MinPolqaSfbRecording_cut.wav,3.333333333,0.577350269,0.653333333,3
30256161_MinPolqaSfbRecording_cut.wav,2.0,0.0,0.0,3
30098248_MinPolqaSfbRecording_cut.wav,2.0,0.0,0.0,3
30108324_MinPolqaSfbRecording_cut.wav,3.666666667,0.577350269,0.653333333,3
30409362_MinPolqaSfbRecording_cut.wav,3.25,0.5,0.49,4
28280424_MinPolqaSfbRecording_cut.wav,4.25,0.957427108,0.938278566,4
30149911_MinPolqaSfbRecording_cut.wav,2.0,1.414213562,1.385929291,4
30172808_MinPolqaSfbRecording_cut.wav,3.25,1.258305739,1.233139624,4
30141174_MinPolqaSfbRecording_cut.wav,3.5,0.577350269,0.565803264,4
29027345_MinPolqaSfbRecording_cut.wav,4.25,0.5,0.49,4
30072972_MinPolqaSfbRecording_cut.wav,3.75,0.5,0.49,4
28180729_MinPolqaSfbRecording_cut.wav,3.25,0.957427108,0.938278566,4
27658707_MinPolqaSfbRecording_cut.wav,4.75,0.5,0.49,4
30448809_MinPolqaSfbRecording_cut.wav,3.5,1.290994449,1.26517456,4
30415608_MinPolqaSfbRecording_cut.wav,4.25,0.5,0.49,4
30153808_MinPolqaSfbRecording_cut.wav,3.5,1.0,0.98,4
30146258_MinPolqaSfbRecording_cut.wav,2.75,0.957427108,0.938278566,4
30065064_MinPolqaSfbRecording_cut.wav,2.5,0.577350269,0.565803264,4
30076622_MinPolqaSfbRecording_cut.wav,1.0,0.0,0.0,4
30250012_MinPolqaSfbRecording_cut.wav,2.75,0.957427108,0.938278566,4
30430115_MinPolqaSfbRecording_cut.wav,2.75,0.5,0.49,4
28933523_MinPolqaSfbRecording_cut.wav,4.0,0.816496581,0.800166649,4
27808725_MinPolqaSfbRecording_cut.wav,4.25,0.5,0.49,4
30530360_MinPolqaSfbRecording_cut.wav,3.2,0.836660027,0.733364848,5
29531974_MinPolqaSfbRecording_cut.wav,1.8,0.836660027,0.733364848,5
30254177_MinPolqaSfbRecording_cut.wav,2.4,0.547722558,0.48009999,5
30083604_MinPolqaSfbRecording_cut.wav,3.2,0.447213595,0.392,5
30491321_MinPolqaSfbRecording_cut.wav,1.6,0.547722558,0.48009999,5
30521987_MinPolqaSfbRecording_cut.wav,3.4,1.516575089,1.329336677,5
30514614_MinPolqaSfbRecording_cut.wav,3.4,0.894427191,0.784,5
30249569_MinPolqaSfbRecording_cut.wav,3.4,0.894427191,0.784,5
30105413_MinPolqaSfbRecording_cut.wav,2.0,0.0,0.0,5
27681810_MinPolqaSfbRecording_cut.wav,4.4,0.894427191,0.784,5
30172382_MinPolqaSfbRecording_cut.wav,2.75,0.5,0.49,4
30154843_MinPolqaSfbRecording_cut.wav,3.5,1.0,0.98,4
30478994_MinPolqaSfbRecording_cut.wav,3.0,0.816496581,0.800166649,4
28864681_MinPolqaSfbRecording_cut.wav,4.0,0.0,0.0,4
27635174_MinPolqaSfbRecording_cut.wav,3.25,0.957427108,0.938278566,4
30132284_MinPolqaSfbRecording_cut.wav,2.0,0.816496581,0.800166649,4
30511236_MinPolqaSfbRecording_cut.wav,2.75,0.5,0.49,4
30136704_MinPolqaSfbRecording_cut.wav,2.75,0.5,0.49,4
30493346_MinPolqaSfbRecording_cut.wav,1.75,0.5,0.49,4
30103051_MinPolqaSfbRecording_cut.wav,3.0,1.224744871,1.073536213,5
30148495_MinPolqaSfbRecording_cut.wav,1.0,0.0,0.0,5
30260678_MinPolqaSfbRecording_cut.wav,1.0,0.0,0.0,5
29541566_MinPolqaSfbRecording_cut.wav,2.6,0.894427191,0.784,5
30524041_MinPolqaSfbRecording_cut.wav,1.8,0.836660027,0.733364848,5
30171356_MinPolqaSfbRecording_cut.wav,2.2,0.447213595,0.392,5
28347526_MinPolqaSfbRecording_cut.wav,2.8,1.095445115,0.960199979,5
30189433_MinPolqaSfbRecording_cut.wav,3.2,1.303840481,1.142866571,5
30443407_MinPolqaSfbRecording_cut.wav,2.0,1.0,0.876538647,5
30108240_MinPolqaSfbRecording_cut.wav,3.2,0.447213595,0.392,5
30168594_MinPolqaSfbRecording_cut.wav,2.6,0.894427191,0.784,5
28921488_MinPolqaSfbRecording_cut.wav,4.0,1.224744871,1.073536213,5
30100198_MinPolqaSfbRecording_cut.wav,2.6,1.140175425,0.999407825,5
28535066_MinPolqaSfbRecording_cut.wav,3.2,1.095445115,0.960199979,5
29537659_MinPolqaSfbRecording_cut.wav,3.4,0.894427191,0.784,5
30069086_MinPolqaSfbRecording_cut.wav,2.0,1.0,0.876538647,5
28286451_MinPolqaSfbRecording_cut.wav,3.8,0.836660027,0.733364848,5
28224158_MinPolqaSfbRecording_cut.wav,3.2,0.836660027,0.733364848,5
30196211_MinPolqaSfbRecording_cut.wav,2.2,1.303840481,1.142866571,5
30111659_MinPolqaSfbRecording_cut.wav,2.8,0.447213595,0.392,5
27809851_MinPolqaSfbRecording_cut.wav,4.0,1.0,0.876538647,5
30527147_MinPolqaSfbRecording_cut.wav,4.4,0.894427191,0.784,5
28774686_MinPolqaSfbRecording_cut.wav,3.2,0.447213595,0.392,5
30137504_MinPolqaSfbRecording_cut.wav,1.2,0.447213595,0.392,5
30160052_MinPolqaSfbRecording_cut.wav,2.2,0.447213595,0.392,5
30455935_MinPolqaSfbRecording_cut.wav,4.0,1.0,0.876538647,5
28706734_MinPolqaSfbRecording_cut.wav,3.6,0.547722558,0.48009999,5
30211114_MinPolqaSfbRecording_cut.wav,3.2,0.836660027,0.733364848,5
28118921_MinPolqaSfbRecording_cut.wav,3.8,1.095445115,0.960199979,5
29047083_MinPolqaSfbRecording_cut.wav,3.75,0.957427108,0.938278566,4
30125581_MinPolqaSfbRecording_cut.wav,3.5,0.577350269,0.565803264,4
30426736_MinPolqaSfbRecording_cut.wav,4.25,0.5,0.49,4
30531989_MinPolqaSfbRecording_cut.wav,1.5,0.577350269,0.565803264,4
30467097_MinPolqaSfbRecording_cut.wav,3.25,0.5,0.49,4
30089932_MinPolqaSfbRecording_cut.wav,3.25,0.5,0.49,4
30083628_MinPolqaSfbRecording_cut.wav,1.0,0.0,0.0,4
30174509_MinPolqaSfbRecording_cut.wav,1.25,0.5,0.49,4
30434811_MinPolqaSfbRecording_cut.wav,3.75,0.957427108,0.938278566,4
30133015_MinPolqaSfbRecording_cut.wav,3.75,0.5,0.49,4
30068474_MinPolqaSfbRecording_cut.wav,1.5,0.577350269,0.565803264,4
30152072_MinPolqaSfbRecording_cut.wav,3.0,1.154700538,1.131606528,4
30250630_MinPolqaSfbRecording_cut.wav,3.0,0.0,0.0,4
30479515_MinPolqaSfbRecording_cut.wav,2.25,0.5,0.49,4
29529562_MinPolqaSfbRecording_cut.wav,3.75,0.5,0.49,4
28551635_MinPolqaSfbRecording_cut.wav,3.2,0.447213595,0.392,5
30206473_MinPolqaSfbRecording_cut.wav,1.0,0.0,0.0,5
30090564_MinPolqaSfbRecording_cut.wav,1.4,0.547722558,0.48009999,5
30110736_MinPolqaSfbRecording_cut.wav,1.8,0.447213595,0.392,5
30157943_MinPolqaSfbRecording_cut.wav,1.0,0.0,0.0,5
28083008_MinPolqaSfbRecording_cut.wav,4.0,1.0,0.876538647,5
28296803_MinPolqaSfbRecording_cut.wav,2.8,0.447213595,0.392,5
30100673_MinPolqaSfbRecording_cut.wav,2.6,0.547722558,0.48009999,5
28901813_MinPolqaSfbRecording_cut.wav,2.2,0.447213595,0.392,5
30478926_MinPolqaSfbRecording_cut.wav,2.6,1.140175425,0.999407825,5
30193333_MinPolqaSfbRecording_cut.wav,2.4,0.894427191,0.784,5
30466579_MinPolqaSfbRecording_cut.wav,3.0,0.707106781,0.619806421,5
30429445_MinPolqaSfbRecording_cut.wav,3.0,0.707106781,0.619806421,5
28899666_MinPolqaSfbRecording_cut.wav,4.0,0.707106781,0.619806421,5
30127853_MinPolqaSfbRecording_cut.wav,4.8,0.447213595,0.392,5
30207734_MinPolqaSfbRecording_cut.wav,3.6,0.547722558,0.48009999,5
27804845_MinPolqaSfbRecording_cut.wav,4.4,0.547722558,0.48009999,5
30183885_MinPolqaSfbRecording_cut.wav,1.6,1.341640786,1.176,5
30451437_MinPolqaSfbRecording_cut.wav,3.8,1.303840481,1.142866571,5
30458474_MinPolqaSfbRecording_cut.wav,4.2,0.836660027,0.733364848,5
29032046_MinPolqaSfbRecording_cut.wav,4.0,0.707106781,0.619806421,5
30409342_MinPolqaSfbRecording_cut.wav,4.2,0.836660027,0.733364848,5
28638410_MinPolqaSfbRecording_cut.wav,4.6,0.894427191,0.784,5
30166451_MinPolqaSfbRecording_cut.wav,3.2,0.836660027,0.733364848,5
30461500_MinPolqaSfbRecording_cut.wav,2.6,0.547722558,0.48009999,5
30107556_MinPolqaSfbRecording_cut.wav,2.2,0.836660027,0.733364848,5
28531805_MinPolqaSfbRecording_cut.wav,4.6,0.547722558,0.48009999,5
30200696_MinPolqaSfbRecording_cut.wav,3.25,0.957427108,0.938278566,4
27983892_MinPolqaSfbRecording_cut.wav,3.25,0.957427108,0.938278566,4
28478667_MinPolqaSfbRecording_cut.wav,3.75,0.5,0.49,4
30147716_MinPolqaSfbRecording_cut.wav,2.25,0.957427108,0.938278566,4
28021718_MinPolqaSfbRecording_cut.wav,2.75,0.5,0.49,4
30512035_MinPolqaSfbRecording_cut.wav,2.75,0.5,0.49,4
30206439_MinPolqaSfbRecording_cut.wav,2.0,0.0,0.0,4
30162618_MinPolqaSfbRecording_cut.wav,3.0,0.816496581,0.800166649,4
30457580_MinPolqaSfbRecording_cut.wav,1.75,0.957427108,0.938278566,4
30123145_MinPolqaSfbRecording_cut.wav,1.75,0.957427108,0.938278566,4
29535536_MinPolqaSfbRecording_cut.wav,2.0,0.816496581,0.800166649,4
28929920_MinPolqaSfbRecording_cut.wav,4.5,0.577350269,0.565803264,4
28297677_MinPolqaSfbRecording_cut.wav,4.5,0.577350269,0.565803264,4
30256873_MinPolqaSfbRecording_cut.wav,3.0,1.414213562,1.385929291,4
30092448_MinPolqaSfbRecording_cut.wav,3.25,0.5,0.49,4
29542006_MinPolqaSfbRecording_cut.wav,2.75,0.957427108,0.938278566,4
30174877_MinPolqaSfbRecording_cut.wav,3.25,0.957427108,0.938278566,4
30126135_MinPolqaSfbRecording_cut.wav,3.0,1.154700538,1.131606528,4
28804130_MinPolqaSfbRecording_cut.wav,3.5,0.577350269,0.565803264,4
29539719_MinPolqaSfbRecording_cut.wav,2.5,1.290994449,1.26517456,4
30431111_MinPolqaSfbRecording_cut.wav,2.0,0.816496581,0.800166649,4
27833563_MinPolqaSfbRecording_cut.wav,3.75,0.957427108,0.938278566,4
30492969_MinPolqaSfbRecording_cut.wav,3.4,1.140175425,0.999407825,5
30261160_MinPolqaSfbRecording_cut.wav,1.4,0.547722558,0.48009999,5
30161598_MinPolqaSfbRecording_cut.wav,1.2,0.447213595,0.392,5
30108052_MinPolqaSfbRecording_cut.wav,2.8,0.447213595,0.392,5
30455433_MinPolqaSfbRecording_cut.wav,3.4,1.140175425,0.999407825,5
27884795_MinPolqaSfbRecording_cut.wav,4.4,0.547722558,0.48009999,5
30063511_MinPolqaSfbRecording_cut.wav,3.8,1.095445115,0.960199979,5
30530646_MinPolqaSfbRecording_cut.wav,2.6,0.894427191,0.784,5
30473168_MinPolqaSfbRecording_cut.wav,1.75,0.5,0.49,4
30175903_MinPolqaSfbRecording_cut.wav,1.75,0.5,0.49,4
27768973_MinPolqaSfbRecording_cut.wav,2.75,0.5,0.49,4
27769074_MinPolqaSfbRecording_cut.wav,4.0,0.0,0.0,4
29539496_MinPolqaSfbRecording_cut.wav,3.25,0.5,0.49,4
30139247_MinPolqaSfbRecording_cut.wav,3.25,0.5,0.49,4
30059785_MinPolqaSfbRecording_cut.wav,3.25,0.5,0.49,4
30262224_MinPolqaSfbRecording_cut.wav,3.4,0.894427191,0.784,5
28536545_MinPolqaSfbRecording_cut.wav,4.8,0.447213595,0.392,5
28152391_MinPolqaSfbRecording_cut.wav,4.8,0.447213595,0.392,5
30484634_MinPolqaSfbRecording_cut.wav,4.6,0.894427191,0.784,5
30127087_MinPolqaSfbRecording_cut.wav,4.2,0.836660027,0.733364848,5
27667115_MinPolqaSfbRecording_cut.wav,4.6,0.547722558,0.48009999,5
30431351_MinPolqaSfbRecording_cut.wav,2.8,1.303840481,1.142866571,5
30488342_MinPolqaSfbRecording_cut.wav,2.2,1.303840481,1.142866571,5
30102633_MinPolqaSfbRecording_cut.wav,4.0,1.0,0.876538647,5
30103401_MinPolqaSfbRecording_cut.wav,3.25,0.5,0.49,4
30193886_MinPolqaSfbRecording_cut.wav,3.75,0.5,0.49,4
30453186_MinPolqaSfbRecording_cut.wav,1.0,0.0,0.0,4
30061354_MinPolqaSfbRecording_cut.wav,4.0,0.0,0.0,4
30134339_MinPolqaSfbRecording_cut.wav,3.5,0.577350269,0.565803264,4
30081651_MinPolqaSfbRecording_cut.wav,4.0,0.0,0.0,4
30446709_MinPolqaSfbRecording_cut.wav,3.0,0.0,0.0,4
30138234_MinPolqaSfbRecording_cut.wav,3.0,0.0,0.0,4
30254325_MinPolqaSfbRecording_cut.wav,4.5,0.577350269,0.565803264,4
28467507_MinPolqaSfbRecording_cut.wav,3.75,0.957427108,0.938278566,4
30141021_MinPolqaSfbRecording_cut.wav,2.0,1.154700538,1.131606528,4
30263883_MinPolqaSfbRecording_cut.wav,3.75,0.957427108,0.938278566,4
30063486_MinPolqaSfbRecording_cut.wav,2.75,0.957427108,0.938278566,4
29542004_MinPolqaSfbRecording_cut.wav,2.75,0.957427108,0.938278566,4
30185977_MinPolqaSfbRecording_cut.wav,2.4,0.894427191,0.784,5
29535474_MinPolqaSfbRecording_cut.wav,3.2,1.483239697,1.300116918,5
30068114_MinPolqaSfbRecording_cut.wav,2.6,0.894427191,0.784,5
30119677_MinPolqaSfbRecording_cut.wav,3.4,1.140175425,0.999407825,5
30411599_MinPolqaSfbRecording_cut.wav,1.4,0.547722558,0.48009999,5
30506189_MinPolqaSfbRecording_cut.wav,2.6,1.140175425,0.999407825,5
30062224_MinPolqaSfbRecording_cut.wav,2.0,1.0,0.876538647,5
30059824_MinPolqaSfbRecording_cut.wav,3.0,0.707106781,0.619806421,5
30403685_MinPolqaSfbRecording_cut.wav,2.2,0.836660027,0.733364848,5
28876188_MinPolqaSfbRecording_cut.wav,4.2,0.447213595,0.392,5
30487115_MinPolqaSfbRecording_cut.wav,3.6,0.547722558,0.48009999,5
30485776_MinPolqaSfbRecording_cut.wav,2.4,0.894427191,0.784,5
30082995_MinPolqaSfbRecording_cut.wav,4.2,0.836660027,0.733364848,5
30169106_MinPolqaSfbRecording_cut.wav,4.0,0.707106781,0.619806421,5
27848093_MinPolqaSfbRecording_cut.wav,4.8,0.447213595,0.392,5
30139542_MinPolqaSfbRecording_cut.wav,3.6,0.547722558,0.48009999,5
30147313_MinPolqaSfbRecording_cut.wav,1.6,0.894427191,0.784,5
30482742_MinPolqaSfbRecording_cut.wav,4.0,1.0,0.876538647,5
28825819_MinPolqaSfbRecording_cut.wav,4.0,0.816496581,0.800166649,4
30133385_MinPolqaSfbRecording_cut.wav,4.0,0.0,0.0,4
30411393_MinPolqaSfbRecording_cut.wav,2.75,0.5,0.49,4
27850424_MinPolqaSfbRecording_cut.wav,3.75,0.5,0.49,4
30064426_MinPolqaSfbRecording_cut.wav,2.25,0.957427108,0.938278566,4
30075339_MinPolqaSfbRecording_cut.wav,1.75,0.957427108,0.938278566,4
28732618_MinPolqaSfbRecording_cut.wav,4.25,0.5,0.49,4
27689545_MinPolqaSfbRecording_cut.wav,3.25,0.5,0.49,4
28878556_MinPolqaSfbRecording_cut.wav,3.75,0.5,0.49,4
30139350_MinPolqaSfbRecording_cut.wav,3.0,0.816496581,0.800166649,4
27968035_MinPolqaSfbRecording_cut.wav,3.6,0.894427191,0.784,5
30424767_MinPolqaSfbRecording_cut.wav,2.6,0.894427191,0.784,5
28509279_MinPolqaSfbRecording_cut.wav,3.6,0.547722558,0.48009999,5
30260575_MinPolqaSfbRecording_cut.wav,2.0,0.707106781,0.619806421,5
30179881_MinPolqaSfbRecording_cut.wav,2.2,0.447213595,0.392,5
30107075_MinPolqaSfbRecording_cut.wav,2.4,0.547722558,0.48009999,5
30090936_MinPolqaSfbRecording_cut.wav,3.6,1.140175425,0.999407825,5
28137612_MinPolqaSfbRecording_cut.wav,3.0,1.224744871,1.073536213,5
27928970_MinPolqaSfbRecording_cut.wav,3.4,0.894427191,0.784,5
30487655_MinPolqaSfbRecording_cut.wav,1.8,0.836660027,0.733364848,5
28723970_MinPolqaSfbRecording_cut.wav,4.2,0.447213595,0.392,5
30207736_MinPolqaSfbRecording_cut.wav,2.2,1.303840481,1.142866571,5
30147344_MinPolqaSfbRecording_cut.wav,2.4,1.140175425,0.999407825,5
30252694_MinPolqaSfbRecording_cut.wav,1.6,0.894427191,0.784,5
30106128_MinPolqaSfbRecording_cut.wav,3.6,0.547722558,0.48009999,5
30097374_MinPolqaSfbRecording_cut.wav,3.8,1.095445115,0.960199979,5
30148307_MinPolqaSfbRecording_cut.wav,2.4,1.140175425,0.999407825,5
30500894_MinPolqaSfbRecording_cut.wav,2.6,1.673320053,1.466729696,5
30066627_MinPolqaSfbRecording_cut.wav,4.4,0.547722558,0.48009999,5
30091777_MinPolqaSfbRecording_cut.wav,3.6,1.140175425,0.999407825,5
27883807_MinPolqaSfbRecording_cut.wav,4.8,0.447213595,0.392,5
30259131_MinPolqaSfbRecording_cut.wav,3.4,1.140175425,0.999407825,5
30099621_MinPolqaSfbRecording_cut.wav,2.2,1.303840481,1.142866571,5
29534242_MinPolqaSfbRecording_cut.wav,3.5,0.577350269,0.565803264,4
30492464_MinPolqaSfbRecording_cut.wav,2.5,1.0,0.98,4
30530761_MinPolqaSfbRecording_cut.wav,2.5,1.0,0.98,4
30493549_MinPolqaSfbRecording_cut.wav,3.75,0.957427108,0.938278566,4
30093299_MinPolqaSfbRecording_cut.wav,2.75,0.957427108,0.938278566,4
30137290_MinPolqaSfbRecording_cut.wav,1.75,0.5,0.49,4
28936767_MinPolqaSfbRecording_cut.wav,1.75,0.957427108,0.938278566,4
28815584_MinPolqaSfbRecording_cut.wav,4.4,0.547722558,0.48009999,5
27929639_MinPolqaSfbRecording_cut.wav,4.4,0.894427191,0.784,5
30462533_MinPolqaSfbRecording_cut.wav,4.2,0.447213595,0.392,5
28063617_MinPolqaSfbRecording_cut.wav,4.2,0.836660027,0.733364848,5
30133635_MinPolqaSfbRecording_cut.wav,4.0,1.224744871,1.073536213,5
30406524_MinPolqaSfbRecording_cut.wav,4.0,0.707106781,0.619806421,5
30173373_MinPolqaSfbRecording_cut.wav,3.4,0.894427191,0.784,5
30186274_MinPolqaSfbRecording_cut.wav,2.75,0.5,0.49,4
30435231_MinPolqaSfbRecording_cut.wav,2.5,1.0,0.98,4
30520220_MinPolqaSfbRecording_cut.wav,2.75,0.957427108,0.938278566,4
30412160_MinPolqaSfbRecording_cut.wav,1.5,0.577350269,0.565803264,4
30433672_MinPolqaSfbRecording_cut.wav,1.5,1.0,0.98,4
30185046_MinPolqaSfbRecording_cut.wav,3.5,0.577350269,0.565803264,4
30171114_MinPolqaSfbRecording_cut.wav,3.0,0.0,0.0,4
30529175_MinPolqaSfbRecording_cut.wav,2.5,0.577350269,0.565803264,4
28825172_MinPolqaSfbRecording_cut.wav,3.8,0.836660027,0.733364848,5
30482735_MinPolqaSfbRecording_cut.wav,3.2,1.303840481,1.142866571,5
30413523_MinPolqaSfbRecording_cut.wav,2.2,1.095445115,0.960199979,5
27751295_MinPolqaSfbRecording_cut.wav,4.6,0.547722558,0.48009999,5
30481859_MinPolqaSfbRecording_cut.wav,4.6,0.547722558,0.48009999,5
30101135_MinPolqaSfbRecording_cut.wav,3.4,1.341640786,1.176,5
30502609_MinPolqaSfbRecording_cut.wav,3.8,1.095445115,0.960199979,5
30177006_MinPolqaSfbRecording_cut.wav,2.5,0.577350269,0.565803264,4
30060308_MinPolqaSfbRecording_cut.wav,2.25,0.5,0.49,4
30251446_MinPolqaSfbRecording_cut.wav,1.25,0.5,0.49,4
28561929_MinPolqaSfbRecording_cut.wav,3.75,0.5,0.49,4
30166361_MinPolqaSfbRecording_cut.wav,2.25,1.258305739,1.233139624,4
30112685_MinPolqaSfbRecording_cut.wav,3.0,0.816496581,0.800166649,4
30529192_MinPolqaSfbRecording_cut.wav,1.5,1.0,0.98,4
30123495_MinPolqaSfbRecording_cut.wav,2.75,0.5,0.49,4
30437860_MinPolqaSfbRecording_cut.wav,3.25,0.5,0.49,4
28784703_MinPolqaSfbRecording_cut.wav,3.4,0.547722558,0.48009999,5
28539423_MinPolqaSfbRecording_cut.wav,3.2,0.836660027,0.733364848,5
30066401_MinPolqaSfbRecording_cut.wav,2.8,0.447213595,0.392,5
27888247_MinPolqaSfbRecording_cut.wav,3.2,0.447213595,0.392,5
29529954_MinPolqaSfbRecording_cut.wav,3.2,0.836660027,0.733364848,5
30522620_MinPolqaSfbRecording_cut.wav,2.8,0.836660027,0.733364848,5
30172001_MinPolqaSfbRecording_cut.wav,1.8,0.836660027,0.733364848,5
28676191_MinPolqaSfbRecording_cut.wav,3.6,0.894427191,0.784,5
27775292_MinPolqaSfbRecording_cut.wav,3.4,0.894427191,0.784,5
30521171_MinPolqaSfbRecording_cut.wav,3.8,1.095445115,0.960199979,5
30431898_MinPolqaSfbRecording_cut.wav,3.6,0.547722558,0.48009999,5
30529237_MinPolqaSfbRecording_cut.wav,2.0,0.707106781,0.619806421,5
28699825_MinPolqaSfbRecording_cut.wav,4.4,0.894427191,0.784,5
30449917_MinPolqaSfbRecording_cut.wav,2.6,0.547722558,0.48009999,5
30206445_MinPolqaSfbRecording_cut.wav,3.2,0.836660027,0.733364848,5
27962496_MinPolqaSfbRecording_cut.wav,3.8,0.447213595,0.392,5
28316785_MinPolqaSfbRecording_cut.wav,3.8,0.836660027,0.733364848,5
28175066_MinPolqaSfbRecording_cut.wav,3.8,0.447213595,0.392,5
27723824_MinPolqaSfbRecording_cut.wav,3.8,0.447213595,0.392,5
28274953_MinPolqaSfbRecording_cut.wav,3.666666667,1.154700538,1.306666667,3
28277907_MinPolqaSfbRecording_cut.wav,3.0,0.0,0.0,3
30059846_MinPolqaSfbRecording_cut.wav,3.0,0.0,0.0,3
28559693_MinPolqaSfbRecording_cut.wav,4.0,0.0,0.0,3
30108348_MinPolqaSfbRecording_cut.wav,2.333333333,0.577350269,0.653333333,3
30253128_MinPolqaSfbRecording_cut.wav,2.333333333,0.577350269,0.653333333,3
30501870_MinPolqaSfbRecording_cut.wav,2.333333333,0.577350269,0.653333333,3
30410918_MinPolqaSfbRecording_cut.wav,3.666666667,0.577350269,0.653333333,3
27706984_MinPolqaSfbRecording_cut.wav,4.0,1.0,1.131606528,3
27893764_MinPolqaSfbRecording_cut.wav,3.666666667,0.577350269,0.653333333,3
30154744_MinPolqaSfbRecording_cut.wav,3.6,0.547722558,0.48009999,5
30426775_MinPolqaSfbRecording_cut.wav,3.4,0.894427191,0.784,5
30489140_MinPolqaSfbRecording_cut.wav,1.4,0.547722558,0.48009999,5
30139043_MinPolqaSfbRecording_cut.wav,3.2,0.447213595,0.392,5
30433283_MinPolqaSfbRecording_cut.wav,2.2,1.095445115,0.960199979,5
30503156_MinPolqaSfbRecording_cut.wav,3.4,0.547722558,0.48009999,5
30096915_MinPolqaSfbRecording_cut.wav,2.4,0.547722558,0.48009999,5
30407985_MinPolqaSfbRecording_cut.wav,3.8,0.447213595,0.392,5
30528768_MinPolqaSfbRecording_cut.wav,1.2,0.447213595,0.392,5
30497038_MinPolqaSfbRecording_cut.wav,3.6,0.894427191,0.784,5
27857557_MinPolqaSfbRecording_cut.wav,3.8,0.447213595,0.392,5
30120558_MinPolqaSfbRecording_cut.wav,3.0,0.707106781,0.619806421,5
30439718_MinPolqaSfbRecording_cut.wav,3.2,0.836660027,0.733364848,5
30421960_MinPolqaSfbRecording_cut.wav,2.0,1.0,0.876538647,5
30206580_MinPolqaSfbRecording_cut.wav,3.6,0.547722558,0.48009999,5
30179573_MinPolqaSfbRecording_cut.wav,2.8,1.095445115,0.960199979,5
28016215_MinPolqaSfbRecording_cut.wav,4.2,1.095445115,0.960199979,5
30098625_MinPolqaSfbRecording_cut.wav,1.2,0.447213595,0.392,5
30206539_MinPolqaSfbRecording_cut.wav,4.4,0.547722558,0.48009999,5
30494113_MinPolqaSfbRecording_cut.wav,3.6,0.547722558,0.48009999,5
30415784_MinPolqaSfbRecording_cut.wav,2.4,0.547722558,0.48009999,5
30506224_MinPolqaSfbRecording_cut.wav,3.6,0.547722558,0.48009999,5
30136287_MinPolqaSfbRecording_cut.wav,2.8,0.447213595,0.392,5
30160590_MinPolqaSfbRecording_cut.wav,3.6,0.547722558,0.48009999,5
30403889_MinPolqaSfbRecording_cut.wav,3.8,1.643167673,1.440299969,5
30488873_MinPolqaSfbRecording_cut.wav,2.2,1.303840481,1.142866571,5
30405595_MinPolqaSfbRecording_cut.wav,4.2,1.303840481,1.142866571,5
30522833_MinPolqaSfbRecording_cut.wav,3.8,1.303840481,1.142866571,5
30399737_MinPolqaSfbRecording_cut.wav,1.8,0.836660027,0.733364848,5
30069689_MinPolqaSfbRecording_cut.wav,2.8,1.303840481,1.142866571,5
30123203_MinPolqaSfbRecording_cut.wav,3.2,1.303840481,1.142866571,5
28247037_MinPolqaSfbRecording_cut.wav,4.6,0.547722558,0.48009999,5
30249816_MinPolqaSfbRecording_cut.wav,2.2,1.095445115,0.960199979,5
30487194_MinPolqaSfbRecording_cut.wav,3.5,0.577350269,0.565803264,4
27712814_MinPolqaSfbRecording_cut.wav,3.75,0.957427108,0.938278566,4
28874924_MinPolqaSfbRecording_cut.wav,3.25,0.5,0.49,4
30075768_MinPolqaSfbRecording_cut.wav,2.5,0.577350269,0.565803264,4
29538570_MinPolqaSfbRecording_cut.wav,2.75,0.957427108,0.938278566,4
30264021_MinPolqaSfbRecording_cut.wav,3.5,0.577350269,0.565803264,4
30085358_MinPolqaSfbRecording_cut.wav,1.75,0.957427108,0.938278566,4
28480767_MinPolqaSfbRecording_cut.wav,4.75,0.5,0.49,4
30493763_MinPolqaSfbRecording_cut.wav,3.2,1.303840481,1.142866571,5
30208407_MinPolqaSfbRecording_cut.wav,2.4,0.894427191,0.784,5
30082394_MinPolqaSfbRecording_cut.wav,3.0,1.224744871,1.073536213,5
30450919_MinPolqaSfbRecording_cut.wav,2.4,1.140175425,0.999407825,5
30089089_MinPolqaSfbRecording_cut.wav,2.0,1.224744871,1.073536213,5
30060095_MinPolqaSfbRecording_cut.wav,3.6,1.140175425,0.999407825,5
30099654_MinPolqaSfbRecording_cut.wav,2.6,1.341640786,1.176,5
28609966_MinPolqaSfbRecording_cut.wav,4.4,0.547722558,0.48009999,5
30083372_MinPolqaSfbRecording_cut.wav,3.6,1.673320053,1.466729696,5
30520949_MinPolqaSfbRecording_cut.wav,4.0,0.816496581,0.800166649,4
27634446_MinPolqaSfbRecording_cut.wav,3.5,1.0,0.98,4
30150618_MinPolqaSfbRecording_cut.wav,1.75,0.957427108,0.938278566,4
30098406_MinPolqaSfbRecording_cut.wav,3.75,0.5,0.49,4
30198298_MinPolqaSfbRecording_cut.wav,2.0,0.816496581,0.800166649,4
30067183_MinPolqaSfbRecording_cut.wav,3.25,0.957427108,0.938278566,4
28725737_MinPolqaSfbRecording_cut.wav,4.0,0.816496581,0.800166649,4
30063170_MinPolqaSfbRecording_cut.wav,4.0,0.816496581,0.800166649,4
30070625_MinPolqaSfbRecording_cut.wav,1.0,0.0,0.0,4
30183022_MinPolqaSfbRecording_cut.wav,3.5,0.577350269,0.565803264,4
30066497_MinPolqaSfbRecording_cut.wav,3.5,1.290994449,1.26517456,4
29031244_MinPolqaSfbRecording_cut.wav,4.75,0.5,0.49,4
28034220_MinPolqaSfbRecording_cut.wav,2.5,0.577350269,0.565803264,4
27864526_MinPolqaSfbRecording_cut.wav,4.75,0.5,0.49,4
27945500_MinPolqaSfbRecording_cut.wav,4.0,0.816496581,0.800166649,4
30198432_MinPolqaSfbRecording_cut.wav,3.0,0.816496581,0.800166649,4
28439013_MinPolqaSfbRecording_cut.wav,3.25,0.957427108,0.938278566,4
30147469_MinPolqaSfbRecording_cut.wav,2.25,1.258305739,1.233139624,4
30104591_MinPolqaSfbRecording_cut.wav,3.0,0.816496581,0.800166649,4
30482997_MinPolqaSfbRecording_cut.wav,2.75,0.957427108,0.938278566,4
28470084_MinPolqaSfbRecording_cut.wav,4.0,0.0,0.0,4
30068949_MinPolqaSfbRecording_cut.wav,4.5,0.577350269,0.565803264,4
27892072_MinPolqaSfbRecording_cut.wav,4.25,0.5,0.49,4
30485953_MinPolqaSfbRecording_cut.wav,3.75,0.5,0.49,4
30449575_MinPolqaSfbRecording_cut.wav,3.4,1.140175425,0.999407825,5
28513126_MinPolqaSfbRecording_cut.wav,4.4,0.894427191,0.784,5
27756746_MinPolqaSfbRecording_cut.wav,3.8,0.447213595,0.392,5
30449776_MinPolqaSfbRecording_cut.wav,2.8,0.836660027,0.733364848,5
30184674_MinPolqaSfbRecording_cut.wav,2.2,0.836660027,0.733364848,5
28616819_MinPolqaSfbRecording_cut.wav,4.6,0.547722558,0.48009999,5
30261713_MinPolqaSfbRecording_cut.wav,4.2,0.447213595,0.392,5
29530789_MinPolqaSfbRecording_cut.wav,3.0,1.224744871,1.073536213,5
30404410_MinPolqaSfbRecording_cut.wav,2.0,0.707106781,0.619806421,5
30202628_MinPolqaSfbRecording_cut.wav,3.4,0.547722558,0.48009999,5
30204906_MinPolqaSfbRecording_cut.wav,2.0,0.707106781,0.619806421,5
30402318_MinPolqaSfbRecording_cut.wav,1.4,0.547722558,0.48009999,5
30106643_MinPolqaSfbRecording_cut.wav,1.0,0.0,0.0,5
30455934_MinPolqaSfbRecording_cut.wav,3.4,0.547722558,0.48009999,5
30078178_MinPolqaSfbRecording_cut.wav,3.4,1.140175425,0.999407825,5
30138989_MinPolqaSfbRecording_cut.wav,2.8,0.836660027,0.733364848,5
30209055_MinPolqaSfbRecording_cut.wav,2.0,0.707106781,0.619806421,5
30164601_MinPolqaSfbRecording_cut.wav,3.2,0.447213595,0.392,5
30194514_MinPolqaSfbRecording_cut.wav,3.6,0.547722558,0.48009999,5
30473773_MinPolqaSfbRecording_cut.wav,3.0,0.707106781,0.619806421,5
30468190_MinPolqaSfbRecording_cut.wav,3.6,0.547722558,0.48009999,5
30249696_MinPolqaSfbRecording_cut.wav,3.8,0.836660027,0.733364848,5
30159519_MinPolqaSfbRecording_cut.wav,4.2,0.447213595,0.392,5
30144226_MinPolqaSfbRecording_cut.wav,3.2,0.836660027,0.733364848,5
30199828_MinPolqaSfbRecording_cut.wav,2.4,0.547722558,0.48009999,5
30160762_MinPolqaSfbRecording_cut.wav,3.8,0.447213595,0.392,5
29556316_MinPolqaSfbRecording_cut.wav,3.75,0.5,0.49,4
30207143_MinPolqaSfbRecording_cut.wav,2.25,0.5,0.49,4
30526618_MinPolqaSfbRecording_cut.wav,2.25,0.957427108,0.938278566,4
28729225_MinPolqaSfbRecording_cut.wav,3.5,0.577350269,0.565803264,4
30174551_MinPolqaSfbRecording_cut.wav,2.25,1.258305739,1.233139624,4
30530309_MinPolqaSfbRecording_cut.wav,2.25,1.258305739,1.233139624,4
30249848_MinPolqaSfbRecording_cut.wav,3.75,0.5,0.49,4
30465501_MinPolqaSfbRecording_cut.wav,1.75,1.5,1.47,4
30107704_MinPolqaSfbRecording_cut.wav,1.5,0.577350269,0.565803264,4
30189448_MinPolqaSfbRecording_cut.wav,1.0,0.0,0.0,4
30523129_MinPolqaSfbRecording_cut.wav,4.25,0.5,0.49,4
30479074_MinPolqaSfbRecording_cut.wav,2.75,1.258305739,1.233139624,4
30458350_MinPolqaSfbRecording_cut.wav,2.5,1.290994449,1.26517456,4
30065447_MinPolqaSfbRecording_cut.wav,2.75,0.5,0.49,4
30098336_MinPolqaSfbRecording_cut.wav,2.0,0.816496581,0.800166649,4
28660564_MinPolqaSfbRecording_cut.wav,3.5,1.290994449,1.26517456,4
30255690_MinPolqaSfbRecording_cut.wav,2.6,0.547722558,0.48009999,5
28359214_MinPolqaSfbRecording_cut.wav,3.4,0.547722558,0.48009999,5
30179146_MinPolqaSfbRecording_cut.wav,2.6,0.547722558,0.48009999,5
27939796_MinPolqaSfbRecording_cut.wav,4.0,1.0,0.876538647,5
30516646_MinPolqaSfbRecording_cut.wav,1.2,0.447213595,0.392,5
30472224_MinPolqaSfbRecording_cut.wav,3.2,0.447213595,0.392,5
30093069_MinPolqaSfbRecording_cut.wav,1.4,0.547722558,0.48009999,5
30443070_MinPolqaSfbRecording_cut.wav,2.4,1.949358869,1.708688386,5
30211113_MinPolqaSfbRecording_cut.wav,3.8,1.095445115,0.960199979,5
27553697_MinPolqaSfbRecording_cut.wav,4.4,0.894427191,0.784,5
30527547_MinPolqaSfbRecording_cut.wav,4.2,0.836660027,0.733364848,5
27566529_MinPolqaSfbRecording_cut.wav,4.4,0.894427191,0.784,5
30157344_MinPolqaSfbRecording_cut.wav,2.8,1.643167673,1.440299969,5
28333230_MinPolqaSfbRecording_cut.wav,3.8,1.095445115,0.960199979,5
30478054_MinPolqaSfbRecording_cut.wav,1.6,0.547722558,0.48009999,5
29544727_MinPolqaSfbRecording_cut.wav,3.2,1.303840481,1.142866571,5
30437695_MinPolqaSfbRecording_cut.wav,3.2,0.447213595,0.392,5
27890886_MinPolqaSfbRecording_cut.wav,3.6,0.547722558,0.48009999,5
28991759_MinPolqaSfbRecording_cut.wav,2.4,0.894427191,0.784,5
30118414_MinPolqaSfbRecording_cut.wav,2.2,1.095445115,0.960199979,5
30143298_MinPolqaSfbRecording_cut.wav,3.8,0.447213595,0.392,5
30165826_MinPolqaSfbRecording_cut.wav,3.4,0.547722558,0.48009999,5
29542042_MinPolqaSfbRecording_cut.wav,4.0,0.707106781,0.619806421,5
30089325_MinPolqaSfbRecording_cut.wav,2.8,0.836660027,0.733364848,5
30263994_MinPolqaSfbRecording_cut.wav,2.8,0.836660027,0.733364848,5
30109680_MinPolqaSfbRecording_cut.wav,3.6,0.894427191,0.784,5
30093164_MinPolqaSfbRecording_cut.wav,2.6,0.547722558,0.48009999,5
30251263_MinPolqaSfbRecording_cut.wav,1.0,0.0,0.0,5
30118844_MinPolqaSfbRecording_cut.wav,2.2,0.447213595,0.392,5
30427144_MinPolqaSfbRecording_cut.wav,2.0,1.414213562,1.239612843,5
30100677_MinPolqaSfbRecording_cut.wav,3.6,1.140175425,0.999407825,5
28497932_MinPolqaSfbRecording_cut.wav,4.4,0.547722558,0.48009999,5
30188896_MinPolqaSfbRecording_cut.wav,3.5,1.290994449,1.26517456,4
28710258_MinPolqaSfbRecording_cut.wav,4.0,0.816496581,0.800166649,4
30064483_MinPolqaSfbRecording_cut.wav,3.25,0.957427108,0.938278566,4
30519943_MinPolqaSfbRecording_cut.wav,3.25,0.5,0.49,4
30254190_MinPolqaSfbRecording_cut.wav,3.75,0.957427108,0.938278566,4
27974445_MinPolqaSfbRecording_cut.wav,3.75,0.957427108,0.938278566,4
30505944_MinPolqaSfbRecording_cut.wav,3.0,0.0,0.0,4
27941934_MinPolqaSfbRecording_cut.wav,3.5,0.577350269,0.565803264,4
30414148_MinPolqaSfbRecording_cut.wav,2.0,1.0,1.131606528,3
30145464_MinPolqaSfbRecording_cut.wav,3.333333333,0.577350269,0.653333333,3
30470150_MinPolqaSfbRecording_cut.wav,3.666666667,0.577350269,0.653333333,3
30100338_MinPolqaSfbRecording_cut.wav,1.0,0.0,0.0,3
30255228_MinPolqaSfbRecording_cut.wav,4.333333333,0.577350269,0.653333333,3
30149776_MinPolqaSfbRecording_cut.wav,3.0,0.0,0.0,3
27937870_MinPolqaSfbRecording_cut.wav,3.333333333,0.577350269,0.653333333,3
30205985_MinPolqaSfbRecording_cut.wav,4.333333333,0.577350269,0.653333333,3
28799946_MinPolqaSfbRecording_cut.wav,2.5,0.577350269,0.565803264,4
30089137_MinPolqaSfbRecording_cut.wav,3.5,1.0,0.98,4
30491087_MinPolqaSfbRecording_cut.wav,2.25,0.5,0.49,4
30507481_MinPolqaSfbRecording_cut.wav,3.5,0.577350269,0.565803264,4
30160560_MinPolqaSfbRecording_cut.wav,3.0,1.154700538,1.131606528,4
30185087_MinPolqaSfbRecording_cut.wav,1.5,1.0,0.98,4
28749674_MinPolqaSfbRecording_cut.wav,3.75,0.957427108,0.938278566,4
29537293_MinPolqaSfbRecording_cut.wav,1.0,0.0,0.0,4
30118459_MinPolqaSfbRecording_cut.wav,2.25,0.5,0.49,4
30482605_MinPolqaSfbRecording_cut.wav,2.2,0.836660027,0.733364848,5
30172949_MinPolqaSfbRecording_cut.wav,1.4,0.547722558,0.48009999,5
30147479_MinPolqaSfbRecording_cut.wav,3.4,0.894427191,0.784,5
30084317_MinPolqaSfbRecording_cut.wav,3.8,0.447213595,0.392,5
30453304_MinPolqaSfbRecording_cut.wav,3.4,0.894427191,0.784,5
30483199_MinPolqaSfbRecording_cut.wav,1.4,0.547722558,0.48009999,5
30501871_MinPolqaSfbRecording_cut.wav,2.0,1.0,0.876538647,5
28829607_MinPolqaSfbRecording_cut.wav,4.6,0.547722558,0.48009999,5
28890645_MinPolqaSfbRecording_cut.wav,3.4,0.894427191,0.784,5
28088104_MinPolqaSfbRecording_cut.wav,3.2,0.447213595,0.392,5
30204763_MinPolqaSfbRecording_cut.wav,3.4,0.547722558,0.48009999,5
27963711_MinPolqaSfbRecording_cut.wav,3.2,0.447213595,0.392,5
30105446_MinPolqaSfbRecording_cut.wav,2.8,0.447213595,0.392,5
28120391_MinPolqaSfbRecording_cut.wav,3.0,0.707106781,0.619806421,5
28532776_MinPolqaSfbRecording_cut.wav,3.6,0.547722558,0.48009999,5
30160327_MinPolqaSfbRecording_cut.wav,4.2,0.836660027,0.733364848,5
30127170_MinPolqaSfbRecording_cut.wav,2.2,0.447213595,0.392,5
28136451_MinPolqaSfbRecording_cut.wav,3.0,1.224744871,1.073536213,5
27593534_MinPolqaSfbRecording_cut.wav,3.2,1.303840481,1.142866571,5
30147120_MinPolqaSfbRecording_cut.wav,2.4,1.140175425,0.999407825,5
30183152_MinPolqaSfbRecording_cut.wav,1.6,1.341640786,1.176,5
30473212_MinPolqaSfbRecording_cut.wav,1.4,0.894427191,0.784,5
30404782_MinPolqaSfbRecording_cut.wav,2.4,1.140175425,0.999407825,5
30172264_MinPolqaSfbRecording_cut.wav,2.8,0.836660027,0.733364848,5
30207721_MinPolqaSfbRecording_cut.wav,3.4,0.894427191,0.784,5
27792496_MinPolqaSfbRecording_cut.wav,3.2,0.836660027,0.733364848,5
28440034_MinPolqaSfbRecording_cut.wav,3.5,1.0,0.98,4
30130039_MinPolqaSfbRecording_cut.wav,2.25,0.957427108,0.938278566,4
30213626_MinPolqaSfbRecording_cut.wav,3.5,0.577350269,0.565803264,4
30468975_MinPolqaSfbRecording_cut.wav,1.0,0.0,0.0,4
29531732_MinPolqaSfbRecording_cut.wav,2.75,0.5,0.49,4
30106891_MinPolqaSfbRecording_cut.wav,4.25,0.5,0.49,4
30090520_MinPolqaSfbRecording_cut.wav,2.75,1.258305739,1.233139624,4
30086025_MinPolqaSfbRecording_cut.wav,1.0,0.0,0.0,4
27728779_MinPolqaSfbRecording_cut.wav,3.4,1.140175425,0.999407825,5
30060939_MinPolqaSfbRecording_cut.wav,3.4,1.140175425,0.999407825,5
30469766_MinPolqaSfbRecording_cut.wav,1.6,1.341640786,1.176,5
28004650_MinPolqaSfbRecording_cut.wav,3.6,0.894427191,0.784,5
30247757_MinPolqaSfbRecording_cut.wav,1.8,1.303840481,1.142866571,5
29014997_MinPolqaSfbRecording_cut.wav,3.4,1.140175425,0.999407825,5
30412721_MinPolqaSfbRecording_cut.wav,3.4,0.894427191,0.784,5
30404953_MinPolqaSfbRecording_cut.wav,2.8,1.303840481,1.142866571,5
30062317_MinPolqaSfbRecording_cut.wav,2.4,1.140175425,0.999407825,5
30522873_MinPolqaSfbRecording_cut.wav,3.0,1.0,0.876538647,5
30258333_MinPolqaSfbRecording_cut.wav,3.4,0.894427191,0.784,5
30468010_MinPolqaSfbRecording_cut.wav,3.6,0.547722558,0.48009999,5
30412014_MinPolqaSfbRecording_cut.wav,3.6,0.894427191,0.784,5
30211565_MinPolqaSfbRecording_cut.wav,3.8,0.836660027,0.733364848,5
28165600_MinPolqaSfbRecording_cut.wav,2.8,0.836660027,0.733364848,5
30438518_MinPolqaSfbRecording_cut.wav,2.2,0.836660027,0.733364848,5
30205984_MinPolqaSfbRecording_cut.wav,4.8,0.447213595,0.392,5
27658821_MinPolqaSfbRecording_cut.wav,3.6,0.547722558,0.48009999,5
30513645_MinPolqaSfbRecording_cut.wav,3.0,1.224744871,1.073536213,5
29533342_MinPolqaSfbRecording_cut.wav,4.4,0.547722558,0.48009999,5
30137497_MinPolqaSfbRecording_cut.wav,3.2,0.836660027,0.733364848,5
28297805_MinPolqaSfbRecording_cut.wav,4.6,0.547722558,0.48009999,5
30433704_MinPolqaSfbRecording_cut.wav,3.0,1.224744871,1.073536213,5
30480004_MinPolqaSfbRecording_cut.wav,3.4,1.140175425,0.999407825,5
30200326_MinPolqaSfbRecording_cut.wav,2.8,0.836660027,0.733364848,5
30099077_MinPolqaSfbRecording_cut.wav,2.6,1.816590212,1.592311527,5
30101154_MinPolqaSfbRecording_cut.wav,2.6,0.894427191,0.784,5
30182037_MinPolqaSfbRecording_cut.wav,1.6,0.547722558,0.48009999,5
30069739_MinPolqaSfbRecording_cut.wav,2.8,1.095445115,0.960199979,5
30097573_MinPolqaSfbRecording_cut.wav,4.0,1.224744871,1.073536213,5
30411265_MinPolqaSfbRecording_cut.wav,1.8,0.836660027,0.733364848,5
30486777_MinPolqaSfbRecording_cut.wav,2.0,0.0,0.0,3
27891821_MinPolqaSfbRecording_cut.wav,3.666666667,0.577350269,0.653333333,3
30156160_MinPolqaSfbRecording_cut.wav,2.333333333,0.577350269,0.653333333,3
30468428_MinPolqaSfbRecording_cut.wav,3.0,1.0,1.131606528,3
27664914_MinPolqaSfbRecording_cut.wav,4.333333333,0.577350269,0.653333333,3
28473921_MinPolqaSfbRecording_cut.wav,3.333333333,0.577350269,0.653333333,3
28420228_MinPolqaSfbRecording_cut.wav,4.0,0.0,0.0,3
28115144_MinPolqaSfbRecording_cut.wav,4.0,1.0,1.131606528,3
27608396_MinPolqaSfbRecording_cut.wav,4.0,1.0,1.131606528,3
29001837_MinPolqaSfbRecording_cut.wav,3.25,0.957427108,0.938278566,4
30264439_MinPolqaSfbRecording_cut.wav,2.5,1.732050808,1.697409791,4
30096168_MinPolqaSfbRecording_cut.wav,3.5,0.577350269,0.565803264,4
30254597_MinPolqaSfbRecording_cut.wav,3.5,1.290994449,1.26517456,4
30523641_MinPolqaSfbRecording_cut.wav,2.5,1.0,0.98,4
30512422_MinPolqaSfbRecording_cut.wav,2.5,1.290994449,1.26517456,4
30126844_MinPolqaSfbRecording_cut.wav,2.5,1.0,0.98,4
30261533_MinPolqaSfbRecording_cut.wav,3.5,1.290994449,1.26517456,4
30070536_MinPolqaSfbRecording_cut.wav,2.0,1.414213562,1.385929291,4
28873237_MinPolqaSfbRecording_cut.wav,4.0,0.816496581,0.800166649,4
30507068_MinPolqaSfbRecording_cut.wav,2.0,0.707106781,0.619806421,5
30129417_MinPolqaSfbRecording_cut.wav,4.0,0.707106781,0.619806421,5
28682451_MinPolqaSfbRecording_cut.wav,4.6,0.547722558,0.48009999,5
30475811_MinPolqaSfbRecording_cut.wav,1.8,1.303840481,1.142866571,5
28852445_MinPolqaSfbRecording_cut.wav,4.0,0.707106781,0.619806421,5
30484239_MinPolqaSfbRecording_cut.wav,1.6,0.894427191,0.784,5
30090466_MinPolqaSfbRecording_cut.wav,4.0,0.707106781,0.619806421,5
30073277_MinPolqaSfbRecording_cut.wav,1.6,0.894427191,0.784,5
30097775_MinPolqaSfbRecording_cut.wav,3.2,0.447213595,0.392,5
30100576_MinPolqaSfbRecording_cut.wav,2.8,0.447213595,0.392,5
29531137_MinPolqaSfbRecording_cut.wav,3.0,0.816496581,0.800166649,4
30105085_MinPolqaSfbRecording_cut.wav,2.75,0.957427108,0.938278566,4
30204917_MinPolqaSfbRecording_cut.wav,3.5,1.0,0.98,4
29541264_MinPolqaSfbRecording_cut.wav,3.5,1.0,0.98,4
30438022_MinPolqaSfbRecording_cut.wav,2.0,0.816496581,0.800166649,4
30471192_MinPolqaSfbRecording_cut.wav,3.0,0.816496581,0.800166649,4
30502314_MinPolqaSfbRecording_cut.wav,1.75,0.957427108,0.938278566,4
30193921_MinPolqaSfbRecording_cut.wav,2.25,0.957427108,0.938278566,4
30180188_MinPolqaSfbRecording_cut.wav,2.75,0.957427108,0.938278566,4
30410781_MinPolqaSfbRecording_cut.wav,2.8,0.447213595,0.392,5
30263979_MinPolqaSfbRecording_cut.wav,3.8,0.447213595,0.392,5
30085389_MinPolqaSfbRecording_cut.wav,1.8,0.447213595,0.392,5
29542583_MinPolqaSfbRecording_cut.wav,1.0,0.0,0.0,5
28654536_MinPolqaSfbRecording_cut.wav,3.2,0.836660027,0.733364848,5
30122912_MinPolqaSfbRecording_cut.wav,2.8,1.095445115,0.960199979,5
30479137_MinPolqaSfbRecording_cut.wav,1.0,0.0,0.0,5
28762043_MinPolqaSfbRecording_cut.wav,2.8,0.447213595,0.392,5
27947253_MinPolqaSfbRecording_cut.wav,3.8,0.836660027,0.733364848,5
27588904_MinPolqaSfbRecording_cut.wav,4.0,0.707106781,0.619806421,5
30440552_MinPolqaSfbRecording_cut.wav,2.25,0.957427108,0.938278566,4
30155845_MinPolqaSfbRecording_cut.wav,2.0,0.816496581,0.800166649,4
28977475_MinPolqaSfbRecording_cut.wav,4.25,0.5,0.49,4
30065732_MinPolqaSfbRecording_cut.wav,3.0,0.0,0.0,4
30522674_MinPolqaSfbRecording_cut.wav,1.75,0.5,0.49,4
30479242_MinPolqaSfbRecording_cut.wav,2.0,0.0,0.0,4
30120861_MinPolqaSfbRecording_cut.wav,2.0,0.0,0.0,4
28109985_MinPolqaSfbRecording_cut.wav,3.0,0.0,0.0,4
30121549_MinPolqaSfbRecording_cut.wav,3.25,0.5,0.49,4
30257635_MinPolqaSfbRecording_cut.wav,3.25,0.5,0.49,4
30101700_MinPolqaSfbRecording_cut.wav,1.5,0.577350269,0.565803264,4
30080795_MinPolqaSfbRecording_cut.wav,2.0,0.816496581,0.800166649,4
30412400_MinPolqaSfbRecording_cut.wav,2.25,0.957427108,0.938278566,4
30471249_MinPolqaSfbRecording_cut.wav,2.25,0.957427108,0.938278566,4
30098284_MinPolqaSfbRecording_cut.wav,3.25,1.5,1.47,4
28903642_MinPolqaSfbRecording_cut.wav,4.0,0.816496581,0.800166649,4
30140806_MinPolqaSfbRecording_cut.wav,2.75,0.5,0.49,4
30075553_MinPolqaSfbRecording_cut.wav,1.5,0.577350269,0.565803264,4
27581952_MinPolqaSfbRecording_cut.wav,4.0,1.0,0.876538647,5
27628738_MinPolqaSfbRecording_cut.wav,4.6,0.547722558,0.48009999,5
30466415_MinPolqaSfbRecording_cut.wav,2.2,1.303840481,1.142866571,5
30174880_MinPolqaSfbRecording_cut.wav,3.2,1.095445115,0.960199979,5
30457924_MinPolqaSfbRecording_cut.wav,3.6,0.547722558,0.48009999,5
30060905_MinPolqaSfbRecording_cut.wav,4.6,0.547722558,0.48009999,5
30478821_MinPolqaSfbRecording_cut.wav,1.4,0.894427191,0.784,5
29016688_MinPolqaSfbRecording_cut.wav,2.8,1.303840481,1.142866571,5
30139416_MinPolqaSfbRecording_cut.wav,2.0,1.224744871,1.073536213,5
28132211_MinPolqaSfbRecording_cut.wav,4.2,0.836660027,0.733364848,5
30251053_MinPolqaSfbRecording_cut.wav,2.4,0.894427191,0.784,5
28350701_MinPolqaSfbRecording_cut.wav,4.4,0.547722558,0.48009999,5
30067701_MinPolqaSfbRecording_cut.wav,2.4,0.894427191,0.784,5
30174200_MinPolqaSfbRecording_cut.wav,2.8,1.095445115,0.960199979,5
30209522_MinPolqaSfbRecording_cut.wav,2.2,1.095445115,0.960199979,5
30121427_MinPolqaSfbRecording_cut.wav,2.6,1.140175425,0.999407825,5
30521018_MinPolqaSfbRecording_cut.wav,3.0,1.224744871,1.073536213,5
30437768_MinPolqaSfbRecording_cut.wav,3.2,1.303840481,1.142866571,5
30108642_MinPolqaSfbRecording_cut.wav,3.2,0.836660027,0.733364848,5
29541852_MinPolqaSfbRecording_cut.wav,2.0,1.0,0.876538647,5
30169074_MinPolqaSfbRecording_cut.wav,3.8,1.095445115,0.960199979,5
30402939_MinPolqaSfbRecording_cut.wav,2.4,1.140175425,0.999407825,5
30496955_MinPolqaSfbRecording_cut.wav,2.8,0.836660027,0.733364848,5
30467601_MinPolqaSfbRecording_cut.wav,1.8,1.303840481,1.142866571,5
28088413_MinPolqaSfbRecording_cut.wav,3.2,0.447213595,0.392,5
30148039_MinPolqaSfbRecording_cut.wav,1.8,0.836660027,0.733364848,5
28479560_MinPolqaSfbRecording_cut.wav,3.8,0.836660027,0.733364848,5
30520546_MinPolqaSfbRecording_cut.wav,2.2,0.447213595,0.392,5
30488628_MinPolqaSfbRecording_cut.wav,2.4,0.547722558,0.48009999,5
30181295_MinPolqaSfbRecording_cut.wav,3.4,0.547722558,0.48009999,5
28791481_MinPolqaSfbRecording_cut.wav,4.4,0.894427191,0.784,5
28602155_MinPolqaSfbRecording_cut.wav,2.8,0.447213595,0.392,5
30083294_MinPolqaSfbRecording_cut.wav,3.25,0.957427108,0.938278566,4
29542613_MinPolqaSfbRecording_cut.wav,3.0,0.816496581,0.800166649,4
30068417_MinPolqaSfbRecording_cut.wav,3.75,0.5,0.49,4
30193714_MinPolqaSfbRecording_cut.wav,3.25,0.957427108,0.938278566,4
28297153_MinPolqaSfbRecording_cut.wav,4.25,0.5,0.49,4
28295982_MinPolqaSfbRecording_cut.wav,4.25,0.5,0.49,4
30504834_MinPolqaSfbRecording_cut.wav,4.5,0.577350269,0.565803264,4
28905935_MinPolqaSfbRecording_cut.wav,3.5,1.0,0.98,4
28896206_MinPolqaSfbRecording_cut.wav,4.25,0.5,0.49,4
30410434_MinPolqaSfbRecording_cut.wav,3.2,0.447213595,0.392,5
30154447_MinPolqaSfbRecording_cut.wav,3.8,1.095445115,0.960199979,5
30209774_MinPolqaSfbRecording_cut.wav,1.0,0.0,0.0,5
25779196_MinPolqaSfbRecording_cut.wav,4.2,0.447213595,0.392,5
28531242_MinPolqaSfbRecording_cut.wav,3.4,0.547722558,0.48009999,5
28875247_MinPolqaSfbRecording_cut.wav,3.8,0.836660027,0.733364848,5
28800466_MinPolqaSfbRecording_cut.wav,4.0,0.0,0.0,5
30432926_MinPolqaSfbRecording_cut.wav,2.0,0.707106781,0.619806421,5
28255442_MinPolqaSfbRecording_cut.wav,4.0,0.707106781,0.619806421,5
30424220_MinPolqaSfbRecording_cut.wav,2.25,0.5,0.49,4
30196368_MinPolqaSfbRecording_cut.wav,4.0,0.816496581,0.800166649,4
30429027_MinPolqaSfbRecording_cut.wav,4.0,0.816496581,0.800166649,4
30163724_MinPolqaSfbRecording_cut.wav,2.5,0.577350269,0.565803264,4
27870593_MinPolqaSfbRecording_cut.wav,4.5,0.577350269,0.565803264,4
28591621_MinPolqaSfbRecording_cut.wav,2.75,0.957427108,0.938278566,4
27730824_MinPolqaSfbRecording_cut.wav,4.75,0.5,0.49,4
30062353_MinPolqaSfbRecording_cut.wav,4.25,0.957427108,0.938278566,4
30486269_MinPolqaSfbRecording_cut.wav,3.333333333,1.527525232,1.728557523,3
30076576_MinPolqaSfbRecording_cut.wav,3.666666667,0.577350269,0.653333333,3
30481218_MinPolqaSfbRecording_cut.wav,1.666666667,1.154700538,1.306666667,3
30083690_MinPolqaSfbRecording_cut.wav,3.0,1.0,1.131606528,3
29556341_MinPolqaSfbRecording_cut.wav,2.666666667,1.527525232,1.728557523,3
30253900_MinPolqaSfbRecording_cut.wav,3.333333333,0.577350269,0.653333333,3
30496547_MinPolqaSfbRecording_cut.wav,3.333333333,1.154700538,1.306666667,3
30523068_MinPolqaSfbRecording_cut.wav,2.0,1.0,0.876538647,5
28066709_MinPolqaSfbRecording_cut.wav,3.4,0.547722558,0.48009999,5
30132269_MinPolqaSfbRecording_cut.wav,2.6,1.140175425,0.999407825,5
30463308_MinPolqaSfbRecording_cut.wav,1.6,0.894427191,0.784,5
28145558_MinPolqaSfbRecording_cut.wav,4.2,0.836660027,0.733364848,5
30422619_MinPolqaSfbRecording_cut.wav,1.4,0.894427191,0.784,5
28048175_MinPolqaSfbRecording_cut.wav,4.4,0.894427191,0.784,5
30133509_MinPolqaSfbRecording_cut.wav,2.4,0.894427191,0.784,5
30467414_MinPolqaSfbRecording_cut.wav,3.0,0.707106781,0.619806421,5
28530513_MinPolqaSfbRecording_cut.wav,4.25,0.957427108,0.938278566,4
30159662_MinPolqaSfbRecording_cut.wav,4.25,0.5,0.49,4
30123676_MinPolqaSfbRecording_cut.wav,3.75,0.957427108,0.938278566,4
30511036_MinPolqaSfbRecording_cut.wav,2.75,0.5,0.49,4
30202544_MinPolqaSfbRecording_cut.wav,2.5,0.577350269,0.565803264,4
28545002_MinPolqaSfbRecording_cut.wav,4.75,0.5,0.49,4
30480534_MinPolqaSfbRecording_cut.wav,4.25,0.5,0.49,4
27937271_MinPolqaSfbRecording_cut.wav,4.5,0.577350269,0.565803264,4
30420804_MinPolqaSfbRecording_cut.wav,3.75,0.5,0.49,4
30251333_MinPolqaSfbRecording_cut.wav,3.25,0.5,0.49,4
30503887_MinPolqaSfbRecording_cut.wav,2.25,0.957427108,0.938278566,4
30076684_MinPolqaSfbRecording_cut.wav,4.0,1.154700538,1.131606528,4
30148908_MinPolqaSfbRecording_cut.wav,2.0,0.816496581,0.800166649,4
30106927_MinPolqaSfbRecording_cut.wav,4.0,0.0,0.0,4
30264075_MinPolqaSfbRecording_cut.wav,3.5,0.577350269,0.565803264,4
30107582_MinPolqaSfbRecording_cut.wav,4.0,0.816496581,0.800166649,4
30461643_MinPolqaSfbRecording_cut.wav,3.25,0.957427108,0.938278566,4
28911891_MinPolqaSfbRecording_cut.wav,4.0,0.816496581,0.800166649,4
30155657_MinPolqaSfbRecording_cut.wav,4.25,0.5,0.49,4
30520172_MinPolqaSfbRecording_cut.wav,3.25,0.957427108,0.938278566,4
30456608_MinPolqaSfbRecording_cut.wav,3.5,1.290994449,1.26517456,4
30142596_MinPolqaSfbRecording_cut.wav,3.5,1.290994449,1.26517456,4
30204378_MinPolqaSfbRecording_cut.wav,3.25,1.707825128,1.673668625,4
30214138_MinPolqaSfbRecording_cut.wav,3.0,0.816496581,0.800166649,4
30070791_MinPolqaSfbRecording_cut.wav,2.25,1.258305739,1.233139624,4
28670971_MinPolqaSfbRecording_cut.wav,3.75,0.5,0.49,4
30137277_MinPolqaSfbRecording_cut.wav,1.75,1.5,1.47,4
30411928_MinPolqaSfbRecording_cut.wav,1.5,1.0,0.98,4
30083911_MinPolqaSfbRecording_cut.wav,3.25,0.957427108,0.938278566,4
30103246_MinPolqaSfbRecording_cut.wav,2.5,1.290994449,1.26517456,4
28249687_MinPolqaSfbRecording_cut.wav,3.75,0.957427108,0.938278566,4
30184134_MinPolqaSfbRecording_cut.wav,2.25,1.258305739,1.233139624,4
30064002_MinPolqaSfbRecording_cut.wav,3.6,0.547722558,0.48009999,5
30161912_MinPolqaSfbRecording_cut.wav,2.0,1.224744871,1.073536213,5
28663064_MinPolqaSfbRecording_cut.wav,4.0,0.0,0.0,5
30254846_MinPolqaSfbRecording_cut.wav,2.8,0.447213595,0.392,5
30081104_MinPolqaSfbRecording_cut.wav,2.2,0.836660027,0.733364848,5
30478685_MinPolqaSfbRecording_cut.wav,1.5,0.577350269,0.565803264,4
30409713_MinPolqaSfbRecording_cut.wav,3.25,0.5,0.49,4
28502277_MinPolqaSfbRecording_cut.wav,2.25,0.5,0.49,4
29537244_MinPolqaSfbRecording_cut.wav,2.0,0.816496581,0.800166649,4
30531088_MinPolqaSfbRecording_cut.wav,1.75,0.5,0.49,4
27880651_MinPolqaSfbRecording_cut.wav,2.75,0.5,0.49,4
28718318_MinPolqaSfbRecording_cut.wav,4.5,0.577350269,0.565803264,4
30172005_MinPolqaSfbRecording_cut.wav,1.75,0.5,0.49,4
29000100_MinPolqaSfbRecording_cut.wav,4.0,0.0,0.0,4
30138663_MinPolqaSfbRecording_cut.wav,1.75,0.5,0.49,4
30070462_MinPolqaSfbRecording_cut.wav,2.0,1.0,0.876538647,5
30099295_MinPolqaSfbRecording_cut.wav,3.8,0.447213595,0.392,5
30262880_MinPolqaSfbRecording_cut.wav,2.8,0.836660027,0.733364848,5
30098598_MinPolqaSfbRecording_cut.wav,3.0,0.707106781,0.619806421,5
30205904_MinPolqaSfbRecording_cut.wav,2.0,1.0,0.876538647,5
30413105_MinPolqaSfbRecording_cut.wav,2.8,0.836660027,0.733364848,5
30157441_MinPolqaSfbRecording_cut.wav,3.2,1.095445115,0.960199979,5
30107206_MinPolqaSfbRecording_cut.wav,3.0,0.707106781,0.619806421,5
30063163_MinPolqaSfbRecording_cut.wav,2.6,0.547722558,0.48009999,5
30152483_MinPolqaSfbRecording_cut.wav,3.0,0.707106781,0.619806421,5
30429128_MinPolqaSfbRecording_cut.wav,2.8,0.447213595,0.392,5
28540598_MinPolqaSfbRecording_cut.wav,3.0,0.707106781,0.619806421,5
27985508_MinPolqaSfbRecording_cut.wav,4.0,0.707106781,0.619806421,5
30083089_MinPolqaSfbRecording_cut.wav,4.0,0.707106781,0.619806421,5
30090387_MinPolqaSfbRecording_cut.wav,1.4,0.547722558,0.48009999,5
30522870_MinPolqaSfbRecording_cut.wav,3.4,0.547722558,0.48009999,5
30263174_MinPolqaSfbRecording_cut.wav,2.6,0.894427191,0.784,5
30091402_MinPolqaSfbRecording_cut.wav,3.6,0.547722558,0.48009999,5
30070868_MinPolqaSfbRecording_cut.wav,3.0,1.224744871,1.073536213,5
28432339_MinPolqaSfbRecording_cut.wav,3.6,0.894427191,0.784,5
29536026_MinPolqaSfbRecording_cut.wav,2.0,0.707106781,0.619806421,5
27646165_MinPolqaSfbRecording_cut.wav,4.0,1.224744871,1.073536213,5
30151917_MinPolqaSfbRecording_cut.wav,3.2,0.836660027,0.733364848,5
28830605_MinPolqaSfbRecording_cut.wav,2.8,0.836660027,0.733364848,5
30198176_MinPolqaSfbRecording_cut.wav,2.0,1.0,0.876538647,5
27778889_MinPolqaSfbRecording_cut.wav,3.4,1.140175425,0.999407825,5
30424428_MinPolqaSfbRecording_cut.wav,3.4,1.140175425,0.999407825,5
27801578_MinPolqaSfbRecording_cut.wav,4.2,0.836660027,0.733364848,5
28611103_MinPolqaSfbRecording_cut.wav,3.6,0.547722558,0.48009999,5
30403612_MinPolqaSfbRecording_cut.wav,3.8,0.447213595,0.392,5
30122330_MinPolqaSfbRecording_cut.wav,1.2,0.447213595,0.392,5
29530044_MinPolqaSfbRecording_cut.wav,4.0,0.707106781,0.619806421,5
30501216_MinPolqaSfbRecording_cut.wav,2.4,1.140175425,0.999407825,5
30142997_MinPolqaSfbRecording_cut.wav,3.4,0.894427191,0.784,5
30176141_MinPolqaSfbRecording_cut.wav,3.8,0.447213595,0.392,5
30165367_MinPolqaSfbRecording_cut.wav,3.2,1.303840481,1.142866571,5
30161719_MinPolqaSfbRecording_cut.wav,3.0,1.58113883,1.385929291,5
30249583_MinPolqaSfbRecording_cut.wav,2.8,1.095445115,0.960199979,5
30263747_MinPolqaSfbRecording_cut.wav,2.8,1.643167673,1.440299969,5
27656354_MinPolqaSfbRecording_cut.wav,4.8,0.447213595,0.392,5
30205963_MinPolqaSfbRecording_cut.wav,2.6,0.894427191,0.784,5
28039984_MinPolqaSfbRecording_cut.wav,3.8,0.836660027,0.733364848,5
28360507_MinPolqaSfbRecording_cut.wav,3.0,1.0,1.131606528,3
30211945_MinPolqaSfbRecording_cut.wav,2.666666667,1.154700538,1.306666667,3
30253632_MinPolqaSfbRecording_cut.wav,3.0,1.0,1.131606528,3
30060527_MinPolqaSfbRecording_cut.wav,3.333333333,0.577350269,0.653333333,3
27838712_MinPolqaSfbRecording_cut.wav,4.0,1.0,1.131606528,3
30458583_MinPolqaSfbRecording_cut.wav,3.666666667,0.577350269,0.653333333,3
30122898_MinPolqaSfbRecording_cut.wav,2.0,1.732050808,1.96,3
30168869_MinPolqaSfbRecording_cut.wav,2.333333333,0.577350269,0.653333333,3
30435041_MinPolqaSfbRecording_cut.wav,3.333333333,0.577350269,0.653333333,3
30471003_MinPolqaSfbRecording_cut.wav,3.333333333,0.577350269,0.653333333,3
30475281_MinPolqaSfbRecording_cut.wav,2.8,1.303840481,1.142866571,5
30446644_MinPolqaSfbRecording_cut.wav,1.2,0.447213595,0.392,5
30421210_MinPolqaSfbRecording_cut.wav,1.4,0.894427191,0.784,5
30523148_MinPolqaSfbRecording_cut.wav,1.8,0.836660027,0.733364848,5
30423508_MinPolqaSfbRecording_cut.wav,1.6,0.547722558,0.48009999,5
30083493_MinPolqaSfbRecording_cut.wav,2.4,1.341640786,1.176,5
29539214_MinPolqaSfbRecording_cut.wav,1.8,0.836660027,0.733364848,5
27626709_MinPolqaSfbRecording_cut.wav,2.0,1.0,0.876538647,5
30454609_MinPolqaSfbRecording_cut.wav,3.0,0.816496581,0.800166649,4
28068077_MinPolqaSfbRecording_cut.wav,4.25,0.957427108,0.938278566,4
30249698_MinPolqaSfbRecording_cut.wav,4.0,0.0,0.0,4
30527541_MinPolqaSfbRecording_cut.wav,4.0,0.816496581,0.800166649,4
30141967_MinPolqaSfbRecording_cut.wav,3.0,1.414213562,1.385929291,4
30421192_MinPolqaSfbRecording_cut.wav,4.75,0.5,0.49,4
28733551_MinPolqaSfbRecording_cut.wav,3.25,0.957427108,0.938278566,4
30147092_MinPolqaSfbRecording_cut.wav,4.75,0.5,0.49,4
30065275_MinPolqaSfbRecording_cut.wav,3.75,0.5,0.49,4
28926447_MinPolqaSfbRecording_cut.wav,4.4,0.547722558,0.48009999,5
30143909_MinPolqaSfbRecording_cut.wav,4.0,0.707106781,0.619806421,5
30177860_MinPolqaSfbRecording_cut.wav,4.4,0.547722558,0.48009999,5
30109586_MinPolqaSfbRecording_cut.wav,2.4,1.516575089,1.329336677,5
30080818_MinPolqaSfbRecording_cut.wav,1.6,0.894427191,0.784,5
30148041_MinPolqaSfbRecording_cut.wav,2.6,1.341640786,1.176,5
28437908_MinPolqaSfbRecording_cut.wav,3.2,1.095445115,0.960199979,5
27727181_MinPolqaSfbRecording_cut.wav,4.6,0.547722558,0.48009999,5
30457998_MinPolqaSfbRecording_cut.wav,3.8,1.095445115,0.960199979,5
30189381_MinPolqaSfbRecording_cut.wav,3.2,0.836660027,0.733364848,5
30153848_MinPolqaSfbRecording_cut.wav,3.6,1.516575089,1.329336677,5
30504392_MinPolqaSfbRecording_cut.wav,2.8,0.836660027,0.733364848,5
30078942_MinPolqaSfbRecording_cut.wav,3.2,0.836660027,0.733364848,5
27734320_MinPolqaSfbRecording_cut.wav,3.4,0.894427191,0.784,5
30095447_MinPolqaSfbRecording_cut.wav,2.4,0.547722558,0.48009999,5
30076317_MinPolqaSfbRecording_cut.wav,1.6,0.894427191,0.784,5
27850842_MinPolqaSfbRecording_cut.wav,4.4,0.547722558,0.48009999,5
30120917_MinPolqaSfbRecording_cut.wav,3.4,0.547722558,0.48009999,5
28325337_MinPolqaSfbRecording_cut.wav,3.0,0.707106781,0.619806421,5
30152515_MinPolqaSfbRecording_cut.wav,2.2,1.303840481,1.142866571,5
30063125_MinPolqaSfbRecording_cut.wav,1.4,0.547722558,0.48009999,5
30095774_MinPolqaSfbRecording_cut.wav,2.333333333,1.154700538,1.306666667,3
28164328_MinPolqaSfbRecording_cut.wav,4.0,0.0,0.0,3
30091386_MinPolqaSfbRecording_cut.wav,3.0,1.0,1.131606528,3
30083045_MinPolqaSfbRecording_cut.wav,2.666666667,1.527525232,1.728557523,3
30478992_MinPolqaSfbRecording_cut.wav,2.333333333,1.154700538,1.306666667,3
30522013_MinPolqaSfbRecording_cut.wav,2.333333333,0.577350269,0.653333333,3
30258087_MinPolqaSfbRecording_cut.wav,2.0,1.0,1.131606528,3
30437004_MinPolqaSfbRecording_cut.wav,2.666666667,1.154700538,1.306666667,3
30496514_MinPolqaSfbRecording_cut.wav,4.0,1.0,1.131606528,3
30468586_MinPolqaSfbRecording_cut.wav,2.333333333,1.154700538,1.306666667,3
30106441_MinPolqaSfbRecording_cut.wav,1.6,0.894427191,0.784,5
30161415_MinPolqaSfbRecording_cut.wav,3.6,1.516575089,1.329336677,5
28082510_MinPolqaSfbRecording_cut.wav,3.4,0.547722558,0.48009999,5
30424642_MinPolqaSfbRecording_cut.wav,2.6,1.341640786,1.176,5
28776288_MinPolqaSfbRecording_cut.wav,4.6,0.547722558,0.48009999,5
30182481_MinPolqaSfbRecording_cut.wav,3.2,1.788854382,1.568,5
30461446_MinPolqaSfbRecording_cut.wav,4.6,0.547722558,0.48009999,5
27626905_MinPolqaSfbRecording_cut.wav,3.0,0.707106781,0.619806421,5
30062264_MinPolqaSfbRecording_cut.wav,3.4,1.816590212,1.592311527,5
30079021_MinPolqaSfbRecording_cut.wav,4.0,1.414213562,1.239612843,5
30092084_MinPolqaSfbRecording_cut.wav,4.0,1.414213562,1.96,2
30129139_MinPolqaSfbRecording_cut.wav,2.0,0.0,0.0,2
27672059_MinPolqaSfbRecording_cut.wav,4.0,0.0,0.0,2
30161099_MinPolqaSfbRecording_cut.wav,1.5,0.707106781,0.98,2
27697864_MinPolqaSfbRecording_cut.wav,4.0,0.0,0.0,2
30129284_MinPolqaSfbRecording_cut.wav,2.0,0.0,0.0,2
30258623_MinPolqaSfbRecording_cut.wav,3.0,0.0,0.0,2
30426959_MinPolqaSfbRecording_cut.wav,1.5,0.707106781,0.98,2
30159365_MinPolqaSfbRecording_cut.wav,3.5,1.0,0.98,4
27520918_MinPolqaSfbRecording_cut.wav,4.25,0.5,0.49,4
30085041_MinPolqaSfbRecording_cut.wav,3.0,0.816496581,0.800166649,4
30076291_MinPolqaSfbRecording_cut.wav,3.5,0.577350269,0.565803264,4
30404677_MinPolqaSfbRecording_cut.wav,2.0,0.816496581,0.800166649,4
30149703_MinPolqaSfbRecording_cut.wav,2.25,0.957427108,0.938278566,4
30092121_MinPolqaSfbRecording_cut.wav,2.25,0.5,0.49,4
30176713_MinPolqaSfbRecording_cut.wav,4.0,0.0,0.0,4
30159589_MinPolqaSfbRecording_cut.wav,3.8,0.447213595,0.392,5
30152549_MinPolqaSfbRecording_cut.wav,3.6,0.547722558,0.48009999,5
30466556_MinPolqaSfbRecording_cut.wav,2.8,0.447213595,0.392,5
30204441_MinPolqaSfbRecording_cut.wav,3.4,0.547722558,0.48009999,5
30128717_MinPolqaSfbRecording_cut.wav,2.8,0.447213595,0.392,5
28626136_MinPolqaSfbRecording_cut.wav,3.0,0.0,0.0,5
30167144_MinPolqaSfbRecording_cut.wav,3.6,0.547722558,0.48009999,5
29021131_MinPolqaSfbRecording_cut.wav,4.2,0.836660027,0.733364848,5
28446328_MinPolqaSfbRecording_cut.wav,4.0,0.0,0.0,5
28278802_MinPolqaSfbRecording_cut.wav,3.4,0.547722558,0.48009999,5
27873539_MinPolqaSfbRecording_cut.wav,4.0,1.0,0.876538647,5
30425120_MinPolqaSfbRecording_cut.wav,3.0,0.707106781,0.619806421,5
28143218_MinPolqaSfbRecording_cut.wav,3.2,1.095445115,0.960199979,5
30416430_MinPolqaSfbRecording_cut.wav,1.8,0.836660027,0.733364848,5
28479093_MinPolqaSfbRecording_cut.wav,3.0,1.58113883,1.385929291,5
30454122_MinPolqaSfbRecording_cut.wav,3.2,0.836660027,0.733364848,5
30205162_MinPolqaSfbRecording_cut.wav,2.4,0.547722558,0.48009999,5
30442331_MinPolqaSfbRecording_cut.wav,4.0,0.0,0.0,3
30423064_MinPolqaSfbRecording_cut.wav,2.333333333,0.577350269,0.653333333,3
30141814_MinPolqaSfbRecording_cut.wav,2.333333333,0.577350269,0.653333333,3
30081896_MinPolqaSfbRecording_cut.wav,2.0,1.0,1.131606528,3
30198508_MinPolqaSfbRecording_cut.wav,3.333333333,1.154700538,1.306666667,3
30522714_MinPolqaSfbRecording_cut.wav,2.333333333,0.577350269,0.653333333,3
30188955_MinPolqaSfbRecording_cut.wav,3.333333333,0.577350269,0.653333333,3
30132210_MinPolqaSfbRecording_cut.wav,3.0,1.0,1.131606528,3
27932767_MinPolqaSfbRecording_cut.wav,4.333333333,1.154700538,1.306666667,3
30257108_MinPolqaSfbRecording_cut.wav,4.0,0.816496581,0.800166649,4
28147808_MinPolqaSfbRecording_cut.wav,4.0,0.816496581,0.800166649,4
30193097_MinPolqaSfbRecording_cut.wav,2.25,1.258305739,1.233139624,4
29531778_MinPolqaSfbRecording_cut.wav,2.25,1.258305739,1.233139624,4
28765353_MinPolqaSfbRecording_cut.wav,3.25,0.5,0.49,4
30174528_MinPolqaSfbRecording_cut.wav,3.5,1.0,0.98,4
30161693_MinPolqaSfbRecording_cut.wav,3.25,1.258305739,1.233139624,4
28314686_MinPolqaSfbRecording_cut.wav,4.25,0.5,0.49,4
28241561_MinPolqaSfbRecording_cut.wav,4.25,0.957427108,0.938278566,4
27650986_MinPolqaSfbRecording_cut.wav,2.2,0.836660027,0.733364848,5
30099076_MinPolqaSfbRecording_cut.wav,3.0,1.414213562,1.239612843,5
30140847_MinPolqaSfbRecording_cut.wav,3.8,0.836660027,0.733364848,5
30206668_MinPolqaSfbRecording_cut.wav,1.6,0.547722558,0.48009999,5
30131986_MinPolqaSfbRecording_cut.wav,2.6,0.547722558,0.48009999,5
30124736_MinPolqaSfbRecording_cut.wav,4.2,0.836660027,0.733364848,5
28716933_MinPolqaSfbRecording_cut.wav,4.8,0.447213595,0.392,5
30442157_MinPolqaSfbRecording_cut.wav,2.8,0.447213595,0.392,5
28772392_MinPolqaSfbRecording_cut.wav,3.8,1.095445115,0.960199979,5
30438402_MinPolqaSfbRecording_cut.wav,2.5,1.0,0.98,4
28678144_MinPolqaSfbRecording_cut.wav,3.75,0.957427108,0.938278566,4
30450114_MinPolqaSfbRecording_cut.wav,3.75,0.5,0.49,4
30201761_MinPolqaSfbRecording_cut.wav,3.25,1.258305739,1.233139624,4
30105011_MinPolqaSfbRecording_cut.wav,2.75,1.5,1.47,4
30455782_MinPolqaSfbRecording_cut.wav,2.5,1.290994449,1.26517456,4
28004674_MinPolqaSfbRecording_cut.wav,4.0,0.816496581,0.800166649,4
28011902_MinPolqaSfbRecording_cut.wav,4.0,0.0,0.0,4
30519404_MinPolqaSfbRecording_cut.wav,3.25,1.707825128,1.673668625,4
30151858_MinPolqaSfbRecording_cut.wav,3.5,1.0,0.98,4
30500952_MinPolqaSfbRecording_cut.wav,1.75,0.5,0.49,4
29541342_MinPolqaSfbRecording_cut.wav,1.25,0.5,0.49,4
30415826_MinPolqaSfbRecording_cut.wav,3.0,0.816496581,0.800166649,4
27734330_MinPolqaSfbRecording_cut.wav,2.75,0.5,0.49,4
30442255_MinPolqaSfbRecording_cut.wav,2.75,0.5,0.49,4
30482217_MinPolqaSfbRecording_cut.wav,4.0,0.816496581,0.800166649,4
30149755_MinPolqaSfbRecording_cut.wav,1.0,0.0,0.0,4
30520759_MinPolqaSfbRecording_cut.wav,2.75,0.957427108,0.938278566,4
30420710_MinPolqaSfbRecording_cut.wav,2.6,1.516575089,1.329336677,5
30085516_MinPolqaSfbRecording_cut.wav,3.6,1.516575089,1.329336677,5
28479431_MinPolqaSfbRecording_cut.wav,4.0,0.707106781,0.619806421,5
30062757_MinPolqaSfbRecording_cut.wav,4.0,0.707106781,0.619806421,5
30522712_MinPolqaSfbRecording_cut.wav,2.6,0.547722558,0.48009999,5
30506860_MinPolqaSfbRecording_cut.wav,2.2,1.095445115,0.960199979,5
30105243_MinPolqaSfbRecording_cut.wav,3.2,0.836660027,0.733364848,5
30173287_MinPolqaSfbRecording_cut.wav,3.4,1.516575089,1.329336677,5
30399518_MinPolqaSfbRecording_cut.wav,3.2,1.483239697,1.300116918,5
28114723_MinPolqaSfbRecording_cut.wav,4.6,0.547722558,0.48009999,5
30528178_MinPolqaSfbRecording_cut.wav,2.666666667,0.577350269,0.653333333,3
28161826_MinPolqaSfbRecording_cut.wav,4.666666667,0.577350269,0.653333333,3
30447592_MinPolqaSfbRecording_cut.wav,1.0,0.0,0.0,3
30198285_MinPolqaSfbRecording_cut.wav,1.333333333,0.577350269,0.653333333,3
30492854_MinPolqaSfbRecording_cut.wav,2.0,1.0,1.131606528,3
30147519_MinPolqaSfbRecording_cut.wav,1.333333333,0.577350269,0.653333333,3
30083459_MinPolqaSfbRecording_cut.wav,1.666666667,0.577350269,0.653333333,3
28661157_MinPolqaSfbRecording_cut.wav,4.0,0.0,0.0,3
30205320_MinPolqaSfbRecording_cut.wav,3.75,0.5,0.49,4
30154014_MinPolqaSfbRecording_cut.wav,2.5,1.0,0.98,4
30121822_MinPolqaSfbRecording_cut.wav,4.0,0.0,0.0,4
30254591_MinPolqaSfbRecording_cut.wav,4.25,0.5,0.49,4
30261417_MinPolqaSfbRecording_cut.wav,2.75,0.957427108,0.938278566,4
28321856_MinPolqaSfbRecording_cut.wav,4.0,0.0,0.0,4
30425850_MinPolqaSfbRecording_cut.wav,1.0,0.0,0.0,5
30254210_MinPolqaSfbRecording_cut.wav,2.6,1.140175425,0.999407825,5
28284289_MinPolqaSfbRecording_cut.wav,4.4,0.547722558,0.48009999,5
27762418_MinPolqaSfbRecording_cut.wav,3.6,0.894427191,0.784,5
30194028_MinPolqaSfbRecording_cut.wav,1.8,0.447213595,0.392,5
28892382_MinPolqaSfbRecording_cut.wav,4.0,0.707106781,0.619806421,5
28646421_MinPolqaSfbRecording_cut.wav,4.4,0.547722558,0.48009999,5
30531985_MinPolqaSfbRecording_cut.wav,2.4,0.547722558,0.48009999,5
30520948_MinPolqaSfbRecording_cut.wav,4.0,0.0,0.0,2
30257735_MinPolqaSfbRecording_cut.wav,2.0,1.414213562,1.96,2
30093400_MinPolqaSfbRecording_cut.wav,3.5,0.707106781,0.98,2
30255350_MinPolqaSfbRecording_cut.wav,2.5,0.707106781,0.98,2
30181212_MinPolqaSfbRecording_cut.wav,4.0,1.414213562,1.96,2
30101379_MinPolqaSfbRecording_cut.wav,1.5,0.707106781,0.98,2
28297340_MinPolqaSfbRecording_cut.wav,5.0,0.0,0.0,2
30177914_MinPolqaSfbRecording_cut.wav,4.5,0.707106781,0.98,2
28657456_MinPolqaSfbRecording_cut.wav,4.0,0.0,0.0,2
30113903_MinPolqaSfbRecording_cut.wav,1.0,0.0,0.0,2
30428422_MinPolqaSfbRecording_cut.wav,3.2,0.447213595,0.392,5
30530096_MinPolqaSfbRecording_cut.wav,1.0,0.0,0.0,5
30450598_MinPolqaSfbRecording_cut.wav,3.0,0.707106781,0.619806421,5
30400817_MinPolqaSfbRecording_cut.wav,2.2,0.447213595,0.392,5
30137401_MinPolqaSfbRecording_cut.wav,1.6,0.547722558,0.48009999,5
30211074_MinPolqaSfbRecording_cut.wav,4.0,0.707106781,0.619806421,5
30477456_MinPolqaSfbRecording_cut.wav,1.8,0.447213595,0.392,5
30134008_MinPolqaSfbRecording_cut.wav,2.75,1.258305739,1.233139624,4
30090883_MinPolqaSfbRecording_cut.wav,3.5,0.577350269,0.565803264,4
27900380_MinPolqaSfbRecording_cut.wav,3.5,0.577350269,0.565803264,4
28907933_MinPolqaSfbRecording_cut.wav,3.5,0.577350269,0.565803264,4
30437128_MinPolqaSfbRecording_cut.wav,2.75,1.258305739,1.233139624,4
30252482_MinPolqaSfbRecording_cut.wav,2.5,0.577350269,0.565803264,4
30121071_MinPolqaSfbRecording_cut.wav,1.5,0.577350269,0.565803264,4
30458288_MinPolqaSfbRecording_cut.wav,3.25,0.5,0.49,4
30195018_MinPolqaSfbRecording_cut.wav,1.0,0.0,0.0,3
30487026_MinPolqaSfbRecording_cut.wav,2.666666667,0.577350269,0.653333333,3
30082127_MinPolqaSfbRecording_cut.wav,1.666666667,0.577350269,0.653333333,3
30174302_MinPolqaSfbRecording_cut.wav,3.0,1.0,1.131606528,3
27758032_MinPolqaSfbRecording_cut.wav,4.0,0.0,0.0,3
28965663_MinPolqaSfbRecording_cut.wav,5.0,0.0,0.0,3
30487408_MinPolqaSfbRecording_cut.wav,3.0,0.0,0.0,3
29531344_MinPolqaSfbRecording_cut.wav,2.6,0.894427191,0.784,5
30112829_MinPolqaSfbRecording_cut.wav,3.6,0.894427191,0.784,5
30113267_MinPolqaSfbRecording_cut.wav,4.2,0.836660027,0.733364848,5
28298857_MinPolqaSfbRecording_cut.wav,4.2,0.836660027,0.733364848,5
30493440_MinPolqaSfbRecording_cut.wav,3.4,1.140175425,0.999407825,5
30194504_MinPolqaSfbRecording_cut.wav,3.6,0.894427191,0.784,5
30416490_MinPolqaSfbRecording_cut.wav,3.6,1.140175425,0.999407825,5
30429790_MinPolqaSfbRecording_cut.wav,2.4,0.547722558,0.48009999,5
30138016_MinPolqaSfbRecording_cut.wav,3.4,0.547722558,0.48009999,5
30521053_MinPolqaSfbRecording_cut.wav,2.8,0.836660027,0.733364848,5
30080276_MinPolqaSfbRecording_cut.wav,1.0,0.0,0.0,5
30213033_MinPolqaSfbRecording_cut.wav,3.2,0.836660027,0.733364848,5
27515175_MinPolqaSfbRecording_cut.wav,3.4,0.547722558,0.48009999,5
30110398_MinPolqaSfbRecording_cut.wav,3.0,0.707106781,0.619806421,5
27644014_MinPolqaSfbRecording_cut.wav,2.4,0.547722558,0.48009999,5
28903423_MinPolqaSfbRecording_cut.wav,3.0,0.707106781,0.619806421,5
30089281_MinPolqaSfbRecording_cut.wav,1.8,0.836660027,0.733364848,5
30462519_MinPolqaSfbRecording_cut.wav,1.4,0.547722558,0.48009999,5
30183834_MinPolqaSfbRecording_cut.wav,2.6,1.140175425,0.999407825,5
30514661_MinPolqaSfbRecording_cut.wav,3.4,0.547722558,0.48009999,5
30078099_MinPolqaSfbRecording_cut.wav,2.6,0.894427191,0.784,5
30127743_MinPolqaSfbRecording_cut.wav,4.0,1.0,0.876538647,5
30181277_MinPolqaSfbRecording_cut.wav,1.0,0.0,0.0,5
27726536_MinPolqaSfbRecording_cut.wav,4.2,0.447213595,0.392,5
30070023_MinPolqaSfbRecording_cut.wav,2.2,0.836660027,0.733364848,5
30507768_MinPolqaSfbRecording_cut.wav,3.75,0.5,0.49,4
30508680_MinPolqaSfbRecording_cut.wav,3.5,0.577350269,0.565803264,4
30510498_MinPolqaSfbRecording_cut.wav,3.0,0.816496581,0.800166649,4
30192941_MinPolqaSfbRecording_cut.wav,3.25,1.5,1.47,4
30529757_MinPolqaSfbRecording_cut.wav,2.75,0.957427108,0.938278566,4
28078686_MinPolqaSfbRecording_cut.wav,4.0,0.0,0.0,4
30491089_MinPolqaSfbRecording_cut.wav,3.5,0.577350269,0.565803264,4
30489929_MinPolqaSfbRecording_cut.wav,3.5,1.290994449,1.26517456,4
30073625_MinPolqaSfbRecording_cut.wav,3.6,1.140175425,0.999407825,5
30152051_MinPolqaSfbRecording_cut.wav,3.6,0.894427191,0.784,5
30492278_MinPolqaSfbRecording_cut.wav,3.6,0.894427191,0.784,5
30417287_MinPolqaSfbRecording_cut.wav,3.0,1.414213562,1.239612843,5
30120186_MinPolqaSfbRecording_cut.wav,3.0,1.0,0.876538647,5
27641888_MinPolqaSfbRecording_cut.wav,3.8,0.447213595,0.392,5
27984461_MinPolqaSfbRecording_cut.wav,4.0,0.707106781,0.619806421,5
27915698_MinPolqaSfbRecording_cut.wav,2.4,0.547722558,0.48009999,5
30491049_MinPolqaSfbRecording_cut.wav,3.2,0.836660027,0.733364848,5
30470004_MinPolqaSfbRecording_cut.wav,3.8,0.836660027,0.733364848,5
30071307_MinPolqaSfbRecording_cut.wav,4.2,0.836660027,0.733364848,5
30490386_MinPolqaSfbRecording_cut.wav,3.4,0.547722558,0.48009999,5
30109342_MinPolqaSfbRecording_cut.wav,2.8,0.447213595,0.392,5
28941377_MinPolqaSfbRecording_cut.wav,4.4,0.894427191,0.784,5
30529933_MinPolqaSfbRecording_cut.wav,3.0,0.707106781,0.619806421,5
30098133_MinPolqaSfbRecording_cut.wav,3.0,0.0,0.0,5
28807922_MinPolqaSfbRecording_cut.wav,4.4,0.894427191,0.784,5
30465780_MinPolqaSfbRecording_cut.wav,3.0,0.0,0.0,3
30153814_MinPolqaSfbRecording_cut.wav,4.0,1.0,1.131606528,3
30118917_MinPolqaSfbRecording_cut.wav,4.0,0.0,0.0,3
30411315_MinPolqaSfbRecording_cut.wav,2.666666667,0.577350269,0.653333333,3
30146210_MinPolqaSfbRecording_cut.wav,2.333333333,1.527525232,1.728557523,3
30527036_MinPolqaSfbRecording_cut.wav,2.333333333,0.577350269,0.653333333,3
30472675_MinPolqaSfbRecording_cut.wav,3.666666667,0.577350269,0.653333333,3
30060980_MinPolqaSfbRecording_cut.wav,3.666666667,0.577350269,0.653333333,3
29541805_MinPolqaSfbRecording_cut.wav,4.0,1.0,1.131606528,3
30436197_MinPolqaSfbRecording_cut.wav,3.0,1.732050808,1.96,3
28802664_MinPolqaSfbRecording_cut.wav,4.333333333,1.154700538,1.306666667,3
29540660_MinPolqaSfbRecording_cut.wav,3.0,1.732050808,1.96,3
30201756_MinPolqaSfbRecording_cut.wav,2.333333333,2.309401077,2.613333333,3
29532212_MinPolqaSfbRecording_cut.wav,2.666666667,2.081665999,2.355626833,3
30408234_MinPolqaSfbRecording_cut.wav,2.333333333,1.527525232,1.728557523,3
30251079_MinPolqaSfbRecording_cut.wav,2.666666667,2.081665999,2.355626833,3
30407654_MinPolqaSfbRecording_cut.wav,4.0,0.0,0.0,4
29032242_MinPolqaSfbRecording_cut.wav,4.5,0.577350269,0.565803264,4
28806373_MinPolqaSfbRecording_cut.wav,3.5,1.0,0.98,4
28680704_MinPolqaSfbRecording_cut.wav,4.0,0.816496581,0.800166649,4
30179017_MinPolqaSfbRecording_cut.wav,2.25,0.5,0.49,4
30487391_MinPolqaSfbRecording_cut.wav,2.5,0.577350269,0.565803264,4
30080563_MinPolqaSfbRecording_cut.wav,2.75,0.957427108,0.938278566,4
30161840_MinPolqaSfbRecording_cut.wav,2.0,0.816496581,0.800166649,4
30403890_MinPolqaSfbRecording_cut.wav,3.25,0.957427108,0.938278566,4
29556392_MinPolqaSfbRecording_cut.wav,2.4,0.894427191,0.784,5
28013957_MinPolqaSfbRecording_cut.wav,4.4,0.547722558,0.48009999,5
30136717_MinPolqaSfbRecording_cut.wav,3.0,1.224744871,1.073536213,5
30086312_MinPolqaSfbRecording_cut.wav,2.8,1.303840481,1.142866571,5
30198734_MinPolqaSfbRecording_cut.wav,2.2,0.836660027,0.733364848,5
30211983_MinPolqaSfbRecording_cut.wav,1.8,0.447213595,0.392,5
27902746_MinPolqaSfbRecording_cut.wav,3.4,0.894427191,0.784,5
30076181_MinPolqaSfbRecording_cut.wav,3.0,1.224744871,1.073536213,5
30174731_MinPolqaSfbRecording_cut.wav,3.25,0.5,0.49,4
30096396_MinPolqaSfbRecording_cut.wav,3.5,0.577350269,0.565803264,4
30404935_MinPolqaSfbRecording_cut.wav,3.25,0.5,0.49,4
30063496_MinPolqaSfbRecording_cut.wav,2.5,1.0,0.98,4
30508801_MinPolqaSfbRecording_cut.wav,3.0,0.0,0.0,4
29533339_MinPolqaSfbRecording_cut.wav,2.75,0.5,0.49,4
27707589_MinPolqaSfbRecording_cut.wav,3.75,0.5,0.49,4
30207039_MinPolqaSfbRecording_cut.wav,3.0,0.0,0.0,4
30251800_MinPolqaSfbRecording_cut.wav,3.5,0.577350269,0.565803264,4
30166881_MinPolqaSfbRecording_cut.wav,2.75,0.5,0.49,4
30421610_MinPolqaSfbRecording_cut.wav,3.6,0.547722558,0.48009999,5
27756314_MinPolqaSfbRecording_cut.wav,4.6,0.547722558,0.48009999,5
30442679_MinPolqaSfbRecording_cut.wav,1.8,0.836660027,0.733364848,5
30096421_MinPolqaSfbRecording_cut.wav,3.0,0.707106781,0.619806421,5
28787570_MinPolqaSfbRecording_cut.wav,3.6,1.140175425,0.999407825,5
29539998_MinPolqaSfbRecording_cut.wav,3.6,0.547722558,0.48009999,5
30062199_MinPolqaSfbRecording_cut.wav,3.4,0.894427191,0.784,5
30185382_MinPolqaSfbRecording_cut.wav,2.8,0.447213595,0.392,5
30159515_MinPolqaSfbRecording_cut.wav,3.5,0.577350269,0.565803264,4
30404882_MinPolqaSfbRecording_cut.wav,3.25,0.957427108,0.938278566,4
28241534_MinPolqaSfbRecording_cut.wav,3.75,0.5,0.49,4
30248946_MinPolqaSfbRecording_cut.wav,1.75,0.5,0.49,4
30096438_MinPolqaSfbRecording_cut.wav,2.75,0.5,0.49,4
28036223_MinPolqaSfbRecording_cut.wav,3.5,0.577350269,0.565803264,4
28804617_MinPolqaSfbRecording_cut.wav,4.0,1.154700538,1.131606528,4
30082562_MinPolqaSfbRecording_cut.wav,2.25,0.5,0.49,4
28784855_MinPolqaSfbRecording_cut.wav,3.75,0.5,0.49,4
30467648_MinPolqaSfbRecording_cut.wav,1.75,0.5,0.49,4
30529224_MinPolqaSfbRecording_cut.wav,4.5,0.577350269,0.565803264,4
30503743_MinPolqaSfbRecording_cut.wav,2.75,0.957427108,0.938278566,4
28943985_MinPolqaSfbRecording_cut.wav,4.0,0.816496581,0.800166649,4
30118652_MinPolqaSfbRecording_cut.wav,3.5,0.577350269,0.565803264,4
30263453_MinPolqaSfbRecording_cut.wav,2.0,0.0,0.0,4
30401360_MinPolqaSfbRecording_cut.wav,1.75,0.5,0.49,4
30461033_MinPolqaSfbRecording_cut.wav,4.5,0.577350269,0.565803264,4
28467179_MinPolqaSfbRecording_cut.wav,3.0,0.816496581,0.800166649,4
30173779_MinPolqaSfbRecording_cut.wav,2.75,0.957427108,0.938278566,4
30103620_MinPolqaSfbRecording_cut.wav,3.5,0.577350269,0.565803264,4
27593957_MinPolqaSfbRecording_cut.wav,4.5,0.577350269,0.565803264,4
30430007_MinPolqaSfbRecording_cut.wav,4.0,0.816496581,0.800166649,4
30137848_MinPolqaSfbRecording_cut.wav,1.75,0.5,0.49,4
30188927_MinPolqaSfbRecording_cut.wav,2.5,0.577350269,0.565803264,4
30487567_MinPolqaSfbRecording_cut.wav,3.5,0.577350269,0.565803264,4
30260137_MinPolqaSfbRecording_cut.wav,2.75,0.5,0.49,4
30470933_MinPolqaSfbRecording_cut.wav,2.0,0.816496581,0.800166649,4
30177526_MinPolqaSfbRecording_cut.wav,3.0,0.0,0.0,5
30455032_MinPolqaSfbRecording_cut.wav,2.4,0.547722558,0.48009999,5
30121875_MinPolqaSfbRecording_cut.wav,3.6,0.547722558,0.48009999,5
30090943_MinPolqaSfbRecording_cut.wav,3.6,0.547722558,0.48009999,5
29538615_MinPolqaSfbRecording_cut.wav,3.4,0.894427191,0.784,5
30090589_MinPolqaSfbRecording_cut.wav,3.8,0.836660027,0.733364848,5
30507579_MinPolqaSfbRecording_cut.wav,3.2,0.836660027,0.733364848,5
27574715_MinPolqaSfbRecording_cut.wav,4.2,0.447213595,0.392,5
30100208_MinPolqaSfbRecording_cut.wav,4.2,0.836660027,0.733364848,5
30519392_MinPolqaSfbRecording_cut.wav,1.6,1.341640786,1.176,5
30067999_MinPolqaSfbRecording_cut.wav,3.2,0.836660027,0.733364848,5
30066758_MinPolqaSfbRecording_cut.wav,1.6,1.341640786,1.176,5
30501784_MinPolqaSfbRecording_cut.wav,3.6,0.547722558,0.48009999,5
30127040_MinPolqaSfbRecording_cut.wav,2.6,1.341640786,1.176,5
30523647_MinPolqaSfbRecording_cut.wav,2.4,0.547722558,0.48009999,5
30150780_MinPolqaSfbRecording_cut.wav,3.8,0.836660027,0.733364848,5
27735209_MinPolqaSfbRecording_cut.wav,3.4,0.547722558,0.48009999,5
30429546_MinPolqaSfbRecording_cut.wav,3.6,0.547722558,0.48009999,5
30522523_MinPolqaSfbRecording_cut.wav,2.666666667,1.527525232,1.728557523,3
30471815_MinPolqaSfbRecording_cut.wav,3.666666667,0.577350269,0.653333333,3
28175171_MinPolqaSfbRecording_cut.wav,2.333333333,0.577350269,0.653333333,3
30443130_MinPolqaSfbRecording_cut.wav,3.333333333,0.577350269,0.653333333,3
28771829_MinPolqaSfbRecording_cut.wav,4.666666667,0.577350269,0.653333333,3
30106571_MinPolqaSfbRecording_cut.wav,3.0,1.0,1.131606528,3
30426411_MinPolqaSfbRecording_cut.wav,3.666666667,0.577350269,0.653333333,3
30432838_MinPolqaSfbRecording_cut.wav,2.0,1.0,1.131606528,3
29536515_MinPolqaSfbRecording_cut.wav,1.0,0.0,0.0,4
30104090_MinPolqaSfbRecording_cut.wav,2.25,0.957427108,0.938278566,4
30096201_MinPolqaSfbRecording_cut.wav,2.0,0.816496581,0.800166649,4
30092738_MinPolqaSfbRecording_cut.wav,3.25,0.957427108,0.938278566,4
27901106_MinPolqaSfbRecording_cut.wav,3.5,0.577350269,0.565803264,4
30146161_MinPolqaSfbRecording_cut.wav,2.0,0.816496581,0.800166649,4
28127371_MinPolqaSfbRecording_cut.wav,3.25,0.957427108,0.938278566,4
30461183_MinPolqaSfbRecording_cut.wav,2.25,0.957427108,0.938278566,4
30107104_MinPolqaSfbRecording_cut.wav,2.5,0.577350269,0.565803264,4
30122715_MinPolqaSfbRecording_cut.wav,2.5,1.0,0.98,4
27871416_MinPolqaSfbRecording_cut.wav,4.6,0.547722558,0.48009999,5
28911422_MinPolqaSfbRecording_cut.wav,4.8,0.447213595,0.392,5
30263875_MinPolqaSfbRecording_cut.wav,3.6,0.547722558,0.48009999,5
27886321_MinPolqaSfbRecording_cut.wav,4.4,0.547722558,0.48009999,5
30193889_MinPolqaSfbRecording_cut.wav,3.2,0.836660027,0.733364848,5
28026777_MinPolqaSfbRecording_cut.wav,4.4,0.547722558,0.48009999,5
30212033_MinPolqaSfbRecording_cut.wav,2.2,0.836660027,0.733364848,5
30520526_MinPolqaSfbRecording_cut.wav,3.8,0.836660027,0.733364848,5
30106028_MinPolqaSfbRecording_cut.wav,2.5,1.0,0.98,4
30165295_MinPolqaSfbRecording_cut.wav,2.0,0.816496581,0.800166649,4
28679576_MinPolqaSfbRecording_cut.wav,3.75,0.5,0.49,4
28000128_MinPolqaSfbRecording_cut.wav,4.75,0.5,0.49,4
30136647_MinPolqaSfbRecording_cut.wav,2.25,0.957427108,0.938278566,4
30081218_MinPolqaSfbRecording_cut.wav,2.5,1.0,0.98,4
30066276_MinPolqaSfbRecording_cut.wav,1.75,0.957427108,0.938278566,4
30132326_MinPolqaSfbRecording_cut.wav,3.0,0.0,0.0,4
30478021_MinPolqaSfbRecording_cut.wav,2.0,0.816496581,0.800166649,4
28479886_MinPolqaSfbRecording_cut.wav,4.4,0.894427191,0.784,5
30091872_MinPolqaSfbRecording_cut.wav,3.6,1.140175425,0.999407825,5
30193027_MinPolqaSfbRecording_cut.wav,3.8,0.836660027,0.733364848,5
30481804_MinPolqaSfbRecording_cut.wav,3.2,1.788854382,1.568,5
30527538_MinPolqaSfbRecording_cut.wav,3.8,0.836660027,0.733364848,5
28167110_MinPolqaSfbRecording_cut.wav,4.6,0.547722558,0.48009999,5
30183351_MinPolqaSfbRecording_cut.wav,3.0,1.0,0.876538647,5
28057108_MinPolqaSfbRecording_cut.wav,4.2,0.836660027,0.733364848,5
30075708_MinPolqaSfbRecording_cut.wav,3.4,1.140175425,0.999407825,5
30201601_MinPolqaSfbRecording_cut.wav,3.6,1.140175425,0.999407825,5
30404688_MinPolqaSfbRecording_cut.wav,3.2,0.447213595,0.392,5
30514112_MinPolqaSfbRecording_cut.wav,2.2,0.447213595,0.392,5
30195013_MinPolqaSfbRecording_cut.wav,2.0,1.0,0.876538647,5
30206091_MinPolqaSfbRecording_cut.wav,2.0,1.0,0.876538647,5
28115858_MinPolqaSfbRecording_cut.wav,3.2,0.447213595,0.392,5
28589472_MinPolqaSfbRecording_cut.wav,4.2,0.447213595,0.392,5
28944257_MinPolqaSfbRecording_cut.wav,4.2,0.836660027,0.733364848,5
30085093_MinPolqaSfbRecording_cut.wav,2.2,1.303840481,1.142866571,5
30403778_MinPolqaSfbRecording_cut.wav,3.333333333,0.577350269,0.653333333,3
27760595_MinPolqaSfbRecording_cut.wav,3.666666667,0.577350269,0.653333333,3
28061143_MinPolqaSfbRecording_cut.wav,4.333333333,0.577350269,0.653333333,3
30126287_MinPolqaSfbRecording_cut.wav,1.666666667,1.154700538,1.306666667,3
27604143_MinPolqaSfbRecording_cut.wav,3.0,1.0,1.131606528,3
30482377_MinPolqaSfbRecording_cut.wav,4.333333333,0.577350269,0.653333333,3
30119363_MinPolqaSfbRecording_cut.wav,4.333333333,0.577350269,0.653333333,3
27642243_MinPolqaSfbRecording_cut.wav,3.8,0.836660027,0.733364848,5
30479075_MinPolqaSfbRecording_cut.wav,3.2,0.836660027,0.733364848,5
30109232_MinPolqaSfbRecording_cut.wav,2.8,1.303840481,1.142866571,5
30261420_MinPolqaSfbRecording_cut.wav,1.2,0.447213595,0.392,5
30522838_MinPolqaSfbRecording_cut.wav,3.6,0.894427191,0.784,5
30446763_MinPolqaSfbRecording_cut.wav,3.6,0.894427191,0.784,5
29013483_MinPolqaSfbRecording_cut.wav,4.2,0.836660027,0.733364848,5
30512199_MinPolqaSfbRecording_cut.wav,2.8,0.836660027,0.733364848,5
30531996_MinPolqaSfbRecording_cut.wav,2.25,0.5,0.49,4
30159172_MinPolqaSfbRecording_cut.wav,2.75,0.5,0.49,4
30095959_MinPolqaSfbRecording_cut.wav,3.5,0.577350269,0.565803264,4
30207424_MinPolqaSfbRecording_cut.wav,1.25,0.5,0.49,4
30165283_MinPolqaSfbRecording_cut.wav,3.25,0.5,0.49,4
27584417_MinPolqaSfbRecording_cut.wav,3.25,0.5,0.49,4
30100214_MinPolqaSfbRecording_cut.wav,1.5,0.577350269,0.565803264,4
30100205_MinPolqaSfbRecording_cut.wav,3.5,0.577350269,0.565803264,4
30198977_MinPolqaSfbRecording_cut.wav,3.0,0.0,0.0,4
30516315_MinPolqaSfbRecording_cut.wav,3.4,0.894427191,0.784,5
27810368_MinPolqaSfbRecording_cut.wav,3.4,1.140175425,0.999407825,5
27512111_MinPolqaSfbRecording_cut.wav,2.8,0.447213595,0.392,5
27874224_MinPolqaSfbRecording_cut.wav,3.8,0.836660027,0.733364848,5
27778149_MinPolqaSfbRecording_cut.wav,3.4,1.341640786,1.176,5
30433447_MinPolqaSfbRecording_cut.wav,1.6,0.547722558,0.48009999,5
30066630_MinPolqaSfbRecording_cut.wav,2.4,0.547722558,0.48009999,5
30182855_MinPolqaSfbRecording_cut.wav,2.0,1.0,0.876538647,5
27518733_MinPolqaSfbRecording_cut.wav,4.0,0.707106781,0.619806421,5
30164629_MinPolqaSfbRecording_cut.wav,2.0,0.0,0.0,5
30249602_MinPolqaSfbRecording_cut.wav,2.2,0.447213595,0.392,5
27893664_MinPolqaSfbRecording_cut.wav,3.4,0.547722558,0.48009999,5
30172965_MinPolqaSfbRecording_cut.wav,3.2,0.447213595,0.392,5
28531083_MinPolqaSfbRecording_cut.wav,3.8,0.836660027,0.733364848,5
30154991_MinPolqaSfbRecording_cut.wav,3.0,0.0,0.0,3
30106195_MinPolqaSfbRecording_cut.wav,2.0,1.0,1.131606528,3
30520771_MinPolqaSfbRecording_cut.wav,4.0,1.0,1.131606528,3
30135820_MinPolqaSfbRecording_cut.wav,1.666666667,0.577350269,0.653333333,3
30064838_MinPolqaSfbRecording_cut.wav,1.666666667,0.577350269,0.653333333,3
30252454_MinPolqaSfbRecording_cut.wav,3.0,0.0,0.0,3
30084013_MinPolqaSfbRecording_cut.wav,1.0,0.0,0.0,3
30208341_MinPolqaSfbRecording_cut.wav,3.333333333,0.577350269,0.653333333,3
30086693_MinPolqaSfbRecording_cut.wav,2.666666667,0.577350269,0.653333333,3
27660278_MinPolqaSfbRecording_cut.wav,5.0,0.0,0.0,3
30120416_MinPolqaSfbRecording_cut.wav,1.6,0.547722558,0.48009999,5
28543258_MinPolqaSfbRecording_cut.wav,3.6,0.894427191,0.784,5
30198637_MinPolqaSfbRecording_cut.wav,3.4,1.140175425,0.999407825,5
30122329_MinPolqaSfbRecording_cut.wav,2.0,0.707106781,0.619806421,5
28731399_MinPolqaSfbRecording_cut.wav,3.8,0.447213595,0.392,5
30437307_MinPolqaSfbRecording_cut.wav,1.6,0.547722558,0.48009999,5
30422983_MinPolqaSfbRecording_cut.wav,2.6,0.547722558,0.48009999,5
28701154_MinPolqaSfbRecording_cut.wav,3.0,0.707106781,0.619806421,5
30104609_MinPolqaSfbRecording_cut.wav,3.0,1.0,0.876538647,5
30520962_MinPolqaSfbRecording_cut.wav,3.75,0.5,0.49,4
30178112_MinPolqaSfbRecording_cut.wav,4.0,0.816496581,0.800166649,4
30488321_MinPolqaSfbRecording_cut.wav,3.5,1.290994449,1.26517456,4
27826026_MinPolqaSfbRecording_cut.wav,3.75,1.258305739,1.233139624,4
30253993_MinPolqaSfbRecording_cut.wav,1.5,0.577350269,0.565803264,4
30469504_MinPolqaSfbRecording_cut.wav,3.25,1.258305739,1.233139624,4
30118510_MinPolqaSfbRecording_cut.wav,4.0,0.816496581,0.800166649,4
30174669_MinPolqaSfbRecording_cut.wav,2.0,0.816496581,0.800166649,4
30126202_MinPolqaSfbRecording_cut.wav,2.75,0.5,0.49,4
30134005_MinPolqaSfbRecording_cut.wav,3.0,0.0,0.0,4
30092020_MinPolqaSfbRecording_cut.wav,2.6,1.341640786,1.176,5
28928605_MinPolqaSfbRecording_cut.wav,4.0,1.0,0.876538647,5
28458495_MinPolqaSfbRecording_cut.wav,4.0,0.0,0.0,5
30508782_MinPolqaSfbRecording_cut.wav,2.8,1.643167673,1.440299969,5
25796084_MinPolqaSfbRecording_cut.wav,4.6,0.547722558,0.48009999,5
30126862_MinPolqaSfbRecording_cut.wav,3.6,1.140175425,0.999407825,5
30497389_MinPolqaSfbRecording_cut.wav,3.4,1.140175425,0.999407825,5
30118841_MinPolqaSfbRecording_cut.wav,2.4,1.140175425,0.999407825,5
30509430_MinPolqaSfbRecording_cut.wav,3.75,0.5,0.49,4
30452237_MinPolqaSfbRecording_cut.wav,3.0,0.816496581,0.800166649,4
30062378_MinPolqaSfbRecording_cut.wav,4.0,0.0,0.0,4
29544047_MinPolqaSfbRecording_cut.wav,3.0,0.816496581,0.800166649,4
30123634_MinPolqaSfbRecording_cut.wav,3.0,0.816496581,0.800166649,4
30504638_MinPolqaSfbRecording_cut.wav,3.5,0.577350269,0.565803264,4
30118173_MinPolqaSfbRecording_cut.wav,3.5,0.577350269,0.565803264,4
30147940_MinPolqaSfbRecording_cut.wav,3.0,0.0,0.0,4
28298353_MinPolqaSfbRecording_cut.wav,3.75,0.957427108,0.938278566,4
30253464_MinPolqaSfbRecording_cut.wav,3.0,0.707106781,0.619806421,5
30086306_MinPolqaSfbRecording_cut.wav,1.8,1.303840481,1.142866571,5
30199967_MinPolqaSfbRecording_cut.wav,2.4,0.547722558,0.48009999,5
28657209_MinPolqaSfbRecording_cut.wav,4.8,0.447213595,0.392,5
30123373_MinPolqaSfbRecording_cut.wav,2.8,0.836660027,0.733364848,5
30182899_MinPolqaSfbRecording_cut.wav,2.2,0.836660027,0.733364848,5
30164602_MinPolqaSfbRecording_cut.wav,4.6,0.547722558,0.48009999,5
30255600_MinPolqaSfbRecording_cut.wav,3.2,1.095445115,0.960199979,5
30442316_MinPolqaSfbRecording_cut.wav,1.8,0.447213595,0.392,5
30439886_MinPolqaSfbRecording_cut.wav,2.2,0.836660027,0.733364848,5
30101857_MinPolqaSfbRecording_cut.wav,2.6,0.547722558,0.48009999,5
30096953_MinPolqaSfbRecording_cut.wav,2.8,0.836660027,0.733364848,5
29539156_MinPolqaSfbRecording_cut.wav,3.8,0.836660027,0.733364848,5
30090042_MinPolqaSfbRecording_cut.wav,2.6,1.140175425,0.999407825,5
30118176_MinPolqaSfbRecording_cut.wav,2.4,0.894427191,0.784,5
30061331_MinPolqaSfbRecording_cut.wav,2.6,1.140175425,0.999407825,5
29530113_MinPolqaSfbRecording_cut.wav,4.0,0.707106781,0.619806421,5
30154806_MinPolqaSfbRecording_cut.wav,3.6,0.894427191,0.784,5
30164839_MinPolqaSfbRecording_cut.wav,3.4,0.547722558,0.48009999,5
30186559_MinPolqaSfbRecording_cut.wav,3.0,1.0,0.876538647,5
30530886_MinPolqaSfbRecording_cut.wav,3.6,1.516575089,1.329336677,5
30136142_MinPolqaSfbRecording_cut.wav,3.6,0.894427191,0.784,5
30066306_MinPolqaSfbRecording_cut.wav,3.0,1.0,0.876538647,5
28496866_MinPolqaSfbRecording_cut.wav,4.2,0.836660027,0.733364848,5
30150896_MinPolqaSfbRecording_cut.wav,2.8,0.836660027,0.733364848,5
30128901_MinPolqaSfbRecording_cut.wav,2.0,1.732050808,1.518209472,5
30519434_MinPolqaSfbRecording_cut.wav,2.6,1.516575089,1.329336677,5
30154736_MinPolqaSfbRecording_cut.wav,3.333333333,0.577350269,0.653333333,3
27964990_MinPolqaSfbRecording_cut.wav,4.0,0.0,0.0,3
30436233_MinPolqaSfbRecording_cut.wav,2.333333333,0.577350269,0.653333333,3
30071859_MinPolqaSfbRecording_cut.wav,4.0,0.0,0.0,3
30482927_MinPolqaSfbRecording_cut.wav,2.333333333,1.527525232,1.728557523,3
30463500_MinPolqaSfbRecording_cut.wav,2.0,1.0,1.131606528,3
28054275_MinPolqaSfbRecording_cut.wav,4.0,1.0,1.131606528,3
30073507_MinPolqaSfbRecording_cut.wav,2.0,1.0,1.131606528,3
28364258_MinPolqaSfbRecording_cut.wav,3.666666667,0.577350269,0.653333333,3
29529953_MinPolqaSfbRecording_cut.wav,1.666666667,0.577350269,0.653333333,3
30507054_MinPolqaSfbRecording_cut.wav,1.666666667,0.577350269,0.653333333,3
30178597_MinPolqaSfbRecording_cut.wav,3.0,2.0,2.263213055,3
30413556_MinPolqaSfbRecording_cut.wav,1.333333333,0.577350269,0.653333333,3
30522847_MinPolqaSfbRecording_cut.wav,1.666666667,0.577350269,0.653333333,3
30164204_MinPolqaSfbRecording_cut.wav,3.666666667,1.154700538,1.306666667,3
30075168_MinPolqaSfbRecording_cut.wav,3.333333333,1.527525232,1.728557523,3
30120248_MinPolqaSfbRecording_cut.wav,3.6,0.547722558,0.48009999,5
30259647_MinPolqaSfbRecording_cut.wav,3.0,0.0,0.0,5
27955397_MinPolqaSfbRecording_cut.wav,3.4,0.547722558,0.48009999,5
30263890_MinPolqaSfbRecording_cut.wav,3.8,0.836660027,0.733364848,5
30100327_MinPolqaSfbRecording_cut.wav,2.4,0.547722558,0.48009999,5
30415830_MinPolqaSfbRecording_cut.wav,3.8,0.836660027,0.733364848,5
30469121_MinPolqaSfbRecording_cut.wav,4.2,0.447213595,0.392,5
30070603_MinPolqaSfbRecording_cut.wav,2.8,0.836660027,0.733364848,5
30256450_MinPolqaSfbRecording_cut.wav,3.5,2.121320344,2.94,2
30185523_MinPolqaSfbRecording_cut.wav,2.5,2.121320344,2.94,2
27886009_MinPolqaSfbRecording_cut.wav,4.5,0.707106781,0.98,2
30430131_MinPolqaSfbRecording_cut.wav,4.5,0.707106781,0.98,2
27766278_MinPolqaSfbRecording_cut.wav,4.5,0.707106781,0.98,2
30061464_MinPolqaSfbRecording_cut.wav,4.0,1.414213562,1.96,2
27729442_MinPolqaSfbRecording_cut.wav,4.5,0.707106781,0.98,2
30093398_MinPolqaSfbRecording_cut.wav,2.5,2.121320344,2.94,2
30430282_MinPolqaSfbRecording_cut.wav,4.0,1.414213562,1.96,2
30066732_MinPolqaSfbRecording_cut.wav,4.0,1.414213562,1.96,2
28753495_MinPolqaSfbRecording_cut.wav,4.8,0.447213595,0.392,5
30194315_MinPolqaSfbRecording_cut.wav,3.6,0.547722558,0.48009999,5
29536473_MinPolqaSfbRecording_cut.wav,2.4,0.894427191,0.784,5
30145504_MinPolqaSfbRecording_cut.wav,3.0,1.0,0.876538647,5
30461650_MinPolqaSfbRecording_cut.wav,2.8,1.303840481,1.142866571,5
27735584_MinPolqaSfbRecording_cut.wav,4.4,0.894427191,0.784,5
30104845_MinPolqaSfbRecording_cut.wav,3.8,0.447213595,0.392,5
28479662_MinPolqaSfbRecording_cut.wav,4.0,0.707106781,0.619806421,5
28604276_MinPolqaSfbRecording_cut.wav,3.6,0.547722558,0.48009999,5
28298652_MinPolqaSfbRecording_cut.wav,3.4,0.547722558,0.48009999,5
30075670_MinPolqaSfbRecording_cut.wav,3.8,0.447213595,0.392,5
28649705_MinPolqaSfbRecording_cut.wav,3.8,0.836660027,0.733364848,5
30129269_MinPolqaSfbRecording_cut.wav,3.0,0.0,0.0,5
28836347_MinPolqaSfbRecording_cut.wav,4.2,0.836660027,0.733364848,5
27747904_MinPolqaSfbRecording_cut.wav,4.333333333,1.154700538,1.306666667,3
28852342_MinPolqaSfbRecording_cut.wav,4.333333333,0.577350269,0.653333333,3
30100071_MinPolqaSfbRecording_cut.wav,2.333333333,1.154700538,1.306666667,3
30425174_MinPolqaSfbRecording_cut.wav,2.666666667,1.154700538,1.306666667,3
28777465_MinPolqaSfbRecording_cut.wav,4.333333333,0.577350269,0.653333333,3
30426574_MinPolqaSfbRecording_cut.wav,3.333333333,0.577350269,0.653333333,3
30259184_MinPolqaSfbRecording_cut.wav,3.666666667,0.577350269,0.653333333,3
30068525_MinPolqaSfbRecording_cut.wav,4.0,1.0,1.131606528,3
30065959_MinPolqaSfbRecording_cut.wav,3.333333333,0.577350269,0.653333333,3
29530069_MinPolqaSfbRecording_cut.wav,2.0,1.414213562,1.385929291,4
30105154_MinPolqaSfbRecording_cut.wav,2.0,1.414213562,1.385929291,4
30407583_MinPolqaSfbRecording_cut.wav,4.25,0.957427108,0.938278566,4
30465302_MinPolqaSfbRecording_cut.wav,2.75,0.957427108,0.938278566,4
30452895_MinPolqaSfbRecording_cut.wav,3.25,0.5,0.49,4
30449205_MinPolqaSfbRecording_cut.wav,3.0,0.0,0.0,4
30180863_MinPolqaSfbRecording_cut.wav,3.25,0.957427108,0.938278566,4
30135241_MinPolqaSfbRecording_cut.wav,2.25,1.258305739,1.233139624,4
27922234_MinPolqaSfbRecording_cut.wav,2.8,0.447213595,0.392,5
30426733_MinPolqaSfbRecording_cut.wav,3.2,1.303840481,1.142866571,5
30155740_MinPolqaSfbRecording_cut.wav,2.6,0.547722558,0.48009999,5
30180909_MinPolqaSfbRecording_cut.wav,1.4,0.547722558,0.48009999,5
30104995_MinPolqaSfbRecording_cut.wav,2.0,1.0,0.876538647,5
30417241_MinPolqaSfbRecording_cut.wav,2.4,0.894427191,0.784,5
27725967_MinPolqaSfbRecording_cut.wav,3.8,0.836660027,0.733364848,5
30180773_MinPolqaSfbRecording_cut.wav,1.25,0.5,0.49,4
28913614_MinPolqaSfbRecording_cut.wav,3.25,0.957427108,0.938278566,4
27675233_MinPolqaSfbRecording_cut.wav,3.25,0.5,0.49,4
30112621_MinPolqaSfbRecording_cut.wav,1.5,0.577350269,0.565803264,4
30432429_MinPolqaSfbRecording_cut.wav,1.75,0.957427108,0.938278566,4
30128405_MinPolqaSfbRecording_cut.wav,3.75,0.5,0.49,4
30179845_MinPolqaSfbRecording_cut.wav,3.0,0.816496581,0.800166649,4
29024458_MinPolqaSfbRecording_cut.wav,4.0,0.816496581,0.800166649,4
30091044_MinPolqaSfbRecording_cut.wav,2.5,0.577350269,0.565803264,4
30183366_MinPolqaSfbRecording_cut.wav,3.75,0.5,0.49,4
29531346_MinPolqaSfbRecording_cut.wav,3.25,0.957427108,0.938278566,4
29537819_MinPolqaSfbRecording_cut.wav,2.25,0.5,0.49,4
30508286_MinPolqaSfbRecording_cut.wav,2.5,1.0,0.98,4
30414187_MinPolqaSfbRecording_cut.wav,3.0,1.414213562,1.385929291,4
30076000_MinPolqaSfbRecording_cut.wav,3.5,1.0,0.98,4
30150371_MinPolqaSfbRecording_cut.wav,4.0,0.816496581,0.800166649,4
29530620_MinPolqaSfbRecording_cut.wav,3.0,1.154700538,1.131606528,4
30088726_MinPolqaSfbRecording_cut.wav,2.5,1.0,0.98,4
28456342_MinPolqaSfbRecording_cut.wav,4.5,1.0,0.98,4
30508468_MinPolqaSfbRecording_cut.wav,3.333333333,1.154700538,1.306666667,3
30106431_MinPolqaSfbRecording_cut.wav,4.333333333,1.154700538,1.306666667,3
30067775_MinPolqaSfbRecording_cut.wav,3.666666667,0.577350269,0.653333333,3
30444236_MinPolqaSfbRecording_cut.wav,4.0,1.0,1.131606528,3
30142310_MinPolqaSfbRecording_cut.wav,4.0,1.0,1.131606528,3
30096202_MinPolqaSfbRecording_cut.wav,3.0,1.732050808,1.96,3
30450842_MinPolqaSfbRecording_cut.wav,3.333333333,0.577350269,0.653333333,3
30520795_MinPolqaSfbRecording_cut.wav,3.666666667,1.527525232,1.728557523,3
27598881_MinPolqaSfbRecording_cut.wav,4.0,1.0,1.131606528,3
27686599_MinPolqaSfbRecording_cut.wav,4.666666667,0.577350269,0.653333333,3
30090828_MinPolqaSfbRecording_cut.wav,3.666666667,1.154700538,1.306666667,3
30097359_MinPolqaSfbRecording_cut.wav,2.666666667,0.577350269,0.653333333,3
30529287_MinPolqaSfbRecording_cut.wav,2.0,1.0,1.131606528,3
30154774_MinPolqaSfbRecording_cut.wav,3.333333333,0.577350269,0.653333333,3
30120264_MinPolqaSfbRecording_cut.wav,4.666666667,0.577350269,0.653333333,3
30161089_MinPolqaSfbRecording_cut.wav,1.5,0.577350269,0.565803264,4
30073453_MinPolqaSfbRecording_cut.wav,3.5,0.577350269,0.565803264,4
30133991_MinPolqaSfbRecording_cut.wav,4.25,0.957427108,0.938278566,4
30160990_MinPolqaSfbRecording_cut.wav,1.0,0.0,0.0,4
30455126_MinPolqaSfbRecording_cut.wav,2.5,0.577350269,0.565803264,4
28133441_MinPolqaSfbRecording_cut.wav,4.0,0.816496581,0.800166649,4
27968785_MinPolqaSfbRecording_cut.wav,3.5,0.577350269,0.565803264,4
30164809_MinPolqaSfbRecording_cut.wav,2.6,0.547722558,0.48009999,5
30160164_MinPolqaSfbRecording_cut.wav,3.2,0.836660027,0.733364848,5
30520201_MinPolqaSfbRecording_cut.wav,2.2,0.447213595,0.392,5
29542869_MinPolqaSfbRecording_cut.wav,3.6,0.547722558,0.48009999,5
30103005_MinPolqaSfbRecording_cut.wav,2.8,0.836660027,0.733364848,5
30143478_MinPolqaSfbRecording_cut.wav,4.4,0.894427191,0.784,5
28727586_MinPolqaSfbRecording_cut.wav,4.0,0.816496581,0.800166649,4
27722763_MinPolqaSfbRecording_cut.wav,3.5,0.577350269,0.565803264,4
28157698_MinPolqaSfbRecording_cut.wav,3.0,0.0,0.0,4
28859277_MinPolqaSfbRecording_cut.wav,3.25,0.5,0.49,4
30177513_MinPolqaSfbRecording_cut.wav,3.0,0.0,0.0,4
30500954_MinPolqaSfbRecording_cut.wav,1.5,0.577350269,0.565803264,4
30110713_MinPolqaSfbRecording_cut.wav,2.5,0.577350269,0.565803264,4
30192831_MinPolqaSfbRecording_cut.wav,3.75,0.957427108,0.938278566,4
30142103_MinPolqaSfbRecording_cut.wav,2.25,0.957427108,0.938278566,4
27704298_MinPolqaSfbRecording_cut.wav,4.5,0.577350269,0.565803264,4
30248053_MinPolqaSfbRecording_cut.wav,1.5,1.0,0.98,4
30198214_MinPolqaSfbRecording_cut.wav,4.25,0.957427108,0.938278566,4
28724235_MinPolqaSfbRecording_cut.wav,3.75,0.5,0.49,4
29538503_MinPolqaSfbRecording_cut.wav,1.25,0.5,0.49,4
30151193_MinPolqaSfbRecording_cut.wav,4.0,0.816496581,0.800166649,4
30430563_MinPolqaSfbRecording_cut.wav,1.75,0.957427108,0.938278566,4
30097749_MinPolqaSfbRecording_cut.wav,1.75,0.957427108,0.938278566,4
30163511_MinPolqaSfbRecording_cut.wav,2.75,0.957427108,0.938278566,4
30097313_MinPolqaSfbRecording_cut.wav,2.5,0.577350269,0.565803264,4
30430145_MinPolqaSfbRecording_cut.wav,2.25,0.5,0.49,4
30085702_MinPolqaSfbRecording_cut.wav,1.25,0.5,0.49,4
28272577_MinPolqaSfbRecording_cut.wav,4.0,0.0,0.0,4
30174247_MinPolqaSfbRecording_cut.wav,1.75,0.5,0.49,4
30458131_MinPolqaSfbRecording_cut.wav,3.25,0.5,0.49,4
28323689_MinPolqaSfbRecording_cut.wav,3.75,0.5,0.49,4
30446215_MinPolqaSfbRecording_cut.wav,2.75,0.5,0.49,4
30450638_MinPolqaSfbRecording_cut.wav,2.8,0.447213595,0.392,5
30506885_MinPolqaSfbRecording_cut.wav,2.0,0.707106781,0.619806421,5
30180680_MinPolqaSfbRecording_cut.wav,3.2,1.303840481,1.142866571,5
30520037_MinPolqaSfbRecording_cut.wav,1.8,0.836660027,0.733364848,5
30424412_MinPolqaSfbRecording_cut.wav,3.4,1.140175425,0.999407825,5
29534776_MinPolqaSfbRecording_cut.wav,3.2,0.836660027,0.733364848,5
30251710_MinPolqaSfbRecording_cut.wav,1.8,0.836660027,0.733364848,5
30439410_MinPolqaSfbRecording_cut.wav,3.6,0.547722558,0.48009999,5
30138634_MinPolqaSfbRecording_cut.wav,2.2,0.836660027,0.733364848,5
30487001_MinPolqaSfbRecording_cut.wav,3.0,1.0,0.876538647,5
28635798_MinPolqaSfbRecording_cut.wav,4.2,0.836660027,0.733364848,5
30064211_MinPolqaSfbRecording_cut.wav,4.4,0.547722558,0.48009999,5
30118423_MinPolqaSfbRecording_cut.wav,3.8,0.836660027,0.733364848,5
30141016_MinPolqaSfbRecording_cut.wav,3.6,0.547722558,0.48009999,5
30091714_MinPolqaSfbRecording_cut.wav,2.6,0.547722558,0.48009999,5
30429454_MinPolqaSfbRecording_cut.wav,2.2,0.836660027,0.733364848,5
30503504_MinPolqaSfbRecording_cut.wav,2.8,0.836660027,0.733364848,5
30081001_MinPolqaSfbRecording_cut.wav,3.5,0.577350269,0.565803264,4
30426811_MinPolqaSfbRecording_cut.wav,3.5,0.577350269,0.565803264,4
30472159_MinPolqaSfbRecording_cut.wav,2.0,0.816496581,0.800166649,4
30484685_MinPolqaSfbRecording_cut.wav,1.75,0.957427108,0.938278566,4
30256971_MinPolqaSfbRecording_cut.wav,2.5,0.577350269,0.565803264,4
27866876_MinPolqaSfbRecording_cut.wav,3.75,0.957427108,0.938278566,4
30066370_MinPolqaSfbRecording_cut.wav,2.5,0.577350269,0.565803264,4
28894619_MinPolqaSfbRecording_cut.wav,3.5,0.577350269,0.565803264,4
30157952_MinPolqaSfbRecording_cut.wav,1.2,0.447213595,0.392,5
30465301_MinPolqaSfbRecording_cut.wav,3.2,1.095445115,0.960199979,5
30195192_MinPolqaSfbRecording_cut.wav,3.4,0.547722558,0.48009999,5
27895615_MinPolqaSfbRecording_cut.wav,4.4,0.547722558,0.48009999,5
30057106_MinPolqaSfbRecording_cut.wav,4.2,0.447213595,0.392,5
30463300_MinPolqaSfbRecording_cut.wav,3.4,0.547722558,0.48009999,5
28230870_MinPolqaSfbRecording_cut.wav,4.0,1.0,0.876538647,5
30437196_MinPolqaSfbRecording_cut.wav,1.2,0.447213595,0.392,5
30255596_MinPolqaSfbRecording_cut.wav,3.25,1.707825128,1.673668625,4
28679074_MinPolqaSfbRecording_cut.wav,4.75,0.5,0.49,4
30075865_MinPolqaSfbRecording_cut.wav,3.25,0.957427108,0.938278566,4
30424198_MinPolqaSfbRecording_cut.wav,3.0,1.825741858,1.789227021,4
27734301_MinPolqaSfbRecording_cut.wav,4.5,0.577350269,0.565803264,4
30504222_MinPolqaSfbRecording_cut.wav,3.5,0.577350269,0.565803264,4
30071730_MinPolqaSfbRecording_cut.wav,3.25,0.5,0.49,4
30522053_MinPolqaSfbRecording_cut.wav,3.0,1.414213562,1.385929291,4
29541922_MinPolqaSfbRecording_cut.wav,4.25,1.5,1.47,4
30522647_MinPolqaSfbRecording_cut.wav,1.5,0.577350269,0.565803264,4
30065999_MinPolqaSfbRecording_cut.wav,1.5,0.577350269,0.565803264,4
30149912_MinPolqaSfbRecording_cut.wav,1.75,0.5,0.49,4
30414325_MinPolqaSfbRecording_cut.wav,3.25,1.5,1.47,4
30258037_MinPolqaSfbRecording_cut.wav,3.25,1.707825128,1.673668625,4
30466380_MinPolqaSfbRecording_cut.wav,3.0,1.414213562,1.385929291,4
30461412_MinPolqaSfbRecording_cut.wav,4.0,0.816496581,0.800166649,4
27843188_MinPolqaSfbRecording_cut.wav,3.2,0.447213595,0.392,5
28789535_MinPolqaSfbRecording_cut.wav,3.4,1.140175425,0.999407825,5
30180671_MinPolqaSfbRecording_cut.wav,2.4,0.547722558,0.48009999,5
30133174_MinPolqaSfbRecording_cut.wav,1.4,0.547722558,0.48009999,5
30147725_MinPolqaSfbRecording_cut.wav,3.4,0.547722558,0.48009999,5
30104994_MinPolqaSfbRecording_cut.wav,2.0,1.0,0.876538647,5
27871914_MinPolqaSfbRecording_cut.wav,1.8,0.836660027,0.733364848,5
30212615_MinPolqaSfbRecording_cut.wav,1.2,0.447213595,0.392,5
30440222_MinPolqaSfbRecording_cut.wav,2.0,1.0,0.876538647,5
30420840_MinPolqaSfbRecording_cut.wav,3.0,0.816496581,0.800166649,4
30432809_MinPolqaSfbRecording_cut.wav,1.75,0.957427108,0.938278566,4
30474898_MinPolqaSfbRecording_cut.wav,3.0,0.816496581,0.800166649,4
28057098_MinPolqaSfbRecording_cut.wav,3.0,0.816496581,0.800166649,4
30158181_MinPolqaSfbRecording_cut.wav,2.25,0.957427108,0.938278566,4
28149166_MinPolqaSfbRecording_cut.wav,4.5,0.577350269,0.565803264,4
30136639_MinPolqaSfbRecording_cut.wav,4.25,0.5,0.49,4
30485430_MinPolqaSfbRecording_cut.wav,2.5,0.577350269,0.565803264,4
30176660_MinPolqaSfbRecording_cut.wav,1.25,0.5,0.49,4
27643136_MinPolqaSfbRecording_cut.wav,2.75,0.5,0.49,4
30468934_MinPolqaSfbRecording_cut.wav,3.25,0.5,0.49,4
28495780_MinPolqaSfbRecording_cut.wav,4.0,0.816496581,0.800166649,4
30158010_MinPolqaSfbRecording_cut.wav,2.25,0.957427108,0.938278566,4
28105830_MinPolqaSfbRecording_cut.wav,4.5,1.0,0.98,4
30169492_MinPolqaSfbRecording_cut.wav,3.0,0.816496581,0.800166649,4
29535878_MinPolqaSfbRecording_cut.wav,2.0,0.816496581,0.800166649,4
30411604_MinPolqaSfbRecording_cut.wav,1.4,0.547722558,0.48009999,5
30193241_MinPolqaSfbRecording_cut.wav,4.0,0.707106781,0.619806421,5
30473281_MinPolqaSfbRecording_cut.wav,2.4,1.140175425,0.999407825,5
30072958_MinPolqaSfbRecording_cut.wav,1.2,0.447213595,0.392,5
30103699_MinPolqaSfbRecording_cut.wav,2.0,1.0,0.876538647,5
30264431_MinPolqaSfbRecording_cut.wav,4.2,0.447213595,0.392,5
30060560_MinPolqaSfbRecording_cut.wav,1.4,0.547722558,0.48009999,5
30461002_MinPolqaSfbRecording_cut.wav,2.0,1.0,0.876538647,5
30178773_MinPolqaSfbRecording_cut.wav,2.0,1.0,0.876538647,5
28552096_MinPolqaSfbRecording_cut.wav,3.8,0.836660027,0.733364848,5
27773939_MinPolqaSfbRecording_cut.wav,4.4,0.547722558,0.48009999,5
28548996_MinPolqaSfbRecording_cut.wav,4.4,0.894427191,0.784,5
30109569_MinPolqaSfbRecording_cut.wav,2.0,0.707106781,0.619806421,5
30430393_MinPolqaSfbRecording_cut.wav,2.0,0.707106781,0.619806421,5
30164199_MinPolqaSfbRecording_cut.wav,1.0,0.0,0.0,5
30128187_MinPolqaSfbRecording_cut.wav,2.8,0.447213595,0.392,5
30123159_MinPolqaSfbRecording_cut.wav,1.4,0.547722558,0.48009999,5
30082584_MinPolqaSfbRecording_cut.wav,4.0,0.707106781,0.619806421,5
30506350_MinPolqaSfbRecording_cut.wav,1.4,0.547722558,0.48009999,5
30513048_MinPolqaSfbRecording_cut.wav,1.6,0.894427191,0.784,5
30487544_MinPolqaSfbRecording_cut.wav,2.6,1.140175425,0.999407825,5
28608632_MinPolqaSfbRecording_cut.wav,2.8,0.447213595,0.392,5
30188854_MinPolqaSfbRecording_cut.wav,3.4,0.547722558,0.48009999,5
30099650_MinPolqaSfbRecording_cut.wav,1.8,1.095445115,0.960199979,5
30480586_MinPolqaSfbRecording_cut.wav,3.8,0.836660027,0.733364848,5
27985448_MinPolqaSfbRecording_cut.wav,4.8,0.447213595,0.392,5
30413560_MinPolqaSfbRecording_cut.wav,3.2,0.447213595,0.392,5
30486866_MinPolqaSfbRecording_cut.wav,2.4,1.140175425,0.999407825,5
29538051_MinPolqaSfbRecording_cut.wav,3.8,0.447213595,0.392,5
28646880_MinPolqaSfbRecording_cut.wav,4.8,0.447213595,0.392,5
30210858_MinPolqaSfbRecording_cut.wav,2.8,1.483239697,1.300116918,5
30117976_MinPolqaSfbRecording_cut.wav,3.8,0.836660027,0.733364848,5
30507257_MinPolqaSfbRecording_cut.wav,4.0,0.0,0.0,2
29537498_MinPolqaSfbRecording_cut.wav,3.0,0.0,0.0,2
30213679_MinPolqaSfbRecording_cut.wav,1.0,0.0,0.0,2
30086599_MinPolqaSfbRecording_cut.wav,1.0,0.0,0.0,2
30493684_MinPolqaSfbRecording_cut.wav,3.0,0.0,0.0,2
30507430_MinPolqaSfbRecording_cut.wav,4.0,0.0,0.0,2
30432085_MinPolqaSfbRecording_cut.wav,3.5,0.707106781,0.98,2
29529687_MinPolqaSfbRecording_cut.wav,2.0,0.0,0.0,2
27643443_MinPolqaSfbRecording_cut.wav,4.5,0.707106781,0.98,2
30211575_MinPolqaSfbRecording_cut.wav,3.0,1.414213562,1.96,2
28086954_MinPolqaSfbRecording_cut.wav,4.5,0.577350269,0.565803264,4
30147031_MinPolqaSfbRecording_cut.wav,1.75,1.5,1.47,4
30480140_MinPolqaSfbRecording_cut.wav,4.5,0.577350269,0.565803264,4
30467238_MinPolqaSfbRecording_cut.wav,2.5,1.732050808,1.697409791,4
30152030_MinPolqaSfbRecording_cut.wav,3.5,1.290994449,1.26517456,4
30120922_MinPolqaSfbRecording_cut.wav,4.25,0.957427108,0.938278566,4
30080757_MinPolqaSfbRecording_cut.wav,2.5,1.732050808,1.697409791,4
30202604_MinPolqaSfbRecording_cut.wav,2.2,1.303840481,1.142866571,5
30511682_MinPolqaSfbRecording_cut.wav,3.2,1.788854382,1.568,5
28699971_MinPolqaSfbRecording_cut.wav,4.6,0.547722558,0.48009999,5
28605228_MinPolqaSfbRecording_cut.wav,4.2,0.447213595,0.392,5
30438435_MinPolqaSfbRecording_cut.wav,2.2,1.788854382,1.568,5
27820481_MinPolqaSfbRecording_cut.wav,5.0,0.0,0.0,5
29533399_MinPolqaSfbRecording_cut.wav,3.4,0.547722558,0.48009999,5
29534284_MinPolqaSfbRecording_cut.wav,3.0,1.0,0.876538647,5
29540190_MinPolqaSfbRecording_cut.wav,1.4,0.547722558,0.48009999,5
30430794_MinPolqaSfbRecording_cut.wav,3.4,0.547722558,0.48009999,5
30465212_MinPolqaSfbRecording_cut.wav,3.2,0.836660027,0.733364848,5
30103629_MinPolqaSfbRecording_cut.wav,4.2,0.447213595,0.392,5
30451628_MinPolqaSfbRecording_cut.wav,1.8,0.836660027,0.733364848,5
30206421_MinPolqaSfbRecording_cut.wav,2.8,0.836660027,0.733364848,5
30450431_MinPolqaSfbRecording_cut.wav,3.0,0.816496581,0.800166649,4
27899945_MinPolqaSfbRecording_cut.wav,4.5,0.577350269,0.565803264,4
29042805_MinPolqaSfbRecording_cut.wav,4.25,0.5,0.49,4
27583386_MinPolqaSfbRecording_cut.wav,4.0,0.0,0.0,4
30192614_MinPolqaSfbRecording_cut.wav,2.25,0.957427108,0.938278566,4
30253439_MinPolqaSfbRecording_cut.wav,2.5,0.577350269,0.565803264,4
30065369_MinPolqaSfbRecording_cut.wav,3.75,0.957427108,0.938278566,4
27890310_MinPolqaSfbRecording_cut.wav,3.8,0.836660027,0.733364848,5
30454298_MinPolqaSfbRecording_cut.wav,2.0,0.707106781,0.619806421,5
30180559_MinPolqaSfbRecording_cut.wav,2.0,1.224744871,1.073536213,5
30112695_MinPolqaSfbRecording_cut.wav,1.4,0.547722558,0.48009999,5
30462480_MinPolqaSfbRecording_cut.wav,4.2,0.836660027,0.733364848,5
30440636_MinPolqaSfbRecording_cut.wav,4.0,1.0,0.876538647,5
30468001_MinPolqaSfbRecording_cut.wav,1.6,0.894427191,0.784,5
30084763_MinPolqaSfbRecording_cut.wav,3.2,0.836660027,0.733364848,5
27865234_MinPolqaSfbRecording_cut.wav,2.8,0.836660027,0.733364848,5
30519012_MinPolqaSfbRecording_cut.wav,3.2,1.303840481,1.142866571,5
27793633_MinPolqaSfbRecording_cut.wav,3.8,0.836660027,0.733364848,5
30503120_MinPolqaSfbRecording_cut.wav,1.6,1.341640786,1.176,5
29530590_MinPolqaSfbRecording_cut.wav,2.0,1.224744871,1.073536213,5
30411881_MinPolqaSfbRecording_cut.wav,3.0,1.224744871,1.073536213,5
27517956_MinPolqaSfbRecording_cut.wav,3.0,1.0,0.876538647,5
27932385_MinPolqaSfbRecording_cut.wav,4.2,0.836660027,0.733364848,5
27767432_MinPolqaSfbRecording_cut.wav,4.2,0.836660027,0.733364848,5
30483038_MinPolqaSfbRecording_cut.wav,4.2,0.836660027,0.733364848,5
30520521_MinPolqaSfbRecording_cut.wav,2.6,1.673320053,1.466729696,5
30197952_MinPolqaSfbRecording_cut.wav,1.6,0.894427191,0.784,5
30523141_MinPolqaSfbRecording_cut.wav,2.4,1.140175425,0.999407825,5
30113603_MinPolqaSfbRecording_cut.wav,1.6,0.894427191,0.784,5
30143332_MinPolqaSfbRecording_cut.wav,2.8,0.836660027,0.733364848,5
30253349_MinPolqaSfbRecording_cut.wav,3.0,0.707106781,0.619806421,5
30454500_MinPolqaSfbRecording_cut.wav,1.4,0.894427191,0.784,5
30487752_MinPolqaSfbRecording_cut.wav,1.2,0.447213595,0.392,5
28160125_MinPolqaSfbRecording_cut.wav,3.2,0.836660027,0.733364848,5
30468020_MinPolqaSfbRecording_cut.wav,2.8,0.447213595,0.392,5
28221268_MinPolqaSfbRecording_cut.wav,4.0,0.707106781,0.619806421,5
28695671_MinPolqaSfbRecording_cut.wav,4.4,0.547722558,0.48009999,5
30513712_MinPolqaSfbRecording_cut.wav,1.6,0.894427191,0.784,5
30472365_MinPolqaSfbRecording_cut.wav,2.6,0.547722558,0.48009999,5
30470548_MinPolqaSfbRecording_cut.wav,2.8,0.836660027,0.733364848,5
28243169_MinPolqaSfbRecording_cut.wav,3.0,0.707106781,0.619806421,5
30181424_MinPolqaSfbRecording_cut.wav,3.0,1.414213562,1.239612843,5
30176915_MinPolqaSfbRecording_cut.wav,2.8,0.836660027,0.733364848,5
30090058_MinPolqaSfbRecording_cut.wav,2.4,0.894427191,0.784,5
30501227_MinPolqaSfbRecording_cut.wav,3.2,0.836660027,0.733364848,5
30255079_MinPolqaSfbRecording_cut.wav,2.2,1.095445115,0.960199979,5
30449241_MinPolqaSfbRecording_cut.wav,2.2,1.095445115,0.960199979,5
30110631_MinPolqaSfbRecording_cut.wav,2.6,1.140175425,0.999407825,5
30120249_MinPolqaSfbRecording_cut.wav,3.2,0.836660027,0.733364848,5
30090093_MinPolqaSfbRecording_cut.wav,4.0,0.0,0.0,2
30491121_MinPolqaSfbRecording_cut.wav,3.5,2.121320344,2.94,2
30193519_MinPolqaSfbRecording_cut.wav,1.5,0.707106781,0.98,2
30201734_MinPolqaSfbRecording_cut.wav,2.5,0.707106781,0.98,2
30466904_MinPolqaSfbRecording_cut.wav,2.5,0.707106781,0.98,2
30084816_MinPolqaSfbRecording_cut.wav,2.5,0.707106781,0.98,2
30424747_MinPolqaSfbRecording_cut.wav,2.5,0.707106781,0.98,2
30148339_MinPolqaSfbRecording_cut.wav,2.0,0.0,0.0,2
30200279_MinPolqaSfbRecording_cut.wav,3.5,0.707106781,0.98,2
30412527_MinPolqaSfbRecording_cut.wav,2.75,1.258305739,1.233139624,4
30076427_MinPolqaSfbRecording_cut.wav,4.75,0.5,0.49,4
30195072_MinPolqaSfbRecording_cut.wav,3.25,0.957427108,0.938278566,4
30437489_MinPolqaSfbRecording_cut.wav,2.0,1.154700538,1.131606528,4
28036696_MinPolqaSfbRecording_cut.wav,2.0,0.816496581,0.800166649,4
30183809_MinPolqaSfbRecording_cut.wav,2.75,0.5,0.49,4
27694546_MinPolqaSfbRecording_cut.wav,2.75,0.957427108,0.938278566,4
30103698_MinPolqaSfbRecording_cut.wav,2.25,0.957427108,0.938278566,4
30104426_MinPolqaSfbRecording_cut.wav,2.75,0.957427108,0.938278566,4
30128436_MinPolqaSfbRecording_cut.wav,3.75,0.957427108,0.938278566,4
30071784_MinPolqaSfbRecording_cut.wav,4.333333333,0.577350269,0.653333333,3
30102066_MinPolqaSfbRecording_cut.wav,2.333333333,0.577350269,0.653333333,3
28784602_MinPolqaSfbRecording_cut.wav,3.333333333,0.577350269,0.653333333,3
28348067_MinPolqaSfbRecording_cut.wav,2.0,1.0,1.131606528,3
30431667_MinPolqaSfbRecording_cut.wav,2.333333333,0.577350269,0.653333333,3
30128343_MinPolqaSfbRecording_cut.wav,4.0,0.0,0.0,3
30065075_MinPolqaSfbRecording_cut.wav,2.333333333,0.577350269,0.653333333,3
30120803_MinPolqaSfbRecording_cut.wav,3.333333333,0.577350269,0.653333333,3
30061034_MinPolqaSfbRecording_cut.wav,1.2,0.447213595,0.392,5
28235688_MinPolqaSfbRecording_cut.wav,4.2,0.836660027,0.733364848,5
30473184_MinPolqaSfbRecording_cut.wav,3.6,0.547722558,0.48009999,5
29538386_MinPolqaSfbRecording_cut.wav,3.2,0.447213595,0.392,5
30089195_MinPolqaSfbRecording_cut.wav,2.0,0.707106781,0.619806421,5
30506940_MinPolqaSfbRecording_cut.wav,4.2,0.447213595,0.392,5
30205235_MinPolqaSfbRecording_cut.wav,2.6,0.547722558,0.48009999,5
28959136_MinPolqaSfbRecording_cut.wav,3.8,0.447213595,0.392,5
30526662_MinPolqaSfbRecording_cut.wav,3.0,0.707106781,0.619806421,5
30062086_MinPolqaSfbRecording_cut.wav,4.0,0.707106781,0.619806421,5
30514646_MinPolqaSfbRecording_cut.wav,1.2,0.447213595,0.392,5
30129620_MinPolqaSfbRecording_cut.wav,2.0,0.707106781,0.619806421,5
28323836_MinPolqaSfbRecording_cut.wav,4.0,0.707106781,0.619806421,5
30262783_MinPolqaSfbRecording_cut.wav,2.8,1.788854382,1.568,5
28226108_MinPolqaSfbRecording_cut.wav,3.6,0.894427191,0.784,5
28355277_MinPolqaSfbRecording_cut.wav,3.6,0.894427191,0.784,5
29532569_MinPolqaSfbRecording_cut.wav,2.4,1.341640786,1.176,5
30148777_MinPolqaSfbRecording_cut.wav,2.6,1.140175425,0.999407825,5
29532181_MinPolqaSfbRecording_cut.wav,2.4,1.341640786,1.176,5
30258075_MinPolqaSfbRecording_cut.wav,3.0,1.414213562,1.239612843,5
30483268_MinPolqaSfbRecording_cut.wav,3.0,1.58113883,1.385929291,5
28970568_MinPolqaSfbRecording_cut.wav,3.6,0.894427191,0.784,5
30512184_MinPolqaSfbRecording_cut.wav,1.0,0.0,0.0,3
30421341_MinPolqaSfbRecording_cut.wav,2.0,1.0,1.131606528,3
30435604_MinPolqaSfbRecording_cut.wav,1.0,0.0,0.0,3
30117583_MinPolqaSfbRecording_cut.wav,1.333333333,0.577350269,0.653333333,3
30156188_MinPolqaSfbRecording_cut.wav,2.333333333,0.577350269,0.653333333,3
30065845_MinPolqaSfbRecording_cut.wav,4.0,0.0,0.0,3
28903550_MinPolqaSfbRecording_cut.wav,4.0,0.0,0.0,3
28831482_MinPolqaSfbRecording_cut.wav,4.333333333,0.577350269,0.653333333,3
30491764_MinPolqaSfbRecording_cut.wav,2.333333333,0.577350269,0.653333333,3
27644061_MinPolqaSfbRecording_cut.wav,4.0,1.0,1.131606528,3
27624981_MinPolqaSfbRecording_cut.wav,3.8,1.095445115,0.960199979,5
30110228_MinPolqaSfbRecording_cut.wav,4.4,0.547722558,0.48009999,5
30108207_MinPolqaSfbRecording_cut.wav,3.4,0.547722558,0.48009999,5
27625586_MinPolqaSfbRecording_cut.wav,4.6,0.547722558,0.48009999,5
28200318_MinPolqaSfbRecording_cut.wav,4.2,0.447213595,0.392,5
30250696_MinPolqaSfbRecording_cut.wav,3.6,1.516575089,1.329336677,5
30506684_MinPolqaSfbRecording_cut.wav,5.0,0.0,0.0,5
27761480_MinPolqaSfbRecording_cut.wav,2.8,1.095445115,0.960199979,5
30467429_MinPolqaSfbRecording_cut.wav,4.0,1.224744871,1.073536213,5
30063972_MinPolqaSfbRecording_cut.wav,3.5,0.577350269,0.565803264,4
28854585_MinPolqaSfbRecording_cut.wav,3.75,0.5,0.49,4
30467859_MinPolqaSfbRecording_cut.wav,2.5,0.577350269,0.565803264,4
30432266_MinPolqaSfbRecording_cut.wav,3.5,0.577350269,0.565803264,4
30257048_MinPolqaSfbRecording_cut.wav,2.25,0.957427108,0.938278566,4
27867095_MinPolqaSfbRecording_cut.wav,3.75,0.957427108,0.938278566,4
30155453_MinPolqaSfbRecording_cut.wav,2.75,0.957427108,0.938278566,4
30086490_MinPolqaSfbRecording_cut.wav,2.25,0.957427108,0.938278566,4
30126294_MinPolqaSfbRecording_cut.wav,2.0,0.816496581,0.800166649,4
29533278_MinPolqaSfbRecording_cut.wav,2.5,1.0,0.98,4
30516319_MinPolqaSfbRecording_cut.wav,2.5,0.577350269,0.565803264,4
29539398_MinPolqaSfbRecording_cut.wav,3.0,0.816496581,0.800166649,4
30424958_MinPolqaSfbRecording_cut.wav,2.25,1.5,1.47,4
30178500_MinPolqaSfbRecording_cut.wav,3.0,0.816496581,0.800166649,4
30406277_MinPolqaSfbRecording_cut.wav,3.0,0.816496581,0.800166649,4
30063111_MinPolqaSfbRecording_cut.wav,2.0,1.732050808,1.518209472,5
30137767_MinPolqaSfbRecording_cut.wav,3.4,0.894427191,0.784,5
30432324_MinPolqaSfbRecording_cut.wav,3.0,1.224744871,1.073536213,5
28804263_MinPolqaSfbRecording_cut.wav,3.8,1.095445115,0.960199979,5
30465729_MinPolqaSfbRecording_cut.wav,2.4,1.140175425,0.999407825,5
30076340_MinPolqaSfbRecording_cut.wav,2.0,1.224744871,1.073536213,5
30504078_MinPolqaSfbRecording_cut.wav,2.0,1.224744871,1.073536213,5
28270737_MinPolqaSfbRecording_cut.wav,3.4,0.894427191,0.784,5
30430687_MinPolqaSfbRecording_cut.wav,3.0,1.414213562,1.385929291,4
30097395_MinPolqaSfbRecording_cut.wav,4.0,0.816496581,0.800166649,4
30069984_MinPolqaSfbRecording_cut.wav,3.5,1.290994449,1.26517456,4
30508838_MinPolqaSfbRecording_cut.wav,3.25,0.957427108,0.938278566,4
30258385_MinPolqaSfbRecording_cut.wav,3.5,1.290994449,1.26517456,4
30125916_MinPolqaSfbRecording_cut.wav,2.75,1.258305739,1.233139624,4
30427855_MinPolqaSfbRecording_cut.wav,2.5,1.732050808,1.697409791,4
30095901_MinPolqaSfbRecording_cut.wav,3.75,0.5,0.49,4
29544314_MinPolqaSfbRecording_cut.wav,3.75,0.957427108,0.938278566,4
30409595_MinPolqaSfbRecording_cut.wav,2.0,0.707106781,0.619806421,5
27924425_MinPolqaSfbRecording_cut.wav,3.6,0.547722558,0.48009999,5
30151098_MinPolqaSfbRecording_cut.wav,3.2,0.447213595,0.392,5
30508451_MinPolqaSfbRecording_cut.wav,2.4,0.547722558,0.48009999,5
27799019_MinPolqaSfbRecording_cut.wav,4.0,0.707106781,0.619806421,5
30211423_MinPolqaSfbRecording_cut.wav,2.2,1.095445115,0.960199979,5
30401462_MinPolqaSfbRecording_cut.wav,1.0,0.0,0.0,5
30460922_MinPolqaSfbRecording_cut.wav,2.4,0.547722558,0.48009999,5
30429526_MinPolqaSfbRecording_cut.wav,3.2,1.095445115,0.960199979,5
30502362_MinPolqaSfbRecording_cut.wav,2.4,0.547722558,0.48009999,5
30404522_MinPolqaSfbRecording_cut.wav,4.0,1.0,1.131606528,3
28991358_MinPolqaSfbRecording_cut.wav,3.333333333,0.577350269,0.653333333,3
28843175_MinPolqaSfbRecording_cut.wav,3.333333333,0.577350269,0.653333333,3
30136091_MinPolqaSfbRecording_cut.wav,3.666666667,0.577350269,0.653333333,3
30471874_MinPolqaSfbRecording_cut.wav,4.0,1.0,1.131606528,3
30097425_MinPolqaSfbRecording_cut.wav,1.666666667,0.577350269,0.653333333,3
30189087_MinPolqaSfbRecording_cut.wav,3.333333333,0.577350269,0.653333333,3
30165862_MinPolqaSfbRecording_cut.wav,1.666666667,1.154700538,1.306666667,3
28675618_MinPolqaSfbRecording_cut.wav,4.5,0.577350269,0.565803264,4
29017343_MinPolqaSfbRecording_cut.wav,3.75,0.5,0.49,4
30527691_MinPolqaSfbRecording_cut.wav,3.0,0.816496581,0.800166649,4
30109110_MinPolqaSfbRecording_cut.wav,2.0,0.816496581,0.800166649,4
28258554_MinPolqaSfbRecording_cut.wav,2.25,0.5,0.49,4
30489905_MinPolqaSfbRecording_cut.wav,2.75,0.957427108,0.938278566,4
30251552_MinPolqaSfbRecording_cut.wav,2.25,0.957427108,0.938278566,4
30500767_MinPolqaSfbRecording_cut.wav,2.0,1.154700538,1.131606528,4
30461374_MinPolqaSfbRecording_cut.wav,1.75,0.957427108,0.938278566,4
30198462_MinPolqaSfbRecording_cut.wav,3.25,0.5,0.49,4
30137161_MinPolqaSfbRecording_cut.wav,3.25,0.5,0.49,4
30259553_MinPolqaSfbRecording_cut.wav,3.0,1.154700538,1.131606528,4
28668658_MinPolqaSfbRecording_cut.wav,4.5,0.577350269,0.565803264,4
27676478_MinPolqaSfbRecording_cut.wav,4.5,0.577350269,0.565803264,4
30522108_MinPolqaSfbRecording_cut.wav,2.25,0.957427108,0.938278566,4
30105256_MinPolqaSfbRecording_cut.wav,3.75,0.5,0.49,4
30097653_MinPolqaSfbRecording_cut.wav,1.5,0.577350269,0.565803264,4
30429487_MinPolqaSfbRecording_cut.wav,4.0,0.816496581,0.800166649,4
30207692_MinPolqaSfbRecording_cut.wav,3.6,1.140175425,0.999407825,5
28538357_MinPolqaSfbRecording_cut.wav,4.8,0.447213595,0.392,5
30076292_MinPolqaSfbRecording_cut.wav,3.8,1.303840481,1.142866571,5
28762790_MinPolqaSfbRecording_cut.wav,4.0,0.707106781,0.619806421,5
29533957_MinPolqaSfbRecording_cut.wav,3.0,0.707106781,0.619806421,5
29043021_MinPolqaSfbRecording_cut.wav,4.0,0.707106781,0.619806421,5
30069140_MinPolqaSfbRecording_cut.wav,2.0,1.0,0.876538647,5
30083155_MinPolqaSfbRecording_cut.wav,2.4,0.894427191,0.784,5
27908050_MinPolqaSfbRecording_cut.wav,4.8,0.447213595,0.392,5
30104311_MinPolqaSfbRecording_cut.wav,4.2,0.836660027,0.733364848,5
30492905_MinPolqaSfbRecording_cut.wav,2.4,0.547722558,0.48009999,5
30438065_MinPolqaSfbRecording_cut.wav,1.6,0.894427191,0.784,5
30520756_MinPolqaSfbRecording_cut.wav,2.4,0.547722558,0.48009999,5
30523205_MinPolqaSfbRecording_cut.wav,2.8,0.447213595,0.392,5
28733162_MinPolqaSfbRecording_cut.wav,2.6,1.140175425,0.999407825,5
30136224_MinPolqaSfbRecording_cut.wav,3.2,1.095445115,0.960199979,5
30407974_MinPolqaSfbRecording_cut.wav,1.2,0.447213595,0.392,5
28228611_MinPolqaSfbRecording_cut.wav,3.8,0.447213595,0.392,5
30510732_MinPolqaSfbRecording_cut.wav,2.75,1.258305739,1.233139624,4
28029815_MinPolqaSfbRecording_cut.wav,3.5,1.0,0.98,4
28485611_MinPolqaSfbRecording_cut.wav,3.5,0.577350269,0.565803264,4
30422986_MinPolqaSfbRecording_cut.wav,1.75,0.5,0.49,4
30407887_MinPolqaSfbRecording_cut.wav,1.0,0.0,0.0,4
30483652_MinPolqaSfbRecording_cut.wav,3.75,0.5,0.49,4
30261977_MinPolqaSfbRecording_cut.wav,2.5,0.577350269,0.565803264,4
30441878_MinPolqaSfbRecording_cut.wav,2.0,0.0,0.0,4
30174684_MinPolqaSfbRecording_cut.wav,1.25,0.5,0.49,4
27640972_MinPolqaSfbRecording_cut.wav,4.25,0.5,0.49,4
30165726_MinPolqaSfbRecording_cut.wav,3.25,0.5,0.49,4
27736610_MinPolqaSfbRecording_cut.wav,3.75,0.957427108,0.938278566,4
30483587_MinPolqaSfbRecording_cut.wav,3.0,0.816496581,0.800166649,4
30178595_MinPolqaSfbRecording_cut.wav,4.0,0.816496581,0.800166649,4
30435608_MinPolqaSfbRecording_cut.wav,2.25,1.258305739,1.233139624,4
30213990_MinPolqaSfbRecording_cut.wav,3.5,1.0,0.98,4
28740293_MinPolqaSfbRecording_cut.wav,3.25,0.5,0.49,4
30171956_MinPolqaSfbRecording_cut.wav,3.25,0.5,0.49,4
27730595_MinPolqaSfbRecording_cut.wav,3.75,0.5,0.49,4
29543392_MinPolqaSfbRecording_cut.wav,3.0,0.816496581,0.800166649,4
30429522_MinPolqaSfbRecording_cut.wav,2.75,1.5,1.47,4
29532060_MinPolqaSfbRecording_cut.wav,3.0,0.816496581,0.800166649,4
30108183_MinPolqaSfbRecording_cut.wav,3.0,1.154700538,1.131606528,4
30136638_MinPolqaSfbRecording_cut.wav,3.6,0.547722558,0.48009999,5
30405706_MinPolqaSfbRecording_cut.wav,2.2,0.836660027,0.733364848,5
30432234_MinPolqaSfbRecording_cut.wav,2.0,0.707106781,0.619806421,5
30159744_MinPolqaSfbRecording_cut.wav,3.8,0.447213595,0.392,5
30256588_MinPolqaSfbRecording_cut.wav,4.0,0.0,0.0,5
30063129_MinPolqaSfbRecording_cut.wav,1.8,0.447213595,0.392,5
30163662_MinPolqaSfbRecording_cut.wav,2.4,0.894427191,0.784,5
30136599_MinPolqaSfbRecording_cut.wav,3.6,0.547722558,0.48009999,5
30457989_MinPolqaSfbRecording_cut.wav,2.6,0.547722558,0.48009999,5
30201736_MinPolqaSfbRecording_cut.wav,3.4,0.547722558,0.48009999,5
28308892_MinPolqaSfbRecording_cut.wav,3.8,1.095445115,0.960199979,5
30073522_MinPolqaSfbRecording_cut.wav,2.2,0.836660027,0.733364848,5
30256986_MinPolqaSfbRecording_cut.wav,2.0,0.707106781,0.619806421,5
30133479_MinPolqaSfbRecording_cut.wav,4.4,0.547722558,0.48009999,5
28020495_MinPolqaSfbRecording_cut.wav,4.6,0.547722558,0.48009999,5
30118066_MinPolqaSfbRecording_cut.wav,3.8,0.447213595,0.392,5
30100575_MinPolqaSfbRecording_cut.wav,3.6,0.894427191,0.784,5
30192017_MinPolqaSfbRecording_cut.wav,2.6,0.547722558,0.48009999,5
30470072_MinPolqaSfbRecording_cut.wav,2.2,0.447213595,0.392,5
30091507_MinPolqaSfbRecording_cut.wav,3.6,0.547722558,0.48009999,5
30075213_MinPolqaSfbRecording_cut.wav,4.0,0.707106781,0.619806421,5
30071288_MinPolqaSfbRecording_cut.wav,4.4,0.547722558,0.48009999,5
30154763_MinPolqaSfbRecording_cut.wav,3.0,1.0,0.876538647,5
30163309_MinPolqaSfbRecording_cut.wav,1.6,0.894427191,0.784,5
30424586_MinPolqaSfbRecording_cut.wav,3.2,0.836660027,0.733364848,5
28529157_MinPolqaSfbRecording_cut.wav,4.0,0.707106781,0.619806421,5
30154945_MinPolqaSfbRecording_cut.wav,2.4,0.894427191,0.784,5
30416206_MinPolqaSfbRecording_cut.wav,2.25,0.5,0.49,4
30157455_MinPolqaSfbRecording_cut.wav,4.5,0.577350269,0.565803264,4
30523380_MinPolqaSfbRecording_cut.wav,2.5,1.0,0.98,4
28118086_MinPolqaSfbRecording_cut.wav,4.5,0.577350269,0.565803264,4
30098104_MinPolqaSfbRecording_cut.wav,4.5,0.577350269,0.565803264,4
30087577_MinPolqaSfbRecording_cut.wav,2.0,1.414213562,1.385929291,4
30264112_MinPolqaSfbRecording_cut.wav,4.75,0.5,0.49,4
30151929_MinPolqaSfbRecording_cut.wav,2.25,0.5,0.49,4
30083017_MinPolqaSfbRecording_cut.wav,2.25,0.5,0.49,4
30210926_MinPolqaSfbRecording_cut.wav,3.2,0.447213595,0.392,5
28480806_MinPolqaSfbRecording_cut.wav,3.8,0.447213595,0.392,5
30507286_MinPolqaSfbRecording_cut.wav,2.2,0.836660027,0.733364848,5
30529899_MinPolqaSfbRecording_cut.wav,4.0,1.0,0.876538647,5
30206185_MinPolqaSfbRecording_cut.wav,1.4,0.547722558,0.48009999,5
30132265_MinPolqaSfbRecording_cut.wav,3.0,0.707106781,0.619806421,5
30522515_MinPolqaSfbRecording_cut.wav,2.2,0.447213595,0.392,5
30148907_MinPolqaSfbRecording_cut.wav,1.2,0.447213595,0.392,5
30208718_MinPolqaSfbRecording_cut.wav,2.0,0.0,0.0,5
27693965_MinPolqaSfbRecording_cut.wav,3.666666667,0.577350269,0.653333333,3
30201920_MinPolqaSfbRecording_cut.wav,1.0,0.0,0.0,3
28887609_MinPolqaSfbRecording_cut.wav,4.666666667,0.577350269,0.653333333,3
27736271_MinPolqaSfbRecording_cut.wav,4.0,1.732050808,1.96,3
30259587_MinPolqaSfbRecording_cut.wav,1.666666667,0.577350269,0.653333333,3
30091377_MinPolqaSfbRecording_cut.wav,2.333333333,0.577350269,0.653333333,3
28535705_MinPolqaSfbRecording_cut.wav,4.666666667,0.577350269,0.653333333,3
30435187_MinPolqaSfbRecording_cut.wav,3.666666667,0.577350269,0.653333333,3
30508333_MinPolqaSfbRecording_cut.wav,1.0,0.0,0.0,3
29044496_MinPolqaSfbRecording_cut.wav,4.25,0.957427108,0.938278566,4
30162651_MinPolqaSfbRecording_cut.wav,2.75,0.957427108,0.938278566,4
28030053_MinPolqaSfbRecording_cut.wav,3.0,0.816496581,0.800166649,4
30264274_MinPolqaSfbRecording_cut.wav,4.25,0.957427108,0.938278566,4
30406132_MinPolqaSfbRecording_cut.wav,3.5,0.577350269,0.565803264,4
30496482_MinPolqaSfbRecording_cut.wav,2.25,1.5,1.47,4
30449439_MinPolqaSfbRecording_cut.wav,3.8,0.836660027,0.733364848,5
30172186_MinPolqaSfbRecording_cut.wav,2.6,1.140175425,0.999407825,5
29533965_MinPolqaSfbRecording_cut.wav,2.8,1.095445115,0.960199979,5
28984841_MinPolqaSfbRecording_cut.wav,4.6,0.547722558,0.48009999,5
30067430_MinPolqaSfbRecording_cut.wav,3.6,0.547722558,0.48009999,5
29536954_MinPolqaSfbRecording_cut.wav,2.6,1.516575089,1.329336677,5
30431258_MinPolqaSfbRecording_cut.wav,3.4,0.894427191,0.784,5
29050191_MinPolqaSfbRecording_cut.wav,3.0,0.707106781,0.619806421,5
30520503_MinPolqaSfbRecording_cut.wav,3.0,1.0,0.876538647,5
30064493_MinPolqaSfbRecording_cut.wav,3.0,0.0,0.0,5
27869071_MinPolqaSfbRecording_cut.wav,3.6,0.547722558,0.48009999,5
30514600_MinPolqaSfbRecording_cut.wav,2.4,0.894427191,0.784,5
30131783_MinPolqaSfbRecording_cut.wav,2.8,0.836660027,0.733364848,5
28617990_MinPolqaSfbRecording_cut.wav,3.8,0.447213595,0.392,5
30140910_MinPolqaSfbRecording_cut.wav,3.0,0.0,0.0,5
28231984_MinPolqaSfbRecording_cut.wav,3.8,0.836660027,0.733364848,5
30105920_MinPolqaSfbRecording_cut.wav,3.2,1.095445115,0.960199979,5
30452359_MinPolqaSfbRecording_cut.wav,3.4,1.516575089,1.329336677,5
30431698_MinPolqaSfbRecording_cut.wav,2.6,0.894427191,0.784,5
30149766_MinPolqaSfbRecording_cut.wav,3.6,0.547722558,0.48009999,5
30090461_MinPolqaSfbRecording_cut.wav,1.8,0.447213595,0.392,5
30202265_MinPolqaSfbRecording_cut.wav,3.0,1.0,0.876538647,5
30414081_MinPolqaSfbRecording_cut.wav,2.0,0.707106781,0.619806421,5
28932678_MinPolqaSfbRecording_cut.wav,3.4,1.140175425,0.999407825,5
30176286_MinPolqaSfbRecording_cut.wav,3.4,0.894427191,0.784,5
30174654_MinPolqaSfbRecording_cut.wav,4.0,0.816496581,0.800166649,4
30090839_MinPolqaSfbRecording_cut.wav,3.25,1.707825128,1.673668625,4
30062226_MinPolqaSfbRecording_cut.wav,3.0,1.414213562,1.385929291,4
30129315_MinPolqaSfbRecording_cut.wav,3.5,0.577350269,0.565803264,4
30210902_MinPolqaSfbRecording_cut.wav,3.5,1.732050808,1.697409791,4
30135652_MinPolqaSfbRecording_cut.wav,4.0,0.816496581,0.800166649,4
30142494_MinPolqaSfbRecording_cut.wav,4.0,1.414213562,1.385929291,4
30523700_MinPolqaSfbRecording_cut.wav,3.75,1.258305739,1.233139624,4
30446776_MinPolqaSfbRecording_cut.wav,3.5,1.290994449,1.26517456,4
28108014_MinPolqaSfbRecording_cut.wav,4.0,0.816496581,0.800166649,4
30197723_MinPolqaSfbRecording_cut.wav,1.75,0.957427108,0.938278566,4
30157589_MinPolqaSfbRecording_cut.wav,3.5,1.0,0.98,4
30428471_MinPolqaSfbRecording_cut.wav,3.5,1.0,0.98,4
30179297_MinPolqaSfbRecording_cut.wav,3.75,0.5,0.49,4
30420983_MinPolqaSfbRecording_cut.wav,2.4,0.894427191,0.784,5
28947533_MinPolqaSfbRecording_cut.wav,4.2,1.095445115,0.960199979,5
30414160_MinPolqaSfbRecording_cut.wav,3.4,0.894427191,0.784,5
30165572_MinPolqaSfbRecording_cut.wav,2.2,0.836660027,0.733364848,5
30156135_MinPolqaSfbRecording_cut.wav,1.6,0.547722558,0.48009999,5
28890543_MinPolqaSfbRecording_cut.wav,4.4,0.894427191,0.784,5
28360606_MinPolqaSfbRecording_cut.wav,4.0,1.0,0.876538647,5
30436800_MinPolqaSfbRecording_cut.wav,3.2,0.836660027,0.733364848,5
30431350_MinPolqaSfbRecording_cut.wav,2.8,0.447213595,0.392,5
30133131_MinPolqaSfbRecording_cut.wav,4.4,0.894427191,0.784,5
30192662_MinPolqaSfbRecording_cut.wav,1.25,0.5,0.49,4
30123252_MinPolqaSfbRecording_cut.wav,2.5,1.0,0.98,4
30155461_MinPolqaSfbRecording_cut.wav,2.75,0.5,0.49,4
30445684_MinPolqaSfbRecording_cut.wav,1.5,1.0,0.98,4
28868234_MinPolqaSfbRecording_cut.wav,3.25,0.5,0.49,4
30463529_MinPolqaSfbRecording_cut.wav,1.5,1.0,0.98,4
30067640_MinPolqaSfbRecording_cut.wav,3.25,0.5,0.49,4
30082764_MinPolqaSfbRecording_cut.wav,2.25,0.5,0.49,4
30075393_MinPolqaSfbRecording_cut.wav,3.25,0.5,0.49,4
30078753_MinPolqaSfbRecording_cut.wav,2.0,0.816496581,0.800166649,4
28868943_MinPolqaSfbRecording_cut.wav,4.0,0.816496581,0.800166649,4
30450327_MinPolqaSfbRecording_cut.wav,2.0,0.816496581,0.800166649,4
25996443_MinPolqaSfbRecording_cut.wav,4.25,0.5,0.49,4
28682083_MinPolqaSfbRecording_cut.wav,4.5,0.577350269,0.565803264,4
27616310_MinPolqaSfbRecording_cut.wav,4.25,0.5,0.49,4
30101026_MinPolqaSfbRecording_cut.wav,3.5,0.577350269,0.565803264,4
28542876_MinPolqaSfbRecording_cut.wav,4.5,0.577350269,0.565803264,4
30212143_MinPolqaSfbRecording_cut.wav,3.0,1.154700538,1.131606528,4
30076851_MinPolqaSfbRecording_cut.wav,2.5,1.0,0.98,4
30519554_MinPolqaSfbRecording_cut.wav,4.0,0.0,0.0,4
30506488_MinPolqaSfbRecording_cut.wav,2.25,1.258305739,1.233139624,4
27982762_MinPolqaSfbRecording_cut.wav,3.75,0.5,0.49,4
27913622_MinPolqaSfbRecording_cut.wav,4.25,0.5,0.49,4
30064443_MinPolqaSfbRecording_cut.wav,2.75,1.707825128,1.673668625,4
30119858_MinPolqaSfbRecording_cut.wav,1.666666667,1.154700538,1.306666667,3
28683615_MinPolqaSfbRecording_cut.wav,2.333333333,1.154700538,1.306666667,3
27809368_MinPolqaSfbRecording_cut.wav,4.0,1.0,1.131606528,3
28425358_MinPolqaSfbRecording_cut.wav,3.666666667,0.577350269,0.653333333,3
28790056_MinPolqaSfbRecording_cut.wav,3.0,1.0,1.131606528,3
30481401_MinPolqaSfbRecording_cut.wav,3.333333333,0.577350269,0.653333333,3
29534157_MinPolqaSfbRecording_cut.wav,2.0,1.0,1.131606528,3
30065023_MinPolqaSfbRecording_cut.wav,3.5,0.577350269,0.565803264,4
30184943_MinPolqaSfbRecording_cut.wav,3.5,1.0,0.98,4
30489125_MinPolqaSfbRecording_cut.wav,3.75,0.957427108,0.938278566,4
30530325_MinPolqaSfbRecording_cut.wav,2.25,0.957427108,0.938278566,4
30098272_MinPolqaSfbRecording_cut.wav,3.5,0.577350269,0.565803264,4
30404255_MinPolqaSfbRecording_cut.wav,3.25,1.258305739,1.233139624,4
30059056_MinPolqaSfbRecording_cut.wav,2.25,0.957427108,0.938278566,4
30181487_MinPolqaSfbRecording_cut.wav,2.75,0.957427108,0.938278566,4
30202214_MinPolqaSfbRecording_cut.wav,3.25,0.957427108,0.938278566,4
30491379_MinPolqaSfbRecording_cut.wav,2.0,1.414213562,1.385929291,4
30079460_MinPolqaSfbRecording_cut.wav,2.75,0.957427108,0.938278566,4
30205511_MinPolqaSfbRecording_cut.wav,2.75,0.957427108,0.938278566,4
28262697_MinPolqaSfbRecording_cut.wav,4.25,0.5,0.49,4
28916217_MinPolqaSfbRecording_cut.wav,3.5,1.0,0.98,4
30507685_MinPolqaSfbRecording_cut.wav,3.75,0.5,0.49,4
29543104_MinPolqaSfbRecording_cut.wav,3.5,0.577350269,0.565803264,4
28217246_MinPolqaSfbRecording_cut.wav,4.0,0.816496581,0.800166649,4
30202856_MinPolqaSfbRecording_cut.wav,2.2,1.095445115,0.960199979,5
30106120_MinPolqaSfbRecording_cut.wav,2.8,0.447213595,0.392,5
27656541_MinPolqaSfbRecording_cut.wav,4.4,0.547722558,0.48009999,5
30437611_MinPolqaSfbRecording_cut.wav,3.4,0.547722558,0.48009999,5
30178563_MinPolqaSfbRecording_cut.wav,3.6,1.140175425,0.999407825,5
30140718_MinPolqaSfbRecording_cut.wav,3.8,0.836660027,0.733364848,5
30076598_MinPolqaSfbRecording_cut.wav,3.2,0.836660027,0.733364848,5
28108002_MinPolqaSfbRecording_cut.wav,2.4,0.547722558,0.48009999,5
30479676_MinPolqaSfbRecording_cut.wav,1.8,0.447213595,0.392,5
30161413_MinPolqaSfbRecording_cut.wav,3.0,0.707106781,0.619806421,5
30472596_MinPolqaSfbRecording_cut.wav,2.0,0.707106781,0.619806421,5
30432118_MinPolqaSfbRecording_cut.wav,3.4,0.547722558,0.48009999,5
30139363_MinPolqaSfbRecording_cut.wav,2.8,0.447213595,0.392,5
30405896_MinPolqaSfbRecording_cut.wav,2.0,0.707106781,0.619806421,5
30059307_MinPolqaSfbRecording_cut.wav,2.2,1.303840481,1.142866571,5
30204677_MinPolqaSfbRecording_cut.wav,3.6,1.140175425,0.999407825,5
30179228_MinPolqaSfbRecording_cut.wav,3.8,0.836660027,0.733364848,5
27767413_MinPolqaSfbRecording_cut.wav,3.8,0.836660027,0.733364848,5
30089107_MinPolqaSfbRecording_cut.wav,3.8,0.836660027,0.733364848,5
28802501_MinPolqaSfbRecording_cut.wav,2.6,0.547722558,0.48009999,5
30251735_MinPolqaSfbRecording_cut.wav,2.2,1.095445115,0.960199979,5
28127844_MinPolqaSfbRecording_cut.wav,3.4,0.547722558,0.48009999,5
28343637_MinPolqaSfbRecording_cut.wav,3.6,0.894427191,0.784,5
30106892_MinPolqaSfbRecording_cut.wav,3.6,0.547722558,0.48009999,5
30488564_MinPolqaSfbRecording_cut.wav,3.8,0.836660027,0.733364848,5
30103124_MinPolqaSfbRecording_cut.wav,1.2,0.447213595,0.392,5
30206727_MinPolqaSfbRecording_cut.wav,1.6,0.547722558,0.48009999,5
27652627_MinPolqaSfbRecording_cut.wav,3.8,0.836660027,0.733364848,5
30163010_MinPolqaSfbRecording_cut.wav,2.4,0.547722558,0.48009999,5
30098660_MinPolqaSfbRecording_cut.wav,2.8,0.447213595,0.392,5
30086880_MinPolqaSfbRecording_cut.wav,1.0,0.0,0.0,4
30147871_MinPolqaSfbRecording_cut.wav,3.75,0.957427108,0.938278566,4
30156097_MinPolqaSfbRecording_cut.wav,3.0,0.816496581,0.800166649,4
27714830_MinPolqaSfbRecording_cut.wav,2.75,0.957427108,0.938278566,4
30133320_MinPolqaSfbRecording_cut.wav,3.0,0.816496581,0.800166649,4
30117912_MinPolqaSfbRecording_cut.wav,4.0,0.816496581,0.800166649,4
30255754_MinPolqaSfbRecording_cut.wav,1.75,0.5,0.49,4
30493308_MinPolqaSfbRecording_cut.wav,3.75,0.5,0.49,4
28286581_MinPolqaSfbRecording_cut.wav,4.5,0.577350269,0.565803264,4
30255175_MinPolqaSfbRecording_cut.wav,2.6,0.894427191,0.784,5
30090643_MinPolqaSfbRecording_cut.wav,3.6,0.547722558,0.48009999,5
30079595_MinPolqaSfbRecording_cut.wav,3.8,0.836660027,0.733364848,5
30092143_MinPolqaSfbRecording_cut.wav,4.2,0.836660027,0.733364848,5
30416864_MinPolqaSfbRecording_cut.wav,2.6,0.894427191,0.784,5
30107830_MinPolqaSfbRecording_cut.wav,3.8,0.836660027,0.733364848,5
30129619_MinPolqaSfbRecording_cut.wav,2.0,1.0,0.876538647,5
30095387_MinPolqaSfbRecording_cut.wav,4.0,0.707106781,0.619806421,5
30183864_MinPolqaSfbRecording_cut.wav,2.2,0.836660027,0.733364848,5
30486919_MinPolqaSfbRecording_cut.wav,3.2,1.303840481,1.142866571,5
30091860_MinPolqaSfbRecording_cut.wav,3.8,0.836660027,0.733364848,5
27884943_MinPolqaSfbRecording_cut.wav,3.2,0.836660027,0.733364848,5
30260442_MinPolqaSfbRecording_cut.wav,2.4,1.140175425,0.999407825,5
30457622_MinPolqaSfbRecording_cut.wav,2.6,1.140175425,0.999407825,5
30091729_MinPolqaSfbRecording_cut.wav,3.8,0.836660027,0.733364848,5
30520007_MinPolqaSfbRecording_cut.wav,2.8,1.303840481,1.142866571,5
30468192_MinPolqaSfbRecording_cut.wav,3.0,1.154700538,1.131606528,4
30523021_MinPolqaSfbRecording_cut.wav,2.0,1.414213562,1.385929291,4
28835307_MinPolqaSfbRecording_cut.wav,3.75,0.5,0.49,4
30261956_MinPolqaSfbRecording_cut.wav,2.0,1.414213562,1.385929291,4
30458431_MinPolqaSfbRecording_cut.wav,3.0,0.0,0.0,4
30453523_MinPolqaSfbRecording_cut.wav,2.25,1.5,1.47,4
30092450_MinPolqaSfbRecording_cut.wav,3.0,0.816496581,0.800166649,4
30143731_MinPolqaSfbRecording_cut.wav,2.0,1.154700538,1.131606528,4
30067718_MinPolqaSfbRecording_cut.wav,1.5,1.0,0.98,4
30508563_MinPolqaSfbRecording_cut.wav,1.5,1.0,0.98,4
30192669_MinPolqaSfbRecording_cut.wav,2.5,1.290994449,1.26517456,4
28055271_MinPolqaSfbRecording_cut.wav,4.75,0.5,0.49,4
30200264_MinPolqaSfbRecording_cut.wav,3.0,0.0,0.0,4
27866589_MinPolqaSfbRecording_cut.wav,5.0,0.0,0.0,5
30068310_MinPolqaSfbRecording_cut.wav,3.8,1.095445115,0.960199979,5
28561593_MinPolqaSfbRecording_cut.wav,4.6,0.547722558,0.48009999,5
28640844_MinPolqaSfbRecording_cut.wav,4.4,0.894427191,0.784,5
30132734_MinPolqaSfbRecording_cut.wav,3.2,1.303840481,1.142866571,5
30073632_MinPolqaSfbRecording_cut.wav,1.6,0.547722558,0.48009999,5
28658346_MinPolqaSfbRecording_cut.wav,5.0,0.0,0.0,5
30177165_MinPolqaSfbRecording_cut.wav,2.8,1.095445115,0.960199979,5
30176686_MinPolqaSfbRecording_cut.wav,2.4,1.140175425,0.999407825,5
30513294_MinPolqaSfbRecording_cut.wav,1.4,0.547722558,0.48009999,5
28116016_MinPolqaSfbRecording_cut.wav,3.4,0.894427191,0.784,5
28364066_MinPolqaSfbRecording_cut.wav,4.2,0.836660027,0.733364848,5
30155160_MinPolqaSfbRecording_cut.wav,2.2,1.095445115,0.960199979,5
30421659_MinPolqaSfbRecording_cut.wav,3.0,1.224744871,1.073536213,5
30429166_MinPolqaSfbRecording_cut.wav,2.4,0.547722558,0.48009999,5
28361226_MinPolqaSfbRecording_cut.wav,4.2,0.447213595,0.392,5
30150493_MinPolqaSfbRecording_cut.wav,1.8,0.447213595,0.392,5
30093722_MinPolqaSfbRecording_cut.wav,2.75,0.957427108,0.938278566,4
30091943_MinPolqaSfbRecording_cut.wav,3.0,0.816496581,0.800166649,4
29542239_MinPolqaSfbRecording_cut.wav,1.75,0.957427108,0.938278566,4
28817423_MinPolqaSfbRecording_cut.wav,4.25,0.957427108,0.938278566,4
28911221_MinPolqaSfbRecording_cut.wav,4.0,1.154700538,1.131606528,4
28057234_MinPolqaSfbRecording_cut.wav,4.5,1.0,0.98,4
30253957_MinPolqaSfbRecording_cut.wav,3.0,0.816496581,0.800166649,4
30422685_MinPolqaSfbRecording_cut.wav,2.75,0.957427108,0.938278566,4
30084325_MinPolqaSfbRecording_cut.wav,3.25,1.258305739,1.233139624,4
30509322_MinPolqaSfbRecording_cut.wav,1.75,0.957427108,0.938278566,4
28817404_MinPolqaSfbRecording_cut.wav,4.0,1.414213562,1.385929291,4
30195024_MinPolqaSfbRecording_cut.wav,3.0,0.0,0.0,4
30193350_MinPolqaSfbRecording_cut.wav,3.25,0.5,0.49,4
28266117_MinPolqaSfbRecording_cut.wav,4.2,0.836660027,0.733364848,5
29541199_MinPolqaSfbRecording_cut.wav,3.4,1.816590212,1.592311527,5
30088732_MinPolqaSfbRecording_cut.wav,2.2,1.643167673,1.440299969,5
30438636_MinPolqaSfbRecording_cut.wav,2.2,1.095445115,0.960199979,5
30179910_MinPolqaSfbRecording_cut.wav,2.2,1.303840481,1.142866571,5
28808533_MinPolqaSfbRecording_cut.wav,3.8,0.836660027,0.733364848,5
30484950_MinPolqaSfbRecording_cut.wav,2.4,1.140175425,0.999407825,5
27898134_MinPolqaSfbRecording_cut.wav,4.2,0.836660027,0.733364848,5
30506245_MinPolqaSfbRecording_cut.wav,4.0,0.0,0.0,3
30440205_MinPolqaSfbRecording_cut.wav,2.666666667,1.154700538,1.306666667,3
30112521_MinPolqaSfbRecording_cut.wav,2.666666667,1.527525232,1.728557523,3
30214336_MinPolqaSfbRecording_cut.wav,3.666666667,0.577350269,0.653333333,3
30176730_MinPolqaSfbRecording_cut.wav,2.333333333,0.577350269,0.653333333,3
30519768_MinPolqaSfbRecording_cut.wav,2.6,0.894427191,0.784,5
30068430_MinPolqaSfbRecording_cut.wav,3.6,0.547722558,0.48009999,5
27947892_MinPolqaSfbRecording_cut.wav,3.2,0.447213595,0.392,5
30202447_MinPolqaSfbRecording_cut.wav,2.8,0.836660027,0.733364848,5
30416478_MinPolqaSfbRecording_cut.wav,1.6,0.894427191,0.784,5
30403686_MinPolqaSfbRecording_cut.wav,2.0,0.707106781,0.619806421,5
30165833_MinPolqaSfbRecording_cut.wav,2.8,0.836660027,0.733364848,5
30443405_MinPolqaSfbRecording_cut.wav,2.4,1.140175425,0.999407825,5
30118913_MinPolqaSfbRecording_cut.wav,3.8,0.836660027,0.733364848,5
30207822_MinPolqaSfbRecording_cut.wav,2.6,0.547722558,0.48009999,5
30210390_MinPolqaSfbRecording_cut.wav,3.8,1.095445115,0.960199979,5
30508106_MinPolqaSfbRecording_cut.wav,4.0,1.0,0.876538647,5
28809212_MinPolqaSfbRecording_cut.wav,3.8,0.447213595,0.392,5
30506761_MinPolqaSfbRecording_cut.wav,4.2,0.447213595,0.392,5
30413994_MinPolqaSfbRecording_cut.wav,2.4,0.547722558,0.48009999,5
30061205_MinPolqaSfbRecording_cut.wav,3.8,0.836660027,0.733364848,5
30200714_MinPolqaSfbRecording_cut.wav,3.2,0.836660027,0.733364848,5
30249624_MinPolqaSfbRecording_cut.wav,3.5,1.0,0.98,4
27627086_MinPolqaSfbRecording_cut.wav,4.25,0.957427108,0.938278566,4
30117618_MinPolqaSfbRecording_cut.wav,3.0,0.816496581,0.800166649,4
30105949_MinPolqaSfbRecording_cut.wav,3.0,0.816496581,0.800166649,4
30125540_MinPolqaSfbRecording_cut.wav,4.5,0.577350269,0.565803264,4
30510028_MinPolqaSfbRecording_cut.wav,2.25,0.957427108,0.938278566,4
27655895_MinPolqaSfbRecording_cut.wav,4.0,0.816496581,0.800166649,4
30182774_MinPolqaSfbRecording_cut.wav,2.75,1.707825128,1.673668625,4
30404398_MinPolqaSfbRecording_cut.wav,4.25,0.957427108,0.938278566,4
30530508_MinPolqaSfbRecording_cut.wav,1.25,0.5,0.49,4
29539325_MinPolqaSfbRecording_cut.wav,3.5,1.290994449,1.26517456,4
30158875_MinPolqaSfbRecording_cut.wav,2.5,1.290994449,1.26517456,4
30458360_MinPolqaSfbRecording_cut.wav,1.75,0.957427108,0.938278566,4
30179182_MinPolqaSfbRecording_cut.wav,3.0,1.825741858,1.789227021,4
30125167_MinPolqaSfbRecording_cut.wav,2.5,1.290994449,1.26517456,4
30183154_MinPolqaSfbRecording_cut.wav,2.75,1.258305739,1.233139624,4
30157083_MinPolqaSfbRecording_cut.wav,4.0,0.816496581,0.800166649,4
30258101_MinPolqaSfbRecording_cut.wav,2.75,0.5,0.49,4
30171399_MinPolqaSfbRecording_cut.wav,3.25,0.957427108,0.938278566,4
30137826_MinPolqaSfbRecording_cut.wav,2.25,0.5,0.49,4
30443271_MinPolqaSfbRecording_cut.wav,3.25,0.5,0.49,4
30091298_MinPolqaSfbRecording_cut.wav,1.25,0.5,0.49,4
30471351_MinPolqaSfbRecording_cut.wav,2.5,0.577350269,0.565803264,4
30076572_MinPolqaSfbRecording_cut.wav,2.0,1.0,0.876538647,5
30104637_MinPolqaSfbRecording_cut.wav,2.0,1.224744871,1.073536213,5
30442497_MinPolqaSfbRecording_cut.wav,2.8,0.836660027,0.733364848,5
28472423_MinPolqaSfbRecording_cut.wav,4.0,0.0,0.0,5
28594971_MinPolqaSfbRecording_cut.wav,4.4,0.894427191,0.784,5
28072725_MinPolqaSfbRecording_cut.wav,3.8,0.447213595,0.392,5
30180263_MinPolqaSfbRecording_cut.wav,3.4,0.547722558,0.48009999,5
30523904_MinPolqaSfbRecording_cut.wav,3.8,0.836660027,0.733364848,5
30467883_MinPolqaSfbRecording_cut.wav,3.6,0.547722558,0.48009999,5
30068065_MinPolqaSfbRecording_cut.wav,1.2,0.447213595,0.392,5
30529831_MinPolqaSfbRecording_cut.wav,1.2,0.447213595,0.392,5
30091333_MinPolqaSfbRecording_cut.wav,2.2,0.836660027,0.733364848,5
28774393_MinPolqaSfbRecording_cut.wav,3.8,0.836660027,0.733364848,5
30407627_MinPolqaSfbRecording_cut.wav,2.8,0.447213595,0.392,5
30180183_MinPolqaSfbRecording_cut.wav,1.8,0.836660027,0.733364848,5
30165733_MinPolqaSfbRecording_cut.wav,1.6,0.894427191,0.784,5
30099863_MinPolqaSfbRecording_cut.wav,1.0,0.0,0.0,5
30121995_MinPolqaSfbRecording_cut.wav,4.0,0.0,0.0,4
30132309_MinPolqaSfbRecording_cut.wav,3.75,0.957427108,0.938278566,4
30416484_MinPolqaSfbRecording_cut.wav,3.75,0.957427108,0.938278566,4
30428030_MinPolqaSfbRecording_cut.wav,2.75,0.957427108,0.938278566,4
30257325_MinPolqaSfbRecording_cut.wav,4.75,0.5,0.49,4
30464353_MinPolqaSfbRecording_cut.wav,3.75,0.5,0.49,4
30431220_MinPolqaSfbRecording_cut.wav,4.0,0.0,0.0,4
30202681_MinPolqaSfbRecording_cut.wav,3.5,1.290994449,1.26517456,4
30411553_MinPolqaSfbRecording_cut.wav,4.25,0.5,0.49,4
30432734_MinPolqaSfbRecording_cut.wav,2.25,0.957427108,0.938278566,4
28864575_MinPolqaSfbRecording_cut.wav,4.0,0.0,0.0,4
27847621_MinPolqaSfbRecording_cut.wav,3.75,0.957427108,0.938278566,4
30125767_MinPolqaSfbRecording_cut.wav,3.0,0.816496581,0.800166649,4
30195064_MinPolqaSfbRecording_cut.wav,2.75,0.5,0.49,4
30461469_MinPolqaSfbRecording_cut.wav,4.0,0.816496581,0.800166649,4
30185688_MinPolqaSfbRecording_cut.wav,2.25,0.957427108,0.938278566,4
30202126_MinPolqaSfbRecording_cut.wav,2.8,0.447213595,0.392,5
27672899_MinPolqaSfbRecording_cut.wav,4.6,0.547722558,0.48009999,5
29539148_MinPolqaSfbRecording_cut.wav,4.4,0.547722558,0.48009999,5
30488897_MinPolqaSfbRecording_cut.wav,4.0,0.707106781,0.619806421,5
30189547_MinPolqaSfbRecording_cut.wav,2.8,0.836660027,0.733364848,5
30470132_MinPolqaSfbRecording_cut.wav,3.8,0.447213595,0.392,5
30255613_MinPolqaSfbRecording_cut.wav,3.8,1.095445115,0.960199979,5
30429643_MinPolqaSfbRecording_cut.wav,2.2,1.095445115,0.960199979,5
30511594_MinPolqaSfbRecording_cut.wav,2.8,0.447213595,0.392,5
30433889_MinPolqaSfbRecording_cut.wav,3.2,0.447213595,0.392,5
30100188_MinPolqaSfbRecording_cut.wav,3.0,0.0,0.0,4
30529317_MinPolqaSfbRecording_cut.wav,2.0,0.0,0.0,4
30158356_MinPolqaSfbRecording_cut.wav,3.75,0.5,0.49,4
30465760_MinPolqaSfbRecording_cut.wav,3.5,1.0,0.98,4
30083066_MinPolqaSfbRecording_cut.wav,1.25,0.5,0.49,4
28171364_MinPolqaSfbRecording_cut.wav,3.5,0.577350269,0.565803264,4
30529748_MinPolqaSfbRecording_cut.wav,2.75,0.5,0.49,4
30071867_MinPolqaSfbRecording_cut.wav,2.75,0.957427108,0.938278566,4
30412096_MinPolqaSfbRecording_cut.wav,1.75,0.5,0.49,4
27750134_MinPolqaSfbRecording_cut.wav,4.2,0.447213595,0.392,5
30211478_MinPolqaSfbRecording_cut.wav,3.0,0.707106781,0.619806421,5
30438372_MinPolqaSfbRecording_cut.wav,3.4,0.547722558,0.48009999,5
30183661_MinPolqaSfbRecording_cut.wav,2.6,1.140175425,0.999407825,5
30085426_MinPolqaSfbRecording_cut.wav,2.8,1.095445115,0.960199979,5
30414328_MinPolqaSfbRecording_cut.wav,2.8,1.095445115,0.960199979,5
27973449_MinPolqaSfbRecording_cut.wav,4.2,0.447213595,0.392,5
27757617_MinPolqaSfbRecording_cut.wav,4.0,0.707106781,0.619806421,5
28295638_MinPolqaSfbRecording_cut.wav,3.4,0.547722558,0.48009999,5
30188533_MinPolqaSfbRecording_cut.wav,3.666666667,1.154700538,1.306666667,3
30104205_MinPolqaSfbRecording_cut.wav,3.333333333,0.577350269,0.653333333,3
30455059_MinPolqaSfbRecording_cut.wav,3.333333333,0.577350269,0.653333333,3
30503211_MinPolqaSfbRecording_cut.wav,2.333333333,0.577350269,0.653333333,3
30143404_MinPolqaSfbRecording_cut.wav,3.0,1.0,1.131606528,3
30067611_MinPolqaSfbRecording_cut.wav,3.666666667,0.577350269,0.653333333,3
30194381_MinPolqaSfbRecording_cut.wav,3.0,0.0,0.0,3
30063989_MinPolqaSfbRecording_cut.wav,4.333333333,0.577350269,0.653333333,3
28362336_MinPolqaSfbRecording_cut.wav,2.0,0.0,0.0,3
28967815_MinPolqaSfbRecording_cut.wav,4.2,0.836660027,0.733364848,5
30446203_MinPolqaSfbRecording_cut.wav,3.2,0.836660027,0.733364848,5
29529498_MinPolqaSfbRecording_cut.wav,3.8,0.836660027,0.733364848,5
30530188_MinPolqaSfbRecording_cut.wav,2.4,1.140175425,0.999407825,5
30491180_MinPolqaSfbRecording_cut.wav,2.2,1.095445115,0.960199979,5
29543329_MinPolqaSfbRecording_cut.wav,3.8,0.836660027,0.733364848,5
30140725_MinPolqaSfbRecording_cut.wav,2.0,1.224744871,1.073536213,5
28849563_MinPolqaSfbRecording_cut.wav,4.0,0.0,0.0,5
30206934_MinPolqaSfbRecording_cut.wav,2.0,0.707106781,0.619806421,5
30490504_MinPolqaSfbRecording_cut.wav,1.2,0.447213595,0.392,5
30497391_MinPolqaSfbRecording_cut.wav,3.2,0.447213595,0.392,5
28980955_MinPolqaSfbRecording_cut.wav,3.4,0.547722558,0.48009999,5
30157594_MinPolqaSfbRecording_cut.wav,3.2,0.447213595,0.392,5
30211483_MinPolqaSfbRecording_cut.wav,1.4,0.547722558,0.48009999,5
30144900_MinPolqaSfbRecording_cut.wav,3.4,0.547722558,0.48009999,5
30083090_MinPolqaSfbRecording_cut.wav,4.2,0.836660027,0.733364848,5
30426382_MinPolqaSfbRecording_cut.wav,3.0,0.0,0.0,5
30138430_MinPolqaSfbRecording_cut.wav,2.0,0.707106781,0.619806421,5
30182209_MinPolqaSfbRecording_cut.wav,1.4,0.894427191,0.784,5
30511745_MinPolqaSfbRecording_cut.wav,2.6,0.547722558,0.48009999,5
27644983_MinPolqaSfbRecording_cut.wav,3.2,0.836660027,0.733364848,5
30133139_MinPolqaSfbRecording_cut.wav,2.2,0.836660027,0.733364848,5
30254484_MinPolqaSfbRecording_cut.wav,3.6,0.547722558,0.48009999,5
30193808_MinPolqaSfbRecording_cut.wav,1.2,0.447213595,0.392,5
29542704_MinPolqaSfbRecording_cut.wav,1.8,0.836660027,0.733364848,5
30510689_MinPolqaSfbRecording_cut.wav,3.4,0.547722558,0.48009999,5
28818295_MinPolqaSfbRecording_cut.wav,4.2,0.447213595,0.392,5
28693856_MinPolqaSfbRecording_cut.wav,3.75,0.5,0.49,4
30058640_MinPolqaSfbRecording_cut.wav,3.5,1.732050808,1.697409791,4
30071397_MinPolqaSfbRecording_cut.wav,3.25,1.5,1.47,4
30121734_MinPolqaSfbRecording_cut.wav,2.25,1.5,1.47,4
30410173_MinPolqaSfbRecording_cut.wav,4.5,0.577350269,0.565803264,4
30077028_MinPolqaSfbRecording_cut.wav,2.0,1.414213562,1.385929291,4
30427923_MinPolqaSfbRecording_cut.wav,3.25,1.5,1.47,4
30442496_MinPolqaSfbRecording_cut.wav,1.5,0.577350269,0.565803264,4
29540411_MinPolqaSfbRecording_cut.wav,3.0,1.154700538,1.131606528,4
30427422_MinPolqaSfbRecording_cut.wav,3.5,0.577350269,0.565803264,4
30142602_MinPolqaSfbRecording_cut.wav,3.2,1.303840481,1.142866571,5
30472628_MinPolqaSfbRecording_cut.wav,2.4,1.140175425,0.999407825,5
28329012_MinPolqaSfbRecording_cut.wav,4.4,0.894427191,0.784,5
30252319_MinPolqaSfbRecording_cut.wav,2.0,0.707106781,0.619806421,5
30063138_MinPolqaSfbRecording_cut.wav,4.0,0.707106781,0.619806421,5
30206279_MinPolqaSfbRecording_cut.wav,2.4,1.140175425,0.999407825,5
28206686_MinPolqaSfbRecording_cut.wav,3.2,0.447213595,0.392,5
30460803_MinPolqaSfbRecording_cut.wav,2.8,1.095445115,0.960199979,5
29048270_MinPolqaSfbRecording_cut.wav,2.8,0.836660027,0.733364848,5
28720442_MinPolqaSfbRecording_cut.wav,4.2,0.836660027,0.733364848,5
30402464_MinPolqaSfbRecording_cut.wav,3.8,0.836660027,0.733364848,5
28587304_MinPolqaSfbRecording_cut.wav,4.4,0.894427191,0.784,5
30404307_MinPolqaSfbRecording_cut.wav,3.6,0.547722558,0.48009999,5
30184260_MinPolqaSfbRecording_cut.wav,3.6,0.547722558,0.48009999,5
30073230_MinPolqaSfbRecording_cut.wav,3.4,1.140175425,0.999407825,5
30124648_MinPolqaSfbRecording_cut.wav,3.6,1.341640786,1.176,5
30150331_MinPolqaSfbRecording_cut.wav,4.0,0.707106781,0.619806421,5
30446764_MinPolqaSfbRecording_cut.wav,2.8,0.836660027,0.733364848,5
30488720_MinPolqaSfbRecording_cut.wav,3.2,0.447213595,0.392,5
30431583_MinPolqaSfbRecording_cut.wav,1.6,0.547722558,0.48009999,5
30183493_MinPolqaSfbRecording_cut.wav,3.4,0.547722558,0.48009999,5
30099282_MinPolqaSfbRecording_cut.wav,2.0,0.707106781,0.619806421,5
30102007_MinPolqaSfbRecording_cut.wav,3.4,0.547722558,0.48009999,5
28864705_MinPolqaSfbRecording_cut.wav,4.0,0.707106781,0.619806421,5
30443128_MinPolqaSfbRecording_cut.wav,2.25,0.5,0.49,4
30177963_MinPolqaSfbRecording_cut.wav,4.25,0.5,0.49,4
30520100_MinPolqaSfbRecording_cut.wav,1.5,0.577350269,0.565803264,4
28965535_MinPolqaSfbRecording_cut.wav,3.0,0.816496581,0.800166649,4
30522141_MinPolqaSfbRecording_cut.wav,3.5,0.577350269,0.565803264,4
30455012_MinPolqaSfbRecording_cut.wav,3.0,0.816496581,0.800166649,4
30407697_MinPolqaSfbRecording_cut.wav,1.5,0.577350269,0.565803264,4
30179569_MinPolqaSfbRecording_cut.wav,2.75,0.5,0.49,4
28892675_MinPolqaSfbRecording_cut.wav,3.75,0.5,0.49,4
30510175_MinPolqaSfbRecording_cut.wav,1.0,0.0,0.0,3
29012646_MinPolqaSfbRecording_cut.wav,4.0,1.0,1.131606528,3
30137678_MinPolqaSfbRecording_cut.wav,1.666666667,0.577350269,0.653333333,3
30516373_MinPolqaSfbRecording_cut.wav,2.0,0.0,0.0,3
28585939_MinPolqaSfbRecording_cut.wav,3.333333333,0.577350269,0.653333333,3
28976476_MinPolqaSfbRecording_cut.wav,3.0,0.0,0.0,3
30068465_MinPolqaSfbRecording_cut.wav,3.0,0.0,0.0,3
30060706_MinPolqaSfbRecording_cut.wav,2.666666667,0.577350269,0.653333333,3
28171842_MinPolqaSfbRecording_cut.wav,4.0,1.0,1.131606528,3
30492144_MinPolqaSfbRecording_cut.wav,2.4,0.894427191,0.784,5
28442822_MinPolqaSfbRecording_cut.wav,4.0,0.707106781,0.619806421,5
30423999_MinPolqaSfbRecording_cut.wav,2.8,0.836660027,0.733364848,5
30509768_MinPolqaSfbRecording_cut.wav,3.4,0.894427191,0.784,5
28519249_MinPolqaSfbRecording_cut.wav,2.6,1.516575089,1.329336677,5
30075196_MinPolqaSfbRecording_cut.wav,3.4,0.547722558,0.48009999,5
28217932_MinPolqaSfbRecording_cut.wav,3.6,1.140175425,0.999407825,5
30174158_MinPolqaSfbRecording_cut.wav,1.2,0.447213595,0.392,5
30070346_MinPolqaSfbRecording_cut.wav,2.4,1.140175425,0.999407825,5
30179133_MinPolqaSfbRecording_cut.wav,3.2,1.303840481,1.142866571,5
30097403_MinPolqaSfbRecording_cut.wav,3.2,0.836660027,0.733364848,5
30262912_MinPolqaSfbRecording_cut.wav,1.4,0.547722558,0.48009999,5
30150093_MinPolqaSfbRecording_cut.wav,2.8,0.447213595,0.392,5
30141745_MinPolqaSfbRecording_cut.wav,1.6,0.894427191,0.784,5
28196311_MinPolqaSfbRecording_cut.wav,4.2,0.447213595,0.392,5
30107974_MinPolqaSfbRecording_cut.wav,1.8,0.836660027,0.733364848,5
30108314_MinPolqaSfbRecording_cut.wav,2.8,0.836660027,0.733364848,5
27961223_MinPolqaSfbRecording_cut.wav,3.4,0.894427191,0.784,5
30467468_MinPolqaSfbRecording_cut.wav,4.0,0.0,0.0,3
30201752_MinPolqaSfbRecording_cut.wav,2.666666667,0.577350269,0.653333333,3
30172262_MinPolqaSfbRecording_cut.wav,4.333333333,0.577350269,0.653333333,3
30490766_MinPolqaSfbRecording_cut.wav,3.666666667,0.577350269,0.653333333,3
28805261_MinPolqaSfbRecording_cut.wav,4.666666667,0.577350269,0.653333333,3
30112808_MinPolqaSfbRecording_cut.wav,4.0,1.0,1.131606528,3
30426754_MinPolqaSfbRecording_cut.wav,2.333333333,0.577350269,0.653333333,3
30099797_MinPolqaSfbRecording_cut.wav,1.8,1.303840481,1.142866571,5
30178575_MinPolqaSfbRecording_cut.wav,3.4,1.816590212,1.592311527,5
28977096_MinPolqaSfbRecording_cut.wav,4.0,1.0,0.876538647,5
30502518_MinPolqaSfbRecording_cut.wav,3.0,1.0,0.876538647,5
30211851_MinPolqaSfbRecording_cut.wav,3.8,0.836660027,0.733364848,5
30184876_MinPolqaSfbRecording_cut.wav,3.6,1.140175425,0.999407825,5
28694611_MinPolqaSfbRecording_cut.wav,3.0,0.707106781,0.619806421,5
27632538_MinPolqaSfbRecording_cut.wav,4.2,0.836660027,0.733364848,5
30430040_MinPolqaSfbRecording_cut.wav,2.2,1.303840481,1.142866571,5
28961657_MinPolqaSfbRecording_cut.wav,4.2,0.447213595,0.392,5
30480100_MinPolqaSfbRecording_cut.wav,2.2,1.303840481,1.142866571,5
30161983_MinPolqaSfbRecording_cut.wav,1.4,0.894427191,0.784,5
30256096_MinPolqaSfbRecording_cut.wav,1.2,0.447213595,0.392,5
29535116_MinPolqaSfbRecording_cut.wav,2.4,0.894427191,0.784,5
28360163_MinPolqaSfbRecording_cut.wav,4.2,0.447213595,0.392,5
30138483_MinPolqaSfbRecording_cut.wav,3.6,0.547722558,0.48009999,5
30206160_MinPolqaSfbRecording_cut.wav,2.6,0.894427191,0.784,5
30511720_MinPolqaSfbRecording_cut.wav,2.4,0.894427191,0.784,5
27756967_MinPolqaSfbRecording_cut.wav,3.2,0.836660027,0.733364848,5
30502919_MinPolqaSfbRecording_cut.wav,1.4,0.547722558,0.48009999,5
30497612_MinPolqaSfbRecording_cut.wav,3.2,0.447213595,0.392,5
30206468_MinPolqaSfbRecording_cut.wav,1.2,0.447213595,0.392,5
30086828_MinPolqaSfbRecording_cut.wav,2.0,0.816496581,0.800166649,4
30103598_MinPolqaSfbRecording_cut.wav,3.25,1.258305739,1.233139624,4
27980116_MinPolqaSfbRecording_cut.wav,4.0,0.0,0.0,4
30159224_MinPolqaSfbRecording_cut.wav,4.0,0.816496581,0.800166649,4
30127884_MinPolqaSfbRecording_cut.wav,2.5,1.290994449,1.26517456,4
30436202_MinPolqaSfbRecording_cut.wav,3.0,0.816496581,0.800166649,4
30183761_MinPolqaSfbRecording_cut.wav,3.5,0.577350269,0.565803264,4
30192778_MinPolqaSfbRecording_cut.wav,3.2,0.836660027,0.733364848,5
30080177_MinPolqaSfbRecording_cut.wav,3.4,0.894427191,0.784,5
30487457_MinPolqaSfbRecording_cut.wav,3.0,0.707106781,0.619806421,5
30468503_MinPolqaSfbRecording_cut.wav,2.2,0.836660027,0.733364848,5
30469266_MinPolqaSfbRecording_cut.wav,2.6,1.140175425,0.999407825,5
27665936_MinPolqaSfbRecording_cut.wav,3.8,0.836660027,0.733364848,5
28725790_MinPolqaSfbRecording_cut.wav,4.0,0.707106781,0.619806421,5
30213715_MinPolqaSfbRecording_cut.wav,1.8,0.836660027,0.733364848,5
30432953_MinPolqaSfbRecording_cut.wav,2.4,0.894427191,0.784,5
30440562_MinPolqaSfbRecording_cut.wav,2.8,0.836660027,0.733364848,5
30195506_MinPolqaSfbRecording_cut.wav,2.4,1.140175425,0.999407825,5
30068875_MinPolqaSfbRecording_cut.wav,2.2,0.836660027,0.733364848,5
27655366_MinPolqaSfbRecording_cut.wav,2.8,0.836660027,0.733364848,5
30166286_MinPolqaSfbRecording_cut.wav,2.6,1.140175425,0.999407825,5
30466967_MinPolqaSfbRecording_cut.wav,2.6,0.894427191,0.784,5
30083647_MinPolqaSfbRecording_cut.wav,4.4,0.547722558,0.48009999,5
30087578_MinPolqaSfbRecording_cut.wav,2.0,2.0,1.96,4
30255230_MinPolqaSfbRecording_cut.wav,4.0,0.816496581,0.800166649,4
30137863_MinPolqaSfbRecording_cut.wav,1.75,1.5,1.47,4
30157253_MinPolqaSfbRecording_cut.wav,4.75,0.5,0.49,4
30462183_MinPolqaSfbRecording_cut.wav,2.0,2.0,1.96,4
30156532_MinPolqaSfbRecording_cut.wav,3.5,1.290994449,1.26517456,4
30069860_MinPolqaSfbRecording_cut.wav,3.0,0.707106781,0.619806421,5
30530657_MinPolqaSfbRecording_cut.wav,3.2,0.836660027,0.733364848,5
30206611_MinPolqaSfbRecording_cut.wav,3.0,0.0,0.0,5
30174114_MinPolqaSfbRecording_cut.wav,2.0,0.707106781,0.619806421,5
30437371_MinPolqaSfbRecording_cut.wav,2.0,0.707106781,0.619806421,5
30138824_MinPolqaSfbRecording_cut.wav,2.8,0.447213595,0.392,5
30122113_MinPolqaSfbRecording_cut.wav,1.6,0.547722558,0.48009999,5
30110675_MinPolqaSfbRecording_cut.wav,2.0,0.816496581,0.800166649,4
30484102_MinPolqaSfbRecording_cut.wav,1.5,0.577350269,0.565803264,4
30428779_MinPolqaSfbRecording_cut.wav,2.5,0.577350269,0.565803264,4
30188483_MinPolqaSfbRecording_cut.wav,2.75,0.5,0.49,4
27718222_MinPolqaSfbRecording_cut.wav,4.0,0.0,0.0,4
30138853_MinPolqaSfbRecording_cut.wav,2.5,0.577350269,0.565803264,4
27653264_MinPolqaSfbRecording_cut.wav,4.25,0.5,0.49,4
30149315_MinPolqaSfbRecording_cut.wav,4.0,0.816496581,0.800166649,4
30160398_MinPolqaSfbRecording_cut.wav,2.25,0.5,0.49,4
30076118_MinPolqaSfbRecording_cut.wav,3.5,0.577350269,0.565803264,4
30258040_MinPolqaSfbRecording_cut.wav,3.2,1.095445115,0.960199979,5
30160563_MinPolqaSfbRecording_cut.wav,3.6,1.140175425,0.999407825,5
30443692_MinPolqaSfbRecording_cut.wav,2.0,1.414213562,1.239612843,5
30415847_MinPolqaSfbRecording_cut.wav,2.0,1.224744871,1.073536213,5
30149451_MinPolqaSfbRecording_cut.wav,2.6,1.816590212,1.592311527,5
29010172_MinPolqaSfbRecording_cut.wav,2.8,1.643167673,1.440299969,5
30444797_MinPolqaSfbRecording_cut.wav,2.2,1.788854382,1.568,5
30496310_MinPolqaSfbRecording_cut.wav,2.2,1.788854382,1.568,5
27611149_MinPolqaSfbRecording_cut.wav,4.5,0.577350269,0.565803264,4
30138004_MinPolqaSfbRecording_cut.wav,2.25,0.957427108,0.938278566,4
30063622_MinPolqaSfbRecording_cut.wav,4.0,0.816496581,0.800166649,4
30162058_MinPolqaSfbRecording_cut.wav,1.75,0.5,0.49,4
30453516_MinPolqaSfbRecording_cut.wav,2.75,0.5,0.49,4
28368308_MinPolqaSfbRecording_cut.wav,3.75,0.957427108,0.938278566,4
30184675_MinPolqaSfbRecording_cut.wav,2.0,1.154700538,1.131606528,4
30207289_MinPolqaSfbRecording_cut.wav,2.0,0.816496581,0.800166649,4
28888087_MinPolqaSfbRecording_cut.wav,4.5,0.577350269,0.565803264,4
30105909_MinPolqaSfbRecording_cut.wav,2.6,1.140175425,0.999407825,5
29529909_MinPolqaSfbRecording_cut.wav,2.8,1.095445115,0.960199979,5
30063598_MinPolqaSfbRecording_cut.wav,3.8,0.836660027,0.733364848,5
30193923_MinPolqaSfbRecording_cut.wav,2.4,1.140175425,0.999407825,5
30408810_MinPolqaSfbRecording_cut.wav,2.6,1.140175425,0.999407825,5
30156258_MinPolqaSfbRecording_cut.wav,3.0,0.707106781,0.619806421,5
30100162_MinPolqaSfbRecording_cut.wav,3.0,1.0,0.876538647,5
30120865_MinPolqaSfbRecording_cut.wav,2.4,1.140175425,0.999407825,5
30523738_MinPolqaSfbRecording_cut.wav,3.75,0.957427108,0.938278566,4
29534458_MinPolqaSfbRecording_cut.wav,2.5,0.577350269,0.565803264,4
29541529_MinPolqaSfbRecording_cut.wav,2.5,1.290994449,1.26517456,4
30531892_MinPolqaSfbRecording_cut.wav,1.0,0.0,0.0,4
28539598_MinPolqaSfbRecording_cut.wav,3.75,0.5,0.49,4
30520826_MinPolqaSfbRecording_cut.wav,3.25,0.5,0.49,4
30497400_MinPolqaSfbRecording_cut.wav,4.25,0.5,0.49,4
30161837_MinPolqaSfbRecording_cut.wav,3.5,0.577350269,0.565803264,4
28426210_MinPolqaSfbRecording_cut.wav,3.0,1.414213562,1.385929291,4
30472656_MinPolqaSfbRecording_cut.wav,3.75,0.957427108,0.938278566,4
30424110_MinPolqaSfbRecording_cut.wav,1.75,0.957427108,0.938278566,4
30497274_MinPolqaSfbRecording_cut.wav,1.25,0.5,0.49,4
28940923_MinPolqaSfbRecording_cut.wav,4.0,0.816496581,0.800166649,4
30170020_MinPolqaSfbRecording_cut.wav,3.0,1.825741858,1.789227021,4
27883199_MinPolqaSfbRecording_cut.wav,3.75,0.957427108,0.938278566,4
30511007_MinPolqaSfbRecording_cut.wav,3.25,0.5,0.49,4
30104636_MinPolqaSfbRecording_cut.wav,1.75,0.5,0.49,4
28591652_MinPolqaSfbRecording_cut.wav,4.4,0.547722558,0.48009999,5
30257594_MinPolqaSfbRecording_cut.wav,4.0,0.707106781,0.619806421,5
29536072_MinPolqaSfbRecording_cut.wav,3.8,0.836660027,0.733364848,5
30060653_MinPolqaSfbRecording_cut.wav,3.2,0.836660027,0.733364848,5
30169350_MinPolqaSfbRecording_cut.wav,2.6,1.341640786,1.176,5
30503142_MinPolqaSfbRecording_cut.wav,3.6,0.894427191,0.784,5
30193836_MinPolqaSfbRecording_cut.wav,2.4,1.140175425,0.999407825,5
30065707_MinPolqaSfbRecording_cut.wav,3.0,1.224744871,1.073536213,5
30128743_MinPolqaSfbRecording_cut.wav,2.5,1.0,0.98,4
30100865_MinPolqaSfbRecording_cut.wav,1.5,0.577350269,0.565803264,4
30118367_MinPolqaSfbRecording_cut.wav,4.25,0.5,0.49,4
28660811_MinPolqaSfbRecording_cut.wav,4.5,0.577350269,0.565803264,4
30202696_MinPolqaSfbRecording_cut.wav,2.5,0.577350269,0.565803264,4
30156064_MinPolqaSfbRecording_cut.wav,2.75,1.258305739,1.233139624,4
30152040_MinPolqaSfbRecording_cut.wav,2.25,0.957427108,0.938278566,4
29014472_MinPolqaSfbRecording_cut.wav,3.5,0.577350269,0.565803264,4
30402650_MinPolqaSfbRecording_cut.wav,3.0,0.816496581,0.800166649,4
28453483_MinPolqaSfbRecording_cut.wav,3.75,0.957427108,0.938278566,4
30531188_MinPolqaSfbRecording_cut.wav,3.75,0.957427108,0.938278566,4
28883202_MinPolqaSfbRecording_cut.wav,2.75,1.258305739,1.233139624,4
28122616_MinPolqaSfbRecording_cut.wav,4.25,0.957427108,0.938278566,4
27834116_MinPolqaSfbRecording_cut.wav,3.25,0.5,0.49,4
30466316_MinPolqaSfbRecording_cut.wav,3.0,0.0,0.0,4
30516162_MinPolqaSfbRecording_cut.wav,2.25,0.957427108,0.938278566,4
30165746_MinPolqaSfbRecording_cut.wav,4.25,0.957427108,0.938278566,4
30399519_MinPolqaSfbRecording_cut.wav,3.25,0.5,0.49,4
30081223_MinPolqaSfbRecording_cut.wav,2.25,0.957427108,0.938278566,4
29541711_MinPolqaSfbRecording_cut.wav,4.5,0.577350269,0.565803264,4
30442218_MinPolqaSfbRecording_cut.wav,3.0,0.0,0.0,4
30106525_MinPolqaSfbRecording_cut.wav,3.25,0.5,0.49,4
30083574_MinPolqaSfbRecording_cut.wav,1.5,0.577350269,0.565803264,4
28967240_MinPolqaSfbRecording_cut.wav,4.0,0.0,0.0,4
30489784_MinPolqaSfbRecording_cut.wav,3.5,0.577350269,0.565803264,4
28857003_MinPolqaSfbRecording_cut.wav,3.75,0.957427108,0.938278566,4
30163521_MinPolqaSfbRecording_cut.wav,3.5,0.577350269,0.565803264,4
30254077_MinPolqaSfbRecording_cut.wav,1.75,0.5,0.49,4
28233914_MinPolqaSfbRecording_cut.wav,3.5,1.0,0.98,4
30480647_MinPolqaSfbRecording_cut.wav,2.75,0.5,0.49,4
30453890_MinPolqaSfbRecording_cut.wav,2.75,0.957427108,0.938278566,4
30440901_MinPolqaSfbRecording_cut.wav,1.25,0.5,0.49,4
30452805_MinPolqaSfbRecording_cut.wav,1.25,0.5,0.49,4
30145856_MinPolqaSfbRecording_cut.wav,2.75,0.957427108,0.938278566,4
28260227_MinPolqaSfbRecording_cut.wav,4.0,0.0,0.0,4
30438990_MinPolqaSfbRecording_cut.wav,2.75,0.957427108,0.938278566,4
30200920_MinPolqaSfbRecording_cut.wav,1.75,1.5,1.47,4
30183180_MinPolqaSfbRecording_cut.wav,1.25,0.5,0.49,4
27740109_MinPolqaSfbRecording_cut.wav,3.25,0.5,0.49,4
30139232_MinPolqaSfbRecording_cut.wav,4.0,0.0,0.0,4
30527851_MinPolqaSfbRecording_cut.wav,1.75,0.957427108,0.938278566,4
30097066_MinPolqaSfbRecording_cut.wav,2.75,0.5,0.49,4
30406081_MinPolqaSfbRecording_cut.wav,2.75,0.957427108,0.938278566,4
29544143_MinPolqaSfbRecording_cut.wav,1.75,0.957427108,0.938278566,4
30194833_MinPolqaSfbRecording_cut.wav,1.75,0.957427108,0.938278566,4
30107827_MinPolqaSfbRecording_cut.wav,2.5,1.0,0.98,4
30472641_MinPolqaSfbRecording_cut.wav,3.4,1.140175425,0.999407825,5
30209772_MinPolqaSfbRecording_cut.wav,1.0,0.0,0.0,5
30070169_MinPolqaSfbRecording_cut.wav,3.0,0.707106781,0.619806421,5
30073468_MinPolqaSfbRecording_cut.wav,1.4,0.547722558,0.48009999,5
28951453_MinPolqaSfbRecording_cut.wav,3.6,1.140175425,0.999407825,5
30129927_MinPolqaSfbRecording_cut.wav,1.0,0.0,0.0,5
30512253_MinPolqaSfbRecording_cut.wav,3.8,0.836660027,0.733364848,5
30428091_MinPolqaSfbRecording_cut.wav,1.4,0.894427191,0.784,5
30410382_MinPolqaSfbRecording_cut.wav,3.666666667,1.527525232,1.728557523,3
30401603_MinPolqaSfbRecording_cut.wav,2.333333333,1.154700538,1.306666667,3
27951790_MinPolqaSfbRecording_cut.wav,3.666666667,0.577350269,0.653333333,3
30133122_MinPolqaSfbRecording_cut.wav,2.333333333,1.154700538,1.306666667,3
27849965_MinPolqaSfbRecording_cut.wav,4.666666667,0.577350269,0.653333333,3
30148013_MinPolqaSfbRecording_cut.wav,2.0,1.0,1.131606528,3
30143972_MinPolqaSfbRecording_cut.wav,2.333333333,1.154700538,1.306666667,3
30179010_MinPolqaSfbRecording_cut.wav,3.0,1.732050808,1.96,3
30132633_MinPolqaSfbRecording_cut.wav,1.666666667,1.154700538,1.306666667,3
30412655_MinPolqaSfbRecording_cut.wav,4.2,0.836660027,0.733364848,5
30508532_MinPolqaSfbRecording_cut.wav,1.6,0.547722558,0.48009999,5
30119313_MinPolqaSfbRecording_cut.wav,4.2,0.447213595,0.392,5
30157780_MinPolqaSfbRecording_cut.wav,3.6,1.140175425,0.999407825,5
30155749_MinPolqaSfbRecording_cut.wav,2.8,0.447213595,0.392,5
30176895_MinPolqaSfbRecording_cut.wav,2.2,0.836660027,0.733364848,5
30162087_MinPolqaSfbRecording_cut.wav,3.0,0.816496581,0.800166649,4
30065089_MinPolqaSfbRecording_cut.wav,3.75,0.5,0.49,4
30471681_MinPolqaSfbRecording_cut.wav,4.5,0.577350269,0.565803264,4
28921088_MinPolqaSfbRecording_cut.wav,4.5,1.0,0.98,4
28291748_MinPolqaSfbRecording_cut.wav,4.75,0.5,0.49,4
30212439_MinPolqaSfbRecording_cut.wav,3.25,0.5,0.49,4
30404391_MinPolqaSfbRecording_cut.wav,3.25,0.957427108,0.938278566,4
28916761_MinPolqaSfbRecording_cut.wav,4.5,1.0,0.98,4
28156179_MinPolqaSfbRecording_cut.wav,4.0,0.816496581,0.800166649,4
30497080_MinPolqaSfbRecording_cut.wav,3.75,0.5,0.49,4
29529803_MinPolqaSfbRecording_cut.wav,3.75,0.5,0.49,4
28978400_MinPolqaSfbRecording_cut.wav,4.5,0.577350269,0.565803264,4
30446850_MinPolqaSfbRecording_cut.wav,2.75,0.5,0.49,4
30213214_MinPolqaSfbRecording_cut.wav,3.0,0.816496581,0.800166649,4
28716746_MinPolqaSfbRecording_cut.wav,4.25,0.5,0.49,4
30065856_MinPolqaSfbRecording_cut.wav,2.75,0.5,0.49,4
30174080_MinPolqaSfbRecording_cut.wav,4.0,0.816496581,0.800166649,4
29537070_MinPolqaSfbRecording_cut.wav,4.0,0.816496581,0.800166649,4
30066227_MinPolqaSfbRecording_cut.wav,2.5,0.577350269,0.565803264,4
30193331_MinPolqaSfbRecording_cut.wav,3.25,0.5,0.49,4
29531912_MinPolqaSfbRecording_cut.wav,2.0,0.0,0.0,4
30511177_MinPolqaSfbRecording_cut.wav,4.0,0.816496581,0.800166649,4
30108239_MinPolqaSfbRecording_cut.wav,4.0,0.816496581,0.800166649,4
30098314_MinPolqaSfbRecording_cut.wav,2.75,0.957427108,0.938278566,4
27859366_MinPolqaSfbRecording_cut.wav,4.25,0.5,0.49,4
30151442_MinPolqaSfbRecording_cut.wav,3.0,1.414213562,1.385929291,4
30504664_MinPolqaSfbRecording_cut.wav,2.25,0.5,0.49,4
30520674_MinPolqaSfbRecording_cut.wav,3.0,0.816496581,0.800166649,4
30208828_MinPolqaSfbRecording_cut.wav,3.25,0.5,0.49,4
30431498_MinPolqaSfbRecording_cut.wav,2.0,0.0,0.0,4
30529684_MinPolqaSfbRecording_cut.wav,2.5,0.577350269,0.565803264,4
30207094_MinPolqaSfbRecording_cut.wav,2.75,0.5,0.49,4
30167294_MinPolqaSfbRecording_cut.wav,1.25,0.5,0.49,4
30261978_MinPolqaSfbRecording_cut.wav,3.0,0.816496581,0.800166649,4
30508762_MinPolqaSfbRecording_cut.wav,3.25,0.957427108,0.938278566,4
30410802_MinPolqaSfbRecording_cut.wav,2.75,0.5,0.49,4
28283442_MinPolqaSfbRecording_cut.wav,3.0,0.816496581,0.800166649,4
30205023_MinPolqaSfbRecording_cut.wav,2.75,0.5,0.49,4
30497344_MinPolqaSfbRecording_cut.wav,3.25,1.258305739,1.233139624,4
30483280_MinPolqaSfbRecording_cut.wav,3.333333333,1.527525232,1.728557523,3
30493610_MinPolqaSfbRecording_cut.wav,2.333333333,0.577350269,0.653333333,3
27792356_MinPolqaSfbRecording_cut.wav,3.0,0.0,0.0,3
29531823_MinPolqaSfbRecording_cut.wav,1.333333333,0.577350269,0.653333333,3
30100164_MinPolqaSfbRecording_cut.wav,2.0,1.0,1.131606528,3
30529325_MinPolqaSfbRecording_cut.wav,2.0,1.0,1.131606528,3
30113217_MinPolqaSfbRecording_cut.wav,1.0,0.0,0.0,3
30138915_MinPolqaSfbRecording_cut.wav,2.666666667,1.527525232,1.728557523,3
30206911_MinPolqaSfbRecording_cut.wav,2.0,1.0,1.131606528,3
28959501_MinPolqaSfbRecording_cut.wav,4.0,0.816496581,0.800166649,4
30113543_MinPolqaSfbRecording_cut.wav,2.5,0.577350269,0.565803264,4
27875305_MinPolqaSfbRecording_cut.wav,3.25,0.957427108,0.938278566,4
30489970_MinPolqaSfbRecording_cut.wav,4.25,0.5,0.49,4
30147536_MinPolqaSfbRecording_cut.wav,2.75,0.5,0.49,4
30406153_MinPolqaSfbRecording_cut.wav,2.25,1.258305739,1.233139624,4
30107325_MinPolqaSfbRecording_cut.wav,3.25,0.957427108,0.938278566,4
27733914_MinPolqaSfbRecording_cut.wav,4.0,1.0,1.131606528,3
30117304_MinPolqaSfbRecording_cut.wav,2.333333333,1.154700538,1.306666667,3
28444559_MinPolqaSfbRecording_cut.wav,3.333333333,2.081665999,2.355626833,3
28767365_MinPolqaSfbRecording_cut.wav,4.0,1.0,1.131606528,3
30404651_MinPolqaSfbRecording_cut.wav,2.333333333,1.154700538,1.306666667,3
30497006_MinPolqaSfbRecording_cut.wav,2.333333333,1.154700538,1.306666667,3
30061939_MinPolqaSfbRecording_cut.wav,2.666666667,1.527525232,1.728557523,3
30110217_MinPolqaSfbRecording_cut.wav,3.666666667,1.527525232,1.728557523,3
30453595_MinPolqaSfbRecording_cut.wav,3.666666667,1.527525232,1.728557523,3
30193053_MinPolqaSfbRecording_cut.wav,4.0,0.0,0.0,3
29534747_MinPolqaSfbRecording_cut.wav,3.666666667,1.154700538,1.306666667,3
28289554_MinPolqaSfbRecording_cut.wav,4.0,0.0,0.0,3
30479592_MinPolqaSfbRecording_cut.wav,4.0,0.0,0.0,3
28768563_MinPolqaSfbRecording_cut.wav,3.666666667,0.577350269,0.653333333,3
30088959_MinPolqaSfbRecording_cut.wav,3.0,1.0,1.131606528,3
30510340_MinPolqaSfbRecording_cut.wav,3.666666667,0.577350269,0.653333333,3
30502559_MinPolqaSfbRecording_cut.wav,3.333333333,0.577350269,0.653333333,3
30138838_MinPolqaSfbRecording_cut.wav,4.0,0.0,0.0,3
30171900_MinPolqaSfbRecording_cut.wav,2.8,0.447213595,0.392,5
27854373_MinPolqaSfbRecording_cut.wav,4.6,0.894427191,0.784,5
30080267_MinPolqaSfbRecording_cut.wav,4.0,1.0,0.876538647,5
28861775_MinPolqaSfbRecording_cut.wav,4.4,0.894427191,0.784,5
30090568_MinPolqaSfbRecording_cut.wav,1.8,0.836660027,0.733364848,5
30163385_MinPolqaSfbRecording_cut.wav,3.0,1.0,0.876538647,5
30253635_MinPolqaSfbRecording_cut.wav,2.6,1.516575089,1.329336677,5
30515769_MinPolqaSfbRecording_cut.wav,2.2,1.095445115,0.960199979,5
30107495_MinPolqaSfbRecording_cut.wav,3.0,0.707106781,0.619806421,5
30414252_MinPolqaSfbRecording_cut.wav,3.0,0.707106781,0.619806421,5
30122366_MinPolqaSfbRecording_cut.wav,3.0,0.707106781,0.619806421,5
30457997_MinPolqaSfbRecording_cut.wav,3.4,1.140175425,0.999407825,5
30153771_MinPolqaSfbRecording_cut.wav,3.8,1.095445115,0.960199979,5
30165920_MinPolqaSfbRecording_cut.wav,1.4,0.547722558,0.48009999,5
30079457_MinPolqaSfbRecording_cut.wav,2.6,0.547722558,0.48009999,5
30423493_MinPolqaSfbRecording_cut.wav,2.8,1.303840481,1.142866571,5
30412143_MinPolqaSfbRecording_cut.wav,2.4,0.894427191,0.784,5
30176547_MinPolqaSfbRecording_cut.wav,2.4,1.140175425,0.999407825,5
30088698_MinPolqaSfbRecording_cut.wav,2.6,1.341640786,1.176,5
30405296_MinPolqaSfbRecording_cut.wav,3.0,0.707106781,0.619806421,5
30098709_MinPolqaSfbRecording_cut.wav,3.0,0.707106781,0.619806421,5
30510299_MinPolqaSfbRecording_cut.wav,2.0,1.224744871,1.073536213,5
30200967_MinPolqaSfbRecording_cut.wav,2.0,1.224744871,1.073536213,5
30512559_MinPolqaSfbRecording_cut.wav,1.25,0.5,0.49,4
27785835_MinPolqaSfbRecording_cut.wav,3.25,0.5,0.49,4
30184958_MinPolqaSfbRecording_cut.wav,2.75,0.5,0.49,4
30102010_MinPolqaSfbRecording_cut.wav,2.25,0.5,0.49,4
30202772_MinPolqaSfbRecording_cut.wav,2.25,0.5,0.49,4
30112704_MinPolqaSfbRecording_cut.wav,1.25,0.5,0.49,4
30210396_MinPolqaSfbRecording_cut.wav,2.5,0.577350269,0.565803264,4
30450438_MinPolqaSfbRecording_cut.wav,1.75,0.5,0.49,4
30099803_MinPolqaSfbRecording_cut.wav,1.6,1.341640786,1.176,5
28319656_MinPolqaSfbRecording_cut.wav,4.0,0.707106781,0.619806421,5
30109536_MinPolqaSfbRecording_cut.wav,2.8,0.836660027,0.733364848,5
30210996_MinPolqaSfbRecording_cut.wav,3.2,1.303840481,1.142866571,5
30186233_MinPolqaSfbRecording_cut.wav,3.4,1.140175425,0.999407825,5
28341883_MinPolqaSfbRecording_cut.wav,4.4,0.547722558,0.48009999,5
28136316_MinPolqaSfbRecording_cut.wav,4.0,0.707106781,0.619806421,5
28971433_MinPolqaSfbRecording_cut.wav,3.6,1.140175425,0.999407825,5
30488662_MinPolqaSfbRecording_cut.wav,4.2,0.836660027,0.733364848,5
29536987_MinPolqaSfbRecording_cut.wav,1.6,0.894427191,0.784,5
30470343_MinPolqaSfbRecording_cut.wav,2.5,0.577350269,0.565803264,4
27618919_MinPolqaSfbRecording_cut.wav,3.75,0.957427108,0.938278566,4
29538372_MinPolqaSfbRecording_cut.wav,3.75,0.5,0.49,4
30463006_MinPolqaSfbRecording_cut.wav,2.5,0.577350269,0.565803264,4
28641227_MinPolqaSfbRecording_cut.wav,3.5,0.577350269,0.565803264,4
30080880_MinPolqaSfbRecording_cut.wav,2.25,0.5,0.49,4
30430214_MinPolqaSfbRecording_cut.wav,3.0,0.0,0.0,4
30450555_MinPolqaSfbRecording_cut.wav,3.25,0.5,0.49,4
30150518_MinPolqaSfbRecording_cut.wav,1.5,1.0,0.98,4
30142534_MinPolqaSfbRecording_cut.wav,3.0,0.0,0.0,4
30171264_MinPolqaSfbRecording_cut.wav,2.5,1.0,0.98,4
30073549_MinPolqaSfbRecording_cut.wav,3.0,1.632993162,1.600333299,4
30426330_MinPolqaSfbRecording_cut.wav,3.0,0.816496581,0.800166649,4
30139384_MinPolqaSfbRecording_cut.wav,2.75,1.258305739,1.233139624,4
30262161_MinPolqaSfbRecording_cut.wav,3.75,0.957427108,0.938278566,4
28748927_MinPolqaSfbRecording_cut.wav,4.0,0.816496581,0.800166649,4
30210730_MinPolqaSfbRecording_cut.wav,2.5,0.577350269,0.565803264,4
30142200_MinPolqaSfbRecording_cut.wav,1.75,0.5,0.49,4
30492050_MinPolqaSfbRecording_cut.wav,2.25,0.5,0.49,4
30141659_MinPolqaSfbRecording_cut.wav,2.75,0.5,0.49,4
30491085_MinPolqaSfbRecording_cut.wav,3.0,0.816496581,0.800166649,4
30496447_MinPolqaSfbRecording_cut.wav,2.5,0.577350269,0.565803264,4
30073175_MinPolqaSfbRecording_cut.wav,1.75,0.957427108,0.938278566,4
30102954_MinPolqaSfbRecording_cut.wav,3.5,0.577350269,0.565803264,4
27513146_MinPolqaSfbRecording_cut.wav,3.75,0.5,0.49,4
30178619_MinPolqaSfbRecording_cut.wav,3.0,1.0,1.131606528,3
30097414_MinPolqaSfbRecording_cut.wav,1.0,0.0,0.0,3
28455044_MinPolqaSfbRecording_cut.wav,3.666666667,1.154700538,1.306666667,3
30489023_MinPolqaSfbRecording_cut.wav,1.0,0.0,0.0,3
30145806_MinPolqaSfbRecording_cut.wav,1.0,0.0,0.0,3
30178439_MinPolqaSfbRecording_cut.wav,1.0,0.0,0.0,3
28583723_MinPolqaSfbRecording_cut.wav,5.0,0.0,0.0,3
30181974_MinPolqaSfbRecording_cut.wav,1.6,0.894427191,0.784,5
30506397_MinPolqaSfbRecording_cut.wav,2.4,1.140175425,0.999407825,5
30112730_MinPolqaSfbRecording_cut.wav,2.6,1.140175425,0.999407825,5
30485928_MinPolqaSfbRecording_cut.wav,3.2,1.095445115,0.960199979,5
29534788_MinPolqaSfbRecording_cut.wav,1.4,0.894427191,0.784,5
30069947_MinPolqaSfbRecording_cut.wav,2.6,1.516575089,1.329336677,5
28139682_MinPolqaSfbRecording_cut.wav,4.0,1.0,0.876538647,5
30071296_MinPolqaSfbRecording_cut.wav,2.0,1.0,0.876538647,5
30174195_MinPolqaSfbRecording_cut.wav,2.0,1.224744871,1.073536213,5
30258155_MinPolqaSfbRecording_cut.wav,3.25,0.957427108,0.938278566,4
30106946_MinPolqaSfbRecording_cut.wav,1.75,0.957427108,0.938278566,4
30117602_MinPolqaSfbRecording_cut.wav,3.5,1.0,0.98,4
28192891_MinPolqaSfbRecording_cut.wav,4.25,0.957427108,0.938278566,4
30437934_MinPolqaSfbRecording_cut.wav,1.75,0.957427108,0.938278566,4
30076485_MinPolqaSfbRecording_cut.wav,3.0,1.154700538,1.131606528,4
30433238_MinPolqaSfbRecording_cut.wav,2.75,1.5,1.47,4
30463189_MinPolqaSfbRecording_cut.wav,3.75,0.5,0.49,4
30479696_MinPolqaSfbRecording_cut.wav,4.0,0.816496581,0.800166649,4
29530617_MinPolqaSfbRecording_cut.wav,2.0,0.816496581,0.800166649,4
27940999_MinPolqaSfbRecording_cut.wav,4.333333333,0.577350269,0.653333333,3
28479617_MinPolqaSfbRecording_cut.wav,3.666666667,0.577350269,0.653333333,3
27659767_MinPolqaSfbRecording_cut.wav,3.666666667,1.154700538,1.306666667,3
30157408_MinPolqaSfbRecording_cut.wav,2.333333333,1.154700538,1.306666667,3
30140578_MinPolqaSfbRecording_cut.wav,3.0,1.0,1.131606528,3
30155464_MinPolqaSfbRecording_cut.wav,4.0,0.0,0.0,3
30251743_MinPolqaSfbRecording_cut.wav,4.0,0.0,0.0,3
30514138_MinPolqaSfbRecording_cut.wav,3.333333333,0.577350269,0.653333333,3
28081818_MinPolqaSfbRecording_cut.wav,3.6,0.547722558,0.48009999,5
30429253_MinPolqaSfbRecording_cut.wav,2.6,1.341640786,1.176,5
30486271_MinPolqaSfbRecording_cut.wav,1.6,0.547722558,0.48009999,5
30155256_MinPolqaSfbRecording_cut.wav,4.0,1.0,0.876538647,5
30172900_MinPolqaSfbRecording_cut.wav,3.8,1.095445115,0.960199979,5
30078484_MinPolqaSfbRecording_cut.wav,3.6,0.894427191,0.784,5
27788759_MinPolqaSfbRecording_cut.wav,3.6,0.894427191,0.784,5
30503653_MinPolqaSfbRecording_cut.wav,2.2,0.447213595,0.392,5
30528765_MinPolqaSfbRecording_cut.wav,1.6,0.547722558,0.48009999,5
30503335_MinPolqaSfbRecording_cut.wav,1.2,0.447213595,0.392,5
30530814_MinPolqaSfbRecording_cut.wav,3.0,0.0,0.0,3
28709327_MinPolqaSfbRecording_cut.wav,4.0,1.0,1.131606528,3
30467363_MinPolqaSfbRecording_cut.wav,2.333333333,0.577350269,0.653333333,3
30080767_MinPolqaSfbRecording_cut.wav,1.333333333,0.577350269,0.653333333,3
28130465_MinPolqaSfbRecording_cut.wav,4.0,0.0,0.0,3
30065615_MinPolqaSfbRecording_cut.wav,2.333333333,1.527525232,1.728557523,3
28179048_MinPolqaSfbRecording_cut.wav,2.0,1.0,1.131606528,3
28931492_MinPolqaSfbRecording_cut.wav,4.0,0.0,0.0,3
30256097_MinPolqaSfbRecording_cut.wav,4.6,0.547722558,0.48009999,5
30467974_MinPolqaSfbRecording_cut.wav,2.6,0.894427191,0.784,5
30152017_MinPolqaSfbRecording_cut.wav,2.6,0.547722558,0.48009999,5
30213482_MinPolqaSfbRecording_cut.wav,2.2,1.095445115,0.960199979,5
30157360_MinPolqaSfbRecording_cut.wav,2.4,1.341640786,1.176,5
30063058_MinPolqaSfbRecording_cut.wav,4.0,0.707106781,0.619806421,5
30442172_MinPolqaSfbRecording_cut.wav,3.4,0.547722558,0.48009999,5
30253183_MinPolqaSfbRecording_cut.wav,2.2,0.836660027,0.733364848,5
30088588_MinPolqaSfbRecording_cut.wav,3.0,1.0,0.876538647,5
30180276_MinPolqaSfbRecording_cut.wav,2.0,1.0,0.876538647,5
30502544_MinPolqaSfbRecording_cut.wav,1.75,0.957427108,0.938278566,4
30185044_MinPolqaSfbRecording_cut.wav,3.0,0.816496581,0.800166649,4
30057542_MinPolqaSfbRecording_cut.wav,3.75,0.5,0.49,4
30151654_MinPolqaSfbRecording_cut.wav,2.75,0.5,0.49,4
27519353_MinPolqaSfbRecording_cut.wav,3.25,0.5,0.49,4
30490652_MinPolqaSfbRecording_cut.wav,2.75,0.5,0.49,4
30136611_MinPolqaSfbRecording_cut.wav,4.5,0.577350269,0.565803264,4
30457471_MinPolqaSfbRecording_cut.wav,4.25,0.5,0.49,4
30185379_MinPolqaSfbRecording_cut.wav,3.666666667,0.577350269,0.653333333,3
30427027_MinPolqaSfbRecording_cut.wav,1.666666667,1.154700538,1.306666667,3
30428927_MinPolqaSfbRecording_cut.wav,4.666666667,0.577350269,0.653333333,3
30175100_MinPolqaSfbRecording_cut.wav,3.0,1.0,1.131606528,3
30507630_MinPolqaSfbRecording_cut.wav,3.666666667,1.154700538,1.306666667,3
28652195_MinPolqaSfbRecording_cut.wav,4.0,1.0,1.131606528,3
29543642_MinPolqaSfbRecording_cut.wav,3.666666667,1.527525232,1.728557523,3
30263889_MinPolqaSfbRecording_cut.wav,3.333333333,1.527525232,1.728557523,3
27734452_MinPolqaSfbRecording_cut.wav,4.666666667,0.577350269,0.653333333,3
28543090_MinPolqaSfbRecording_cut.wav,3.8,0.836660027,0.733364848,5
30157968_MinPolqaSfbRecording_cut.wav,3.4,0.894427191,0.784,5
30514097_MinPolqaSfbRecording_cut.wav,3.8,0.836660027,0.733364848,5
30497056_MinPolqaSfbRecording_cut.wav,3.4,0.547722558,0.48009999,5
30060708_MinPolqaSfbRecording_cut.wav,3.2,0.447213595,0.392,5
30084121_MinPolqaSfbRecording_cut.wav,3.4,0.547722558,0.48009999,5
30132195_MinPolqaSfbRecording_cut.wav,3.2,0.836660027,0.733364848,5
30432348_MinPolqaSfbRecording_cut.wav,2.2,1.095445115,0.960199979,5
30099798_MinPolqaSfbRecording_cut.wav,2.75,1.707825128,1.673668625,4
30472803_MinPolqaSfbRecording_cut.wav,3.5,1.0,0.98,4
30213538_MinPolqaSfbRecording_cut.wav,2.75,1.5,1.47,4
29539693_MinPolqaSfbRecording_cut.wav,3.0,1.154700538,1.131606528,4
30204728_MinPolqaSfbRecording_cut.wav,2.5,1.290994449,1.26517456,4
30145743_MinPolqaSfbRecording_cut.wav,3.5,0.577350269,0.565803264,4
30516808_MinPolqaSfbRecording_cut.wav,3.0,1.414213562,1.385929291,4
30182938_MinPolqaSfbRecording_cut.wav,2.5,1.0,0.98,4
27785819_MinPolqaSfbRecording_cut.wav,3.75,0.5,0.49,4
30149523_MinPolqaSfbRecording_cut.wav,2.5,1.290994449,1.26517456,4
29049884_MinPolqaSfbRecording_cut.wav,2.75,0.957427108,0.938278566,4
28513977_MinPolqaSfbRecording_cut.wav,3.25,0.5,0.49,4
30161218_MinPolqaSfbRecording_cut.wav,1.25,0.5,0.49,4
30478850_MinPolqaSfbRecording_cut.wav,1.75,0.5,0.49,4
30254156_MinPolqaSfbRecording_cut.wav,3.25,0.5,0.49,4
28707560_MinPolqaSfbRecording_cut.wav,3.75,0.5,0.49,4
30181856_MinPolqaSfbRecording_cut.wav,4.0,0.816496581,0.800166649,4
30061514_MinPolqaSfbRecording_cut.wav,4.333333333,0.577350269,0.653333333,3
30093106_MinPolqaSfbRecording_cut.wav,2.666666667,1.527525232,1.728557523,3
28955512_MinPolqaSfbRecording_cut.wav,4.0,0.0,0.0,3
29540168_MinPolqaSfbRecording_cut.wav,1.666666667,1.154700538,1.306666667,3
29530282_MinPolqaSfbRecording_cut.wav,3.333333333,1.527525232,1.728557523,3
30066626_MinPolqaSfbRecording_cut.wav,4.333333333,1.154700538,1.306666667,3
29047471_MinPolqaSfbRecording_cut.wav,4.666666667,0.577350269,0.653333333,3
30520677_MinPolqaSfbRecording_cut.wav,4.0,1.0,1.131606528,3
30087668_MinPolqaSfbRecording_cut.wav,2.333333333,1.527525232,1.728557523,3
28715499_MinPolqaSfbRecording_cut.wav,4.333333333,0.577350269,0.653333333,3
30504116_MinPolqaSfbRecording_cut.wav,4.0,1.0,1.131606528,3
30100617_MinPolqaSfbRecording_cut.wav,4.333333333,0.577350269,0.653333333,3
30069059_MinPolqaSfbRecording_cut.wav,4.0,1.0,1.131606528,3
28039587_MinPolqaSfbRecording_cut.wav,3.5,0.577350269,0.565803264,4
29530132_MinPolqaSfbRecording_cut.wav,3.75,0.957427108,0.938278566,4
30457096_MinPolqaSfbRecording_cut.wav,1.75,0.957427108,0.938278566,4
30119837_MinPolqaSfbRecording_cut.wav,1.75,0.957427108,0.938278566,4
30519960_MinPolqaSfbRecording_cut.wav,3.75,0.957427108,0.938278566,4
30142149_MinPolqaSfbRecording_cut.wav,3.0,1.0,1.131606528,3
30466860_MinPolqaSfbRecording_cut.wav,1.0,0.0,0.0,3
30422340_MinPolqaSfbRecording_cut.wav,3.666666667,0.577350269,0.653333333,3
30512085_MinPolqaSfbRecording_cut.wav,1.333333333,0.577350269,0.653333333,3
30208889_MinPolqaSfbRecording_cut.wav,2.333333333,0.577350269,0.653333333,3
30468966_MinPolqaSfbRecording_cut.wav,2.333333333,1.154700538,1.306666667,3
28166026_MinPolqaSfbRecording_cut.wav,4.333333333,1.154700538,1.306666667,3
28133400_MinPolqaSfbRecording_cut.wav,4.333333333,0.577350269,0.653333333,3
30106874_MinPolqaSfbRecording_cut.wav,3.0,0.0,0.0,4
29532847_MinPolqaSfbRecording_cut.wav,3.25,0.957427108,0.938278566,4
30189809_MinPolqaSfbRecording_cut.wav,2.25,0.957427108,0.938278566,4
27807917_MinPolqaSfbRecording_cut.wav,4.25,0.5,0.49,4
30513928_MinPolqaSfbRecording_cut.wav,1.0,0.0,0.0,4
30485904_MinPolqaSfbRecording_cut.wav,1.25,0.5,0.49,4
28537133_MinPolqaSfbRecording_cut.wav,3.75,0.957427108,0.938278566,4
30113983_MinPolqaSfbRecording_cut.wav,4.0,0.816496581,0.800166649,4
30255221_MinPolqaSfbRecording_cut.wav,4.2,0.836660027,0.733364848,5
28036497_MinPolqaSfbRecording_cut.wav,4.0,0.707106781,0.619806421,5
28632530_MinPolqaSfbRecording_cut.wav,4.6,0.547722558,0.48009999,5
30421954_MinPolqaSfbRecording_cut.wav,2.4,1.673320053,1.466729696,5
27628161_MinPolqaSfbRecording_cut.wav,4.2,0.836660027,0.733364848,5
30405499_MinPolqaSfbRecording_cut.wav,3.0,1.224744871,1.073536213,5
30177867_MinPolqaSfbRecording_cut.wav,3.4,1.140175425,0.999407825,5
30492475_MinPolqaSfbRecording_cut.wav,2.8,1.483239697,1.300116918,5
30148504_MinPolqaSfbRecording_cut.wav,1.4,0.547722558,0.48009999,5
30406778_MinPolqaSfbRecording_cut.wav,3.0,1.224744871,1.073536213,5
30171036_MinPolqaSfbRecording_cut.wav,3.4,0.547722558,0.48009999,5
30101489_MinPolqaSfbRecording_cut.wav,3.4,1.516575089,1.329336677,5
30185004_MinPolqaSfbRecording_cut.wav,1.6,0.894427191,0.784,5
30165921_MinPolqaSfbRecording_cut.wav,2.2,1.303840481,1.142866571,5
28294856_MinPolqaSfbRecording_cut.wav,4.0,1.224744871,1.073536213,5
30059585_MinPolqaSfbRecording_cut.wav,2.4,1.140175425,0.999407825,5
30248987_MinPolqaSfbRecording_cut.wav,1.8,1.788854382,1.568,5
27824190_MinPolqaSfbRecording_cut.wav,4.2,0.836660027,0.733364848,5
28176269_MinPolqaSfbRecording_cut.wav,3.0,1.414213562,1.239612843,5
30500729_MinPolqaSfbRecording_cut.wav,3.6,0.894427191,0.784,5
29542457_MinPolqaSfbRecording_cut.wav,3.4,1.140175425,0.999407825,5
30437453_MinPolqaSfbRecording_cut.wav,3.0,0.816496581,0.800166649,4
28490727_MinPolqaSfbRecording_cut.wav,3.5,0.577350269,0.565803264,4
30155120_MinPolqaSfbRecording_cut.wav,3.25,0.957427108,0.938278566,4
30102764_MinPolqaSfbRecording_cut.wav,3.5,1.0,0.98,4
30156558_MinPolqaSfbRecording_cut.wav,3.25,0.5,0.49,4
28536318_MinPolqaSfbRecording_cut.wav,3.25,0.5,0.49,4
30206472_MinPolqaSfbRecording_cut.wav,1.25,0.5,0.49,4
27647665_MinPolqaSfbRecording_cut.wav,3.5,1.0,0.98,4
27619779_MinPolqaSfbRecording_cut.wav,3.5,0.577350269,0.565803264,4
27757612_MinPolqaSfbRecording_cut.wav,2.5,0.577350269,0.565803264,4
29556441_MinPolqaSfbRecording_cut.wav,1.25,0.5,0.49,4
30112718_MinPolqaSfbRecording_cut.wav,1.5,1.0,0.98,4
27912789_MinPolqaSfbRecording_cut.wav,2.5,0.577350269,0.565803264,4
28812443_MinPolqaSfbRecording_cut.wav,4.25,0.5,0.49,4
28124588_MinPolqaSfbRecording_cut.wav,3.75,0.5,0.49,4
30105024_MinPolqaSfbRecording_cut.wav,2.5,1.0,0.98,4
30481136_MinPolqaSfbRecording_cut.wav,2.5,0.577350269,0.565803264,4
30213161_MinPolqaSfbRecording_cut.wav,2.0,0.816496581,0.800166649,4
27516794_MinPolqaSfbRecording_cut.wav,2.75,0.5,0.49,4
30188855_MinPolqaSfbRecording_cut.wav,4.0,0.816496581,0.800166649,4
30424711_MinPolqaSfbRecording_cut.wav,2.75,0.5,0.49,4
30192748_MinPolqaSfbRecording_cut.wav,3.75,0.957427108,0.938278566,4
30424743_MinPolqaSfbRecording_cut.wav,3.25,0.5,0.49,4
30250212_MinPolqaSfbRecording_cut.wav,1.25,0.5,0.49,4
30065341_MinPolqaSfbRecording_cut.wav,2.4,1.140175425,0.999407825,5
30485518_MinPolqaSfbRecording_cut.wav,3.4,1.140175425,0.999407825,5
30260978_MinPolqaSfbRecording_cut.wav,3.8,0.836660027,0.733364848,5
30082585_MinPolqaSfbRecording_cut.wav,3.6,0.547722558,0.48009999,5
30211164_MinPolqaSfbRecording_cut.wav,2.6,0.547722558,0.48009999,5
30479490_MinPolqaSfbRecording_cut.wav,2.0,1.0,0.876538647,5
29007341_MinPolqaSfbRecording_cut.wav,3.6,0.547722558,0.48009999,5
30082692_MinPolqaSfbRecording_cut.wav,3.4,0.547722558,0.48009999,5
30413484_MinPolqaSfbRecording_cut.wav,2.4,1.140175425,0.999407825,5
28227319_MinPolqaSfbRecording_cut.wav,3.6,0.547722558,0.48009999,5
30184806_MinPolqaSfbRecording_cut.wav,3.6,0.894427191,0.784,5
30468592_MinPolqaSfbRecording_cut.wav,4.4,0.547722558,0.48009999,5
30063529_MinPolqaSfbRecording_cut.wav,2.6,1.140175425,0.999407825,5
27765527_MinPolqaSfbRecording_cut.wav,4.2,0.447213595,0.392,5
28608462_MinPolqaSfbRecording_cut.wav,4.4,0.547722558,0.48009999,5
30150383_MinPolqaSfbRecording_cut.wav,2.0,1.732050808,1.518209472,5
30083044_MinPolqaSfbRecording_cut.wav,4.0,0.0,0.0,5
27981592_MinPolqaSfbRecording_cut.wav,4.6,0.547722558,0.48009999,5
30468260_MinPolqaSfbRecording_cut.wav,2.4,1.673320053,1.466729696,5
30180934_MinPolqaSfbRecording_cut.wav,3.2,0.836660027,0.733364848,5
29544379_MinPolqaSfbRecording_cut.wav,3.8,0.836660027,0.733364848,5
30068365_MinPolqaSfbRecording_cut.wav,2.2,1.303840481,1.142866571,5
30060782_MinPolqaSfbRecording_cut.wav,3.2,1.303840481,1.142866571,5
28166605_MinPolqaSfbRecording_cut.wav,4.0,1.0,0.876538647,5
28641059_MinPolqaSfbRecording_cut.wav,3.0,1.0,0.876538647,5
30063499_MinPolqaSfbRecording_cut.wav,4.6,0.547722558,0.48009999,5
30103174_MinPolqaSfbRecording_cut.wav,3.25,0.5,0.49,4
30060751_MinPolqaSfbRecording_cut.wav,2.5,0.577350269,0.565803264,4
28305274_MinPolqaSfbRecording_cut.wav,3.75,0.5,0.49,4
30154305_MinPolqaSfbRecording_cut.wav,4.25,0.5,0.49,4
30079402_MinPolqaSfbRecording_cut.wav,3.75,0.5,0.49,4
30496653_MinPolqaSfbRecording_cut.wav,2.75,0.5,0.49,4
30169087_MinPolqaSfbRecording_cut.wav,3.0,0.816496581,0.800166649,4
30149342_MinPolqaSfbRecording_cut.wav,2.8,0.447213595,0.392,5
30257316_MinPolqaSfbRecording_cut.wav,2.4,0.547722558,0.48009999,5
30256778_MinPolqaSfbRecording_cut.wav,3.8,0.836660027,0.733364848,5
30423019_MinPolqaSfbRecording_cut.wav,1.4,0.547722558,0.48009999,5
30485356_MinPolqaSfbRecording_cut.wav,1.4,0.547722558,0.48009999,5
30161621_MinPolqaSfbRecording_cut.wav,2.0,0.707106781,0.619806421,5
30472306_MinPolqaSfbRecording_cut.wav,1.4,0.547722558,0.48009999,5
30520005_MinPolqaSfbRecording_cut.wav,3.4,1.140175425,0.999407825,5
30494280_MinPolqaSfbRecording_cut.wav,2.0,1.224744871,1.073536213,5
30528052_MinPolqaSfbRecording_cut.wav,3.4,0.547722558,0.48009999,5
30192582_MinPolqaSfbRecording_cut.wav,3.2,0.447213595,0.392,5
30134341_MinPolqaSfbRecording_cut.wav,4.0,0.707106781,0.619806421,5
30155437_MinPolqaSfbRecording_cut.wav,3.4,0.547722558,0.48009999,5
30201730_MinPolqaSfbRecording_cut.wav,3.0,0.0,0.0,5
30515216_MinPolqaSfbRecording_cut.wav,3.6,0.547722558,0.48009999,5
28966590_MinPolqaSfbRecording_cut.wav,3.8,0.836660027,0.733364848,5
30179607_MinPolqaSfbRecording_cut.wav,2.6,1.516575089,1.329336677,5
30096941_MinPolqaSfbRecording_cut.wav,3.75,0.5,0.49,4
30066177_MinPolqaSfbRecording_cut.wav,2.5,1.0,0.98,4
30487731_MinPolqaSfbRecording_cut.wav,2.25,0.957427108,0.938278566,4
30423809_MinPolqaSfbRecording_cut.wav,4.0,0.816496581,0.800166649,4
30477937_MinPolqaSfbRecording_cut.wav,3.0,0.816496581,0.800166649,4
30064129_MinPolqaSfbRecording_cut.wav,4.0,0.816496581,0.800166649,4
30154427_MinPolqaSfbRecording_cut.wav,1.25,0.5,0.49,4
30255598_MinPolqaSfbRecording_cut.wav,3.0,0.816496581,0.800166649,4
30470973_MinPolqaSfbRecording_cut.wav,1.75,0.5,0.49,4
30209920_MinPolqaSfbRecording_cut.wav,2.0,1.154700538,1.131606528,4
30086701_MinPolqaSfbRecording_cut.wav,2.5,1.290994449,1.26517456,4
30082694_MinPolqaSfbRecording_cut.wav,3.25,0.5,0.49,4
30179041_MinPolqaSfbRecording_cut.wav,1.25,0.5,0.49,4
28606920_MinPolqaSfbRecording_cut.wav,4.0,0.0,0.0,4
30527406_MinPolqaSfbRecording_cut.wav,1.0,0.0,0.0,4
28793827_MinPolqaSfbRecording_cut.wav,2.75,0.5,0.49,4
28612348_MinPolqaSfbRecording_cut.wav,4.5,0.577350269,0.565803264,4
30436192_MinPolqaSfbRecording_cut.wav,1.75,0.5,0.49,4
30144563_MinPolqaSfbRecording_cut.wav,3.5,1.0,0.98,4
30211387_MinPolqaSfbRecording_cut.wav,2.0,1.0,1.131606528,3
30253960_MinPolqaSfbRecording_cut.wav,3.666666667,0.577350269,0.653333333,3
28444247_MinPolqaSfbRecording_cut.wav,2.666666667,0.577350269,0.653333333,3
30211646_MinPolqaSfbRecording_cut.wav,2.0,1.0,1.131606528,3
30263573_MinPolqaSfbRecording_cut.wav,3.666666667,0.577350269,0.653333333,3
30206690_MinPolqaSfbRecording_cut.wav,4.0,1.0,1.131606528,3
30100237_MinPolqaSfbRecording_cut.wav,3.0,0.0,0.0,3
30112563_MinPolqaSfbRecording_cut.wav,2.0,0.0,0.0,2
30202263_MinPolqaSfbRecording_cut.wav,4.0,0.0,0.0,2
30166453_MinPolqaSfbRecording_cut.wav,3.5,2.121320344,2.94,2
30404392_MinPolqaSfbRecording_cut.wav,2.0,1.414213562,1.96,2
30083295_MinPolqaSfbRecording_cut.wav,3.5,0.707106781,0.98,2
30123367_MinPolqaSfbRecording_cut.wav,4.5,0.707106781,0.98,2
30205024_MinPolqaSfbRecording_cut.wav,3.0,1.414213562,1.96,2
28662221_MinPolqaSfbRecording_cut.wav,4.5,0.707106781,0.98,2
30065706_MinPolqaSfbRecording_cut.wav,3.0,0.0,0.0,2
30084839_MinPolqaSfbRecording_cut.wav,1.666666667,1.154700538,1.306666667,3
30479092_MinPolqaSfbRecording_cut.wav,2.333333333,1.154700538,1.306666667,3
30105086_MinPolqaSfbRecording_cut.wav,3.333333333,1.527525232,1.728557523,3
30438941_MinPolqaSfbRecording_cut.wav,1.666666667,1.154700538,1.306666667,3
30204126_MinPolqaSfbRecording_cut.wav,2.666666667,1.527525232,1.728557523,3
30176589_MinPolqaSfbRecording_cut.wav,3.666666667,1.154700538,1.306666667,3
30425232_MinPolqaSfbRecording_cut.wav,2.333333333,1.527525232,1.728557523,3
30066115_MinPolqaSfbRecording_cut.wav,2.0,1.0,1.131606528,3
30083496_MinPolqaSfbRecording_cut.wav,1.666666667,1.154700538,1.306666667,3
30474157_MinPolqaSfbRecording_cut.wav,2.666666667,1.154700538,1.306666667,3
30129949_MinPolqaSfbRecording_cut.wav,2.0,1.732050808,1.96,3
30468553_MinPolqaSfbRecording_cut.wav,2.666666667,1.154700538,1.306666667,3
30174733_MinPolqaSfbRecording_cut.wav,3.666666667,0.577350269,0.653333333,3
30162970_MinPolqaSfbRecording_cut.wav,4.333333333,0.577350269,0.653333333,3
30428599_MinPolqaSfbRecording_cut.wav,3.0,1.0,1.131606528,3
28278539_MinPolqaSfbRecording_cut.wav,5.0,0.0,0.0,3
30079741_MinPolqaSfbRecording_cut.wav,3.333333333,1.154700538,1.306666667,3
30142403_MinPolqaSfbRecording_cut.wav,2.0,0.0,0.0,4
30511932_MinPolqaSfbRecording_cut.wav,2.0,0.816496581,0.800166649,4
30467431_MinPolqaSfbRecording_cut.wav,3.25,0.5,0.49,4
30098356_MinPolqaSfbRecording_cut.wav,2.75,0.5,0.49,4
28253269_MinPolqaSfbRecording_cut.wav,2.25,0.5,0.49,4
30158063_MinPolqaSfbRecording_cut.wav,3.5,0.577350269,0.565803264,4
30075730_MinPolqaSfbRecording_cut.wav,2.75,0.5,0.49,4
27741764_MinPolqaSfbRecording_cut.wav,3.25,0.5,0.49,4
30465827_MinPolqaSfbRecording_cut.wav,1.5,0.577350269,0.565803264,4
30072892_MinPolqaSfbRecording_cut.wav,2.75,0.957427108,0.938278566,4
30181362_MinPolqaSfbRecording_cut.wav,1.8,0.447213595,0.392,5
30432791_MinPolqaSfbRecording_cut.wav,1.6,0.894427191,0.784,5
27793693_MinPolqaSfbRecording_cut.wav,3.4,0.894427191,0.784,5
30252342_MinPolqaSfbRecording_cut.wav,2.0,0.0,0.0,5
30130318_MinPolqaSfbRecording_cut.wav,3.2,0.836660027,0.733364848,5
30202227_MinPolqaSfbRecording_cut.wav,2.6,0.894427191,0.784,5
30100532_MinPolqaSfbRecording_cut.wav,2.0,0.707106781,0.619806421,5
30129595_MinPolqaSfbRecording_cut.wav,2.0,0.816496581,0.800166649,4
30436929_MinPolqaSfbRecording_cut.wav,2.25,0.957427108,0.938278566,4
30503333_MinPolqaSfbRecording_cut.wav,1.25,0.5,0.49,4
28140283_MinPolqaSfbRecording_cut.wav,3.5,0.577350269,0.565803264,4
27816205_MinPolqaSfbRecording_cut.wav,3.75,0.957427108,0.938278566,4
27772651_MinPolqaSfbRecording_cut.wav,4.0,1.154700538,1.131606528,4
30491571_MinPolqaSfbRecording_cut.wav,2.0,0.816496581,0.800166649,4
30181971_MinPolqaSfbRecording_cut.wav,1.0,0.0,0.0,4
30066745_MinPolqaSfbRecording_cut.wav,2.2,0.836660027,0.733364848,5
29529710_MinPolqaSfbRecording_cut.wav,2.2,1.303840481,1.142866571,5
29530562_MinPolqaSfbRecording_cut.wav,2.6,1.140175425,0.999407825,5
30515662_MinPolqaSfbRecording_cut.wav,1.0,0.0,0.0,5
30212172_MinPolqaSfbRecording_cut.wav,1.8,1.303840481,1.142866571,5
28155366_MinPolqaSfbRecording_cut.wav,3.6,1.140175425,0.999407825,5
30416578_MinPolqaSfbRecording_cut.wav,2.8,0.836660027,0.733364848,5
27867760_MinPolqaSfbRecording_cut.wav,3.8,1.303840481,1.142866571,5
30205164_MinPolqaSfbRecording_cut.wav,2.0,1.224744871,1.073536213,5
29535277_MinPolqaSfbRecording_cut.wav,2.8,1.095445115,0.960199979,5
30138523_MinPolqaSfbRecording_cut.wav,3.2,1.303840481,1.142866571,5
30511456_MinPolqaSfbRecording_cut.wav,2.0,1.0,0.876538647,5
27664922_MinPolqaSfbRecording_cut.wav,3.4,0.547722558,0.48009999,5
30148343_MinPolqaSfbRecording_cut.wav,2.0,0.707106781,0.619806421,5
30485361_MinPolqaSfbRecording_cut.wav,2.0,0.707106781,0.619806421,5
30089327_MinPolqaSfbRecording_cut.wav,3.0,1.414213562,1.239612843,5
28521993_MinPolqaSfbRecording_cut.wav,4.2,0.447213595,0.392,5
30184217_MinPolqaSfbRecording_cut.wav,3.4,1.516575089,1.329336677,5
30528880_MinPolqaSfbRecording_cut.wav,1.6,0.894427191,0.784,5
28321600_MinPolqaSfbRecording_cut.wav,4.4,0.894427191,0.784,5
27751945_MinPolqaSfbRecording_cut.wav,4.4,0.894427191,0.784,5
27631075_MinPolqaSfbRecording_cut.wav,4.4,0.894427191,0.784,5
30176690_MinPolqaSfbRecording_cut.wav,1.0,0.0,0.0,5
30442878_MinPolqaSfbRecording_cut.wav,2.0,0.707106781,0.619806421,5
30516635_MinPolqaSfbRecording_cut.wav,2.8,1.095445115,0.960199979,5
27974537_MinPolqaSfbRecording_cut.wav,3.8,0.836660027,0.733364848,5
30443819_MinPolqaSfbRecording_cut.wav,3.6,0.894427191,0.784,5
30177955_MinPolqaSfbRecording_cut.wav,3.0,1.224744871,1.073536213,5
30081392_MinPolqaSfbRecording_cut.wav,1.666666667,0.577350269,0.653333333,3
28299958_MinPolqaSfbRecording_cut.wav,3.333333333,1.527525232,1.728557523,3
30206355_MinPolqaSfbRecording_cut.wav,1.333333333,0.577350269,0.653333333,3
28527290_MinPolqaSfbRecording_cut.wav,3.666666667,1.154700538,1.306666667,3
30157939_MinPolqaSfbRecording_cut.wav,2.333333333,0.577350269,0.653333333,3
29543166_MinPolqaSfbRecording_cut.wav,1.0,0.0,0.0,3
30482584_MinPolqaSfbRecording_cut.wav,2.666666667,0.577350269,0.653333333,3
30151743_MinPolqaSfbRecording_cut.wav,3.0,1.0,1.131606528,3
30161563_MinPolqaSfbRecording_cut.wav,3.5,1.0,0.98,4
29542525_MinPolqaSfbRecording_cut.wav,2.5,1.914854216,1.876557131,4
27744719_MinPolqaSfbRecording_cut.wav,4.5,1.0,0.98,4
30450545_MinPolqaSfbRecording_cut.wav,2.0,1.414213562,1.385929291,4
28131674_MinPolqaSfbRecording_cut.wav,3.0,0.816496581,0.800166649,4
30157076_MinPolqaSfbRecording_cut.wav,2.5,1.732050808,1.697409791,4
30118054_MinPolqaSfbRecording_cut.wav,4.0,0.816496581,0.800166649,4
30471226_MinPolqaSfbRecording_cut.wav,4.75,0.5,0.49,4
30410342_MinPolqaSfbRecording_cut.wav,3.0,0.816496581,0.800166649,4
30065327_MinPolqaSfbRecording_cut.wav,3.25,0.5,0.49,4
30503023_MinPolqaSfbRecording_cut.wav,2.25,0.5,0.49,4
30430962_MinPolqaSfbRecording_cut.wav,3.75,0.5,0.49,4
30473289_MinPolqaSfbRecording_cut.wav,3.5,0.577350269,0.565803264,4
28088969_MinPolqaSfbRecording_cut.wav,4.5,0.577350269,0.565803264,4
30195037_MinPolqaSfbRecording_cut.wav,1.8,0.447213595,0.392,5
30176861_MinPolqaSfbRecording_cut.wav,2.2,1.095445115,0.960199979,5
28241103_MinPolqaSfbRecording_cut.wav,2.6,0.547722558,0.48009999,5
28266227_MinPolqaSfbRecording_cut.wav,3.2,0.836660027,0.733364848,5
30412167_MinPolqaSfbRecording_cut.wav,3.0,0.707106781,0.619806421,5
30151602_MinPolqaSfbRecording_cut.wav,2.8,1.095445115,0.960199979,5
30486651_MinPolqaSfbRecording_cut.wav,1.2,0.447213595,0.392,5
30409705_MinPolqaSfbRecording_cut.wav,3.2,0.447213595,0.392,5
28509511_MinPolqaSfbRecording_cut.wav,1.8,0.447213595,0.392,5
30462534_MinPolqaSfbRecording_cut.wav,3.0,0.707106781,0.619806421,5
30192572_MinPolqaSfbRecording_cut.wav,2.6,0.547722558,0.48009999,5
30189567_MinPolqaSfbRecording_cut.wav,2.2,0.836660027,0.733364848,5
30488773_MinPolqaSfbRecording_cut.wav,2.8,0.447213595,0.392,5
30080455_MinPolqaSfbRecording_cut.wav,2.2,0.447213595,0.392,5
27921511_MinPolqaSfbRecording_cut.wav,4.0,0.707106781,0.619806421,5
30148360_MinPolqaSfbRecording_cut.wav,3.8,0.447213595,0.392,5
30432595_MinPolqaSfbRecording_cut.wav,2.6,0.547722558,0.48009999,5
30061886_MinPolqaSfbRecording_cut.wav,3.75,0.5,0.49,4
30174193_MinPolqaSfbRecording_cut.wav,2.75,0.5,0.49,4
27752662_MinPolqaSfbRecording_cut.wav,4.25,0.957427108,0.938278566,4
30155501_MinPolqaSfbRecording_cut.wav,1.5,0.577350269,0.565803264,4
30255594_MinPolqaSfbRecording_cut.wav,3.0,0.0,0.0,4
30106516_MinPolqaSfbRecording_cut.wav,2.25,0.5,0.49,4
27760683_MinPolqaSfbRecording_cut.wav,4.0,0.0,0.0,4
30098601_MinPolqaSfbRecording_cut.wav,3.0,1.154700538,1.131606528,4
30105412_MinPolqaSfbRecording_cut.wav,2.75,0.5,0.49,4
30256863_MinPolqaSfbRecording_cut.wav,3.5,0.577350269,0.565803264,4
30488322_MinPolqaSfbRecording_cut.wav,2.5,0.577350269,0.565803264,4
28591560_MinPolqaSfbRecording_cut.wav,4.0,0.0,0.0,4
30429078_MinPolqaSfbRecording_cut.wav,3.5,1.0,0.98,4
30163168_MinPolqaSfbRecording_cut.wav,3.2,0.836660027,0.733364848,5
30254487_MinPolqaSfbRecording_cut.wav,1.6,0.547722558,0.48009999,5
29061747_MinPolqaSfbRecording_cut.wav,4.8,0.447213595,0.392,5
29539830_MinPolqaSfbRecording_cut.wav,1.4,0.547722558,0.48009999,5
30522737_MinPolqaSfbRecording_cut.wav,2.8,0.447213595,0.392,5
30204735_MinPolqaSfbRecording_cut.wav,3.0,1.0,0.876538647,5
28316108_MinPolqaSfbRecording_cut.wav,3.8,0.836660027,0.733364848,5
28868321_MinPolqaSfbRecording_cut.wav,3.2,0.836660027,0.733364848,5
30422141_MinPolqaSfbRecording_cut.wav,2.333333333,0.577350269,0.653333333,3
30099926_MinPolqaSfbRecording_cut.wav,1.333333333,0.577350269,0.653333333,3
28670873_MinPolqaSfbRecording_cut.wav,4.0,1.0,1.131606528,3
30092288_MinPolqaSfbRecording_cut.wav,3.333333333,0.577350269,0.653333333,3
28849686_MinPolqaSfbRecording_cut.wav,3.333333333,1.527525232,1.728557523,3
27684417_MinPolqaSfbRecording_cut.wav,2.333333333,0.577350269,0.653333333,3
30126335_MinPolqaSfbRecording_cut.wav,4.0,1.0,1.131606528,3
30527553_MinPolqaSfbRecording_cut.wav,2.666666667,0.577350269,0.653333333,3
30122671_MinPolqaSfbRecording_cut.wav,2.666666667,0.577350269,0.653333333,3
30182357_MinPolqaSfbRecording_cut.wav,3.25,1.258305739,1.233139624,4
30065291_MinPolqaSfbRecording_cut.wav,3.0,0.816496581,0.800166649,4
30456271_MinPolqaSfbRecording_cut.wav,4.0,0.816496581,0.800166649,4
28003475_MinPolqaSfbRecording_cut.wav,3.75,0.5,0.49,4
30181900_MinPolqaSfbRecording_cut.wav,3.75,0.957427108,0.938278566,4
28850022_MinPolqaSfbRecording_cut.wav,3.5,1.0,0.98,4
30427918_MinPolqaSfbRecording_cut.wav,3.25,1.258305739,1.233139624,4
30415371_MinPolqaSfbRecording_cut.wav,3.25,1.258305739,1.233139624,4
30503503_MinPolqaSfbRecording_cut.wav,2.333333333,0.577350269,0.653333333,3
30467953_MinPolqaSfbRecording_cut.wav,4.0,0.0,0.0,3
30095507_MinPolqaSfbRecording_cut.wav,3.0,0.0,0.0,3
30208591_MinPolqaSfbRecording_cut.wav,2.666666667,0.577350269,0.653333333,3
30515794_MinPolqaSfbRecording_cut.wav,2.666666667,0.577350269,0.653333333,3
30107418_MinPolqaSfbRecording_cut.wav,2.333333333,1.154700538,1.306666667,3
30174704_MinPolqaSfbRecording_cut.wav,2.666666667,0.577350269,0.653333333,3
30180792_MinPolqaSfbRecording_cut.wav,2.75,0.957427108,0.938278566,4
28338463_MinPolqaSfbRecording_cut.wav,2.75,0.5,0.49,4
30461005_MinPolqaSfbRecording_cut.wav,3.0,0.816496581,0.800166649,4
30484709_MinPolqaSfbRecording_cut.wav,2.75,0.5,0.49,4
30161882_MinPolqaSfbRecording_cut.wav,3.75,0.5,0.49,4
30462012_MinPolqaSfbRecording_cut.wav,3.25,0.5,0.49,4
30064438_MinPolqaSfbRecording_cut.wav,3.0,0.816496581,0.800166649,4
30079385_MinPolqaSfbRecording_cut.wav,3.4,0.894427191,0.784,5
30104713_MinPolqaSfbRecording_cut.wav,3.6,0.894427191,0.784,5
27747402_MinPolqaSfbRecording_cut.wav,4.4,0.894427191,0.784,5
30075864_MinPolqaSfbRecording_cut.wav,1.2,0.447213595,0.392,5
30152621_MinPolqaSfbRecording_cut.wav,1.8,0.447213595,0.392,5
27714434_MinPolqaSfbRecording_cut.wav,4.2,1.095445115,0.960199979,5
28705117_MinPolqaSfbRecording_cut.wav,4.2,1.095445115,0.960199979,5
30057476_MinPolqaSfbRecording_cut.wav,3.2,0.836660027,0.733364848,5
30461668_MinPolqaSfbRecording_cut.wav,2.0,1.224744871,1.073536213,5
30429117_MinPolqaSfbRecording_cut.wav,2.4,1.140175425,0.999407825,5
30436676_MinPolqaSfbRecording_cut.wav,3.4,1.140175425,0.999407825,5
30153897_MinPolqaSfbRecording_cut.wav,2.8,1.095445115,0.960199979,5
30096553_MinPolqaSfbRecording_cut.wav,2.0,1.0,0.876538647,5
30522701_MinPolqaSfbRecording_cut.wav,2.6,1.140175425,0.999407825,5
27716651_MinPolqaSfbRecording_cut.wav,3.8,0.836660027,0.733364848,5
30147494_MinPolqaSfbRecording_cut.wav,2.0,1.0,0.876538647,5
30083750_MinPolqaSfbRecording_cut.wav,3.0,0.707106781,0.619806421,5
28738113_MinPolqaSfbRecording_cut.wav,3.8,0.836660027,0.733364848,5
30132140_MinPolqaSfbRecording_cut.wav,2.6,0.547722558,0.48009999,5
29529791_MinPolqaSfbRecording_cut.wav,2.4,0.547722558,0.48009999,5
30523903_MinPolqaSfbRecording_cut.wav,2.8,0.447213595,0.392,5
30102784_MinPolqaSfbRecording_cut.wav,3.0,0.707106781,0.619806421,5
28985029_MinPolqaSfbRecording_cut.wav,4.0,1.0,0.876538647,5
30069190_MinPolqaSfbRecording_cut.wav,1.2,0.447213595,0.392,5
28973351_MinPolqaSfbRecording_cut.wav,4.0,0.707106781,0.619806421,5
30508230_MinPolqaSfbRecording_cut.wav,1.8,0.836660027,0.733364848,5
30503075_MinPolqaSfbRecording_cut.wav,1.4,0.547722558,0.48009999,5
30248857_MinPolqaSfbRecording_cut.wav,1.6,0.547722558,0.48009999,5
30214031_MinPolqaSfbRecording_cut.wav,4.0,0.707106781,0.619806421,5
30467056_MinPolqaSfbRecording_cut.wav,1.8,0.836660027,0.733364848,5
30213824_MinPolqaSfbRecording_cut.wav,3.4,0.894427191,0.784,5
30087569_MinPolqaSfbRecording_cut.wav,3.0,1.0,0.876538647,5
30465890_MinPolqaSfbRecording_cut.wav,2.8,0.447213595,0.392,5
28166562_MinPolqaSfbRecording_cut.wav,4.2,0.836660027,0.733364848,5
30061044_MinPolqaSfbRecording_cut.wav,2.2,0.836660027,0.733364848,5
30160844_MinPolqaSfbRecording_cut.wav,1.8,0.836660027,0.733364848,5
30123629_MinPolqaSfbRecording_cut.wav,2.2,1.095445115,0.960199979,5
30469587_MinPolqaSfbRecording_cut.wav,2.2,0.447213595,0.392,5
30483597_MinPolqaSfbRecording_cut.wav,2.4,1.140175425,0.999407825,5
30127488_MinPolqaSfbRecording_cut.wav,1.2,0.447213595,0.392,5
30132454_MinPolqaSfbRecording_cut.wav,3.2,0.836660027,0.733364848,5
30458501_MinPolqaSfbRecording_cut.wav,1.8,0.836660027,0.733364848,5
30263776_MinPolqaSfbRecording_cut.wav,3.333333333,2.081665999,2.355626833,3
30058654_MinPolqaSfbRecording_cut.wav,2.666666667,1.154700538,1.306666667,3
30480676_MinPolqaSfbRecording_cut.wav,3.333333333,1.527525232,1.728557523,3
30117553_MinPolqaSfbRecording_cut.wav,2.0,0.0,0.0,3
30129120_MinPolqaSfbRecording_cut.wav,3.333333333,0.577350269,0.653333333,3
30152623_MinPolqaSfbRecording_cut.wav,3.333333333,0.577350269,0.653333333,3
30255576_MinPolqaSfbRecording_cut.wav,3.333333333,1.527525232,1.728557523,3
30061011_MinPolqaSfbRecording_cut.wav,4.333333333,0.577350269,0.653333333,3
30446502_MinPolqaSfbRecording_cut.wav,2.2,1.095445115,0.960199979,5
30406275_MinPolqaSfbRecording_cut.wav,2.8,1.483239697,1.300116918,5
30067918_MinPolqaSfbRecording_cut.wav,3.0,0.707106781,0.619806421,5
30144850_MinPolqaSfbRecording_cut.wav,3.2,1.095445115,0.960199979,5
30075287_MinPolqaSfbRecording_cut.wav,3.8,0.836660027,0.733364848,5
30202626_MinPolqaSfbRecording_cut.wav,3.8,0.836660027,0.733364848,5
30438399_MinPolqaSfbRecording_cut.wav,2.4,0.894427191,0.784,5
25927679_MinPolqaSfbRecording_cut.wav,4.2,0.836660027,0.733364848,5
29541567_MinPolqaSfbRecording_cut.wav,3.2,1.095445115,0.960199979,5
30422222_MinPolqaSfbRecording_cut.wav,3.4,0.547722558,0.48009999,5
30067219_MinPolqaSfbRecording_cut.wav,2.8,1.788854382,1.568,5
30433291_MinPolqaSfbRecording_cut.wav,1.4,0.894427191,0.784,5
29539765_MinPolqaSfbRecording_cut.wav,2.2,0.836660027,0.733364848,5
30060547_MinPolqaSfbRecording_cut.wav,2.4,0.894427191,0.784,5
30257810_MinPolqaSfbRecording_cut.wav,1.2,0.447213595,0.392,5
30180221_MinPolqaSfbRecording_cut.wav,2.6,1.140175425,0.999407825,5
28926567_MinPolqaSfbRecording_cut.wav,4.0,0.707106781,0.619806421,5
30263839_MinPolqaSfbRecording_cut.wav,2.4,1.140175425,0.999407825,5
30121787_MinPolqaSfbRecording_cut.wav,2.6,0.894427191,0.784,5
30507705_MinPolqaSfbRecording_cut.wav,2.333333333,0.577350269,0.653333333,3
28524450_MinPolqaSfbRecording_cut.wav,3.0,0.0,0.0,3
28646535_MinPolqaSfbRecording_cut.wav,3.333333333,0.577350269,0.653333333,3
30137519_MinPolqaSfbRecording_cut.wav,1.666666667,1.154700538,1.306666667,3
30177844_MinPolqaSfbRecording_cut.wav,2.0,1.0,1.131606528,3
28929046_MinPolqaSfbRecording_cut.wav,3.333333333,0.577350269,0.653333333,3
27746260_MinPolqaSfbRecording_cut.wav,4.0,1.0,1.131606528,3
28769763_MinPolqaSfbRecording_cut.wav,4.0,0.707106781,0.619806421,5
30258545_MinPolqaSfbRecording_cut.wav,2.0,0.707106781,0.619806421,5
30453548_MinPolqaSfbRecording_cut.wav,3.2,1.095445115,0.960199979,5
30256893_MinPolqaSfbRecording_cut.wav,1.8,1.303840481,1.142866571,5
30161452_MinPolqaSfbRecording_cut.wav,1.2,0.447213595,0.392,5
28555266_MinPolqaSfbRecording_cut.wav,3.0,0.707106781,0.619806421,5
30248976_MinPolqaSfbRecording_cut.wav,3.4,0.547722558,0.48009999,5
30183380_MinPolqaSfbRecording_cut.wav,1.8,0.836660027,0.733364848,5
30111442_MinPolqaSfbRecording_cut.wav,3.0,0.707106781,0.619806421,5
27824813_MinPolqaSfbRecording_cut.wav,4.4,0.547722558,0.48009999,5
30527576_MinPolqaSfbRecording_cut.wav,4.2,0.447213595,0.392,5
30431236_MinPolqaSfbRecording_cut.wav,3.8,0.836660027,0.733364848,5
30249198_MinPolqaSfbRecording_cut.wav,4.0,1.0,0.876538647,5
30488881_MinPolqaSfbRecording_cut.wav,3.0,1.0,0.876538647,5
30091048_MinPolqaSfbRecording_cut.wav,2.0,1.224744871,1.073536213,5
30442111_MinPolqaSfbRecording_cut.wav,4.2,0.836660027,0.733364848,5
30452487_MinPolqaSfbRecording_cut.wav,2.0,1.224744871,1.073536213,5
30128687_MinPolqaSfbRecording_cut.wav,4.2,0.447213595,0.392,5
30407168_MinPolqaSfbRecording_cut.wav,4.0,0.816496581,0.800166649,4
30253636_MinPolqaSfbRecording_cut.wav,2.75,0.5,0.49,4
30194515_MinPolqaSfbRecording_cut.wav,3.5,1.0,0.98,4
30161127_MinPolqaSfbRecording_cut.wav,3.5,1.0,0.98,4
28054554_MinPolqaSfbRecording_cut.wav,3.0,0.816496581,0.800166649,4
30421072_MinPolqaSfbRecording_cut.wav,1.0,0.0,0.0,4
30458222_MinPolqaSfbRecording_cut.wav,1.5,0.577350269,0.565803264,4
30423396_MinPolqaSfbRecording_cut.wav,2.0,0.0,0.0,4
30432585_MinPolqaSfbRecording_cut.wav,1.0,0.0,0.0,4
30487478_MinPolqaSfbRecording_cut.wav,2.25,0.5,0.49,4
27790251_MinPolqaSfbRecording_cut.wav,4.5,0.577350269,0.565803264,4
28754569_MinPolqaSfbRecording_cut.wav,4.5,0.577350269,0.565803264,4
30415405_MinPolqaSfbRecording_cut.wav,2.5,0.577350269,0.565803264,4
30466560_MinPolqaSfbRecording_cut.wav,2.25,0.5,0.49,4
30073573_MinPolqaSfbRecording_cut.wav,2.25,0.957427108,0.938278566,4
30071350_MinPolqaSfbRecording_cut.wav,4.5,1.0,0.98,4
30166561_MinPolqaSfbRecording_cut.wav,1.25,0.5,0.49,4
30519929_MinPolqaSfbRecording_cut.wav,3.5,1.290994449,1.26517456,4
29539163_MinPolqaSfbRecording_cut.wav,2.4,0.894427191,0.784,5
30156499_MinPolqaSfbRecording_cut.wav,1.8,0.836660027,0.733364848,5
30431039_MinPolqaSfbRecording_cut.wav,2.0,1.0,0.876538647,5
30480630_MinPolqaSfbRecording_cut.wav,3.4,1.140175425,0.999407825,5
30102773_MinPolqaSfbRecording_cut.wav,2.8,1.095445115,0.960199979,5
30090137_MinPolqaSfbRecording_cut.wav,1.8,0.836660027,0.733364848,5
30254818_MinPolqaSfbRecording_cut.wav,1.6,0.547722558,0.48009999,5
30413013_MinPolqaSfbRecording_cut.wav,2.8,1.095445115,0.960199979,5
30082925_MinPolqaSfbRecording_cut.wav,3.6,0.894427191,0.784,5
30516702_MinPolqaSfbRecording_cut.wav,2.2,0.836660027,0.733364848,5
29537523_MinPolqaSfbRecording_cut.wav,1.2,0.447213595,0.392,5
30183745_MinPolqaSfbRecording_cut.wav,2.2,0.836660027,0.733364848,5
30065403_MinPolqaSfbRecording_cut.wav,3.4,0.894427191,0.784,5
30446782_MinPolqaSfbRecording_cut.wav,2.6,1.140175425,0.999407825,5
30469615_MinPolqaSfbRecording_cut.wav,3.6,1.516575089,1.329336677,5
30472312_MinPolqaSfbRecording_cut.wav,2.8,1.303840481,1.142866571,5
30069960_MinPolqaSfbRecording_cut.wav,4.5,0.707106781,0.98,2
30065364_MinPolqaSfbRecording_cut.wav,3.5,0.707106781,0.98,2
30442874_MinPolqaSfbRecording_cut.wav,2.5,0.707106781,0.98,2
30455591_MinPolqaSfbRecording_cut.wav,4.0,0.0,0.0,2
30529894_MinPolqaSfbRecording_cut.wav,4.5,0.707106781,0.98,2
30483344_MinPolqaSfbRecording_cut.wav,3.5,0.707106781,0.98,2
29040053_MinPolqaSfbRecording_cut.wav,3.0,1.414213562,1.96,2
30177498_MinPolqaSfbRecording_cut.wav,2.0,1.414213562,1.96,2
30511742_MinPolqaSfbRecording_cut.wav,3.0,1.414213562,1.96,2
30257323_MinPolqaSfbRecording_cut.wav,3.4,1.140175425,0.999407825,5
28058481_MinPolqaSfbRecording_cut.wav,3.4,0.894427191,0.784,5
30423983_MinPolqaSfbRecording_cut.wav,2.4,1.673320053,1.466729696,5
27594561_MinPolqaSfbRecording_cut.wav,4.0,0.0,0.0,5
30483269_MinPolqaSfbRecording_cut.wav,3.0,1.58113883,1.385929291,5
30405758_MinPolqaSfbRecording_cut.wav,1.2,0.447213595,0.392,5
30069536_MinPolqaSfbRecording_cut.wav,3.0,0.0,0.0,4
30090440_MinPolqaSfbRecording_cut.wav,3.0,0.0,0.0,4
30195016_MinPolqaSfbRecording_cut.wav,2.25,1.892969449,1.85511006,4
30117608_MinPolqaSfbRecording_cut.wav,3.75,0.5,0.49,4
30085819_MinPolqaSfbRecording_cut.wav,4.0,0.0,0.0,4
30527251_MinPolqaSfbRecording_cut.wav,3.75,0.5,0.49,4
30066212_MinPolqaSfbRecording_cut.wav,3.5,0.577350269,0.565803264,4
30107362_MinPolqaSfbRecording_cut.wav,3.5,0.577350269,0.565803264,4
30081715_MinPolqaSfbRecording_cut.wav,2.2,0.836660027,0.733364848,5
30507650_MinPolqaSfbRecording_cut.wav,3.2,0.836660027,0.733364848,5
30127866_MinPolqaSfbRecording_cut.wav,1.6,0.547722558,0.48009999,5
30150367_MinPolqaSfbRecording_cut.wav,3.4,0.894427191,0.784,5
27688739_MinPolqaSfbRecording_cut.wav,3.2,1.095445115,0.960199979,5
30090633_MinPolqaSfbRecording_cut.wav,2.4,0.894427191,0.784,5
30432611_MinPolqaSfbRecording_cut.wav,1.4,0.547722558,0.48009999,5
30096586_MinPolqaSfbRecording_cut.wav,1.8,0.836660027,0.733364848,5
30200295_MinPolqaSfbRecording_cut.wav,2.4,0.547722558,0.48009999,5
30123102_MinPolqaSfbRecording_cut.wav,1.8,0.447213595,0.392,5
28640275_MinPolqaSfbRecording_cut.wav,4.0,0.707106781,0.619806421,5
28451118_MinPolqaSfbRecording_cut.wav,3.4,0.547722558,0.48009999,5
30257844_MinPolqaSfbRecording_cut.wav,3.8,0.447213595,0.392,5
30058867_MinPolqaSfbRecording_cut.wav,2.0,0.0,0.0,5
30496980_MinPolqaSfbRecording_cut.wav,3.0,1.224744871,1.073536213,5
27652223_MinPolqaSfbRecording_cut.wav,4.2,0.836660027,0.733364848,5
28660420_MinPolqaSfbRecording_cut.wav,1.8,0.447213595,0.392,5
28856704_MinPolqaSfbRecording_cut.wav,4.2,0.447213595,0.392,5
30487524_MinPolqaSfbRecording_cut.wav,2.6,0.894427191,0.784,5
30066649_MinPolqaSfbRecording_cut.wav,2.8,0.836660027,0.733364848,5
30070598_MinPolqaSfbRecording_cut.wav,2.6,1.516575089,1.329336677,5
30521505_MinPolqaSfbRecording_cut.wav,3.0,0.707106781,0.619806421,5
30429661_MinPolqaSfbRecording_cut.wav,3.0,0.707106781,0.619806421,5
30075274_MinPolqaSfbRecording_cut.wav,4.0,0.707106781,0.619806421,5
30449436_MinPolqaSfbRecording_cut.wav,2.8,0.836660027,0.733364848,5
30075408_MinPolqaSfbRecording_cut.wav,1.8,0.836660027,0.733364848,5
30522044_MinPolqaSfbRecording_cut.wav,2.4,0.894427191,0.784,5
30151219_MinPolqaSfbRecording_cut.wav,2.6,0.547722558,0.48009999,5
30409759_MinPolqaSfbRecording_cut.wav,3.8,0.836660027,0.733364848,5
30443973_MinPolqaSfbRecording_cut.wav,3.2,0.447213595,0.392,5
30174693_MinPolqaSfbRecording_cut.wav,3.4,0.547722558,0.48009999,5
29544159_MinPolqaSfbRecording_cut.wav,2.6,0.894427191,0.784,5
30172333_MinPolqaSfbRecording_cut.wav,1.2,0.447213595,0.392,5
30450228_MinPolqaSfbRecording_cut.wav,3.0,0.707106781,0.619806421,5
29532163_MinPolqaSfbRecording_cut.wav,3.333333333,0.577350269,0.653333333,3
28612116_MinPolqaSfbRecording_cut.wav,3.0,1.0,1.131606528,3
29532691_MinPolqaSfbRecording_cut.wav,3.0,1.0,1.131606528,3
30529692_MinPolqaSfbRecording_cut.wav,2.666666667,1.154700538,1.306666667,3
30201743_MinPolqaSfbRecording_cut.wav,3.666666667,0.577350269,0.653333333,3
30481407_MinPolqaSfbRecording_cut.wav,3.333333333,0.577350269,0.653333333,3
28865660_MinPolqaSfbRecording_cut.wav,3.666666667,0.577350269,0.653333333,3
30080645_MinPolqaSfbRecording_cut.wav,3.333333333,0.577350269,0.653333333,3
30148230_MinPolqaSfbRecording_cut.wav,2.75,0.957427108,0.938278566,4
30473794_MinPolqaSfbRecording_cut.wav,3.0,0.0,0.0,4
30135629_MinPolqaSfbRecording_cut.wav,2.5,0.577350269,0.565803264,4
27756696_MinPolqaSfbRecording_cut.wav,4.25,0.957427108,0.938278566,4
30106875_MinPolqaSfbRecording_cut.wav,4.0,0.0,0.0,4
29539846_MinPolqaSfbRecording_cut.wav,2.5,1.0,0.98,4
30133246_MinPolqaSfbRecording_cut.wav,3.0,0.816496581,0.800166649,4
30461848_MinPolqaSfbRecording_cut.wav,2.0,0.816496581,0.800166649,4
28340665_MinPolqaSfbRecording_cut.wav,3.75,0.5,0.49,4
30531388_MinPolqaSfbRecording_cut.wav,2.75,0.5,0.49,4
28617398_MinPolqaSfbRecording_cut.wav,3.5,0.577350269,0.565803264,4
30171245_MinPolqaSfbRecording_cut.wav,2.5,0.577350269,0.565803264,4
30520796_MinPolqaSfbRecording_cut.wav,3.5,0.577350269,0.565803264,4
29054098_MinPolqaSfbRecording_cut.wav,4.5,0.577350269,0.565803264,4
28011392_MinPolqaSfbRecording_cut.wav,3.5,0.577350269,0.565803264,4
28614563_MinPolqaSfbRecording_cut.wav,3.75,0.5,0.49,4
30463140_MinPolqaSfbRecording_cut.wav,3.0,0.816496581,0.800166649,4
30424917_MinPolqaSfbRecording_cut.wav,2.333333333,2.309401077,2.613333333,3
30090090_MinPolqaSfbRecording_cut.wav,2.666666667,2.081665999,2.355626833,3
30108414_MinPolqaSfbRecording_cut.wav,3.666666667,1.527525232,1.728557523,3
29540334_MinPolqaSfbRecording_cut.wav,2.666666667,1.154700538,1.306666667,3
30460344_MinPolqaSfbRecording_cut.wav,2.666666667,1.154700538,1.306666667,3
30259784_MinPolqaSfbRecording_cut.wav,3.333333333,1.527525232,1.728557523,3
28354480_MinPolqaSfbRecording_cut.wav,4.666666667,0.577350269,0.653333333,3
27647215_MinPolqaSfbRecording_cut.wav,4.666666667,0.577350269,0.653333333,3
28660715_MinPolqaSfbRecording_cut.wav,4.0,1.0,1.131606528,3
30087584_MinPolqaSfbRecording_cut.wav,2.666666667,0.577350269,0.653333333,3
29541565_MinPolqaSfbRecording_cut.wav,1.0,0.0,0.0,3
30467361_MinPolqaSfbRecording_cut.wav,3.666666667,0.577350269,0.653333333,3
30090559_MinPolqaSfbRecording_cut.wav,1.333333333,0.577350269,0.653333333,3
30128791_MinPolqaSfbRecording_cut.wav,2.666666667,0.577350269,0.653333333,3
30437352_MinPolqaSfbRecording_cut.wav,3.0,0.0,0.0,3
30096630_MinPolqaSfbRecording_cut.wav,1.0,0.0,0.0,3
30133112_MinPolqaSfbRecording_cut.wav,3.666666667,0.577350269,0.653333333,3
30522792_MinPolqaSfbRecording_cut.wav,2.333333333,0.577350269,0.653333333,3
30179025_MinPolqaSfbRecording_cut.wav,3.666666667,0.577350269,0.653333333,3
30252362_MinPolqaSfbRecording_cut.wav,3.666666667,0.577350269,0.653333333,3
30110734_MinPolqaSfbRecording_cut.wav,2.666666667,1.527525232,1.728557523,3
30096951_MinPolqaSfbRecording_cut.wav,2.0,1.0,1.131606528,3
30529885_MinPolqaSfbRecording_cut.wav,4.0,1.0,1.131606528,3
30161227_MinPolqaSfbRecording_cut.wav,3.666666667,0.577350269,0.653333333,3
30164268_MinPolqaSfbRecording_cut.wav,3.333333333,0.577350269,0.653333333,3
30160749_MinPolqaSfbRecording_cut.wav,1.666666667,0.577350269,0.653333333,3
30189538_MinPolqaSfbRecording_cut.wav,4.333333333,0.577350269,0.653333333,3
27720998_MinPolqaSfbRecording_cut.wav,4.0,1.0,1.131606528,3
30483785_MinPolqaSfbRecording_cut.wav,1.25,0.5,0.49,4
30458429_MinPolqaSfbRecording_cut.wav,3.25,1.258305739,1.233139624,4
30510486_MinPolqaSfbRecording_cut.wav,3.5,1.290994449,1.26517456,4
30068692_MinPolqaSfbRecording_cut.wav,2.25,1.5,1.47,4
30152587_MinPolqaSfbRecording_cut.wav,1.25,0.5,0.49,4
30081422_MinPolqaSfbRecording_cut.wav,2.5,1.732050808,1.697409791,4
28088312_MinPolqaSfbRecording_cut.wav,3.5,1.0,0.98,4
30126402_MinPolqaSfbRecording_cut.wav,1.75,1.5,1.47,4
30065311_MinPolqaSfbRecording_cut.wav,3.25,0.957427108,0.938278566,4
30463055_MinPolqaSfbRecording_cut.wav,4.0,0.816496581,0.800166649,4
28330623_MinPolqaSfbRecording_cut.wav,4.0,0.0,0.0,4
30462473_MinPolqaSfbRecording_cut.wav,3.5,1.0,0.98,4
30504668_MinPolqaSfbRecording_cut.wav,4.75,0.5,0.49,4
30188866_MinPolqaSfbRecording_cut.wav,4.5,0.577350269,0.565803264,4
30510026_MinPolqaSfbRecording_cut.wav,2.75,0.957427108,0.938278566,4
29011124_MinPolqaSfbRecording_cut.wav,3.5,0.577350269,0.565803264,4
30060474_MinPolqaSfbRecording_cut.wav,3.0,1.414213562,1.239612843,5
30449021_MinPolqaSfbRecording_cut.wav,1.6,0.894427191,0.784,5
28607293_MinPolqaSfbRecording_cut.wav,3.2,0.836660027,0.733364848,5
30067238_MinPolqaSfbRecording_cut.wav,3.4,1.140175425,0.999407825,5
30131737_MinPolqaSfbRecording_cut.wav,2.4,1.140175425,0.999407825,5
30084444_MinPolqaSfbRecording_cut.wav,2.0,0.707106781,0.619806421,5
30201176_MinPolqaSfbRecording_cut.wav,1.6,0.894427191,0.784,5
30155224_MinPolqaSfbRecording_cut.wav,3.6,0.894427191,0.784,5
30514576_MinPolqaSfbRecording_cut.wav,1.4,0.894427191,0.784,5
30477713_MinPolqaSfbRecording_cut.wav,2.75,0.5,0.49,4
27764068_MinPolqaSfbRecording_cut.wav,4.25,0.957427108,0.938278566,4
30523570_MinPolqaSfbRecording_cut.wav,4.0,0.816496581,0.800166649,4
30255724_MinPolqaSfbRecording_cut.wav,2.25,0.957427108,0.938278566,4
30137283_MinPolqaSfbRecording_cut.wav,1.0,0.0,0.0,4
30085554_MinPolqaSfbRecording_cut.wav,3.0,1.154700538,1.131606528,4
27659874_MinPolqaSfbRecording_cut.wav,3.25,0.957427108,0.938278566,4
30161369_MinPolqaSfbRecording_cut.wav,2.0,0.816496581,0.800166649,4
30214024_MinPolqaSfbRecording_cut.wav,2.0,1.154700538,1.131606528,4
30486981_MinPolqaSfbRecording_cut.wav,3.5,1.290994449,1.26517456,4
30087254_MinPolqaSfbRecording_cut.wav,3.0,1.414213562,1.385929291,4
30164746_MinPolqaSfbRecording_cut.wav,3.0,1.154700538,1.131606528,4
30526462_MinPolqaSfbRecording_cut.wav,2.25,0.957427108,0.938278566,4
30092668_MinPolqaSfbRecording_cut.wav,2.25,1.5,1.47,4
30451195_MinPolqaSfbRecording_cut.wav,2.75,1.707825128,1.673668625,4
30407241_MinPolqaSfbRecording_cut.wav,3.0,1.414213562,1.385929291,4
30070389_MinPolqaSfbRecording_cut.wav,4.0,0.816496581,0.800166649,4
30150108_MinPolqaSfbRecording_cut.wav,3.5,0.577350269,0.565803264,4
30085461_MinPolqaSfbRecording_cut.wav,2.0,0.816496581,0.800166649,4
30484045_MinPolqaSfbRecording_cut.wav,1.75,0.5,0.49,4
30424419_MinPolqaSfbRecording_cut.wav,3.25,0.957427108,0.938278566,4
30207097_MinPolqaSfbRecording_cut.wav,2.0,0.816496581,0.800166649,4
30058872_MinPolqaSfbRecording_cut.wav,1.5,0.577350269,0.565803264,4
30147074_MinPolqaSfbRecording_cut.wav,4.25,0.957427108,0.938278566,4
30150053_MinPolqaSfbRecording_cut.wav,1.75,0.957427108,0.938278566,4
30202491_MinPolqaSfbRecording_cut.wav,4.25,0.957427108,0.938278566,4
28491387_MinPolqaSfbRecording_cut.wav,4.666666667,0.577350269,0.653333333,3
30257845_MinPolqaSfbRecording_cut.wav,2.333333333,1.154700538,1.306666667,3
30431899_MinPolqaSfbRecording_cut.wav,3.0,1.732050808,1.96,3
30138924_MinPolqaSfbRecording_cut.wav,1.666666667,0.577350269,0.653333333,3
27782959_MinPolqaSfbRecording_cut.wav,3.0,1.0,1.131606528,3
27977807_MinPolqaSfbRecording_cut.wav,4.666666667,0.577350269,0.653333333,3
30137940_MinPolqaSfbRecording_cut.wav,2.666666667,1.527525232,1.728557523,3
28647032_MinPolqaSfbRecording_cut.wav,4.4,0.894427191,0.784,5
30201572_MinPolqaSfbRecording_cut.wav,1.4,0.547722558,0.48009999,5
30075230_MinPolqaSfbRecording_cut.wav,1.6,0.894427191,0.784,5
30100630_MinPolqaSfbRecording_cut.wav,1.2,0.447213595,0.392,5
30471044_MinPolqaSfbRecording_cut.wav,1.8,0.836660027,0.733364848,5
28686050_MinPolqaSfbRecording_cut.wav,4.0,1.0,0.876538647,5
30408307_MinPolqaSfbRecording_cut.wav,4.2,1.095445115,0.960199979,5
30531992_MinPolqaSfbRecording_cut.wav,3.8,0.836660027,0.733364848,5
27949058_MinPolqaSfbRecording_cut.wav,3.4,0.894427191,0.784,5
30204880_MinPolqaSfbRecording_cut.wav,3.2,0.836660027,0.733364848,5
30087622_MinPolqaSfbRecording_cut.wav,2.0,0.707106781,0.619806421,5
30471861_MinPolqaSfbRecording_cut.wav,3.0,0.707106781,0.619806421,5
30165702_MinPolqaSfbRecording_cut.wav,2.8,0.836660027,0.733364848,5
30527687_MinPolqaSfbRecording_cut.wav,2.4,0.547722558,0.48009999,5
30437712_MinPolqaSfbRecording_cut.wav,2.2,1.095445115,0.960199979,5
30264090_MinPolqaSfbRecording_cut.wav,2.0,0.707106781,0.619806421,5
30208193_MinPolqaSfbRecording_cut.wav,2.6,1.140175425,0.999407825,5
30087342_MinPolqaSfbRecording_cut.wav,2.4,0.547722558,0.48009999,5
27860795_MinPolqaSfbRecording_cut.wav,3.2,0.447213595,0.392,5
30183274_MinPolqaSfbRecording_cut.wav,3.0,0.707106781,0.619806421,5
28874242_MinPolqaSfbRecording_cut.wav,3.6,0.894427191,0.784,5
30130194_MinPolqaSfbRecording_cut.wav,1.6,0.894427191,0.784,5
30071845_MinPolqaSfbRecording_cut.wav,2.0,1.224744871,1.073536213,5
30520417_MinPolqaSfbRecording_cut.wav,2.2,1.095445115,0.960199979,5
30471112_MinPolqaSfbRecording_cut.wav,1.8,1.303840481,1.142866571,5
30059289_MinPolqaSfbRecording_cut.wav,1.8,1.303840481,1.142866571,5
30470199_MinPolqaSfbRecording_cut.wav,2.6,0.894427191,0.784,5
30249596_MinPolqaSfbRecording_cut.wav,2.6,1.673320053,1.466729696,5
27727293_MinPolqaSfbRecording_cut.wav,4.0,0.0,0.0,5
30194655_MinPolqaSfbRecording_cut.wav,3.5,0.707106781,0.98,2
30472930_MinPolqaSfbRecording_cut.wav,4.0,0.0,0.0,2
30427146_MinPolqaSfbRecording_cut.wav,3.0,1.414213562,1.96,2
30478844_MinPolqaSfbRecording_cut.wav,3.0,0.0,0.0,2
30454095_MinPolqaSfbRecording_cut.wav,3.5,0.707106781,0.98,2
28607283_MinPolqaSfbRecording_cut.wav,3.5,0.707106781,0.98,2
30122719_MinPolqaSfbRecording_cut.wav,2.5,2.121320344,2.94,2
29531701_MinPolqaSfbRecording_cut.wav,3.5,0.707106781,0.98,2
30207026_MinPolqaSfbRecording_cut.wav,3.4,0.547722558,0.48009999,5
30086953_MinPolqaSfbRecording_cut.wav,1.4,0.894427191,0.784,5
27946283_MinPolqaSfbRecording_cut.wav,4.0,0.707106781,0.619806421,5
30122685_MinPolqaSfbRecording_cut.wav,2.6,1.140175425,0.999407825,5
29542728_MinPolqaSfbRecording_cut.wav,2.4,0.894427191,0.784,5
30259815_MinPolqaSfbRecording_cut.wav,2.6,1.341640786,1.176,5
30504746_MinPolqaSfbRecording_cut.wav,2.4,0.894427191,0.784,5
30522571_MinPolqaSfbRecording_cut.wav,3.75,1.258305739,1.233139624,4
30076342_MinPolqaSfbRecording_cut.wav,2.0,2.0,1.96,4
27964310_MinPolqaSfbRecording_cut.wav,3.5,1.0,0.98,4
28358827_MinPolqaSfbRecording_cut.wav,4.0,0.816496581,0.800166649,4
30141165_MinPolqaSfbRecording_cut.wav,3.0,1.414213562,1.385929291,4
28619070_MinPolqaSfbRecording_cut.wav,3.25,1.258305739,1.233139624,4
30091379_MinPolqaSfbRecording_cut.wav,2.25,1.892969449,1.85511006,4
30106638_MinPolqaSfbRecording_cut.wav,2.5,1.914854216,1.876557131,4
30091342_MinPolqaSfbRecording_cut.wav,1.75,1.5,1.47,4
30067913_MinPolqaSfbRecording_cut.wav,1.75,1.5,1.47,4
30205982_MinPolqaSfbRecording_cut.wav,4.25,0.957427108,0.938278566,4
30483738_MinPolqaSfbRecording_cut.wav,3.0,0.0,0.0,4
30200855_MinPolqaSfbRecording_cut.wav,1.0,0.0,0.0,4
30149867_MinPolqaSfbRecording_cut.wav,2.25,1.258305739,1.233139624,4
28601574_MinPolqaSfbRecording_cut.wav,3.0,0.816496581,0.800166649,4
30416088_MinPolqaSfbRecording_cut.wav,3.25,0.5,0.49,4
30510610_MinPolqaSfbRecording_cut.wav,3.5,0.577350269,0.565803264,4
30087681_MinPolqaSfbRecording_cut.wav,3.0,1.0,0.876538647,5
29531123_MinPolqaSfbRecording_cut.wav,3.0,1.58113883,1.385929291,5
30509071_MinPolqaSfbRecording_cut.wav,1.6,0.894427191,0.784,5
28818014_MinPolqaSfbRecording_cut.wav,3.8,1.095445115,0.960199979,5
28418537_MinPolqaSfbRecording_cut.wav,4.0,0.707106781,0.619806421,5
30249818_MinPolqaSfbRecording_cut.wav,1.8,0.447213595,0.392,5
30255181_MinPolqaSfbRecording_cut.wav,1.8,0.836660027,0.733364848,5
30087325_MinPolqaSfbRecording_cut.wav,3.4,0.547722558,0.48009999,5
30097950_MinPolqaSfbRecording_cut.wav,1.0,0.0,0.0,5
30257950_MinPolqaSfbRecording_cut.wav,1.6,0.894427191,0.784,5
30413907_MinPolqaSfbRecording_cut.wav,3.5,0.577350269,0.565803264,4
30472673_MinPolqaSfbRecording_cut.wav,3.5,0.577350269,0.565803264,4
30404877_MinPolqaSfbRecording_cut.wav,3.5,1.0,0.98,4
30508704_MinPolqaSfbRecording_cut.wav,3.0,0.816496581,0.800166649,4
30189465_MinPolqaSfbRecording_cut.wav,2.75,0.957427108,0.938278566,4
30251638_MinPolqaSfbRecording_cut.wav,2.75,0.957427108,0.938278566,4
30148005_MinPolqaSfbRecording_cut.wav,3.0,0.816496581,0.800166649,4
30442330_MinPolqaSfbRecording_cut.wav,4.0,0.816496581,0.800166649,4
30060741_MinPolqaSfbRecording_cut.wav,1.4,0.547722558,0.48009999,5
30093719_MinPolqaSfbRecording_cut.wav,2.6,1.341640786,1.176,5
30110257_MinPolqaSfbRecording_cut.wav,3.6,1.140175425,0.999407825,5
29056146_MinPolqaSfbRecording_cut.wav,4.6,0.894427191,0.784,5
30481929_MinPolqaSfbRecording_cut.wav,3.6,1.140175425,0.999407825,5
29530826_MinPolqaSfbRecording_cut.wav,3.8,0.836660027,0.733364848,5
30082048_MinPolqaSfbRecording_cut.wav,2.4,0.547722558,0.48009999,5
30174176_MinPolqaSfbRecording_cut.wav,3.8,0.447213595,0.392,5
30063959_MinPolqaSfbRecording_cut.wav,4.2,0.447213595,0.392,5
28300129_MinPolqaSfbRecording_cut.wav,4.0,0.707106781,0.619806421,5
30069531_MinPolqaSfbRecording_cut.wav,2.6,0.547722558,0.48009999,5
30160747_MinPolqaSfbRecording_cut.wav,2.6,0.547722558,0.48009999,5
30451433_MinPolqaSfbRecording_cut.wav,3.0,0.707106781,0.619806421,5
30445035_MinPolqaSfbRecording_cut.wav,1.2,0.447213595,0.392,5
30472667_MinPolqaSfbRecording_cut.wav,3.2,1.095445115,0.960199979,5
30432808_MinPolqaSfbRecording_cut.wav,1.8,0.447213595,0.392,5
27771812_MinPolqaSfbRecording_cut.wav,3.5,0.577350269,0.565803264,4
30076573_MinPolqaSfbRecording_cut.wav,2.75,0.5,0.49,4
30067910_MinPolqaSfbRecording_cut.wav,1.75,0.957427108,0.938278566,4
30060452_MinPolqaSfbRecording_cut.wav,1.75,0.957427108,0.938278566,4
30256804_MinPolqaSfbRecording_cut.wav,4.25,0.5,0.49,4
30256909_MinPolqaSfbRecording_cut.wav,1.5,1.0,0.98,4
30159131_MinPolqaSfbRecording_cut.wav,3.75,0.5,0.49,4
30108070_MinPolqaSfbRecording_cut.wav,1.25,0.5,0.49,4
30091672_MinPolqaSfbRecording_cut.wav,2.25,0.957427108,0.938278566,4
30163365_MinPolqaSfbRecording_cut.wav,1.75,0.957427108,0.938278566,4
30426783_MinPolqaSfbRecording_cut.wav,1.666666667,0.577350269,0.653333333,3
30472304_MinPolqaSfbRecording_cut.wav,2.333333333,0.577350269,0.653333333,3
30497718_MinPolqaSfbRecording_cut.wav,2.0,0.0,0.0,3
30098445_MinPolqaSfbRecording_cut.wav,2.0,0.0,0.0,3
30105323_MinPolqaSfbRecording_cut.wav,3.333333333,0.577350269,0.653333333,3
30065471_MinPolqaSfbRecording_cut.wav,2.666666667,0.577350269,0.653333333,3
27522699_MinPolqaSfbRecording_cut.wav,4.333333333,0.577350269,0.653333333,3
30255126_MinPolqaSfbRecording_cut.wav,2.333333333,1.527525232,1.728557523,3
30147111_MinPolqaSfbRecording_cut.wav,2.0,1.0,1.131606528,3
30129604_MinPolqaSfbRecording_cut.wav,3.333333333,1.527525232,1.728557523,3
30132126_MinPolqaSfbRecording_cut.wav,4.0,1.0,1.131606528,3
28071749_MinPolqaSfbRecording_cut.wav,4.666666667,0.577350269,0.653333333,3
27832473_MinPolqaSfbRecording_cut.wav,3.0,1.0,1.131606528,3
30460706_MinPolqaSfbRecording_cut.wav,2.0,1.0,1.131606528,3
30072799_MinPolqaSfbRecording_cut.wav,2.333333333,1.154700538,1.306666667,3
30070001_MinPolqaSfbRecording_cut.wav,2.4,0.894427191,0.784,5
30434870_MinPolqaSfbRecording_cut.wav,1.4,0.547722558,0.48009999,5
30109340_MinPolqaSfbRecording_cut.wav,2.2,0.447213595,0.392,5
30491239_MinPolqaSfbRecording_cut.wav,1.4,0.547722558,0.48009999,5
30128404_MinPolqaSfbRecording_cut.wav,4.0,1.0,0.876538647,5
30506396_MinPolqaSfbRecording_cut.wav,2.6,0.547722558,0.48009999,5
30097744_MinPolqaSfbRecording_cut.wav,1.4,0.547722558,0.48009999,5
30084316_MinPolqaSfbRecording_cut.wav,4.2,0.447213595,0.392,5
30071076_MinPolqaSfbRecording_cut.wav,1.5,0.577350269,0.565803264,4
30184695_MinPolqaSfbRecording_cut.wav,1.0,0.0,0.0,4
30126118_MinPolqaSfbRecording_cut.wav,2.5,0.577350269,0.565803264,4
30073267_MinPolqaSfbRecording_cut.wav,1.0,0.0,0.0,4
30106052_MinPolqaSfbRecording_cut.wav,2.0,0.0,0.0,4
30478570_MinPolqaSfbRecording_cut.wav,1.25,0.5,0.49,4
29539699_MinPolqaSfbRecording_cut.wav,2.0,0.0,0.0,4
28016256_MinPolqaSfbRecording_cut.wav,3.25,0.957427108,0.938278566,4
30184933_MinPolqaSfbRecording_cut.wav,3.2,1.095445115,0.960199979,5
30060050_MinPolqaSfbRecording_cut.wav,1.8,0.836660027,0.733364848,5
30201683_MinPolqaSfbRecording_cut.wav,2.2,0.836660027,0.733364848,5
30161552_MinPolqaSfbRecording_cut.wav,1.6,0.894427191,0.784,5
30414183_MinPolqaSfbRecording_cut.wav,3.0,1.414213562,1.239612843,5
28601317_MinPolqaSfbRecording_cut.wav,3.6,1.140175425,0.999407825,5
28774220_MinPolqaSfbRecording_cut.wav,3.8,1.095445115,0.960199979,5
30061075_MinPolqaSfbRecording_cut.wav,2.6,0.547722558,0.48009999,5
30151355_MinPolqaSfbRecording_cut.wav,1.6,0.894427191,0.784,5
30421950_MinPolqaSfbRecording_cut.wav,1.25,0.5,0.49,4
30474916_MinPolqaSfbRecording_cut.wav,2.25,0.5,0.49,4
30174737_MinPolqaSfbRecording_cut.wav,3.5,0.577350269,0.565803264,4
30478424_MinPolqaSfbRecording_cut.wav,3.0,0.0,0.0,4
30179645_MinPolqaSfbRecording_cut.wav,1.75,0.5,0.49,4
30137550_MinPolqaSfbRecording_cut.wav,3.25,0.5,0.49,4
30113985_MinPolqaSfbRecording_cut.wav,3.8,0.447213595,0.392,5
30106568_MinPolqaSfbRecording_cut.wav,3.0,0.707106781,0.619806421,5
30212371_MinPolqaSfbRecording_cut.wav,2.6,0.547722558,0.48009999,5
30163315_MinPolqaSfbRecording_cut.wav,1.0,0.0,0.0,5
30076001_MinPolqaSfbRecording_cut.wav,2.2,0.447213595,0.392,5
30073193_MinPolqaSfbRecording_cut.wav,2.4,0.547722558,0.48009999,5
28866819_MinPolqaSfbRecording_cut.wav,3.6,0.547722558,0.48009999,5
27925286_MinPolqaSfbRecording_cut.wav,3.0,0.707106781,0.619806421,5
27575453_MinPolqaSfbRecording_cut.wav,3.4,0.547722558,0.48009999,5
30261006_MinPolqaSfbRecording_cut.wav,3.0,0.816496581,0.800166649,4
30096447_MinPolqaSfbRecording_cut.wav,3.25,0.957427108,0.938278566,4
30099301_MinPolqaSfbRecording_cut.wav,4.0,0.816496581,0.800166649,4
27795991_MinPolqaSfbRecording_cut.wav,4.25,0.5,0.49,4
30177714_MinPolqaSfbRecording_cut.wav,5.0,0.0,0.0,4
30523193_MinPolqaSfbRecording_cut.wav,3.0,0.816496581,0.800166649,4
30511072_MinPolqaSfbRecording_cut.wav,3.25,0.5,0.49,4
30092759_MinPolqaSfbRecording_cut.wav,3.5,1.0,0.98,4
30077959_MinPolqaSfbRecording_cut.wav,3.0,1.825741858,1.789227021,4
30256910_MinPolqaSfbRecording_cut.wav,2.25,1.5,1.47,4
28525657_MinPolqaSfbRecording_cut.wav,3.0,1.414213562,1.385929291,4
30516522_MinPolqaSfbRecording_cut.wav,2.0,1.414213562,1.385929291,4
30189267_MinPolqaSfbRecording_cut.wav,2.25,1.892969449,1.85511006,4
30183749_MinPolqaSfbRecording_cut.wav,3.75,0.5,0.49,4
30414228_MinPolqaSfbRecording_cut.wav,3.25,1.258305739,1.233139624,4
30096595_MinPolqaSfbRecording_cut.wav,2.25,0.957427108,0.938278566,4
30099062_MinPolqaSfbRecording_cut.wav,3.0,0.0,0.0,3
27875327_MinPolqaSfbRecording_cut.wav,4.0,0.0,0.0,3
30527661_MinPolqaSfbRecording_cut.wav,4.0,0.0,0.0,3
28758653_MinPolqaSfbRecording_cut.wav,4.0,1.0,1.131606528,3
30081736_MinPolqaSfbRecording_cut.wav,2.333333333,0.577350269,0.653333333,3
30080553_MinPolqaSfbRecording_cut.wav,3.0,0.0,0.0,3
30510542_MinPolqaSfbRecording_cut.wav,1.333333333,0.577350269,0.653333333,3
30136686_MinPolqaSfbRecording_cut.wav,4.0,1.0,1.131606528,3
30471757_MinPolqaSfbRecording_cut.wav,1.666666667,0.577350269,0.653333333,3
30135628_MinPolqaSfbRecording_cut.wav,1.0,0.0,0.0,3
30193426_MinPolqaSfbRecording_cut.wav,3.666666667,0.577350269,0.653333333,3
29542107_MinPolqaSfbRecording_cut.wav,4.0,0.0,0.0,3
30510089_MinPolqaSfbRecording_cut.wav,2.666666667,0.577350269,0.653333333,3
28791340_MinPolqaSfbRecording_cut.wav,2.0,1.0,1.131606528,3
30082883_MinPolqaSfbRecording_cut.wav,3.666666667,0.577350269,0.653333333,3
27981017_MinPolqaSfbRecording_cut.wav,2.333333333,1.154700538,1.306666667,3
30067295_MinPolqaSfbRecording_cut.wav,3.0,0.0,0.0,4
28676648_MinPolqaSfbRecording_cut.wav,3.5,0.577350269,0.565803264,4
30162004_MinPolqaSfbRecording_cut.wav,2.0,0.816496581,0.800166649,4
30477709_MinPolqaSfbRecording_cut.wav,2.25,0.5,0.49,4
30194450_MinPolqaSfbRecording_cut.wav,3.0,0.816496581,0.800166649,4
30136645_MinPolqaSfbRecording_cut.wav,2.75,0.5,0.49,4
30184031_MinPolqaSfbRecording_cut.wav,2.5,1.0,0.98,4
30067148_MinPolqaSfbRecording_cut.wav,2.6,0.547722558,0.48009999,5
30401545_MinPolqaSfbRecording_cut.wav,2.4,0.547722558,0.48009999,5
30174333_MinPolqaSfbRecording_cut.wav,2.2,0.836660027,0.733364848,5
30195001_MinPolqaSfbRecording_cut.wav,3.4,0.894427191,0.784,5
29541400_MinPolqaSfbRecording_cut.wav,1.4,0.894427191,0.784,5
30464772_MinPolqaSfbRecording_cut.wav,3.6,0.894427191,0.784,5
30213068_MinPolqaSfbRecording_cut.wav,1.8,0.836660027,0.733364848,5
27673212_MinPolqaSfbRecording_cut.wav,3.6,0.547722558,0.48009999,5
30083814_MinPolqaSfbRecording_cut.wav,1.666666667,1.154700538,1.306666667,3
30135567_MinPolqaSfbRecording_cut.wav,3.333333333,0.577350269,0.653333333,3
30497286_MinPolqaSfbRecording_cut.wav,4.0,1.0,1.131606528,3
30514396_MinPolqaSfbRecording_cut.wav,2.666666667,1.154700538,1.306666667,3
30480603_MinPolqaSfbRecording_cut.wav,2.0,1.732050808,1.96,3
30484705_MinPolqaSfbRecording_cut.wav,2.0,1.732050808,1.96,3
30069527_MinPolqaSfbRecording_cut.wav,3.0,1.732050808,1.96,3
28856951_MinPolqaSfbRecording_cut.wav,4.333333333,0.577350269,0.653333333,3
30437612_MinPolqaSfbRecording_cut.wav,3.333333333,0.577350269,0.653333333,3
30082121_MinPolqaSfbRecording_cut.wav,1.8,0.447213595,0.392,5
30177159_MinPolqaSfbRecording_cut.wav,2.6,0.547722558,0.48009999,5
30456285_MinPolqaSfbRecording_cut.wav,1.2,0.447213595,0.392,5
28198949_MinPolqaSfbRecording_cut.wav,4.6,0.547722558,0.48009999,5
30516528_MinPolqaSfbRecording_cut.wav,3.2,0.447213595,0.392,5
27727876_MinPolqaSfbRecording_cut.wav,4.0,0.707106781,0.619806421,5
30155755_MinPolqaSfbRecording_cut.wav,1.6,0.547722558,0.48009999,5
28926350_MinPolqaSfbRecording_cut.wav,2.75,0.5,0.49,4
29543735_MinPolqaSfbRecording_cut.wav,1.5,0.577350269,0.565803264,4
30061268_MinPolqaSfbRecording_cut.wav,4.0,1.154700538,1.131606528,4
30149841_MinPolqaSfbRecording_cut.wav,4.25,0.5,0.49,4
30189105_MinPolqaSfbRecording_cut.wav,3.25,0.5,0.49,4
30462809_MinPolqaSfbRecording_cut.wav,2.0,0.816496581,0.800166649,4
29556435_MinPolqaSfbRecording_cut.wav,2.75,1.258305739,1.233139624,4
30133478_MinPolqaSfbRecording_cut.wav,4.75,0.5,0.49,4
30195518_MinPolqaSfbRecording_cut.wav,3.666666667,1.154700538,1.306666667,3
30150488_MinPolqaSfbRecording_cut.wav,1.333333333,0.577350269,0.653333333,3
30128933_MinPolqaSfbRecording_cut.wav,1.333333333,0.577350269,0.653333333,3
30205237_MinPolqaSfbRecording_cut.wav,1.666666667,1.154700538,1.306666667,3
30522055_MinPolqaSfbRecording_cut.wav,3.333333333,0.577350269,0.653333333,3
30175072_MinPolqaSfbRecording_cut.wav,3.666666667,0.577350269,0.653333333,3
30474603_MinPolqaSfbRecording_cut.wav,3.666666667,1.154700538,1.306666667,3
30255133_MinPolqaSfbRecording_cut.wav,4.0,1.0,1.131606528,3
30473707_MinPolqaSfbRecording_cut.wav,2.0,1.0,1.131606528,3
28313409_MinPolqaSfbRecording_cut.wav,4.0,0.816496581,0.800166649,4
28290890_MinPolqaSfbRecording_cut.wav,3.5,0.577350269,0.565803264,4
28424473_MinPolqaSfbRecording_cut.wav,2.5,0.577350269,0.565803264,4
30501867_MinPolqaSfbRecording_cut.wav,1.5,0.577350269,0.565803264,4
30513202_MinPolqaSfbRecording_cut.wav,3.0,1.825741858,1.789227021,4
30163141_MinPolqaSfbRecording_cut.wav,3.75,0.5,0.49,4
30425230_MinPolqaSfbRecording_cut.wav,4.0,0.816496581,0.800166649,4
27906472_MinPolqaSfbRecording_cut.wav,4.5,0.577350269,0.565803264,4
27916517_MinPolqaSfbRecording_cut.wav,4.5,0.577350269,0.565803264,4
30082777_MinPolqaSfbRecording_cut.wav,3.5,0.577350269,0.565803264,4
30255278_MinPolqaSfbRecording_cut.wav,2.5,1.0,0.98,4
29539147_MinPolqaSfbRecording_cut.wav,3.8,0.447213595,0.392,5
30082677_MinPolqaSfbRecording_cut.wav,3.4,1.140175425,0.999407825,5
30254585_MinPolqaSfbRecording_cut.wav,4.0,1.0,0.876538647,5
27663339_MinPolqaSfbRecording_cut.wav,4.2,0.836660027,0.733364848,5
30143906_MinPolqaSfbRecording_cut.wav,2.8,0.836660027,0.733364848,5
30128792_MinPolqaSfbRecording_cut.wav,3.4,0.547722558,0.48009999,5
30404393_MinPolqaSfbRecording_cut.wav,4.2,0.447213595,0.392,5
28418782_MinPolqaSfbRecording_cut.wav,2.6,1.140175425,0.999407825,5
30482540_MinPolqaSfbRecording_cut.wav,3.4,0.894427191,0.784,5
30256815_MinPolqaSfbRecording_cut.wav,2.8,1.303840481,1.142866571,5
30198624_MinPolqaSfbRecording_cut.wav,3.2,1.095445115,0.960199979,5
29533312_MinPolqaSfbRecording_cut.wav,3.4,0.894427191,0.784,5
30455172_MinPolqaSfbRecording_cut.wav,2.6,1.516575089,1.329336677,5
30125630_MinPolqaSfbRecording_cut.wav,2.8,1.303840481,1.142866571,5
28444755_MinPolqaSfbRecording_cut.wav,3.2,0.447213595,0.392,5
29543165_MinPolqaSfbRecording_cut.wav,2.0,0.816496581,0.800166649,4
30128642_MinPolqaSfbRecording_cut.wav,3.75,0.5,0.49,4
30167145_MinPolqaSfbRecording_cut.wav,3.75,0.5,0.49,4
27848699_MinPolqaSfbRecording_cut.wav,3.75,0.957427108,0.938278566,4
30142682_MinPolqaSfbRecording_cut.wav,2.75,0.5,0.49,4
28470139_MinPolqaSfbRecording_cut.wav,2.5,1.0,0.98,4
30102851_MinPolqaSfbRecording_cut.wav,3.5,0.577350269,0.565803264,4
27588809_MinPolqaSfbRecording_cut.wav,4.0,0.816496581,0.800166649,4
30139383_MinPolqaSfbRecording_cut.wav,2.75,0.957427108,0.938278566,4
30504890_MinPolqaSfbRecording_cut.wav,4.4,0.547722558,0.48009999,5
29542441_MinPolqaSfbRecording_cut.wav,3.4,0.547722558,0.48009999,5
30064961_MinPolqaSfbRecording_cut.wav,4.0,0.707106781,0.619806421,5
28634763_MinPolqaSfbRecording_cut.wav,4.2,0.836660027,0.733364848,5
30161142_MinPolqaSfbRecording_cut.wav,3.0,1.0,0.876538647,5
27974559_MinPolqaSfbRecording_cut.wav,4.2,0.447213595,0.392,5
30506352_MinPolqaSfbRecording_cut.wav,2.8,1.095445115,0.960199979,5
30108730_MinPolqaSfbRecording_cut.wav,4.0,1.0,0.876538647,5
30212265_MinPolqaSfbRecording_cut.wav,2.25,0.957427108,0.938278566,4
30254480_MinPolqaSfbRecording_cut.wav,3.25,0.5,0.49,4
30526670_MinPolqaSfbRecording_cut.wav,3.25,1.258305739,1.233139624,4
30096347_MinPolqaSfbRecording_cut.wav,3.0,0.816496581,0.800166649,4
30458363_MinPolqaSfbRecording_cut.wav,1.25,0.5,0.49,4
30467006_MinPolqaSfbRecording_cut.wav,3.5,0.577350269,0.565803264,4
30171306_MinPolqaSfbRecording_cut.wav,2.5,0.577350269,0.565803264,4
30128659_MinPolqaSfbRecording_cut.wav,2.75,1.258305739,1.233139624,4
28939743_MinPolqaSfbRecording_cut.wav,3.5,0.577350269,0.565803264,4
30426311_MinPolqaSfbRecording_cut.wav,1.75,0.5,0.49,4
30150764_MinPolqaSfbRecording_cut.wav,2.75,1.5,1.47,4
30504711_MinPolqaSfbRecording_cut.wav,3.5,1.0,0.98,4
30106381_MinPolqaSfbRecording_cut.wav,2.0,1.154700538,1.131606528,4
27749143_MinPolqaSfbRecording_cut.wav,3.75,0.5,0.49,4
30519805_MinPolqaSfbRecording_cut.wav,4.0,0.816496581,0.800166649,4
30129829_MinPolqaSfbRecording_cut.wav,3.75,1.258305739,1.233139624,4
30202450_MinPolqaSfbRecording_cut.wav,3.75,0.5,0.49,4
30463730_MinPolqaSfbRecording_cut.wav,3.0,2.0,2.263213055,3
27856222_MinPolqaSfbRecording_cut.wav,3.666666667,0.577350269,0.653333333,3
27808547_MinPolqaSfbRecording_cut.wav,4.0,0.0,0.0,3
30460414_MinPolqaSfbRecording_cut.wav,1.333333333,0.577350269,0.653333333,3
30264143_MinPolqaSfbRecording_cut.wav,2.333333333,1.154700538,1.306666667,3
30470286_MinPolqaSfbRecording_cut.wav,2.0,1.0,1.131606528,3
30162844_MinPolqaSfbRecording_cut.wav,1.333333333,0.577350269,0.653333333,3
30468005_MinPolqaSfbRecording_cut.wav,1.333333333,0.577350269,0.653333333,3
30209330_MinPolqaSfbRecording_cut.wav,2.25,0.957427108,0.938278566,4
30150091_MinPolqaSfbRecording_cut.wav,2.25,0.5,0.49,4
28520461_MinPolqaSfbRecording_cut.wav,3.25,0.5,0.49,4
30076244_MinPolqaSfbRecording_cut.wav,4.0,0.0,0.0,4
28326355_MinPolqaSfbRecording_cut.wav,3.0,0.816496581,0.800166649,4
30127848_MinPolqaSfbRecording_cut.wav,2.25,0.5,0.49,4
30076017_MinPolqaSfbRecording_cut.wav,3.25,1.258305739,1.233139624,4
30061991_MinPolqaSfbRecording_cut.wav,1.5,0.577350269,0.565803264,4
30255247_MinPolqaSfbRecording_cut.wav,3.2,1.095445115,0.960199979,5
30084505_MinPolqaSfbRecording_cut.wav,1.2,0.447213595,0.392,5
27733139_MinPolqaSfbRecording_cut.wav,2.8,0.836660027,0.733364848,5
30127005_MinPolqaSfbRecording_cut.wav,2.6,0.894427191,0.784,5
30097699_MinPolqaSfbRecording_cut.wav,1.8,0.447213595,0.392,5
30092286_MinPolqaSfbRecording_cut.wav,4.0,0.707106781,0.619806421,5
30508602_MinPolqaSfbRecording_cut.wav,3.6,0.547722558,0.48009999,5
28767959_MinPolqaSfbRecording_cut.wav,4.4,0.547722558,0.48009999,5
27557391_MinPolqaSfbRecording_cut.wav,4.2,1.095445115,0.960199979,5
30444872_MinPolqaSfbRecording_cut.wav,1.8,1.303840481,1.142866571,5
30149280_MinPolqaSfbRecording_cut.wav,3.8,1.095445115,0.960199979,5
30479436_MinPolqaSfbRecording_cut.wav,2.4,0.894427191,0.784,5
30125210_MinPolqaSfbRecording_cut.wav,1.4,0.547722558,0.48009999,5
29544163_MinPolqaSfbRecording_cut.wav,2.0,1.224744871,1.073536213,5
30183037_MinPolqaSfbRecording_cut.wav,3.5,0.707106781,0.98,2
30465368_MinPolqaSfbRecording_cut.wav,2.0,0.0,0.0,2
30145940_MinPolqaSfbRecording_cut.wav,1.0,0.0,0.0,2
30406508_MinPolqaSfbRecording_cut.wav,1.0,0.0,0.0,2
30424002_MinPolqaSfbRecording_cut.wav,2.0,1.414213562,1.96,2
30442478_MinPolqaSfbRecording_cut.wav,1.5,0.707106781,0.98,2
29532500_MinPolqaSfbRecording_cut.wav,3.4,0.547722558,0.48009999,5
30126113_MinPolqaSfbRecording_cut.wav,3.6,1.140175425,0.999407825,5
30247503_MinPolqaSfbRecording_cut.wav,3.4,1.140175425,0.999407825,5
30072946_MinPolqaSfbRecording_cut.wav,2.6,0.894427191,0.784,5
27879762_MinPolqaSfbRecording_cut.wav,4.2,0.836660027,0.733364848,5
30509526_MinPolqaSfbRecording_cut.wav,3.4,0.894427191,0.784,5
30175252_MinPolqaSfbRecording_cut.wav,1.8,1.303840481,1.142866571,5
27650889_MinPolqaSfbRecording_cut.wav,3.8,0.836660027,0.733364848,5
30164389_MinPolqaSfbRecording_cut.wav,3.2,0.836660027,0.733364848,5
30099168_MinPolqaSfbRecording_cut.wav,1.4,0.547722558,0.48009999,5
30123548_MinPolqaSfbRecording_cut.wav,4.0,1.0,0.876538647,5
30122875_MinPolqaSfbRecording_cut.wav,1.8,1.095445115,0.960199979,5
27749035_MinPolqaSfbRecording_cut.wav,4.0,0.707106781,0.619806421,5
29004561_MinPolqaSfbRecording_cut.wav,4.2,1.095445115,0.960199979,5
30071010_MinPolqaSfbRecording_cut.wav,1.8,0.836660027,0.733364848,5
30127242_MinPolqaSfbRecording_cut.wav,2.2,0.447213595,0.392,5
30255176_MinPolqaSfbRecording_cut.wav,1.25,0.5,0.49,4
27967784_MinPolqaSfbRecording_cut.wav,4.0,0.0,0.0,4
30425029_MinPolqaSfbRecording_cut.wav,1.25,0.5,0.49,4
27665433_MinPolqaSfbRecording_cut.wav,2.75,0.5,0.49,4
30164332_MinPolqaSfbRecording_cut.wav,2.25,0.957427108,0.938278566,4
30503118_MinPolqaSfbRecording_cut.wav,1.0,0.0,0.0,4
30523073_MinPolqaSfbRecording_cut.wav,2.25,0.5,0.49,4
30444601_MinPolqaSfbRecording_cut.wav,1.5,0.577350269,0.565803264,4
27872469_MinPolqaSfbRecording_cut.wav,4.0,0.816496581,0.800166649,4
28081127_MinPolqaSfbRecording_cut.wav,4.25,0.957427108,0.938278566,4
30477891_MinPolqaSfbRecording_cut.wav,3.0,0.816496581,0.800166649,4
30205301_MinPolqaSfbRecording_cut.wav,2.75,1.258305739,1.233139624,4
30504092_MinPolqaSfbRecording_cut.wav,1.75,0.957427108,0.938278566,4
29013025_MinPolqaSfbRecording_cut.wav,4.25,0.957427108,0.938278566,4
30140684_MinPolqaSfbRecording_cut.wav,2.0,0.816496581,0.800166649,4
30469308_MinPolqaSfbRecording_cut.wav,2.5,1.290994449,1.26517456,4
30082106_MinPolqaSfbRecording_cut.wav,3.5,0.577350269,0.565803264,4
30117859_MinPolqaSfbRecording_cut.wav,1.5,0.577350269,0.565803264,4
28493997_MinPolqaSfbRecording_cut.wav,3.75,0.5,0.49,4
30156133_MinPolqaSfbRecording_cut.wav,1.75,0.957427108,0.938278566,4
28590482_MinPolqaSfbRecording_cut.wav,3.75,0.957427108,0.938278566,4
30252483_MinPolqaSfbRecording_cut.wav,2.25,0.957427108,0.938278566,4
30151800_MinPolqaSfbRecording_cut.wav,1.75,0.957427108,0.938278566,4
27579435_MinPolqaSfbRecording_cut.wav,4.25,0.957427108,0.938278566,4
28336796_MinPolqaSfbRecording_cut.wav,3.75,0.5,0.49,4
30428911_MinPolqaSfbRecording_cut.wav,3.25,1.258305739,1.233139624,4
30425008_MinPolqaSfbRecording_cut.wav,3.25,0.5,0.49,4
30505949_MinPolqaSfbRecording_cut.wav,1.75,0.957427108,0.938278566,4
27732138_MinPolqaSfbRecording_cut.wav,4.25,0.957427108,0.938278566,4
30070563_MinPolqaSfbRecording_cut.wav,3.75,0.957427108,0.938278566,4
30450304_MinPolqaSfbRecording_cut.wav,2.25,1.892969449,1.85511006,4
30205398_MinPolqaSfbRecording_cut.wav,3.25,0.957427108,0.938278566,4
29534167_MinPolqaSfbRecording_cut.wav,2.5,1.0,0.98,4
28063234_MinPolqaSfbRecording_cut.wav,3.75,0.5,0.49,4
30454496_MinPolqaSfbRecording_cut.wav,2.25,1.892969449,1.85511006,4
28622415_MinPolqaSfbRecording_cut.wav,3.75,0.5,0.49,4
30426891_MinPolqaSfbRecording_cut.wav,2.5,1.914854216,1.876557131,4
28155024_MinPolqaSfbRecording_cut.wav,4.0,0.707106781,0.619806421,5
30412606_MinPolqaSfbRecording_cut.wav,3.4,1.140175425,0.999407825,5
29541584_MinPolqaSfbRecording_cut.wav,4.0,0.707106781,0.619806421,5
30080769_MinPolqaSfbRecording_cut.wav,4.2,0.836660027,0.733364848,5
30512037_MinPolqaSfbRecording_cut.wav,3.6,0.894427191,0.784,5
30082529_MinPolqaSfbRecording_cut.wav,3.8,0.836660027,0.733364848,5
30431718_MinPolqaSfbRecording_cut.wav,2.6,0.894427191,0.784,5
30096409_MinPolqaSfbRecording_cut.wav,1.2,0.447213595,0.392,5
30091523_MinPolqaSfbRecording_cut.wav,2.8,0.447213595,0.392,5
29529685_MinPolqaSfbRecording_cut.wav,3.2,0.836660027,0.733364848,5
30206669_MinPolqaSfbRecording_cut.wav,1.4,0.894427191,0.784,5
28908398_MinPolqaSfbRecording_cut.wav,3.8,0.447213595,0.392,5
30507423_MinPolqaSfbRecording_cut.wav,4.0,0.707106781,0.619806421,5
30068585_MinPolqaSfbRecording_cut.wav,1.2,0.447213595,0.392,5
30090912_MinPolqaSfbRecording_cut.wav,3.4,0.894427191,0.784,5
28874054_MinPolqaSfbRecording_cut.wav,3.6,0.547722558,0.48009999,5
28779830_MinPolqaSfbRecording_cut.wav,4.4,0.894427191,0.784,5
28346087_MinPolqaSfbRecording_cut.wav,3.6,0.894427191,0.784,5
30510181_MinPolqaSfbRecording_cut.wav,3.0,1.58113883,1.385929291,5
30145299_MinPolqaSfbRecording_cut.wav,3.2,1.303840481,1.142866571,5
30192946_MinPolqaSfbRecording_cut.wav,3.8,1.095445115,0.960199979,5
30083001_MinPolqaSfbRecording_cut.wav,3.4,1.341640786,1.176,5
30133954_MinPolqaSfbRecording_cut.wav,3.6,1.140175425,0.999407825,5
29534022_MinPolqaSfbRecording_cut.wav,3.4,1.140175425,0.999407825,5
27733457_MinPolqaSfbRecording_cut.wav,4.2,0.836660027,0.733364848,5
30156751_MinPolqaSfbRecording_cut.wav,2.4,1.516575089,1.329336677,5
30060431_MinPolqaSfbRecording_cut.wav,1.75,0.5,0.49,4
28024788_MinPolqaSfbRecording_cut.wav,4.0,0.816496581,0.800166649,4
30087589_MinPolqaSfbRecording_cut.wav,2.5,1.290994449,1.26517456,4
27938712_MinPolqaSfbRecording_cut.wav,4.25,0.957427108,0.938278566,4
30162874_MinPolqaSfbRecording_cut.wav,3.25,0.5,0.49,4
30461443_MinPolqaSfbRecording_cut.wav,4.0,0.816496581,0.800166649,4
30257319_MinPolqaSfbRecording_cut.wav,2.75,0.5,0.49,4
30505849_MinPolqaSfbRecording_cut.wav,2.5,0.577350269,0.565803264,4
30483557_MinPolqaSfbRecording_cut.wav,2.75,0.957427108,0.938278566,4
28873183_MinPolqaSfbRecording_cut.wav,3.6,0.894427191,0.784,5
30134060_MinPolqaSfbRecording_cut.wav,2.2,0.836660027,0.733364848,5
30171639_MinPolqaSfbRecording_cut.wav,1.4,0.547722558,0.48009999,5
30129988_MinPolqaSfbRecording_cut.wav,2.4,0.547722558,0.48009999,5
30503331_MinPolqaSfbRecording_cut.wav,1.8,0.836660027,0.733364848,5
30147966_MinPolqaSfbRecording_cut.wav,3.2,1.095445115,0.960199979,5
30423839_MinPolqaSfbRecording_cut.wav,2.6,0.894427191,0.784,5
30169231_MinPolqaSfbRecording_cut.wav,3.6,0.547722558,0.48009999,5
30252292_MinPolqaSfbRecording_cut.wav,3.6,1.140175425,0.999407825,5
30486124_MinPolqaSfbRecording_cut.wav,1.6,0.547722558,0.48009999,5
30126846_MinPolqaSfbRecording_cut.wav,3.333333333,0.577350269,0.653333333,3
30208125_MinPolqaSfbRecording_cut.wav,4.0,1.0,1.131606528,3
30083811_MinPolqaSfbRecording_cut.wav,2.0,1.0,1.131606528,3
30076574_MinPolqaSfbRecording_cut.wav,4.0,1.0,1.131606528,3
30258674_MinPolqaSfbRecording_cut.wav,2.333333333,0.577350269,0.653333333,3
30118349_MinPolqaSfbRecording_cut.wav,1.666666667,0.577350269,0.653333333,3
28433921_MinPolqaSfbRecording_cut.wav,5.0,0.0,0.0,3
30143842_MinPolqaSfbRecording_cut.wav,3.5,0.707106781,0.98,2
28221106_MinPolqaSfbRecording_cut.wav,4.0,1.414213562,1.96,2
30444475_MinPolqaSfbRecording_cut.wav,3.0,0.0,0.0,2
30161202_MinPolqaSfbRecording_cut.wav,1.0,0.0,0.0,2
30514014_MinPolqaSfbRecording_cut.wav,3.5,0.707106781,0.98,2
30178066_MinPolqaSfbRecording_cut.wav,3.0,0.0,0.0,2
30084856_MinPolqaSfbRecording_cut.wav,3.5,0.707106781,0.98,2
28540900_MinPolqaSfbRecording_cut.wav,3.5,0.707106781,0.98,2
30164810_MinPolqaSfbRecording_cut.wav,3.0,1.414213562,1.96,2
28357573_MinPolqaSfbRecording_cut.wav,4.6,0.547722558,0.48009999,5
30067220_MinPolqaSfbRecording_cut.wav,2.2,1.303840481,1.142866571,5
30261971_MinPolqaSfbRecording_cut.wav,1.6,1.341640786,1.176,5
30515016_MinPolqaSfbRecording_cut.wav,2.2,1.303840481,1.142866571,5
30119607_MinPolqaSfbRecording_cut.wav,1.6,1.341640786,1.176,5
30156158_MinPolqaSfbRecording_cut.wav,2.6,0.894427191,0.784,5
30430705_MinPolqaSfbRecording_cut.wav,3.4,0.547722558,0.48009999,5
27808072_MinPolqaSfbRecording_cut.wav,3.75,0.5,0.49,4
30186561_MinPolqaSfbRecording_cut.wav,1.75,0.957427108,0.938278566,4
30456277_MinPolqaSfbRecording_cut.wav,1.0,0.0,0.0,4
30479723_MinPolqaSfbRecording_cut.wav,2.75,0.5,0.49,4
27775568_MinPolqaSfbRecording_cut.wav,3.75,0.957427108,0.938278566,4
30195748_MinPolqaSfbRecording_cut.wav,3.5,0.577350269,0.565803264,4
30129969_MinPolqaSfbRecording_cut.wav,2.5,1.0,0.98,4
28964019_MinPolqaSfbRecording_cut.wav,2.5,0.577350269,0.565803264,4
30509532_MinPolqaSfbRecording_cut.wav,1.25,0.5,0.49,4
30096882_MinPolqaSfbRecording_cut.wav,2.25,0.5,0.49,4
30064972_MinPolqaSfbRecording_cut.wav,2.25,0.5,0.49,4
30431788_MinPolqaSfbRecording_cut.wav,2.0,0.816496581,0.800166649,4
30508995_MinPolqaSfbRecording_cut.wav,2.0,0.816496581,0.800166649,4
30426385_MinPolqaSfbRecording_cut.wav,1.25,0.5,0.49,4
28106840_MinPolqaSfbRecording_cut.wav,4.0,0.816496581,0.800166649,4
30439337_MinPolqaSfbRecording_cut.wav,1.5,0.577350269,0.565803264,4
30105098_MinPolqaSfbRecording_cut.wav,2.5,0.577350269,0.565803264,4
30527935_MinPolqaSfbRecording_cut.wav,2.25,1.258305739,1.233139624,4
30425324_MinPolqaSfbRecording_cut.wav,3.75,0.957427108,0.938278566,4
30527066_MinPolqaSfbRecording_cut.wav,4.0,0.0,0.0,2
30260788_MinPolqaSfbRecording_cut.wav,4.0,0.0,0.0,2
30255702_MinPolqaSfbRecording_cut.wav,4.5,0.707106781,0.98,2
28454182_MinPolqaSfbRecording_cut.wav,4.0,0.0,0.0,2
30157290_MinPolqaSfbRecording_cut.wav,3.0,1.414213562,1.96,2
28152856_MinPolqaSfbRecording_cut.wav,4.6,0.547722558,0.48009999,5
30075208_MinPolqaSfbRecording_cut.wav,1.6,1.341640786,1.176,5
30097158_MinPolqaSfbRecording_cut.wav,3.8,0.447213595,0.392,5
30164162_MinPolqaSfbRecording_cut.wav,1.8,1.303840481,1.142866571,5
30470098_MinPolqaSfbRecording_cut.wav,3.4,0.547722558,0.48009999,5
30482925_MinPolqaSfbRecording_cut.wav,1.6,0.894427191,0.784,5
30440045_MinPolqaSfbRecording_cut.wav,2.8,1.303840481,1.142866571,5
30202095_MinPolqaSfbRecording_cut.wav,2.5,0.577350269,0.565803264,4
30183108_MinPolqaSfbRecording_cut.wav,2.0,0.816496581,0.800166649,4
30117973_MinPolqaSfbRecording_cut.wav,1.75,0.957427108,0.938278566,4
30092228_MinPolqaSfbRecording_cut.wav,2.5,1.0,0.98,4
30457950_MinPolqaSfbRecording_cut.wav,2.0,0.816496581,0.800166649,4
30417087_MinPolqaSfbRecording_cut.wav,2.5,1.290994449,1.26517456,4
30521499_MinPolqaSfbRecording_cut.wav,1.75,0.957427108,0.938278566,4
30070491_MinPolqaSfbRecording_cut.wav,1.25,0.5,0.49,4
30101963_MinPolqaSfbRecording_cut.wav,1.75,0.957427108,0.938278566,4
30194686_MinPolqaSfbRecording_cut.wav,2.5,1.290994449,1.26517456,4
30120850_MinPolqaSfbRecording_cut.wav,2.2,1.303840481,1.142866571,5
29529963_MinPolqaSfbRecording_cut.wav,2.0,1.224744871,1.073536213,5
30201130_MinPolqaSfbRecording_cut.wav,1.6,1.341640786,1.176,5
29536454_MinPolqaSfbRecording_cut.wav,2.0,1.732050808,1.518209472,5
30110709_MinPolqaSfbRecording_cut.wav,2.8,1.643167673,1.440299969,5
30492633_MinPolqaSfbRecording_cut.wav,2.2,1.095445115,0.960199979,5
30515015_MinPolqaSfbRecording_cut.wav,2.0,1.414213562,1.239612843,5
30152506_MinPolqaSfbRecording_cut.wav,1.8,1.303840481,1.142866571,5
30083862_MinPolqaSfbRecording_cut.wav,2.8,0.836660027,0.733364848,5
30482549_MinPolqaSfbRecording_cut.wav,3.8,0.447213595,0.392,5
30212310_MinPolqaSfbRecording_cut.wav,2.25,0.957427108,0.938278566,4
28721874_MinPolqaSfbRecording_cut.wav,4.0,0.0,0.0,4
30082628_MinPolqaSfbRecording_cut.wav,2.75,0.5,0.49,4
30252507_MinPolqaSfbRecording_cut.wav,2.25,0.957427108,0.938278566,4
30254279_MinPolqaSfbRecording_cut.wav,2.5,1.0,0.98,4
30064914_MinPolqaSfbRecording_cut.wav,2.25,0.957427108,0.938278566,4
30423537_MinPolqaSfbRecording_cut.wav,1.75,0.957427108,0.938278566,4
30193239_MinPolqaSfbRecording_cut.wav,2.25,0.957427108,0.938278566,4
30117915_MinPolqaSfbRecording_cut.wav,3.2,0.836660027,0.733364848,5
30139011_MinPolqaSfbRecording_cut.wav,2.6,0.894427191,0.784,5
30470628_MinPolqaSfbRecording_cut.wav,2.2,1.095445115,0.960199979,5
30212403_MinPolqaSfbRecording_cut.wav,4.0,1.732050808,1.518209472,5
30424215_MinPolqaSfbRecording_cut.wav,2.2,0.836660027,0.733364848,5
30097794_MinPolqaSfbRecording_cut.wav,1.8,0.836660027,0.733364848,5
30175123_MinPolqaSfbRecording_cut.wav,3.0,1.224744871,1.073536213,5
30208231_MinPolqaSfbRecording_cut.wav,2.6,1.673320053,1.466729696,5
30528191_MinPolqaSfbRecording_cut.wav,1.333333333,0.577350269,0.653333333,3
30100611_MinPolqaSfbRecording_cut.wav,1.666666667,0.577350269,0.653333333,3
30531167_MinPolqaSfbRecording_cut.wav,1.0,0.0,0.0,3
30082313_MinPolqaSfbRecording_cut.wav,2.666666667,1.154700538,1.306666667,3
30147989_MinPolqaSfbRecording_cut.wav,4.0,0.0,0.0,3
30189055_MinPolqaSfbRecording_cut.wav,2.666666667,0.577350269,0.653333333,3
30409575_MinPolqaSfbRecording_cut.wav,4.333333333,0.577350269,0.653333333,3
28511111_MinPolqaSfbRecording_cut.wav,3.666666667,0.577350269,0.653333333,3
30527023_MinPolqaSfbRecording_cut.wav,2.333333333,0.577350269,0.653333333,3
30065014_MinPolqaSfbRecording_cut.wav,1.25,0.5,0.49,4
28653651_MinPolqaSfbRecording_cut.wav,3.75,0.5,0.49,4
30193242_MinPolqaSfbRecording_cut.wav,3.75,0.957427108,0.938278566,4
27756115_MinPolqaSfbRecording_cut.wav,4.0,0.0,0.0,4
30506322_MinPolqaSfbRecording_cut.wav,3.75,0.5,0.49,4
29534455_MinPolqaSfbRecording_cut.wav,2.75,0.5,0.49,4
30493778_MinPolqaSfbRecording_cut.wav,2.75,0.5,0.49,4
30467073_MinPolqaSfbRecording_cut.wav,2.75,1.258305739,1.233139624,4
30467491_MinPolqaSfbRecording_cut.wav,2.75,0.5,0.49,4
30119967_MinPolqaSfbRecording_cut.wav,2.5,1.0,0.98,4
30122335_MinPolqaSfbRecording_cut.wav,1.75,0.5,0.49,4
27753575_MinPolqaSfbRecording_cut.wav,3.25,0.957427108,0.938278566,4
30456455_MinPolqaSfbRecording_cut.wav,3.0,0.816496581,0.800166649,4
30184947_MinPolqaSfbRecording_cut.wav,2.25,0.5,0.49,4
30158982_MinPolqaSfbRecording_cut.wav,3.0,0.816496581,0.800166649,4
30455802_MinPolqaSfbRecording_cut.wav,1.5,0.577350269,0.565803264,4
30096789_MinPolqaSfbRecording_cut.wav,2.25,1.892969449,1.85511006,4
30137132_MinPolqaSfbRecording_cut.wav,4.0,0.0,0.0,4
30180279_MinPolqaSfbRecording_cut.wav,2.5,1.0,0.98,4
29530772_MinPolqaSfbRecording_cut.wav,3.25,0.957427108,0.938278566,4
30253428_MinPolqaSfbRecording_cut.wav,3.5,0.577350269,0.565803264,4
29539643_MinPolqaSfbRecording_cut.wav,4.0,0.816496581,0.800166649,4
30189200_MinPolqaSfbRecording_cut.wav,4.5,0.577350269,0.565803264,4
30404880_MinPolqaSfbRecording_cut.wav,4.25,0.957427108,0.938278566,4
28430763_MinPolqaSfbRecording_cut.wav,4.5,0.577350269,0.565803264,4
30095435_MinPolqaSfbRecording_cut.wav,3.6,1.140175425,0.999407825,5
30166494_MinPolqaSfbRecording_cut.wav,4.4,0.547722558,0.48009999,5
30428497_MinPolqaSfbRecording_cut.wav,2.6,1.140175425,0.999407825,5
30425206_MinPolqaSfbRecording_cut.wav,2.0,1.0,0.876538647,5
30432725_MinPolqaSfbRecording_cut.wav,3.4,0.547722558,0.48009999,5
30463498_MinPolqaSfbRecording_cut.wav,1.6,1.341640786,1.176,5
27804150_MinPolqaSfbRecording_cut.wav,4.2,1.095445115,0.960199979,5
28460981_MinPolqaSfbRecording_cut.wav,1.8,0.836660027,0.733364848,5
28508176_MinPolqaSfbRecording_cut.wav,3.4,0.547722558,0.48009999,5
29542157_MinPolqaSfbRecording_cut.wav,2.0,1.0,0.876538647,5
30529818_MinPolqaSfbRecording_cut.wav,2.2,1.303840481,1.142866571,5
30157774_MinPolqaSfbRecording_cut.wav,3.2,1.095445115,0.960199979,5
28870919_MinPolqaSfbRecording_cut.wav,4.8,0.447213595,0.392,5
28109260_MinPolqaSfbRecording_cut.wav,3.4,0.547722558,0.48009999,5
30483758_MinPolqaSfbRecording_cut.wav,3.2,1.483239697,1.300116918,5
28982377_MinPolqaSfbRecording_cut.wav,3.8,0.447213595,0.392,5
30528859_MinPolqaSfbRecording_cut.wav,3.0,1.224744871,1.073536213,5
30135722_MinPolqaSfbRecording_cut.wav,2.6,1.140175425,0.999407825,5
30189526_MinPolqaSfbRecording_cut.wav,2.2,1.303840481,1.142866571,5
28242470_MinPolqaSfbRecording_cut.wav,4.8,0.447213595,0.392,5
30261413_MinPolqaSfbRecording_cut.wav,3.25,0.5,0.49,4
30257817_MinPolqaSfbRecording_cut.wav,3.25,0.5,0.49,4
30249566_MinPolqaSfbRecording_cut.wav,3.75,0.957427108,0.938278566,4
30193184_MinPolqaSfbRecording_cut.wav,4.5,0.577350269,0.565803264,4
30193391_MinPolqaSfbRecording_cut.wav,4.25,0.5,0.49,4
30487922_MinPolqaSfbRecording_cut.wav,3.75,1.258305739,1.233139624,4
30423889_MinPolqaSfbRecording_cut.wav,3.5,1.0,0.98,4
27514132_MinPolqaSfbRecording_cut.wav,4.25,0.5,0.49,4
30171879_MinPolqaSfbRecording_cut.wav,3.5,0.577350269,0.565803264,4
30467286_MinPolqaSfbRecording_cut.wav,2.25,0.957427108,0.938278566,4
30169777_MinPolqaSfbRecording_cut.wav,3.25,0.957427108,0.938278566,4
30091788_MinPolqaSfbRecording_cut.wav,3.75,0.5,0.49,4
27748933_MinPolqaSfbRecording_cut.wav,4.25,0.957427108,0.938278566,4
29539088_MinPolqaSfbRecording_cut.wav,1.75,0.957427108,0.938278566,4
30432615_MinPolqaSfbRecording_cut.wav,1.5,1.0,0.98,4
30260928_MinPolqaSfbRecording_cut.wav,3.0,0.816496581,0.800166649,4
30175109_MinPolqaSfbRecording_cut.wav,3.25,0.957427108,0.938278566,4
30069479_MinPolqaSfbRecording_cut.wav,1.75,0.5,0.49,4
28631836_MinPolqaSfbRecording_cut.wav,4.5,0.577350269,0.565803264,4
29542005_MinPolqaSfbRecording_cut.wav,2.0,0.0,0.0,4
30425096_MinPolqaSfbRecording_cut.wav,2.5,0.577350269,0.565803264,4
29535610_MinPolqaSfbRecording_cut.wav,2.0,0.816496581,0.800166649,4
30193713_MinPolqaSfbRecording_cut.wav,2.0,1.154700538,1.131606528,4
30175097_MinPolqaSfbRecording_cut.wav,3.5,0.577350269,0.565803264,4
30138514_MinPolqaSfbRecording_cut.wav,3.5,0.577350269,0.565803264,4
30483271_MinPolqaSfbRecording_cut.wav,2.8,1.095445115,0.960199979,5
30189477_MinPolqaSfbRecording_cut.wav,2.6,0.894427191,0.784,5
30134255_MinPolqaSfbRecording_cut.wav,1.4,0.547722558,0.48009999,5
30263451_MinPolqaSfbRecording_cut.wav,2.8,1.095445115,0.960199979,5
30486453_MinPolqaSfbRecording_cut.wav,3.2,0.836660027,0.733364848,5
30468820_MinPolqaSfbRecording_cut.wav,2.4,0.547722558,0.48009999,5
30478568_MinPolqaSfbRecording_cut.wav,1.0,0.0,0.0,5
30482120_MinPolqaSfbRecording_cut.wav,1.6,0.547722558,0.48009999,5
30097470_MinPolqaSfbRecording_cut.wav,1.8,0.836660027,0.733364848,5
28470818_MinPolqaSfbRecording_cut.wav,3.8,0.836660027,0.733364848,5
28617799_MinPolqaSfbRecording_cut.wav,3.6,0.894427191,0.784,5
30064053_MinPolqaSfbRecording_cut.wav,2.0,0.707106781,0.619806421,5
30123533_MinPolqaSfbRecording_cut.wav,1.2,0.447213595,0.392,5
30443009_MinPolqaSfbRecording_cut.wav,2.2,0.836660027,0.733364848,5
30194167_MinPolqaSfbRecording_cut.wav,1.2,0.447213595,0.392,5
30468542_MinPolqaSfbRecording_cut.wav,3.25,0.5,0.49,4
30261389_MinPolqaSfbRecording_cut.wav,2.5,1.290994449,1.26517456,4
30087438_MinPolqaSfbRecording_cut.wav,2.5,0.577350269,0.565803264,4
30529773_MinPolqaSfbRecording_cut.wav,3.0,0.816496581,0.800166649,4
30463431_MinPolqaSfbRecording_cut.wav,2.75,0.5,0.49,4
30444619_MinPolqaSfbRecording_cut.wav,2.75,0.957427108,0.938278566,4
30169712_MinPolqaSfbRecording_cut.wav,4.75,0.5,0.49,4
30108008_MinPolqaSfbRecording_cut.wav,3.2,0.836660027,0.733364848,5
30082102_MinPolqaSfbRecording_cut.wav,3.6,1.341640786,1.176,5
28350089_MinPolqaSfbRecording_cut.wav,4.0,0.707106781,0.619806421,5
30261316_MinPolqaSfbRecording_cut.wav,2.4,1.140175425,0.999407825,5
30162187_MinPolqaSfbRecording_cut.wav,3.0,1.224744871,1.073536213,5
28042602_MinPolqaSfbRecording_cut.wav,4.4,0.547722558,0.48009999,5
30128008_MinPolqaSfbRecording_cut.wav,2.2,1.095445115,0.960199979,5
30406085_MinPolqaSfbRecording_cut.wav,2.8,0.447213595,0.392,5
30098280_MinPolqaSfbRecording_cut.wav,3.4,0.547722558,0.48009999,5
30091971_MinPolqaSfbRecording_cut.wav,3.6,0.894427191,0.784,5
27892542_MinPolqaSfbRecording_cut.wav,3.4,0.894427191,0.784,5
30522149_MinPolqaSfbRecording_cut.wav,4.0,0.707106781,0.619806421,5
30164701_MinPolqaSfbRecording_cut.wav,3.2,0.836660027,0.733364848,5
29531630_MinPolqaSfbRecording_cut.wav,3.4,0.547722558,0.48009999,5
30136157_MinPolqaSfbRecording_cut.wav,1.6,0.894427191,0.784,5
30261751_MinPolqaSfbRecording_cut.wav,3.2,1.095445115,0.960199979,5
30437862_MinPolqaSfbRecording_cut.wav,3.8,0.447213595,0.392,5
30528996_MinPolqaSfbRecording_cut.wav,2.6,1.140175425,0.999407825,5
30144312_MinPolqaSfbRecording_cut.wav,1.6,0.894427191,0.784,5
30155298_MinPolqaSfbRecording_cut.wav,2.4,0.547722558,0.48009999,5
28886637_MinPolqaSfbRecording_cut.wav,3.8,0.447213595,0.392,5
30463247_MinPolqaSfbRecording_cut.wav,2.4,1.341640786,1.176,5
30105972_MinPolqaSfbRecording_cut.wav,2.2,0.836660027,0.733364848,5
27831842_MinPolqaSfbRecording_cut.wav,3.8,0.836660027,0.733364848,5
30526851_MinPolqaSfbRecording_cut.wav,1.0,0.0,0.0,5
29529794_MinPolqaSfbRecording_cut.wav,1.8,0.447213595,0.392,5
30133453_MinPolqaSfbRecording_cut.wav,3.6,0.547722558,0.48009999,5
27580418_MinPolqaSfbRecording_cut.wav,4.4,0.894427191,0.784,5
30422759_MinPolqaSfbRecording_cut.wav,2.6,0.547722558,0.48009999,5
30504581_MinPolqaSfbRecording_cut.wav,1.8,0.447213595,0.392,5
27901517_MinPolqaSfbRecording_cut.wav,4.6,0.547722558,0.48009999,5
30461001_MinPolqaSfbRecording_cut.wav,2.4,0.547722558,0.48009999,5
30426288_MinPolqaSfbRecording_cut.wav,3.6,0.547722558,0.48009999,5
30099312_MinPolqaSfbRecording_cut.wav,2.8,0.836660027,0.733364848,5
30159618_MinPolqaSfbRecording_cut.wav,2.6,0.894427191,0.784,5
29541729_MinPolqaSfbRecording_cut.wav,2.2,0.836660027,0.733364848,5
30060979_MinPolqaSfbRecording_cut.wav,2.2,1.095445115,0.960199979,5
30064366_MinPolqaSfbRecording_cut.wav,1.6,0.547722558,0.48009999,5
30425810_MinPolqaSfbRecording_cut.wav,1.6,0.547722558,0.48009999,5
30528819_MinPolqaSfbRecording_cut.wav,3.4,0.547722558,0.48009999,5
28354003_MinPolqaSfbRecording_cut.wav,4.6,0.547722558,0.48009999,5
30202376_MinPolqaSfbRecording_cut.wav,3.6,0.547722558,0.48009999,5
30107780_MinPolqaSfbRecording_cut.wav,3.8,0.836660027,0.733364848,5
30082707_MinPolqaSfbRecording_cut.wav,3.6,0.894427191,0.784,5
30207722_MinPolqaSfbRecording_cut.wav,4.4,0.547722558,0.48009999,5
27583445_MinPolqaSfbRecording_cut.wav,3.6,1.140175425,0.999407825,5
30408703_MinPolqaSfbRecording_cut.wav,2.5,0.577350269,0.565803264,4
28064831_MinPolqaSfbRecording_cut.wav,3.75,0.5,0.49,4
30150333_MinPolqaSfbRecording_cut.wav,4.0,0.0,0.0,4
28683078_MinPolqaSfbRecording_cut.wav,4.25,0.5,0.49,4
30429644_MinPolqaSfbRecording_cut.wav,1.5,0.577350269,0.565803264,4
27943353_MinPolqaSfbRecording_cut.wav,2.5,0.577350269,0.565803264,4
30118413_MinPolqaSfbRecording_cut.wav,2.0,0.816496581,0.800166649,4
30172293_MinPolqaSfbRecording_cut.wav,2.75,0.957427108,0.938278566,4
30484117_MinPolqaSfbRecording_cut.wav,3.0,0.816496581,0.800166649,4
28341212_MinPolqaSfbRecording_cut.wav,4.25,0.5,0.49,4
27786887_MinPolqaSfbRecording_cut.wav,3.0,0.0,0.0,4
30155647_MinPolqaSfbRecording_cut.wav,2.25,0.5,0.49,4
30195631_MinPolqaSfbRecording_cut.wav,3.75,0.5,0.49,4
27520914_MinPolqaSfbRecording_cut.wav,4.5,0.577350269,0.565803264,4
30473602_MinPolqaSfbRecording_cut.wav,3.25,0.5,0.49,4
30082104_MinPolqaSfbRecording_cut.wav,4.25,0.5,0.49,4
28166688_MinPolqaSfbRecording_cut.wav,3.25,0.5,0.49,4
30194636_MinPolqaSfbRecording_cut.wav,2.5,1.290994449,1.26517456,4
30127855_MinPolqaSfbRecording_cut.wav,3.25,1.707825128,1.673668625,4
30462384_MinPolqaSfbRecording_cut.wav,3.0,1.632993162,1.600333299,4
30076519_MinPolqaSfbRecording_cut.wav,2.5,1.290994449,1.26517456,4
30179043_MinPolqaSfbRecording_cut.wav,1.0,0.0,0.0,4
30504740_MinPolqaSfbRecording_cut.wav,2.5,1.290994449,1.26517456,4
30136793_MinPolqaSfbRecording_cut.wav,1.5,0.577350269,0.565803264,4
30471680_MinPolqaSfbRecording_cut.wav,4.25,0.957427108,0.938278566,4
27948385_MinPolqaSfbRecording_cut.wav,4.25,0.5,0.49,4
30261501_MinPolqaSfbRecording_cut.wav,3.5,0.577350269,0.565803264,4
30211566_MinPolqaSfbRecording_cut.wav,3.25,0.5,0.49,4
30098756_MinPolqaSfbRecording_cut.wav,4.25,0.5,0.49,4
30254048_MinPolqaSfbRecording_cut.wav,3.5,0.577350269,0.565803264,4
30447417_MinPolqaSfbRecording_cut.wav,3.75,0.5,0.49,4
30108345_MinPolqaSfbRecording_cut.wav,2.25,0.5,0.49,4
30155804_MinPolqaSfbRecording_cut.wav,2.75,0.957427108,0.938278566,4
27578454_MinPolqaSfbRecording_cut.wav,4.0,0.816496581,0.800166649,4
27526153_MinPolqaSfbRecording_cut.wav,3.25,0.957427108,0.938278566,4
28103897_MinPolqaSfbRecording_cut.wav,4.0,0.816496581,0.800166649,4
30097987_MinPolqaSfbRecording_cut.wav,1.0,0.0,0.0,4
28298795_MinPolqaSfbRecording_cut.wav,3.25,0.5,0.49,4
30439592_MinPolqaSfbRecording_cut.wav,2.0,0.0,0.0,4
30086606_MinPolqaSfbRecording_cut.wav,3.0,0.816496581,0.800166649,4
30078457_MinPolqaSfbRecording_cut.wav,4.0,0.816496581,0.800166649,4
28613231_MinPolqaSfbRecording_cut.wav,4.25,0.5,0.49,4
30160061_MinPolqaSfbRecording_cut.wav,1.25,0.5,0.49,4
30506606_MinPolqaSfbRecording_cut.wav,2.0,0.0,0.0,4
30477236_MinPolqaSfbRecording_cut.wav,2.75,0.5,0.49,4
30207910_MinPolqaSfbRecording_cut.wav,4.25,0.957427108,0.938278566,4
28939297_MinPolqaSfbRecording_cut.wav,4.0,1.154700538,1.131606528,4
30486763_MinPolqaSfbRecording_cut.wav,1.0,0.0,0.0,4
29540408_MinPolqaSfbRecording_cut.wav,3.0,1.732050808,1.96,3
30261190_MinPolqaSfbRecording_cut.wav,2.333333333,2.309401077,2.613333333,3
29534641_MinPolqaSfbRecording_cut.wav,1.666666667,0.577350269,0.653333333,3
30174082_MinPolqaSfbRecording_cut.wav,4.0,1.0,1.131606528,3
27778866_MinPolqaSfbRecording_cut.wav,3.666666667,1.154700538,1.306666667,3
28057198_MinPolqaSfbRecording_cut.wav,3.333333333,0.577350269,0.653333333,3
29530900_MinPolqaSfbRecording_cut.wav,2.0,1.732050808,1.96,3
30161976_MinPolqaSfbRecording_cut.wav,2.6,0.547722558,0.48009999,5
30188916_MinPolqaSfbRecording_cut.wav,1.8,0.836660027,0.733364848,5
30207183_MinPolqaSfbRecording_cut.wav,4.2,1.095445115,0.960199979,5
27557020_MinPolqaSfbRecording_cut.wav,4.2,0.836660027,0.733364848,5
30420516_MinPolqaSfbRecording_cut.wav,1.8,1.095445115,0.960199979,5
30067582_MinPolqaSfbRecording_cut.wav,2.2,0.836660027,0.733364848,5
30153816_MinPolqaSfbRecording_cut.wav,4.4,0.894427191,0.784,5
28492112_MinPolqaSfbRecording_cut.wav,3.8,0.836660027,0.733364848,5
30169666_MinPolqaSfbRecording_cut.wav,4.2,0.836660027,0.733364848,5
30134424_MinPolqaSfbRecording_cut.wav,3.2,1.303840481,1.142866571,5
28698370_MinPolqaSfbRecording_cut.wav,4.2,0.447213595,0.392,5
30067193_MinPolqaSfbRecording_cut.wav,2.8,0.836660027,0.733364848,5
30157123_MinPolqaSfbRecording_cut.wav,3.4,1.140175425,0.999407825,5
30129759_MinPolqaSfbRecording_cut.wav,1.2,0.447213595,0.392,5
30200735_MinPolqaSfbRecording_cut.wav,2.2,0.836660027,0.733364848,5
30086314_MinPolqaSfbRecording_cut.wav,4.2,0.836660027,0.733364848,5
28839612_MinPolqaSfbRecording_cut.wav,4.6,0.547722558,0.48009999,5
28440494_MinPolqaSfbRecording_cut.wav,4.4,0.547722558,0.48009999,5
29538742_MinPolqaSfbRecording_cut.wav,2.0,0.707106781,0.619806421,5
30107009_MinPolqaSfbRecording_cut.wav,1.8,1.303840481,1.142866571,5
30181922_MinPolqaSfbRecording_cut.wav,1.8,1.095445115,0.960199979,5
30073192_MinPolqaSfbRecording_cut.wav,2.8,0.836660027,0.733364848,5
30169920_MinPolqaSfbRecording_cut.wav,2.8,1.303840481,1.142866571,5
30164161_MinPolqaSfbRecording_cut.wav,1.8,1.303840481,1.142866571,5
28750843_MinPolqaSfbRecording_cut.wav,3.6,0.547722558,0.48009999,5
30407277_MinPolqaSfbRecording_cut.wav,1.8,1.095445115,0.960199979,5
30129121_MinPolqaSfbRecording_cut.wav,2.5,0.577350269,0.565803264,4
30205092_MinPolqaSfbRecording_cut.wav,4.25,0.5,0.49,4
30213975_MinPolqaSfbRecording_cut.wav,2.5,1.0,0.98,4
30519390_MinPolqaSfbRecording_cut.wav,1.5,0.577350269,0.565803264,4
30258070_MinPolqaSfbRecording_cut.wav,2.0,0.816496581,0.800166649,4
30450647_MinPolqaSfbRecording_cut.wav,1.25,0.5,0.49,4
30249654_MinPolqaSfbRecording_cut.wav,3.0,0.816496581,0.800166649,4
30070974_MinPolqaSfbRecording_cut.wav,3.25,0.957427108,0.938278566,4
30201040_MinPolqaSfbRecording_cut.wav,2.25,0.5,0.49,4
30139379_MinPolqaSfbRecording_cut.wav,3.75,0.5,0.49,4
30449480_MinPolqaSfbRecording_cut.wav,1.25,0.5,0.49,4
30177920_MinPolqaSfbRecording_cut.wav,2.75,0.957427108,0.938278566,4
27766205_MinPolqaSfbRecording_cut.wav,4.5,0.577350269,0.565803264,4
30461442_MinPolqaSfbRecording_cut.wav,3.25,1.258305739,1.233139624,4
28881402_MinPolqaSfbRecording_cut.wav,3.5,0.577350269,0.565803264,4
30141335_MinPolqaSfbRecording_cut.wav,2.75,0.5,0.49,4
30451124_MinPolqaSfbRecording_cut.wav,3.75,0.5,0.49,4
27938953_MinPolqaSfbRecording_cut.wav,3.6,0.547722558,0.48009999,5
30202647_MinPolqaSfbRecording_cut.wav,3.0,1.414213562,1.239612843,5
28516760_MinPolqaSfbRecording_cut.wav,3.4,0.894427191,0.784,5
30520984_MinPolqaSfbRecording_cut.wav,2.0,0.707106781,0.619806421,5
29542557_MinPolqaSfbRecording_cut.wav,3.6,1.140175425,0.999407825,5
30214046_MinPolqaSfbRecording_cut.wav,3.2,1.095445115,0.960199979,5
30140697_MinPolqaSfbRecording_cut.wav,2.8,0.836660027,0.733364848,5
30527046_MinPolqaSfbRecording_cut.wav,3.8,0.836660027,0.733364848,5
30069682_MinPolqaSfbRecording_cut.wav,2.5,1.732050808,1.697409791,4
30184752_MinPolqaSfbRecording_cut.wav,2.5,1.0,0.98,4
30093420_MinPolqaSfbRecording_cut.wav,3.0,1.414213562,1.385929291,4
30118880_MinPolqaSfbRecording_cut.wav,4.0,1.414213562,1.385929291,4
30468758_MinPolqaSfbRecording_cut.wav,2.5,1.0,0.98,4
30433809_MinPolqaSfbRecording_cut.wav,2.0,1.414213562,1.385929291,4
28788612_MinPolqaSfbRecording_cut.wav,4.25,0.957427108,0.938278566,4
29038979_MinPolqaSfbRecording_cut.wav,3.0,1.414213562,1.96,2
30117577_MinPolqaSfbRecording_cut.wav,2.5,0.707106781,0.98,2
30253962_MinPolqaSfbRecording_cut.wav,2.5,0.707106781,0.98,2
30427205_MinPolqaSfbRecording_cut.wav,3.0,0.0,0.0,2
30256141_MinPolqaSfbRecording_cut.wav,3.0,0.0,0.0,2
28357484_MinPolqaSfbRecording_cut.wav,2.5,0.707106781,0.98,2
28671756_MinPolqaSfbRecording_cut.wav,3.0,0.0,0.0,2
30096518_MinPolqaSfbRecording_cut.wav,3.0,0.0,0.0,2
30412061_MinPolqaSfbRecording_cut.wav,3.5,0.707106781,0.98,2
30103196_MinPolqaSfbRecording_cut.wav,3.5,0.707106781,0.98,2
30484387_MinPolqaSfbRecording_cut.wav,2.4,0.894427191,0.784,5
30515248_MinPolqaSfbRecording_cut.wav,2.4,0.894427191,0.784,5
30171898_MinPolqaSfbRecording_cut.wav,3.0,0.707106781,0.619806421,5
29544264_MinPolqaSfbRecording_cut.wav,3.0,0.707106781,0.619806421,5
30096466_MinPolqaSfbRecording_cut.wav,2.2,0.836660027,0.733364848,5
28638035_MinPolqaSfbRecording_cut.wav,4.4,0.547722558,0.48009999,5
30461127_MinPolqaSfbRecording_cut.wav,3.2,0.447213595,0.392,5
30083042_MinPolqaSfbRecording_cut.wav,2.5,0.577350269,0.565803264,4
30475420_MinPolqaSfbRecording_cut.wav,2.75,0.957427108,0.938278566,4
30492966_MinPolqaSfbRecording_cut.wav,4.25,0.5,0.49,4
28495014_MinPolqaSfbRecording_cut.wav,3.25,0.5,0.49,4
27805698_MinPolqaSfbRecording_cut.wav,2.75,0.5,0.49,4
30247502_MinPolqaSfbRecording_cut.wav,3.5,1.290994449,1.26517456,4
28746289_MinPolqaSfbRecording_cut.wav,4.5,0.577350269,0.565803264,4
30522130_MinPolqaSfbRecording_cut.wav,3.0,0.0,0.0,4
30505383_MinPolqaSfbRecording_cut.wav,2.5,0.577350269,0.565803264,4
30084906_MinPolqaSfbRecording_cut.wav,2.5,0.577350269,0.565803264,4
28224047_MinPolqaSfbRecording_cut.wav,4.25,0.957427108,0.938278566,4
30081195_MinPolqaSfbRecording_cut.wav,2.0,0.816496581,0.800166649,4
30195880_MinPolqaSfbRecording_cut.wav,2.5,1.732050808,1.697409791,4
30468868_MinPolqaSfbRecording_cut.wav,3.5,1.290994449,1.26517456,4
30483507_MinPolqaSfbRecording_cut.wav,3.25,0.5,0.49,4
30259896_MinPolqaSfbRecording_cut.wav,3.0,1.154700538,1.131606528,4
28027520_MinPolqaSfbRecording_cut.wav,4.5,1.0,0.98,4
28936932_MinPolqaSfbRecording_cut.wav,3.75,0.5,0.49,4
30163628_MinPolqaSfbRecording_cut.wav,2.25,1.258305739,1.233139624,4
30455487_MinPolqaSfbRecording_cut.wav,1.6,0.547722558,0.48009999,5
30147974_MinPolqaSfbRecording_cut.wav,3.8,0.836660027,0.733364848,5
30098331_MinPolqaSfbRecording_cut.wav,3.4,0.547722558,0.48009999,5
30425412_MinPolqaSfbRecording_cut.wav,2.0,0.707106781,0.619806421,5
30527557_MinPolqaSfbRecording_cut.wav,2.8,0.447213595,0.392,5
30178358_MinPolqaSfbRecording_cut.wav,4.2,0.447213595,0.392,5
29542550_MinPolqaSfbRecording_cut.wav,2.2,0.447213595,0.392,5
27568134_MinPolqaSfbRecording_cut.wav,4.2,1.095445115,0.960199979,5
30426413_MinPolqaSfbRecording_cut.wav,3.4,0.547722558,0.48009999,5
28465845_MinPolqaSfbRecording_cut.wav,3.333333333,0.577350269,0.653333333,3
30092631_MinPolqaSfbRecording_cut.wav,1.666666667,0.577350269,0.653333333,3
30148155_MinPolqaSfbRecording_cut.wav,3.333333333,0.577350269,0.653333333,3
30429536_MinPolqaSfbRecording_cut.wav,2.333333333,0.577350269,0.653333333,3
30059807_MinPolqaSfbRecording_cut.wav,2.666666667,0.577350269,0.653333333,3
30512368_MinPolqaSfbRecording_cut.wav,1.333333333,0.577350269,0.653333333,3
27869745_MinPolqaSfbRecording_cut.wav,4.0,0.0,0.0,4
30481123_MinPolqaSfbRecording_cut.wav,1.5,0.577350269,0.565803264,4
30477834_MinPolqaSfbRecording_cut.wav,3.75,0.5,0.49,4
27858554_MinPolqaSfbRecording_cut.wav,4.25,0.5,0.49,4
28123971_MinPolqaSfbRecording_cut.wav,4.0,0.0,0.0,4
30123433_MinPolqaSfbRecording_cut.wav,2.75,0.5,0.49,4
30524020_MinPolqaSfbRecording_cut.wav,2.25,0.957427108,0.938278566,4
28162961_MinPolqaSfbRecording_cut.wav,4.0,0.816496581,0.800166649,4
30451619_MinPolqaSfbRecording_cut.wav,2.25,0.957427108,0.938278566,4
28762328_MinPolqaSfbRecording_cut.wav,3.75,0.5,0.49,4
28132094_MinPolqaSfbRecording_cut.wav,3.333333333,0.577350269,0.653333333,3
30104908_MinPolqaSfbRecording_cut.wav,3.333333333,1.154700538,1.306666667,3
30200294_MinPolqaSfbRecording_cut.wav,1.666666667,0.577350269,0.653333333,3
28319331_MinPolqaSfbRecording_cut.wav,4.333333333,0.577350269,0.653333333,3
30490434_MinPolqaSfbRecording_cut.wav,3.666666667,0.577350269,0.653333333,3
30200302_MinPolqaSfbRecording_cut.wav,3.333333333,0.577350269,0.653333333,3
30141906_MinPolqaSfbRecording_cut.wav,1.333333333,0.577350269,0.653333333,3
27832798_MinPolqaSfbRecording_cut.wav,3.0,1.0,1.131606528,3
30105560_MinPolqaSfbRecording_cut.wav,2.0,1.224744871,1.073536213,5
30069909_MinPolqaSfbRecording_cut.wav,2.2,0.836660027,0.733364848,5
27937600_MinPolqaSfbRecording_cut.wav,4.0,0.707106781,0.619806421,5
30209891_MinPolqaSfbRecording_cut.wav,2.0,1.0,0.876538647,5
30105006_MinPolqaSfbRecording_cut.wav,1.0,0.0,0.0,5
29534402_MinPolqaSfbRecording_cut.wav,2.6,0.894427191,0.784,5
30471231_MinPolqaSfbRecording_cut.wav,3.4,1.516575089,1.329336677,5
27603790_MinPolqaSfbRecording_cut.wav,4.0,1.0,0.876538647,5
30096210_MinPolqaSfbRecording_cut.wav,2.0,1.224744871,1.073536213,5
30514050_MinPolqaSfbRecording_cut.wav,1.666666667,0.577350269,0.653333333,3
29536517_MinPolqaSfbRecording_cut.wav,1.666666667,0.577350269,0.653333333,3
30429750_MinPolqaSfbRecording_cut.wav,2.666666667,0.577350269,0.653333333,3
27675775_MinPolqaSfbRecording_cut.wav,3.0,0.0,0.0,3
28558493_MinPolqaSfbRecording_cut.wav,3.0,0.0,0.0,3
30422152_MinPolqaSfbRecording_cut.wav,3.333333333,0.577350269,0.653333333,3
28974783_MinPolqaSfbRecording_cut.wav,2.666666667,0.577350269,0.653333333,3
30438066_MinPolqaSfbRecording_cut.wav,2.0,1.0,1.131606528,3
30081883_MinPolqaSfbRecording_cut.wav,2.333333333,0.577350269,0.653333333,3
28624358_MinPolqaSfbRecording_cut.wav,2.25,1.258305739,1.233139624,4
30510377_MinPolqaSfbRecording_cut.wav,2.75,1.707825128,1.673668625,4
30096376_MinPolqaSfbRecording_cut.wav,3.75,0.957427108,0.938278566,4
30444689_MinPolqaSfbRecording_cut.wav,3.5,1.0,0.98,4
30432271_MinPolqaSfbRecording_cut.wav,3.25,1.5,1.47,4
30507497_MinPolqaSfbRecording_cut.wav,3.25,0.957427108,0.938278566,4
30062365_MinPolqaSfbRecording_cut.wav,3.5,0.577350269,0.565803264,4
30087299_MinPolqaSfbRecording_cut.wav,4.0,0.816496581,0.800166649,4
30147105_MinPolqaSfbRecording_cut.wav,2.75,1.258305739,1.233139624,4
27563128_MinPolqaSfbRecording_cut.wav,3.0,0.816496581,0.800166649,4
30082124_MinPolqaSfbRecording_cut.wav,2.333333333,0.577350269,0.653333333,3
27902618_MinPolqaSfbRecording_cut.wav,3.333333333,0.577350269,0.653333333,3
30263563_MinPolqaSfbRecording_cut.wav,2.666666667,0.577350269,0.653333333,3
30126203_MinPolqaSfbRecording_cut.wav,2.333333333,0.577350269,0.653333333,3
30481400_MinPolqaSfbRecording_cut.wav,3.333333333,0.577350269,0.653333333,3
30212109_MinPolqaSfbRecording_cut.wav,2.666666667,0.577350269,0.653333333,3
30140667_MinPolqaSfbRecording_cut.wav,3.333333333,0.577350269,0.653333333,3
27938126_MinPolqaSfbRecording_cut.wav,3.666666667,0.577350269,0.653333333,3
28283648_MinPolqaSfbRecording_cut.wav,4.0,1.0,1.131606528,3
27716569_MinPolqaSfbRecording_cut.wav,4.0,0.0,0.0,3
30068146_MinPolqaSfbRecording_cut.wav,3.333333333,0.577350269,0.653333333,3
29529852_MinPolqaSfbRecording_cut.wav,4.666666667,0.577350269,0.653333333,3
27657631_MinPolqaSfbRecording_cut.wav,4.333333333,0.577350269,0.653333333,3
28177899_MinPolqaSfbRecording_cut.wav,4.666666667,0.577350269,0.653333333,3
30118010_MinPolqaSfbRecording_cut.wav,3.333333333,0.577350269,0.653333333,3
30504240_MinPolqaSfbRecording_cut.wav,3.666666667,0.577350269,0.653333333,3
30063993_MinPolqaSfbRecording_cut.wav,3.0,0.0,0.0,3
30103160_MinPolqaSfbRecording_cut.wav,4.0,0.0,0.0,3
30464857_MinPolqaSfbRecording_cut.wav,3.666666667,0.577350269,0.653333333,3
30414182_MinPolqaSfbRecording_cut.wav,3.333333333,0.577350269,0.653333333,3
30059619_MinPolqaSfbRecording_cut.wav,3.666666667,0.577350269,0.653333333,3
30105379_MinPolqaSfbRecording_cut.wav,3.333333333,0.577350269,0.653333333,3
30475555_MinPolqaSfbRecording_cut.wav,3.333333333,0.577350269,0.653333333,3
30194269_MinPolqaSfbRecording_cut.wav,3.0,0.0,0.0,3
29540647_MinPolqaSfbRecording_cut.wav,3.666666667,0.577350269,0.653333333,3
30176929_MinPolqaSfbRecording_cut.wav,3.666666667,0.577350269,0.653333333,3
28022032_MinPolqaSfbRecording_cut.wav,3.75,1.5,1.47,4
28355364_MinPolqaSfbRecording_cut.wav,3.25,1.258305739,1.233139624,4
30140737_MinPolqaSfbRecording_cut.wav,2.5,1.290994449,1.26517456,4
30503069_MinPolqaSfbRecording_cut.wav,1.75,1.5,1.47,4
30106924_MinPolqaSfbRecording_cut.wav,1.75,1.5,1.47,4
28857698_MinPolqaSfbRecording_cut.wav,3.0,1.632993162,1.600333299,4
28039278_MinPolqaSfbRecording_cut.wav,3.5,0.577350269,0.565803264,4
29530293_MinPolqaSfbRecording_cut.wav,3.5,0.577350269,0.565803264,4
27724606_MinPolqaSfbRecording_cut.wav,3.25,0.5,0.49,4
30433268_MinPolqaSfbRecording_cut.wav,1.4,0.547722558,0.48009999,5
30249897_MinPolqaSfbRecording_cut.wav,2.4,0.547722558,0.48009999,5
30455406_MinPolqaSfbRecording_cut.wav,2.4,0.547722558,0.48009999,5
28949171_MinPolqaSfbRecording_cut.wav,4.4,0.894427191,0.784,5
30207125_MinPolqaSfbRecording_cut.wav,2.8,0.836660027,0.733364848,5
28510989_MinPolqaSfbRecording_cut.wav,3.0,0.707106781,0.619806421,5
28216337_MinPolqaSfbRecording_cut.wav,4.2,0.836660027,0.733364848,5
30257492_MinPolqaSfbRecording_cut.wav,3.2,0.836660027,0.733364848,5
30514175_MinPolqaSfbRecording_cut.wav,1.6,0.894427191,0.784,5
30112780_MinPolqaSfbRecording_cut.wav,2.4,0.894427191,0.784,5
28788530_MinPolqaSfbRecording_cut.wav,4.0,0.707106781,0.619806421,5
30166814_MinPolqaSfbRecording_cut.wav,3.4,0.547722558,0.48009999,5
30432321_MinPolqaSfbRecording_cut.wav,3.2,0.836660027,0.733364848,5
30410989_MinPolqaSfbRecording_cut.wav,2.0,1.0,0.876538647,5
30428293_MinPolqaSfbRecording_cut.wav,1.6,0.894427191,0.784,5
30415934_MinPolqaSfbRecording_cut.wav,1.6,0.894427191,0.784,5
27632807_MinPolqaSfbRecording_cut.wav,4.8,0.447213595,0.392,5
27967256_MinPolqaSfbRecording_cut.wav,3.0,0.0,0.0,5
30412402_MinPolqaSfbRecording_cut.wav,2.2,0.447213595,0.392,5
29539255_MinPolqaSfbRecording_cut.wav,3.0,0.0,0.0,5
30107270_MinPolqaSfbRecording_cut.wav,1.0,0.0,0.0,5
30469069_MinPolqaSfbRecording_cut.wav,4.0,0.707106781,0.619806421,5
30098567_MinPolqaSfbRecording_cut.wav,2.4,1.140175425,0.999407825,5
30176375_MinPolqaSfbRecording_cut.wav,3.6,1.516575089,1.329336677,5
30143263_MinPolqaSfbRecording_cut.wav,1.8,0.836660027,0.733364848,5
30253971_MinPolqaSfbRecording_cut.wav,4.0,1.0,0.876538647,5
30160319_MinPolqaSfbRecording_cut.wav,4.2,0.836660027,0.733364848,5
30490594_MinPolqaSfbRecording_cut.wav,4.0,1.0,0.876538647,5
30431564_MinPolqaSfbRecording_cut.wav,2.8,1.303840481,1.142866571,5
27859706_MinPolqaSfbRecording_cut.wav,4.6,0.547722558,0.48009999,5
30065328_MinPolqaSfbRecording_cut.wav,2.2,0.836660027,0.733364848,5
30148217_MinPolqaSfbRecording_cut.wav,2.0,0.0,0.0,3
28113541_MinPolqaSfbRecording_cut.wav,4.333333333,0.577350269,0.653333333,3
27969811_MinPolqaSfbRecording_cut.wav,3.333333333,0.577350269,0.653333333,3
27857503_MinPolqaSfbRecording_cut.wav,3.0,1.0,1.131606528,3
30522610_MinPolqaSfbRecording_cut.wav,3.0,0.0,0.0,3
30080478_MinPolqaSfbRecording_cut.wav,3.0,1.0,1.131606528,3
29536452_MinPolqaSfbRecording_cut.wav,2.333333333,0.577350269,0.653333333,3
30407091_MinPolqaSfbRecording_cut.wav,2.25,1.258305739,1.233139624,4
30104022_MinPolqaSfbRecording_cut.wav,3.75,0.5,0.49,4
30097798_MinPolqaSfbRecording_cut.wav,1.75,0.957427108,0.938278566,4
30107494_MinPolqaSfbRecording_cut.wav,2.75,0.957427108,0.938278566,4
29066798_MinPolqaSfbRecording_cut.wav,4.25,0.957427108,0.938278566,4
30214081_MinPolqaSfbRecording_cut.wav,3.0,0.816496581,0.800166649,4
30509727_MinPolqaSfbRecording_cut.wav,3.5,0.577350269,0.565803264,4
28807912_MinPolqaSfbRecording_cut.wav,3.0,0.816496581,0.800166649,4
30485132_MinPolqaSfbRecording_cut.wav,3.25,0.5,0.49,4
30137673_MinPolqaSfbRecording_cut.wav,2.8,0.836660027,0.733364848,5
30437608_MinPolqaSfbRecording_cut.wav,2.8,0.447213595,0.392,5
28517783_MinPolqaSfbRecording_cut.wav,4.2,0.447213595,0.392,5
28800492_MinPolqaSfbRecording_cut.wav,3.6,0.547722558,0.48009999,5
30142467_MinPolqaSfbRecording_cut.wav,2.6,1.140175425,0.999407825,5
30456590_MinPolqaSfbRecording_cut.wav,3.8,0.836660027,0.733364848,5
29536578_MinPolqaSfbRecording_cut.wav,2.6,0.894427191,0.784,5
30510375_MinPolqaSfbRecording_cut.wav,3.2,0.836660027,0.733364848,5
30403911_MinPolqaSfbRecording_cut.wav,4.0,0.707106781,0.619806421,5
30089155_MinPolqaSfbRecording_cut.wav,2.6,1.516575089,1.329336677,5
30466999_MinPolqaSfbRecording_cut.wav,2.2,1.095445115,0.960199979,5
30474489_MinPolqaSfbRecording_cut.wav,1.4,0.547722558,0.48009999,5
30144258_MinPolqaSfbRecording_cut.wav,2.8,0.447213595,0.392,5
30453471_MinPolqaSfbRecording_cut.wav,2.2,1.095445115,0.960199979,5
30529884_MinPolqaSfbRecording_cut.wav,3.0,0.707106781,0.619806421,5
27888625_MinPolqaSfbRecording_cut.wav,3.6,0.894427191,0.784,5
30077001_MinPolqaSfbRecording_cut.wav,2.0,1.224744871,1.073536213,5
30461406_MinPolqaSfbRecording_cut.wav,2.75,0.5,0.49,4
30432009_MinPolqaSfbRecording_cut.wav,2.5,0.577350269,0.565803264,4
28345768_MinPolqaSfbRecording_cut.wav,4.0,0.0,0.0,4
30478483_MinPolqaSfbRecording_cut.wav,2.5,0.577350269,0.565803264,4
30508783_MinPolqaSfbRecording_cut.wav,1.75,0.5,0.49,4
30062103_MinPolqaSfbRecording_cut.wav,3.0,0.0,0.0,4
30202031_MinPolqaSfbRecording_cut.wav,2.75,0.5,0.49,4
30507698_MinPolqaSfbRecording_cut.wav,3.75,0.5,0.49,4
28656145_MinPolqaSfbRecording_cut.wav,2.75,1.258305739,1.233139624,4
30103261_MinPolqaSfbRecording_cut.wav,3.0,0.0,0.0,4
28316908_MinPolqaSfbRecording_cut.wav,2.75,0.5,0.49,4
30125584_MinPolqaSfbRecording_cut.wav,1.5,0.577350269,0.565803264,4
30150788_MinPolqaSfbRecording_cut.wav,2.25,0.5,0.49,4
30212587_MinPolqaSfbRecording_cut.wav,5.0,0.0,0.0,2
30444320_MinPolqaSfbRecording_cut.wav,3.5,2.121320344,2.94,2
29543130_MinPolqaSfbRecording_cut.wav,3.0,0.0,0.0,2
30157046_MinPolqaSfbRecording_cut.wav,3.0,1.414213562,1.96,2
30210406_MinPolqaSfbRecording_cut.wav,4.5,0.707106781,0.98,2
30415854_MinPolqaSfbRecording_cut.wav,2.5,2.121320344,2.94,2
30497525_MinPolqaSfbRecording_cut.wav,3.0,2.828427125,3.92,2
30107492_MinPolqaSfbRecording_cut.wav,3.5,0.707106781,0.98,2
30489115_MinPolqaSfbRecording_cut.wav,1.4,0.547722558,0.48009999,5
30145499_MinPolqaSfbRecording_cut.wav,2.4,0.547722558,0.48009999,5
30064960_MinPolqaSfbRecording_cut.wav,4.0,0.707106781,0.619806421,5
30192586_MinPolqaSfbRecording_cut.wav,2.0,0.707106781,0.619806421,5
30205525_MinPolqaSfbRecording_cut.wav,3.8,0.447213595,0.392,5
30211141_MinPolqaSfbRecording_cut.wav,1.2,0.447213595,0.392,5
30173690_MinPolqaSfbRecording_cut.wav,2.2,0.447213595,0.392,5
30509275_MinPolqaSfbRecording_cut.wav,2.4,0.547722558,0.48009999,5
30172192_MinPolqaSfbRecording_cut.wav,2.4,0.547722558,0.48009999,5
27985855_MinPolqaSfbRecording_cut.wav,4.6,0.547722558,0.48009999,5
30260839_MinPolqaSfbRecording_cut.wav,3.0,0.0,0.0,5
30174013_MinPolqaSfbRecording_cut.wav,2.6,0.547722558,0.48009999,5
30249680_MinPolqaSfbRecording_cut.wav,2.4,0.894427191,0.784,5
30177514_MinPolqaSfbRecording_cut.wav,3.4,0.547722558,0.48009999,5
30471865_MinPolqaSfbRecording_cut.wav,2.6,0.894427191,0.784,5
28861593_MinPolqaSfbRecording_cut.wav,3.6,1.140175425,0.999407825,5
30150289_MinPolqaSfbRecording_cut.wav,1.2,0.447213595,0.392,5
30069425_MinPolqaSfbRecording_cut.wav,1.8,0.836660027,0.733364848,5
30404416_MinPolqaSfbRecording_cut.wav,3.0,0.707106781,0.619806421,5
30057978_MinPolqaSfbRecording_cut.wav,2.4,1.140175425,0.999407825,5
30080737_MinPolqaSfbRecording_cut.wav,4.0,0.707106781,0.619806421,5
27970070_MinPolqaSfbRecording_cut.wav,4.0,0.707106781,0.619806421,5
27579314_MinPolqaSfbRecording_cut.wav,4.4,0.894427191,0.784,5
30182555_MinPolqaSfbRecording_cut.wav,3.0,0.707106781,0.619806421,5
28443835_MinPolqaSfbRecording_cut.wav,3.8,0.447213595,0.392,5
30481942_MinPolqaSfbRecording_cut.wav,3.0,0.707106781,0.619806421,5
30200556_MinPolqaSfbRecording_cut.wav,2.8,0.447213595,0.392,5
27516603_MinPolqaSfbRecording_cut.wav,3.2,0.447213595,0.392,5
30467976_MinPolqaSfbRecording_cut.wav,2.0,1.0,0.876538647,5
30138912_MinPolqaSfbRecording_cut.wav,3.4,0.547722558,0.48009999,5
30117946_MinPolqaSfbRecording_cut.wav,3.2,0.447213595,0.392,5
30426273_MinPolqaSfbRecording_cut.wav,2.2,1.303840481,1.142866571,5
30150573_MinPolqaSfbRecording_cut.wav,3.0,1.0,0.876538647,5
28587529_MinPolqaSfbRecording_cut.wav,3.4,0.547722558,0.48009999,5
30164827_MinPolqaSfbRecording_cut.wav,4.2,1.095445115,0.960199979,5
30422899_MinPolqaSfbRecording_cut.wav,3.6,0.547722558,0.48009999,5
30509700_MinPolqaSfbRecording_cut.wav,1.4,0.894427191,0.784,5
27816014_MinPolqaSfbRecording_cut.wav,4.0,1.0,1.131606528,3
30494029_MinPolqaSfbRecording_cut.wav,3.333333333,1.154700538,1.306666667,3
30168547_MinPolqaSfbRecording_cut.wav,4.0,1.0,1.131606528,3
30450145_MinPolqaSfbRecording_cut.wav,2.666666667,1.527525232,1.728557523,3
30112625_MinPolqaSfbRecording_cut.wav,2.666666667,2.081665999,2.355626833,3
30089279_MinPolqaSfbRecording_cut.wav,3.0,1.732050808,1.96,3
30103205_MinPolqaSfbRecording_cut.wav,3.666666667,0.577350269,0.653333333,3
30168492_MinPolqaSfbRecording_cut.wav,3.666666667,0.577350269,0.653333333,3
30060780_MinPolqaSfbRecording_cut.wav,4.0,1.0,1.131606528,3
30181428_MinPolqaSfbRecording_cut.wav,2.2,0.447213595,0.392,5
30522879_MinPolqaSfbRecording_cut.wav,1.2,0.447213595,0.392,5
30109353_MinPolqaSfbRecording_cut.wav,1.0,0.0,0.0,5
29539304_MinPolqaSfbRecording_cut.wav,4.0,0.707106781,0.619806421,5
30080992_MinPolqaSfbRecording_cut.wav,4.0,0.707106781,0.619806421,5
30185434_MinPolqaSfbRecording_cut.wav,3.8,0.447213595,0.392,5
30158951_MinPolqaSfbRecording_cut.wav,3.8,0.836660027,0.733364848,5
30507292_MinPolqaSfbRecording_cut.wav,1.4,0.894427191,0.784,5
30084425_MinPolqaSfbRecording_cut.wav,1.8,0.836660027,0.733364848,5
29052388_MinPolqaSfbRecording_cut.wav,2.4,0.547722558,0.48009999,5
30175681_MinPolqaSfbRecording_cut.wav,2.4,0.547722558,0.48009999,5
30207921_MinPolqaSfbRecording_cut.wav,3.2,0.447213595,0.392,5
30496979_MinPolqaSfbRecording_cut.wav,3.8,0.836660027,0.733364848,5
30118514_MinPolqaSfbRecording_cut.wav,3.8,0.447213595,0.392,5
30144440_MinPolqaSfbRecording_cut.wav,2.0,0.707106781,0.619806421,5
30249179_MinPolqaSfbRecording_cut.wav,3.8,0.447213595,0.392,5
30132742_MinPolqaSfbRecording_cut.wav,3.4,0.894427191,0.784,5
30196366_MinPolqaSfbRecording_cut.wav,4.0,0.707106781,0.619806421,5
30138995_MinPolqaSfbRecording_cut.wav,2.0,0.816496581,0.800166649,4
30211415_MinPolqaSfbRecording_cut.wav,2.5,1.0,0.98,4
30165883_MinPolqaSfbRecording_cut.wav,2.75,0.957427108,0.938278566,4
27842280_MinPolqaSfbRecording_cut.wav,3.0,0.816496581,0.800166649,4
28771980_MinPolqaSfbRecording_cut.wav,4.5,0.577350269,0.565803264,4
30435610_MinPolqaSfbRecording_cut.wav,1.75,0.957427108,0.938278566,4
28450661_MinPolqaSfbRecording_cut.wav,4.5,1.0,0.98,4
30150761_MinPolqaSfbRecording_cut.wav,2.4,0.547722558,0.48009999,5
30150935_MinPolqaSfbRecording_cut.wav,1.8,1.095445115,0.960199979,5
30089665_MinPolqaSfbRecording_cut.wav,3.2,0.447213595,0.392,5
30163142_MinPolqaSfbRecording_cut.wav,3.2,0.447213595,0.392,5
30087355_MinPolqaSfbRecording_cut.wav,1.6,0.894427191,0.784,5
30100553_MinPolqaSfbRecording_cut.wav,1.8,0.836660027,0.733364848,5
30497194_MinPolqaSfbRecording_cut.wav,2.4,0.547722558,0.48009999,5
30503337_MinPolqaSfbRecording_cut.wav,1.4,0.547722558,0.48009999,5
28128353_MinPolqaSfbRecording_cut.wav,4.4,0.547722558,0.48009999,5
30430625_MinPolqaSfbRecording_cut.wav,2.0,1.414213562,1.385929291,4
30422345_MinPolqaSfbRecording_cut.wav,2.5,1.0,0.98,4
30075296_MinPolqaSfbRecording_cut.wav,3.25,1.5,1.47,4
30490479_MinPolqaSfbRecording_cut.wav,3.25,1.707825128,1.673668625,4
30105083_MinPolqaSfbRecording_cut.wav,2.5,1.732050808,1.697409791,4
30103715_MinPolqaSfbRecording_cut.wav,1.5,1.0,0.98,4
30252315_MinPolqaSfbRecording_cut.wav,2.75,0.957427108,0.938278566,4
27564041_MinPolqaSfbRecording_cut.wav,4.0,0.816496581,0.800166649,4
28998624_MinPolqaSfbRecording_cut.wav,4.0,0.707106781,0.619806421,5
30463040_MinPolqaSfbRecording_cut.wav,2.6,1.140175425,0.999407825,5
30148415_MinPolqaSfbRecording_cut.wav,3.8,0.836660027,0.733364848,5
30522624_MinPolqaSfbRecording_cut.wav,2.8,1.303840481,1.142866571,5
30405279_MinPolqaSfbRecording_cut.wav,2.6,1.516575089,1.329336677,5
30157025_MinPolqaSfbRecording_cut.wav,3.2,0.447213595,0.392,5
28510954_MinPolqaSfbRecording_cut.wav,3.4,0.547722558,0.48009999,5
30120295_MinPolqaSfbRecording_cut.wav,3.2,0.836660027,0.733364848,5
28865260_MinPolqaSfbRecording_cut.wav,4.4,0.547722558,0.48009999,5
30464941_MinPolqaSfbRecording_cut.wav,2.8,1.643167673,1.440299969,5
28779822_MinPolqaSfbRecording_cut.wav,4.6,0.547722558,0.48009999,5
30254601_MinPolqaSfbRecording_cut.wav,2.6,1.516575089,1.329336677,5
30150803_MinPolqaSfbRecording_cut.wav,2.6,1.816590212,1.592311527,5
30189452_MinPolqaSfbRecording_cut.wav,2.0,1.414213562,1.239612843,5
30426680_MinPolqaSfbRecording_cut.wav,3.4,0.894427191,0.784,5
30130800_MinPolqaSfbRecording_cut.wav,3.8,0.836660027,0.733364848,5
30453589_MinPolqaSfbRecording_cut.wav,2.5,0.577350269,0.565803264,4
30409292_MinPolqaSfbRecording_cut.wav,2.25,1.5,1.47,4
30452442_MinPolqaSfbRecording_cut.wav,3.0,0.0,0.0,4
30433308_MinPolqaSfbRecording_cut.wav,3.0,0.816496581,0.800166649,4
30064004_MinPolqaSfbRecording_cut.wav,4.0,0.0,0.0,4
28996661_MinPolqaSfbRecording_cut.wav,3.5,0.577350269,0.565803264,4
30520175_MinPolqaSfbRecording_cut.wav,2.5,1.0,0.98,4
30118761_MinPolqaSfbRecording_cut.wav,3.0,0.816496581,0.800166649,4
28077852_MinPolqaSfbRecording_cut.wav,4.0,1.154700538,1.131606528,4
30086941_MinPolqaSfbRecording_cut.wav,2.5,0.577350269,0.565803264,4
30463266_MinPolqaSfbRecording_cut.wav,3.75,0.957427108,0.938278566,4
30509114_MinPolqaSfbRecording_cut.wav,2.75,0.957427108,0.938278566,4
28061835_MinPolqaSfbRecording_cut.wav,3.25,0.5,0.49,4
30169807_MinPolqaSfbRecording_cut.wav,3.5,1.0,0.98,4
30213506_MinPolqaSfbRecording_cut.wav,3.5,0.577350269,0.565803264,4
30129328_MinPolqaSfbRecording_cut.wav,2.4,0.894427191,0.784,5
29530639_MinPolqaSfbRecording_cut.wav,3.4,0.894427191,0.784,5
30454268_MinPolqaSfbRecording_cut.wav,2.2,0.447213595,0.392,5
30154739_MinPolqaSfbRecording_cut.wav,3.0,0.707106781,0.619806421,5
30443695_MinPolqaSfbRecording_cut.wav,1.4,0.547722558,0.48009999,5
29542675_MinPolqaSfbRecording_cut.wav,3.2,0.836660027,0.733364848,5
30256941_MinPolqaSfbRecording_cut.wav,2.6,0.547722558,0.48009999,5
27768443_MinPolqaSfbRecording_cut.wav,3.4,0.547722558,0.48009999,5
30137941_MinPolqaSfbRecording_cut.wav,2.6,0.547722558,0.48009999,5
29539453_MinPolqaSfbRecording_cut.wav,2.5,1.290994449,1.26517456,4
30416347_MinPolqaSfbRecording_cut.wav,4.0,0.816496581,0.800166649,4
30064032_MinPolqaSfbRecording_cut.wav,3.5,1.290994449,1.26517456,4
30411260_MinPolqaSfbRecording_cut.wav,2.0,0.816496581,0.800166649,4
30073086_MinPolqaSfbRecording_cut.wav,2.0,0.816496581,0.800166649,4
30479497_MinPolqaSfbRecording_cut.wav,3.25,0.957427108,0.938278566,4
30400563_MinPolqaSfbRecording_cut.wav,3.5,1.914854216,1.876557131,4
28103677_MinPolqaSfbRecording_cut.wav,3.75,0.957427108,0.938278566,4
30408807_MinPolqaSfbRecording_cut.wav,1.25,0.5,0.49,4
30096931_MinPolqaSfbRecording_cut.wav,3.5,1.290994449,1.26517456,4
30097495_MinPolqaSfbRecording_cut.wav,3.0,0.816496581,0.800166649,4
30467276_MinPolqaSfbRecording_cut.wav,1.25,0.5,0.49,4
30468451_MinPolqaSfbRecording_cut.wav,1.75,0.957427108,0.938278566,4
30105503_MinPolqaSfbRecording_cut.wav,1.5,0.577350269,0.565803264,4
30155188_MinPolqaSfbRecording_cut.wav,2.75,0.957427108,0.938278566,4
30521016_MinPolqaSfbRecording_cut.wav,2.75,0.957427108,0.938278566,4
30436729_MinPolqaSfbRecording_cut.wav,2.5,0.577350269,0.565803264,4
30415376_MinPolqaSfbRecording_cut.wav,3.4,1.140175425,0.999407825,5
30068085_MinPolqaSfbRecording_cut.wav,1.8,0.836660027,0.733364848,5
30520039_MinPolqaSfbRecording_cut.wav,1.2,0.447213595,0.392,5
30466069_MinPolqaSfbRecording_cut.wav,3.2,1.095445115,0.960199979,5
28688300_MinPolqaSfbRecording_cut.wav,4.8,0.447213595,0.392,5
30060551_MinPolqaSfbRecording_cut.wav,1.6,0.894427191,0.784,5
30442241_MinPolqaSfbRecording_cut.wav,2.8,1.095445115,0.960199979,5
30501356_MinPolqaSfbRecording_cut.wav,1.2,0.447213595,0.392,5
30086629_MinPolqaSfbRecording_cut.wav,2.6,1.140175425,0.999407825,5
30154782_MinPolqaSfbRecording_cut.wav,1.8,0.836660027,0.733364848,5
29539844_MinPolqaSfbRecording_cut.wav,1.6,0.894427191,0.784,5
27974325_MinPolqaSfbRecording_cut.wav,3.6,0.894427191,0.784,5
30500893_MinPolqaSfbRecording_cut.wav,1.2,0.447213595,0.392,5
30491517_MinPolqaSfbRecording_cut.wav,1.2,0.447213595,0.392,5
30456128_MinPolqaSfbRecording_cut.wav,2.0,0.707106781,0.619806421,5
30067516_MinPolqaSfbRecording_cut.wav,2.666666667,0.577350269,0.653333333,3
30063545_MinPolqaSfbRecording_cut.wav,2.333333333,0.577350269,0.653333333,3
28115611_MinPolqaSfbRecording_cut.wav,4.666666667,0.577350269,0.653333333,3
27689031_MinPolqaSfbRecording_cut.wav,3.333333333,1.154700538,1.306666667,3
30150531_MinPolqaSfbRecording_cut.wav,2.333333333,1.154700538,1.306666667,3
30529722_MinPolqaSfbRecording_cut.wav,3.666666667,0.577350269,0.653333333,3
30182180_MinPolqaSfbRecording_cut.wav,1.333333333,0.577350269,0.653333333,3
30443564_MinPolqaSfbRecording_cut.wav,3.333333333,0.577350269,0.653333333,3
30509912_MinPolqaSfbRecording_cut.wav,2.333333333,0.577350269,0.653333333,3
30178499_MinPolqaSfbRecording_cut.wav,2.4,1.140175425,0.999407825,5
30260884_MinPolqaSfbRecording_cut.wav,2.4,0.547722558,0.48009999,5
30428848_MinPolqaSfbRecording_cut.wav,3.0,1.224744871,1.073536213,5
30482614_MinPolqaSfbRecording_cut.wav,3.2,0.447213595,0.392,5
27634853_MinPolqaSfbRecording_cut.wav,4.4,0.894427191,0.784,5
27687592_MinPolqaSfbRecording_cut.wav,3.8,1.095445115,0.960199979,5
30405299_MinPolqaSfbRecording_cut.wav,3.6,0.547722558,0.48009999,5
30092657_MinPolqaSfbRecording_cut.wav,2.0,1.0,0.876538647,5
30118495_MinPolqaSfbRecording_cut.wav,2.6,1.140175425,0.999407825,5
27650075_MinPolqaSfbRecording_cut.wav,4.2,0.836660027,0.733364848,5
27732687_MinPolqaSfbRecording_cut.wav,4.4,0.547722558,0.48009999,5
27510055_MinPolqaSfbRecording_cut.wav,2.6,0.547722558,0.48009999,5
30075270_MinPolqaSfbRecording_cut.wav,3.6,1.140175425,0.999407825,5
30118769_MinPolqaSfbRecording_cut.wav,3.4,0.547722558,0.48009999,5
30522938_MinPolqaSfbRecording_cut.wav,2.4,0.894427191,0.784,5
28243956_MinPolqaSfbRecording_cut.wav,4.0,0.0,0.0,5
28692169_MinPolqaSfbRecording_cut.wav,4.333333333,1.154700538,1.306666667,3
30528907_MinPolqaSfbRecording_cut.wav,1.333333333,0.577350269,0.653333333,3
30429245_MinPolqaSfbRecording_cut.wav,2.0,1.732050808,1.96,3
28742229_MinPolqaSfbRecording_cut.wav,2.666666667,1.154700538,1.306666667,3
30107676_MinPolqaSfbRecording_cut.wav,3.666666667,0.577350269,0.653333333,3
30439806_MinPolqaSfbRecording_cut.wav,3.0,1.0,1.131606528,3
27944882_MinPolqaSfbRecording_cut.wav,4.0,1.0,1.131606528,3
30100545_MinPolqaSfbRecording_cut.wav,3.666666667,1.154700538,1.306666667,3
30083096_MinPolqaSfbRecording_cut.wav,4.333333333,1.154700538,1.306666667,3
30151965_MinPolqaSfbRecording_cut.wav,2.4,0.547722558,0.48009999,5
30461180_MinPolqaSfbRecording_cut.wav,3.0,0.707106781,0.619806421,5
30467334_MinPolqaSfbRecording_cut.wav,2.8,0.836660027,0.733364848,5
27808828_MinPolqaSfbRecording_cut.wav,3.0,0.707106781,0.619806421,5
27777758_MinPolqaSfbRecording_cut.wav,3.6,0.547722558,0.48009999,5
30128150_MinPolqaSfbRecording_cut.wav,2.2,0.836660027,0.733364848,5
30263332_MinPolqaSfbRecording_cut.wav,3.2,1.095445115,0.960199979,5
30134181_MinPolqaSfbRecording_cut.wav,1.5,1.0,0.98,4
27733675_MinPolqaSfbRecording_cut.wav,4.5,0.577350269,0.565803264,4
30254269_MinPolqaSfbRecording_cut.wav,2.0,0.816496581,0.800166649,4
28325509_MinPolqaSfbRecording_cut.wav,4.25,0.5,0.49,4
30432793_MinPolqaSfbRecording_cut.wav,1.0,0.0,0.0,4
30142569_MinPolqaSfbRecording_cut.wav,1.75,0.957427108,0.938278566,4
30488677_MinPolqaSfbRecording_cut.wav,3.0,1.154700538,1.131606528,4
28688938_MinPolqaSfbRecording_cut.wav,4.25,0.5,0.49,4
30093421_MinPolqaSfbRecording_cut.wav,2.25,0.5,0.49,4
30478149_MinPolqaSfbRecording_cut.wav,3.0,1.154700538,1.131606528,4
30066498_MinPolqaSfbRecording_cut.wav,3.5,1.290994449,1.26517456,4
30469278_MinPolqaSfbRecording_cut.wav,3.5,1.290994449,1.26517456,4
28524974_MinPolqaSfbRecording_cut.wav,3.75,0.957427108,0.938278566,4
30506859_MinPolqaSfbRecording_cut.wav,2.75,0.5,0.49,4
30251217_MinPolqaSfbRecording_cut.wav,2.75,0.957427108,0.938278566,4
28441364_MinPolqaSfbRecording_cut.wav,3.5,1.290994449,1.26517456,4
30123330_MinPolqaSfbRecording_cut.wav,2.0,0.707106781,0.619806421,5
30097789_MinPolqaSfbRecording_cut.wav,1.6,0.894427191,0.784,5
27771753_MinPolqaSfbRecording_cut.wav,4.4,0.547722558,0.48009999,5
30140834_MinPolqaSfbRecording_cut.wav,4.0,1.0,0.876538647,5
28547714_MinPolqaSfbRecording_cut.wav,4.2,0.836660027,0.733364848,5
30107901_MinPolqaSfbRecording_cut.wav,3.8,0.836660027,0.733364848,5
30449107_MinPolqaSfbRecording_cut.wav,4.0,1.0,0.876538647,5
28474257_MinPolqaSfbRecording_cut.wav,4.0,1.0,0.876538647,5
30080593_MinPolqaSfbRecording_cut.wav,3.25,0.5,0.49,4
30117284_MinPolqaSfbRecording_cut.wav,2.75,1.5,1.47,4
27771984_MinPolqaSfbRecording_cut.wav,4.0,1.154700538,1.131606528,4
30060548_MinPolqaSfbRecording_cut.wav,2.25,0.957427108,0.938278566,4
30529949_MinPolqaSfbRecording_cut.wav,2.0,0.0,0.0,4
28210981_MinPolqaSfbRecording_cut.wav,3.75,1.892969449,1.85511006,4
27572227_MinPolqaSfbRecording_cut.wav,3.5,1.290994449,1.26517456,4
30171958_MinPolqaSfbRecording_cut.wav,3.5,1.290994449,1.26517456,4
30407753_MinPolqaSfbRecording_cut.wav,1.75,0.957427108,0.938278566,4
30067266_MinPolqaSfbRecording_cut.wav,3.4,0.894427191,0.784,5
28210846_MinPolqaSfbRecording_cut.wav,4.6,0.547722558,0.48009999,5
30200311_MinPolqaSfbRecording_cut.wav,3.6,0.894427191,0.784,5
30069916_MinPolqaSfbRecording_cut.wav,1.8,0.836660027,0.733364848,5
27800770_MinPolqaSfbRecording_cut.wav,2.8,0.836660027,0.733364848,5
30423016_MinPolqaSfbRecording_cut.wav,2.0,0.707106781,0.619806421,5
30070370_MinPolqaSfbRecording_cut.wav,1.4,0.547722558,0.48009999,5
30449283_MinPolqaSfbRecording_cut.wav,1.8,0.836660027,0.733364848,5
30508855_MinPolqaSfbRecording_cut.wav,3.6,0.894427191,0.784,5
30104136_MinPolqaSfbRecording_cut.wav,2.4,1.140175425,0.999407825,5
28457868_MinPolqaSfbRecording_cut.wav,4.2,0.836660027,0.733364848,5
28731044_MinPolqaSfbRecording_cut.wav,4.4,0.547722558,0.48009999,5
30128902_MinPolqaSfbRecording_cut.wav,2.0,1.414213562,1.239612843,5
30134454_MinPolqaSfbRecording_cut.wav,4.2,0.836660027,0.733364848,5
30456058_MinPolqaSfbRecording_cut.wav,2.6,1.673320053,1.466729696,5
30202146_MinPolqaSfbRecording_cut.wav,3.4,1.341640786,1.176,5
30516312_MinPolqaSfbRecording_cut.wav,3.4,0.894427191,0.784,5
30210993_MinPolqaSfbRecording_cut.wav,3.4,1.140175425,0.999407825,5
30446209_MinPolqaSfbRecording_cut.wav,1.25,0.5,0.49,4
30404306_MinPolqaSfbRecording_cut.wav,3.25,0.957427108,0.938278566,4
30472573_MinPolqaSfbRecording_cut.wav,3.5,0.577350269,0.565803264,4
27515802_MinPolqaSfbRecording_cut.wav,2.75,0.5,0.49,4
30129695_MinPolqaSfbRecording_cut.wav,2.75,0.957427108,0.938278566,4
30098283_MinPolqaSfbRecording_cut.wav,3.0,1.154700538,1.131606528,4
30151553_MinPolqaSfbRecording_cut.wav,2.5,1.0,0.98,4
30426943_MinPolqaSfbRecording_cut.wav,3.25,0.957427108,0.938278566,4
30193597_MinPolqaSfbRecording_cut.wav,2.75,0.5,0.49,4
30407646_MinPolqaSfbRecording_cut.wav,1.8,0.836660027,0.733364848,5
30430835_MinPolqaSfbRecording_cut.wav,1.4,0.547722558,0.48009999,5
30522685_MinPolqaSfbRecording_cut.wav,3.2,1.095445115,0.960199979,5
30075675_MinPolqaSfbRecording_cut.wav,3.4,0.547722558,0.48009999,5
30205160_MinPolqaSfbRecording_cut.wav,3.2,0.836660027,0.733364848,5
27879402_MinPolqaSfbRecording_cut.wav,4.2,0.836660027,0.733364848,5
30192824_MinPolqaSfbRecording_cut.wav,2.8,1.095445115,0.960199979,5
27757819_MinPolqaSfbRecording_cut.wav,3.2,1.483239697,1.300116918,5
30462173_MinPolqaSfbRecording_cut.wav,1.0,0.0,0.0,5
30161593_MinPolqaSfbRecording_cut.wav,2.2,0.836660027,0.733364848,5
30472777_MinPolqaSfbRecording_cut.wav,2.0,0.707106781,0.619806421,5
30471213_MinPolqaSfbRecording_cut.wav,3.2,0.836660027,0.733364848,5
30256160_MinPolqaSfbRecording_cut.wav,2.6,0.547722558,0.48009999,5
30189109_MinPolqaSfbRecording_cut.wav,2.4,1.140175425,0.999407825,5
30153867_MinPolqaSfbRecording_cut.wav,2.6,0.547722558,0.48009999,5
28923366_MinPolqaSfbRecording_cut.wav,3.25,0.957427108,0.938278566,4
30097035_MinPolqaSfbRecording_cut.wav,3.0,0.816496581,0.800166649,4
30193686_MinPolqaSfbRecording_cut.wav,3.0,0.816496581,0.800166649,4
30505943_MinPolqaSfbRecording_cut.wav,2.75,0.5,0.49,4
28085687_MinPolqaSfbRecording_cut.wav,4.5,0.577350269,0.565803264,4
27847032_MinPolqaSfbRecording_cut.wav,4.25,0.5,0.49,4
30470166_MinPolqaSfbRecording_cut.wav,3.75,0.5,0.49,4
30487542_MinPolqaSfbRecording_cut.wav,2.6,0.547722558,0.48009999,5
30179660_MinPolqaSfbRecording_cut.wav,3.8,0.836660027,0.733364848,5
30092636_MinPolqaSfbRecording_cut.wav,2.8,0.447213595,0.392,5
30496991_MinPolqaSfbRecording_cut.wav,2.6,0.547722558,0.48009999,5
30496952_MinPolqaSfbRecording_cut.wav,1.8,0.447213595,0.392,5
30529250_MinPolqaSfbRecording_cut.wav,1.4,0.547722558,0.48009999,5
30157957_MinPolqaSfbRecording_cut.wav,3.2,0.447213595,0.392,5
30425834_MinPolqaSfbRecording_cut.wav,4.0,0.707106781,0.619806421,5
30502473_MinPolqaSfbRecording_cut.wav,2.8,0.836660027,0.733364848,5
29053553_MinPolqaSfbRecording_cut.wav,4.5,0.577350269,0.565803264,4
30263039_MinPolqaSfbRecording_cut.wav,2.25,0.957427108,0.938278566,4
30150380_MinPolqaSfbRecording_cut.wav,1.0,0.0,0.0,4
30427086_MinPolqaSfbRecording_cut.wav,4.25,0.957427108,0.938278566,4
30202667_MinPolqaSfbRecording_cut.wav,2.25,1.258305739,1.233139624,4
30519067_MinPolqaSfbRecording_cut.wav,3.25,0.957427108,0.938278566,4
30150223_MinPolqaSfbRecording_cut.wav,3.25,0.5,0.49,4
30428079_MinPolqaSfbRecording_cut.wav,2.0,0.816496581,0.800166649,4
30516849_MinPolqaSfbRecording_cut.wav,2.0,0.816496581,0.800166649,4
30142462_MinPolqaSfbRecording_cut.wav,3.0,0.816496581,0.800166649,4
28720694_MinPolqaSfbRecording_cut.wav,4.0,0.707106781,0.619806421,5
30403800_MinPolqaSfbRecording_cut.wav,2.6,0.547722558,0.48009999,5
30405448_MinPolqaSfbRecording_cut.wav,2.0,0.0,0.0,5
30413731_MinPolqaSfbRecording_cut.wav,3.2,0.447213595,0.392,5
30454010_MinPolqaSfbRecording_cut.wav,3.0,1.0,0.876538647,5
30423393_MinPolqaSfbRecording_cut.wav,2.6,0.547722558,0.48009999,5
30085302_MinPolqaSfbRecording_cut.wav,2.6,0.547722558,0.48009999,5
28444769_MinPolqaSfbRecording_cut.wav,3.4,0.894427191,0.784,5
30184720_MinPolqaSfbRecording_cut.wav,2.8,0.836660027,0.733364848,5
30162631_MinPolqaSfbRecording_cut.wav,1.4,0.547722558,0.48009999,5
27863055_MinPolqaSfbRecording_cut.wav,3.6,0.547722558,0.48009999,5
30063954_MinPolqaSfbRecording_cut.wav,1.8,0.836660027,0.733364848,5
30478491_MinPolqaSfbRecording_cut.wav,3.4,1.516575089,1.329336677,5
30199782_MinPolqaSfbRecording_cut.wav,2.4,0.547722558,0.48009999,5
28536048_MinPolqaSfbRecording_cut.wav,4.2,0.447213595,0.392,5
30154807_MinPolqaSfbRecording_cut.wav,4.0,0.707106781,0.619806421,5
30082765_MinPolqaSfbRecording_cut.wav,3.0,1.224744871,1.073536213,5
30200124_MinPolqaSfbRecording_cut.wav,2.6,1.140175425,0.999407825,5
27844720_MinPolqaSfbRecording_cut.wav,4.4,0.547722558,0.48009999,5
30456783_MinPolqaSfbRecording_cut.wav,2.6,1.140175425,0.999407825,5
30530277_MinPolqaSfbRecording_cut.wav,2.0,1.0,0.876538647,5
30133263_MinPolqaSfbRecording_cut.wav,3.6,1.140175425,0.999407825,5
30444423_MinPolqaSfbRecording_cut.wav,1.4,0.547722558,0.48009999,5
28634840_MinPolqaSfbRecording_cut.wav,3.4,1.816590212,1.592311527,5
30510398_MinPolqaSfbRecording_cut.wav,4.2,0.447213595,0.392,5
30149065_MinPolqaSfbRecording_cut.wav,2.2,1.095445115,0.960199979,5
27779511_MinPolqaSfbRecording_cut.wav,3.8,0.447213595,0.392,5
30487926_MinPolqaSfbRecording_cut.wav,3.2,0.447213595,0.392,5
30404159_MinPolqaSfbRecording_cut.wav,3.4,0.894427191,0.784,5
30070619_MinPolqaSfbRecording_cut.wav,2.6,0.547722558,0.48009999,5
28880162_MinPolqaSfbRecording_cut.wav,3.6,0.894427191,0.784,5
30062309_MinPolqaSfbRecording_cut.wav,1.8,1.303840481,1.142866571,5
30202770_MinPolqaSfbRecording_cut.wav,2.2,1.095445115,0.960199979,5
30149211_MinPolqaSfbRecording_cut.wav,2.25,1.892969449,1.85511006,4
27654180_MinPolqaSfbRecording_cut.wav,3.75,0.5,0.49,4
30138312_MinPolqaSfbRecording_cut.wav,3.0,1.414213562,1.385929291,4
27685666_MinPolqaSfbRecording_cut.wav,3.5,0.577350269,0.565803264,4
30262838_MinPolqaSfbRecording_cut.wav,3.0,0.816496581,0.800166649,4
30520455_MinPolqaSfbRecording_cut.wav,3.5,0.577350269,0.565803264,4
30180521_MinPolqaSfbRecording_cut.wav,2.5,1.290994449,1.26517456,4
30180984_MinPolqaSfbRecording_cut.wav,3.25,1.258305739,1.233139624,4
30250015_MinPolqaSfbRecording_cut.wav,3.25,1.258305739,1.233139624,4
30505846_MinPolqaSfbRecording_cut.wav,2.5,1.0,0.98,4
30195417_MinPolqaSfbRecording_cut.wav,3.5,0.577350269,0.565803264,4
30462668_MinPolqaSfbRecording_cut.wav,2.75,0.957427108,0.938278566,4
28586564_MinPolqaSfbRecording_cut.wav,2.0,0.816496581,0.800166649,4
30151538_MinPolqaSfbRecording_cut.wav,3.25,0.5,0.49,4
30252796_MinPolqaSfbRecording_cut.wav,1.5,0.577350269,0.565803264,4
30423059_MinPolqaSfbRecording_cut.wav,2.0,0.0,0.0,4
30467277_MinPolqaSfbRecording_cut.wav,1.25,0.5,0.49,4
30150858_MinPolqaSfbRecording_cut.wav,3.5,1.0,0.98,4
28249151_MinPolqaSfbRecording_cut.wav,4.0,1.224744871,1.073536213,5
30157540_MinPolqaSfbRecording_cut.wav,2.0,1.414213562,1.239612843,5
30087281_MinPolqaSfbRecording_cut.wav,4.4,0.894427191,0.784,5
30120660_MinPolqaSfbRecording_cut.wav,4.2,0.836660027,0.733364848,5
28067374_MinPolqaSfbRecording_cut.wav,4.2,0.836660027,0.733364848,5
30200643_MinPolqaSfbRecording_cut.wav,1.2,0.447213595,0.392,5
28525434_MinPolqaSfbRecording_cut.wav,4.0,0.707106781,0.619806421,5
30478237_MinPolqaSfbRecording_cut.wav,4.0,1.224744871,1.073536213,5
30132161_MinPolqaSfbRecording_cut.wav,1.8,0.836660027,0.733364848,5
27874460_MinPolqaSfbRecording_cut.wav,3.0,0.0,0.0,4
30156495_MinPolqaSfbRecording_cut.wav,3.0,0.816496581,0.800166649,4
30262351_MinPolqaSfbRecording_cut.wav,1.5,0.577350269,0.565803264,4
30443177_MinPolqaSfbRecording_cut.wav,2.0,0.816496581,0.800166649,4
30066014_MinPolqaSfbRecording_cut.wav,3.5,0.577350269,0.565803264,4
30488143_MinPolqaSfbRecording_cut.wav,3.25,1.258305739,1.233139624,4
30079374_MinPolqaSfbRecording_cut.wav,3.25,0.957427108,0.938278566,4
30522087_MinPolqaSfbRecording_cut.wav,2.25,1.258305739,1.233139624,4
27578421_MinPolqaSfbRecording_cut.wav,4.5,0.577350269,0.565803264,4
30141623_MinPolqaSfbRecording_cut.wav,2.25,0.957427108,0.938278566,4
28168764_MinPolqaSfbRecording_cut.wav,2.25,0.5,0.49,4
30444237_MinPolqaSfbRecording_cut.wav,2.75,0.5,0.49,4
29556482_MinPolqaSfbRecording_cut.wav,1.75,0.957427108,0.938278566,4
30516847_MinPolqaSfbRecording_cut.wav,2.25,0.957427108,0.938278566,4
28215255_MinPolqaSfbRecording_cut.wav,3.5,0.577350269,0.565803264,4
30206295_MinPolqaSfbRecording_cut.wav,1.5,0.577350269,0.565803264,4
30250410_MinPolqaSfbRecording_cut.wav,2.25,0.957427108,0.938278566,4
30084866_MinPolqaSfbRecording_cut.wav,1.25,0.5,0.49,4
30189540_MinPolqaSfbRecording_cut.wav,3.0,0.816496581,0.800166649,4
30444846_MinPolqaSfbRecording_cut.wav,2.0,0.816496581,0.800166649,4
30420842_MinPolqaSfbRecording_cut.wav,3.25,0.5,0.49,4
30522837_MinPolqaSfbRecording_cut.wav,2.25,0.957427108,0.938278566,4
30100195_MinPolqaSfbRecording_cut.wav,1.75,0.957427108,0.938278566,4
30252456_MinPolqaSfbRecording_cut.wav,3.0,0.816496581,0.800166649,4
30485424_MinPolqaSfbRecording_cut.wav,3.25,0.5,0.49,4
27748820_MinPolqaSfbRecording_cut.wav,4.0,0.0,0.0,4
28805389_MinPolqaSfbRecording_cut.wav,2.75,0.5,0.49,4
30165925_MinPolqaSfbRecording_cut.wav,4.0,0.707106781,0.619806421,5
30428309_MinPolqaSfbRecording_cut.wav,4.0,0.707106781,0.619806421,5
29543772_MinPolqaSfbRecording_cut.wav,3.4,1.516575089,1.329336677,5
30108321_MinPolqaSfbRecording_cut.wav,3.6,0.894427191,0.784,5
30206438_MinPolqaSfbRecording_cut.wav,2.6,1.140175425,0.999407825,5
29034493_MinPolqaSfbRecording_cut.wav,3.2,0.836660027,0.733364848,5
30122473_MinPolqaSfbRecording_cut.wav,3.6,1.140175425,0.999407825,5
30166966_MinPolqaSfbRecording_cut.wav,2.4,1.140175425,0.999407825,5
28057714_MinPolqaSfbRecording_cut.wav,3.25,0.957427108,0.938278566,4
27761247_MinPolqaSfbRecording_cut.wav,4.5,0.577350269,0.565803264,4
30510625_MinPolqaSfbRecording_cut.wav,4.0,0.816496581,0.800166649,4
30254654_MinPolqaSfbRecording_cut.wav,4.0,0.816496581,0.800166649,4
30527218_MinPolqaSfbRecording_cut.wav,4.0,0.816496581,0.800166649,4
28918465_MinPolqaSfbRecording_cut.wav,4.0,0.816496581,0.800166649,4
30205730_MinPolqaSfbRecording_cut.wav,3.25,0.957427108,0.938278566,4
27921524_MinPolqaSfbRecording_cut.wav,4.5,1.0,0.98,4
30529789_MinPolqaSfbRecording_cut.wav,2.0,0.707106781,0.619806421,5
30098003_MinPolqaSfbRecording_cut.wav,3.8,1.095445115,0.960199979,5
30508332_MinPolqaSfbRecording_cut.wav,2.2,0.447213595,0.392,5
30425089_MinPolqaSfbRecording_cut.wav,2.0,0.707106781,0.619806421,5
30183169_MinPolqaSfbRecording_cut.wav,3.2,0.447213595,0.392,5
30106475_MinPolqaSfbRecording_cut.wav,2.6,0.547722558,0.48009999,5
30160097_MinPolqaSfbRecording_cut.wav,1.8,0.836660027,0.733364848,5
28035321_MinPolqaSfbRecording_cut.wav,4.2,0.836660027,0.733364848,5
30433287_MinPolqaSfbRecording_cut.wav,2.8,0.447213595,0.392,5
30069636_MinPolqaSfbRecording_cut.wav,3.25,0.5,0.49,4
27760816_MinPolqaSfbRecording_cut.wav,3.75,0.957427108,0.938278566,4
27941677_MinPolqaSfbRecording_cut.wav,4.5,0.577350269,0.565803264,4
28034741_MinPolqaSfbRecording_cut.wav,3.75,0.957427108,0.938278566,4
30173728_MinPolqaSfbRecording_cut.wav,2.75,0.957427108,0.938278566,4
30213022_MinPolqaSfbRecording_cut.wav,3.5,0.577350269,0.565803264,4
28170211_MinPolqaSfbRecording_cut.wav,3.75,0.5,0.49,4
30067868_MinPolqaSfbRecording_cut.wav,3.0,0.0,0.0,4
30134400_MinPolqaSfbRecording_cut.wav,3.0,0.816496581,0.800166649,4
30410836_MinPolqaSfbRecording_cut.wav,2.0,0.816496581,0.800166649,4
30171361_MinPolqaSfbRecording_cut.wav,3.75,0.5,0.49,4
27630062_MinPolqaSfbRecording_cut.wav,4.0,0.0,0.0,4
30402630_MinPolqaSfbRecording_cut.wav,1.75,0.5,0.49,4
30076587_MinPolqaSfbRecording_cut.wav,2.75,0.5,0.49,4
30250551_MinPolqaSfbRecording_cut.wav,1.0,0.0,0.0,4
30258316_MinPolqaSfbRecording_cut.wav,2.5,0.577350269,0.565803264,4
28178926_MinPolqaSfbRecording_cut.wav,3.25,0.5,0.49,4
30206784_MinPolqaSfbRecording_cut.wav,2.8,1.303840481,1.142866571,5
29538936_MinPolqaSfbRecording_cut.wav,1.6,0.547722558,0.48009999,5
30132226_MinPolqaSfbRecording_cut.wav,2.8,0.836660027,0.733364848,5
30189579_MinPolqaSfbRecording_cut.wav,3.8,0.836660027,0.733364848,5
30474968_MinPolqaSfbRecording_cut.wav,3.8,1.095445115,0.960199979,5
30182982_MinPolqaSfbRecording_cut.wav,2.0,1.0,0.876538647,5
30519694_MinPolqaSfbRecording_cut.wav,3.6,0.894427191,0.784,5
27665773_MinPolqaSfbRecording_cut.wav,3.8,0.836660027,0.733364848,5
30497292_MinPolqaSfbRecording_cut.wav,3.5,0.577350269,0.565803264,4
30426575_MinPolqaSfbRecording_cut.wav,3.25,0.5,0.49,4
30460346_MinPolqaSfbRecording_cut.wav,1.5,0.577350269,0.565803264,4
30153936_MinPolqaSfbRecording_cut.wav,3.75,0.957427108,0.938278566,4
27143427_MinPolqaSfbRecording_cut.wav,4.5,0.577350269,0.565803264,4
30474493_MinPolqaSfbRecording_cut.wav,1.75,0.5,0.49,4
30441993_MinPolqaSfbRecording_cut.wav,3.0,0.816496581,0.800166649,4
30426889_MinPolqaSfbRecording_cut.wav,1.5,0.577350269,0.565803264,4
28854414_MinPolqaSfbRecording_cut.wav,3.5,0.577350269,0.565803264,4
30522360_MinPolqaSfbRecording_cut.wav,1.25,0.5,0.49,4
30155042_MinPolqaSfbRecording_cut.wav,3.5,0.577350269,0.565803264,4
30509698_MinPolqaSfbRecording_cut.wav,1.5,0.577350269,0.565803264,4
30213332_MinPolqaSfbRecording_cut.wav,3.5,0.577350269,0.565803264,4
30460889_MinPolqaSfbRecording_cut.wav,3.5,0.577350269,0.565803264,4
30259178_MinPolqaSfbRecording_cut.wav,3.75,0.957427108,0.938278566,4
30478175_MinPolqaSfbRecording_cut.wav,2.5,0.577350269,0.565803264,4
28755733_MinPolqaSfbRecording_cut.wav,4.25,0.957427108,0.938278566,4
30488346_MinPolqaSfbRecording_cut.wav,2.333333333,0.577350269,0.653333333,3
30406403_MinPolqaSfbRecording_cut.wav,2.333333333,0.577350269,0.653333333,3
30174728_MinPolqaSfbRecording_cut.wav,3.0,1.0,1.131606528,3
28756731_MinPolqaSfbRecording_cut.wav,4.0,1.0,1.131606528,3
28967884_MinPolqaSfbRecording_cut.wav,3.333333333,0.577350269,0.653333333,3
30467586_MinPolqaSfbRecording_cut.wav,3.0,0.0,0.0,3
30514167_MinPolqaSfbRecording_cut.wav,3.333333333,0.577350269,0.653333333,3
30146137_MinPolqaSfbRecording_cut.wav,2.0,1.0,1.131606528,3
30432801_MinPolqaSfbRecording_cut.wav,2.333333333,0.577350269,0.653333333,3
30119975_MinPolqaSfbRecording_cut.wav,3.333333333,0.577350269,0.653333333,3
30516404_MinPolqaSfbRecording_cut.wav,1.333333333,0.577350269,0.653333333,3
30180259_MinPolqaSfbRecording_cut.wav,1.333333333,0.577350269,0.653333333,3
30409909_MinPolqaSfbRecording_cut.wav,2.0,1.0,1.131606528,3
30155297_MinPolqaSfbRecording_cut.wav,2.333333333,1.154700538,1.306666667,3
30098603_MinPolqaSfbRecording_cut.wav,3.333333333,0.577350269,0.653333333,3
30473274_MinPolqaSfbRecording_cut.wav,3.0,0.0,0.0,3
27517786_MinPolqaSfbRecording_cut.wav,3.666666667,0.577350269,0.653333333,3
28774106_MinPolqaSfbRecording_cut.wav,4.333333333,0.577350269,0.653333333,3
28744432_MinPolqaSfbRecording_cut.wav,4.5,0.577350269,0.565803264,4
30514664_MinPolqaSfbRecording_cut.wav,2.25,0.5,0.49,4
30472293_MinPolqaSfbRecording_cut.wav,3.75,0.957427108,0.938278566,4
30207696_MinPolqaSfbRecording_cut.wav,3.5,0.577350269,0.565803264,4
30513091_MinPolqaSfbRecording_cut.wav,3.5,0.577350269,0.565803264,4
30521821_MinPolqaSfbRecording_cut.wav,3.25,0.5,0.49,4
30437326_MinPolqaSfbRecording_cut.wav,4.0,0.0,0.0,4
28144819_MinPolqaSfbRecording_cut.wav,3.6,0.547722558,0.48009999,5
30138560_MinPolqaSfbRecording_cut.wav,2.2,0.447213595,0.392,5
28846984_MinPolqaSfbRecording_cut.wav,2.6,0.547722558,0.48009999,5
28834597_MinPolqaSfbRecording_cut.wav,4.2,0.447213595,0.392,5
27643921_MinPolqaSfbRecording_cut.wav,3.4,0.547722558,0.48009999,5
30068457_MinPolqaSfbRecording_cut.wav,2.2,0.447213595,0.392,5
30180410_MinPolqaSfbRecording_cut.wav,3.0,1.414213562,1.385929291,4
30449821_MinPolqaSfbRecording_cut.wav,3.25,0.5,0.49,4
29544774_MinPolqaSfbRecording_cut.wav,3.0,1.154700538,1.131606528,4
28770852_MinPolqaSfbRecording_cut.wav,4.0,0.816496581,0.800166649,4
30262518_MinPolqaSfbRecording_cut.wav,3.75,0.5,0.49,4
30527586_MinPolqaSfbRecording_cut.wav,3.5,1.290994449,1.26517456,4
28333921_MinPolqaSfbRecording_cut.wav,4.25,0.957427108,0.938278566,4
30124350_MinPolqaSfbRecording_cut.wav,2.75,0.957427108,0.938278566,4
28308645_MinPolqaSfbRecording_cut.wav,4.0,1.0,1.131606528,3
30090657_MinPolqaSfbRecording_cut.wav,4.0,1.0,1.131606528,3
28898338_MinPolqaSfbRecording_cut.wav,3.666666667,0.577350269,0.653333333,3
30463093_MinPolqaSfbRecording_cut.wav,3.666666667,0.577350269,0.653333333,3
30520963_MinPolqaSfbRecording_cut.wav,3.333333333,1.154700538,1.306666667,3
28631644_MinPolqaSfbRecording_cut.wav,3.333333333,1.154700538,1.306666667,3
30068621_MinPolqaSfbRecording_cut.wav,3.333333333,0.577350269,0.653333333,3
30423930_MinPolqaSfbRecording_cut.wav,3.0,1.0,1.131606528,3
30150250_MinPolqaSfbRecording_cut.wav,3.25,0.957427108,0.938278566,4
30180679_MinPolqaSfbRecording_cut.wav,3.5,0.577350269,0.565803264,4
30206460_MinPolqaSfbRecording_cut.wav,2.5,0.577350269,0.565803264,4
28192921_MinPolqaSfbRecording_cut.wav,4.25,0.957427108,0.938278566,4
30479620_MinPolqaSfbRecording_cut.wav,3.5,1.290994449,1.26517456,4
30526477_MinPolqaSfbRecording_cut.wav,3.5,0.577350269,0.565803264,4
29540650_MinPolqaSfbRecording_cut.wav,4.5,0.577350269,0.565803264,4
30518934_MinPolqaSfbRecording_cut.wav,3.0,0.816496581,0.800166649,4
30161953_MinPolqaSfbRecording_cut.wav,3.25,0.957427108,0.938278566,4
30133880_MinPolqaSfbRecording_cut.wav,3.8,1.095445115,0.960199979,5
30174632_MinPolqaSfbRecording_cut.wav,2.8,0.836660027,0.733364848,5
28134311_MinPolqaSfbRecording_cut.wav,3.8,1.303840481,1.142866571,5
30114032_MinPolqaSfbRecording_cut.wav,2.4,0.894427191,0.784,5
28338899_MinPolqaSfbRecording_cut.wav,4.2,0.836660027,0.733364848,5
29041040_MinPolqaSfbRecording_cut.wav,4.0,1.0,0.876538647,5
30425182_MinPolqaSfbRecording_cut.wav,4.2,1.095445115,0.960199979,5
30530738_MinPolqaSfbRecording_cut.wav,3.25,0.5,0.49,4
30128349_MinPolqaSfbRecording_cut.wav,3.75,0.957427108,0.938278566,4
27955915_MinPolqaSfbRecording_cut.wav,4.5,0.577350269,0.565803264,4
30438433_MinPolqaSfbRecording_cut.wav,1.0,0.0,0.0,4
30212533_MinPolqaSfbRecording_cut.wav,4.25,0.5,0.49,4
30256939_MinPolqaSfbRecording_cut.wav,2.75,0.5,0.49,4
30472300_MinPolqaSfbRecording_cut.wav,1.5,0.577350269,0.565803264,4
30079519_MinPolqaSfbRecording_cut.wav,3.5,1.0,0.98,4
30465855_MinPolqaSfbRecording_cut.wav,2.4,1.673320053,1.466729696,5
30150741_MinPolqaSfbRecording_cut.wav,3.6,1.140175425,0.999407825,5
30073016_MinPolqaSfbRecording_cut.wav,3.2,0.836660027,0.733364848,5
30514836_MinPolqaSfbRecording_cut.wav,3.0,1.0,0.876538647,5
30433922_MinPolqaSfbRecording_cut.wav,3.2,0.836660027,0.733364848,5
30257349_MinPolqaSfbRecording_cut.wav,3.2,1.303840481,1.142866571,5
30067784_MinPolqaSfbRecording_cut.wav,3.2,1.303840481,1.142866571,5
30470405_MinPolqaSfbRecording_cut.wav,2.4,0.547722558,0.48009999,5
30144145_MinPolqaSfbRecording_cut.wav,2.8,0.836660027,0.733364848,5
28651171_MinPolqaSfbRecording_cut.wav,2.6,0.894427191,0.784,5
28148410_MinPolqaSfbRecording_cut.wav,3.4,0.894427191,0.784,5
30482616_MinPolqaSfbRecording_cut.wav,2.8,0.836660027,0.733364848,5
30261177_MinPolqaSfbRecording_cut.wav,2.6,0.547722558,0.48009999,5
29538279_MinPolqaSfbRecording_cut.wav,2.6,0.894427191,0.784,5
30105023_MinPolqaSfbRecording_cut.wav,2.6,0.547722558,0.48009999,5
30090565_MinPolqaSfbRecording_cut.wav,1.8,0.447213595,0.392,5
30527986_MinPolqaSfbRecording_cut.wav,3.0,1.0,0.876538647,5
30089319_MinPolqaSfbRecording_cut.wav,3.0,0.0,0.0,2
30156753_MinPolqaSfbRecording_cut.wav,2.0,0.0,0.0,2
30071315_MinPolqaSfbRecording_cut.wav,2.5,0.707106781,0.98,2
28046944_MinPolqaSfbRecording_cut.wav,4.0,0.0,0.0,2
30097468_MinPolqaSfbRecording_cut.wav,3.0,0.0,0.0,2
30438097_MinPolqaSfbRecording_cut.wav,3.0,0.0,0.0,2
27968324_MinPolqaSfbRecording_cut.wav,3.5,0.707106781,0.98,2
30422850_MinPolqaSfbRecording_cut.wav,4.0,0.0,0.0,2
30107510_MinPolqaSfbRecording_cut.wav,3.0,0.0,0.0,2
28131402_MinPolqaSfbRecording_cut.wav,3.0,0.816496581,0.800166649,4
30488043_MinPolqaSfbRecording_cut.wav,3.5,1.0,0.98,4
30262713_MinPolqaSfbRecording_cut.wav,3.75,1.258305739,1.233139624,4
28808554_MinPolqaSfbRecording_cut.wav,4.0,0.0,0.0,4
30211576_MinPolqaSfbRecording_cut.wav,4.25,0.957427108,0.938278566,4
27955562_MinPolqaSfbRecording_cut.wav,4.5,0.577350269,0.565803264,4
30207740_MinPolqaSfbRecording_cut.wav,2.0,1.414213562,1.385929291,4
30527134_MinPolqaSfbRecording_cut.wav,1.75,1.5,1.47,4
30521008_MinPolqaSfbRecording_cut.wav,2.5,1.290994449,1.26517456,4
30161652_MinPolqaSfbRecording_cut.wav,4.0,0.0,0.0,4
30406689_MinPolqaSfbRecording_cut.wav,4.5,0.577350269,0.565803264,4
27959230_MinPolqaSfbRecording_cut.wav,3.75,0.5,0.49,4
30091327_MinPolqaSfbRecording_cut.wav,2.25,0.5,0.49,4
30506768_MinPolqaSfbRecording_cut.wav,1.25,0.5,0.49,4
28226775_MinPolqaSfbRecording_cut.wav,4.5,0.577350269,0.565803264,4
30405891_MinPolqaSfbRecording_cut.wav,1.25,0.5,0.49,4
28043400_MinPolqaSfbRecording_cut.wav,3.6,0.894427191,0.784,5
29540176_MinPolqaSfbRecording_cut.wav,4.0,0.0,0.0,5
29534418_MinPolqaSfbRecording_cut.wav,3.2,0.836660027,0.733364848,5
30413003_MinPolqaSfbRecording_cut.wav,3.0,1.224744871,1.073536213,5
30106931_MinPolqaSfbRecording_cut.wav,3.2,0.447213595,0.392,5
30156565_MinPolqaSfbRecording_cut.wav,3.6,0.894427191,0.784,5
29532864_MinPolqaSfbRecording_cut.wav,3.4,0.894427191,0.784,5
30104105_MinPolqaSfbRecording_cut.wav,3.2,1.303840481,1.142866571,5
30519762_MinPolqaSfbRecording_cut.wav,3.0,0.707106781,0.619806421,5
30460756_MinPolqaSfbRecording_cut.wav,2.4,0.894427191,0.784,5
30480066_MinPolqaSfbRecording_cut.wav,2.6,0.894427191,0.784,5
30164242_MinPolqaSfbRecording_cut.wav,1.8,0.836660027,0.733364848,5
29028801_MinPolqaSfbRecording_cut.wav,4.2,0.836660027,0.733364848,5
30125016_MinPolqaSfbRecording_cut.wav,3.8,0.447213595,0.392,5
30136796_MinPolqaSfbRecording_cut.wav,1.0,0.0,0.0,5
28799137_MinPolqaSfbRecording_cut.wav,4.4,0.547722558,0.48009999,5
30507017_MinPolqaSfbRecording_cut.wav,3.4,0.894427191,0.784,5
28501691_MinPolqaSfbRecording_cut.wav,2.6,0.894427191,0.784,5
30206581_MinPolqaSfbRecording_cut.wav,2.5,0.577350269,0.565803264,4
30421044_MinPolqaSfbRecording_cut.wav,3.25,0.957427108,0.938278566,4
30429451_MinPolqaSfbRecording_cut.wav,2.75,0.957427108,0.938278566,4
30480489_MinPolqaSfbRecording_cut.wav,3.0,0.816496581,0.800166649,4
30461910_MinPolqaSfbRecording_cut.wav,3.75,0.5,0.49,4
30488898_MinPolqaSfbRecording_cut.wav,3.5,0.577350269,0.565803264,4
29540658_MinPolqaSfbRecording_cut.wav,2.75,0.5,0.49,4
28114605_MinPolqaSfbRecording_cut.wav,4.0,1.154700538,1.131606528,4
27929564_MinPolqaSfbRecording_cut.wav,3.0,0.816496581,0.800166649,4
30455353_MinPolqaSfbRecording_cut.wav,3.5,1.0,0.98,4
30174672_MinPolqaSfbRecording_cut.wav,2.25,1.258305739,1.233139624,4
30496382_MinPolqaSfbRecording_cut.wav,2.0,0.816496581,0.800166649,4
30214033_MinPolqaSfbRecording_cut.wav,2.75,1.707825128,1.673668625,4
28347895_MinPolqaSfbRecording_cut.wav,3.5,1.0,0.98,4
30170991_MinPolqaSfbRecording_cut.wav,2.75,0.957427108,0.938278566,4
30426782_MinPolqaSfbRecording_cut.wav,1.5,0.577350269,0.565803264,4
30413456_MinPolqaSfbRecording_cut.wav,1.25,0.5,0.49,4
30099060_MinPolqaSfbRecording_cut.wav,3.0,0.816496581,0.800166649,4
30478847_MinPolqaSfbRecording_cut.wav,3.5,0.577350269,0.565803264,4
27787080_MinPolqaSfbRecording_cut.wav,3.0,0.0,0.0,4
28864102_MinPolqaSfbRecording_cut.wav,3.75,0.957427108,0.938278566,4
30180745_MinPolqaSfbRecording_cut.wav,2.75,0.957427108,0.938278566,4
30064941_MinPolqaSfbRecording_cut.wav,3.0,0.816496581,0.800166649,4
28908995_MinPolqaSfbRecording_cut.wav,3.25,0.957427108,0.938278566,4
30112700_MinPolqaSfbRecording_cut.wav,1.0,0.0,0.0,4
30432347_MinPolqaSfbRecording_cut.wav,1.0,0.0,0.0,4
30136814_MinPolqaSfbRecording_cut.wav,2.0,0.0,0.0,4
28329502_MinPolqaSfbRecording_cut.wav,3.0,0.0,0.0,4
30475548_MinPolqaSfbRecording_cut.wav,3.25,0.957427108,0.938278566,4
30194448_MinPolqaSfbRecording_cut.wav,2.25,0.957427108,0.938278566,4
27585228_MinPolqaSfbRecording_cut.wav,3.5,0.577350269,0.565803264,4
30160898_MinPolqaSfbRecording_cut.wav,1.75,0.5,0.49,4
30108698_MinPolqaSfbRecording_cut.wav,1.5,0.577350269,0.565803264,4
30065703_MinPolqaSfbRecording_cut.wav,2.0,0.816496581,0.800166649,4
30483197_MinPolqaSfbRecording_cut.wav,2.8,1.303840481,1.142866571,5
30123677_MinPolqaSfbRecording_cut.wav,4.2,0.447213595,0.392,5
30144491_MinPolqaSfbRecording_cut.wav,2.0,1.414213562,1.239612843,5
30259059_MinPolqaSfbRecording_cut.wav,3.6,0.894427191,0.784,5
30529647_MinPolqaSfbRecording_cut.wav,3.2,1.095445115,0.960199979,5
30434836_MinPolqaSfbRecording_cut.wav,3.4,1.673320053,1.466729696,5
30097421_MinPolqaSfbRecording_cut.wav,2.8,1.303840481,1.142866571,5
28671377_MinPolqaSfbRecording_cut.wav,4.4,0.547722558,0.48009999,5
28814858_MinPolqaSfbRecording_cut.wav,4.666666667,0.577350269,0.653333333,3
27781149_MinPolqaSfbRecording_cut.wav,4.666666667,0.577350269,0.653333333,3
28008093_MinPolqaSfbRecording_cut.wav,4.666666667,0.577350269,0.653333333,3
30485957_MinPolqaSfbRecording_cut.wav,4.0,1.0,1.131606528,3
28927932_MinPolqaSfbRecording_cut.wav,4.666666667,0.577350269,0.653333333,3
30179092_MinPolqaSfbRecording_cut.wav,2.333333333,0.577350269,0.653333333,3
30458361_MinPolqaSfbRecording_cut.wav,1.333333333,0.577350269,0.653333333,3
29013749_MinPolqaSfbRecording_cut.wav,4.0,1.732050808,1.96,3
28647735_MinPolqaSfbRecording_cut.wav,4.333333333,1.154700538,1.306666667,3
29537080_MinPolqaSfbRecording_cut.wav,2.333333333,0.577350269,0.653333333,3
30263738_MinPolqaSfbRecording_cut.wav,3.6,0.894427191,0.784,5
30136706_MinPolqaSfbRecording_cut.wav,2.8,1.643167673,1.440299969,5
28174123_MinPolqaSfbRecording_cut.wav,4.2,1.303840481,1.142866571,5
30457535_MinPolqaSfbRecording_cut.wav,3.6,1.140175425,0.999407825,5
30156491_MinPolqaSfbRecording_cut.wav,3.2,1.303840481,1.142866571,5
30162675_MinPolqaSfbRecording_cut.wav,2.6,1.140175425,0.999407825,5
28733834_MinPolqaSfbRecording_cut.wav,3.4,0.894427191,0.784,5
28133011_MinPolqaSfbRecording_cut.wav,4.6,0.894427191,0.784,5
30444219_MinPolqaSfbRecording_cut.wav,3.0,1.414213562,1.239612843,5
27566489_MinPolqaSfbRecording_cut.wav,4.4,0.547722558,0.48009999,5
30442321_MinPolqaSfbRecording_cut.wav,1.8,1.303840481,1.142866571,5
30489809_MinPolqaSfbRecording_cut.wav,2.8,1.303840481,1.142866571,5
30192822_MinPolqaSfbRecording_cut.wav,2.8,0.836660027,0.733364848,5
30091534_MinPolqaSfbRecording_cut.wav,1.6,1.341640786,1.176,5
30129285_MinPolqaSfbRecording_cut.wav,2.6,0.894427191,0.784,5
30405992_MinPolqaSfbRecording_cut.wav,4.2,0.836660027,0.733364848,5
30113078_MinPolqaSfbRecording_cut.wav,3.6,0.547722558,0.48009999,5
29537150_MinPolqaSfbRecording_cut.wav,2.4,1.516575089,1.329336677,5
30160094_MinPolqaSfbRecording_cut.wav,2.0,0.707106781,0.619806421,5
30483109_MinPolqaSfbRecording_cut.wav,3.6,1.341640786,1.176,5
28509781_MinPolqaSfbRecording_cut.wav,4.8,0.447213595,0.392,5
30514285_MinPolqaSfbRecording_cut.wav,3.2,1.095445115,0.960199979,5
28884191_MinPolqaSfbRecording_cut.wav,4.2,0.836660027,0.733364848,5
30524047_MinPolqaSfbRecording_cut.wav,4.0,1.224744871,1.073536213,5
30456070_MinPolqaSfbRecording_cut.wav,2.8,1.483239697,1.300116918,5
30193599_MinPolqaSfbRecording_cut.wav,3.2,1.303840481,1.142866571,5
29538273_MinPolqaSfbRecording_cut.wav,3.75,1.258305739,1.233139624,4
30454376_MinPolqaSfbRecording_cut.wav,3.5,0.577350269,0.565803264,4
28551348_MinPolqaSfbRecording_cut.wav,3.75,0.957427108,0.938278566,4
30143369_MinPolqaSfbRecording_cut.wav,2.5,0.577350269,0.565803264,4
27590060_MinPolqaSfbRecording_cut.wav,4.0,0.816496581,0.800166649,4
30436140_MinPolqaSfbRecording_cut.wav,3.25,0.5,0.49,4
30163088_MinPolqaSfbRecording_cut.wav,1.0,0.0,0.0,4
30149352_MinPolqaSfbRecording_cut.wav,4.0,0.707106781,0.619806421,5
28268606_MinPolqaSfbRecording_cut.wav,4.2,0.447213595,0.392,5
30529694_MinPolqaSfbRecording_cut.wav,3.0,1.0,0.876538647,5
30445807_MinPolqaSfbRecording_cut.wav,2.4,0.547722558,0.48009999,5
30453528_MinPolqaSfbRecording_cut.wav,3.2,0.447213595,0.392,5
30508463_MinPolqaSfbRecording_cut.wav,3.8,0.836660027,0.733364848,5
30089134_MinPolqaSfbRecording_cut.wav,3.2,0.836660027,0.733364848,5
30183580_MinPolqaSfbRecording_cut.wav,1.6,1.341640786,1.176,5
28736413_MinPolqaSfbRecording_cut.wav,4.8,0.447213595,0.392,5
28142851_MinPolqaSfbRecording_cut.wav,3.333333333,0.577350269,0.653333333,3
30250069_MinPolqaSfbRecording_cut.wav,2.666666667,0.577350269,0.653333333,3
30507769_MinPolqaSfbRecording_cut.wav,3.666666667,1.154700538,1.306666667,3
30145417_MinPolqaSfbRecording_cut.wav,3.666666667,1.154700538,1.306666667,3
28436187_MinPolqaSfbRecording_cut.wav,3.0,0.0,0.0,3
30095821_MinPolqaSfbRecording_cut.wav,1.666666667,0.577350269,0.653333333,3
28928566_MinPolqaSfbRecording_cut.wav,4.666666667,0.577350269,0.653333333,3
29538854_MinPolqaSfbRecording_cut.wav,2.5,1.290994449,1.26517456,4
29533299_MinPolqaSfbRecording_cut.wav,2.75,0.5,0.49,4
30485366_MinPolqaSfbRecording_cut.wav,3.25,0.5,0.49,4
30081760_MinPolqaSfbRecording_cut.wav,2.0,0.816496581,0.800166649,4
30096043_MinPolqaSfbRecording_cut.wav,3.0,1.632993162,1.600333299,4
30178044_MinPolqaSfbRecording_cut.wav,3.0,1.825741858,1.789227021,4
30472863_MinPolqaSfbRecording_cut.wav,3.25,0.957427108,0.938278566,4
30427486_MinPolqaSfbRecording_cut.wav,2.0,0.816496581,0.800166649,4
30100256_MinPolqaSfbRecording_cut.wav,3.25,0.5,0.49,4
30411852_MinPolqaSfbRecording_cut.wav,3.25,1.5,1.47,4
30157106_MinPolqaSfbRecording_cut.wav,2.5,1.290994449,1.26517456,4
30063127_MinPolqaSfbRecording_cut.wav,2.25,0.5,0.49,4
30209329_MinPolqaSfbRecording_cut.wav,2.25,0.957427108,0.938278566,4
28229617_MinPolqaSfbRecording_cut.wav,4.25,0.957427108,0.938278566,4
30201398_MinPolqaSfbRecording_cut.wav,2.75,0.5,0.49,4
30082994_MinPolqaSfbRecording_cut.wav,4.0,1.414213562,1.385929291,4
28624641_MinPolqaSfbRecording_cut.wav,4.0,0.0,0.0,4
30177444_MinPolqaSfbRecording_cut.wav,2.25,0.957427108,0.938278566,4
27682416_MinPolqaSfbRecording_cut.wav,3.75,0.5,0.49,4
30121387_MinPolqaSfbRecording_cut.wav,3.75,0.5,0.49,4
30065430_MinPolqaSfbRecording_cut.wav,1.5,1.0,0.98,4
30073653_MinPolqaSfbRecording_cut.wav,1.75,0.957427108,0.938278566,4
30423896_MinPolqaSfbRecording_cut.wav,1.8,0.836660027,0.733364848,5
30089933_MinPolqaSfbRecording_cut.wav,3.2,1.095445115,0.960199979,5
29543155_MinPolqaSfbRecording_cut.wav,3.0,0.707106781,0.619806421,5
28471979_MinPolqaSfbRecording_cut.wav,3.0,1.0,0.876538647,5
28030704_MinPolqaSfbRecording_cut.wav,4.0,1.414213562,1.239612843,5
30437168_MinPolqaSfbRecording_cut.wav,2.8,0.447213595,0.392,5
30179045_MinPolqaSfbRecording_cut.wav,1.2,0.447213595,0.392,5
27839167_MinPolqaSfbRecording_cut.wav,3.8,0.836660027,0.733364848,5
28746077_MinPolqaSfbRecording_cut.wav,3.2,1.095445115,0.960199979,5
30161802_MinPolqaSfbRecording_cut.wav,2.4,0.894427191,0.784,5
30474689_MinPolqaSfbRecording_cut.wav,3.6,0.547722558,0.48009999,5
30129919_MinPolqaSfbRecording_cut.wav,2.4,0.894427191,0.784,5
28340671_MinPolqaSfbRecording_cut.wav,4.2,0.447213595,0.392,5
30412444_MinPolqaSfbRecording_cut.wav,2.8,0.836660027,0.733364848,5
30165223_MinPolqaSfbRecording_cut.wav,2.6,0.894427191,0.784,5
30463116_MinPolqaSfbRecording_cut.wav,1.6,0.894427191,0.784,5
28961708_MinPolqaSfbRecording_cut.wav,3.25,0.5,0.49,4
27726312_MinPolqaSfbRecording_cut.wav,3.25,0.5,0.49,4
28556117_MinPolqaSfbRecording_cut.wav,4.0,0.816496581,0.800166649,4
28651626_MinPolqaSfbRecording_cut.wav,4.0,0.0,0.0,4
30460064_MinPolqaSfbRecording_cut.wav,4.0,0.816496581,0.800166649,4
30206244_MinPolqaSfbRecording_cut.wav,3.25,0.5,0.49,4
28896959_MinPolqaSfbRecording_cut.wav,1.75,0.957427108,0.938278566,4
28523071_MinPolqaSfbRecording_cut.wav,3.5,0.577350269,0.565803264,4
28282748_MinPolqaSfbRecording_cut.wav,3.5,0.577350269,0.565803264,4
30193864_MinPolqaSfbRecording_cut.wav,2.75,1.5,1.47,4
30467503_MinPolqaSfbRecording_cut.wav,2.5,1.0,0.98,4
30202568_MinPolqaSfbRecording_cut.wav,2.0,0.816496581,0.800166649,4
30256426_MinPolqaSfbRecording_cut.wav,2.75,1.258305739,1.233139624,4
30060786_MinPolqaSfbRecording_cut.wav,3.25,0.957427108,0.938278566,4
27864691_MinPolqaSfbRecording_cut.wav,4.25,0.957427108,0.938278566,4
30166612_MinPolqaSfbRecording_cut.wav,3.0,0.0,0.0,4
29541956_MinPolqaSfbRecording_cut.wav,3.75,0.5,0.49,4
30491411_MinPolqaSfbRecording_cut.wav,3.0,1.825741858,1.789227021,4
30068847_MinPolqaSfbRecording_cut.wav,2.75,2.061552813,2.020321757,4
30102897_MinPolqaSfbRecording_cut.wav,4.25,0.957427108,0.938278566,4
30206533_MinPolqaSfbRecording_cut.wav,4.25,0.957427108,0.938278566,4
28830701_MinPolqaSfbRecording_cut.wav,4.25,0.957427108,0.938278566,4
28177985_MinPolqaSfbRecording_cut.wav,4.0,0.816496581,0.800166649,4
30480889_MinPolqaSfbRecording_cut.wav,3.75,0.957427108,0.938278566,4
30262771_MinPolqaSfbRecording_cut.wav,3.25,0.957427108,0.938278566,4
30134202_MinPolqaSfbRecording_cut.wav,3.25,0.5,0.49,4
30488253_MinPolqaSfbRecording_cut.wav,3.5,0.577350269,0.565803264,4
30087607_MinPolqaSfbRecording_cut.wav,4.25,0.957427108,0.938278566,4
30104991_MinPolqaSfbRecording_cut.wav,3.0,1.414213562,1.385929291,4
30141096_MinPolqaSfbRecording_cut.wav,4.25,0.5,0.49,4
28266750_MinPolqaSfbRecording_cut.wav,4.75,0.5,0.49,4
30123091_MinPolqaSfbRecording_cut.wav,4.25,0.5,0.49,4
27683420_MinPolqaSfbRecording_cut.wav,3.6,0.547722558,0.48009999,5
30194921_MinPolqaSfbRecording_cut.wav,3.0,0.707106781,0.619806421,5
30263768_MinPolqaSfbRecording_cut.wav,2.6,1.140175425,0.999407825,5
28966747_MinPolqaSfbRecording_cut.wav,4.2,0.836660027,0.733364848,5
27630469_MinPolqaSfbRecording_cut.wav,2.8,0.447213595,0.392,5
29529857_MinPolqaSfbRecording_cut.wav,3.8,0.836660027,0.733364848,5
30522219_MinPolqaSfbRecording_cut.wav,3.0,2.0,1.753077294,5
30068077_MinPolqaSfbRecording_cut.wav,3.0,1.224744871,1.073536213,5
28959465_MinPolqaSfbRecording_cut.wav,3.8,1.095445115,0.960199979,5
30139378_MinPolqaSfbRecording_cut.wav,4.0,0.707106781,0.619806421,5
28958700_MinPolqaSfbRecording_cut.wav,3.6,0.894427191,0.784,5
30497419_MinPolqaSfbRecording_cut.wav,3.2,1.095445115,0.960199979,5
30262545_MinPolqaSfbRecording_cut.wav,3.6,1.516575089,1.329336677,5
30156505_MinPolqaSfbRecording_cut.wav,2.6,1.673320053,1.466729696,5
30425225_MinPolqaSfbRecording_cut.wav,3.75,0.957427108,0.938278566,4
30435339_MinPolqaSfbRecording_cut.wav,2.25,0.957427108,0.938278566,4
30189313_MinPolqaSfbRecording_cut.wav,1.5,0.577350269,0.565803264,4
28433553_MinPolqaSfbRecording_cut.wav,4.0,1.154700538,1.131606528,4
30104547_MinPolqaSfbRecording_cut.wav,3.75,0.957427108,0.938278566,4
30430107_MinPolqaSfbRecording_cut.wav,2.75,0.957427108,0.938278566,4
30076312_MinPolqaSfbRecording_cut.wav,4.25,0.957427108,0.938278566,4
30201857_MinPolqaSfbRecording_cut.wav,3.75,1.258305739,1.233139624,4
30151728_MinPolqaSfbRecording_cut.wav,1.0,0.0,0.0,3
30144812_MinPolqaSfbRecording_cut.wav,3.333333333,0.577350269,0.653333333,3
30109310_MinPolqaSfbRecording_cut.wav,2.333333333,0.577350269,0.653333333,3
30450157_MinPolqaSfbRecording_cut.wav,2.333333333,0.577350269,0.653333333,3
27568057_MinPolqaSfbRecording_cut.wav,3.333333333,0.577350269,0.653333333,3
30157214_MinPolqaSfbRecording_cut.wav,3.0,0.0,0.0,3
30517014_MinPolqaSfbRecording_cut.wav,4.0,0.0,0.0,3
30200715_MinPolqaSfbRecording_cut.wav,2.333333333,0.577350269,0.653333333,3
30099659_MinPolqaSfbRecording_cut.wav,3.0,1.224744871,1.073536213,5
30081222_MinPolqaSfbRecording_cut.wav,2.8,1.483239697,1.300116918,5
30256428_MinPolqaSfbRecording_cut.wav,3.4,1.140175425,0.999407825,5
30463833_MinPolqaSfbRecording_cut.wav,2.6,1.516575089,1.329336677,5
29541803_MinPolqaSfbRecording_cut.wav,2.0,1.224744871,1.073536213,5
30445908_MinPolqaSfbRecording_cut.wav,2.0,1.732050808,1.518209472,5
30504098_MinPolqaSfbRecording_cut.wav,3.6,1.140175425,0.999407825,5
30254538_MinPolqaSfbRecording_cut.wav,2.8,1.095445115,0.960199979,5
30444585_MinPolqaSfbRecording_cut.wav,2.0,0.0,0.0,2
30069902_MinPolqaSfbRecording_cut.wav,3.5,0.707106781,0.98,2
29533049_MinPolqaSfbRecording_cut.wav,2.5,0.707106781,0.98,2
30104193_MinPolqaSfbRecording_cut.wav,2.5,0.707106781,0.98,2
30117621_MinPolqaSfbRecording_cut.wav,2.5,0.707106781,0.98,2
28190255_MinPolqaSfbRecording_cut.wav,3.5,0.707106781,0.98,2
30162884_MinPolqaSfbRecording_cut.wav,2.0,0.0,0.0,2
30436708_MinPolqaSfbRecording_cut.wav,2.0,0.0,0.0,2
28766269_MinPolqaSfbRecording_cut.wav,4.5,0.707106781,0.98,2
30432992_MinPolqaSfbRecording_cut.wav,2.0,1.414213562,1.96,2
30063384_MinPolqaSfbRecording_cut.wav,1.5,0.707106781,0.98,2
30409257_MinPolqaSfbRecording_cut.wav,3.0,0.0,0.0,2
27832968_MinPolqaSfbRecording_cut.wav,4.0,0.0,0.0,2
30145652_MinPolqaSfbRecording_cut.wav,3.0,0.0,0.0,2
30458258_MinPolqaSfbRecording_cut.wav,2.5,0.707106781,0.98,2
30429565_MinPolqaSfbRecording_cut.wav,2.5,0.707106781,0.98,2
30181959_MinPolqaSfbRecording_cut.wav,2.2,0.836660027,0.733364848,5
30430272_MinPolqaSfbRecording_cut.wav,3.0,0.707106781,0.619806421,5
30092019_MinPolqaSfbRecording_cut.wav,1.6,0.547722558,0.48009999,5
30468595_MinPolqaSfbRecording_cut.wav,3.6,0.894427191,0.784,5
30095817_MinPolqaSfbRecording_cut.wav,3.4,1.516575089,1.329336677,5
30261887_MinPolqaSfbRecording_cut.wav,1.6,0.547722558,0.48009999,5
30160096_MinPolqaSfbRecording_cut.wav,1.0,0.0,0.0,5
30470099_MinPolqaSfbRecording_cut.wav,3.2,0.836660027,0.733364848,5
30189544_MinPolqaSfbRecording_cut.wav,1.6,0.894427191,0.784,5
29530175_MinPolqaSfbRecording_cut.wav,4.0,0.0,0.0,3
30464942_MinPolqaSfbRecording_cut.wav,2.333333333,0.577350269,0.653333333,3
30075769_MinPolqaSfbRecording_cut.wav,3.0,1.0,1.131606528,3
29019633_MinPolqaSfbRecording_cut.wav,3.666666667,0.577350269,0.653333333,3
28922190_MinPolqaSfbRecording_cut.wav,3.333333333,0.577350269,0.653333333,3
30490591_MinPolqaSfbRecording_cut.wav,4.0,0.0,0.0,3
28127295_MinPolqaSfbRecording_cut.wav,3.0,1.0,1.131606528,3
30473874_MinPolqaSfbRecording_cut.wav,4.333333333,0.577350269,0.653333333,3
30090241_MinPolqaSfbRecording_cut.wav,2.666666667,1.154700538,1.306666667,3
27688793_MinPolqaSfbRecording_cut.wav,5.0,0.0,0.0,3
30140897_MinPolqaSfbRecording_cut.wav,1.6,1.341640786,1.176,5
29533382_MinPolqaSfbRecording_cut.wav,3.6,1.140175425,0.999407825,5
30443640_MinPolqaSfbRecording_cut.wav,2.2,1.303840481,1.142866571,5
30166436_MinPolqaSfbRecording_cut.wav,3.4,1.140175425,0.999407825,5
30250408_MinPolqaSfbRecording_cut.wav,3.0,1.224744871,1.073536213,5
30123468_MinPolqaSfbRecording_cut.wav,2.0,1.224744871,1.073536213,5
30421517_MinPolqaSfbRecording_cut.wav,1.8,1.303840481,1.142866571,5
30110599_MinPolqaSfbRecording_cut.wav,3.0,1.58113883,1.385929291,5
30134183_MinPolqaSfbRecording_cut.wav,1.8,1.303840481,1.142866571,5
28310562_MinPolqaSfbRecording_cut.wav,4.0,0.707106781,0.619806421,5
28346399_MinPolqaSfbRecording_cut.wav,4.4,0.547722558,0.48009999,5
30490616_MinPolqaSfbRecording_cut.wav,3.4,0.547722558,0.48009999,5
30129999_MinPolqaSfbRecording_cut.wav,2.8,0.447213595,0.392,5
30155296_MinPolqaSfbRecording_cut.wav,3.0,0.0,0.0,5
29012529_MinPolqaSfbRecording_cut.wav,4.0,1.0,0.876538647,5
30127473_MinPolqaSfbRecording_cut.wav,1.4,0.547722558,0.48009999,5
30521190_MinPolqaSfbRecording_cut.wav,3.4,0.894427191,0.784,5
28326867_MinPolqaSfbRecording_cut.wav,4.6,0.547722558,0.48009999,5
30408702_MinPolqaSfbRecording_cut.wav,3.0,0.0,0.0,5
30447087_MinPolqaSfbRecording_cut.wav,2.0,0.707106781,0.619806421,5
30113391_MinPolqaSfbRecording_cut.wav,2.4,0.547722558,0.48009999,5
30104992_MinPolqaSfbRecording_cut.wav,3.2,0.836660027,0.733364848,5
30461977_MinPolqaSfbRecording_cut.wav,2.4,0.894427191,0.784,5
29019895_MinPolqaSfbRecording_cut.wav,4.0,0.707106781,0.619806421,5
28862279_MinPolqaSfbRecording_cut.wav,3.6,0.894427191,0.784,5
30465235_MinPolqaSfbRecording_cut.wav,2.6,1.516575089,1.329336677,5
27858008_MinPolqaSfbRecording_cut.wav,3.4,1.140175425,0.999407825,5
30155250_MinPolqaSfbRecording_cut.wav,2.6,1.516575089,1.329336677,5
30083261_MinPolqaSfbRecording_cut.wav,3.4,0.547722558,0.48009999,5
30137195_MinPolqaSfbRecording_cut.wav,2.8,1.303840481,1.142866571,5
30169948_MinPolqaSfbRecording_cut.wav,4.0,0.707106781,0.619806421,5
30463920_MinPolqaSfbRecording_cut.wav,3.6,1.140175425,0.999407825,5
30213905_MinPolqaSfbRecording_cut.wav,2.0,1.224744871,1.073536213,5
30063002_MinPolqaSfbRecording_cut.wav,2.2,1.303840481,1.142866571,5
30503391_MinPolqaSfbRecording_cut.wav,2.333333333,0.577350269,0.653333333,3
30468457_MinPolqaSfbRecording_cut.wav,4.333333333,0.577350269,0.653333333,3
30082951_MinPolqaSfbRecording_cut.wav,2.666666667,0.577350269,0.653333333,3
30147452_MinPolqaSfbRecording_cut.wav,3.333333333,0.577350269,0.653333333,3
30453339_MinPolqaSfbRecording_cut.wav,3.333333333,0.577350269,0.653333333,3
29532383_MinPolqaSfbRecording_cut.wav,3.666666667,0.577350269,0.653333333,3
30210397_MinPolqaSfbRecording_cut.wav,3.0,0.0,0.0,3
30155121_MinPolqaSfbRecording_cut.wav,2.666666667,0.577350269,0.653333333,3
29542060_MinPolqaSfbRecording_cut.wav,1.5,1.0,0.98,4
30075667_MinPolqaSfbRecording_cut.wav,3.5,0.577350269,0.565803264,4
30144080_MinPolqaSfbRecording_cut.wav,3.0,1.414213562,1.385929291,4
30483328_MinPolqaSfbRecording_cut.wav,1.5,1.0,0.98,4
29539632_MinPolqaSfbRecording_cut.wav,3.5,1.0,0.98,4
28714104_MinPolqaSfbRecording_cut.wav,3.75,0.5,0.49,4
30090878_MinPolqaSfbRecording_cut.wav,3.25,1.5,1.47,4
28806421_MinPolqaSfbRecording_cut.wav,4.0,0.0,0.0,4
28445662_MinPolqaSfbRecording_cut.wav,4.25,0.5,0.49,4
30141122_MinPolqaSfbRecording_cut.wav,2.0,1.414213562,1.385929291,4
27719271_MinPolqaSfbRecording_cut.wav,3.5,1.290994449,1.26517456,4
30142568_MinPolqaSfbRecording_cut.wav,1.25,0.5,0.49,4
30135915_MinPolqaSfbRecording_cut.wav,1.25,0.5,0.49,4
27906345_MinPolqaSfbRecording_cut.wav,3.5,1.290994449,1.26517456,4
30123664_MinPolqaSfbRecording_cut.wav,1.25,0.5,0.49,4
30261374_MinPolqaSfbRecording_cut.wav,1.75,0.957427108,0.938278566,4
30251741_MinPolqaSfbRecording_cut.wav,3.25,0.957427108,0.938278566,4
30123193_MinPolqaSfbRecording_cut.wav,2.75,0.5,0.49,4
28935851_MinPolqaSfbRecording_cut.wav,4.2,0.836660027,0.733364848,5
30469626_MinPolqaSfbRecording_cut.wav,2.2,0.836660027,0.733364848,5
28926841_MinPolqaSfbRecording_cut.wav,4.2,0.836660027,0.733364848,5
30530844_MinPolqaSfbRecording_cut.wav,3.4,0.547722558,0.48009999,5
30200171_MinPolqaSfbRecording_cut.wav,3.4,0.547722558,0.48009999,5
30452032_MinPolqaSfbRecording_cut.wav,3.2,1.095445115,0.960199979,5
30068955_MinPolqaSfbRecording_cut.wav,3.0,0.707106781,0.619806421,5
30511527_MinPolqaSfbRecording_cut.wav,2.8,1.303840481,1.142866571,5
30519069_MinPolqaSfbRecording_cut.wav,3.0,1.224744871,1.073536213,5
30126396_MinPolqaSfbRecording_cut.wav,3.2,0.836660027,0.733364848,5
28776995_MinPolqaSfbRecording_cut.wav,3.5,0.577350269,0.565803264,4
30508667_MinPolqaSfbRecording_cut.wav,4.0,0.0,0.0,4
30447178_MinPolqaSfbRecording_cut.wav,2.75,0.5,0.49,4
28239263_MinPolqaSfbRecording_cut.wav,3.75,0.5,0.49,4
28793536_MinPolqaSfbRecording_cut.wav,3.75,0.5,0.49,4
29538416_MinPolqaSfbRecording_cut.wav,2.5,1.732050808,1.697409791,4
30066787_MinPolqaSfbRecording_cut.wav,3.0,0.816496581,0.800166649,4
30078891_MinPolqaSfbRecording_cut.wav,4.0,0.0,0.0,4
30513788_MinPolqaSfbRecording_cut.wav,3.5,0.577350269,0.565803264,4
29046380_MinPolqaSfbRecording_cut.wav,4.666666667,0.577350269,0.653333333,3
30480648_MinPolqaSfbRecording_cut.wav,3.666666667,0.577350269,0.653333333,3
30490517_MinPolqaSfbRecording_cut.wav,4.0,1.0,1.131606528,3
30260815_MinPolqaSfbRecording_cut.wav,3.333333333,1.527525232,1.728557523,3
30137641_MinPolqaSfbRecording_cut.wav,2.333333333,1.154700538,1.306666667,3
28707261_MinPolqaSfbRecording_cut.wav,4.0,1.0,1.131606528,3
30421521_MinPolqaSfbRecording_cut.wav,2.0,1.732050808,1.96,3
28506585_MinPolqaSfbRecording_cut.wav,4.0,0.0,0.0,3
30259738_MinPolqaSfbRecording_cut.wav,3.333333333,1.154700538,1.306666667,3
30437373_MinPolqaSfbRecording_cut.wav,1.6,0.547722558,0.48009999,5
30449517_MinPolqaSfbRecording_cut.wav,4.0,0.707106781,0.619806421,5
30163090_MinPolqaSfbRecording_cut.wav,1.2,0.447213595,0.392,5
28712534_MinPolqaSfbRecording_cut.wav,4.2,0.447213595,0.392,5
28271923_MinPolqaSfbRecording_cut.wav,4.2,0.836660027,0.733364848,5
30262227_MinPolqaSfbRecording_cut.wav,2.4,0.547722558,0.48009999,5
28702671_MinPolqaSfbRecording_cut.wav,4.2,0.836660027,0.733364848,5
30096852_MinPolqaSfbRecording_cut.wav,1.6,0.894427191,0.784,5
29534894_MinPolqaSfbRecording_cut.wav,2.8,0.836660027,0.733364848,5
30472211_MinPolqaSfbRecording_cut.wav,1.5,0.577350269,0.565803264,4
30260945_MinPolqaSfbRecording_cut.wav,2.25,0.5,0.49,4
30430112_MinPolqaSfbRecording_cut.wav,3.25,0.5,0.49,4
30163919_MinPolqaSfbRecording_cut.wav,3.75,0.957427108,0.938278566,4
30169211_MinPolqaSfbRecording_cut.wav,4.0,0.816496581,0.800166649,4
30429036_MinPolqaSfbRecording_cut.wav,2.75,0.5,0.49,4
30175163_MinPolqaSfbRecording_cut.wav,3.75,1.258305739,1.233139624,4
30259692_MinPolqaSfbRecording_cut.wav,1.25,0.5,0.49,4
30149836_MinPolqaSfbRecording_cut.wav,3.0,0.0,0.0,4
30201074_MinPolqaSfbRecording_cut.wav,3.5,1.0,0.98,4
30093349_MinPolqaSfbRecording_cut.wav,1.0,0.0,0.0,4
30211506_MinPolqaSfbRecording_cut.wav,2.5,1.0,0.98,4
30184975_MinPolqaSfbRecording_cut.wav,3.5,1.0,0.98,4
27920628_MinPolqaSfbRecording_cut.wav,3.75,0.957427108,0.938278566,4
30180638_MinPolqaSfbRecording_cut.wav,2.25,1.258305739,1.233139624,4
30400530_MinPolqaSfbRecording_cut.wav,1.0,0.0,0.0,3
30084686_MinPolqaSfbRecording_cut.wav,2.666666667,2.081665999,2.355626833,3
28001054_MinPolqaSfbRecording_cut.wav,3.0,1.0,1.131606528,3
28040374_MinPolqaSfbRecording_cut.wav,4.0,1.0,1.131606528,3
30083276_MinPolqaSfbRecording_cut.wav,4.0,1.0,1.131606528,3
30120604_MinPolqaSfbRecording_cut.wav,3.666666667,1.527525232,1.728557523,3
30428876_MinPolqaSfbRecording_cut.wav,3.0,0.0,0.0,3
30432722_MinPolqaSfbRecording_cut.wav,3.333333333,1.527525232,1.728557523,3
30135774_MinPolqaSfbRecording_cut.wav,2.666666667,1.154700538,1.306666667,3
30070702_MinPolqaSfbRecording_cut.wav,2.666666667,0.577350269,0.653333333,3
30101961_MinPolqaSfbRecording_cut.wav,2.333333333,0.577350269,0.653333333,3
30479375_MinPolqaSfbRecording_cut.wav,2.333333333,1.154700538,1.306666667,3
30068876_MinPolqaSfbRecording_cut.wav,4.333333333,0.577350269,0.653333333,3
30212475_MinPolqaSfbRecording_cut.wav,2.333333333,0.577350269,0.653333333,3
30169617_MinPolqaSfbRecording_cut.wav,3.0,0.0,0.0,3
28749018_MinPolqaSfbRecording_cut.wav,4.333333333,1.154700538,1.306666667,3
30123055_MinPolqaSfbRecording_cut.wav,1.333333333,0.577350269,0.653333333,3
30059538_MinPolqaSfbRecording_cut.wav,3.333333333,0.577350269,0.653333333,3
30090217_MinPolqaSfbRecording_cut.wav,2.666666667,0.577350269,0.653333333,3
30466944_MinPolqaSfbRecording_cut.wav,1.666666667,1.154700538,1.306666667,3
30211448_MinPolqaSfbRecording_cut.wav,3.333333333,0.577350269,0.653333333,3
28359595_MinPolqaSfbRecording_cut.wav,4.0,0.0,0.0,3
28879731_MinPolqaSfbRecording_cut.wav,3.333333333,0.577350269,0.653333333,3
30454653_MinPolqaSfbRecording_cut.wav,2.666666667,0.577350269,0.653333333,3
29556514_MinPolqaSfbRecording_cut.wav,3.666666667,0.577350269,0.653333333,3
28204116_MinPolqaSfbRecording_cut.wav,3.666666667,0.577350269,0.653333333,3
30462535_MinPolqaSfbRecording_cut.wav,3.666666667,0.577350269,0.653333333,3
30205741_MinPolqaSfbRecording_cut.wav,2.666666667,1.154700538,1.306666667,3
30106442_MinPolqaSfbRecording_cut.wav,1.0,0.0,0.0,3
30135632_MinPolqaSfbRecording_cut.wav,3.333333333,1.154700538,1.306666667,3
30490211_MinPolqaSfbRecording_cut.wav,4.0,1.0,1.131606528,3
29542160_MinPolqaSfbRecording_cut.wav,2.666666667,1.154700538,1.306666667,3
30083579_MinPolqaSfbRecording_cut.wav,3.333333333,0.577350269,0.653333333,3
30061203_MinPolqaSfbRecording_cut.wav,1.0,0.0,0.0,3
30154983_MinPolqaSfbRecording_cut.wav,2.0,0.0,0.0,3
30163366_MinPolqaSfbRecording_cut.wav,1.0,0.0,0.0,3
29534488_MinPolqaSfbRecording_cut.wav,2.0,1.0,1.131606528,3
30134201_MinPolqaSfbRecording_cut.wav,3.0,0.816496581,0.800166649,4
30092432_MinPolqaSfbRecording_cut.wav,1.5,0.577350269,0.565803264,4
30504197_MinPolqaSfbRecording_cut.wav,4.0,1.154700538,1.131606528,4
30487865_MinPolqaSfbRecording_cut.wav,2.5,0.577350269,0.565803264,4
30132631_MinPolqaSfbRecording_cut.wav,1.75,0.5,0.49,4
30484291_MinPolqaSfbRecording_cut.wav,2.5,1.0,0.98,4
28061011_MinPolqaSfbRecording_cut.wav,4.25,0.957427108,0.938278566,4
30147538_MinPolqaSfbRecording_cut.wav,1.666666667,0.577350269,0.653333333,3
30260862_MinPolqaSfbRecording_cut.wav,1.333333333,0.577350269,0.653333333,3
27796300_MinPolqaSfbRecording_cut.wav,3.666666667,0.577350269,0.653333333,3
30113505_MinPolqaSfbRecording_cut.wav,3.333333333,0.577350269,0.653333333,3
27902383_MinPolqaSfbRecording_cut.wav,3.0,1.0,1.131606528,3
28999026_MinPolqaSfbRecording_cut.wav,3.666666667,0.577350269,0.653333333,3
30122286_MinPolqaSfbRecording_cut.wav,2.333333333,0.577350269,0.653333333,3
30069383_MinPolqaSfbRecording_cut.wav,1.333333333,0.577350269,0.653333333,3
30075842_MinPolqaSfbRecording_cut.wav,3.0,1.0,1.131606528,3
30478294_MinPolqaSfbRecording_cut.wav,3.0,0.0,0.0,3
30504677_MinPolqaSfbRecording_cut.wav,3.0,1.0,1.131606528,3
30485266_MinPolqaSfbRecording_cut.wav,4.0,1.732050808,1.96,3
28215540_MinPolqaSfbRecording_cut.wav,4.333333333,0.577350269,0.653333333,3
30434908_MinPolqaSfbRecording_cut.wav,2.0,1.0,1.131606528,3
28610908_MinPolqaSfbRecording_cut.wav,3.333333333,1.154700538,1.306666667,3
30190206_MinPolqaSfbRecording_cut.wav,2.333333333,1.154700538,1.306666667,3
30151665_MinPolqaSfbRecording_cut.wav,2.666666667,1.527525232,1.728557523,3
30483133_MinPolqaSfbRecording_cut.wav,2.4,0.894427191,0.784,5
30480172_MinPolqaSfbRecording_cut.wav,4.2,0.836660027,0.733364848,5
30140685_MinPolqaSfbRecording_cut.wav,1.8,0.836660027,0.733364848,5
30158095_MinPolqaSfbRecording_cut.wav,1.0,0.0,0.0,5
30147501_MinPolqaSfbRecording_cut.wav,4.2,0.447213595,0.392,5
30512677_MinPolqaSfbRecording_cut.wav,2.0,0.707106781,0.619806421,5
30257420_MinPolqaSfbRecording_cut.wav,1.8,0.836660027,0.733364848,5
30496172_MinPolqaSfbRecording_cut.wav,2.6,0.894427191,0.784,5
30184772_MinPolqaSfbRecording_cut.wav,2.2,0.447213595,0.392,5
27719935_MinPolqaSfbRecording_cut.wav,4.0,0.707106781,0.619806421,5
30466992_MinPolqaSfbRecording_cut.wav,2.4,0.547722558,0.48009999,5
30530855_MinPolqaSfbRecording_cut.wav,2.2,0.447213595,0.392,5
27691678_MinPolqaSfbRecording_cut.wav,3.8,0.836660027,0.733364848,5
29043179_MinPolqaSfbRecording_cut.wav,2.6,0.547722558,0.48009999,5
30095482_MinPolqaSfbRecording_cut.wav,2.0,0.0,0.0,4
30487019_MinPolqaSfbRecording_cut.wav,2.0,0.816496581,0.800166649,4
30104706_MinPolqaSfbRecording_cut.wav,1.75,0.5,0.49,4
30193298_MinPolqaSfbRecording_cut.wav,2.75,0.5,0.49,4
30068889_MinPolqaSfbRecording_cut.wav,3.0,0.0,0.0,4
30121307_MinPolqaSfbRecording_cut.wav,2.0,0.0,0.0,4
30497053_MinPolqaSfbRecording_cut.wav,2.5,1.290994449,1.26517456,4
28237852_MinPolqaSfbRecording_cut.wav,4.25,0.5,0.49,4
30402640_MinPolqaSfbRecording_cut.wav,2.6,0.547722558,0.48009999,5
30473438_MinPolqaSfbRecording_cut.wav,1.0,0.0,0.0,5
30061047_MinPolqaSfbRecording_cut.wav,1.6,0.894427191,0.784,5
30181615_MinPolqaSfbRecording_cut.wav,2.2,0.836660027,0.733364848,5
30430275_MinPolqaSfbRecording_cut.wav,3.2,0.447213595,0.392,5
30506411_MinPolqaSfbRecording_cut.wav,1.4,0.547722558,0.48009999,5
30079405_MinPolqaSfbRecording_cut.wav,3.2,0.447213595,0.392,5
30174181_MinPolqaSfbRecording_cut.wav,2.0,0.0,0.0,5
28751157_MinPolqaSfbRecording_cut.wav,5.0,0.0,0.0,5
30523223_MinPolqaSfbRecording_cut.wav,2.8,1.303840481,1.142866571,5
30132194_MinPolqaSfbRecording_cut.wav,2.8,1.303840481,1.142866571,5
28159024_MinPolqaSfbRecording_cut.wav,3.8,1.095445115,0.960199979,5
30439134_MinPolqaSfbRecording_cut.wav,2.2,1.303840481,1.142866571,5
30442601_MinPolqaSfbRecording_cut.wav,1.8,1.303840481,1.142866571,5
30085816_MinPolqaSfbRecording_cut.wav,2.8,0.836660027,0.733364848,5
30522148_MinPolqaSfbRecording_cut.wav,3.4,0.894427191,0.784,5
29065323_MinPolqaSfbRecording_cut.wav,3.0,0.707106781,0.619806421,5
30264390_MinPolqaSfbRecording_cut.wav,3.8,0.447213595,0.392,5
30142072_MinPolqaSfbRecording_cut.wav,2.8,1.483239697,1.300116918,5
30409387_MinPolqaSfbRecording_cut.wav,2.0,0.0,0.0,5
30520395_MinPolqaSfbRecording_cut.wav,2.2,0.447213595,0.392,5
30189024_MinPolqaSfbRecording_cut.wav,2.0,0.707106781,0.619806421,5
29533243_MinPolqaSfbRecording_cut.wav,2.2,0.447213595,0.392,5
30065424_MinPolqaSfbRecording_cut.wav,2.8,0.447213595,0.392,5
29533269_MinPolqaSfbRecording_cut.wav,1.6,0.547722558,0.48009999,5
28472602_MinPolqaSfbRecording_cut.wav,3.8,0.836660027,0.733364848,5
30145319_MinPolqaSfbRecording_cut.wav,1.2,0.447213595,0.392,5
28949636_MinPolqaSfbRecording_cut.wav,2.5,0.707106781,0.98,2
30192593_MinPolqaSfbRecording_cut.wav,3.5,0.707106781,0.98,2
28163295_MinPolqaSfbRecording_cut.wav,3.5,0.707106781,0.98,2
30427440_MinPolqaSfbRecording_cut.wav,1.5,0.707106781,0.98,2
30157107_MinPolqaSfbRecording_cut.wav,3.5,0.707106781,0.98,2
30161689_MinPolqaSfbRecording_cut.wav,3.0,0.0,0.0,2
28680688_MinPolqaSfbRecording_cut.wav,4.75,0.5,0.49,4
30409195_MinPolqaSfbRecording_cut.wav,2.25,0.5,0.49,4
29532676_MinPolqaSfbRecording_cut.wav,4.25,0.5,0.49,4
28210631_MinPolqaSfbRecording_cut.wav,4.0,0.0,0.0,4
30205983_MinPolqaSfbRecording_cut.wav,4.25,0.5,0.49,4
30482619_MinPolqaSfbRecording_cut.wav,2.25,1.5,1.47,4
30091820_MinPolqaSfbRecording_cut.wav,2.75,0.957427108,0.938278566,4
30165226_MinPolqaSfbRecording_cut.wav,1.75,0.5,0.49,4
30175384_MinPolqaSfbRecording_cut.wav,3.5,0.577350269,0.565803264,4
30062289_MinPolqaSfbRecording_cut.wav,3.25,1.258305739,1.233139624,4
30174550_MinPolqaSfbRecording_cut.wav,2.75,0.5,0.49,4
30096907_MinPolqaSfbRecording_cut.wav,3.0,0.816496581,0.800166649,4
30140887_MinPolqaSfbRecording_cut.wav,3.5,1.290994449,1.26517456,4
27685291_MinPolqaSfbRecording_cut.wav,4.5,1.0,0.98,4
28249813_MinPolqaSfbRecording_cut.wav,4.25,0.957427108,0.938278566,4
30088495_MinPolqaSfbRecording_cut.wav,2.0,0.0,0.0,4
30098228_MinPolqaSfbRecording_cut.wav,3.0,0.816496581,0.800166649,4
30260422_MinPolqaSfbRecording_cut.wav,4.0,0.816496581,0.800166649,4
27813606_MinPolqaSfbRecording_cut.wav,1.75,0.957427108,0.938278566,4
30099880_MinPolqaSfbRecording_cut.wav,3.0,0.816496581,0.800166649,4
30519925_MinPolqaSfbRecording_cut.wav,3.0,0.0,0.0,4
30489375_MinPolqaSfbRecording_cut.wav,1.25,0.5,0.49,4
27848272_MinPolqaSfbRecording_cut.wav,3.75,0.957427108,0.938278566,4
30095570_MinPolqaSfbRecording_cut.wav,2.75,1.5,1.47,4
27785895_MinPolqaSfbRecording_cut.wav,4.5,0.577350269,0.565803264,4
30070874_MinPolqaSfbRecording_cut.wav,3.75,0.957427108,0.938278566,4
30409921_MinPolqaSfbRecording_cut.wav,2.5,1.0,0.98,4
30146072_MinPolqaSfbRecording_cut.wav,1.5,0.577350269,0.565803264,4
30188907_MinPolqaSfbRecording_cut.wav,2.75,0.957427108,0.938278566,4
28220634_MinPolqaSfbRecording_cut.wav,4.25,0.5,0.49,4
28638516_MinPolqaSfbRecording_cut.wav,4.5,0.577350269,0.565803264,4
28219641_MinPolqaSfbRecording_cut.wav,4.0,0.816496581,0.800166649,4
28491802_MinPolqaSfbRecording_cut.wav,3.5,1.290994449,1.26517456,4
30174747_MinPolqaSfbRecording_cut.wav,3.25,0.5,0.49,4
30197693_MinPolqaSfbRecording_cut.wav,2.25,0.957427108,0.938278566,4
30251720_MinPolqaSfbRecording_cut.wav,2.0,0.816496581,0.800166649,4
30091533_MinPolqaSfbRecording_cut.wav,1.25,0.5,0.49,4
30438619_MinPolqaSfbRecording_cut.wav,4.0,0.816496581,0.800166649,4
28766828_MinPolqaSfbRecording_cut.wav,4.0,1.154700538,1.131606528,4
30429747_MinPolqaSfbRecording_cut.wav,3.75,0.957427108,0.938278566,4
30496651_MinPolqaSfbRecording_cut.wav,2.5,0.577350269,0.565803264,4
29538398_MinPolqaSfbRecording_cut.wav,3.25,0.957427108,0.938278566,4
30438502_MinPolqaSfbRecording_cut.wav,1.8,0.447213595,0.392,5
30406699_MinPolqaSfbRecording_cut.wav,1.4,0.547722558,0.48009999,5
27794830_MinPolqaSfbRecording_cut.wav,4.0,1.0,0.876538647,5
27835355_MinPolqaSfbRecording_cut.wav,3.6,0.547722558,0.48009999,5
30212162_MinPolqaSfbRecording_cut.wav,3.0,1.0,0.876538647,5
30111957_MinPolqaSfbRecording_cut.wav,2.8,0.447213595,0.392,5
30468094_MinPolqaSfbRecording_cut.wav,2.6,0.894427191,0.784,5
27724668_MinPolqaSfbRecording_cut.wav,3.0,0.0,0.0,5
27985567_MinPolqaSfbRecording_cut.wav,2.6,0.547722558,0.48009999,5
27764630_MinPolqaSfbRecording_cut.wav,4.2,0.836660027,0.733364848,5
30140771_MinPolqaSfbRecording_cut.wav,1.25,0.5,0.49,4
30470071_MinPolqaSfbRecording_cut.wav,1.5,0.577350269,0.565803264,4
30469616_MinPolqaSfbRecording_cut.wav,3.75,0.957427108,0.938278566,4
30184835_MinPolqaSfbRecording_cut.wav,2.25,0.5,0.49,4
30144523_MinPolqaSfbRecording_cut.wav,3.0,0.816496581,0.800166649,4
28359947_MinPolqaSfbRecording_cut.wav,2.75,0.5,0.49,4
30468914_MinPolqaSfbRecording_cut.wav,3.75,0.957427108,0.938278566,4
28541628_MinPolqaSfbRecording_cut.wav,3.0,0.816496581,0.800166649,4
28008760_MinPolqaSfbRecording_cut.wav,4.0,0.816496581,0.800166649,4
28855110_MinPolqaSfbRecording_cut.wav,4.0,0.816496581,0.800166649,4
30410543_MinPolqaSfbRecording_cut.wav,2.0,0.816496581,0.800166649,4
27809986_MinPolqaSfbRecording_cut.wav,3.25,0.5,0.49,4
30206532_MinPolqaSfbRecording_cut.wav,2.5,0.577350269,0.565803264,4
30503022_MinPolqaSfbRecording_cut.wav,1.5,0.577350269,0.565803264,4
30066204_MinPolqaSfbRecording_cut.wav,2.0,0.816496581,0.800166649,4
30166916_MinPolqaSfbRecording_cut.wav,2.25,0.5,0.49,4
30161635_MinPolqaSfbRecording_cut.wav,1.25,0.5,0.49,4
30462681_MinPolqaSfbRecording_cut.wav,1.75,0.5,0.49,4
30106081_MinPolqaSfbRecording_cut.wav,3.0,0.816496581,0.800166649,4
29538581_MinPolqaSfbRecording_cut.wav,1.75,0.957427108,0.938278566,4
30079381_MinPolqaSfbRecording_cut.wav,3.25,0.5,0.49,4
30440558_MinPolqaSfbRecording_cut.wav,1.75,0.957427108,0.938278566,4
30155015_MinPolqaSfbRecording_cut.wav,3.25,0.5,0.49,4
30439887_MinPolqaSfbRecording_cut.wav,4.5,0.577350269,0.565803264,4
30149900_MinPolqaSfbRecording_cut.wav,3.25,0.957427108,0.938278566,4
28645145_MinPolqaSfbRecording_cut.wav,3.25,0.957427108,0.938278566,4
30126069_MinPolqaSfbRecording_cut.wav,2.0,0.816496581,0.800166649,4
30451788_MinPolqaSfbRecording_cut.wav,3.25,0.5,0.49,4
30185428_MinPolqaSfbRecording_cut.wav,3.0,1.154700538,1.131606528,4
30211986_MinPolqaSfbRecording_cut.wav,1.75,1.5,1.47,4
29539208_MinPolqaSfbRecording_cut.wav,2.6,0.894427191,0.784,5
28119059_MinPolqaSfbRecording_cut.wav,3.8,0.836660027,0.733364848,5
30516451_MinPolqaSfbRecording_cut.wav,2.4,1.140175425,0.999407825,5
30442676_MinPolqaSfbRecording_cut.wav,2.6,0.894427191,0.784,5
28284926_MinPolqaSfbRecording_cut.wav,3.2,0.447213595,0.392,5
30081740_MinPolqaSfbRecording_cut.wav,3.0,1.224744871,1.073536213,5
29541616_MinPolqaSfbRecording_cut.wav,3.2,1.303840481,1.142866571,5
30063970_MinPolqaSfbRecording_cut.wav,3.2,0.447213595,0.392,5
30481978_MinPolqaSfbRecording_cut.wav,2.4,0.894427191,0.784,5
30211362_MinPolqaSfbRecording_cut.wav,3.5,1.0,0.98,4
28620280_MinPolqaSfbRecording_cut.wav,3.5,0.577350269,0.565803264,4
28110295_MinPolqaSfbRecording_cut.wav,3.0,0.816496581,0.800166649,4
30470576_MinPolqaSfbRecording_cut.wav,1.75,0.5,0.49,4
30128720_MinPolqaSfbRecording_cut.wav,2.5,0.577350269,0.565803264,4
30489103_MinPolqaSfbRecording_cut.wav,1.25,0.5,0.49,4
28787894_MinPolqaSfbRecording_cut.wav,3.25,0.5,0.49,4
30120176_MinPolqaSfbRecording_cut.wav,2.25,0.5,0.49,4
30402068_MinPolqaSfbRecording_cut.wav,3.25,0.5,0.49,4
30423767_MinPolqaSfbRecording_cut.wav,3.5,1.0,0.98,4
30252877_MinPolqaSfbRecording_cut.wav,3.75,0.5,0.49,4
30208124_MinPolqaSfbRecording_cut.wav,4.0,0.816496581,0.800166649,4
30518893_MinPolqaSfbRecording_cut.wav,1.75,0.5,0.49,4
28612917_MinPolqaSfbRecording_cut.wav,3.75,0.5,0.49,4
30445026_MinPolqaSfbRecording_cut.wav,1.25,0.5,0.49,4
30409837_MinPolqaSfbRecording_cut.wav,3.75,1.258305739,1.233139624,4
30108214_MinPolqaSfbRecording_cut.wav,2.75,0.957427108,0.938278566,4
30150987_MinPolqaSfbRecording_cut.wav,1.8,0.447213595,0.392,5
30096588_MinPolqaSfbRecording_cut.wav,1.2,0.447213595,0.392,5
30462055_MinPolqaSfbRecording_cut.wav,2.8,0.447213595,0.392,5
30159647_MinPolqaSfbRecording_cut.wav,3.0,0.707106781,0.619806421,5
30179601_MinPolqaSfbRecording_cut.wav,1.0,0.0,0.0,5
28974314_MinPolqaSfbRecording_cut.wav,3.0,0.707106781,0.619806421,5
30123135_MinPolqaSfbRecording_cut.wav,1.6,0.547722558,0.48009999,5
30162567_MinPolqaSfbRecording_cut.wav,1.8,0.447213595,0.392,5
30468588_MinPolqaSfbRecording_cut.wav,1.0,0.0,0.0,5
29532318_MinPolqaSfbRecording_cut.wav,3.0,1.414213562,1.385929291,4
30194932_MinPolqaSfbRecording_cut.wav,2.5,1.290994449,1.26517456,4
30081502_MinPolqaSfbRecording_cut.wav,2.5,1.290994449,1.26517456,4
27886596_MinPolqaSfbRecording_cut.wav,3.0,1.414213562,1.385929291,4
28703877_MinPolqaSfbRecording_cut.wav,3.0,0.816496581,0.800166649,4
28658609_MinPolqaSfbRecording_cut.wav,3.75,1.258305739,1.233139624,4
30470152_MinPolqaSfbRecording_cut.wav,2.75,1.5,1.47,4
30520502_MinPolqaSfbRecording_cut.wav,4.4,0.547722558,0.48009999,5
30093254_MinPolqaSfbRecording_cut.wav,3.8,1.303840481,1.142866571,5
30516076_MinPolqaSfbRecording_cut.wav,4.0,1.0,0.876538647,5
30177139_MinPolqaSfbRecording_cut.wav,2.2,1.643167673,1.440299969,5
29542985_MinPolqaSfbRecording_cut.wav,3.0,1.414213562,1.239612843,5
30129802_MinPolqaSfbRecording_cut.wav,3.2,1.303840481,1.142866571,5
30071480_MinPolqaSfbRecording_cut.wav,4.8,0.447213595,0.392,5
30502264_MinPolqaSfbRecording_cut.wav,3.6,0.894427191,0.784,5
30464365_MinPolqaSfbRecording_cut.wav,2.6,0.894427191,0.784,5
30208143_MinPolqaSfbRecording_cut.wav,3.0,0.707106781,0.619806421,5
30093290_MinPolqaSfbRecording_cut.wav,1.4,0.894427191,0.784,5
30491396_MinPolqaSfbRecording_cut.wav,2.8,0.836660027,0.733364848,5
30096042_MinPolqaSfbRecording_cut.wav,2.8,0.447213595,0.392,5
30483257_MinPolqaSfbRecording_cut.wav,2.6,0.894427191,0.784,5
30422164_MinPolqaSfbRecording_cut.wav,3.0,1.0,0.876538647,5
30261457_MinPolqaSfbRecording_cut.wav,3.6,1.140175425,0.999407825,5
30261424_MinPolqaSfbRecording_cut.wav,1.8,0.836660027,0.733364848,5
30522070_MinPolqaSfbRecording_cut.wav,2.6,1.140175425,0.999407825,5
30194543_MinPolqaSfbRecording_cut.wav,2.0,0.707106781,0.619806421,5
30200716_MinPolqaSfbRecording_cut.wav,2.6,0.547722558,0.48009999,5
30121118_MinPolqaSfbRecording_cut.wav,2.4,0.894427191,0.784,5
29544968_MinPolqaSfbRecording_cut.wav,2.4,1.140175425,0.999407825,5
30522118_MinPolqaSfbRecording_cut.wav,4.0,0.707106781,0.619806421,5
30188979_MinPolqaSfbRecording_cut.wav,2.666666667,1.527525232,1.728557523,3
30064708_MinPolqaSfbRecording_cut.wav,3.333333333,1.154700538,1.306666667,3
30177985_MinPolqaSfbRecording_cut.wav,3.666666667,1.527525232,1.728557523,3
30200322_MinPolqaSfbRecording_cut.wav,2.666666667,1.527525232,1.728557523,3
28270746_MinPolqaSfbRecording_cut.wav,4.333333333,1.154700538,1.306666667,3
28229849_MinPolqaSfbRecording_cut.wav,3.333333333,2.081665999,2.355626833,3
30073169_MinPolqaSfbRecording_cut.wav,2.333333333,1.527525232,1.728557523,3
27755645_MinPolqaSfbRecording_cut.wav,3.666666667,1.154700538,1.306666667,3
30097743_MinPolqaSfbRecording_cut.wav,2.0,1.224744871,1.073536213,5
28335666_MinPolqaSfbRecording_cut.wav,3.0,1.0,0.876538647,5
30423617_MinPolqaSfbRecording_cut.wav,2.6,1.341640786,1.176,5
30527085_MinPolqaSfbRecording_cut.wav,3.0,1.0,0.876538647,5
30122117_MinPolqaSfbRecording_cut.wav,3.6,0.547722558,0.48009999,5
30197785_MinPolqaSfbRecording_cut.wav,2.0,1.732050808,1.518209472,5
30504124_MinPolqaSfbRecording_cut.wav,1.8,1.788854382,1.568,5
30090465_MinPolqaSfbRecording_cut.wav,2.6,0.894427191,0.784,5
30426276_MinPolqaSfbRecording_cut.wav,2.6,1.341640786,1.176,5
30264510_MinPolqaSfbRecording_cut.wav,2.5,1.0,0.98,4
30399734_MinPolqaSfbRecording_cut.wav,1.75,0.5,0.49,4
30133646_MinPolqaSfbRecording_cut.wav,2.5,1.0,0.98,4
30097921_MinPolqaSfbRecording_cut.wav,2.25,0.957427108,0.938278566,4
30401887_MinPolqaSfbRecording_cut.wav,2.5,1.290994449,1.26517456,4
30436456_MinPolqaSfbRecording_cut.wav,2.75,1.258305739,1.233139624,4
30155187_MinPolqaSfbRecording_cut.wav,2.75,0.957427108,0.938278566,4
30069944_MinPolqaSfbRecording_cut.wav,2.5,1.290994449,1.26517456,4
30073460_MinPolqaSfbRecording_cut.wav,3.0,1.414213562,1.96,2
30182685_MinPolqaSfbRecording_cut.wav,3.5,0.707106781,0.98,2
28935352_MinPolqaSfbRecording_cut.wav,3.5,0.707106781,0.98,2
30128409_MinPolqaSfbRecording_cut.wav,3.5,0.707106781,0.98,2
30429928_MinPolqaSfbRecording_cut.wav,2.5,0.707106781,0.98,2
30076450_MinPolqaSfbRecording_cut.wav,4.0,1.414213562,1.96,2
30082789_MinPolqaSfbRecording_cut.wav,3.0,0.0,0.0,2
30091600_MinPolqaSfbRecording_cut.wav,2.0,0.0,0.0,2
30117662_MinPolqaSfbRecording_cut.wav,3.0,0.0,0.0,2
30149344_MinPolqaSfbRecording_cut.wav,2.666666667,0.577350269,0.653333333,3
27688819_MinPolqaSfbRecording_cut.wav,4.666666667,0.577350269,0.653333333,3
30091506_MinPolqaSfbRecording_cut.wav,3.0,0.0,0.0,3
30519296_MinPolqaSfbRecording_cut.wav,3.333333333,0.577350269,0.653333333,3
30468455_MinPolqaSfbRecording_cut.wav,2.333333333,0.577350269,0.653333333,3
27925171_MinPolqaSfbRecording_cut.wav,3.333333333,0.577350269,0.653333333,3
30140720_MinPolqaSfbRecording_cut.wav,1.666666667,0.577350269,0.653333333,3
28953817_MinPolqaSfbRecording_cut.wav,4.333333333,1.154700538,1.306666667,3
30150693_MinPolqaSfbRecording_cut.wav,2.0,1.0,1.131606528,3
30429527_MinPolqaSfbRecording_cut.wav,2.666666667,0.577350269,0.653333333,3
30137494_MinPolqaSfbRecording_cut.wav,3.333333333,0.577350269,0.653333333,3
29040510_MinPolqaSfbRecording_cut.wav,4.0,0.0,0.0,3
30466900_MinPolqaSfbRecording_cut.wav,2.333333333,1.154700538,1.306666667,3
30444115_MinPolqaSfbRecording_cut.wav,3.0,0.0,0.0,3
30160996_MinPolqaSfbRecording_cut.wav,1.333333333,0.577350269,0.653333333,3
29537493_MinPolqaSfbRecording_cut.wav,4.0,1.0,1.131606528,3
30184956_MinPolqaSfbRecording_cut.wav,2.6,0.547722558,0.48009999,5
30213350_MinPolqaSfbRecording_cut.wav,3.6,0.894427191,0.784,5
27765213_MinPolqaSfbRecording_cut.wav,3.6,0.547722558,0.48009999,5
30098304_MinPolqaSfbRecording_cut.wav,1.8,0.447213595,0.392,5
30148876_MinPolqaSfbRecording_cut.wav,3.2,1.643167673,1.440299969,5
30164470_MinPolqaSfbRecording_cut.wav,2.0,0.707106781,0.619806421,5
30106322_MinPolqaSfbRecording_cut.wav,2.2,0.836660027,0.733364848,5
27758309_MinPolqaSfbRecording_cut.wav,4.2,0.447213595,0.392,5
30520484_MinPolqaSfbRecording_cut.wav,2.4,1.341640786,1.176,5
30458589_MinPolqaSfbRecording_cut.wav,1.6,0.547722558,0.48009999,5
28485831_MinPolqaSfbRecording_cut.wav,4.2,0.447213595,0.392,5
30516405_MinPolqaSfbRecording_cut.wav,2.4,0.547722558,0.48009999,5
30249954_MinPolqaSfbRecording_cut.wav,3.4,0.547722558,0.48009999,5
30095925_MinPolqaSfbRecording_cut.wav,2.2,0.836660027,0.733364848,5
30472682_MinPolqaSfbRecording_cut.wav,3.4,0.894427191,0.784,5
30473158_MinPolqaSfbRecording_cut.wav,4.0,0.707106781,0.619806421,5
30162522_MinPolqaSfbRecording_cut.wav,3.6,0.547722558,0.48009999,5
30067052_MinPolqaSfbRecording_cut.wav,2.666666667,0.577350269,0.653333333,3
30208863_MinPolqaSfbRecording_cut.wav,3.0,0.0,0.0,3
29056919_MinPolqaSfbRecording_cut.wav,3.0,0.0,0.0,3
29539170_MinPolqaSfbRecording_cut.wav,1.333333333,0.577350269,0.653333333,3
30091111_MinPolqaSfbRecording_cut.wav,1.333333333,0.577350269,0.653333333,3
30473164_MinPolqaSfbRecording_cut.wav,1.666666667,0.577350269,0.653333333,3
30162003_MinPolqaSfbRecording_cut.wav,2.333333333,0.577350269,0.653333333,3
30161557_MinPolqaSfbRecording_cut.wav,2.666666667,0.577350269,0.653333333,3
30501278_MinPolqaSfbRecording_cut.wav,2.666666667,0.577350269,0.653333333,3
30403567_MinPolqaSfbRecording_cut.wav,2.0,1.0,1.131606528,3
30133311_MinPolqaSfbRecording_cut.wav,2.0,0.0,0.0,3
30106707_MinPolqaSfbRecording_cut.wav,2.333333333,1.154700538,1.306666667,3
30096163_MinPolqaSfbRecording_cut.wav,1.333333333,0.577350269,0.653333333,3
27552060_MinPolqaSfbRecording_cut.wav,4.0,0.0,0.0,3
30509141_MinPolqaSfbRecording_cut.wav,3.0,0.0,0.0,3
30189072_MinPolqaSfbRecording_cut.wav,2.666666667,0.577350269,0.653333333,3
30443745_MinPolqaSfbRecording_cut.wav,2.0,0.0,0.0,3
30183085_MinPolqaSfbRecording_cut.wav,3.0,0.816496581,0.800166649,4
30516318_MinPolqaSfbRecording_cut.wav,3.25,1.707825128,1.673668625,4
28201782_MinPolqaSfbRecording_cut.wav,3.75,0.957427108,0.938278566,4
30105512_MinPolqaSfbRecording_cut.wav,2.75,1.707825128,1.673668625,4
30255651_MinPolqaSfbRecording_cut.wav,3.5,1.0,0.98,4
30247816_MinPolqaSfbRecording_cut.wav,3.75,1.258305739,1.233139624,4
30463430_MinPolqaSfbRecording_cut.wav,2.75,1.258305739,1.233139624,4
27836033_MinPolqaSfbRecording_cut.wav,4.5,1.0,0.98,4
30490860_MinPolqaSfbRecording_cut.wav,1.5,1.0,0.98,4
28506879_MinPolqaSfbRecording_cut.wav,4.75,0.5,0.49,4
30199861_MinPolqaSfbRecording_cut.wav,3.75,0.957427108,0.938278566,4
30070526_MinPolqaSfbRecording_cut.wav,3.5,0.577350269,0.565803264,4
30142732_MinPolqaSfbRecording_cut.wav,4.0,0.816496581,0.800166649,4
30256179_MinPolqaSfbRecording_cut.wav,3.0,1.154700538,1.131606528,4
29533996_MinPolqaSfbRecording_cut.wav,4.0,0.816496581,0.800166649,4
30491461_MinPolqaSfbRecording_cut.wav,4.5,0.577350269,0.565803264,4
30493430_MinPolqaSfbRecording_cut.wav,2.25,1.5,1.47,4
27880364_MinPolqaSfbRecording_cut.wav,4.0,0.707106781,0.619806421,5
30509879_MinPolqaSfbRecording_cut.wav,4.0,1.224744871,1.073536213,5
30435050_MinPolqaSfbRecording_cut.wav,3.4,0.894427191,0.784,5
30071359_MinPolqaSfbRecording_cut.wav,2.6,0.547722558,0.48009999,5
30168656_MinPolqaSfbRecording_cut.wav,3.0,0.707106781,0.619806421,5
30068690_MinPolqaSfbRecording_cut.wav,2.2,0.836660027,0.733364848,5
30082739_MinPolqaSfbRecording_cut.wav,3.4,0.894427191,0.784,5
28540916_MinPolqaSfbRecording_cut.wav,4.6,0.547722558,0.48009999,5
30196238_MinPolqaSfbRecording_cut.wav,3.5,0.577350269,0.565803264,4
30528609_MinPolqaSfbRecording_cut.wav,2.75,0.5,0.49,4
28480978_MinPolqaSfbRecording_cut.wav,4.5,0.577350269,0.565803264,4
30122340_MinPolqaSfbRecording_cut.wav,3.0,0.816496581,0.800166649,4
30513889_MinPolqaSfbRecording_cut.wav,3.25,0.5,0.49,4
30123217_MinPolqaSfbRecording_cut.wav,2.25,0.957427108,0.938278566,4
27752946_MinPolqaSfbRecording_cut.wav,3.75,0.5,0.49,4
30150420_MinPolqaSfbRecording_cut.wav,2.25,0.957427108,0.938278566,4
30177530_MinPolqaSfbRecording_cut.wav,3.0,0.816496581,0.800166649,4
28488965_MinPolqaSfbRecording_cut.wav,4.0,0.816496581,0.800166649,4
30255714_MinPolqaSfbRecording_cut.wav,2.2,1.303840481,1.142866571,5
30161195_MinPolqaSfbRecording_cut.wav,2.8,0.836660027,0.733364848,5
30063383_MinPolqaSfbRecording_cut.wav,1.2,0.447213595,0.392,5
30462463_MinPolqaSfbRecording_cut.wav,1.6,0.894427191,0.784,5
30068393_MinPolqaSfbRecording_cut.wav,3.0,1.0,0.876538647,5
30468306_MinPolqaSfbRecording_cut.wav,1.6,0.894427191,0.784,5
30257124_MinPolqaSfbRecording_cut.wav,2.6,0.547722558,0.48009999,5
30113654_MinPolqaSfbRecording_cut.wav,3.2,1.483239697,1.300116918,5
30090038_MinPolqaSfbRecording_cut.wav,2.2,0.836660027,0.733364848,5
30137861_MinPolqaSfbRecording_cut.wav,1.6,0.894427191,0.784,5
29537769_MinPolqaSfbRecording_cut.wav,2.2,0.447213595,0.392,5
30148898_MinPolqaSfbRecording_cut.wav,2.6,1.140175425,0.999407825,5
30214077_MinPolqaSfbRecording_cut.wav,3.2,0.447213595,0.392,5
30064338_MinPolqaSfbRecording_cut.wav,3.2,0.836660027,0.733364848,5
30118056_MinPolqaSfbRecording_cut.wav,3.8,0.447213595,0.392,5
30173116_MinPolqaSfbRecording_cut.wav,4.4,0.547722558,0.48009999,5
30118512_MinPolqaSfbRecording_cut.wav,3.6,0.547722558,0.48009999,5
30262517_MinPolqaSfbRecording_cut.wav,3.2,0.447213595,0.392,5
30426950_MinPolqaSfbRecording_cut.wav,3.6,0.894427191,0.784,5
30193051_MinPolqaSfbRecording_cut.wav,4.0,0.816496581,0.800166649,4
28360858_MinPolqaSfbRecording_cut.wav,3.25,0.5,0.49,4
29533103_MinPolqaSfbRecording_cut.wav,3.5,1.290994449,1.26517456,4
30105123_MinPolqaSfbRecording_cut.wav,3.25,0.5,0.49,4
27964757_MinPolqaSfbRecording_cut.wav,3.75,0.5,0.49,4
30195788_MinPolqaSfbRecording_cut.wav,3.75,0.957427108,0.938278566,4
30430114_MinPolqaSfbRecording_cut.wav,3.75,0.5,0.49,4
30422144_MinPolqaSfbRecording_cut.wav,2.75,0.5,0.49,4
28257527_MinPolqaSfbRecording_cut.wav,4.75,0.5,0.49,4
30434956_MinPolqaSfbRecording_cut.wav,4.0,0.0,0.0,4
28303881_MinPolqaSfbRecording_cut.wav,4.5,0.577350269,0.565803264,4
30504081_MinPolqaSfbRecording_cut.wav,2.25,0.957427108,0.938278566,4
27980547_MinPolqaSfbRecording_cut.wav,4.5,0.577350269,0.565803264,4
30186142_MinPolqaSfbRecording_cut.wav,3.25,0.957427108,0.938278566,4
30123821_MinPolqaSfbRecording_cut.wav,1.75,0.5,0.49,4
30110534_MinPolqaSfbRecording_cut.wav,3.25,0.957427108,0.938278566,4
27845357_MinPolqaSfbRecording_cut.wav,4.25,0.5,0.49,4
30462754_MinPolqaSfbRecording_cut.wav,3.75,0.5,0.49,4
28427353_MinPolqaSfbRecording_cut.wav,3.5,1.0,0.98,4
30412348_MinPolqaSfbRecording_cut.wav,2.0,1.414213562,1.385929291,4
30138001_MinPolqaSfbRecording_cut.wav,2.5,1.0,0.98,4
30250793_MinPolqaSfbRecording_cut.wav,2.0,2.0,1.96,4
27924440_MinPolqaSfbRecording_cut.wav,4.75,0.5,0.49,4
30436700_MinPolqaSfbRecording_cut.wav,3.5,1.290994449,1.26517456,4
29544422_MinPolqaSfbRecording_cut.wav,5.0,0.0,0.0,4
28332820_MinPolqaSfbRecording_cut.wav,4.75,0.5,0.49,4
30465013_MinPolqaSfbRecording_cut.wav,2.25,1.892969449,1.85511006,4
28039369_MinPolqaSfbRecording_cut.wav,4.75,0.5,0.49,4
30104770_MinPolqaSfbRecording_cut.wav,3.0,1.632993162,1.600333299,4
27602167_MinPolqaSfbRecording_cut.wav,3.5,1.290994449,1.26517456,4
30102669_MinPolqaSfbRecording_cut.wav,4.75,0.5,0.49,4
28771946_MinPolqaSfbRecording_cut.wav,5.0,0.0,0.0,4
28159204_MinPolqaSfbRecording_cut.wav,3.6,0.894427191,0.784,5
30082505_MinPolqaSfbRecording_cut.wav,3.2,0.447213595,0.392,5
30479541_MinPolqaSfbRecording_cut.wav,3.2,0.836660027,0.733364848,5
30102104_MinPolqaSfbRecording_cut.wav,2.6,0.547722558,0.48009999,5
30176670_MinPolqaSfbRecording_cut.wav,2.0,0.707106781,0.619806421,5
28550615_MinPolqaSfbRecording_cut.wav,4.0,1.0,0.876538647,5
28906066_MinPolqaSfbRecording_cut.wav,3.4,0.547722558,0.48009999,5
30483404_MinPolqaSfbRecording_cut.wav,3.4,0.547722558,0.48009999,5
30113698_MinPolqaSfbRecording_cut.wav,1.5,0.577350269,0.565803264,4
30073495_MinPolqaSfbRecording_cut.wav,1.5,0.577350269,0.565803264,4
30202189_MinPolqaSfbRecording_cut.wav,2.0,0.816496581,0.800166649,4
30073519_MinPolqaSfbRecording_cut.wav,1.0,0.0,0.0,4
28044060_MinPolqaSfbRecording_cut.wav,3.25,0.5,0.49,4
30210860_MinPolqaSfbRecording_cut.wav,1.0,0.0,0.0,4
30117864_MinPolqaSfbRecording_cut.wav,2.25,0.5,0.49,4
30255645_MinPolqaSfbRecording_cut.wav,2.0,0.0,0.0,4
30080885_MinPolqaSfbRecording_cut.wav,1.0,0.0,0.0,4
28431803_MinPolqaSfbRecording_cut.wav,3.5,1.0,0.98,4
30481887_MinPolqaSfbRecording_cut.wav,3.0,1.414213562,1.385929291,4
30198975_MinPolqaSfbRecording_cut.wav,2.5,0.577350269,0.565803264,4
30515612_MinPolqaSfbRecording_cut.wav,2.5,1.290994449,1.26517456,4
30262035_MinPolqaSfbRecording_cut.wav,1.25,0.5,0.49,4
30515523_MinPolqaSfbRecording_cut.wav,1.75,0.5,0.49,4
28607177_MinPolqaSfbRecording_cut.wav,3.5,1.0,0.98,4
30465397_MinPolqaSfbRecording_cut.wav,2.25,1.5,1.47,4
30264412_MinPolqaSfbRecording_cut.wav,4.2,1.788854382,1.568,5
27775732_MinPolqaSfbRecording_cut.wav,3.8,1.095445115,0.960199979,5
28685812_MinPolqaSfbRecording_cut.wav,4.0,0.707106781,0.619806421,5
28959843_MinPolqaSfbRecording_cut.wav,4.2,0.836660027,0.733364848,5
30452840_MinPolqaSfbRecording_cut.wav,3.0,1.58113883,1.385929291,5
30139015_MinPolqaSfbRecording_cut.wav,3.4,0.894427191,0.784,5
30254598_MinPolqaSfbRecording_cut.wav,2.0,0.707106781,0.619806421,5
27859862_MinPolqaSfbRecording_cut.wav,4.4,0.547722558,0.48009999,5
30142976_MinPolqaSfbRecording_cut.wav,3.4,1.516575089,1.329336677,5
30067163_MinPolqaSfbRecording_cut.wav,3.0,1.414213562,1.239612843,5
30151323_MinPolqaSfbRecording_cut.wav,2.0,0.816496581,0.800166649,4
28527654_MinPolqaSfbRecording_cut.wav,4.0,0.816496581,0.800166649,4
27924550_MinPolqaSfbRecording_cut.wav,4.25,0.957427108,0.938278566,4
28533143_MinPolqaSfbRecording_cut.wav,2.0,0.816496581,0.800166649,4
30520769_MinPolqaSfbRecording_cut.wav,2.75,0.957427108,0.938278566,4
29533413_MinPolqaSfbRecording_cut.wav,2.25,0.957427108,0.938278566,4
30117610_MinPolqaSfbRecording_cut.wav,2.0,0.816496581,0.800166649,4
28049725_MinPolqaSfbRecording_cut.wav,3.5,0.577350269,0.565803264,4
30065757_MinPolqaSfbRecording_cut.wav,2.25,0.957427108,0.938278566,4
30098389_MinPolqaSfbRecording_cut.wav,1.75,0.957427108,0.938278566,4
29535784_MinPolqaSfbRecording_cut.wav,3.75,0.957427108,0.938278566,4
30466384_MinPolqaSfbRecording_cut.wav,1.75,0.5,0.49,4
30425326_MinPolqaSfbRecording_cut.wav,2.75,0.5,0.49,4
30135725_MinPolqaSfbRecording_cut.wav,3.5,0.577350269,0.565803264,4
30157538_MinPolqaSfbRecording_cut.wav,2.75,1.707825128,1.673668625,4
30426445_MinPolqaSfbRecording_cut.wav,2.5,1.290994449,1.26517456,4
30457351_MinPolqaSfbRecording_cut.wav,3.75,0.957427108,0.938278566,4
30160670_MinPolqaSfbRecording_cut.wav,3.75,1.258305739,1.233139624,4
28943504_MinPolqaSfbRecording_cut.wav,2.75,1.258305739,1.233139624,4
30154773_MinPolqaSfbRecording_cut.wav,3.2,0.836660027,0.733364848,5
30502694_MinPolqaSfbRecording_cut.wav,2.4,0.547722558,0.48009999,5
30433046_MinPolqaSfbRecording_cut.wav,1.8,0.836660027,0.733364848,5
29529537_MinPolqaSfbRecording_cut.wav,2.2,0.836660027,0.733364848,5
30150530_MinPolqaSfbRecording_cut.wav,3.4,0.547722558,0.48009999,5
30520802_MinPolqaSfbRecording_cut.wav,3.8,0.836660027,0.733364848,5
28424459_MinPolqaSfbRecording_cut.wav,3.8,0.447213595,0.392,5
30411609_MinPolqaSfbRecording_cut.wav,2.2,1.643167673,1.440299969,5
30148595_MinPolqaSfbRecording_cut.wav,2.0,1.224744871,1.073536213,5
30065628_MinPolqaSfbRecording_cut.wav,2.8,1.303840481,1.142866571,5
28974627_MinPolqaSfbRecording_cut.wav,4.0,0.707106781,0.619806421,5
30063932_MinPolqaSfbRecording_cut.wav,3.6,0.894427191,0.784,5
30530251_MinPolqaSfbRecording_cut.wav,3.6,0.547722558,0.48009999,5
28853504_MinPolqaSfbRecording_cut.wav,4.0,0.707106781,0.619806421,5
28849261_MinPolqaSfbRecording_cut.wav,3.0,0.707106781,0.619806421,5
30180381_MinPolqaSfbRecording_cut.wav,2.2,0.836660027,0.733364848,5
30158011_MinPolqaSfbRecording_cut.wav,1.0,0.0,0.0,5
28766547_MinPolqaSfbRecording_cut.wav,4.0,1.0,0.876538647,5
28050757_MinPolqaSfbRecording_cut.wav,3.0,0.707106781,0.619806421,5
30256715_MinPolqaSfbRecording_cut.wav,1.4,0.547722558,0.48009999,5
30248016_MinPolqaSfbRecording_cut.wav,1.0,0.0,0.0,5
30436709_MinPolqaSfbRecording_cut.wav,2.0,0.707106781,0.619806421,5
30106254_MinPolqaSfbRecording_cut.wav,2.666666667,1.154700538,1.306666667,3
30159281_MinPolqaSfbRecording_cut.wav,2.666666667,1.154700538,1.306666667,3
30118462_MinPolqaSfbRecording_cut.wav,2.666666667,1.154700538,1.306666667,3
30067317_MinPolqaSfbRecording_cut.wav,1.666666667,1.154700538,1.306666667,3
30107319_MinPolqaSfbRecording_cut.wav,2.333333333,0.577350269,0.653333333,3
30172182_MinPolqaSfbRecording_cut.wav,1.333333333,0.577350269,0.653333333,3
30409551_MinPolqaSfbRecording_cut.wav,2.333333333,0.577350269,0.653333333,3
30467546_MinPolqaSfbRecording_cut.wav,2.5,1.0,0.98,4
28630757_MinPolqaSfbRecording_cut.wav,4.0,0.0,0.0,4
28430103_MinPolqaSfbRecording_cut.wav,3.5,1.290994449,1.26517456,4
30210992_MinPolqaSfbRecording_cut.wav,2.75,0.957427108,0.938278566,4
30423738_MinPolqaSfbRecording_cut.wav,1.5,0.577350269,0.565803264,4
30084602_MinPolqaSfbRecording_cut.wav,1.75,0.5,0.49,4
30460343_MinPolqaSfbRecording_cut.wav,1.5,0.577350269,0.565803264,4
30082721_MinPolqaSfbRecording_cut.wav,3.75,0.5,0.49,4
30438103_MinPolqaSfbRecording_cut.wav,2.8,0.836660027,0.733364848,5
30107243_MinPolqaSfbRecording_cut.wav,2.6,0.894427191,0.784,5
30097283_MinPolqaSfbRecording_cut.wav,2.6,0.547722558,0.48009999,5
30147533_MinPolqaSfbRecording_cut.wav,2.8,0.836660027,0.733364848,5
28139276_MinPolqaSfbRecording_cut.wav,3.0,0.707106781,0.619806421,5
30518970_MinPolqaSfbRecording_cut.wav,3.8,0.447213595,0.392,5
30137503_MinPolqaSfbRecording_cut.wav,1.8,0.836660027,0.733364848,5
28272705_MinPolqaSfbRecording_cut.wav,3.0,0.0,0.0,5
30179550_MinPolqaSfbRecording_cut.wav,3.4,0.547722558,0.48009999,5
30501289_MinPolqaSfbRecording_cut.wav,2.0,0.816496581,0.800166649,4
28145107_MinPolqaSfbRecording_cut.wav,4.0,0.816496581,0.800166649,4
28865833_MinPolqaSfbRecording_cut.wav,4.25,0.5,0.49,4
29529536_MinPolqaSfbRecording_cut.wav,1.25,0.5,0.49,4
28834031_MinPolqaSfbRecording_cut.wav,4.75,0.5,0.49,4
30189996_MinPolqaSfbRecording_cut.wav,2.25,0.957427108,0.938278566,4
28987540_MinPolqaSfbRecording_cut.wav,4.0,0.816496581,0.800166649,4
30182360_MinPolqaSfbRecording_cut.wav,2.75,0.5,0.49,4
30432763_MinPolqaSfbRecording_cut.wav,2.25,0.5,0.49,4
30129565_MinPolqaSfbRecording_cut.wav,2.75,0.5,0.49,4
30080335_MinPolqaSfbRecording_cut.wav,2.75,0.5,0.49,4
30263630_MinPolqaSfbRecording_cut.wav,3.75,0.957427108,0.938278566,4
30497503_MinPolqaSfbRecording_cut.wav,2.75,0.5,0.49,4
30095439_MinPolqaSfbRecording_cut.wav,3.25,0.5,0.49,4
30423417_MinPolqaSfbRecording_cut.wav,3.25,0.5,0.49,4
30450305_MinPolqaSfbRecording_cut.wav,1.0,0.0,0.0,4
30466889_MinPolqaSfbRecording_cut.wav,2.25,1.5,1.47,4
30258140_MinPolqaSfbRecording_cut.wav,2.25,0.957427108,0.938278566,4
30066000_MinPolqaSfbRecording_cut.wav,3.0,1.154700538,1.131606528,4
30487030_MinPolqaSfbRecording_cut.wav,1.75,0.957427108,0.938278566,4
27669728_MinPolqaSfbRecording_cut.wav,4.75,0.5,0.49,4
28925821_MinPolqaSfbRecording_cut.wav,3.75,0.957427108,0.938278566,4
30445727_MinPolqaSfbRecording_cut.wav,1.5,0.577350269,0.565803264,4
30098590_MinPolqaSfbRecording_cut.wav,2.5,1.0,0.98,4
30457606_MinPolqaSfbRecording_cut.wav,3.2,0.836660027,0.733364848,5
30193946_MinPolqaSfbRecording_cut.wav,1.8,1.303840481,1.142866571,5
28035860_MinPolqaSfbRecording_cut.wav,4.0,0.707106781,0.619806421,5
30081644_MinPolqaSfbRecording_cut.wav,1.4,0.547722558,0.48009999,5
30485466_MinPolqaSfbRecording_cut.wav,2.8,1.303840481,1.142866571,5
30416829_MinPolqaSfbRecording_cut.wav,1.0,0.0,0.0,5
28015704_MinPolqaSfbRecording_cut.wav,2.0,1.0,0.876538647,5
28942239_MinPolqaSfbRecording_cut.wav,4.4,0.894427191,0.784,5
30112990_MinPolqaSfbRecording_cut.wav,3.4,0.894427191,0.784,5
30143905_MinPolqaSfbRecording_cut.wav,3.0,1.0,0.876538647,5
30080327_MinPolqaSfbRecording_cut.wav,1.0,0.0,0.0,4
30105941_MinPolqaSfbRecording_cut.wav,2.5,0.577350269,0.565803264,4
30250043_MinPolqaSfbRecording_cut.wav,1.75,0.957427108,0.938278566,4
28976225_MinPolqaSfbRecording_cut.wav,3.25,0.5,0.49,4
27883604_MinPolqaSfbRecording_cut.wav,4.25,0.5,0.49,4
28078473_MinPolqaSfbRecording_cut.wav,3.25,0.5,0.49,4
30099304_MinPolqaSfbRecording_cut.wav,3.25,0.5,0.49,4
30082549_MinPolqaSfbRecording_cut.wav,1.75,0.957427108,0.938278566,4
30402001_MinPolqaSfbRecording_cut.wav,3.0,0.0,0.0,4
30210927_MinPolqaSfbRecording_cut.wav,2.5,1.0,0.98,4
30474950_MinPolqaSfbRecording_cut.wav,1.25,0.5,0.49,4
28873046_MinPolqaSfbRecording_cut.wav,4.25,0.957427108,0.938278566,4
28201341_MinPolqaSfbRecording_cut.wav,4.0,0.816496581,0.800166649,4
30147049_MinPolqaSfbRecording_cut.wav,4.0,0.816496581,0.800166649,4
30511164_MinPolqaSfbRecording_cut.wav,2.0,0.816496581,0.800166649,4
30523659_MinPolqaSfbRecording_cut.wav,2.0,0.0,0.0,4
28904780_MinPolqaSfbRecording_cut.wav,3.25,0.5,0.49,4
30514064_MinPolqaSfbRecording_cut.wav,4.0,0.816496581,0.800166649,4
30153949_MinPolqaSfbRecording_cut.wav,3.25,1.707825128,1.673668625,4
30213159_MinPolqaSfbRecording_cut.wav,3.5,1.914854216,1.876557131,4
28823946_MinPolqaSfbRecording_cut.wav,4.0,0.816496581,0.800166649,4
30127091_MinPolqaSfbRecording_cut.wav,3.0,1.414213562,1.385929291,4
30463307_MinPolqaSfbRecording_cut.wav,4.0,0.816496581,0.800166649,4
27560953_MinPolqaSfbRecording_cut.wav,4.0,0.816496581,0.800166649,4
28349568_MinPolqaSfbRecording_cut.wav,3.5,0.577350269,0.565803264,4
30097391_MinPolqaSfbRecording_cut.wav,4.0,0.816496581,0.800166649,4
30481276_MinPolqaSfbRecording_cut.wav,3.6,1.140175425,0.999407825,5
30411475_MinPolqaSfbRecording_cut.wav,2.8,1.303840481,1.142866571,5
30426387_MinPolqaSfbRecording_cut.wav,2.0,1.414213562,1.239612843,5
27798647_MinPolqaSfbRecording_cut.wav,4.2,0.447213595,0.392,5
30152195_MinPolqaSfbRecording_cut.wav,1.8,1.303840481,1.142866571,5
30264275_MinPolqaSfbRecording_cut.wav,4.0,1.0,0.876538647,5
30185503_MinPolqaSfbRecording_cut.wav,3.8,1.303840481,1.142866571,5
30120413_MinPolqaSfbRecording_cut.wav,1.25,0.5,0.49,4
27802455_MinPolqaSfbRecording_cut.wav,3.75,0.5,0.49,4
28178855_MinPolqaSfbRecording_cut.wav,4.25,0.5,0.49,4
30135743_MinPolqaSfbRecording_cut.wav,2.0,0.816496581,0.800166649,4
28698106_MinPolqaSfbRecording_cut.wav,3.75,0.5,0.49,4
27660000_MinPolqaSfbRecording_cut.wav,3.5,0.577350269,0.565803264,4
30154847_MinPolqaSfbRecording_cut.wav,2.75,0.5,0.49,4
27720229_MinPolqaSfbRecording_cut.wav,3.5,0.577350269,0.565803264,4
30112825_MinPolqaSfbRecording_cut.wav,3.25,0.957427108,0.938278566,4
30485677_MinPolqaSfbRecording_cut.wav,1.0,0.0,0.0,5
30064406_MinPolqaSfbRecording_cut.wav,3.2,0.447213595,0.392,5
30469699_MinPolqaSfbRecording_cut.wav,2.8,0.836660027,0.733364848,5
30176693_MinPolqaSfbRecording_cut.wav,1.2,0.447213595,0.392,5
30158224_MinPolqaSfbRecording_cut.wav,2.8,1.095445115,0.960199979,5
30463246_MinPolqaSfbRecording_cut.wav,2.2,1.303840481,1.142866571,5
30168526_MinPolqaSfbRecording_cut.wav,4.0,1.0,0.876538647,5
30442645_MinPolqaSfbRecording_cut.wav,2.0,0.0,0.0,4
30160146_MinPolqaSfbRecording_cut.wav,2.5,1.290994449,1.26517456,4
29534483_MinPolqaSfbRecording_cut.wav,4.0,0.816496581,0.800166649,4
30146168_MinPolqaSfbRecording_cut.wav,1.25,0.5,0.49,4
30092653_MinPolqaSfbRecording_cut.wav,3.75,0.5,0.49,4
30156667_MinPolqaSfbRecording_cut.wav,3.75,0.957427108,0.938278566,4
28535077_MinPolqaSfbRecording_cut.wav,4.25,0.957427108,0.938278566,4
30452363_MinPolqaSfbRecording_cut.wav,3.25,0.5,0.49,4
29533327_MinPolqaSfbRecording_cut.wav,4.25,0.957427108,0.938278566,4
30522578_MinPolqaSfbRecording_cut.wav,1.5,0.577350269,0.565803264,4
27651061_MinPolqaSfbRecording_cut.wav,4.0,0.816496581,0.800166649,4
30067968_MinPolqaSfbRecording_cut.wav,4.0,1.154700538,1.131606528,4
30427540_MinPolqaSfbRecording_cut.wav,2.75,0.957427108,0.938278566,4
30110578_MinPolqaSfbRecording_cut.wav,3.25,0.957427108,0.938278566,4
30076487_MinPolqaSfbRecording_cut.wav,3.5,1.290994449,1.26517456,4
28837389_MinPolqaSfbRecording_cut.wav,4.0,1.414213562,1.385929291,4
30098697_MinPolqaSfbRecording_cut.wav,4.0,1.0,0.876538647,5
28245219_MinPolqaSfbRecording_cut.wav,4.2,0.836660027,0.733364848,5
30096798_MinPolqaSfbRecording_cut.wav,2.0,1.732050808,1.518209472,5
30412294_MinPolqaSfbRecording_cut.wav,2.4,1.949358869,1.708688386,5
30086307_MinPolqaSfbRecording_cut.wav,2.0,1.414213562,1.239612843,5
30402942_MinPolqaSfbRecording_cut.wav,3.2,1.095445115,0.960199979,5
30119799_MinPolqaSfbRecording_cut.wav,3.6,1.140175425,0.999407825,5
27558434_MinPolqaSfbRecording_cut.wav,3.8,0.447213595,0.392,5
30473076_MinPolqaSfbRecording_cut.wav,3.0,1.224744871,1.073536213,5
30491394_MinPolqaSfbRecording_cut.wav,3.333333333,0.577350269,0.653333333,3
30108561_MinPolqaSfbRecording_cut.wav,2.333333333,2.309401077,2.613333333,3
30066650_MinPolqaSfbRecording_cut.wav,3.0,1.0,1.131606528,3
30150305_MinPolqaSfbRecording_cut.wav,3.0,1.0,1.131606528,3
27787137_MinPolqaSfbRecording_cut.wav,4.0,0.0,0.0,3
30206549_MinPolqaSfbRecording_cut.wav,3.0,1.732050808,1.96,3
30260947_MinPolqaSfbRecording_cut.wav,3.666666667,1.154700538,1.306666667,3
30175217_MinPolqaSfbRecording_cut.wav,3.0,2.0,2.263213055,3
30400573_MinPolqaSfbRecording_cut.wav,4.0,1.0,1.131606528,3
30192998_MinPolqaSfbRecording_cut.wav,4.333333333,1.154700538,1.306666667,3
29540643_MinPolqaSfbRecording_cut.wav,2.0,0.707106781,0.619806421,5
29536391_MinPolqaSfbRecording_cut.wav,2.0,0.707106781,0.619806421,5
30405991_MinPolqaSfbRecording_cut.wav,4.4,0.547722558,0.48009999,5
30400562_MinPolqaSfbRecording_cut.wav,3.4,0.547722558,0.48009999,5
30060912_MinPolqaSfbRecording_cut.wav,3.8,1.303840481,1.142866571,5
30063140_MinPolqaSfbRecording_cut.wav,4.2,0.447213595,0.392,5
30067294_MinPolqaSfbRecording_cut.wav,2.8,0.447213595,0.392,5
30169175_MinPolqaSfbRecording_cut.wav,4.4,0.547722558,0.48009999,5
29532678_MinPolqaSfbRecording_cut.wav,4.333333333,0.577350269,0.653333333,3
28082576_MinPolqaSfbRecording_cut.wav,1.666666667,0.577350269,0.653333333,3
28253028_MinPolqaSfbRecording_cut.wav,4.0,0.0,0.0,3
30178382_MinPolqaSfbRecording_cut.wav,3.0,1.732050808,1.96,3
30102753_MinPolqaSfbRecording_cut.wav,2.666666667,0.577350269,0.653333333,3
30070600_MinPolqaSfbRecording_cut.wav,2.0,0.0,0.0,3
30467417_MinPolqaSfbRecording_cut.wav,1.666666667,0.577350269,0.653333333,3
30207019_MinPolqaSfbRecording_cut.wav,2.2,0.836660027,0.733364848,5
30097657_MinPolqaSfbRecording_cut.wav,1.0,0.0,0.0,5
30138537_MinPolqaSfbRecording_cut.wav,2.4,1.140175425,0.999407825,5
27920086_MinPolqaSfbRecording_cut.wav,4.4,0.547722558,0.48009999,5
30118704_MinPolqaSfbRecording_cut.wav,2.4,0.894427191,0.784,5
30413966_MinPolqaSfbRecording_cut.wav,1.0,0.0,0.0,5
29544967_MinPolqaSfbRecording_cut.wav,2.8,1.095445115,0.960199979,5
29539017_MinPolqaSfbRecording_cut.wav,4.2,0.447213595,0.392,5
28127613_MinPolqaSfbRecording_cut.wav,4.2,1.095445115,0.960199979,5
30161215_MinPolqaSfbRecording_cut.wav,2.2,0.836660027,0.733364848,5
30080321_MinPolqaSfbRecording_cut.wav,1.8,0.447213595,0.392,5
30407243_MinPolqaSfbRecording_cut.wav,3.6,0.547722558,0.48009999,5
30466990_MinPolqaSfbRecording_cut.wav,2.6,0.547722558,0.48009999,5
28168049_MinPolqaSfbRecording_cut.wav,4.4,0.547722558,0.48009999,5
30144214_MinPolqaSfbRecording_cut.wav,2.4,0.894427191,0.784,5
30154303_MinPolqaSfbRecording_cut.wav,3.0,0.707106781,0.619806421,5
28870971_MinPolqaSfbRecording_cut.wav,3.6,0.547722558,0.48009999,5
30255075_MinPolqaSfbRecording_cut.wav,3.0,0.816496581,0.800166649,4
30186284_MinPolqaSfbRecording_cut.wav,3.5,0.577350269,0.565803264,4
30212954_MinPolqaSfbRecording_cut.wav,3.75,0.5,0.49,4
30138850_MinPolqaSfbRecording_cut.wav,2.75,0.5,0.49,4
30098433_MinPolqaSfbRecording_cut.wav,1.5,0.577350269,0.565803264,4
30260702_MinPolqaSfbRecording_cut.wav,1.5,0.577350269,0.565803264,4
30070762_MinPolqaSfbRecording_cut.wav,2.75,0.5,0.49,4
30062667_MinPolqaSfbRecording_cut.wav,1.75,0.957427108,0.938278566,4
30173547_MinPolqaSfbRecording_cut.wav,3.333333333,2.081665999,2.355626833,3
30480126_MinPolqaSfbRecording_cut.wav,2.0,1.732050808,1.96,3
30257358_MinPolqaSfbRecording_cut.wav,2.0,1.732050808,1.96,3
30430133_MinPolqaSfbRecording_cut.wav,2.666666667,1.527525232,1.728557523,3
30508973_MinPolqaSfbRecording_cut.wav,1.666666667,1.154700538,1.306666667,3
30471872_MinPolqaSfbRecording_cut.wav,2.666666667,1.527525232,1.728557523,3
27718842_MinPolqaSfbRecording_cut.wav,3.666666667,1.154700538,1.306666667,3
29036444_MinPolqaSfbRecording_cut.wav,3.666666667,0.577350269,0.653333333,3
28909111_MinPolqaSfbRecording_cut.wav,4.4,0.547722558,0.48009999,5
30181688_MinPolqaSfbRecording_cut.wav,2.4,1.140175425,0.999407825,5
30128600_MinPolqaSfbRecording_cut.wav,2.6,0.894427191,0.784,5
30472931_MinPolqaSfbRecording_cut.wav,4.0,0.707106781,0.619806421,5
28050359_MinPolqaSfbRecording_cut.wav,4.6,0.547722558,0.48009999,5
29529633_MinPolqaSfbRecording_cut.wav,4.4,0.894427191,0.784,5
30199678_MinPolqaSfbRecording_cut.wav,3.8,0.447213595,0.392,5
30140721_MinPolqaSfbRecording_cut.wav,2.6,0.894427191,0.784,5
27897141_MinPolqaSfbRecording_cut.wav,4.4,0.547722558,0.48009999,5
30527221_MinPolqaSfbRecording_cut.wav,4.25,0.957427108,0.938278566,4
30092142_MinPolqaSfbRecording_cut.wav,3.75,0.5,0.49,4
30060053_MinPolqaSfbRecording_cut.wav,1.75,0.957427108,0.938278566,4
30106484_MinPolqaSfbRecording_cut.wav,2.75,0.5,0.49,4
30160440_MinPolqaSfbRecording_cut.wav,2.75,0.5,0.49,4
30519537_MinPolqaSfbRecording_cut.wav,3.0,0.816496581,0.800166649,4
30149341_MinPolqaSfbRecording_cut.wav,3.25,0.5,0.49,4
30128740_MinPolqaSfbRecording_cut.wav,1.75,0.5,0.49,4
30513733_MinPolqaSfbRecording_cut.wav,2.6,1.140175425,0.999407825,5
30108209_MinPolqaSfbRecording_cut.wav,3.2,0.447213595,0.392,5
28129833_MinPolqaSfbRecording_cut.wav,3.8,0.836660027,0.733364848,5
27967470_MinPolqaSfbRecording_cut.wav,4.0,0.707106781,0.619806421,5
28872990_MinPolqaSfbRecording_cut.wav,3.8,0.447213595,0.392,5
30114057_MinPolqaSfbRecording_cut.wav,2.0,1.414213562,1.239612843,5
29544392_MinPolqaSfbRecording_cut.wav,2.4,1.341640786,1.176,5
30060450_MinPolqaSfbRecording_cut.wav,2.4,0.547722558,0.48009999,5
30136667_MinPolqaSfbRecording_cut.wav,2.25,0.957427108,0.938278566,4
30154788_MinPolqaSfbRecording_cut.wav,2.75,0.957427108,0.938278566,4
30484312_MinPolqaSfbRecording_cut.wav,1.75,0.5,0.49,4
30095900_MinPolqaSfbRecording_cut.wav,3.5,0.577350269,0.565803264,4
30424346_MinPolqaSfbRecording_cut.wav,2.5,1.290994449,1.26517456,4
30449470_MinPolqaSfbRecording_cut.wav,1.75,0.5,0.49,4
30483739_MinPolqaSfbRecording_cut.wav,2.25,0.5,0.49,4
30139536_MinPolqaSfbRecording_cut.wav,2.0,0.816496581,0.800166649,4
28991581_MinPolqaSfbRecording_cut.wav,4.0,0.816496581,0.800166649,4
30080603_MinPolqaSfbRecording_cut.wav,1.666666667,1.154700538,1.306666667,3
30173999_MinPolqaSfbRecording_cut.wav,3.666666667,1.527525232,1.728557523,3
30426365_MinPolqaSfbRecording_cut.wav,1.666666667,1.154700538,1.306666667,3
30133515_MinPolqaSfbRecording_cut.wav,2.333333333,0.577350269,0.653333333,3
30081703_MinPolqaSfbRecording_cut.wav,2.0,1.0,1.131606528,3
27775385_MinPolqaSfbRecording_cut.wav,3.333333333,0.577350269,0.653333333,3
30491479_MinPolqaSfbRecording_cut.wav,2.0,1.0,1.131606528,3
27693207_MinPolqaSfbRecording_cut.wav,1.666666667,1.154700538,1.306666667,3
30426291_MinPolqaSfbRecording_cut.wav,4.0,1.0,1.131606528,3
30138636_MinPolqaSfbRecording_cut.wav,1.6,0.547722558,0.48009999,5
29532502_MinPolqaSfbRecording_cut.wav,2.4,0.547722558,0.48009999,5
30066297_MinPolqaSfbRecording_cut.wav,2.6,1.140175425,0.999407825,5
30127234_MinPolqaSfbRecording_cut.wav,1.8,0.447213595,0.392,5
30192581_MinPolqaSfbRecording_cut.wav,3.2,0.836660027,0.733364848,5
29542577_MinPolqaSfbRecording_cut.wav,3.2,0.836660027,0.733364848,5
30156903_MinPolqaSfbRecording_cut.wav,1.4,0.547722558,0.48009999,5
30511744_MinPolqaSfbRecording_cut.wav,2.4,0.894427191,0.784,5
30520858_MinPolqaSfbRecording_cut.wav,1.8,0.447213595,0.392,5
30137123_MinPolqaSfbRecording_cut.wav,1.2,0.447213595,0.392,5
30127196_MinPolqaSfbRecording_cut.wav,2.8,0.836660027,0.733364848,5
30435038_MinPolqaSfbRecording_cut.wav,2.6,0.547722558,0.48009999,5
30206162_MinPolqaSfbRecording_cut.wav,2.6,0.547722558,0.48009999,5
30128871_MinPolqaSfbRecording_cut.wav,1.4,0.547722558,0.48009999,5
30127704_MinPolqaSfbRecording_cut.wav,3.8,0.447213595,0.392,5
30164257_MinPolqaSfbRecording_cut.wav,2.4,0.894427191,0.784,5
30257719_MinPolqaSfbRecording_cut.wav,1.6,0.547722558,0.48009999,5
30514131_MinPolqaSfbRecording_cut.wav,2.0,0.707106781,0.619806421,5
30162615_MinPolqaSfbRecording_cut.wav,3.5,0.577350269,0.565803264,4
30522743_MinPolqaSfbRecording_cut.wav,2.75,0.5,0.49,4
30251836_MinPolqaSfbRecording_cut.wav,1.75,0.957427108,0.938278566,4
29538413_MinPolqaSfbRecording_cut.wav,1.5,0.577350269,0.565803264,4
30118685_MinPolqaSfbRecording_cut.wav,1.5,0.577350269,0.565803264,4
30452347_MinPolqaSfbRecording_cut.wav,3.0,0.816496581,0.800166649,4
30148827_MinPolqaSfbRecording_cut.wav,2.0,0.816496581,0.800166649,4
28591149_MinPolqaSfbRecording_cut.wav,4.0,0.707106781,0.619806421,5
30468193_MinPolqaSfbRecording_cut.wav,3.2,1.303840481,1.142866571,5
30065664_MinPolqaSfbRecording_cut.wav,4.6,0.547722558,0.48009999,5
30143565_MinPolqaSfbRecording_cut.wav,3.4,0.547722558,0.48009999,5
30483415_MinPolqaSfbRecording_cut.wav,2.2,0.836660027,0.733364848,5
28737594_MinPolqaSfbRecording_cut.wav,4.0,1.0,0.876538647,5
30431669_MinPolqaSfbRecording_cut.wav,2.0,0.707106781,0.619806421,5
28740668_MinPolqaSfbRecording_cut.wav,3.4,1.140175425,0.999407825,5
30160662_MinPolqaSfbRecording_cut.wav,3.0,0.707106781,0.619806421,5
27800859_MinPolqaSfbRecording_cut.wav,3.6,0.547722558,0.48009999,5
30117798_MinPolqaSfbRecording_cut.wav,3.0,0.707106781,0.619806421,5
30105408_MinPolqaSfbRecording_cut.wav,2.4,0.547722558,0.48009999,5
30467466_MinPolqaSfbRecording_cut.wav,2.6,0.547722558,0.48009999,5
29026551_MinPolqaSfbRecording_cut.wav,3.8,0.447213595,0.392,5
30071323_MinPolqaSfbRecording_cut.wav,3.8,0.836660027,0.733364848,5
30076524_MinPolqaSfbRecording_cut.wav,3.6,0.894427191,0.784,5
30453002_MinPolqaSfbRecording_cut.wav,3.75,0.5,0.49,4
30204845_MinPolqaSfbRecording_cut.wav,3.25,0.5,0.49,4
30165337_MinPolqaSfbRecording_cut.wav,3.5,0.577350269,0.565803264,4
29531390_MinPolqaSfbRecording_cut.wav,2.25,0.957427108,0.938278566,4
30139271_MinPolqaSfbRecording_cut.wav,2.75,0.5,0.49,4
30195734_MinPolqaSfbRecording_cut.wav,2.75,0.5,0.49,4
28928127_MinPolqaSfbRecording_cut.wav,4.5,0.577350269,0.565803264,4
30106464_MinPolqaSfbRecording_cut.wav,3.5,0.577350269,0.565803264,4
30162384_MinPolqaSfbRecording_cut.wav,2.75,1.707825128,1.673668625,4
27679152_MinPolqaSfbRecording_cut.wav,4.0,0.816496581,0.800166649,4
30097200_MinPolqaSfbRecording_cut.wav,2.0,0.0,0.0,4
30165291_MinPolqaSfbRecording_cut.wav,3.75,1.258305739,1.233139624,4
30090411_MinPolqaSfbRecording_cut.wav,2.75,0.5,0.49,4
30528301_MinPolqaSfbRecording_cut.wav,2.5,0.577350269,0.565803264,4
30514122_MinPolqaSfbRecording_cut.wav,1.5,0.577350269,0.565803264,4
30066536_MinPolqaSfbRecording_cut.wav,3.75,1.258305739,1.233139624,4
29040092_MinPolqaSfbRecording_cut.wav,4.75,0.5,0.49,4
30088579_MinPolqaSfbRecording_cut.wav,3.25,0.5,0.49,4
30179598_MinPolqaSfbRecording_cut.wav,1.4,0.547722558,0.48009999,5
28602468_MinPolqaSfbRecording_cut.wav,3.8,0.447213595,0.392,5
27952094_MinPolqaSfbRecording_cut.wav,4.0,0.707106781,0.619806421,5
29533990_MinPolqaSfbRecording_cut.wav,2.8,1.303840481,1.142866571,5
27818156_MinPolqaSfbRecording_cut.wav,3.4,0.894427191,0.784,5
30136212_MinPolqaSfbRecording_cut.wav,3.2,1.303840481,1.142866571,5
30248928_MinPolqaSfbRecording_cut.wav,4.0,0.707106781,0.619806421,5
30127257_MinPolqaSfbRecording_cut.wav,3.2,1.303840481,1.142866571,5
30062733_MinPolqaSfbRecording_cut.wav,3.0,0.707106781,0.619806421,5
28904166_MinPolqaSfbRecording_cut.wav,3.8,0.447213595,0.392,5
29032660_MinPolqaSfbRecording_cut.wav,3.6,1.140175425,0.999407825,5
30513224_MinPolqaSfbRecording_cut.wav,3.6,1.140175425,0.999407825,5
30103118_MinPolqaSfbRecording_cut.wav,3.2,1.303840481,1.142866571,5
30514134_MinPolqaSfbRecording_cut.wav,2.4,1.140175425,0.999407825,5
28977763_MinPolqaSfbRecording_cut.wav,4.2,0.836660027,0.733364848,5
30113563_MinPolqaSfbRecording_cut.wav,2.8,0.447213595,0.392,5
30260671_MinPolqaSfbRecording_cut.wav,1.4,0.547722558,0.48009999,5
30183579_MinPolqaSfbRecording_cut.wav,1.2,0.447213595,0.392,5
30137911_MinPolqaSfbRecording_cut.wav,2.0,0.707106781,0.619806421,5
27762193_MinPolqaSfbRecording_cut.wav,4.4,0.547722558,0.48009999,5
30107008_MinPolqaSfbRecording_cut.wav,2.2,1.095445115,0.960199979,5
30437575_MinPolqaSfbRecording_cut.wav,1.6,0.547722558,0.48009999,5
27731783_MinPolqaSfbRecording_cut.wav,3.4,0.547722558,0.48009999,5
30443931_MinPolqaSfbRecording_cut.wav,1.8,0.447213595,0.392,5
30080604_MinPolqaSfbRecording_cut.wav,1.8,0.836660027,0.733364848,5
28798400_MinPolqaSfbRecording_cut.wav,4.2,0.836660027,0.733364848,5
30249936_MinPolqaSfbRecording_cut.wav,2.4,1.140175425,0.999407825,5
30251265_MinPolqaSfbRecording_cut.wav,2.8,0.836660027,0.733364848,5
30090537_MinPolqaSfbRecording_cut.wav,1.4,0.547722558,0.48009999,5
30126055_MinPolqaSfbRecording_cut.wav,2.75,0.957427108,0.938278566,4
27751718_MinPolqaSfbRecording_cut.wav,4.0,0.816496581,0.800166649,4
30200502_MinPolqaSfbRecording_cut.wav,3.25,0.5,0.49,4
30483243_MinPolqaSfbRecording_cut.wav,4.0,0.816496581,0.800166649,4
30442473_MinPolqaSfbRecording_cut.wav,2.5,0.577350269,0.565803264,4
30263131_MinPolqaSfbRecording_cut.wav,2.25,0.957427108,0.938278566,4
30152451_MinPolqaSfbRecording_cut.wav,3.25,0.957427108,0.938278566,4
30162245_MinPolqaSfbRecording_cut.wav,1.75,0.5,0.49,4
30458220_MinPolqaSfbRecording_cut.wav,2.0,1.0,1.131606528,3
28827736_MinPolqaSfbRecording_cut.wav,4.0,1.0,1.131606528,3
27701113_MinPolqaSfbRecording_cut.wav,3.666666667,0.577350269,0.653333333,3
27723257_MinPolqaSfbRecording_cut.wav,4.0,1.0,1.131606528,3
30262719_MinPolqaSfbRecording_cut.wav,3.0,1.0,1.131606528,3
27811974_MinPolqaSfbRecording_cut.wav,3.666666667,0.577350269,0.653333333,3
30145732_MinPolqaSfbRecording_cut.wav,2.333333333,0.577350269,0.653333333,3
30096727_MinPolqaSfbRecording_cut.wav,2.0,1.414213562,1.239612843,5
30257860_MinPolqaSfbRecording_cut.wav,2.4,1.140175425,0.999407825,5
30412796_MinPolqaSfbRecording_cut.wav,1.6,0.894427191,0.784,5
29530866_MinPolqaSfbRecording_cut.wav,2.8,1.483239697,1.300116918,5
28331295_MinPolqaSfbRecording_cut.wav,4.0,0.707106781,0.619806421,5
30207688_MinPolqaSfbRecording_cut.wav,3.6,1.140175425,0.999407825,5
30481576_MinPolqaSfbRecording_cut.wav,2.8,1.095445115,0.960199979,5
30060089_MinPolqaSfbRecording_cut.wav,1.666666667,1.154700538,1.306666667,3
30142556_MinPolqaSfbRecording_cut.wav,3.333333333,1.154700538,1.306666667,3
30479191_MinPolqaSfbRecording_cut.wav,3.666666667,0.577350269,0.653333333,3
28486288_MinPolqaSfbRecording_cut.wav,3.666666667,0.577350269,0.653333333,3
29019420_MinPolqaSfbRecording_cut.wav,4.666666667,0.577350269,0.653333333,3
30506337_MinPolqaSfbRecording_cut.wav,3.0,0.0,0.0,3
30455588_MinPolqaSfbRecording_cut.wav,4.0,0.0,0.0,3
30137881_MinPolqaSfbRecording_cut.wav,4.0,0.0,0.0,3
30427759_MinPolqaSfbRecording_cut.wav,1.333333333,0.577350269,0.653333333,3
30132597_MinPolqaSfbRecording_cut.wav,2.666666667,0.577350269,0.653333333,3
30102853_MinPolqaSfbRecording_cut.wav,3.333333333,0.577350269,0.653333333,3
27949192_MinPolqaSfbRecording_cut.wav,2.333333333,0.577350269,0.653333333,3
30081021_MinPolqaSfbRecording_cut.wav,3.0,0.0,0.0,3
30078904_MinPolqaSfbRecording_cut.wav,3.666666667,0.577350269,0.653333333,3
30182695_MinPolqaSfbRecording_cut.wav,2.0,0.816496581,0.800166649,4
30058469_MinPolqaSfbRecording_cut.wav,3.25,0.5,0.49,4
30424427_MinPolqaSfbRecording_cut.wav,3.25,0.5,0.49,4
30164723_MinPolqaSfbRecording_cut.wav,1.75,0.957427108,0.938278566,4
30402626_MinPolqaSfbRecording_cut.wav,1.25,0.5,0.49,4
30066124_MinPolqaSfbRecording_cut.wav,3.0,0.0,0.0,4
27770225_MinPolqaSfbRecording_cut.wav,4.25,0.957427108,0.938278566,4
30062074_MinPolqaSfbRecording_cut.wav,4.0,0.816496581,0.800166649,4
30481262_MinPolqaSfbRecording_cut.wav,3.5,0.577350269,0.565803264,4
28980011_MinPolqaSfbRecording_cut.wav,3.75,0.5,0.49,4
30428644_MinPolqaSfbRecording_cut.wav,1.75,0.5,0.49,4
28223438_MinPolqaSfbRecording_cut.wav,3.5,0.577350269,0.565803264,4
30202645_MinPolqaSfbRecording_cut.wav,2.5,1.732050808,1.697409791,4
28896840_MinPolqaSfbRecording_cut.wav,3.75,0.5,0.49,4
30461030_MinPolqaSfbRecording_cut.wav,3.0,0.816496581,0.800166649,4
30148927_MinPolqaSfbRecording_cut.wav,1.75,0.957427108,0.938278566,4
30083491_MinPolqaSfbRecording_cut.wav,1.0,0.0,0.0,4
30138397_MinPolqaSfbRecording_cut.wav,2.2,1.095445115,0.960199979,5
30104687_MinPolqaSfbRecording_cut.wav,3.6,0.894427191,0.784,5
27562410_MinPolqaSfbRecording_cut.wav,3.0,0.707106781,0.619806421,5
28636416_MinPolqaSfbRecording_cut.wav,4.6,0.547722558,0.48009999,5
29543577_MinPolqaSfbRecording_cut.wav,3.6,0.894427191,0.784,5
30412582_MinPolqaSfbRecording_cut.wav,2.4,0.894427191,0.784,5
30508745_MinPolqaSfbRecording_cut.wav,3.0,1.414213562,1.239612843,5
30258141_MinPolqaSfbRecording_cut.wav,2.8,1.303840481,1.142866571,5
28261731_MinPolqaSfbRecording_cut.wav,4.4,0.547722558,0.48009999,5
30144910_MinPolqaSfbRecording_cut.wav,4.5,0.577350269,0.565803264,4
30154762_MinPolqaSfbRecording_cut.wav,3.0,1.414213562,1.385929291,4
27708071_MinPolqaSfbRecording_cut.wav,4.0,0.0,0.0,4
30211012_MinPolqaSfbRecording_cut.wav,2.75,1.258305739,1.233139624,4
30522132_MinPolqaSfbRecording_cut.wav,4.0,0.816496581,0.800166649,4
29542937_MinPolqaSfbRecording_cut.wav,2.75,1.258305739,1.233139624,4
30164597_MinPolqaSfbRecording_cut.wav,2.75,0.957427108,0.938278566,4
30080313_MinPolqaSfbRecording_cut.wav,2.75,0.957427108,0.938278566,4
30204995_MinPolqaSfbRecording_cut.wav,3.0,1.414213562,1.385929291,4
30065000_MinPolqaSfbRecording_cut.wav,3.0,0.816496581,0.800166649,4
30256983_MinPolqaSfbRecording_cut.wav,1.5,0.577350269,0.565803264,4
30136169_MinPolqaSfbRecording_cut.wav,3.75,0.957427108,0.938278566,4
30124588_MinPolqaSfbRecording_cut.wav,1.25,0.5,0.49,4
30177411_MinPolqaSfbRecording_cut.wav,3.5,1.0,0.98,4
30260148_MinPolqaSfbRecording_cut.wav,3.5,1.0,0.98,4
27144768_MinPolqaSfbRecording_cut.wav,4.0,0.0,0.0,4
29537031_MinPolqaSfbRecording_cut.wav,2.25,0.957427108,0.938278566,4
30087609_MinPolqaSfbRecording_cut.wav,2.5,0.577350269,0.565803264,4
30107290_MinPolqaSfbRecording_cut.wav,3.5,0.577350269,0.565803264,4
30080245_MinPolqaSfbRecording_cut.wav,2.0,0.816496581,0.800166649,4
30169073_MinPolqaSfbRecording_cut.wav,4.0,1.154700538,1.131606528,4
30108378_MinPolqaSfbRecording_cut.wav,3.0,0.816496581,0.800166649,4
28715892_MinPolqaSfbRecording_cut.wav,3.5,0.577350269,0.565803264,4
30193862_MinPolqaSfbRecording_cut.wav,2.5,0.577350269,0.565803264,4
30101012_MinPolqaSfbRecording_cut.wav,3.25,1.258305739,1.233139624,4
30261720_MinPolqaSfbRecording_cut.wav,3.75,0.5,0.49,4
28473368_MinPolqaSfbRecording_cut.wav,4.0,0.816496581,0.800166649,4
30404986_MinPolqaSfbRecording_cut.wav,3.5,1.290994449,1.26517456,4
30411488_MinPolqaSfbRecording_cut.wav,3.0,1.414213562,1.385929291,4
30147712_MinPolqaSfbRecording_cut.wav,2.75,1.258305739,1.233139624,4
30096410_MinPolqaSfbRecording_cut.wav,2.25,1.258305739,1.233139624,4
30157659_MinPolqaSfbRecording_cut.wav,3.75,0.957427108,0.938278566,4
30122159_MinPolqaSfbRecording_cut.wav,3.25,1.258305739,1.233139624,4
30068442_MinPolqaSfbRecording_cut.wav,3.25,0.5,0.49,4
30133123_MinPolqaSfbRecording_cut.wav,3.75,0.957427108,0.938278566,4
28328030_MinPolqaSfbRecording_cut.wav,4.25,0.5,0.49,4
28431956_MinPolqaSfbRecording_cut.wav,3.5,1.732050808,1.697409791,4
30108010_MinPolqaSfbRecording_cut.wav,4.25,0.957427108,0.938278566,4
30150235_MinPolqaSfbRecording_cut.wav,4.75,0.5,0.49,4
29537579_MinPolqaSfbRecording_cut.wav,3.5,1.0,0.98,4
30421462_MinPolqaSfbRecording_cut.wav,4.0,0.816496581,0.800166649,4
28796962_MinPolqaSfbRecording_cut.wav,3.8,0.836660027,0.733364848,5
28134520_MinPolqaSfbRecording_cut.wav,3.8,0.836660027,0.733364848,5
30488612_MinPolqaSfbRecording_cut.wav,3.2,1.788854382,1.568,5
30122563_MinPolqaSfbRecording_cut.wav,2.4,1.140175425,0.999407825,5
30256724_MinPolqaSfbRecording_cut.wav,2.6,1.673320053,1.466729696,5
30174627_MinPolqaSfbRecording_cut.wav,2.8,1.303840481,1.142866571,5
30156655_MinPolqaSfbRecording_cut.wav,1.6,0.547722558,0.48009999,5
27788534_MinPolqaSfbRecording_cut.wav,4.0,0.707106781,0.619806421,5
30406612_MinPolqaSfbRecording_cut.wav,3.4,0.547722558,0.48009999,5
30120252_MinPolqaSfbRecording_cut.wav,4.0,0.0,0.0,5
30502430_MinPolqaSfbRecording_cut.wav,3.0,0.707106781,0.619806421,5
30083600_MinPolqaSfbRecording_cut.wav,4.2,0.447213595,0.392,5
28832895_MinPolqaSfbRecording_cut.wav,4.8,0.447213595,0.392,5
30486287_MinPolqaSfbRecording_cut.wav,3.6,0.547722558,0.48009999,5
28501499_MinPolqaSfbRecording_cut.wav,4.2,0.447213595,0.392,5
30166883_MinPolqaSfbRecording_cut.wav,3.8,0.836660027,0.733364848,5
30487195_MinPolqaSfbRecording_cut.wav,4.0,0.0,0.0,3
28800384_MinPolqaSfbRecording_cut.wav,4.0,1.0,1.131606528,3
30087022_MinPolqaSfbRecording_cut.wav,2.0,1.0,1.131606528,3
28437873_MinPolqaSfbRecording_cut.wav,4.0,0.0,0.0,3
30452235_MinPolqaSfbRecording_cut.wav,3.333333333,0.577350269,0.653333333,3
30512648_MinPolqaSfbRecording_cut.wav,3.333333333,0.577350269,0.653333333,3
30142143_MinPolqaSfbRecording_cut.wav,3.0,1.0,1.131606528,3
30121074_MinPolqaSfbRecording_cut.wav,1.666666667,0.577350269,0.653333333,3
27567287_MinPolqaSfbRecording_cut.wav,3.333333333,0.577350269,0.653333333,3
30065367_MinPolqaSfbRecording_cut.wav,4.0,0.0,0.0,3
27923562_MinPolqaSfbRecording_cut.wav,3.75,0.5,0.49,4
30130035_MinPolqaSfbRecording_cut.wav,2.5,1.0,0.98,4
30428953_MinPolqaSfbRecording_cut.wav,2.5,0.577350269,0.565803264,4
30432264_MinPolqaSfbRecording_cut.wav,3.5,0.577350269,0.565803264,4
30522209_MinPolqaSfbRecording_cut.wav,1.75,0.5,0.49,4
30067755_MinPolqaSfbRecording_cut.wav,2.0,0.816496581,0.800166649,4
30099862_MinPolqaSfbRecording_cut.wav,1.75,0.5,0.49,4
30192932_MinPolqaSfbRecording_cut.wav,2.75,1.5,1.47,4
30101070_MinPolqaSfbRecording_cut.wav,3.25,1.258305739,1.233139624,4
30202088_MinPolqaSfbRecording_cut.wav,4.25,0.5,0.49,4
30462544_MinPolqaSfbRecording_cut.wav,3.0,1.414213562,1.385929291,4
30458499_MinPolqaSfbRecording_cut.wav,2.5,1.732050808,1.697409791,4
30192686_MinPolqaSfbRecording_cut.wav,4.0,0.816496581,0.800166649,4
30485076_MinPolqaSfbRecording_cut.wav,3.75,0.5,0.49,4
30157170_MinPolqaSfbRecording_cut.wav,2.5,1.732050808,1.697409791,4
30506915_MinPolqaSfbRecording_cut.wav,4.25,0.5,0.49,4
30123161_MinPolqaSfbRecording_cut.wav,2.8,1.095445115,0.960199979,5
30507431_MinPolqaSfbRecording_cut.wav,4.0,0.0,0.0,5
30431854_MinPolqaSfbRecording_cut.wav,3.6,0.547722558,0.48009999,5
30410603_MinPolqaSfbRecording_cut.wav,2.2,1.303840481,1.142866571,5
30491043_MinPolqaSfbRecording_cut.wav,3.4,0.547722558,0.48009999,5
30172379_MinPolqaSfbRecording_cut.wav,3.6,0.547722558,0.48009999,5
30126276_MinPolqaSfbRecording_cut.wav,2.4,0.894427191,0.784,5
28336787_MinPolqaSfbRecording_cut.wav,3.8,0.447213595,0.392,5
27674346_MinPolqaSfbRecording_cut.wav,3.6,0.547722558,0.48009999,5
28250734_MinPolqaSfbRecording_cut.wav,4.0,0.0,0.0,4
30144303_MinPolqaSfbRecording_cut.wav,3.5,0.577350269,0.565803264,4
30157856_MinPolqaSfbRecording_cut.wav,4.0,0.816496581,0.800166649,4
28356655_MinPolqaSfbRecording_cut.wav,4.25,0.5,0.49,4
29541770_MinPolqaSfbRecording_cut.wav,3.25,0.957427108,0.938278566,4
28853293_MinPolqaSfbRecording_cut.wav,4.0,0.816496581,0.800166649,4
30152555_MinPolqaSfbRecording_cut.wav,3.25,0.5,0.49,4
30432797_MinPolqaSfbRecording_cut.wav,3.5,1.290994449,1.26517456,4
30138313_MinPolqaSfbRecording_cut.wav,3.25,0.5,0.49,4
30097676_MinPolqaSfbRecording_cut.wav,2.75,0.957427108,0.938278566,4
30186031_MinPolqaSfbRecording_cut.wav,4.0,0.816496581,0.800166649,4
28559462_MinPolqaSfbRecording_cut.wav,4.5,0.577350269,0.565803264,4
29538774_MinPolqaSfbRecording_cut.wav,2.5,1.0,0.98,4
30128741_MinPolqaSfbRecording_cut.wav,2.5,1.732050808,1.697409791,4
30154647_MinPolqaSfbRecording_cut.wav,4.0,0.816496581,0.800166649,4
30427851_MinPolqaSfbRecording_cut.wav,3.5,1.0,0.98,4
30150585_MinPolqaSfbRecording_cut.wav,2.0,1.414213562,1.385929291,4
30480829_MinPolqaSfbRecording_cut.wav,3.0,1.414213562,1.385929291,4
27888663_MinPolqaSfbRecording_cut.wav,3.75,0.5,0.49,4
30150299_MinPolqaSfbRecording_cut.wav,4.5,0.577350269,0.565803264,4
30136160_MinPolqaSfbRecording_cut.wav,1.5,0.577350269,0.565803264,4
30145278_MinPolqaSfbRecording_cut.wav,4.0,0.816496581,0.800166649,4
30479409_MinPolqaSfbRecording_cut.wav,4.25,0.5,0.49,4
30182692_MinPolqaSfbRecording_cut.wav,3.0,0.0,0.0,4
30409702_MinPolqaSfbRecording_cut.wav,3.75,0.5,0.49,4
30133384_MinPolqaSfbRecording_cut.wav,4.0,0.0,0.0,4
30508949_MinPolqaSfbRecording_cut.wav,3.0,0.0,0.0,4
30264304_MinPolqaSfbRecording_cut.wav,3.25,0.957427108,0.938278566,4
28930391_MinPolqaSfbRecording_cut.wav,3.75,0.5,0.49,4
30436802_MinPolqaSfbRecording_cut.wav,2.0,0.816496581,0.800166649,4
30507088_MinPolqaSfbRecording_cut.wav,3.25,0.957427108,0.938278566,4
25664684_MinPolqaSfbRecording_cut.wav,3.5,0.577350269,0.565803264,4
30463348_MinPolqaSfbRecording_cut.wav,2.75,1.5,1.47,4
30200298_MinPolqaSfbRecording_cut.wav,1.75,0.5,0.49,4
30407927_MinPolqaSfbRecording_cut.wav,2.75,0.957427108,0.938278566,4
30450557_MinPolqaSfbRecording_cut.wav,2.75,0.957427108,0.938278566,4
30475009_MinPolqaSfbRecording_cut.wav,3.25,0.957427108,0.938278566,4
30469944_MinPolqaSfbRecording_cut.wav,2.75,1.258305739,1.233139624,4
28517035_MinPolqaSfbRecording_cut.wav,3.75,0.957427108,0.938278566,4
30124643_MinPolqaSfbRecording_cut.wav,2.75,1.258305739,1.233139624,4
30433621_MinPolqaSfbRecording_cut.wav,1.5,0.577350269,0.565803264,4
30253508_MinPolqaSfbRecording_cut.wav,2.5,0.577350269,0.565803264,4
30442056_MinPolqaSfbRecording_cut.wav,2.25,0.957427108,0.938278566,4
30404521_MinPolqaSfbRecording_cut.wav,3.25,1.707825128,1.673668625,4
30066752_MinPolqaSfbRecording_cut.wav,2.75,1.707825128,1.673668625,4
27941527_MinPolqaSfbRecording_cut.wav,3.75,0.957427108,0.938278566,4
27655425_MinPolqaSfbRecording_cut.wav,3.75,0.5,0.49,4
30500976_MinPolqaSfbRecording_cut.wav,3.0,0.0,0.0,4
30504648_MinPolqaSfbRecording_cut.wav,3.0,0.0,0.0,4
30264504_MinPolqaSfbRecording_cut.wav,2.75,0.5,0.49,4
27701639_MinPolqaSfbRecording_cut.wav,3.0,0.816496581,0.800166649,4
30260360_MinPolqaSfbRecording_cut.wav,1.75,0.5,0.49,4
28362204_MinPolqaSfbRecording_cut.wav,3.25,0.5,0.49,4
30065617_MinPolqaSfbRecording_cut.wav,3.0,1.0,0.876538647,5
28758135_MinPolqaSfbRecording_cut.wav,3.2,1.095445115,0.960199979,5
30128781_MinPolqaSfbRecording_cut.wav,2.8,0.836660027,0.733364848,5
30146014_MinPolqaSfbRecording_cut.wav,2.6,1.140175425,0.999407825,5
30491119_MinPolqaSfbRecording_cut.wav,3.0,1.0,0.876538647,5
30057789_MinPolqaSfbRecording_cut.wav,2.4,1.140175425,0.999407825,5
28216844_MinPolqaSfbRecording_cut.wav,4.0,1.0,0.876538647,5
30437786_MinPolqaSfbRecording_cut.wav,2.4,0.894427191,0.784,5
27622587_MinPolqaSfbRecording_cut.wav,3.8,0.836660027,0.733364848,5
30431610_MinPolqaSfbRecording_cut.wav,3.4,0.547722558,0.48009999,5
30156156_MinPolqaSfbRecording_cut.wav,2.25,1.258305739,1.233139624,4
30206569_MinPolqaSfbRecording_cut.wav,3.75,0.5,0.49,4
29530600_MinPolqaSfbRecording_cut.wav,3.25,1.258305739,1.233139624,4
30067757_MinPolqaSfbRecording_cut.wav,2.0,1.414213562,1.385929291,4
30207463_MinPolqaSfbRecording_cut.wav,3.0,1.414213562,1.385929291,4
30160703_MinPolqaSfbRecording_cut.wav,2.5,1.290994449,1.26517456,4
30129566_MinPolqaSfbRecording_cut.wav,2.25,1.258305739,1.233139624,4
30210411_MinPolqaSfbRecording_cut.wav,3.25,0.957427108,0.938278566,4
30172091_MinPolqaSfbRecording_cut.wav,2.75,1.258305739,1.233139624,4
30481245_MinPolqaSfbRecording_cut.wav,1.8,0.836660027,0.733364848,5
28872070_MinPolqaSfbRecording_cut.wav,4.8,0.447213595,0.392,5
30121119_MinPolqaSfbRecording_cut.wav,2.6,0.547722558,0.48009999,5
30415716_MinPolqaSfbRecording_cut.wav,2.0,0.0,0.0,5
30149782_MinPolqaSfbRecording_cut.wav,2.0,1.224744871,1.073536213,5
30189656_MinPolqaSfbRecording_cut.wav,1.4,0.547722558,0.48009999,5
30211998_MinPolqaSfbRecording_cut.wav,3.6,0.547722558,0.48009999,5
30156994_MinPolqaSfbRecording_cut.wav,3.6,0.894427191,0.784,5
30178148_MinPolqaSfbRecording_cut.wav,3.4,0.547722558,0.48009999,5
30151643_MinPolqaSfbRecording_cut.wav,3.4,1.140175425,0.999407825,5
30185990_MinPolqaSfbRecording_cut.wav,3.8,0.447213595,0.392,5
30425101_MinPolqaSfbRecording_cut.wav,3.6,0.547722558,0.48009999,5
27865851_MinPolqaSfbRecording_cut.wav,4.0,0.707106781,0.619806421,5
28298430_MinPolqaSfbRecording_cut.wav,4.2,0.836660027,0.733364848,5
28709662_MinPolqaSfbRecording_cut.wav,4.0,0.707106781,0.619806421,5
28954967_MinPolqaSfbRecording_cut.wav,4.0,0.0,0.0,5
30253506_MinPolqaSfbRecording_cut.wav,3.5,0.577350269,0.565803264,4
30247769_MinPolqaSfbRecording_cut.wav,2.25,0.957427108,0.938278566,4
27889164_MinPolqaSfbRecording_cut.wav,3.25,0.957427108,0.938278566,4
30113953_MinPolqaSfbRecording_cut.wav,4.25,0.5,0.49,4
30120892_MinPolqaSfbRecording_cut.wav,3.5,0.577350269,0.565803264,4
30513569_MinPolqaSfbRecording_cut.wav,1.75,0.957427108,0.938278566,4
30430119_MinPolqaSfbRecording_cut.wav,3.5,0.577350269,0.565803264,4
30145845_MinPolqaSfbRecording_cut.wav,2.5,0.577350269,0.565803264,4
30214165_MinPolqaSfbRecording_cut.wav,1.5,0.577350269,0.565803264,4
30085790_MinPolqaSfbRecording_cut.wav,2.75,0.957427108,0.938278566,4
30509132_MinPolqaSfbRecording_cut.wav,3.666666667,0.577350269,0.653333333,3
30124732_MinPolqaSfbRecording_cut.wav,2.333333333,1.154700538,1.306666667,3
30155658_MinPolqaSfbRecording_cut.wav,4.0,0.0,0.0,3
30143303_MinPolqaSfbRecording_cut.wav,1.666666667,0.577350269,0.653333333,3
30463167_MinPolqaSfbRecording_cut.wav,2.333333333,0.577350269,0.653333333,3
30457158_MinPolqaSfbRecording_cut.wav,2.666666667,0.577350269,0.653333333,3
30420524_MinPolqaSfbRecording_cut.wav,1.666666667,0.577350269,0.653333333,3
30490405_MinPolqaSfbRecording_cut.wav,1.333333333,0.577350269,0.653333333,3
30075738_MinPolqaSfbRecording_cut.wav,4.0,0.0,0.0,5
30452030_MinPolqaSfbRecording_cut.wav,3.0,0.707106781,0.619806421,5
30529869_MinPolqaSfbRecording_cut.wav,2.4,0.547722558,0.48009999,5
29532450_MinPolqaSfbRecording_cut.wav,3.8,0.447213595,0.392,5
30130868_MinPolqaSfbRecording_cut.wav,2.6,0.547722558,0.48009999,5
30255619_MinPolqaSfbRecording_cut.wav,2.8,0.836660027,0.733364848,5
30148562_MinPolqaSfbRecording_cut.wav,1.8,0.836660027,0.733364848,5
30468547_MinPolqaSfbRecording_cut.wav,2.0,0.707106781,0.619806421,5
30508981_MinPolqaSfbRecording_cut.wav,4.25,0.5,0.49,4
30181344_MinPolqaSfbRecording_cut.wav,4.5,0.577350269,0.565803264,4
30473352_MinPolqaSfbRecording_cut.wav,4.5,0.577350269,0.565803264,4
30067471_MinPolqaSfbRecording_cut.wav,1.25,0.5,0.49,4
30199477_MinPolqaSfbRecording_cut.wav,2.25,0.957427108,0.938278566,4
30422188_MinPolqaSfbRecording_cut.wav,4.25,0.5,0.49,4
30144495_MinPolqaSfbRecording_cut.wav,1.5,0.577350269,0.565803264,4
30488659_MinPolqaSfbRecording_cut.wav,4.5,1.0,0.98,4
30141969_MinPolqaSfbRecording_cut.wav,2.0,1.0,1.131606528,3
30129182_MinPolqaSfbRecording_cut.wav,3.666666667,1.527525232,1.728557523,3
27859814_MinPolqaSfbRecording_cut.wav,4.333333333,0.577350269,0.653333333,3
27736045_MinPolqaSfbRecording_cut.wav,4.666666667,0.577350269,0.653333333,3
30147118_MinPolqaSfbRecording_cut.wav,4.333333333,0.577350269,0.653333333,3
30061355_MinPolqaSfbRecording_cut.wav,5.0,0.0,0.0,3
30075111_MinPolqaSfbRecording_cut.wav,4.0,0.0,0.0,3
29556459_MinPolqaSfbRecording_cut.wav,3.0,1.0,1.131606528,3
30179905_MinPolqaSfbRecording_cut.wav,4.0,0.0,0.0,3
30400565_MinPolqaSfbRecording_cut.wav,3.0,0.0,0.0,4
30523880_MinPolqaSfbRecording_cut.wav,3.25,1.258305739,1.233139624,4
30436307_MinPolqaSfbRecording_cut.wav,3.5,1.0,0.98,4
28005308_MinPolqaSfbRecording_cut.wav,3.25,1.258305739,1.233139624,4
30425279_MinPolqaSfbRecording_cut.wav,2.25,1.892969449,1.85511006,4
30130193_MinPolqaSfbRecording_cut.wav,2.0,2.0,1.96,4
28026155_MinPolqaSfbRecording_cut.wav,3.75,0.5,0.49,4
30189539_MinPolqaSfbRecording_cut.wav,3.75,0.957427108,0.938278566,4
30122693_MinPolqaSfbRecording_cut.wav,3.0,1.414213562,1.385929291,4
28546096_MinPolqaSfbRecording_cut.wav,4.25,0.957427108,0.938278566,4
30080268_MinPolqaSfbRecording_cut.wav,3.2,0.447213595,0.392,5
28055436_MinPolqaSfbRecording_cut.wav,3.8,0.836660027,0.733364848,5
30523695_MinPolqaSfbRecording_cut.wav,3.0,1.224744871,1.073536213,5
30506742_MinPolqaSfbRecording_cut.wav,2.0,0.707106781,0.619806421,5
29057073_MinPolqaSfbRecording_cut.wav,4.0,0.0,0.0,5
27858591_MinPolqaSfbRecording_cut.wav,3.2,0.447213595,0.392,5
30155673_MinPolqaSfbRecording_cut.wav,2.4,0.894427191,0.784,5
28265973_MinPolqaSfbRecording_cut.wav,3.0,0.707106781,0.619806421,5
30128146_MinPolqaSfbRecording_cut.wav,2.2,0.836660027,0.733364848,5
30402002_MinPolqaSfbRecording_cut.wav,4.0,0.0,0.0,4
27714675_MinPolqaSfbRecording_cut.wav,3.0,0.816496581,0.800166649,4
30145683_MinPolqaSfbRecording_cut.wav,3.0,1.414213562,1.385929291,4
30117580_MinPolqaSfbRecording_cut.wav,2.0,0.816496581,0.800166649,4
29531821_MinPolqaSfbRecording_cut.wav,1.25,0.5,0.49,4
30109638_MinPolqaSfbRecording_cut.wav,3.333333333,0.577350269,0.653333333,3
30091861_MinPolqaSfbRecording_cut.wav,3.666666667,0.577350269,0.653333333,3
30193953_MinPolqaSfbRecording_cut.wav,1.333333333,0.577350269,0.653333333,3
30095858_MinPolqaSfbRecording_cut.wav,3.666666667,0.577350269,0.653333333,3
27659887_MinPolqaSfbRecording_cut.wav,4.333333333,0.577350269,0.653333333,3
27844216_MinPolqaSfbRecording_cut.wav,4.333333333,0.577350269,0.653333333,3
30451761_MinPolqaSfbRecording_cut.wav,3.333333333,0.577350269,0.653333333,3
30113058_MinPolqaSfbRecording_cut.wav,2.666666667,1.154700538,1.306666667,3
30067214_MinPolqaSfbRecording_cut.wav,3.666666667,1.527525232,1.728557523,3
30065326_MinPolqaSfbRecording_cut.wav,2.0,1.0,0.876538647,5
28650059_MinPolqaSfbRecording_cut.wav,4.2,0.836660027,0.733364848,5
28624591_MinPolqaSfbRecording_cut.wav,3.6,0.547722558,0.48009999,5
27783204_MinPolqaSfbRecording_cut.wav,3.4,0.547722558,0.48009999,5
29533456_MinPolqaSfbRecording_cut.wav,1.6,0.547722558,0.48009999,5
28885007_MinPolqaSfbRecording_cut.wav,3.6,0.547722558,0.48009999,5
30424957_MinPolqaSfbRecording_cut.wav,2.2,0.447213595,0.392,5
30504093_MinPolqaSfbRecording_cut.wav,2.4,0.547722558,0.48009999,5
30488006_MinPolqaSfbRecording_cut.wav,2.6,0.894427191,0.784,5
30484653_MinPolqaSfbRecording_cut.wav,4.2,0.836660027,0.733364848,5
30483513_MinPolqaSfbRecording_cut.wav,3.6,0.547722558,0.48009999,5
30488340_MinPolqaSfbRecording_cut.wav,1.0,0.0,0.0,5
30434204_MinPolqaSfbRecording_cut.wav,1.2,0.447213595,0.392,5
30173432_MinPolqaSfbRecording_cut.wav,1.4,0.547722558,0.48009999,5
30208841_MinPolqaSfbRecording_cut.wav,1.6,0.547722558,0.48009999,5
30061349_MinPolqaSfbRecording_cut.wav,3.8,0.447213595,0.392,5
30455405_MinPolqaSfbRecording_cut.wav,2.2,0.447213595,0.392,5
28364522_MinPolqaSfbRecording_cut.wav,4.0,0.707106781,0.619806421,5
28279897_MinPolqaSfbRecording_cut.wav,3.6,0.547722558,0.48009999,5
30413960_MinPolqaSfbRecording_cut.wav,1.2,0.447213595,0.392,5
30507451_MinPolqaSfbRecording_cut.wav,2.8,0.836660027,0.733364848,5
30414221_MinPolqaSfbRecording_cut.wav,1.4,0.547722558,0.48009999,5
30075476_MinPolqaSfbRecording_cut.wav,3.4,0.894427191,0.784,5
30112098_MinPolqaSfbRecording_cut.wav,2.4,0.547722558,0.48009999,5
30520544_MinPolqaSfbRecording_cut.wav,2.6,0.547722558,0.48009999,5
30488702_MinPolqaSfbRecording_cut.wav,3.8,0.447213595,0.392,5
30425507_MinPolqaSfbRecording_cut.wav,2.6,0.547722558,0.48009999,5
30121361_MinPolqaSfbRecording_cut.wav,2.25,0.5,0.49,4
30140808_MinPolqaSfbRecording_cut.wav,2.5,1.0,0.98,4
28219031_MinPolqaSfbRecording_cut.wav,4.0,0.816496581,0.800166649,4
30474315_MinPolqaSfbRecording_cut.wav,4.0,0.816496581,0.800166649,4
30148938_MinPolqaSfbRecording_cut.wav,3.0,0.816496581,0.800166649,4
30092280_MinPolqaSfbRecording_cut.wav,3.75,0.957427108,0.938278566,4
30489903_MinPolqaSfbRecording_cut.wav,2.5,0.577350269,0.565803264,4
30067756_MinPolqaSfbRecording_cut.wav,2.0,0.816496581,0.800166649,4
29024629_MinPolqaSfbRecording_cut.wav,3.25,0.5,0.49,4
30474027_MinPolqaSfbRecording_cut.wav,4.5,0.577350269,0.565803264,4
27625464_MinPolqaSfbRecording_cut.wav,4.25,0.5,0.49,4
29541594_MinPolqaSfbRecording_cut.wav,2.5,0.577350269,0.565803264,4
28189447_MinPolqaSfbRecording_cut.wav,4.5,0.577350269,0.565803264,4
30207785_MinPolqaSfbRecording_cut.wav,3.25,1.5,1.47,4
30123083_MinPolqaSfbRecording_cut.wav,2.75,0.5,0.49,4
30157561_MinPolqaSfbRecording_cut.wav,4.5,0.577350269,0.565803264,4
30129760_MinPolqaSfbRecording_cut.wav,2.0,0.816496581,0.800166649,4
30427454_MinPolqaSfbRecording_cut.wav,1.5,1.0,0.98,4
30163138_MinPolqaSfbRecording_cut.wav,3.0,0.816496581,0.800166649,4
30523313_MinPolqaSfbRecording_cut.wav,2.25,0.5,0.49,4
28255240_MinPolqaSfbRecording_cut.wav,4.25,0.957427108,0.938278566,4
28130620_MinPolqaSfbRecording_cut.wav,3.75,1.258305739,1.233139624,4
30137300_MinPolqaSfbRecording_cut.wav,3.25,0.5,0.49,4
30066750_MinPolqaSfbRecording_cut.wav,3.0,0.816496581,0.800166649,4
28692172_MinPolqaSfbRecording_cut.wav,4.0,1.154700538,1.131606528,4
30472744_MinPolqaSfbRecording_cut.wav,4.0,1.0,0.876538647,5
30124671_MinPolqaSfbRecording_cut.wav,2.8,1.095445115,0.960199979,5
30455786_MinPolqaSfbRecording_cut.wav,2.6,1.140175425,0.999407825,5
30493777_MinPolqaSfbRecording_cut.wav,3.4,0.547722558,0.48009999,5
30484654_MinPolqaSfbRecording_cut.wav,4.0,0.707106781,0.619806421,5
27890833_MinPolqaSfbRecording_cut.wav,4.4,0.547722558,0.48009999,5
30080706_MinPolqaSfbRecording_cut.wav,3.0,0.707106781,0.619806421,5
30249331_MinPolqaSfbRecording_cut.wav,1.4,0.547722558,0.48009999,5
30131885_MinPolqaSfbRecording_cut.wav,3.0,1.0,0.876538647,5
27814333_MinPolqaSfbRecording_cut.wav,4.2,0.447213595,0.392,5
30105935_MinPolqaSfbRecording_cut.wav,2.4,0.894427191,0.784,5
30127679_MinPolqaSfbRecording_cut.wav,2.0,1.0,0.876538647,5
28953033_MinPolqaSfbRecording_cut.wav,3.2,0.836660027,0.733364848,5
30523132_MinPolqaSfbRecording_cut.wav,3.2,0.447213595,0.392,5
27879650_MinPolqaSfbRecording_cut.wav,3.2,0.836660027,0.733364848,5
28792160_MinPolqaSfbRecording_cut.wav,3.0,1.0,0.876538647,5
30264481_MinPolqaSfbRecording_cut.wav,3.2,1.095445115,0.960199979,5
30474952_MinPolqaSfbRecording_cut.wav,2.0,0.707106781,0.619806421,5
27925893_MinPolqaSfbRecording_cut.wav,3.8,0.836660027,0.733364848,5
30105425_MinPolqaSfbRecording_cut.wav,3.0,0.707106781,0.619806421,5
30471061_MinPolqaSfbRecording_cut.wav,2.8,0.447213595,0.392,5
28852907_MinPolqaSfbRecording_cut.wav,4.6,0.547722558,0.48009999,5
30461711_MinPolqaSfbRecording_cut.wav,1.2,0.447213595,0.392,5
28315169_MinPolqaSfbRecording_cut.wav,3.4,0.894427191,0.784,5
30201368_MinPolqaSfbRecording_cut.wav,2.8,0.447213595,0.392,5
29537786_MinPolqaSfbRecording_cut.wav,2.6,0.894427191,0.784,5
30060380_MinPolqaSfbRecording_cut.wav,3.8,0.836660027,0.733364848,5
27978025_MinPolqaSfbRecording_cut.wav,4.2,0.836660027,0.733364848,5
30260885_MinPolqaSfbRecording_cut.wav,2.2,1.095445115,0.960199979,5
30501297_MinPolqaSfbRecording_cut.wav,3.2,1.095445115,0.960199979,5
30091716_MinPolqaSfbRecording_cut.wav,2.4,0.547722558,0.48009999,5
30156327_MinPolqaSfbRecording_cut.wav,2.8,1.303840481,1.142866571,5
27770926_MinPolqaSfbRecording_cut.wav,4.0,0.707106781,0.619806421,5
30505709_MinPolqaSfbRecording_cut.wav,3.6,0.894427191,0.784,5
27718751_MinPolqaSfbRecording_cut.wav,3.6,1.140175425,0.999407825,5
30178784_MinPolqaSfbRecording_cut.wav,2.75,0.5,0.49,4
30068872_MinPolqaSfbRecording_cut.wav,2.25,0.5,0.49,4
30183824_MinPolqaSfbRecording_cut.wav,2.25,0.5,0.49,4
30475478_MinPolqaSfbRecording_cut.wav,1.75,0.5,0.49,4
30097953_MinPolqaSfbRecording_cut.wav,1.5,0.577350269,0.565803264,4
30413237_MinPolqaSfbRecording_cut.wav,1.5,0.577350269,0.565803264,4
30137457_MinPolqaSfbRecording_cut.wav,3.0,0.0,0.0,4
30496512_MinPolqaSfbRecording_cut.wav,3.75,0.5,0.49,4
30100662_MinPolqaSfbRecording_cut.wav,2.0,0.0,0.0,4
29062805_MinPolqaSfbRecording_cut.wav,5.0,,,1
30183563_MinPolqaSfbRecording_cut.wav,5.0,,,1
30515272_MinPolqaSfbRecording_cut.wav,5.0,,,1
30455749_MinPolqaSfbRecording_cut.wav,5.0,,,1
30158137_MinPolqaSfbRecording_cut.wav,4.0,,,1
30458000_MinPolqaSfbRecording_cut.wav,5.0,,,1
30444125_MinPolqaSfbRecording_cut.wav,5.0,,,1
30068826_MinPolqaSfbRecording_cut.wav,5.0,,,1
30409790_MinPolqaSfbRecording_cut.wav,5.0,,,1
29540331_MinPolqaSfbRecording_cut.wav,2.75,0.5,0.49,4
30065402_MinPolqaSfbRecording_cut.wav,3.25,0.5,0.49,4
28678598_MinPolqaSfbRecording_cut.wav,3.25,0.5,0.49,4
30526664_MinPolqaSfbRecording_cut.wav,3.5,0.577350269,0.565803264,4
30201999_MinPolqaSfbRecording_cut.wav,2.75,0.5,0.49,4
30488190_MinPolqaSfbRecording_cut.wav,2.75,1.258305739,1.233139624,4
30073368_MinPolqaSfbRecording_cut.wav,3.5,0.577350269,0.565803264,4
30467049_MinPolqaSfbRecording_cut.wav,2.6,0.547722558,0.48009999,5
29539300_MinPolqaSfbRecording_cut.wav,3.4,0.894427191,0.784,5
29530761_MinPolqaSfbRecording_cut.wav,3.2,0.836660027,0.733364848,5
30119764_MinPolqaSfbRecording_cut.wav,3.0,0.707106781,0.619806421,5
30164106_MinPolqaSfbRecording_cut.wav,1.8,0.836660027,0.733364848,5
30485387_MinPolqaSfbRecording_cut.wav,2.4,0.894427191,0.784,5
30163191_MinPolqaSfbRecording_cut.wav,1.6,0.547722558,0.48009999,5
30425449_MinPolqaSfbRecording_cut.wav,3.0,0.0,0.0,2
30155677_MinPolqaSfbRecording_cut.wav,2.5,0.707106781,0.98,2
30143828_MinPolqaSfbRecording_cut.wav,1.5,0.707106781,0.98,2
30135752_MinPolqaSfbRecording_cut.wav,3.5,0.707106781,0.98,2
30455192_MinPolqaSfbRecording_cut.wav,1.5,0.707106781,0.98,2
30429440_MinPolqaSfbRecording_cut.wav,3.5,0.707106781,0.98,2
28526085_MinPolqaSfbRecording_cut.wav,4.0,0.0,0.0,2
28499608_MinPolqaSfbRecording_cut.wav,4.0,1.414213562,1.96,2
30149873_MinPolqaSfbRecording_cut.wav,3.75,0.957427108,0.938278566,4
30264057_MinPolqaSfbRecording_cut.wav,4.0,0.816496581,0.800166649,4
30059226_MinPolqaSfbRecording_cut.wav,4.0,0.816496581,0.800166649,4
28942584_MinPolqaSfbRecording_cut.wav,5.0,0.0,0.0,4
30490167_MinPolqaSfbRecording_cut.wav,1.25,0.5,0.49,4
30501378_MinPolqaSfbRecording_cut.wav,3.0,1.154700538,1.131606528,4
30193900_MinPolqaSfbRecording_cut.wav,3.75,0.5,0.49,4
30099655_MinPolqaSfbRecording_cut.wav,2.5,1.0,0.98,4
30141704_MinPolqaSfbRecording_cut.wav,3.25,0.5,0.49,4
30109570_MinPolqaSfbRecording_cut.wav,2.75,0.957427108,0.938278566,4
28101286_MinPolqaSfbRecording_cut.wav,4.0,0.816496581,0.800166649,4
30143161_MinPolqaSfbRecording_cut.wav,1.75,0.957427108,0.938278566,4
30509068_MinPolqaSfbRecording_cut.wav,1.0,0.0,0.0,4
30506995_MinPolqaSfbRecording_cut.wav,2.5,1.0,0.98,4
30200555_MinPolqaSfbRecording_cut.wav,2.5,0.577350269,0.565803264,4
30431074_MinPolqaSfbRecording_cut.wav,2.0,0.816496581,0.800166649,4
30160161_MinPolqaSfbRecording_cut.wav,3.5,0.707106781,0.98,2
30068060_MinPolqaSfbRecording_cut.wav,4.0,0.0,0.0,2
30130322_MinPolqaSfbRecording_cut.wav,3.5,0.707106781,0.98,2
27962345_MinPolqaSfbRecording_cut.wav,4.0,0.0,0.0,2
27741134_MinPolqaSfbRecording_cut.wav,3.0,1.414213562,1.96,2
28232350_MinPolqaSfbRecording_cut.wav,3.5,0.707106781,0.98,2
30071294_MinPolqaSfbRecording_cut.wav,4.0,0.0,0.0,2
30144314_MinPolqaSfbRecording_cut.wav,4.0,0.0,0.0,2
30082933_MinPolqaSfbRecording_cut.wav,2.0,0.0,0.0,2
27926733_MinPolqaSfbRecording_cut.wav,4.75,0.5,0.49,4
30258603_MinPolqaSfbRecording_cut.wav,2.5,0.577350269,0.565803264,4
30104608_MinPolqaSfbRecording_cut.wav,3.25,0.5,0.49,4
30147471_MinPolqaSfbRecording_cut.wav,3.25,0.5,0.49,4
30514869_MinPolqaSfbRecording_cut.wav,3.75,0.5,0.49,4
30480605_MinPolqaSfbRecording_cut.wav,2.25,1.258305739,1.233139624,4
30261782_MinPolqaSfbRecording_cut.wav,1.25,0.5,0.49,4
28139025_MinPolqaSfbRecording_cut.wav,4.25,0.5,0.49,4
30123498_MinPolqaSfbRecording_cut.wav,2.5,0.577350269,0.565803264,4
30206558_MinPolqaSfbRecording_cut.wav,5.0,0.0,0.0,4
30439777_MinPolqaSfbRecording_cut.wav,3.25,0.5,0.49,4
30470003_MinPolqaSfbRecording_cut.wav,4.0,0.0,0.0,4
30128908_MinPolqaSfbRecording_cut.wav,1.75,1.5,1.47,4
28843970_MinPolqaSfbRecording_cut.wav,4.5,1.0,0.98,4
30067265_MinPolqaSfbRecording_cut.wav,4.75,0.5,0.49,4
30151554_MinPolqaSfbRecording_cut.wav,2.75,0.957427108,0.938278566,4
30483326_MinPolqaSfbRecording_cut.wav,2.0,2.0,1.96,4
28700467_MinPolqaSfbRecording_cut.wav,3.5,1.0,0.98,4
30156026_MinPolqaSfbRecording_cut.wav,1.25,0.5,0.49,4
30097852_MinPolqaSfbRecording_cut.wav,2.75,0.5,0.49,4
30189999_MinPolqaSfbRecording_cut.wav,2.75,0.957427108,0.938278566,4
30205946_MinPolqaSfbRecording_cut.wav,3.25,1.5,1.47,4
30126909_MinPolqaSfbRecording_cut.wav,3.0,0.816496581,0.800166649,4
27676511_MinPolqaSfbRecording_cut.wav,3.5,0.577350269,0.565803264,4
30082653_MinPolqaSfbRecording_cut.wav,1.5,0.577350269,0.565803264,4
30513483_MinPolqaSfbRecording_cut.wav,1.25,0.5,0.49,4
28020751_MinPolqaSfbRecording_cut.wav,4.0,1.0,0.876538647,5
30469380_MinPolqaSfbRecording_cut.wav,3.8,0.836660027,0.733364848,5
30192780_MinPolqaSfbRecording_cut.wav,3.8,0.447213595,0.392,5
29049383_MinPolqaSfbRecording_cut.wav,3.8,0.836660027,0.733364848,5
30467923_MinPolqaSfbRecording_cut.wav,2.6,0.547722558,0.48009999,5
30147827_MinPolqaSfbRecording_cut.wav,2.8,1.095445115,0.960199979,5
28992058_MinPolqaSfbRecording_cut.wav,4.0,0.707106781,0.619806421,5
30477564_MinPolqaSfbRecording_cut.wav,3.4,0.894427191,0.784,5
30097490_MinPolqaSfbRecording_cut.wav,3.6,0.894427191,0.784,5
28140220_MinPolqaSfbRecording_cut.wav,4.0,0.707106781,0.619806421,5
30521651_MinPolqaSfbRecording_cut.wav,4.0,0.707106781,0.619806421,5
30211596_MinPolqaSfbRecording_cut.wav,2.6,0.894427191,0.784,5
30069679_MinPolqaSfbRecording_cut.wav,1.8,0.836660027,0.733364848,5
30256864_MinPolqaSfbRecording_cut.wav,1.6,0.894427191,0.784,5
30128685_MinPolqaSfbRecording_cut.wav,4.2,0.447213595,0.392,5
30086633_MinPolqaSfbRecording_cut.wav,2.4,1.140175425,0.999407825,5
30513165_MinPolqaSfbRecording_cut.wav,3.8,0.447213595,0.392,5
28181052_MinPolqaSfbRecording_cut.wav,3.0,0.707106781,0.619806421,5
30507479_MinPolqaSfbRecording_cut.wav,4.2,0.447213595,0.392,5
30442030_MinPolqaSfbRecording_cut.wav,2.8,0.447213595,0.392,5
28051501_MinPolqaSfbRecording_cut.wav,4.2,0.447213595,0.392,5
27753104_MinPolqaSfbRecording_cut.wav,4.2,0.836660027,0.733364848,5
30062427_MinPolqaSfbRecording_cut.wav,3.6,0.547722558,0.48009999,5
30214280_MinPolqaSfbRecording_cut.wav,1.6,0.547722558,0.48009999,5
30482447_MinPolqaSfbRecording_cut.wav,2.2,0.447213595,0.392,5
30095362_MinPolqaSfbRecording_cut.wav,3.8,0.447213595,0.392,5
30481813_MinPolqaSfbRecording_cut.wav,2.8,0.836660027,0.733364848,5
30458582_MinPolqaSfbRecording_cut.wav,3.8,0.836660027,0.733364848,5
30095929_MinPolqaSfbRecording_cut.wav,4.0,1.0,1.131606528,3
30467880_MinPolqaSfbRecording_cut.wav,3.0,0.0,0.0,3
30079020_MinPolqaSfbRecording_cut.wav,4.333333333,0.577350269,0.653333333,3
29543770_MinPolqaSfbRecording_cut.wav,2.666666667,0.577350269,0.653333333,3
30117519_MinPolqaSfbRecording_cut.wav,4.333333333,0.577350269,0.653333333,3
30080909_MinPolqaSfbRecording_cut.wav,3.0,1.0,1.131606528,3
28547302_MinPolqaSfbRecording_cut.wav,3.666666667,0.577350269,0.653333333,3
28686746_MinPolqaSfbRecording_cut.wav,3.333333333,1.154700538,1.306666667,3
29540207_MinPolqaSfbRecording_cut.wav,1.5,1.0,0.98,4
30110145_MinPolqaSfbRecording_cut.wav,2.75,0.957427108,0.938278566,4
30457329_MinPolqaSfbRecording_cut.wav,2.75,0.957427108,0.938278566,4
30523272_MinPolqaSfbRecording_cut.wav,2.75,0.957427108,0.938278566,4
30124502_MinPolqaSfbRecording_cut.wav,3.75,0.957427108,0.938278566,4
30437788_MinPolqaSfbRecording_cut.wav,2.5,1.0,0.98,4
30067680_MinPolqaSfbRecording_cut.wav,3.0,1.414213562,1.385929291,4
30481811_MinPolqaSfbRecording_cut.wav,3.5,1.290994449,1.26517456,4
30404850_MinPolqaSfbRecording_cut.wav,3.0,1.414213562,1.385929291,4
28882674_MinPolqaSfbRecording_cut.wav,3.25,0.5,0.49,4
30180947_MinPolqaSfbRecording_cut.wav,3.0,0.816496581,0.800166649,4
30156604_MinPolqaSfbRecording_cut.wav,4.0,0.816496581,0.800166649,4
30137069_MinPolqaSfbRecording_cut.wav,4.0,0.816496581,0.800166649,4
27709812_MinPolqaSfbRecording_cut.wav,4.0,0.816496581,0.800166649,4
28698302_MinPolqaSfbRecording_cut.wav,4.75,0.5,0.49,4
29536023_MinPolqaSfbRecording_cut.wav,1.75,0.957427108,0.938278566,4
28163344_MinPolqaSfbRecording_cut.wav,4.5,1.0,0.98,4
30449817_MinPolqaSfbRecording_cut.wav,4.25,0.957427108,0.938278566,4
30119329_MinPolqaSfbRecording_cut.wav,4.25,0.5,0.49,4
28014755_MinPolqaSfbRecording_cut.wav,3.75,0.5,0.49,4
28935772_MinPolqaSfbRecording_cut.wav,4.666666667,0.577350269,0.653333333,3
30154281_MinPolqaSfbRecording_cut.wav,1.666666667,0.577350269,0.653333333,3
30467211_MinPolqaSfbRecording_cut.wav,3.0,0.0,0.0,3
30185967_MinPolqaSfbRecording_cut.wav,1.333333333,0.577350269,0.653333333,3
30071858_MinPolqaSfbRecording_cut.wav,2.666666667,0.577350269,0.653333333,3
30254272_MinPolqaSfbRecording_cut.wav,1.0,0.0,0.0,3
30089653_MinPolqaSfbRecording_cut.wav,1.666666667,0.577350269,0.653333333,3
28254588_MinPolqaSfbRecording_cut.wav,3.333333333,0.577350269,0.653333333,3
30475166_MinPolqaSfbRecording_cut.wav,1.666666667,1.154700538,1.306666667,3
30505144_MinPolqaSfbRecording_cut.wav,3.75,0.5,0.49,4
30213116_MinPolqaSfbRecording_cut.wav,3.25,0.5,0.49,4
30492403_MinPolqaSfbRecording_cut.wav,3.0,0.816496581,0.800166649,4
28862535_MinPolqaSfbRecording_cut.wav,4.0,0.0,0.0,4
28938758_MinPolqaSfbRecording_cut.wav,3.5,0.577350269,0.565803264,4
30250256_MinPolqaSfbRecording_cut.wav,3.0,0.816496581,0.800166649,4
28281523_MinPolqaSfbRecording_cut.wav,4.25,0.5,0.49,4
27965812_MinPolqaSfbRecording_cut.wav,4.75,0.5,0.49,4
30151099_MinPolqaSfbRecording_cut.wav,3.5,0.577350269,0.565803264,4
30113588_MinPolqaSfbRecording_cut.wav,1.5,0.577350269,0.565803264,4
30427549_MinPolqaSfbRecording_cut.wav,2.0,0.816496581,0.800166649,4
30409421_MinPolqaSfbRecording_cut.wav,2.25,0.957427108,0.938278566,4
30500914_MinPolqaSfbRecording_cut.wav,3.5,0.577350269,0.565803264,4
30472709_MinPolqaSfbRecording_cut.wav,3.6,1.140175425,0.999407825,5
30155189_MinPolqaSfbRecording_cut.wav,2.6,0.547722558,0.48009999,5
30210227_MinPolqaSfbRecording_cut.wav,3.2,0.447213595,0.392,5
30201463_MinPolqaSfbRecording_cut.wav,3.6,1.341640786,1.176,5
27737333_MinPolqaSfbRecording_cut.wav,4.4,0.547722558,0.48009999,5
30214338_MinPolqaSfbRecording_cut.wav,3.8,0.447213595,0.392,5
30523261_MinPolqaSfbRecording_cut.wav,2.2,0.447213595,0.392,5
30511935_MinPolqaSfbRecording_cut.wav,2.0,1.732050808,1.518209472,5
30148885_MinPolqaSfbRecording_cut.wav,2.8,0.836660027,0.733364848,5
30138579_MinPolqaSfbRecording_cut.wav,3.8,0.836660027,0.733364848,5
30154669_MinPolqaSfbRecording_cut.wav,2.6,1.341640786,1.176,5
30143796_MinPolqaSfbRecording_cut.wav,2.6,0.894427191,0.784,5
30184453_MinPolqaSfbRecording_cut.wav,3.8,0.836660027,0.733364848,5
30153839_MinPolqaSfbRecording_cut.wav,4.0,0.707106781,0.619806421,5
27859203_MinPolqaSfbRecording_cut.wav,4.2,0.836660027,0.733364848,5
30406069_MinPolqaSfbRecording_cut.wav,1.6,0.894427191,0.784,5
29539811_MinPolqaSfbRecording_cut.wav,3.0,1.58113883,1.385929291,5
30105112_MinPolqaSfbRecording_cut.wav,1.8,0.836660027,0.733364848,5
30430681_MinPolqaSfbRecording_cut.wav,2.0,1.732050808,1.518209472,5
30099860_MinPolqaSfbRecording_cut.wav,1.6,0.894427191,0.784,5
28303825_MinPolqaSfbRecording_cut.wav,3.6,0.894427191,0.784,5
30107376_MinPolqaSfbRecording_cut.wav,1.333333333,0.577350269,0.653333333,3
28882733_MinPolqaSfbRecording_cut.wav,4.333333333,0.577350269,0.653333333,3
30178728_MinPolqaSfbRecording_cut.wav,3.333333333,0.577350269,0.653333333,3
27963965_MinPolqaSfbRecording_cut.wav,3.333333333,0.577350269,0.653333333,3
29534973_MinPolqaSfbRecording_cut.wav,2.0,1.0,1.131606528,3
30455655_MinPolqaSfbRecording_cut.wav,1.333333333,0.577350269,0.653333333,3
30177329_MinPolqaSfbRecording_cut.wav,3.666666667,0.577350269,0.653333333,3
30166024_MinPolqaSfbRecording_cut.wav,2.0,0.0,0.0,3
30179294_MinPolqaSfbRecording_cut.wav,3.333333333,0.577350269,0.653333333,3
28823198_MinPolqaSfbRecording_cut.wav,3.5,1.290994449,1.26517456,4
30156835_MinPolqaSfbRecording_cut.wav,4.5,0.577350269,0.565803264,4
30258024_MinPolqaSfbRecording_cut.wav,3.5,1.914854216,1.876557131,4
30259444_MinPolqaSfbRecording_cut.wav,3.25,1.5,1.47,4
27588559_MinPolqaSfbRecording_cut.wav,4.5,0.577350269,0.565803264,4
30519875_MinPolqaSfbRecording_cut.wav,3.25,1.707825128,1.673668625,4
30171322_MinPolqaSfbRecording_cut.wav,4.25,0.5,0.49,4
27847020_MinPolqaSfbRecording_cut.wav,4.25,0.5,0.49,4
27940968_MinPolqaSfbRecording_cut.wav,3.75,0.5,0.49,4
30206625_MinPolqaSfbRecording_cut.wav,3.5,0.577350269,0.565803264,4
30165951_MinPolqaSfbRecording_cut.wav,3.0,0.0,0.0,4
30506293_MinPolqaSfbRecording_cut.wav,2.25,0.5,0.49,4
29538354_MinPolqaSfbRecording_cut.wav,3.25,0.957427108,0.938278566,4
30437229_MinPolqaSfbRecording_cut.wav,2.75,0.5,0.49,4
27648161_MinPolqaSfbRecording_cut.wav,3.0,0.0,0.0,3
30477818_MinPolqaSfbRecording_cut.wav,3.666666667,0.577350269,0.653333333,3
30162751_MinPolqaSfbRecording_cut.wav,1.0,0.0,0.0,3
30257979_MinPolqaSfbRecording_cut.wav,1.0,0.0,0.0,3
30092656_MinPolqaSfbRecording_cut.wav,1.666666667,0.577350269,0.653333333,3
30415800_MinPolqaSfbRecording_cut.wav,3.0,0.0,0.0,3
30151379_MinPolqaSfbRecording_cut.wav,3.0,0.707106781,0.619806421,5
30206167_MinPolqaSfbRecording_cut.wav,2.8,0.447213595,0.392,5
30516306_MinPolqaSfbRecording_cut.wav,2.4,0.547722558,0.48009999,5
27866028_MinPolqaSfbRecording_cut.wav,3.8,0.447213595,0.392,5
27887919_MinPolqaSfbRecording_cut.wav,3.4,0.547722558,0.48009999,5
30099549_MinPolqaSfbRecording_cut.wav,2.8,1.095445115,0.960199979,5
30076681_MinPolqaSfbRecording_cut.wav,3.0,0.707106781,0.619806421,5
28261474_MinPolqaSfbRecording_cut.wav,3.6,0.547722558,0.48009999,5
30059203_MinPolqaSfbRecording_cut.wav,3.4,0.547722558,0.48009999,5
30212535_MinPolqaSfbRecording_cut.wav,3.2,0.836660027,0.733364848,5
30161985_MinPolqaSfbRecording_cut.wav,3.666666667,0.577350269,0.653333333,3
30488044_MinPolqaSfbRecording_cut.wav,4.0,1.0,1.131606528,3
30081790_MinPolqaSfbRecording_cut.wav,2.333333333,1.154700538,1.306666667,3
30147567_MinPolqaSfbRecording_cut.wav,4.0,1.0,1.131606528,3
28224482_MinPolqaSfbRecording_cut.wav,4.333333333,1.154700538,1.306666667,3
28006422_MinPolqaSfbRecording_cut.wav,4.666666667,0.577350269,0.653333333,3
30263561_MinPolqaSfbRecording_cut.wav,2.333333333,1.527525232,1.728557523,3
30450136_MinPolqaSfbRecording_cut.wav,3.333333333,1.154700538,1.306666667,3
29043442_MinPolqaSfbRecording_cut.wav,4.2,0.836660027,0.733364848,5
30251237_MinPolqaSfbRecording_cut.wav,3.0,0.707106781,0.619806421,5
29544974_MinPolqaSfbRecording_cut.wav,3.2,1.095445115,0.960199979,5
30165836_MinPolqaSfbRecording_cut.wav,2.4,1.140175425,0.999407825,5
30127498_MinPolqaSfbRecording_cut.wav,2.2,1.095445115,0.960199979,5
29038172_MinPolqaSfbRecording_cut.wav,4.0,0.707106781,0.619806421,5
30068459_MinPolqaSfbRecording_cut.wav,2.2,1.095445115,0.960199979,5
30426842_MinPolqaSfbRecording_cut.wav,4.0,0.707106781,0.619806421,5
30149037_MinPolqaSfbRecording_cut.wav,2.0,0.707106781,0.619806421,5
30133955_MinPolqaSfbRecording_cut.wav,3.5,0.577350269,0.565803264,4
27721076_MinPolqaSfbRecording_cut.wav,2.75,0.957427108,0.938278566,4
30451200_MinPolqaSfbRecording_cut.wav,2.25,1.892969449,1.85511006,4
30504558_MinPolqaSfbRecording_cut.wav,2.0,1.414213562,1.385929291,4
30199820_MinPolqaSfbRecording_cut.wav,2.25,1.5,1.47,4
30506298_MinPolqaSfbRecording_cut.wav,3.5,0.577350269,0.565803264,4
30102100_MinPolqaSfbRecording_cut.wav,2.5,1.732050808,1.697409791,4
30206041_MinPolqaSfbRecording_cut.wav,4.0,0.0,0.0,4
30211599_MinPolqaSfbRecording_cut.wav,3.0,1.414213562,1.385929291,4
30493073_MinPolqaSfbRecording_cut.wav,3.5,1.0,0.98,4
28974234_MinPolqaSfbRecording_cut.wav,4.25,0.5,0.49,4
30430305_MinPolqaSfbRecording_cut.wav,3.5,1.290994449,1.26517456,4
29539789_MinPolqaSfbRecording_cut.wav,4.0,0.0,0.0,4
30173028_MinPolqaSfbRecording_cut.wav,4.25,0.5,0.49,4
30178548_MinPolqaSfbRecording_cut.wav,4.25,0.5,0.49,4
30489756_MinPolqaSfbRecording_cut.wav,2.75,0.5,0.49,4
29028167_MinPolqaSfbRecording_cut.wav,3.0,0.0,0.0,3
27677882_MinPolqaSfbRecording_cut.wav,2.666666667,0.577350269,0.653333333,3
30432990_MinPolqaSfbRecording_cut.wav,2.0,0.0,0.0,3
30421305_MinPolqaSfbRecording_cut.wav,3.0,1.0,1.131606528,3
27914585_MinPolqaSfbRecording_cut.wav,3.0,0.0,0.0,3
30151123_MinPolqaSfbRecording_cut.wav,3.0,0.0,0.0,3
30438315_MinPolqaSfbRecording_cut.wav,1.666666667,0.577350269,0.653333333,3
30177859_MinPolqaSfbRecording_cut.wav,4.333333333,0.577350269,0.653333333,3
30070527_MinPolqaSfbRecording_cut.wav,2.333333333,0.577350269,0.653333333,3
30137902_MinPolqaSfbRecording_cut.wav,2.0,1.414213562,1.96,2
30432165_MinPolqaSfbRecording_cut.wav,2.5,0.707106781,0.98,2
30127493_MinPolqaSfbRecording_cut.wav,3.5,2.121320344,2.94,2
30162121_MinPolqaSfbRecording_cut.wav,3.5,0.707106781,0.98,2
30150671_MinPolqaSfbRecording_cut.wav,3.0,0.0,0.0,2
28617821_MinPolqaSfbRecording_cut.wav,3.0,1.414213562,1.96,2
30133102_MinPolqaSfbRecording_cut.wav,2.0,1.414213562,1.96,2
30156585_MinPolqaSfbRecording_cut.wav,3.5,2.121320344,2.94,2
30096556_MinPolqaSfbRecording_cut.wav,1.4,0.547722558,0.48009999,5
28194422_MinPolqaSfbRecording_cut.wav,4.0,0.707106781,0.619806421,5
29025474_MinPolqaSfbRecording_cut.wav,4.0,0.707106781,0.619806421,5
30212031_MinPolqaSfbRecording_cut.wav,2.6,1.140175425,0.999407825,5
29533932_MinPolqaSfbRecording_cut.wav,3.0,0.707106781,0.619806421,5
28969713_MinPolqaSfbRecording_cut.wav,3.6,0.547722558,0.48009999,5
30522730_MinPolqaSfbRecording_cut.wav,2.8,1.095445115,0.960199979,5
28236923_MinPolqaSfbRecording_cut.wav,4.4,0.547722558,0.48009999,5
30410927_MinPolqaSfbRecording_cut.wav,3.0,,,1
28855515_MinPolqaSfbRecording_cut.wav,3.0,,,1
30176874_MinPolqaSfbRecording_cut.wav,3.0,,,1
30182709_MinPolqaSfbRecording_cut.wav,3.0,,,1
30480316_MinPolqaSfbRecording_cut.wav,4.0,,,1
27562172_MinPolqaSfbRecording_cut.wav,3.0,,,1
30091050_MinPolqaSfbRecording_cut.wav,2.0,,,1
30522169_MinPolqaSfbRecording_cut.wav,3.0,,,1
30162028_MinPolqaSfbRecording_cut.wav,3.75,0.957427108,0.938278566,4
30084002_MinPolqaSfbRecording_cut.wav,4.0,0.0,0.0,4
28602959_MinPolqaSfbRecording_cut.wav,2.5,0.577350269,0.565803264,4
30099658_MinPolqaSfbRecording_cut.wav,3.5,1.0,0.98,4
30186037_MinPolqaSfbRecording_cut.wav,4.0,0.816496581,0.800166649,4
30505893_MinPolqaSfbRecording_cut.wav,2.25,0.5,0.49,4
30138522_MinPolqaSfbRecording_cut.wav,4.0,0.816496581,0.800166649,4
30530246_MinPolqaSfbRecording_cut.wav,3.0,0.816496581,0.800166649,4
30151097_MinPolqaSfbRecording_cut.wav,3.5,1.0,0.98,4
27916695_MinPolqaSfbRecording_cut.wav,4.0,0.707106781,0.619806421,5
30416819_MinPolqaSfbRecording_cut.wav,2.0,1.732050808,1.518209472,5
30060775_MinPolqaSfbRecording_cut.wav,3.4,1.140175425,0.999407825,5
30475212_MinPolqaSfbRecording_cut.wav,2.4,0.894427191,0.784,5
29532184_MinPolqaSfbRecording_cut.wav,3.8,0.447213595,0.392,5
30207642_MinPolqaSfbRecording_cut.wav,1.8,1.303840481,1.142866571,5
30106302_MinPolqaSfbRecording_cut.wav,3.6,0.894427191,0.784,5
30127984_MinPolqaSfbRecording_cut.wav,2.2,1.303840481,1.142866571,5
30183631_MinPolqaSfbRecording_cut.wav,3.6,0.894427191,0.784,5
30416433_MinPolqaSfbRecording_cut.wav,2.0,0.0,0.0,3
30177840_MinPolqaSfbRecording_cut.wav,2.0,0.0,0.0,3
30100155_MinPolqaSfbRecording_cut.wav,3.333333333,0.577350269,0.653333333,3
30403425_MinPolqaSfbRecording_cut.wav,2.666666667,0.577350269,0.653333333,3
30256801_MinPolqaSfbRecording_cut.wav,4.333333333,0.577350269,0.653333333,3
30106986_MinPolqaSfbRecording_cut.wav,2.0,1.0,1.131606528,3
27905901_MinPolqaSfbRecording_cut.wav,4.2,0.447213595,0.392,5
30522715_MinPolqaSfbRecording_cut.wav,3.4,1.140175425,0.999407825,5
30461869_MinPolqaSfbRecording_cut.wav,2.6,1.140175425,0.999407825,5
30432112_MinPolqaSfbRecording_cut.wav,3.0,1.414213562,1.239612843,5
28824568_MinPolqaSfbRecording_cut.wav,3.6,0.894427191,0.784,5
30091388_MinPolqaSfbRecording_cut.wav,3.0,1.414213562,1.239612843,5
27514379_MinPolqaSfbRecording_cut.wav,3.6,0.547722558,0.48009999,5
30477755_MinPolqaSfbRecording_cut.wav,3.0,1.224744871,1.073536213,5
30519971_MinPolqaSfbRecording_cut.wav,3.0,1.414213562,1.239612843,5
28221955_MinPolqaSfbRecording_cut.wav,4.25,0.5,0.49,4
30154990_MinPolqaSfbRecording_cut.wav,3.25,0.5,0.49,4
30489990_MinPolqaSfbRecording_cut.wav,2.25,1.5,1.47,4
30146556_MinPolqaSfbRecording_cut.wav,3.75,0.957427108,0.938278566,4
30205522_MinPolqaSfbRecording_cut.wav,3.25,0.957427108,0.938278566,4
28068724_MinPolqaSfbRecording_cut.wav,3.0,1.414213562,1.385929291,4
30194826_MinPolqaSfbRecording_cut.wav,2.25,0.5,0.49,4
28103418_MinPolqaSfbRecording_cut.wav,4.25,0.5,0.49,4
30106735_MinPolqaSfbRecording_cut.wav,3.0,0.0,0.0,4
30488103_MinPolqaSfbRecording_cut.wav,2.5,1.290994449,1.26517456,4
30134223_MinPolqaSfbRecording_cut.wav,2.6,1.140175425,0.999407825,5
27937775_MinPolqaSfbRecording_cut.wav,3.4,0.547722558,0.48009999,5
30479466_MinPolqaSfbRecording_cut.wav,1.2,0.447213595,0.392,5
30489901_MinPolqaSfbRecording_cut.wav,2.2,1.095445115,0.960199979,5
28300980_MinPolqaSfbRecording_cut.wav,4.0,0.707106781,0.619806421,5
30144276_MinPolqaSfbRecording_cut.wav,3.4,0.547722558,0.48009999,5
30530307_MinPolqaSfbRecording_cut.wav,2.0,0.707106781,0.619806421,5
30136187_MinPolqaSfbRecording_cut.wav,2.0,1.224744871,1.073536213,5
28030328_MinPolqaSfbRecording_cut.wav,3.75,1.5,1.47,4
30437374_MinPolqaSfbRecording_cut.wav,3.0,1.825741858,1.789227021,4
30183151_MinPolqaSfbRecording_cut.wav,3.75,1.5,1.47,4
30148015_MinPolqaSfbRecording_cut.wav,3.75,0.957427108,0.938278566,4
30126251_MinPolqaSfbRecording_cut.wav,3.0,1.825741858,1.789227021,4
30085861_MinPolqaSfbRecording_cut.wav,2.5,1.914854216,1.876557131,4
28314545_MinPolqaSfbRecording_cut.wav,4.5,0.577350269,0.565803264,4
30512924_MinPolqaSfbRecording_cut.wav,3.2,0.836660027,0.733364848,5
27682116_MinPolqaSfbRecording_cut.wav,3.8,0.447213595,0.392,5
30407087_MinPolqaSfbRecording_cut.wav,1.8,1.303840481,1.142866571,5
28140208_MinPolqaSfbRecording_cut.wav,4.0,0.707106781,0.619806421,5
30249565_MinPolqaSfbRecording_cut.wav,3.2,0.836660027,0.733364848,5
30174825_MinPolqaSfbRecording_cut.wav,3.4,0.894427191,0.784,5
30084365_MinPolqaSfbRecording_cut.wav,4.4,0.894427191,0.784,5
30135703_MinPolqaSfbRecording_cut.wav,1.4,0.894427191,0.784,5
28521782_MinPolqaSfbRecording_cut.wav,2.0,0.707106781,0.619806421,5
28605009_MinPolqaSfbRecording_cut.wav,3.6,0.894427191,0.784,5
30477829_MinPolqaSfbRecording_cut.wav,3.2,1.483239697,1.300116918,5
27673205_MinPolqaSfbRecording_cut.wav,4.0,1.224744871,1.073536213,5
28190023_MinPolqaSfbRecording_cut.wav,3.6,1.140175425,0.999407825,5
30186109_MinPolqaSfbRecording_cut.wav,3.25,0.5,0.49,4
30177775_MinPolqaSfbRecording_cut.wav,2.75,0.5,0.49,4
30143054_MinPolqaSfbRecording_cut.wav,2.25,0.5,0.49,4
30505871_MinPolqaSfbRecording_cut.wav,2.25,0.5,0.49,4
30166744_MinPolqaSfbRecording_cut.wav,3.25,0.5,0.49,4
30401435_MinPolqaSfbRecording_cut.wav,1.75,0.957427108,0.938278566,4
30472811_MinPolqaSfbRecording_cut.wav,3.0,0.816496581,0.800166649,4
30151862_MinPolqaSfbRecording_cut.wav,2.5,0.577350269,0.565803264,4
30142946_MinPolqaSfbRecording_cut.wav,3.25,0.957427108,0.938278566,4
30478489_MinPolqaSfbRecording_cut.wav,3.25,0.957427108,0.938278566,4
30083237_MinPolqaSfbRecording_cut.wav,2.5,1.0,0.98,4
30073471_MinPolqaSfbRecording_cut.wav,3.25,0.957427108,0.938278566,4
27146641_MinPolqaSfbRecording_cut.wav,4.25,0.5,0.49,4
28163729_MinPolqaSfbRecording_cut.wav,4.25,0.5,0.49,4
30209436_MinPolqaSfbRecording_cut.wav,3.0,0.816496581,0.800166649,4
30198271_MinPolqaSfbRecording_cut.wav,1.5,0.577350269,0.565803264,4
30159808_MinPolqaSfbRecording_cut.wav,2.0,1.154700538,1.131606528,4
28282627_MinPolqaSfbRecording_cut.wav,3.75,0.957427108,0.938278566,4
30149539_MinPolqaSfbRecording_cut.wav,2.5,1.290994449,1.26517456,4
30171989_MinPolqaSfbRecording_cut.wav,2.75,0.957427108,0.938278566,4
28167711_MinPolqaSfbRecording_cut.wav,3.25,0.957427108,0.938278566,4
30146559_MinPolqaSfbRecording_cut.wav,2.75,0.957427108,0.938278566,4
30087216_MinPolqaSfbRecording_cut.wav,2.25,0.5,0.49,4
30156014_MinPolqaSfbRecording_cut.wav,2.6,0.547722558,0.48009999,5
30484347_MinPolqaSfbRecording_cut.wav,3.2,0.836660027,0.733364848,5
30146178_MinPolqaSfbRecording_cut.wav,3.4,0.547722558,0.48009999,5
27970818_MinPolqaSfbRecording_cut.wav,4.2,0.836660027,0.733364848,5
28214571_MinPolqaSfbRecording_cut.wav,4.0,0.707106781,0.619806421,5
30149359_MinPolqaSfbRecording_cut.wav,2.2,0.836660027,0.733364848,5
30503854_MinPolqaSfbRecording_cut.wav,2.6,0.547722558,0.48009999,5
30181387_MinPolqaSfbRecording_cut.wav,3.6,0.547722558,0.48009999,5
30096908_MinPolqaSfbRecording_cut.wav,2.2,0.836660027,0.733364848,5
30109792_MinPolqaSfbRecording_cut.wav,2.8,0.836660027,0.733364848,5
30212047_MinPolqaSfbRecording_cut.wav,3.0,1.0,1.131606528,3
30481980_MinPolqaSfbRecording_cut.wav,3.333333333,1.154700538,1.306666667,3
28486452_MinPolqaSfbRecording_cut.wav,4.333333333,0.577350269,0.653333333,3
30148628_MinPolqaSfbRecording_cut.wav,1.333333333,0.577350269,0.653333333,3
30478479_MinPolqaSfbRecording_cut.wav,1.2,0.447213595,0.392,5
30442254_MinPolqaSfbRecording_cut.wav,2.2,0.836660027,0.733364848,5
30519940_MinPolqaSfbRecording_cut.wav,4.0,0.0,0.0,5
29538613_MinPolqaSfbRecording_cut.wav,3.2,1.095445115,0.960199979,5
28086706_MinPolqaSfbRecording_cut.wav,3.6,0.894427191,0.784,5
30436287_MinPolqaSfbRecording_cut.wav,3.8,0.447213595,0.392,5
30519467_MinPolqaSfbRecording_cut.wav,2.8,0.836660027,0.733364848,5
30138330_MinPolqaSfbRecording_cut.wav,3.0,1.224744871,1.073536213,5
30160113_MinPolqaSfbRecording_cut.wav,2.6,0.894427191,0.784,5
30529853_MinPolqaSfbRecording_cut.wav,3.0,0.707106781,0.619806421,5
30467910_MinPolqaSfbRecording_cut.wav,3.0,1.414213562,1.239612843,5
30157416_MinPolqaSfbRecording_cut.wav,2.4,0.894427191,0.784,5
30147576_MinPolqaSfbRecording_cut.wav,2.2,0.447213595,0.392,5
29533513_MinPolqaSfbRecording_cut.wav,3.2,0.836660027,0.733364848,5
30438029_MinPolqaSfbRecording_cut.wav,2.0,0.707106781,0.619806421,5
30431423_MinPolqaSfbRecording_cut.wav,1.6,0.894427191,0.784,5
28431179_MinPolqaSfbRecording_cut.wav,2.6,0.894427191,0.784,5
30086943_MinPolqaSfbRecording_cut.wav,3.2,1.095445115,0.960199979,5
30166877_MinPolqaSfbRecording_cut.wav,3.0,1.414213562,1.239612843,5
30516894_MinPolqaSfbRecording_cut.wav,2.8,1.095445115,0.960199979,5
30522871_MinPolqaSfbRecording_cut.wav,3.6,1.140175425,0.999407825,5
30101986_MinPolqaSfbRecording_cut.wav,3.6,0.547722558,0.48009999,5
30145273_MinPolqaSfbRecording_cut.wav,3.2,0.836660027,0.733364848,5
30412876_MinPolqaSfbRecording_cut.wav,3.8,1.303840481,1.142866571,5
30445906_MinPolqaSfbRecording_cut.wav,1.4,0.547722558,0.48009999,5
28786319_MinPolqaSfbRecording_cut.wav,3.8,1.095445115,0.960199979,5
30483272_MinPolqaSfbRecording_cut.wav,3.0,1.0,0.876538647,5
30426957_MinPolqaSfbRecording_cut.wav,2.4,0.547722558,0.48009999,5
30202275_MinPolqaSfbRecording_cut.wav,3.6,1.140175425,0.999407825,5
30148900_MinPolqaSfbRecording_cut.wav,3.4,0.547722558,0.48009999,5
28933123_MinPolqaSfbRecording_cut.wav,3.6,0.547722558,0.48009999,5
30461408_MinPolqaSfbRecording_cut.wav,3.0,1.224744871,1.073536213,5
30198540_MinPolqaSfbRecording_cut.wav,3.4,0.547722558,0.48009999,5
30066222_MinPolqaSfbRecording_cut.wav,3.2,0.836660027,0.733364848,5
28361888_MinPolqaSfbRecording_cut.wav,4.4,0.894427191,0.784,5
30483711_MinPolqaSfbRecording_cut.wav,3.4,0.547722558,0.48009999,5
30417424_MinPolqaSfbRecording_cut.wav,1.2,0.447213595,0.392,5
28114070_MinPolqaSfbRecording_cut.wav,4.25,0.5,0.49,4
30488724_MinPolqaSfbRecording_cut.wav,4.25,0.957427108,0.938278566,4
28509063_MinPolqaSfbRecording_cut.wav,3.0,0.816496581,0.800166649,4
30106590_MinPolqaSfbRecording_cut.wav,2.75,0.957427108,0.938278566,4
28045273_MinPolqaSfbRecording_cut.wav,3.5,1.290994449,1.26517456,4
30129596_MinPolqaSfbRecording_cut.wav,2.75,1.5,1.47,4
30488254_MinPolqaSfbRecording_cut.wav,3.5,0.577350269,0.565803264,4
30135654_MinPolqaSfbRecording_cut.wav,3.75,0.957427108,0.938278566,4
28306518_MinPolqaSfbRecording_cut.wav,4.5,0.577350269,0.565803264,4
30196396_MinPolqaSfbRecording_cut.wav,3.8,0.836660027,0.733364848,5
30086911_MinPolqaSfbRecording_cut.wav,2.8,0.447213595,0.392,5
29029678_MinPolqaSfbRecording_cut.wav,3.8,0.836660027,0.733364848,5
29535863_MinPolqaSfbRecording_cut.wav,2.2,0.836660027,0.733364848,5
30121709_MinPolqaSfbRecording_cut.wav,1.4,0.547722558,0.48009999,5
29044920_MinPolqaSfbRecording_cut.wav,4.0,0.707106781,0.619806421,5
27799825_MinPolqaSfbRecording_cut.wav,3.4,1.140175425,0.999407825,5
28429106_MinPolqaSfbRecording_cut.wav,3.8,0.836660027,0.733364848,5
30157692_MinPolqaSfbRecording_cut.wav,2.0,0.707106781,0.619806421,5
30107086_MinPolqaSfbRecording_cut.wav,1.0,0.0,0.0,4
28006627_MinPolqaSfbRecording_cut.wav,2.25,0.5,0.49,4
28246878_MinPolqaSfbRecording_cut.wav,3.25,0.5,0.49,4
30413187_MinPolqaSfbRecording_cut.wav,1.75,0.5,0.49,4
30260531_MinPolqaSfbRecording_cut.wav,3.75,0.957427108,0.938278566,4
28633686_MinPolqaSfbRecording_cut.wav,3.5,0.577350269,0.565803264,4
30140981_MinPolqaSfbRecording_cut.wav,2.25,0.5,0.49,4
30109731_MinPolqaSfbRecording_cut.wav,5.0,0.0,0.0,4
30455404_MinPolqaSfbRecording_cut.wav,1.75,0.957427108,0.938278566,4
30450138_MinPolqaSfbRecording_cut.wav,2.25,1.892969449,1.85511006,4
30404693_MinPolqaSfbRecording_cut.wav,3.75,0.957427108,0.938278566,4
27957681_MinPolqaSfbRecording_cut.wav,3.75,0.5,0.49,4
30139541_MinPolqaSfbRecording_cut.wav,3.25,0.5,0.49,4
30087301_MinPolqaSfbRecording_cut.wav,3.5,1.0,0.98,4
30422886_MinPolqaSfbRecording_cut.wav,1.25,0.5,0.49,4
30084289_MinPolqaSfbRecording_cut.wav,3.5,0.577350269,0.565803264,4
30064537_MinPolqaSfbRecording_cut.wav,2.0,,,1
30509633_MinPolqaSfbRecording_cut.wav,3.0,,,1
30161024_MinPolqaSfbRecording_cut.wav,3.0,,,1
30103628_MinPolqaSfbRecording_cut.wav,4.0,,,1
28537390_MinPolqaSfbRecording_cut.wav,4.0,,,1
30154784_MinPolqaSfbRecording_cut.wav,2.8,1.095445115,0.960199979,5
30078532_MinPolqaSfbRecording_cut.wav,3.2,1.483239697,1.300116918,5
30483715_MinPolqaSfbRecording_cut.wav,3.0,0.707106781,0.619806421,5
28291117_MinPolqaSfbRecording_cut.wav,4.4,0.547722558,0.48009999,5
30492169_MinPolqaSfbRecording_cut.wav,2.6,1.140175425,0.999407825,5
27788272_MinPolqaSfbRecording_cut.wav,3.8,0.836660027,0.733364848,5
29059949_MinPolqaSfbRecording_cut.wav,3.0,0.707106781,0.619806421,5
30193393_MinPolqaSfbRecording_cut.wav,3.2,1.483239697,1.300116918,5
30506914_MinPolqaSfbRecording_cut.wav,4.0,1.0,1.131606528,3
30405351_MinPolqaSfbRecording_cut.wav,3.333333333,0.577350269,0.653333333,3
30529842_MinPolqaSfbRecording_cut.wav,3.0,0.0,0.0,3
30101069_MinPolqaSfbRecording_cut.wav,3.666666667,0.577350269,0.653333333,3
30461915_MinPolqaSfbRecording_cut.wav,3.666666667,0.577350269,0.653333333,3
30096301_MinPolqaSfbRecording_cut.wav,3.333333333,0.577350269,0.653333333,3
29543458_MinPolqaSfbRecording_cut.wav,1.666666667,0.577350269,0.653333333,3
30492882_MinPolqaSfbRecording_cut.wav,1.333333333,0.577350269,0.653333333,3
30119056_MinPolqaSfbRecording_cut.wav,2.0,0.0,0.0,3
30087571_MinPolqaSfbRecording_cut.wav,3.0,0.0,0.0,3
30135648_MinPolqaSfbRecording_cut.wav,1.666666667,0.577350269,0.653333333,3
30072898_MinPolqaSfbRecording_cut.wav,2.0,0.0,0.0,3
30446185_MinPolqaSfbRecording_cut.wav,3.333333333,0.577350269,0.653333333,3
30173631_MinPolqaSfbRecording_cut.wav,3.333333333,0.577350269,0.653333333,3
25650134_MinPolqaSfbRecording_cut.wav,4.0,0.0,0.0,3
30067172_MinPolqaSfbRecording_cut.wav,1.333333333,0.577350269,0.653333333,3
28861022_MinPolqaSfbRecording_cut.wav,4.0,0.0,0.0,3
29020323_MinPolqaSfbRecording_cut.wav,4.666666667,0.577350269,0.653333333,3
30069003_MinPolqaSfbRecording_cut.wav,3.6,1.673320053,1.466729696,5
27643753_MinPolqaSfbRecording_cut.wav,4.2,0.836660027,0.733364848,5
30129158_MinPolqaSfbRecording_cut.wav,2.8,0.836660027,0.733364848,5
30141806_MinPolqaSfbRecording_cut.wav,3.0,0.707106781,0.619806421,5
29067021_MinPolqaSfbRecording_cut.wav,4.8,0.447213595,0.392,5
30490815_MinPolqaSfbRecording_cut.wav,2.8,1.483239697,1.300116918,5
28589456_MinPolqaSfbRecording_cut.wav,4.0,0.707106781,0.619806421,5
30144829_MinPolqaSfbRecording_cut.wav,3.6,0.547722558,0.48009999,5
30456996_MinPolqaSfbRecording_cut.wav,2.6,0.547722558,0.48009999,5
30083011_MinPolqaSfbRecording_cut.wav,3.2,0.836660027,0.733364848,5
30186496_MinPolqaSfbRecording_cut.wav,2.0,0.0,0.0,5
28986118_MinPolqaSfbRecording_cut.wav,3.8,0.836660027,0.733364848,5
30204843_MinPolqaSfbRecording_cut.wav,2.8,0.836660027,0.733364848,5
30463211_MinPolqaSfbRecording_cut.wav,3.4,0.894427191,0.784,5
30098393_MinPolqaSfbRecording_cut.wav,2.0,0.0,0.0,5
30133342_MinPolqaSfbRecording_cut.wav,5.0,0.0,0.0,2
30463142_MinPolqaSfbRecording_cut.wav,3.0,1.414213562,1.96,2
30473904_MinPolqaSfbRecording_cut.wav,2.0,1.414213562,1.96,2
30127039_MinPolqaSfbRecording_cut.wav,4.0,1.414213562,1.96,2
30531994_MinPolqaSfbRecording_cut.wav,2.5,0.707106781,0.98,2
30513514_MinPolqaSfbRecording_cut.wav,2.5,0.707106781,0.98,2
30469619_MinPolqaSfbRecording_cut.wav,3.5,0.707106781,0.98,2
30067196_MinPolqaSfbRecording_cut.wav,2.0,1.414213562,1.96,2
30083712_MinPolqaSfbRecording_cut.wav,4.0,1.414213562,1.96,2
30264372_MinPolqaSfbRecording_cut.wav,5.0,0.0,0.0,2
30507789_MinPolqaSfbRecording_cut.wav,2.0,0.0,0.0,4
30109006_MinPolqaSfbRecording_cut.wav,1.5,0.577350269,0.565803264,4
30512962_MinPolqaSfbRecording_cut.wav,2.5,0.577350269,0.565803264,4
30468252_MinPolqaSfbRecording_cut.wav,2.5,0.577350269,0.565803264,4
30409751_MinPolqaSfbRecording_cut.wav,2.75,0.5,0.49,4
30185645_MinPolqaSfbRecording_cut.wav,1.5,0.577350269,0.565803264,4
30262403_MinPolqaSfbRecording_cut.wav,3.5,0.577350269,0.565803264,4
30449468_MinPolqaSfbRecording_cut.wav,1.5,0.577350269,0.565803264,4
30249695_MinPolqaSfbRecording_cut.wav,2.75,0.957427108,0.938278566,4
30204684_MinPolqaSfbRecording_cut.wav,1.5,0.577350269,0.565803264,4
28206363_MinPolqaSfbRecording_cut.wav,3.25,0.5,0.49,4
30207942_MinPolqaSfbRecording_cut.wav,2.25,0.5,0.49,4
30084025_MinPolqaSfbRecording_cut.wav,1.75,0.5,0.49,4
30131731_MinPolqaSfbRecording_cut.wav,2.0,0.816496581,0.800166649,4
30433670_MinPolqaSfbRecording_cut.wav,1.25,0.5,0.49,4
30110600_MinPolqaSfbRecording_cut.wav,2.75,1.707825128,1.673668625,4
30404752_MinPolqaSfbRecording_cut.wav,2.0,0.816496581,0.800166649,4
30512196_MinPolqaSfbRecording_cut.wav,2.25,0.957427108,0.938278566,4
30096099_MinPolqaSfbRecording_cut.wav,2.5,1.290994449,1.26517456,4
30494046_MinPolqaSfbRecording_cut.wav,3.5,0.577350269,0.565803264,4
30413519_MinPolqaSfbRecording_cut.wav,1.0,0.0,0.0,4
28502588_MinPolqaSfbRecording_cut.wav,3.75,0.5,0.49,4
28538853_MinPolqaSfbRecording_cut.wav,4.0,0.816496581,0.800166649,4
30183310_MinPolqaSfbRecording_cut.wav,2.75,0.5,0.49,4
27642041_MinPolqaSfbRecording_cut.wav,4.25,0.5,0.49,4
29556515_MinPolqaSfbRecording_cut.wav,3.25,0.5,0.49,4
30068221_MinPolqaSfbRecording_cut.wav,2.0,0.707106781,0.619806421,5
29533179_MinPolqaSfbRecording_cut.wav,3.6,1.140175425,0.999407825,5
30256777_MinPolqaSfbRecording_cut.wav,4.0,0.707106781,0.619806421,5
29539110_MinPolqaSfbRecording_cut.wav,3.0,1.0,0.876538647,5
30065244_MinPolqaSfbRecording_cut.wav,2.4,1.140175425,0.999407825,5
30079424_MinPolqaSfbRecording_cut.wav,1.4,0.547722558,0.48009999,5
29531556_MinPolqaSfbRecording_cut.wav,2.2,0.447213595,0.392,5
30491117_MinPolqaSfbRecording_cut.wav,1.6,0.547722558,0.48009999,5
28023854_MinPolqaSfbRecording_cut.wav,3.75,0.957427108,0.938278566,4
30180962_MinPolqaSfbRecording_cut.wav,2.5,1.0,0.98,4
30096034_MinPolqaSfbRecording_cut.wav,1.5,1.0,0.98,4
30193488_MinPolqaSfbRecording_cut.wav,1.75,0.957427108,0.938278566,4
30146963_MinPolqaSfbRecording_cut.wav,2.75,1.5,1.47,4
27932734_MinPolqaSfbRecording_cut.wav,3.75,0.957427108,0.938278566,4
30488136_MinPolqaSfbRecording_cut.wav,2.75,0.957427108,0.938278566,4
30102093_MinPolqaSfbRecording_cut.wav,1.75,1.5,1.47,4
30201921_MinPolqaSfbRecording_cut.wav,1.333333333,0.577350269,0.653333333,3
28127571_MinPolqaSfbRecording_cut.wav,2.0,0.0,0.0,3
30108411_MinPolqaSfbRecording_cut.wav,2.0,0.0,0.0,3
28752186_MinPolqaSfbRecording_cut.wav,3.666666667,0.577350269,0.653333333,3
30421034_MinPolqaSfbRecording_cut.wav,2.333333333,0.577350269,0.653333333,3
29536522_MinPolqaSfbRecording_cut.wav,3.0,0.0,0.0,3
30135244_MinPolqaSfbRecording_cut.wav,1.666666667,0.577350269,0.653333333,3
30172019_MinPolqaSfbRecording_cut.wav,1.666666667,0.577350269,0.653333333,3
30132066_MinPolqaSfbRecording_cut.wav,2.8,1.095445115,0.960199979,5
30059978_MinPolqaSfbRecording_cut.wav,2.0,0.707106781,0.619806421,5
30168555_MinPolqaSfbRecording_cut.wav,2.2,0.836660027,0.733364848,5
29533577_MinPolqaSfbRecording_cut.wav,2.8,1.303840481,1.142866571,5
30444119_MinPolqaSfbRecording_cut.wav,2.0,1.0,0.876538647,5
30515644_MinPolqaSfbRecording_cut.wav,1.4,0.547722558,0.48009999,5
30262125_MinPolqaSfbRecording_cut.wav,1.6,0.894427191,0.784,5
30066614_MinPolqaSfbRecording_cut.wav,2.0,2.0,1.96,4
27561438_MinPolqaSfbRecording_cut.wav,3.75,0.957427108,0.938278566,4
30154332_MinPolqaSfbRecording_cut.wav,1.75,1.5,1.47,4
27908108_MinPolqaSfbRecording_cut.wav,3.75,1.5,1.47,4
28725765_MinPolqaSfbRecording_cut.wav,4.5,0.577350269,0.565803264,4
30142560_MinPolqaSfbRecording_cut.wav,3.25,1.707825128,1.673668625,4
29544728_MinPolqaSfbRecording_cut.wav,3.75,0.957427108,0.938278566,4
30151535_MinPolqaSfbRecording_cut.wav,3.25,0.957427108,0.938278566,4
30105114_MinPolqaSfbRecording_cut.wav,2.5,1.732050808,1.697409791,4
30135890_MinPolqaSfbRecording_cut.wav,1.75,0.957427108,0.938278566,4
28245745_MinPolqaSfbRecording_cut.wav,4.5,0.577350269,0.565803264,4
28629096_MinPolqaSfbRecording_cut.wav,4.75,0.5,0.49,4
30487224_MinPolqaSfbRecording_cut.wav,3.5,1.0,0.98,4
30455801_MinPolqaSfbRecording_cut.wav,2.25,1.258305739,1.233139624,4
30173085_MinPolqaSfbRecording_cut.wav,4.5,0.577350269,0.565803264,4
30124322_MinPolqaSfbRecording_cut.wav,3.75,0.5,0.49,4
30067520_MinPolqaSfbRecording_cut.wav,2.75,1.258305739,1.233139624,4
28047748_MinPolqaSfbRecording_cut.wav,5.0,0.0,0.0,4
30483194_MinPolqaSfbRecording_cut.wav,3.25,1.258305739,1.233139624,4
30103742_MinPolqaSfbRecording_cut.wav,3.25,0.957427108,0.938278566,4
30065754_MinPolqaSfbRecording_cut.wav,4.0,0.816496581,0.800166649,4
30126041_MinPolqaSfbRecording_cut.wav,2.75,0.957427108,0.938278566,4
30156949_MinPolqaSfbRecording_cut.wav,3.25,0.957427108,0.938278566,4
27966890_MinPolqaSfbRecording_cut.wav,4.5,0.577350269,0.565803264,4
30486936_MinPolqaSfbRecording_cut.wav,3.25,1.258305739,1.233139624,4
28454510_MinPolqaSfbRecording_cut.wav,4.25,0.5,0.49,4
30455945_MinPolqaSfbRecording_cut.wav,2.0,0.816496581,0.800166649,4
30520606_MinPolqaSfbRecording_cut.wav,2.5,0.577350269,0.565803264,4
30432999_MinPolqaSfbRecording_cut.wav,2.0,0.816496581,0.800166649,4
30147825_MinPolqaSfbRecording_cut.wav,1.5,0.707106781,0.98,2
30066611_MinPolqaSfbRecording_cut.wav,1.0,0.0,0.0,2
27747894_MinPolqaSfbRecording_cut.wav,5.0,0.0,0.0,2
28858398_MinPolqaSfbRecording_cut.wav,4.0,1.414213562,1.96,2
28296486_MinPolqaSfbRecording_cut.wav,4.0,1.414213562,1.96,2
30427643_MinPolqaSfbRecording_cut.wav,3.0,0.0,0.0,2
30261174_MinPolqaSfbRecording_cut.wav,1.5,0.707106781,0.98,2
30137937_MinPolqaSfbRecording_cut.wav,3.8,0.836660027,0.733364848,5
30467995_MinPolqaSfbRecording_cut.wav,2.6,1.140175425,0.999407825,5
28546045_MinPolqaSfbRecording_cut.wav,3.0,0.707106781,0.619806421,5
30209979_MinPolqaSfbRecording_cut.wav,1.6,0.894427191,0.784,5
28128065_MinPolqaSfbRecording_cut.wav,3.8,0.836660027,0.733364848,5
30068425_MinPolqaSfbRecording_cut.wav,3.8,0.447213595,0.392,5
30147878_MinPolqaSfbRecording_cut.wav,1.2,0.447213595,0.392,5
30177031_MinPolqaSfbRecording_cut.wav,1.2,0.447213595,0.392,5
30117919_MinPolqaSfbRecording_cut.wav,3.0,1.0,0.876538647,5
30410746_MinPolqaSfbRecording_cut.wav,2.5,1.290994449,1.26517456,4
30492026_MinPolqaSfbRecording_cut.wav,4.5,0.577350269,0.565803264,4
28909982_MinPolqaSfbRecording_cut.wav,3.75,0.5,0.49,4
30069429_MinPolqaSfbRecording_cut.wav,1.75,0.5,0.49,4
30263582_MinPolqaSfbRecording_cut.wav,3.75,0.5,0.49,4
29529914_MinPolqaSfbRecording_cut.wav,2.0,0.816496581,0.800166649,4
30511808_MinPolqaSfbRecording_cut.wav,1.25,0.5,0.49,4
30442671_MinPolqaSfbRecording_cut.wav,2.0,0.0,0.0,4
30465927_MinPolqaSfbRecording_cut.wav,2.75,1.258305739,1.233139624,4
30103802_MinPolqaSfbRecording_cut.wav,1.666666667,0.577350269,0.653333333,3
28308070_MinPolqaSfbRecording_cut.wav,4.0,1.0,1.131606528,3
30069862_MinPolqaSfbRecording_cut.wav,3.0,1.0,1.131606528,3
30104315_MinPolqaSfbRecording_cut.wav,3.666666667,1.154700538,1.306666667,3
30098208_MinPolqaSfbRecording_cut.wav,3.666666667,1.154700538,1.306666667,3
30213433_MinPolqaSfbRecording_cut.wav,3.0,1.0,1.131606528,3
27923962_MinPolqaSfbRecording_cut.wav,4.0,1.0,1.131606528,3
30496515_MinPolqaSfbRecording_cut.wav,3.666666667,1.154700538,1.306666667,3
28989084_MinPolqaSfbRecording_cut.wav,3.666666667,1.154700538,1.306666667,3
30512507_MinPolqaSfbRecording_cut.wav,2.0,1.0,1.131606528,3
28063323_MinPolqaSfbRecording_cut.wav,4.0,0.707106781,0.619806421,5
29533947_MinPolqaSfbRecording_cut.wav,2.2,1.303840481,1.142866571,5
30130324_MinPolqaSfbRecording_cut.wav,3.0,1.0,0.876538647,5
27651005_MinPolqaSfbRecording_cut.wav,4.8,0.447213595,0.392,5
30261911_MinPolqaSfbRecording_cut.wav,3.4,1.140175425,0.999407825,5
28418492_MinPolqaSfbRecording_cut.wav,3.6,0.547722558,0.48009999,5
29531629_MinPolqaSfbRecording_cut.wav,3.4,0.894427191,0.784,5
30148521_MinPolqaSfbRecording_cut.wav,4.2,0.836660027,0.733364848,5
30177158_MinPolqaSfbRecording_cut.wav,2.333333333,0.577350269,0.653333333,3
30511443_MinPolqaSfbRecording_cut.wav,1.666666667,0.577350269,0.653333333,3
30426282_MinPolqaSfbRecording_cut.wav,2.0,1.0,1.131606528,3
30148135_MinPolqaSfbRecording_cut.wav,3.0,1.0,1.131606528,3
30427569_MinPolqaSfbRecording_cut.wav,2.0,0.0,0.0,3
30162854_MinPolqaSfbRecording_cut.wav,2.0,1.0,1.131606528,3
30516868_MinPolqaSfbRecording_cut.wav,4.0,1.0,1.131606528,3
30132132_MinPolqaSfbRecording_cut.wav,2.666666667,0.577350269,0.653333333,3
30062555_MinPolqaSfbRecording_cut.wav,1.333333333,0.577350269,0.653333333,3
30405371_MinPolqaSfbRecording_cut.wav,3.2,0.447213595,0.392,5
30506865_MinPolqaSfbRecording_cut.wav,2.4,0.547722558,0.48009999,5
30145465_MinPolqaSfbRecording_cut.wav,2.8,1.095445115,0.960199979,5
29534266_MinPolqaSfbRecording_cut.wav,2.8,0.836660027,0.733364848,5
28423562_MinPolqaSfbRecording_cut.wav,3.8,0.447213595,0.392,5
28847279_MinPolqaSfbRecording_cut.wav,4.2,0.447213595,0.392,5
30069899_MinPolqaSfbRecording_cut.wav,3.6,0.547722558,0.48009999,5
30097579_MinPolqaSfbRecording_cut.wav,1.8,0.836660027,0.733364848,5
30503725_MinPolqaSfbRecording_cut.wav,3.8,0.836660027,0.733364848,5
30107829_MinPolqaSfbRecording_cut.wav,3.4,0.894427191,0.784,5
27952376_MinPolqaSfbRecording_cut.wav,4.5,0.707106781,0.98,2
27837992_MinPolqaSfbRecording_cut.wav,4.5,0.707106781,0.98,2
27568962_MinPolqaSfbRecording_cut.wav,5.0,0.0,0.0,2
28052807_MinPolqaSfbRecording_cut.wav,4.5,0.707106781,0.98,2
28344617_MinPolqaSfbRecording_cut.wav,4.0,0.0,0.0,2
28944648_MinPolqaSfbRecording_cut.wav,5.0,0.0,0.0,2
27597302_MinPolqaSfbRecording_cut.wav,4.0,1.154700538,1.131606528,4
30439549_MinPolqaSfbRecording_cut.wav,4.0,0.816496581,0.800166649,4
30442712_MinPolqaSfbRecording_cut.wav,3.5,0.577350269,0.565803264,4
30483186_MinPolqaSfbRecording_cut.wav,3.25,0.957427108,0.938278566,4
30147876_MinPolqaSfbRecording_cut.wav,2.25,1.258305739,1.233139624,4
30511567_MinPolqaSfbRecording_cut.wav,2.75,1.5,1.47,4
30099314_MinPolqaSfbRecording_cut.wav,3.5,0.577350269,0.565803264,4
30162895_MinPolqaSfbRecording_cut.wav,1.5,1.0,0.98,4
27916569_MinPolqaSfbRecording_cut.wav,4.25,1.5,1.47,4
30148825_MinPolqaSfbRecording_cut.wav,2.0,0.0,0.0,2
28365797_MinPolqaSfbRecording_cut.wav,2.5,0.707106781,0.98,2
28626552_MinPolqaSfbRecording_cut.wav,2.5,0.707106781,0.98,2
30066830_MinPolqaSfbRecording_cut.wav,3.0,1.414213562,1.96,2
30166301_MinPolqaSfbRecording_cut.wav,1.5,0.707106781,0.98,2
30149078_MinPolqaSfbRecording_cut.wav,2.5,0.707106781,0.98,2
30454439_MinPolqaSfbRecording_cut.wav,2.5,0.707106781,0.98,2
27652589_MinPolqaSfbRecording_cut.wav,3.5,0.707106781,0.98,2
30107102_MinPolqaSfbRecording_cut.wav,2.6,0.547722558,0.48009999,5
30138154_MinPolqaSfbRecording_cut.wav,1.4,0.547722558,0.48009999,5
30063113_MinPolqaSfbRecording_cut.wav,1.2,0.447213595,0.392,5
30062871_MinPolqaSfbRecording_cut.wav,2.8,1.095445115,0.960199979,5
30097615_MinPolqaSfbRecording_cut.wav,3.0,0.707106781,0.619806421,5
30253459_MinPolqaSfbRecording_cut.wav,2.0,0.707106781,0.619806421,5
30420435_MinPolqaSfbRecording_cut.wav,3.4,0.547722558,0.48009999,5
27734365_MinPolqaSfbRecording_cut.wav,4.0,0.0,0.0,5
30443748_MinPolqaSfbRecording_cut.wav,2.4,0.547722558,0.48009999,5
28054839_MinPolqaSfbRecording_cut.wav,3.2,0.447213595,0.392,5
30080275_MinPolqaSfbRecording_cut.wav,1.4,0.547722558,0.48009999,5
30117737_MinPolqaSfbRecording_cut.wav,4.2,0.447213595,0.392,5
30404387_MinPolqaSfbRecording_cut.wav,1.8,0.447213595,0.392,5
27972011_MinPolqaSfbRecording_cut.wav,5.0,0.0,0.0,5
28283169_MinPolqaSfbRecording_cut.wav,2.8,0.447213595,0.392,5
28054212_MinPolqaSfbRecording_cut.wav,3.4,0.547722558,0.48009999,5
28310367_MinPolqaSfbRecording_cut.wav,2.0,0.0,0.0,4
27904986_MinPolqaSfbRecording_cut.wav,2.25,0.5,0.49,4
30256772_MinPolqaSfbRecording_cut.wav,2.25,0.957427108,0.938278566,4
30405878_MinPolqaSfbRecording_cut.wav,2.0,0.0,0.0,4
30073031_MinPolqaSfbRecording_cut.wav,1.25,0.5,0.49,4
30511645_MinPolqaSfbRecording_cut.wav,2.25,0.5,0.49,4
30064823_MinPolqaSfbRecording_cut.wav,4.0,0.816496581,0.800166649,4
30151024_MinPolqaSfbRecording_cut.wav,3.0,0.0,0.0,3
30483208_MinPolqaSfbRecording_cut.wav,3.0,0.0,0.0,3
30126795_MinPolqaSfbRecording_cut.wav,2.333333333,0.577350269,0.653333333,3
30455486_MinPolqaSfbRecording_cut.wav,2.0,1.0,1.131606528,3
30163566_MinPolqaSfbRecording_cut.wav,2.666666667,0.577350269,0.653333333,3
28083187_MinPolqaSfbRecording_cut.wav,3.333333333,1.154700538,1.306666667,3
28125115_MinPolqaSfbRecording_cut.wav,4.0,0.0,0.0,3
30091149_MinPolqaSfbRecording_cut.wav,4.0,0.0,0.0,3
30065269_MinPolqaSfbRecording_cut.wav,2.0,1.0,1.131606528,3
30128881_MinPolqaSfbRecording_cut.wav,1.0,0.0,0.0,3
30149707_MinPolqaSfbRecording_cut.wav,2.666666667,0.577350269,0.653333333,3
30262158_MinPolqaSfbRecording_cut.wav,3.333333333,1.154700538,1.306666667,3
30514520_MinPolqaSfbRecording_cut.wav,1.666666667,0.577350269,0.653333333,3
30257784_MinPolqaSfbRecording_cut.wav,1.0,0.0,0.0,3
30082156_MinPolqaSfbRecording_cut.wav,3.666666667,0.577350269,0.653333333,3
30065325_MinPolqaSfbRecording_cut.wav,2.0,0.0,0.0,3
30186562_MinPolqaSfbRecording_cut.wav,2.666666667,0.577350269,0.653333333,3
30444123_MinPolqaSfbRecording_cut.wav,2.666666667,0.577350269,0.653333333,3
30249581_MinPolqaSfbRecording_cut.wav,3.0,0.707106781,0.619806421,5
30198242_MinPolqaSfbRecording_cut.wav,1.6,0.894427191,0.784,5
30147952_MinPolqaSfbRecording_cut.wav,3.0,0.707106781,0.619806421,5
27676994_MinPolqaSfbRecording_cut.wav,4.4,0.547722558,0.48009999,5
30209394_MinPolqaSfbRecording_cut.wav,2.6,0.894427191,0.784,5
30478591_MinPolqaSfbRecording_cut.wav,2.8,0.836660027,0.733364848,5
27938498_MinPolqaSfbRecording_cut.wav,3.6,0.547722558,0.48009999,5
30529106_MinPolqaSfbRecording_cut.wav,2.2,1.095445115,0.960199979,5
30091328_MinPolqaSfbRecording_cut.wav,2.4,1.140175425,0.999407825,5
30202185_MinPolqaSfbRecording_cut.wav,2.8,1.303840481,1.142866571,5
30136271_MinPolqaSfbRecording_cut.wav,3.2,1.303840481,1.142866571,5
27735542_MinPolqaSfbRecording_cut.wav,4.6,0.547722558,0.48009999,5
27877580_MinPolqaSfbRecording_cut.wav,4.6,0.547722558,0.48009999,5
30432852_MinPolqaSfbRecording_cut.wav,3.5,0.577350269,0.565803264,4
30161410_MinPolqaSfbRecording_cut.wav,3.75,0.957427108,0.938278566,4
30481923_MinPolqaSfbRecording_cut.wav,3.0,1.414213562,1.385929291,4
30195789_MinPolqaSfbRecording_cut.wav,4.75,0.5,0.49,4
30207145_MinPolqaSfbRecording_cut.wav,3.25,0.957427108,0.938278566,4
30169716_MinPolqaSfbRecording_cut.wav,3.75,0.957427108,0.938278566,4
30192513_MinPolqaSfbRecording_cut.wav,4.0,0.816496581,0.800166649,4
30169754_MinPolqaSfbRecording_cut.wav,2.5,0.577350269,0.565803264,4
28048551_MinPolqaSfbRecording_cut.wav,3.25,0.5,0.49,4
27143565_MinPolqaSfbRecording_cut.wav,3.25,0.957427108,0.938278566,4
28498143_MinPolqaSfbRecording_cut.wav,3.25,0.957427108,0.938278566,4
30211964_MinPolqaSfbRecording_cut.wav,4.25,0.957427108,0.938278566,4
30501262_MinPolqaSfbRecording_cut.wav,3.25,0.5,0.49,4
28028055_MinPolqaSfbRecording_cut.wav,3.5,0.577350269,0.565803264,4
30523197_MinPolqaSfbRecording_cut.wav,2.25,1.258305739,1.233139624,4
30455173_MinPolqaSfbRecording_cut.wav,2.5,1.0,0.98,4
30089190_MinPolqaSfbRecording_cut.wav,1.5,1.0,0.98,4
30513647_MinPolqaSfbRecording_cut.wav,2.75,0.957427108,0.938278566,4
28822671_MinPolqaSfbRecording_cut.wav,1.25,0.5,0.49,4
30477838_MinPolqaSfbRecording_cut.wav,1.5,1.0,0.98,4
30183368_MinPolqaSfbRecording_cut.wav,3.25,0.5,0.49,4
28815787_MinPolqaSfbRecording_cut.wav,4.0,0.816496581,0.800166649,4
29541396_MinPolqaSfbRecording_cut.wav,3.25,1.258305739,1.233139624,4
30406152_MinPolqaSfbRecording_cut.wav,2.0,1.154700538,1.131606528,4
30456607_MinPolqaSfbRecording_cut.wav,2.8,1.095445115,0.960199979,5
27848108_MinPolqaSfbRecording_cut.wav,4.2,0.447213595,0.392,5
30473939_MinPolqaSfbRecording_cut.wav,2.4,1.140175425,0.999407825,5
30475596_MinPolqaSfbRecording_cut.wav,3.2,0.447213595,0.392,5
30433874_MinPolqaSfbRecording_cut.wav,2.0,1.0,0.876538647,5
30137379_MinPolqaSfbRecording_cut.wav,3.4,0.547722558,0.48009999,5
30474451_MinPolqaSfbRecording_cut.wav,2.8,0.836660027,0.733364848,5
30250031_MinPolqaSfbRecording_cut.wav,3.2,0.447213595,0.392,5
30468544_MinPolqaSfbRecording_cut.wav,4.0,0.707106781,0.619806421,5
30431099_MinPolqaSfbRecording_cut.wav,3.0,0.816496581,0.800166649,4
30454887_MinPolqaSfbRecording_cut.wav,3.25,0.957427108,0.938278566,4
30181438_MinPolqaSfbRecording_cut.wav,2.25,0.5,0.49,4
28447998_MinPolqaSfbRecording_cut.wav,3.75,0.5,0.49,4
30102937_MinPolqaSfbRecording_cut.wav,3.25,0.957427108,0.938278566,4
30063582_MinPolqaSfbRecording_cut.wav,2.75,0.5,0.49,4
30257189_MinPolqaSfbRecording_cut.wav,1.5,0.577350269,0.565803264,4
30073178_MinPolqaSfbRecording_cut.wav,2.8,0.836660027,0.733364848,5
30087121_MinPolqaSfbRecording_cut.wav,3.0,1.0,0.876538647,5
30142971_MinPolqaSfbRecording_cut.wav,2.0,1.414213562,1.239612843,5
30429418_MinPolqaSfbRecording_cut.wav,1.4,0.547722558,0.48009999,5
30163554_MinPolqaSfbRecording_cut.wav,3.6,0.894427191,0.784,5
28950915_MinPolqaSfbRecording_cut.wav,4.6,0.547722558,0.48009999,5
30120929_MinPolqaSfbRecording_cut.wav,3.8,1.303840481,1.142866571,5
30186216_MinPolqaSfbRecording_cut.wav,4.0,0.816496581,0.800166649,4
30071362_MinPolqaSfbRecording_cut.wav,3.75,1.258305739,1.233139624,4
29530793_MinPolqaSfbRecording_cut.wav,3.0,1.154700538,1.131606528,4
30156140_MinPolqaSfbRecording_cut.wav,2.5,1.290994449,1.26517456,4
28483624_MinPolqaSfbRecording_cut.wav,4.75,0.5,0.49,4
30445899_MinPolqaSfbRecording_cut.wav,3.25,1.707825128,1.673668625,4
30100399_MinPolqaSfbRecording_cut.wav,2.75,1.5,1.47,4
30080379_MinPolqaSfbRecording_cut.wav,4.25,0.957427108,0.938278566,4
28233994_MinPolqaSfbRecording_cut.wav,4.25,0.5,0.49,4
30157192_MinPolqaSfbRecording_cut.wav,3.333333333,0.577350269,0.653333333,3
29538120_MinPolqaSfbRecording_cut.wav,2.333333333,1.527525232,1.728557523,3
30521106_MinPolqaSfbRecording_cut.wav,3.333333333,1.527525232,1.728557523,3
27723035_MinPolqaSfbRecording_cut.wav,2.666666667,1.527525232,1.728557523,3
30201548_MinPolqaSfbRecording_cut.wav,3.666666667,0.577350269,0.653333333,3
27713791_MinPolqaSfbRecording_cut.wav,4.0,1.0,1.131606528,3
30148785_MinPolqaSfbRecording_cut.wav,3.0,1.0,1.131606528,3
30132451_MinPolqaSfbRecording_cut.wav,3.0,1.0,1.131606528,3
30141619_MinPolqaSfbRecording_cut.wav,2.333333333,1.527525232,1.728557523,3
28077265_MinPolqaSfbRecording_cut.wav,3.6,0.894427191,0.784,5
30193340_MinPolqaSfbRecording_cut.wav,4.0,0.707106781,0.619806421,5
30186056_MinPolqaSfbRecording_cut.wav,2.4,0.547722558,0.48009999,5
30520482_MinPolqaSfbRecording_cut.wav,1.8,0.836660027,0.733364848,5
30201731_MinPolqaSfbRecording_cut.wav,3.0,0.707106781,0.619806421,5
30166846_MinPolqaSfbRecording_cut.wav,3.8,0.447213595,0.392,5
30157159_MinPolqaSfbRecording_cut.wav,3.6,0.547722558,0.48009999,5
27921458_MinPolqaSfbRecording_cut.wav,4.2,1.303840481,1.142866571,5
28182063_MinPolqaSfbRecording_cut.wav,4.2,0.836660027,0.733364848,5
27920237_MinPolqaSfbRecording_cut.wav,3.2,0.836660027,0.733364848,5
30064565_MinPolqaSfbRecording_cut.wav,3.4,1.341640786,1.176,5
30172027_MinPolqaSfbRecording_cut.wav,2.8,0.836660027,0.733364848,5
30192470_MinPolqaSfbRecording_cut.wav,3.2,1.303840481,1.142866571,5
30257646_MinPolqaSfbRecording_cut.wav,2.6,0.894427191,0.784,5
30067533_MinPolqaSfbRecording_cut.wav,4.4,0.547722558,0.48009999,5
29538900_MinPolqaSfbRecording_cut.wav,3.6,1.140175425,0.999407825,5
27643795_MinPolqaSfbRecording_cut.wav,4.4,0.547722558,0.48009999,5
28918518_MinPolqaSfbRecording_cut.wav,5.0,0.0,0.0,5
28053372_MinPolqaSfbRecording_cut.wav,4.6,0.547722558,0.48009999,5
30121260_MinPolqaSfbRecording_cut.wav,2.8,0.836660027,0.733364848,5
30083913_MinPolqaSfbRecording_cut.wav,2.6,0.547722558,0.48009999,5
30472096_MinPolqaSfbRecording_cut.wav,3.333333333,0.577350269,0.653333333,3
30079112_MinPolqaSfbRecording_cut.wav,2.0,1.0,1.131606528,3
28429309_MinPolqaSfbRecording_cut.wav,5.0,0.0,0.0,3
30072955_MinPolqaSfbRecording_cut.wav,2.0,1.0,1.131606528,3
30404350_MinPolqaSfbRecording_cut.wav,2.0,0.0,0.0,3
28519361_MinPolqaSfbRecording_cut.wav,3.333333333,0.577350269,0.653333333,3
30129725_MinPolqaSfbRecording_cut.wav,2.0,1.0,1.131606528,3
30062554_MinPolqaSfbRecording_cut.wav,2.0,1.0,1.131606528,3
30086703_MinPolqaSfbRecording_cut.wav,2.0,1.0,1.131606528,3
30166328_MinPolqaSfbRecording_cut.wav,3.75,0.957427108,0.938278566,4
30515839_MinPolqaSfbRecording_cut.wav,3.5,1.290994449,1.26517456,4
30061389_MinPolqaSfbRecording_cut.wav,3.0,1.154700538,1.131606528,4
30186223_MinPolqaSfbRecording_cut.wav,3.0,1.414213562,1.385929291,4
30100602_MinPolqaSfbRecording_cut.wav,2.25,1.258305739,1.233139624,4
30060798_MinPolqaSfbRecording_cut.wav,3.5,0.577350269,0.565803264,4
27739661_MinPolqaSfbRecording_cut.wav,3.0,0.816496581,0.800166649,4
30248780_MinPolqaSfbRecording_cut.wav,2.0,0.0,0.0,4
30443434_MinPolqaSfbRecording_cut.wav,2.25,0.957427108,0.938278566,4
28602789_MinPolqaSfbRecording_cut.wav,3.5,0.577350269,0.565803264,4
30415925_MinPolqaSfbRecording_cut.wav,3.0,1.825741858,1.789227021,4
30095996_MinPolqaSfbRecording_cut.wav,3.75,0.957427108,0.938278566,4
30128633_MinPolqaSfbRecording_cut.wav,2.5,0.577350269,0.565803264,4
30508722_MinPolqaSfbRecording_cut.wav,1.5,1.0,0.98,4
30092846_MinPolqaSfbRecording_cut.wav,3.333333333,0.577350269,0.653333333,3
30090098_MinPolqaSfbRecording_cut.wav,4.333333333,0.577350269,0.653333333,3
30485358_MinPolqaSfbRecording_cut.wav,3.0,0.0,0.0,3
30410326_MinPolqaSfbRecording_cut.wav,2.333333333,0.577350269,0.653333333,3
28263080_MinPolqaSfbRecording_cut.wav,4.0,1.0,1.131606528,3
30430651_MinPolqaSfbRecording_cut.wav,4.0,0.0,0.0,3
30100342_MinPolqaSfbRecording_cut.wav,1.0,0.0,0.0,3
30066266_MinPolqaSfbRecording_cut.wav,3.0,0.0,0.0,3
30134349_MinPolqaSfbRecording_cut.wav,3.0,0.816496581,0.800166649,4
30095995_MinPolqaSfbRecording_cut.wav,3.75,0.5,0.49,4
30080688_MinPolqaSfbRecording_cut.wav,2.25,1.892969449,1.85511006,4
30195015_MinPolqaSfbRecording_cut.wav,1.75,0.957427108,0.938278566,4
30093301_MinPolqaSfbRecording_cut.wav,3.0,1.414213562,1.385929291,4
30465685_MinPolqaSfbRecording_cut.wav,2.0,1.414213562,1.385929291,4
30060097_MinPolqaSfbRecording_cut.wav,3.5,1.732050808,1.697409791,4
30138152_MinPolqaSfbRecording_cut.wav,2.5,1.290994449,1.26517456,4
30207711_MinPolqaSfbRecording_cut.wav,1.75,1.5,1.47,4
29530581_MinPolqaSfbRecording_cut.wav,1.5,0.577350269,0.565803264,4
30147424_MinPolqaSfbRecording_cut.wav,1.5,0.577350269,0.565803264,4
30209942_MinPolqaSfbRecording_cut.wav,3.75,0.5,0.49,4
29541242_MinPolqaSfbRecording_cut.wav,3.25,0.5,0.49,4
28338629_MinPolqaSfbRecording_cut.wav,4.0,0.816496581,0.800166649,4
30118649_MinPolqaSfbRecording_cut.wav,1.0,0.0,0.0,4
30522273_MinPolqaSfbRecording_cut.wav,3.0,0.816496581,0.800166649,4
28114280_MinPolqaSfbRecording_cut.wav,4.4,0.547722558,0.48009999,5
29025936_MinPolqaSfbRecording_cut.wav,4.0,1.0,0.876538647,5
30117572_MinPolqaSfbRecording_cut.wav,2.4,0.894427191,0.784,5
30126214_MinPolqaSfbRecording_cut.wav,3.6,0.894427191,0.784,5
28852880_MinPolqaSfbRecording_cut.wav,3.2,0.447213595,0.392,5
30177816_MinPolqaSfbRecording_cut.wav,2.6,0.547722558,0.48009999,5
30165311_MinPolqaSfbRecording_cut.wav,3.2,0.836660027,0.733364848,5
30180272_MinPolqaSfbRecording_cut.wav,4.0,0.0,0.0,4
30402703_MinPolqaSfbRecording_cut.wav,3.5,0.577350269,0.565803264,4
27664606_MinPolqaSfbRecording_cut.wav,3.75,0.957427108,0.938278566,4
27716279_MinPolqaSfbRecording_cut.wav,3.25,0.5,0.49,4
30527528_MinPolqaSfbRecording_cut.wav,1.75,0.957427108,0.938278566,4
30119432_MinPolqaSfbRecording_cut.wav,2.5,0.577350269,0.565803264,4
30096318_MinPolqaSfbRecording_cut.wav,2.25,0.957427108,0.938278566,4
30096239_MinPolqaSfbRecording_cut.wav,2.5,1.0,0.98,4
30484298_MinPolqaSfbRecording_cut.wav,3.75,0.5,0.49,4
30209374_MinPolqaSfbRecording_cut.wav,2.5,1.290994449,1.26517456,4
30508553_MinPolqaSfbRecording_cut.wav,1.75,1.5,1.47,4
30140909_MinPolqaSfbRecording_cut.wav,2.75,1.707825128,1.673668625,4
30178621_MinPolqaSfbRecording_cut.wav,3.0,1.414213562,1.385929291,4
30468540_MinPolqaSfbRecording_cut.wav,3.75,1.5,1.47,4
30083423_MinPolqaSfbRecording_cut.wav,4.25,0.957427108,0.938278566,4
27633468_MinPolqaSfbRecording_cut.wav,4.0,0.0,0.0,4
30407454_MinPolqaSfbRecording_cut.wav,3.25,1.5,1.47,4
30475475_MinPolqaSfbRecording_cut.wav,2.0,1.154700538,1.131606528,4
30123879_MinPolqaSfbRecording_cut.wav,2.8,0.836660027,0.733364848,5
30129062_MinPolqaSfbRecording_cut.wav,2.8,0.836660027,0.733364848,5
30198987_MinPolqaSfbRecording_cut.wav,3.0,1.0,0.876538647,5
27898630_MinPolqaSfbRecording_cut.wav,4.0,0.707106781,0.619806421,5
28880872_MinPolqaSfbRecording_cut.wav,4.4,0.894427191,0.784,5
30460805_MinPolqaSfbRecording_cut.wav,3.6,0.547722558,0.48009999,5
30183186_MinPolqaSfbRecording_cut.wav,1.6,0.547722558,0.48009999,5
30256288_MinPolqaSfbRecording_cut.wav,2.8,0.836660027,0.733364848,5
28003027_MinPolqaSfbRecording_cut.wav,4.2,0.836660027,0.733364848,5
30080378_MinPolqaSfbRecording_cut.wav,2.5,1.290994449,1.26517456,4
30451666_MinPolqaSfbRecording_cut.wav,1.75,0.957427108,0.938278566,4
30162673_MinPolqaSfbRecording_cut.wav,2.0,1.414213562,1.385929291,4
30522645_MinPolqaSfbRecording_cut.wav,1.25,0.5,0.49,4
28730388_MinPolqaSfbRecording_cut.wav,4.75,0.5,0.49,4
30100249_MinPolqaSfbRecording_cut.wav,2.25,1.258305739,1.233139624,4
30431590_MinPolqaSfbRecording_cut.wav,2.25,1.5,1.47,4
30481558_MinPolqaSfbRecording_cut.wav,2.0,1.154700538,1.131606528,4
30514206_MinPolqaSfbRecording_cut.wav,4.0,0.816496581,0.800166649,4
30475361_MinPolqaSfbRecording_cut.wav,2.25,0.5,0.49,4
30257513_MinPolqaSfbRecording_cut.wav,1.75,0.957427108,0.938278566,4
30201525_MinPolqaSfbRecording_cut.wav,2.5,0.577350269,0.565803264,4
30189201_MinPolqaSfbRecording_cut.wav,3.0,0.816496581,0.800166649,4
27921504_MinPolqaSfbRecording_cut.wav,3.25,0.5,0.49,4
27585520_MinPolqaSfbRecording_cut.wav,3.25,0.957427108,0.938278566,4
28869145_MinPolqaSfbRecording_cut.wav,4.0,1.414213562,1.385929291,4
29542742_MinPolqaSfbRecording_cut.wav,2.0,0.816496581,0.800166649,4
30082547_MinPolqaSfbRecording_cut.wav,2.75,0.5,0.49,4
30183769_MinPolqaSfbRecording_cut.wav,3.25,0.957427108,0.938278566,4
30515107_MinPolqaSfbRecording_cut.wav,3.5,1.0,0.98,4
30479071_MinPolqaSfbRecording_cut.wav,3.5,0.577350269,0.565803264,4
30136583_MinPolqaSfbRecording_cut.wav,4.75,0.5,0.49,4
30528641_MinPolqaSfbRecording_cut.wav,3.25,0.957427108,0.938278566,4
30259924_MinPolqaSfbRecording_cut.wav,3.5,1.290994449,1.26517456,4
30121884_MinPolqaSfbRecording_cut.wav,3.25,0.5,0.49,4
30403894_MinPolqaSfbRecording_cut.wav,3.25,0.957427108,0.938278566,4
28110206_MinPolqaSfbRecording_cut.wav,4.5,0.577350269,0.565803264,4
30166491_MinPolqaSfbRecording_cut.wav,3.75,1.892969449,1.85511006,4
30118891_MinPolqaSfbRecording_cut.wav,3.25,0.957427108,0.938278566,4
28964321_MinPolqaSfbRecording_cut.wav,4.0,0.816496581,0.800166649,4
30430081_MinPolqaSfbRecording_cut.wav,2.75,1.707825128,1.673668625,4
30141230_MinPolqaSfbRecording_cut.wav,3.5,1.290994449,1.26517456,4
30201791_MinPolqaSfbRecording_cut.wav,3.5,1.290994449,1.26517456,4
30195052_MinPolqaSfbRecording_cut.wav,1.5,1.0,0.98,4
30258102_MinPolqaSfbRecording_cut.wav,2.5,0.577350269,0.565803264,4
29544295_MinPolqaSfbRecording_cut.wav,4.0,1.154700538,1.131606528,4
30102916_MinPolqaSfbRecording_cut.wav,4.0,0.816496581,0.800166649,4
30486361_MinPolqaSfbRecording_cut.wav,3.25,0.5,0.49,4
30163180_MinPolqaSfbRecording_cut.wav,1.75,1.5,1.47,4
30484370_MinPolqaSfbRecording_cut.wav,3.75,0.5,0.49,4
30174851_MinPolqaSfbRecording_cut.wav,2.0,1.414213562,1.385929291,4
30467828_MinPolqaSfbRecording_cut.wav,3.25,1.258305739,1.233139624,4
30260960_MinPolqaSfbRecording_cut.wav,2.5,1.290994449,1.26517456,4
27906186_MinPolqaSfbRecording_cut.wav,4.0,0.816496581,0.800166649,4
30133920_MinPolqaSfbRecording_cut.wav,3.5,1.290994449,1.26517456,4
30255625_MinPolqaSfbRecording_cut.wav,3.5,0.577350269,0.565803264,4
30530407_MinPolqaSfbRecording_cut.wav,2.8,0.836660027,0.733364848,5
27854399_MinPolqaSfbRecording_cut.wav,3.4,0.547722558,0.48009999,5
30201295_MinPolqaSfbRecording_cut.wav,4.0,0.707106781,0.619806421,5
30522498_MinPolqaSfbRecording_cut.wav,4.0,0.0,0.0,5
27762401_MinPolqaSfbRecording_cut.wav,4.4,0.547722558,0.48009999,5
28200344_MinPolqaSfbRecording_cut.wav,4.0,0.707106781,0.619806421,5
30405884_MinPolqaSfbRecording_cut.wav,2.0,1.732050808,1.96,3
30520950_MinPolqaSfbRecording_cut.wav,4.0,0.0,0.0,3
30102092_MinPolqaSfbRecording_cut.wav,2.666666667,1.154700538,1.306666667,3
30263877_MinPolqaSfbRecording_cut.wav,3.333333333,1.154700538,1.306666667,3
30408323_MinPolqaSfbRecording_cut.wav,4.0,0.0,0.0,3
30076600_MinPolqaSfbRecording_cut.wav,3.666666667,1.154700538,1.306666667,3
30504579_MinPolqaSfbRecording_cut.wav,3.333333333,1.527525232,1.728557523,3
30256717_MinPolqaSfbRecording_cut.wav,2.666666667,1.527525232,1.728557523,3
27785453_MinPolqaSfbRecording_cut.wav,4.333333333,0.577350269,0.653333333,3
29541492_MinPolqaSfbRecording_cut.wav,4.0,0.0,0.0,3
29068960_MinPolqaSfbRecording_cut.wav,3.8,0.836660027,0.733364848,5
30403786_MinPolqaSfbRecording_cut.wav,4.0,1.224744871,1.073536213,5
30261995_MinPolqaSfbRecording_cut.wav,3.8,0.836660027,0.733364848,5
29544409_MinPolqaSfbRecording_cut.wav,4.0,1.0,0.876538647,5
29542105_MinPolqaSfbRecording_cut.wav,1.6,0.894427191,0.784,5
30464373_MinPolqaSfbRecording_cut.wav,3.0,0.707106781,0.619806421,5
30450540_MinPolqaSfbRecording_cut.wav,2.2,1.095445115,0.960199979,5
30066183_MinPolqaSfbRecording_cut.wav,4.0,1.0,0.876538647,5
30491378_MinPolqaSfbRecording_cut.wav,2.6,1.140175425,0.999407825,5
30149896_MinPolqaSfbRecording_cut.wav,3.6,0.547722558,0.48009999,5
30511490_MinPolqaSfbRecording_cut.wav,1.0,0.0,0.0,4
30257235_MinPolqaSfbRecording_cut.wav,1.25,0.5,0.49,4
30493345_MinPolqaSfbRecording_cut.wav,1.25,0.5,0.49,4
30519972_MinPolqaSfbRecording_cut.wav,2.75,0.5,0.49,4
28808523_MinPolqaSfbRecording_cut.wav,3.75,0.957427108,0.938278566,4
30120201_MinPolqaSfbRecording_cut.wav,1.5,0.577350269,0.565803264,4
28281897_MinPolqaSfbRecording_cut.wav,3.25,1.258305739,1.233139624,4
30255726_MinPolqaSfbRecording_cut.wav,1.75,0.5,0.49,4
30429025_MinPolqaSfbRecording_cut.wav,3.5,1.290994449,1.26517456,4
30104986_MinPolqaSfbRecording_cut.wav,1.666666667,0.577350269,0.653333333,3
28446807_MinPolqaSfbRecording_cut.wav,3.666666667,0.577350269,0.653333333,3
28831700_MinPolqaSfbRecording_cut.wav,4.666666667,0.577350269,0.653333333,3
28543504_MinPolqaSfbRecording_cut.wav,1.333333333,0.577350269,0.653333333,3
30063106_MinPolqaSfbRecording_cut.wav,1.666666667,0.577350269,0.653333333,3
27606506_MinPolqaSfbRecording_cut.wav,4.0,1.0,1.131606528,3
30429420_MinPolqaSfbRecording_cut.wav,1.0,0.0,0.0,3
28023300_MinPolqaSfbRecording_cut.wav,4.333333333,1.154700538,1.306666667,3
30166193_MinPolqaSfbRecording_cut.wav,1.333333333,0.577350269,0.653333333,3
30514189_MinPolqaSfbRecording_cut.wav,2.0,1.414213562,1.385929291,4
30429507_MinPolqaSfbRecording_cut.wav,3.25,1.5,1.47,4
27701969_MinPolqaSfbRecording_cut.wav,4.25,0.5,0.49,4
30058841_MinPolqaSfbRecording_cut.wav,4.5,0.577350269,0.565803264,4
30503360_MinPolqaSfbRecording_cut.wav,4.0,0.0,0.0,4
28714939_MinPolqaSfbRecording_cut.wav,4.0,0.816496581,0.800166649,4
30409761_MinPolqaSfbRecording_cut.wav,4.25,0.5,0.49,4
28853302_MinPolqaSfbRecording_cut.wav,3.75,0.5,0.49,4
30104634_MinPolqaSfbRecording_cut.wav,2.4,0.547722558,0.48009999,5
30151421_MinPolqaSfbRecording_cut.wav,2.6,0.547722558,0.48009999,5
28671837_MinPolqaSfbRecording_cut.wav,3.2,0.836660027,0.733364848,5
29530019_MinPolqaSfbRecording_cut.wav,2.8,0.836660027,0.733364848,5
30093674_MinPolqaSfbRecording_cut.wav,3.4,0.547722558,0.48009999,5
30453650_MinPolqaSfbRecording_cut.wav,4.0,0.0,0.0,5
30100072_MinPolqaSfbRecording_cut.wav,1.8,0.836660027,0.733364848,5
30263381_MinPolqaSfbRecording_cut.wav,2.6,0.547722558,0.48009999,5
30073466_MinPolqaSfbRecording_cut.wav,2.5,1.290994449,1.26517456,4
28331493_MinPolqaSfbRecording_cut.wav,4.25,0.5,0.49,4
30100057_MinPolqaSfbRecording_cut.wav,3.5,1.290994449,1.26517456,4
30098094_MinPolqaSfbRecording_cut.wav,3.5,1.290994449,1.26517456,4
27642800_MinPolqaSfbRecording_cut.wav,4.75,0.5,0.49,4
30415749_MinPolqaSfbRecording_cut.wav,2.75,1.5,1.47,4
30463827_MinPolqaSfbRecording_cut.wav,2.5,1.290994449,1.26517456,4
30082651_MinPolqaSfbRecording_cut.wav,3.0,1.0,1.131606528,3
28847295_MinPolqaSfbRecording_cut.wav,3.666666667,0.577350269,0.653333333,3
28160075_MinPolqaSfbRecording_cut.wav,4.333333333,0.577350269,0.653333333,3
30157289_MinPolqaSfbRecording_cut.wav,3.666666667,0.577350269,0.653333333,3
30128434_MinPolqaSfbRecording_cut.wav,3.333333333,0.577350269,0.653333333,3
28867701_MinPolqaSfbRecording_cut.wav,4.6,0.547722558,0.48009999,5
30176287_MinPolqaSfbRecording_cut.wav,2.4,0.894427191,0.784,5
28974032_MinPolqaSfbRecording_cut.wav,3.6,0.547722558,0.48009999,5
28806902_MinPolqaSfbRecording_cut.wav,4.0,1.0,0.876538647,5
28516461_MinPolqaSfbRecording_cut.wav,4.0,0.0,0.0,5
30513528_MinPolqaSfbRecording_cut.wav,3.0,0.0,0.0,5
28018671_MinPolqaSfbRecording_cut.wav,4.8,0.447213595,0.392,5
30258409_MinPolqaSfbRecording_cut.wav,2.8,0.836660027,0.733364848,5
30096032_MinPolqaSfbRecording_cut.wav,2.0,1.0,0.876538647,5
30086232_MinPolqaSfbRecording_cut.wav,3.0,0.707106781,0.619806421,5
28799512_MinPolqaSfbRecording_cut.wav,3.8,1.303840481,1.142866571,5
30449475_MinPolqaSfbRecording_cut.wav,3.6,1.341640786,1.176,5
30530050_MinPolqaSfbRecording_cut.wav,3.8,1.095445115,0.960199979,5
30145651_MinPolqaSfbRecording_cut.wav,2.0,1.224744871,1.073536213,5
30490943_MinPolqaSfbRecording_cut.wav,4.0,0.707106781,0.619806421,5
30505950_MinPolqaSfbRecording_cut.wav,4.4,0.547722558,0.48009999,5
30102734_MinPolqaSfbRecording_cut.wav,2.8,1.483239697,1.300116918,5
30179503_MinPolqaSfbRecording_cut.wav,4.0,1.0,0.876538647,5
30089317_MinPolqaSfbRecording_cut.wav,3.8,0.836660027,0.733364848,5
30469591_MinPolqaSfbRecording_cut.wav,3.0,1.224744871,1.073536213,5
30258541_MinPolqaSfbRecording_cut.wav,3.4,1.140175425,0.999407825,5
30414151_MinPolqaSfbRecording_cut.wav,1.8,1.303840481,1.142866571,5
27843196_MinPolqaSfbRecording_cut.wav,3.8,0.836660027,0.733364848,5
30427967_MinPolqaSfbRecording_cut.wav,2.8,1.303840481,1.142866571,5
30205523_MinPolqaSfbRecording_cut.wav,3.8,1.095445115,0.960199979,5
30112270_MinPolqaSfbRecording_cut.wav,2.2,1.643167673,1.440299969,5
30147102_MinPolqaSfbRecording_cut.wav,3.0,1.414213562,1.239612843,5
30084429_MinPolqaSfbRecording_cut.wav,2.2,1.095445115,0.960199979,5
30185093_MinPolqaSfbRecording_cut.wav,1.8,0.836660027,0.733364848,5
30508548_MinPolqaSfbRecording_cut.wav,1.4,0.547722558,0.48009999,5
30207130_MinPolqaSfbRecording_cut.wav,3.0,1.224744871,1.073536213,5
30064074_MinPolqaSfbRecording_cut.wav,1.6,0.894427191,0.784,5
30120376_MinPolqaSfbRecording_cut.wav,2.8,0.836660027,0.733364848,5
30109535_MinPolqaSfbRecording_cut.wav,2.8,0.836660027,0.733364848,5
30184262_MinPolqaSfbRecording_cut.wav,4.2,0.447213595,0.392,5
28725334_MinPolqaSfbRecording_cut.wav,4.0,0.707106781,0.619806421,5
30197836_MinPolqaSfbRecording_cut.wav,2.4,1.140175425,0.999407825,5
28249364_MinPolqaSfbRecording_cut.wav,2.25,0.957427108,0.938278566,4
30423175_MinPolqaSfbRecording_cut.wav,3.0,0.816496581,0.800166649,4
30184732_MinPolqaSfbRecording_cut.wav,2.25,0.957427108,0.938278566,4
28951900_MinPolqaSfbRecording_cut.wav,3.75,0.5,0.49,4
30090010_MinPolqaSfbRecording_cut.wav,3.5,0.577350269,0.565803264,4
30193973_MinPolqaSfbRecording_cut.wav,1.5,0.577350269,0.565803264,4
30263308_MinPolqaSfbRecording_cut.wav,3.0,0.816496581,0.800166649,4
30468460_MinPolqaSfbRecording_cut.wav,2.5,1.290994449,1.26517456,4
30514034_MinPolqaSfbRecording_cut.wav,4.5,0.577350269,0.565803264,4
27679953_MinPolqaSfbRecording_cut.wav,4.75,0.5,0.49,4
30168720_MinPolqaSfbRecording_cut.wav,3.25,0.5,0.49,4
27639432_MinPolqaSfbRecording_cut.wav,4.0,0.816496581,0.800166649,4
30214036_MinPolqaSfbRecording_cut.wav,1.5,0.577350269,0.565803264,4
30432721_MinPolqaSfbRecording_cut.wav,3.25,0.957427108,0.938278566,4
30263553_MinPolqaSfbRecording_cut.wav,1.5,0.577350269,0.565803264,4
30439081_MinPolqaSfbRecording_cut.wav,3.5,1.0,0.98,4
30442353_MinPolqaSfbRecording_cut.wav,3.0,0.0,0.0,4
29538110_MinPolqaSfbRecording_cut.wav,2.75,0.5,0.49,4
30439074_MinPolqaSfbRecording_cut.wav,4.0,0.816496581,0.800166649,4
28497433_MinPolqaSfbRecording_cut.wav,3.25,0.5,0.49,4
27656218_MinPolqaSfbRecording_cut.wav,3.5,1.0,0.98,4
30479603_MinPolqaSfbRecording_cut.wav,3.0,0.0,0.0,4
30260790_MinPolqaSfbRecording_cut.wav,2.75,0.5,0.49,4
28446674_MinPolqaSfbRecording_cut.wav,2.5,0.577350269,0.565803264,4
30196402_MinPolqaSfbRecording_cut.wav,4.0,0.707106781,0.619806421,5
30468490_MinPolqaSfbRecording_cut.wav,3.2,0.836660027,0.733364848,5
30473495_MinPolqaSfbRecording_cut.wav,2.8,1.483239697,1.300116918,5
30163094_MinPolqaSfbRecording_cut.wav,2.0,1.732050808,1.518209472,5
30443922_MinPolqaSfbRecording_cut.wav,2.0,1.732050808,1.518209472,5
30113493_MinPolqaSfbRecording_cut.wav,2.8,0.836660027,0.733364848,5
30510499_MinPolqaSfbRecording_cut.wav,2.333333333,0.577350269,0.653333333,3
30448324_MinPolqaSfbRecording_cut.wav,4.333333333,0.577350269,0.653333333,3
30422871_MinPolqaSfbRecording_cut.wav,4.666666667,0.577350269,0.653333333,3
30405491_MinPolqaSfbRecording_cut.wav,4.0,1.0,1.131606528,3
30438650_MinPolqaSfbRecording_cut.wav,2.666666667,0.577350269,0.653333333,3
30255275_MinPolqaSfbRecording_cut.wav,3.0,1.0,1.131606528,3
28741447_MinPolqaSfbRecording_cut.wav,3.333333333,0.577350269,0.653333333,3
30201555_MinPolqaSfbRecording_cut.wav,1.666666667,0.577350269,0.653333333,3
30404244_MinPolqaSfbRecording_cut.wav,2.333333333,0.577350269,0.653333333,3
30066337_MinPolqaSfbRecording_cut.wav,2.666666667,0.577350269,0.653333333,3
30112437_MinPolqaSfbRecording_cut.wav,3.666666667,1.154700538,1.306666667,3
28792650_MinPolqaSfbRecording_cut.wav,3.0,2.0,2.263213055,3
30462202_MinPolqaSfbRecording_cut.wav,1.0,0.0,0.0,3
29544229_MinPolqaSfbRecording_cut.wav,3.333333333,0.577350269,0.653333333,3
30108092_MinPolqaSfbRecording_cut.wav,3.0,0.0,0.0,3
30522268_MinPolqaSfbRecording_cut.wav,3.666666667,0.577350269,0.653333333,3
30520794_MinPolqaSfbRecording_cut.wav,3.6,0.894427191,0.784,5
30080284_MinPolqaSfbRecording_cut.wav,2.6,1.140175425,0.999407825,5
27648190_MinPolqaSfbRecording_cut.wav,4.6,0.547722558,0.48009999,5
30519606_MinPolqaSfbRecording_cut.wav,3.6,0.547722558,0.48009999,5
27972456_MinPolqaSfbRecording_cut.wav,3.0,1.0,0.876538647,5
30118834_MinPolqaSfbRecording_cut.wav,2.0,0.707106781,0.619806421,5
30139044_MinPolqaSfbRecording_cut.wav,2.6,0.547722558,0.48009999,5
30085837_MinPolqaSfbRecording_cut.wav,3.2,0.447213595,0.392,5
29010348_MinPolqaSfbRecording_cut.wav,4.0,0.707106781,0.619806421,5
30109669_MinPolqaSfbRecording_cut.wav,2.8,0.447213595,0.392,5
30176306_MinPolqaSfbRecording_cut.wav,3.6,0.547722558,0.48009999,5
30416611_MinPolqaSfbRecording_cut.wav,2.8,0.836660027,0.733364848,5
29539731_MinPolqaSfbRecording_cut.wav,3.0,0.707106781,0.619806421,5
30416063_MinPolqaSfbRecording_cut.wav,2.0,0.707106781,0.619806421,5
30508870_MinPolqaSfbRecording_cut.wav,1.8,0.836660027,0.733364848,5
28026554_MinPolqaSfbRecording_cut.wav,4.4,0.547722558,0.48009999,5
28272462_MinPolqaSfbRecording_cut.wav,2.0,0.707106781,0.619806421,5
30180254_MinPolqaSfbRecording_cut.wav,1.0,0.0,0.0,5
30126291_MinPolqaSfbRecording_cut.wav,2.2,0.447213595,0.392,5
30480726_MinPolqaSfbRecording_cut.wav,2.8,0.447213595,0.392,5
29542007_MinPolqaSfbRecording_cut.wav,2.8,0.836660027,0.733364848,5
27761033_MinPolqaSfbRecording_cut.wav,3.8,0.447213595,0.392,5
30065408_MinPolqaSfbRecording_cut.wav,2.4,0.894427191,0.784,5
30095586_MinPolqaSfbRecording_cut.wav,4.0,0.707106781,0.619806421,5
30093211_MinPolqaSfbRecording_cut.wav,1.2,0.447213595,0.392,5
28696539_MinPolqaSfbRecording_cut.wav,3.2,0.447213595,0.392,5
30156653_MinPolqaSfbRecording_cut.wav,2.2,0.447213595,0.392,5
30481170_MinPolqaSfbRecording_cut.wav,3.2,1.483239697,1.300116918,5
30102812_MinPolqaSfbRecording_cut.wav,3.4,1.140175425,0.999407825,5
28815437_MinPolqaSfbRecording_cut.wav,4.0,0.707106781,0.619806421,5
28850082_MinPolqaSfbRecording_cut.wav,4.6,0.547722558,0.48009999,5
30070271_MinPolqaSfbRecording_cut.wav,1.8,0.836660027,0.733364848,5
28657274_MinPolqaSfbRecording_cut.wav,4.2,0.447213595,0.392,5
30108122_MinPolqaSfbRecording_cut.wav,3.8,0.447213595,0.392,5
28486897_MinPolqaSfbRecording_cut.wav,4.2,0.836660027,0.733364848,5
30511646_MinPolqaSfbRecording_cut.wav,2.666666667,0.577350269,0.653333333,3
30199673_MinPolqaSfbRecording_cut.wav,3.333333333,0.577350269,0.653333333,3
30123376_MinPolqaSfbRecording_cut.wav,2.666666667,0.577350269,0.653333333,3
30470153_MinPolqaSfbRecording_cut.wav,3.666666667,0.577350269,0.653333333,3
30429571_MinPolqaSfbRecording_cut.wav,2.0,0.0,0.0,3
30432603_MinPolqaSfbRecording_cut.wav,3.333333333,0.577350269,0.653333333,3
30416043_MinPolqaSfbRecording_cut.wav,1.333333333,0.577350269,0.653333333,3
30430567_MinPolqaSfbRecording_cut.wav,1.0,0.0,0.0,3
30509250_MinPolqaSfbRecording_cut.wav,3.666666667,0.577350269,0.653333333,3
30090966_MinPolqaSfbRecording_cut.wav,3.25,0.957427108,0.938278566,4
30195011_MinPolqaSfbRecording_cut.wav,2.75,1.258305739,1.233139624,4
30061437_MinPolqaSfbRecording_cut.wav,3.25,0.957427108,0.938278566,4
30091791_MinPolqaSfbRecording_cut.wav,3.5,1.0,0.98,4
28226881_MinPolqaSfbRecording_cut.wav,4.0,0.816496581,0.800166649,4
30110357_MinPolqaSfbRecording_cut.wav,3.0,0.816496581,0.800166649,4
30161863_MinPolqaSfbRecording_cut.wav,1.2,0.447213595,0.392,5
30076016_MinPolqaSfbRecording_cut.wav,2.4,0.894427191,0.784,5
30165256_MinPolqaSfbRecording_cut.wav,2.2,0.836660027,0.733364848,5
30096344_MinPolqaSfbRecording_cut.wav,1.6,0.894427191,0.784,5
30137072_MinPolqaSfbRecording_cut.wav,4.4,0.547722558,0.48009999,5
30117158_MinPolqaSfbRecording_cut.wav,2.8,0.836660027,0.733364848,5
28279408_MinPolqaSfbRecording_cut.wav,2.75,0.5,0.49,4
30469661_MinPolqaSfbRecording_cut.wav,3.0,0.816496581,0.800166649,4
30060559_MinPolqaSfbRecording_cut.wav,1.75,0.957427108,0.938278566,4
30060511_MinPolqaSfbRecording_cut.wav,1.5,1.0,0.98,4
28335731_MinPolqaSfbRecording_cut.wav,3.75,0.957427108,0.938278566,4
29535081_MinPolqaSfbRecording_cut.wav,3.5,0.577350269,0.565803264,4
27660878_MinPolqaSfbRecording_cut.wav,3.5,0.577350269,0.565803264,4
30060820_MinPolqaSfbRecording_cut.wav,2.5,1.0,0.98,4
30101002_MinPolqaSfbRecording_cut.wav,2.25,0.957427108,0.938278566,4
30059969_MinPolqaSfbRecording_cut.wav,2.25,0.957427108,0.938278566,4
30100365_MinPolqaSfbRecording_cut.wav,1.0,0.0,0.0,5
30117986_MinPolqaSfbRecording_cut.wav,3.8,0.447213595,0.392,5
30443178_MinPolqaSfbRecording_cut.wav,2.2,0.447213595,0.392,5
27586470_MinPolqaSfbRecording_cut.wav,3.2,0.836660027,0.733364848,5
30252468_MinPolqaSfbRecording_cut.wav,1.6,0.894427191,0.784,5
28298361_MinPolqaSfbRecording_cut.wav,4.2,0.447213595,0.392,5
30068137_MinPolqaSfbRecording_cut.wav,2.6,0.894427191,0.784,5
28487058_MinPolqaSfbRecording_cut.wav,4.8,0.447213595,0.392,5
30528725_MinPolqaSfbRecording_cut.wav,4.4,0.894427191,0.784,5
30462499_MinPolqaSfbRecording_cut.wav,3.2,0.836660027,0.733364848,5
30092243_MinPolqaSfbRecording_cut.wav,5.0,0.0,0.0,5
28548412_MinPolqaSfbRecording_cut.wav,4.6,0.547722558,0.48009999,5
30472415_MinPolqaSfbRecording_cut.wav,3.2,0.836660027,0.733364848,5
30169149_MinPolqaSfbRecording_cut.wav,4.8,0.447213595,0.392,5
30443623_MinPolqaSfbRecording_cut.wav,2.4,1.140175425,0.999407825,5
30067847_MinPolqaSfbRecording_cut.wav,2.8,1.303840481,1.142866571,5
30449576_MinPolqaSfbRecording_cut.wav,3.4,1.341640786,1.176,5
28760411_MinPolqaSfbRecording_cut.wav,3.6,0.547722558,0.48009999,5
30084585_MinPolqaSfbRecording_cut.wav,2.0,0.816496581,0.800166649,4
30141193_MinPolqaSfbRecording_cut.wav,2.0,0.816496581,0.800166649,4
28865267_MinPolqaSfbRecording_cut.wav,4.0,0.816496581,0.800166649,4
30507658_MinPolqaSfbRecording_cut.wav,2.25,0.5,0.49,4
30096486_MinPolqaSfbRecording_cut.wav,3.0,0.0,0.0,4
30479038_MinPolqaSfbRecording_cut.wav,2.5,0.577350269,0.565803264,4
30501727_MinPolqaSfbRecording_cut.wav,2.25,0.5,0.49,4
30087667_MinPolqaSfbRecording_cut.wav,1.75,0.957427108,0.938278566,4
30068428_MinPolqaSfbRecording_cut.wav,3.25,0.5,0.49,4
30106524_MinPolqaSfbRecording_cut.wav,3.0,1.732050808,1.96,3
30172147_MinPolqaSfbRecording_cut.wav,2.666666667,0.577350269,0.653333333,3
30447084_MinPolqaSfbRecording_cut.wav,3.0,1.0,1.131606528,3
30474966_MinPolqaSfbRecording_cut.wav,2.666666667,0.577350269,0.653333333,3
30078572_MinPolqaSfbRecording_cut.wav,3.333333333,0.577350269,0.653333333,3
30479641_MinPolqaSfbRecording_cut.wav,2.666666667,0.577350269,0.653333333,3
30108415_MinPolqaSfbRecording_cut.wav,3.666666667,1.154700538,1.306666667,3
30208584_MinPolqaSfbRecording_cut.wav,3.0,1.0,1.131606528,3
30147244_MinPolqaSfbRecording_cut.wav,1.75,0.957427108,0.938278566,4
30249612_MinPolqaSfbRecording_cut.wav,2.0,0.816496581,0.800166649,4
30511182_MinPolqaSfbRecording_cut.wav,2.5,1.0,0.98,4
30251111_MinPolqaSfbRecording_cut.wav,1.25,0.5,0.49,4
30179142_MinPolqaSfbRecording_cut.wav,1.5,0.577350269,0.565803264,4
28084234_MinPolqaSfbRecording_cut.wav,4.0,0.816496581,0.800166649,4
27922409_MinPolqaSfbRecording_cut.wav,4.25,0.957427108,0.938278566,4
29530235_MinPolqaSfbRecording_cut.wav,2.5,1.732050808,1.697409791,4
30059231_MinPolqaSfbRecording_cut.wav,3.0,1.154700538,1.131606528,4
30439751_MinPolqaSfbRecording_cut.wav,2.333333333,1.527525232,1.728557523,3
28715498_MinPolqaSfbRecording_cut.wav,4.666666667,0.577350269,0.653333333,3
28937940_MinPolqaSfbRecording_cut.wav,4.333333333,0.577350269,0.653333333,3
30089967_MinPolqaSfbRecording_cut.wav,4.666666667,0.577350269,0.653333333,3
30148842_MinPolqaSfbRecording_cut.wav,4.0,0.0,0.0,3
30509164_MinPolqaSfbRecording_cut.wav,3.333333333,1.527525232,1.728557523,3
28798127_MinPolqaSfbRecording_cut.wav,4.333333333,0.577350269,0.653333333,3
30522738_MinPolqaSfbRecording_cut.wav,3.0,0.707106781,0.619806421,5
28326268_MinPolqaSfbRecording_cut.wav,4.0,1.732050808,1.518209472,5
30259957_MinPolqaSfbRecording_cut.wav,1.6,0.547722558,0.48009999,5
30202326_MinPolqaSfbRecording_cut.wav,2.4,0.894427191,0.784,5
30198233_MinPolqaSfbRecording_cut.wav,3.2,0.836660027,0.733364848,5
29046030_MinPolqaSfbRecording_cut.wav,3.6,0.547722558,0.48009999,5
28904102_MinPolqaSfbRecording_cut.wav,4.4,0.547722558,0.48009999,5
30184235_MinPolqaSfbRecording_cut.wav,3.5,0.577350269,0.565803264,4
30453138_MinPolqaSfbRecording_cut.wav,2.5,0.577350269,0.565803264,4
30488112_MinPolqaSfbRecording_cut.wav,2.5,1.290994449,1.26517456,4
30065073_MinPolqaSfbRecording_cut.wav,2.5,0.577350269,0.565803264,4
30249200_MinPolqaSfbRecording_cut.wav,3.0,0.816496581,0.800166649,4
30140548_MinPolqaSfbRecording_cut.wav,1.75,0.5,0.49,4
30479046_MinPolqaSfbRecording_cut.wav,3.666666667,1.154700538,1.306666667,3
30127744_MinPolqaSfbRecording_cut.wav,4.0,0.0,0.0,3
30413919_MinPolqaSfbRecording_cut.wav,3.666666667,1.527525232,1.728557523,3
27610007_MinPolqaSfbRecording_cut.wav,4.0,1.0,1.131606528,3
30460355_MinPolqaSfbRecording_cut.wav,2.666666667,1.527525232,1.728557523,3
30195729_MinPolqaSfbRecording_cut.wav,3.666666667,0.577350269,0.653333333,3
28895845_MinPolqaSfbRecording_cut.wav,4.333333333,0.577350269,0.653333333,3
30404985_MinPolqaSfbRecording_cut.wav,3.666666667,0.577350269,0.653333333,3
30512522_MinPolqaSfbRecording_cut.wav,3.0,1.0,1.131606528,3
30447364_MinPolqaSfbRecording_cut.wav,4.0,0.816496581,0.800166649,4
30138851_MinPolqaSfbRecording_cut.wav,3.25,1.258305739,1.233139624,4
30091869_MinPolqaSfbRecording_cut.wav,3.25,0.957427108,0.938278566,4
30263782_MinPolqaSfbRecording_cut.wav,4.25,0.957427108,0.938278566,4
30416702_MinPolqaSfbRecording_cut.wav,1.5,0.577350269,0.565803264,4
30264411_MinPolqaSfbRecording_cut.wav,4.25,0.5,0.49,4
28748184_MinPolqaSfbRecording_cut.wav,4.0,0.816496581,0.800166649,4
30100217_MinPolqaSfbRecording_cut.wav,3.25,1.258305739,1.233139624,4
30148567_MinPolqaSfbRecording_cut.wav,1.333333333,0.577350269,0.653333333,3
30088777_MinPolqaSfbRecording_cut.wav,2.0,1.0,1.131606528,3
30083002_MinPolqaSfbRecording_cut.wav,1.666666667,1.154700538,1.306666667,3
27747199_MinPolqaSfbRecording_cut.wav,4.333333333,0.577350269,0.653333333,3
30133892_MinPolqaSfbRecording_cut.wav,2.0,1.0,1.131606528,3
30262491_MinPolqaSfbRecording_cut.wav,3.333333333,1.154700538,1.306666667,3
28236623_MinPolqaSfbRecording_cut.wav,4.333333333,0.577350269,0.653333333,3
30128704_MinPolqaSfbRecording_cut.wav,2.25,0.957427108,0.938278566,4
30408831_MinPolqaSfbRecording_cut.wav,2.0,0.0,0.0,4
30254497_MinPolqaSfbRecording_cut.wav,2.0,1.154700538,1.131606528,4
30482035_MinPolqaSfbRecording_cut.wav,2.75,0.957427108,0.938278566,4
30136452_MinPolqaSfbRecording_cut.wav,2.5,0.577350269,0.565803264,4
30165569_MinPolqaSfbRecording_cut.wav,2.5,0.577350269,0.565803264,4
30423258_MinPolqaSfbRecording_cut.wav,3.75,0.5,0.49,4
30078557_MinPolqaSfbRecording_cut.wav,2.25,0.957427108,0.938278566,4
30093167_MinPolqaSfbRecording_cut.wav,2.6,1.341640786,1.176,5
30156234_MinPolqaSfbRecording_cut.wav,1.2,0.447213595,0.392,5
30162070_MinPolqaSfbRecording_cut.wav,3.2,1.303840481,1.142866571,5
30423785_MinPolqaSfbRecording_cut.wav,2.8,1.788854382,1.568,5
30154101_MinPolqaSfbRecording_cut.wav,4.0,0.707106781,0.619806421,5
30202225_MinPolqaSfbRecording_cut.wav,2.2,1.095445115,0.960199979,5
28668476_MinPolqaSfbRecording_cut.wav,3.4,0.547722558,0.48009999,5
30057536_MinPolqaSfbRecording_cut.wav,4.0,1.0,0.876538647,5
30469664_MinPolqaSfbRecording_cut.wav,2.6,0.547722558,0.48009999,5
30199787_MinPolqaSfbRecording_cut.wav,1.8,0.836660027,0.733364848,5
27803990_MinPolqaSfbRecording_cut.wav,3.8,0.836660027,0.733364848,5
30148817_MinPolqaSfbRecording_cut.wav,2.8,0.836660027,0.733364848,5
30211028_MinPolqaSfbRecording_cut.wav,3.4,0.894427191,0.784,5
30083983_MinPolqaSfbRecording_cut.wav,3.4,0.894427191,0.784,5
30256271_MinPolqaSfbRecording_cut.wav,3.8,1.303840481,1.142866571,5
28499755_MinPolqaSfbRecording_cut.wav,4.0,0.707106781,0.619806421,5
30075286_MinPolqaSfbRecording_cut.wav,3.2,0.836660027,0.733364848,5
30455122_MinPolqaSfbRecording_cut.wav,2.0,1.224744871,1.073536213,5
30138412_MinPolqaSfbRecording_cut.wav,2.2,1.643167673,1.440299969,5
30157588_MinPolqaSfbRecording_cut.wav,3.2,1.095445115,0.960199979,5
27601075_MinPolqaSfbRecording_cut.wav,4.6,0.547722558,0.48009999,5
30483518_MinPolqaSfbRecording_cut.wav,4.2,1.095445115,0.960199979,5
30100817_MinPolqaSfbRecording_cut.wav,1.6,1.341640786,1.176,5
29542782_MinPolqaSfbRecording_cut.wav,4.0,0.0,0.0,5
30154810_MinPolqaSfbRecording_cut.wav,1.8,1.788854382,1.568,5
30484814_MinPolqaSfbRecording_cut.wav,4.0,0.0,0.0,5
30488138_MinPolqaSfbRecording_cut.wav,2.25,0.5,0.49,4
29543105_MinPolqaSfbRecording_cut.wav,3.5,1.290994449,1.26517456,4
30455273_MinPolqaSfbRecording_cut.wav,1.75,0.957427108,0.938278566,4
30429491_MinPolqaSfbRecording_cut.wav,3.25,0.5,0.49,4
30448229_MinPolqaSfbRecording_cut.wav,2.5,0.577350269,0.565803264,4
30065696_MinPolqaSfbRecording_cut.wav,2.25,0.5,0.49,4
30253676_MinPolqaSfbRecording_cut.wav,2.5,1.0,0.98,4
30470282_MinPolqaSfbRecording_cut.wav,2.0,0.816496581,0.800166649,4
30479377_MinPolqaSfbRecording_cut.wav,2.0,0.816496581,0.800166649,4
30102637_MinPolqaSfbRecording_cut.wav,3.0,0.816496581,0.800166649,4
28506080_MinPolqaSfbRecording_cut.wav,3.0,0.707106781,0.619806421,5
30492473_MinPolqaSfbRecording_cut.wav,1.0,0.0,0.0,5
30150424_MinPolqaSfbRecording_cut.wav,1.6,0.547722558,0.48009999,5
30160673_MinPolqaSfbRecording_cut.wav,3.4,1.341640786,1.176,5
30255456_MinPolqaSfbRecording_cut.wav,3.8,0.836660027,0.733364848,5
28123904_MinPolqaSfbRecording_cut.wav,4.2,0.836660027,0.733364848,5
30066293_MinPolqaSfbRecording_cut.wav,2.0,1.0,0.876538647,5
30509421_MinPolqaSfbRecording_cut.wav,3.0,0.707106781,0.619806421,5
30171622_MinPolqaSfbRecording_cut.wav,2.4,1.140175425,0.999407825,5
28486841_MinPolqaSfbRecording_cut.wav,4.2,0.447213595,0.392,5
28692789_MinPolqaSfbRecording_cut.wav,4.0,1.0,0.876538647,5
28841403_MinPolqaSfbRecording_cut.wav,3.8,0.836660027,0.733364848,5
28258673_MinPolqaSfbRecording_cut.wav,4.4,0.547722558,0.48009999,5
27951665_MinPolqaSfbRecording_cut.wav,3.8,0.836660027,0.733364848,5
30515727_MinPolqaSfbRecording_cut.wav,3.8,0.836660027,0.733364848,5
30185674_MinPolqaSfbRecording_cut.wav,1.4,0.894427191,0.784,5
27656728_MinPolqaSfbRecording_cut.wav,3.0,0.707106781,0.619806421,5
27966970_MinPolqaSfbRecording_cut.wav,2.6,0.894427191,0.784,5
29535417_MinPolqaSfbRecording_cut.wav,2.0,0.707106781,0.619806421,5
30454689_MinPolqaSfbRecording_cut.wav,2.0,1.224744871,1.073536213,5
30067318_MinPolqaSfbRecording_cut.wav,1.2,0.447213595,0.392,5
28533865_MinPolqaSfbRecording_cut.wav,3.4,0.547722558,0.48009999,5
30482777_MinPolqaSfbRecording_cut.wav,3.6,1.140175425,0.999407825,5
30069009_MinPolqaSfbRecording_cut.wav,3.8,0.447213595,0.392,5
30181968_MinPolqaSfbRecording_cut.wav,3.0,1.870828693,1.639853652,5
30163100_MinPolqaSfbRecording_cut.wav,3.4,1.516575089,1.329336677,5
30497615_MinPolqaSfbRecording_cut.wav,3.8,1.303840481,1.142866571,5
30489880_MinPolqaSfbRecording_cut.wav,4.4,0.547722558,0.48009999,5
30105140_MinPolqaSfbRecording_cut.wav,3.2,1.303840481,1.142866571,5
28276290_MinPolqaSfbRecording_cut.wav,3.6,1.140175425,0.999407825,5
30485993_MinPolqaSfbRecording_cut.wav,1.25,0.5,0.49,4
30162059_MinPolqaSfbRecording_cut.wav,1.5,0.577350269,0.565803264,4
30508757_MinPolqaSfbRecording_cut.wav,3.5,1.0,0.98,4
28183275_MinPolqaSfbRecording_cut.wav,3.75,0.957427108,0.938278566,4
30186039_MinPolqaSfbRecording_cut.wav,3.5,0.577350269,0.565803264,4
30133877_MinPolqaSfbRecording_cut.wav,4.0,0.816496581,0.800166649,4
30068903_MinPolqaSfbRecording_cut.wav,4.25,0.957427108,0.938278566,4
30252489_MinPolqaSfbRecording_cut.wav,3.0,0.816496581,0.800166649,4
30482437_MinPolqaSfbRecording_cut.wav,3.5,1.0,0.98,4
30428475_MinPolqaSfbRecording_cut.wav,2.75,0.957427108,0.938278566,4
30497411_MinPolqaSfbRecording_cut.wav,2.5,1.290994449,1.26517456,4
30146564_MinPolqaSfbRecording_cut.wav,3.5,0.577350269,0.565803264,4
30438403_MinPolqaSfbRecording_cut.wav,2.25,1.258305739,1.233139624,4
30509073_MinPolqaSfbRecording_cut.wav,2.0,1.414213562,1.385929291,4
28418590_MinPolqaSfbRecording_cut.wav,4.25,0.5,0.49,4
30472314_MinPolqaSfbRecording_cut.wav,3.25,0.957427108,0.938278566,4
30529472_MinPolqaSfbRecording_cut.wav,1.4,0.547722558,0.48009999,5
28202344_MinPolqaSfbRecording_cut.wav,2.6,0.547722558,0.48009999,5
30483516_MinPolqaSfbRecording_cut.wav,3.8,0.836660027,0.733364848,5
30454692_MinPolqaSfbRecording_cut.wav,2.0,0.707106781,0.619806421,5
30468745_MinPolqaSfbRecording_cut.wav,2.2,0.447213595,0.392,5
29532822_MinPolqaSfbRecording_cut.wav,4.2,0.836660027,0.733364848,5
30093324_MinPolqaSfbRecording_cut.wav,2.6,0.894427191,0.784,5
30143184_MinPolqaSfbRecording_cut.wav,3.4,0.547722558,0.48009999,5
30528750_MinPolqaSfbRecording_cut.wav,3.8,0.447213595,0.392,5
30059060_MinPolqaSfbRecording_cut.wav,1.2,0.447213595,0.392,5
30101702_MinPolqaSfbRecording_cut.wav,1.2,0.447213595,0.392,5
30417057_MinPolqaSfbRecording_cut.wav,2.2,0.836660027,0.733364848,5
30461944_MinPolqaSfbRecording_cut.wav,1.0,0.0,0.0,5
30135848_MinPolqaSfbRecording_cut.wav,2.5,1.290994449,1.26517456,4
30417625_MinPolqaSfbRecording_cut.wav,2.5,1.290994449,1.26517456,4
30060878_MinPolqaSfbRecording_cut.wav,3.25,0.5,0.49,4
30163629_MinPolqaSfbRecording_cut.wav,3.0,0.816496581,0.800166649,4
30166437_MinPolqaSfbRecording_cut.wav,3.25,0.5,0.49,4
30129578_MinPolqaSfbRecording_cut.wav,2.75,1.258305739,1.233139624,4
30083547_MinPolqaSfbRecording_cut.wav,4.25,0.5,0.49,4
30067979_MinPolqaSfbRecording_cut.wav,2.25,1.892969449,1.85511006,4
30483760_MinPolqaSfbRecording_cut.wav,2.0,1.154700538,1.131606528,4
30183495_MinPolqaSfbRecording_cut.wav,2.25,1.5,1.47,4
30136223_MinPolqaSfbRecording_cut.wav,2.25,1.5,1.47,4
30430321_MinPolqaSfbRecording_cut.wav,1.0,0.0,0.0,4
30496960_MinPolqaSfbRecording_cut.wav,1.75,0.957427108,0.938278566,4
27834006_MinPolqaSfbRecording_cut.wav,4.25,0.957427108,0.938278566,4
30529792_MinPolqaSfbRecording_cut.wav,1.5,0.577350269,0.565803264,4
30165913_MinPolqaSfbRecording_cut.wav,1.75,0.957427108,0.938278566,4
30067246_MinPolqaSfbRecording_cut.wav,1.25,0.5,0.49,4
30160906_MinPolqaSfbRecording_cut.wav,3.0,1.414213562,1.385929291,4
30098759_MinPolqaSfbRecording_cut.wav,3.75,0.957427108,0.938278566,4
28445857_MinPolqaSfbRecording_cut.wav,3.75,0.957427108,0.938278566,4
30183231_MinPolqaSfbRecording_cut.wav,1.75,0.5,0.49,4
30166845_MinPolqaSfbRecording_cut.wav,3.25,0.5,0.49,4
30062730_MinPolqaSfbRecording_cut.wav,2.0,0.816496581,0.800166649,4
30120263_MinPolqaSfbRecording_cut.wav,3.75,0.5,0.49,4
30099859_MinPolqaSfbRecording_cut.wav,1.25,0.5,0.49,4
28151812_MinPolqaSfbRecording_cut.wav,3.25,0.5,0.49,4
30456313_MinPolqaSfbRecording_cut.wav,3.25,0.957427108,0.938278566,4
30423492_MinPolqaSfbRecording_cut.wav,2.0,0.0,0.0,4
30453066_MinPolqaSfbRecording_cut.wav,4.0,0.707106781,0.619806421,5
30132584_MinPolqaSfbRecording_cut.wav,4.4,0.547722558,0.48009999,5
30178552_MinPolqaSfbRecording_cut.wav,3.8,0.836660027,0.733364848,5
30086352_MinPolqaSfbRecording_cut.wav,4.2,0.836660027,0.733364848,5
30453904_MinPolqaSfbRecording_cut.wav,4.0,0.707106781,0.619806421,5
28467382_MinPolqaSfbRecording_cut.wav,4.4,0.547722558,0.48009999,5
29542365_MinPolqaSfbRecording_cut.wav,2.8,1.303840481,1.142866571,5
30135877_MinPolqaSfbRecording_cut.wav,3.0,1.0,0.876538647,5
30134333_MinPolqaSfbRecording_cut.wav,4.5,0.577350269,0.565803264,4
30083518_MinPolqaSfbRecording_cut.wav,1.75,1.5,1.47,4
30156006_MinPolqaSfbRecording_cut.wav,3.0,1.414213562,1.385929291,4
30193224_MinPolqaSfbRecording_cut.wav,4.25,0.957427108,0.938278566,4
30081647_MinPolqaSfbRecording_cut.wav,4.75,0.5,0.49,4
30110573_MinPolqaSfbRecording_cut.wav,3.25,1.258305739,1.233139624,4
27645427_MinPolqaSfbRecording_cut.wav,3.25,1.258305739,1.233139624,4
30515897_MinPolqaSfbRecording_cut.wav,1.666666667,0.577350269,0.653333333,3
30444127_MinPolqaSfbRecording_cut.wav,3.333333333,0.577350269,0.653333333,3
30141567_MinPolqaSfbRecording_cut.wav,1.666666667,0.577350269,0.653333333,3
28627075_MinPolqaSfbRecording_cut.wav,4.333333333,0.577350269,0.653333333,3
30488618_MinPolqaSfbRecording_cut.wav,3.0,1.0,1.131606528,3
30439070_MinPolqaSfbRecording_cut.wav,2.666666667,0.577350269,0.653333333,3
30523537_MinPolqaSfbRecording_cut.wav,3.0,0.0,0.0,3
30169663_MinPolqaSfbRecording_cut.wav,4.666666667,0.577350269,0.653333333,3
30470735_MinPolqaSfbRecording_cut.wav,4.0,1.0,1.131606528,3
28340291_MinPolqaSfbRecording_cut.wav,3.666666667,1.154700538,1.306666667,3
27918258_MinPolqaSfbRecording_cut.wav,3.2,0.836660027,0.733364848,5
30503070_MinPolqaSfbRecording_cut.wav,2.4,1.140175425,0.999407825,5
30100560_MinPolqaSfbRecording_cut.wav,2.8,0.836660027,0.733364848,5
30093292_MinPolqaSfbRecording_cut.wav,2.0,0.707106781,0.619806421,5
29014983_MinPolqaSfbRecording_cut.wav,3.0,0.707106781,0.619806421,5
30129015_MinPolqaSfbRecording_cut.wav,1.4,0.547722558,0.48009999,5
30423722_MinPolqaSfbRecording_cut.wav,2.6,1.140175425,0.999407825,5
30102789_MinPolqaSfbRecording_cut.wav,2.6,0.894427191,0.784,5
30097257_MinPolqaSfbRecording_cut.wav,2.2,1.303840481,1.142866571,5
30468587_MinPolqaSfbRecording_cut.wav,1.75,0.957427108,0.938278566,4
28789673_MinPolqaSfbRecording_cut.wav,3.5,1.290994449,1.26517456,4
30489991_MinPolqaSfbRecording_cut.wav,1.5,0.577350269,0.565803264,4
30128378_MinPolqaSfbRecording_cut.wav,2.5,1.0,0.98,4
30206145_MinPolqaSfbRecording_cut.wav,1.25,0.5,0.49,4
28148345_MinPolqaSfbRecording_cut.wav,3.75,1.5,1.47,4
28713309_MinPolqaSfbRecording_cut.wav,3.75,0.957427108,0.938278566,4
30493739_MinPolqaSfbRecording_cut.wav,3.25,1.258305739,1.233139624,4
30105855_MinPolqaSfbRecording_cut.wav,3.0,1.414213562,1.385929291,4
30450432_MinPolqaSfbRecording_cut.wav,2.5,1.732050808,1.697409791,4
30249204_MinPolqaSfbRecording_cut.wav,3.0,1.414213562,1.385929291,4
30489355_MinPolqaSfbRecording_cut.wav,3.5,1.0,0.98,4
30514081_MinPolqaSfbRecording_cut.wav,3.25,1.258305739,1.233139624,4
30083038_MinPolqaSfbRecording_cut.wav,2.25,1.892969449,1.85511006,4
30076313_MinPolqaSfbRecording_cut.wav,3.25,1.5,1.47,4
30073568_MinPolqaSfbRecording_cut.wav,1.8,0.836660027,0.733364848,5
30097690_MinPolqaSfbRecording_cut.wav,3.0,1.224744871,1.073536213,5
30404314_MinPolqaSfbRecording_cut.wav,1.4,0.547722558,0.48009999,5
30510336_MinPolqaSfbRecording_cut.wav,3.2,0.447213595,0.392,5
27870954_MinPolqaSfbRecording_cut.wav,3.4,0.547722558,0.48009999,5
30166346_MinPolqaSfbRecording_cut.wav,3.0,0.707106781,0.619806421,5
30125022_MinPolqaSfbRecording_cut.wav,3.4,0.547722558,0.48009999,5
27630555_MinPolqaSfbRecording_cut.wav,3.2,0.447213595,0.392,5
30477881_MinPolqaSfbRecording_cut.wav,2.0,0.707106781,0.619806421,5
30086735_MinPolqaSfbRecording_cut.wav,1.8,0.836660027,0.733364848,5
28351485_MinPolqaSfbRecording_cut.wav,4.0,0.0,0.0,4
30252341_MinPolqaSfbRecording_cut.wav,2.5,1.732050808,1.697409791,4
28988289_MinPolqaSfbRecording_cut.wav,3.75,0.5,0.49,4
30214281_MinPolqaSfbRecording_cut.wav,2.75,0.957427108,0.938278566,4
30151992_MinPolqaSfbRecording_cut.wav,2.5,0.577350269,0.565803264,4
30148755_MinPolqaSfbRecording_cut.wav,2.5,1.0,0.98,4
30093289_MinPolqaSfbRecording_cut.wav,2.5,1.0,0.98,4
30210817_MinPolqaSfbRecording_cut.wav,2.25,1.258305739,1.233139624,4
30422358_MinPolqaSfbRecording_cut.wav,3.0,0.816496581,0.800166649,4
29538132_MinPolqaSfbRecording_cut.wav,2.25,0.5,0.49,4
30424414_MinPolqaSfbRecording_cut.wav,3.0,0.0,0.0,4
30483743_MinPolqaSfbRecording_cut.wav,3.5,1.0,0.98,4
28716359_MinPolqaSfbRecording_cut.wav,4.25,0.5,0.49,4
30512817_MinPolqaSfbRecording_cut.wav,2.25,0.5,0.49,4
30509253_MinPolqaSfbRecording_cut.wav,2.75,0.5,0.49,4
30148564_MinPolqaSfbRecording_cut.wav,2.25,0.5,0.49,4
28234419_MinPolqaSfbRecording_cut.wav,4.0,0.816496581,0.800166649,4
28721975_MinPolqaSfbRecording_cut.wav,3.75,0.5,0.49,4
27864076_MinPolqaSfbRecording_cut.wav,2.8,0.836660027,0.733364848,5
30147668_MinPolqaSfbRecording_cut.wav,1.8,0.836660027,0.733364848,5
30508908_MinPolqaSfbRecording_cut.wav,1.6,0.547722558,0.48009999,5
30255616_MinPolqaSfbRecording_cut.wav,3.2,0.836660027,0.733364848,5
29539701_MinPolqaSfbRecording_cut.wav,1.8,0.836660027,0.733364848,5
28211636_MinPolqaSfbRecording_cut.wav,4.6,0.547722558,0.48009999,5
30073130_MinPolqaSfbRecording_cut.wav,2.6,1.140175425,0.999407825,5
30461216_MinPolqaSfbRecording_cut.wav,3.8,0.447213595,0.392,5
29543077_MinPolqaSfbRecording_cut.wav,3.6,0.547722558,0.48009999,5
30487062_MinPolqaSfbRecording_cut.wav,2.2,0.836660027,0.733364848,5
28670064_MinPolqaSfbRecording_cut.wav,4.0,0.707106781,0.619806421,5
28775231_MinPolqaSfbRecording_cut.wav,4.0,0.707106781,0.619806421,5
30453000_MinPolqaSfbRecording_cut.wav,3.6,0.547722558,0.48009999,5
30147818_MinPolqaSfbRecording_cut.wav,2.2,0.836660027,0.733364848,5
30200158_MinPolqaSfbRecording_cut.wav,2.6,0.547722558,0.48009999,5
30134553_MinPolqaSfbRecording_cut.wav,2.8,1.095445115,0.960199979,5
30522836_MinPolqaSfbRecording_cut.wav,2.6,0.894427191,0.784,5
30202201_MinPolqaSfbRecording_cut.wav,2.2,1.303840481,1.142866571,5
28542441_MinPolqaSfbRecording_cut.wav,3.2,0.447213595,0.392,5
30165909_MinPolqaSfbRecording_cut.wav,3.0,0.707106781,0.619806421,5
30452082_MinPolqaSfbRecording_cut.wav,2.4,0.894427191,0.784,5
30211303_MinPolqaSfbRecording_cut.wav,3.0,0.0,0.0,5
27611028_MinPolqaSfbRecording_cut.wav,3.2,0.836660027,0.733364848,5
28313994_MinPolqaSfbRecording_cut.wav,3.4,0.547722558,0.48009999,5
28260261_MinPolqaSfbRecording_cut.wav,3.6,0.894427191,0.784,5
30079520_MinPolqaSfbRecording_cut.wav,3.8,0.447213595,0.392,5
30422157_MinPolqaSfbRecording_cut.wav,2.8,0.836660027,0.733364848,5
30147574_MinPolqaSfbRecording_cut.wav,2.0,0.707106781,0.619806421,5
30137291_MinPolqaSfbRecording_cut.wav,3.0,1.414213562,1.385929291,4
30414301_MinPolqaSfbRecording_cut.wav,2.5,1.732050808,1.697409791,4
28110251_MinPolqaSfbRecording_cut.wav,4.0,0.0,0.0,4
30175068_MinPolqaSfbRecording_cut.wav,3.0,1.632993162,1.600333299,4
30207707_MinPolqaSfbRecording_cut.wav,4.5,0.577350269,0.565803264,4
30174736_MinPolqaSfbRecording_cut.wav,3.75,0.5,0.49,4
29531395_MinPolqaSfbRecording_cut.wav,2.5,1.0,0.98,4
30460887_MinPolqaSfbRecording_cut.wav,3.6,0.547722558,0.48009999,5
30089274_MinPolqaSfbRecording_cut.wav,3.4,0.547722558,0.48009999,5
30192992_MinPolqaSfbRecording_cut.wav,3.2,0.836660027,0.733364848,5
30424546_MinPolqaSfbRecording_cut.wav,3.4,1.140175425,0.999407825,5
27567573_MinPolqaSfbRecording_cut.wav,3.8,1.095445115,0.960199979,5
30163189_MinPolqaSfbRecording_cut.wav,1.8,1.095445115,0.960199979,5
30151589_MinPolqaSfbRecording_cut.wav,2.8,1.095445115,0.960199979,5
28768506_MinPolqaSfbRecording_cut.wav,3.5,0.577350269,0.565803264,4
30088699_MinPolqaSfbRecording_cut.wav,1.75,0.5,0.49,4
30133026_MinPolqaSfbRecording_cut.wav,3.5,0.577350269,0.565803264,4
28438032_MinPolqaSfbRecording_cut.wav,3.75,0.957427108,0.938278566,4
29536152_MinPolqaSfbRecording_cut.wav,3.25,0.957427108,0.938278566,4
28682093_MinPolqaSfbRecording_cut.wav,4.75,0.5,0.49,4
30148035_MinPolqaSfbRecording_cut.wav,2.0,0.816496581,0.800166649,4
27683251_MinPolqaSfbRecording_cut.wav,4.5,0.577350269,0.565803264,4
29534321_MinPolqaSfbRecording_cut.wav,3.0,0.816496581,0.800166649,4
30103216_MinPolqaSfbRecording_cut.wav,2.25,1.258305739,1.233139624,4
30486930_MinPolqaSfbRecording_cut.wav,2.75,0.957427108,0.938278566,4
27525918_MinPolqaSfbRecording_cut.wav,4.0,0.816496581,0.800166649,4
30126255_MinPolqaSfbRecording_cut.wav,2.25,1.258305739,1.233139624,4
30192664_MinPolqaSfbRecording_cut.wav,2.5,1.0,0.98,4
30492053_MinPolqaSfbRecording_cut.wav,2.0,1.414213562,1.385929291,4
30171723_MinPolqaSfbRecording_cut.wav,3.25,0.5,0.49,4
30132482_MinPolqaSfbRecording_cut.wav,2.0,1.414213562,1.96,2
30131955_MinPolqaSfbRecording_cut.wav,3.0,0.0,0.0,2
27799201_MinPolqaSfbRecording_cut.wav,5.0,0.0,0.0,2
30209284_MinPolqaSfbRecording_cut.wav,4.5,0.707106781,0.98,2
30455269_MinPolqaSfbRecording_cut.wav,4.0,0.0,0.0,2
30119709_MinPolqaSfbRecording_cut.wav,3.5,0.707106781,0.98,2
29001883_MinPolqaSfbRecording_cut.wav,3.0,0.0,0.0,2
30433036_MinPolqaSfbRecording_cut.wav,1.0,0.0,0.0,2
30468127_MinPolqaSfbRecording_cut.wav,2.8,0.447213595,0.392,5
30263629_MinPolqaSfbRecording_cut.wav,4.2,0.836660027,0.733364848,5
30527148_MinPolqaSfbRecording_cut.wav,3.8,0.447213595,0.392,5
30479187_MinPolqaSfbRecording_cut.wav,1.6,0.547722558,0.48009999,5
28487728_MinPolqaSfbRecording_cut.wav,4.0,0.707106781,0.619806421,5
30096633_MinPolqaSfbRecording_cut.wav,2.2,0.447213595,0.392,5
30091372_MinPolqaSfbRecording_cut.wav,3.6,0.894427191,0.784,5
30198457_MinPolqaSfbRecording_cut.wav,1.0,0.0,0.0,4
28241976_MinPolqaSfbRecording_cut.wav,4.5,1.0,0.98,4
28911360_MinPolqaSfbRecording_cut.wav,4.5,0.577350269,0.565803264,4
30485388_MinPolqaSfbRecording_cut.wav,2.75,0.957427108,0.938278566,4
30478543_MinPolqaSfbRecording_cut.wav,2.5,1.290994449,1.26517456,4
30490427_MinPolqaSfbRecording_cut.wav,2.0,0.0,0.0,4
28511358_MinPolqaSfbRecording_cut.wav,2.0,0.0,0.0,4
30154811_MinPolqaSfbRecording_cut.wav,2.5,0.577350269,0.565803264,4
30404907_MinPolqaSfbRecording_cut.wav,4.0,0.0,0.0,4
30502448_MinPolqaSfbRecording_cut.wav,3.25,0.5,0.49,4
25877340_MinPolqaSfbRecording_cut.wav,4.0,0.816496581,0.800166649,4
30482560_MinPolqaSfbRecording_cut.wav,2.75,0.5,0.49,4
30483932_MinPolqaSfbRecording_cut.wav,1.75,0.5,0.49,4
30263234_MinPolqaSfbRecording_cut.wav,3.25,0.5,0.49,4
30527533_MinPolqaSfbRecording_cut.wav,2.75,0.957427108,0.938278566,4
28142328_MinPolqaSfbRecording_cut.wav,4.25,0.5,0.49,4
30501298_MinPolqaSfbRecording_cut.wav,3.0,1.414213562,1.385929291,4
30202630_MinPolqaSfbRecording_cut.wav,3.6,0.894427191,0.784,5
30168412_MinPolqaSfbRecording_cut.wav,2.6,0.894427191,0.784,5
30082992_MinPolqaSfbRecording_cut.wav,3.8,1.095445115,0.960199979,5
30089356_MinPolqaSfbRecording_cut.wav,1.6,0.547722558,0.48009999,5
30496378_MinPolqaSfbRecording_cut.wav,1.4,0.547722558,0.48009999,5
30092119_MinPolqaSfbRecording_cut.wav,2.2,0.447213595,0.392,5
30134340_MinPolqaSfbRecording_cut.wav,3.0,0.707106781,0.619806421,5
28924218_MinPolqaSfbRecording_cut.wav,4.4,0.547722558,0.48009999,5
30442328_MinPolqaSfbRecording_cut.wav,3.2,1.095445115,0.960199979,5
30490559_MinPolqaSfbRecording_cut.wav,2.5,1.290994449,1.26517456,4
30146420_MinPolqaSfbRecording_cut.wav,3.25,0.957427108,0.938278566,4
30083157_MinPolqaSfbRecording_cut.wav,2.5,1.914854216,1.876557131,4
30200840_MinPolqaSfbRecording_cut.wav,3.75,0.957427108,0.938278566,4
28634542_MinPolqaSfbRecording_cut.wav,4.0,0.816496581,0.800166649,4
30484099_MinPolqaSfbRecording_cut.wav,3.0,1.414213562,1.385929291,4
28342834_MinPolqaSfbRecording_cut.wav,3.75,0.957427108,0.938278566,4
30201729_MinPolqaSfbRecording_cut.wav,3.25,1.5,1.47,4
28612936_MinPolqaSfbRecording_cut.wav,3.75,1.5,1.47,4
28683587_MinPolqaSfbRecording_cut.wav,3.75,0.5,0.49,4
30183750_MinPolqaSfbRecording_cut.wav,3.25,0.5,0.49,4
30453265_MinPolqaSfbRecording_cut.wav,3.5,0.577350269,0.565803264,4
30407239_MinPolqaSfbRecording_cut.wav,3.25,1.258305739,1.233139624,4
30148775_MinPolqaSfbRecording_cut.wav,2.5,1.732050808,1.697409791,4
27854131_MinPolqaSfbRecording_cut.wav,3.5,0.577350269,0.565803264,4
30147561_MinPolqaSfbRecording_cut.wav,1.8,1.303840481,1.142866571,5
29537317_MinPolqaSfbRecording_cut.wav,3.0,0.707106781,0.619806421,5
30091334_MinPolqaSfbRecording_cut.wav,3.2,1.095445115,0.960199979,5
27935917_MinPolqaSfbRecording_cut.wav,4.2,0.447213595,0.392,5
30143381_MinPolqaSfbRecording_cut.wav,2.2,1.095445115,0.960199979,5
30079290_MinPolqaSfbRecording_cut.wav,4.0,0.707106781,0.619806421,5
29534084_MinPolqaSfbRecording_cut.wav,1.8,1.095445115,0.960199979,5
30258601_MinPolqaSfbRecording_cut.wav,2.8,0.836660027,0.733364848,5
30113130_MinPolqaSfbRecording_cut.wav,2.4,1.140175425,0.999407825,5
28150509_MinPolqaSfbRecording_cut.wav,3.0,0.0,0.0,3
30155779_MinPolqaSfbRecording_cut.wav,3.0,1.0,1.131606528,3
30460500_MinPolqaSfbRecording_cut.wav,1.0,0.0,0.0,3
29534183_MinPolqaSfbRecording_cut.wav,2.0,0.0,0.0,3
30446849_MinPolqaSfbRecording_cut.wav,2.0,0.0,0.0,3
30112308_MinPolqaSfbRecording_cut.wav,2.666666667,0.577350269,0.653333333,3
30153789_MinPolqaSfbRecording_cut.wav,2.0,1.0,1.131606528,3
30430156_MinPolqaSfbRecording_cut.wav,2.666666667,0.577350269,0.653333333,3
28237386_MinPolqaSfbRecording_cut.wav,3.333333333,0.577350269,0.653333333,3
30097317_MinPolqaSfbRecording_cut.wav,2.4,0.547722558,0.48009999,5
30497514_MinPolqaSfbRecording_cut.wav,2.8,0.836660027,0.733364848,5
30093311_MinPolqaSfbRecording_cut.wav,2.4,0.894427191,0.784,5
30119656_MinPolqaSfbRecording_cut.wav,2.8,0.836660027,0.733364848,5
30255570_MinPolqaSfbRecording_cut.wav,2.8,0.836660027,0.733364848,5
30433033_MinPolqaSfbRecording_cut.wav,3.8,0.836660027,0.733364848,5
30088546_MinPolqaSfbRecording_cut.wav,3.0,0.707106781,0.619806421,5
30098447_MinPolqaSfbRecording_cut.wav,2.2,0.836660027,0.733364848,5
30105970_MinPolqaSfbRecording_cut.wav,4.0,1.154700538,1.131606528,4
30519496_MinPolqaSfbRecording_cut.wav,3.75,0.957427108,0.938278566,4
30132220_MinPolqaSfbRecording_cut.wav,2.25,1.892969449,1.85511006,4
30123665_MinPolqaSfbRecording_cut.wav,2.75,1.707825128,1.673668625,4
28697166_MinPolqaSfbRecording_cut.wav,4.75,0.5,0.49,4
30519690_MinPolqaSfbRecording_cut.wav,2.5,1.914854216,1.876557131,4
30487807_MinPolqaSfbRecording_cut.wav,3.25,1.258305739,1.233139624,4
30061467_MinPolqaSfbRecording_cut.wav,3.25,1.5,1.47,4
30107848_MinPolqaSfbRecording_cut.wav,3.0,1.414213562,1.385929291,4
28042499_MinPolqaSfbRecording_cut.wav,3.5,1.290994449,1.26517456,4
30171292_MinPolqaSfbRecording_cut.wav,4.0,1.154700538,1.131606528,4
30171892_MinPolqaSfbRecording_cut.wav,3.25,0.5,0.49,4
30096872_MinPolqaSfbRecording_cut.wav,2.5,1.290994449,1.26517456,4
30068447_MinPolqaSfbRecording_cut.wav,3.25,0.5,0.49,4
30083009_MinPolqaSfbRecording_cut.wav,3.0,1.154700538,1.131606528,4
30099063_MinPolqaSfbRecording_cut.wav,3.0,1.414213562,1.385929291,4
30484823_MinPolqaSfbRecording_cut.wav,3.25,1.258305739,1.233139624,4
28891057_MinPolqaSfbRecording_cut.wav,3.0,0.707106781,0.619806421,5
27924348_MinPolqaSfbRecording_cut.wav,3.4,0.547722558,0.48009999,5
29026672_MinPolqaSfbRecording_cut.wav,4.0,0.707106781,0.619806421,5
28516490_MinPolqaSfbRecording_cut.wav,3.8,0.836660027,0.733364848,5
29027307_MinPolqaSfbRecording_cut.wav,3.0,0.707106781,0.619806421,5
30091450_MinPolqaSfbRecording_cut.wav,3.4,0.894427191,0.784,5
30497243_MinPolqaSfbRecording_cut.wav,3.2,0.836660027,0.733364848,5
30466907_MinPolqaSfbRecording_cut.wav,2.0,0.707106781,0.619806421,5
30523921_MinPolqaSfbRecording_cut.wav,2.6,0.547722558,0.48009999,5
29050841_MinPolqaSfbRecording_cut.wav,4.25,0.5,0.49,4
30082939_MinPolqaSfbRecording_cut.wav,1.25,0.5,0.49,4
28203137_MinPolqaSfbRecording_cut.wav,3.75,0.5,0.49,4
30530763_MinPolqaSfbRecording_cut.wav,2.75,0.957427108,0.938278566,4
30163689_MinPolqaSfbRecording_cut.wav,1.5,0.577350269,0.565803264,4
30087608_MinPolqaSfbRecording_cut.wav,3.5,1.290994449,1.26517456,4
30493615_MinPolqaSfbRecording_cut.wav,2.25,0.957427108,0.938278566,4
30099656_MinPolqaSfbRecording_cut.wav,2.5,1.290994449,1.26517456,4
28737096_MinPolqaSfbRecording_cut.wav,4.25,0.957427108,0.938278566,4
28048804_MinPolqaSfbRecording_cut.wav,4.333333333,0.577350269,0.653333333,3
30456192_MinPolqaSfbRecording_cut.wav,1.0,0.0,0.0,3
30261187_MinPolqaSfbRecording_cut.wav,1.333333333,0.577350269,0.653333333,3
30478465_MinPolqaSfbRecording_cut.wav,3.0,0.0,0.0,3
30160639_MinPolqaSfbRecording_cut.wav,2.666666667,1.527525232,1.728557523,3
30264423_MinPolqaSfbRecording_cut.wav,1.666666667,1.154700538,1.306666667,3
27825701_MinPolqaSfbRecording_cut.wav,4.0,1.0,1.131606528,3
28089852_MinPolqaSfbRecording_cut.wav,4.333333333,0.577350269,0.653333333,3
30409360_MinPolqaSfbRecording_cut.wav,2.333333333,0.577350269,0.653333333,3
30248924_MinPolqaSfbRecording_cut.wav,4.4,0.547722558,0.48009999,5
30206233_MinPolqaSfbRecording_cut.wav,4.0,0.707106781,0.619806421,5
29538753_MinPolqaSfbRecording_cut.wav,3.2,0.836660027,0.733364848,5
28808595_MinPolqaSfbRecording_cut.wav,4.6,0.547722558,0.48009999,5
30424441_MinPolqaSfbRecording_cut.wav,3.8,0.836660027,0.733364848,5
29043384_MinPolqaSfbRecording_cut.wav,3.8,0.447213595,0.392,5
28087274_MinPolqaSfbRecording_cut.wav,2.4,0.547722558,0.48009999,5
30401007_MinPolqaSfbRecording_cut.wav,3.2,0.447213595,0.392,5
30527164_MinPolqaSfbRecording_cut.wav,2.2,0.836660027,0.733364848,5
28489528_MinPolqaSfbRecording_cut.wav,3.8,0.447213595,0.392,5
30125009_MinPolqaSfbRecording_cut.wav,4.0,0.707106781,0.619806421,5
30135661_MinPolqaSfbRecording_cut.wav,3.6,1.140175425,0.999407825,5
30070849_MinPolqaSfbRecording_cut.wav,3.0,1.0,0.876538647,5
30254761_MinPolqaSfbRecording_cut.wav,3.4,0.894427191,0.784,5
29533338_MinPolqaSfbRecording_cut.wav,1.8,0.836660027,0.733364848,5
30097650_MinPolqaSfbRecording_cut.wav,1.0,0.0,0.0,5
30426867_MinPolqaSfbRecording_cut.wav,3.5,1.0,0.98,4
30455744_MinPolqaSfbRecording_cut.wav,4.25,0.5,0.49,4
28134566_MinPolqaSfbRecording_cut.wav,3.5,0.577350269,0.565803264,4
30421165_MinPolqaSfbRecording_cut.wav,2.5,1.290994449,1.26517456,4
29533995_MinPolqaSfbRecording_cut.wav,3.0,0.816496581,0.800166649,4
29037942_MinPolqaSfbRecording_cut.wav,4.5,0.577350269,0.565803264,4
30511541_MinPolqaSfbRecording_cut.wav,3.25,1.5,1.47,4
30213505_MinPolqaSfbRecording_cut.wav,4.5,0.577350269,0.565803264,4
30161252_MinPolqaSfbRecording_cut.wav,2.25,0.957427108,0.938278566,4
29542202_MinPolqaSfbRecording_cut.wav,1.5,0.577350269,0.565803264,4
30450571_MinPolqaSfbRecording_cut.wav,3.0,0.816496581,0.800166649,4
30162079_MinPolqaSfbRecording_cut.wav,3.25,0.5,0.49,4
28641468_MinPolqaSfbRecording_cut.wav,4.5,0.577350269,0.565803264,4
30089075_MinPolqaSfbRecording_cut.wav,3.25,0.5,0.49,4
30172150_MinPolqaSfbRecording_cut.wav,3.25,0.5,0.49,4
30454299_MinPolqaSfbRecording_cut.wav,2.5,0.577350269,0.565803264,4
27861531_MinPolqaSfbRecording_cut.wav,4.75,0.5,0.49,4
30207596_MinPolqaSfbRecording_cut.wav,2.4,1.949358869,1.708688386,5
30177420_MinPolqaSfbRecording_cut.wav,3.2,1.303840481,1.142866571,5
29537824_MinPolqaSfbRecording_cut.wav,2.0,1.732050808,1.518209472,5
30096582_MinPolqaSfbRecording_cut.wav,2.4,1.673320053,1.466729696,5
30478340_MinPolqaSfbRecording_cut.wav,3.4,1.516575089,1.329336677,5
30067218_MinPolqaSfbRecording_cut.wav,2.8,1.788854382,1.568,5
30250678_MinPolqaSfbRecording_cut.wav,2.2,1.788854382,1.568,5
30143903_MinPolqaSfbRecording_cut.wav,3.2,0.836660027,0.733364848,5
30096773_MinPolqaSfbRecording_cut.wav,2.4,1.673320053,1.466729696,5
30414120_MinPolqaSfbRecording_cut.wav,3.4,1.140175425,0.999407825,5
30484782_MinPolqaSfbRecording_cut.wav,3.8,1.303840481,1.142866571,5
28418189_MinPolqaSfbRecording_cut.wav,1.6,0.894427191,0.784,5
30185162_MinPolqaSfbRecording_cut.wav,2.4,0.894427191,0.784,5
30178069_MinPolqaSfbRecording_cut.wav,2.8,1.303840481,1.142866571,5
30072563_MinPolqaSfbRecording_cut.wav,1.8,0.836660027,0.733364848,5
30257722_MinPolqaSfbRecording_cut.wav,1.6,0.547722558,0.48009999,5
30260674_MinPolqaSfbRecording_cut.wav,1.6,0.547722558,0.48009999,5
30160142_MinPolqaSfbRecording_cut.wav,1.2,0.447213595,0.392,5
28537297_MinPolqaSfbRecording_cut.wav,3.8,0.836660027,0.733364848,5
27894698_MinPolqaSfbRecording_cut.wav,3.25,0.957427108,0.938278566,4
28821920_MinPolqaSfbRecording_cut.wav,2.75,0.5,0.49,4
30142357_MinPolqaSfbRecording_cut.wav,1.0,0.0,0.0,4
30494091_MinPolqaSfbRecording_cut.wav,3.5,1.290994449,1.26517456,4
28979086_MinPolqaSfbRecording_cut.wav,4.0,0.816496581,0.800166649,4
30198592_MinPolqaSfbRecording_cut.wav,2.25,0.957427108,0.938278566,4
30120900_MinPolqaSfbRecording_cut.wav,3.5,0.577350269,0.565803264,4
28940797_MinPolqaSfbRecording_cut.wav,5.0,0.0,0.0,3
30185759_MinPolqaSfbRecording_cut.wav,2.333333333,1.154700538,1.306666667,3
30181492_MinPolqaSfbRecording_cut.wav,1.666666667,0.577350269,0.653333333,3
27789754_MinPolqaSfbRecording_cut.wav,4.333333333,0.577350269,0.653333333,3
28309495_MinPolqaSfbRecording_cut.wav,4.666666667,0.577350269,0.653333333,3
30491343_MinPolqaSfbRecording_cut.wav,1.333333333,0.577350269,0.653333333,3
30144109_MinPolqaSfbRecording_cut.wav,3.666666667,1.154700538,1.306666667,3
27729328_MinPolqaSfbRecording_cut.wav,4.666666667,0.577350269,0.653333333,3
30514104_MinPolqaSfbRecording_cut.wav,3.666666667,0.577350269,0.653333333,3
29541917_MinPolqaSfbRecording_cut.wav,3.5,0.577350269,0.565803264,4
30260272_MinPolqaSfbRecording_cut.wav,3.25,0.957427108,0.938278566,4
30438802_MinPolqaSfbRecording_cut.wav,2.25,0.957427108,0.938278566,4
28014997_MinPolqaSfbRecording_cut.wav,3.0,0.816496581,0.800166649,4
30085774_MinPolqaSfbRecording_cut.wav,1.75,0.957427108,0.938278566,4
30141841_MinPolqaSfbRecording_cut.wav,2.5,0.577350269,0.565803264,4
28652292_MinPolqaSfbRecording_cut.wav,3.5,0.577350269,0.565803264,4
30086791_MinPolqaSfbRecording_cut.wav,4.2,0.447213595,0.392,5
28719164_MinPolqaSfbRecording_cut.wav,3.6,0.547722558,0.48009999,5
30527633_MinPolqaSfbRecording_cut.wav,2.2,1.095445115,0.960199979,5
28617426_MinPolqaSfbRecording_cut.wav,4.4,0.894427191,0.784,5
29537092_MinPolqaSfbRecording_cut.wav,2.2,0.447213595,0.392,5
28989645_MinPolqaSfbRecording_cut.wav,4.4,0.894427191,0.784,5
30509146_MinPolqaSfbRecording_cut.wav,3.8,0.836660027,0.733364848,5
28950657_MinPolqaSfbRecording_cut.wav,4.4,0.894427191,0.784,5
30098582_MinPolqaSfbRecording_cut.wav,1.0,0.0,0.0,5
30062448_MinPolqaSfbRecording_cut.wav,2.8,1.095445115,0.960199979,5
30142572_MinPolqaSfbRecording_cut.wav,2.4,1.140175425,0.999407825,5
30096198_MinPolqaSfbRecording_cut.wav,2.2,0.836660027,0.733364848,5
30512649_MinPolqaSfbRecording_cut.wav,3.0,1.0,0.876538647,5
30433196_MinPolqaSfbRecording_cut.wav,2.2,0.836660027,0.733364848,5
30462773_MinPolqaSfbRecording_cut.wav,1.6,0.894427191,0.784,5
30507321_MinPolqaSfbRecording_cut.wav,3.2,0.836660027,0.733364848,5
30085069_MinPolqaSfbRecording_cut.wav,3.2,0.836660027,0.733364848,5
30189451_MinPolqaSfbRecording_cut.wav,1.333333333,0.577350269,0.653333333,3
30455946_MinPolqaSfbRecording_cut.wav,3.333333333,0.577350269,0.653333333,3
30405495_MinPolqaSfbRecording_cut.wav,3.0,1.0,1.131606528,3
30527534_MinPolqaSfbRecording_cut.wav,2.333333333,0.577350269,0.653333333,3
30152550_MinPolqaSfbRecording_cut.wav,2.333333333,0.577350269,0.653333333,3
30207003_MinPolqaSfbRecording_cut.wav,2.333333333,0.577350269,0.653333333,3
30415944_MinPolqaSfbRecording_cut.wav,3.333333333,0.577350269,0.653333333,3
30412941_MinPolqaSfbRecording_cut.wav,2.666666667,0.577350269,0.653333333,3
30135724_MinPolqaSfbRecording_cut.wav,2.4,1.140175425,0.999407825,5
28192832_MinPolqaSfbRecording_cut.wav,3.6,0.894427191,0.784,5
30497283_MinPolqaSfbRecording_cut.wav,3.0,0.707106781,0.619806421,5
30193991_MinPolqaSfbRecording_cut.wav,2.2,0.836660027,0.733364848,5
30431383_MinPolqaSfbRecording_cut.wav,2.8,1.303840481,1.142866571,5
28305615_MinPolqaSfbRecording_cut.wav,4.2,0.836660027,0.733364848,5
27746160_MinPolqaSfbRecording_cut.wav,4.2,0.447213595,0.392,5
27697830_MinPolqaSfbRecording_cut.wav,2.8,0.836660027,0.733364848,5
30426302_MinPolqaSfbRecording_cut.wav,3.4,0.547722558,0.48009999,5
30087240_MinPolqaSfbRecording_cut.wav,3.6,1.140175425,0.999407825,5
27939811_MinPolqaSfbRecording_cut.wav,4.4,0.547722558,0.48009999,5
30150630_MinPolqaSfbRecording_cut.wav,2.0,0.707106781,0.619806421,5
30512372_MinPolqaSfbRecording_cut.wav,1.2,0.447213595,0.392,5
28042667_MinPolqaSfbRecording_cut.wav,4.8,0.447213595,0.392,5
30506760_MinPolqaSfbRecording_cut.wav,4.0,1.0,0.876538647,5
28918222_MinPolqaSfbRecording_cut.wav,4.4,0.547722558,0.48009999,5
28034556_MinPolqaSfbRecording_cut.wav,3.4,0.547722558,0.48009999,5
30154240_MinPolqaSfbRecording_cut.wav,3.0,1.0,0.876538647,5
30264417_MinPolqaSfbRecording_cut.wav,3.0,1.58113883,1.385929291,5
30487896_MinPolqaSfbRecording_cut.wav,4.0,0.707106781,0.619806421,5
30145314_MinPolqaSfbRecording_cut.wav,3.8,0.836660027,0.733364848,5
28451832_MinPolqaSfbRecording_cut.wav,4.4,0.547722558,0.48009999,5
30069699_MinPolqaSfbRecording_cut.wav,3.2,0.836660027,0.733364848,5
30175078_MinPolqaSfbRecording_cut.wav,3.4,1.140175425,0.999407825,5
27755588_MinPolqaSfbRecording_cut.wav,4.6,0.547722558,0.48009999,5
30079592_MinPolqaSfbRecording_cut.wav,3.0,1.58113883,1.385929291,5
30430184_MinPolqaSfbRecording_cut.wav,2.8,1.483239697,1.300116918,5
28651020_MinPolqaSfbRecording_cut.wav,3.8,1.643167673,1.440299969,5
27977110_MinPolqaSfbRecording_cut.wav,3.8,1.643167673,1.440299969,5
30199610_MinPolqaSfbRecording_cut.wav,2.8,1.303840481,1.142866571,5
30423513_MinPolqaSfbRecording_cut.wav,2.8,1.483239697,1.300116918,5
29539827_MinPolqaSfbRecording_cut.wav,3.0,1.58113883,1.385929291,5
30448464_MinPolqaSfbRecording_cut.wav,2.0,1.224744871,1.073536213,5
30496529_MinPolqaSfbRecording_cut.wav,3.0,1.58113883,1.385929291,5
30174369_MinPolqaSfbRecording_cut.wav,2.6,1.140175425,0.999407825,5
29532113_MinPolqaSfbRecording_cut.wav,2.2,1.643167673,1.440299969,5
30114097_MinPolqaSfbRecording_cut.wav,4.6,0.547722558,0.48009999,5
30160983_MinPolqaSfbRecording_cut.wav,2.0,1.224744871,1.073536213,5
30194996_MinPolqaSfbRecording_cut.wav,4.4,0.894427191,0.784,5
30530220_MinPolqaSfbRecording_cut.wav,2.6,0.894427191,0.784,5
30090635_MinPolqaSfbRecording_cut.wav,3.0,1.0,0.876538647,5
30193473_MinPolqaSfbRecording_cut.wav,3.0,1.224744871,1.073536213,5
30519759_MinPolqaSfbRecording_cut.wav,1.6,0.894427191,0.784,5
28343369_MinPolqaSfbRecording_cut.wav,4.0,1.0,0.876538647,5
30404726_MinPolqaSfbRecording_cut.wav,2.2,0.447213595,0.392,5
29540652_MinPolqaSfbRecording_cut.wav,3.2,1.095445115,0.960199979,5
30433288_MinPolqaSfbRecording_cut.wav,1.6,0.547722558,0.48009999,5
30487657_MinPolqaSfbRecording_cut.wav,1.8,0.836660027,0.733364848,5
30071332_MinPolqaSfbRecording_cut.wav,2.2,1.095445115,0.960199979,5
30145461_MinPolqaSfbRecording_cut.wav,3.8,0.836660027,0.733364848,5
30129993_MinPolqaSfbRecording_cut.wav,4.0,1.0,0.876538647,5
30508105_MinPolqaSfbRecording_cut.wav,3.6,0.547722558,0.48009999,5
28516243_MinPolqaSfbRecording_cut.wav,3.8,0.447213595,0.392,5
30523840_MinPolqaSfbRecording_cut.wav,2.6,0.894427191,0.784,5
30181060_MinPolqaSfbRecording_cut.wav,1.8,0.447213595,0.392,5
29061582_MinPolqaSfbRecording_cut.wav,3.8,0.836660027,0.733364848,5
30106873_MinPolqaSfbRecording_cut.wav,2.6,0.547722558,0.48009999,5
30105447_MinPolqaSfbRecording_cut.wav,3.0,1.58113883,1.385929291,5
30460654_MinPolqaSfbRecording_cut.wav,3.0,1.224744871,1.073536213,5
30262122_MinPolqaSfbRecording_cut.wav,2.4,0.547722558,0.48009999,5
30136181_MinPolqaSfbRecording_cut.wav,2.4,0.894427191,0.784,5
30489438_MinPolqaSfbRecording_cut.wav,2.8,0.447213595,0.392,5
28026953_MinPolqaSfbRecording_cut.wav,3.2,0.447213595,0.392,5
30174680_MinPolqaSfbRecording_cut.wav,2.6,0.547722558,0.48009999,5
30157482_MinPolqaSfbRecording_cut.wav,3.666666667,1.154700538,1.306666667,3
30521055_MinPolqaSfbRecording_cut.wav,3.333333333,0.577350269,0.653333333,3
28551180_MinPolqaSfbRecording_cut.wav,3.666666667,0.577350269,0.653333333,3
30138331_MinPolqaSfbRecording_cut.wav,3.333333333,1.154700538,1.306666667,3
28951580_MinPolqaSfbRecording_cut.wav,3.666666667,0.577350269,0.653333333,3
29541773_MinPolqaSfbRecording_cut.wav,1.666666667,1.154700538,1.306666667,3
30132389_MinPolqaSfbRecording_cut.wav,4.4,0.547722558,0.48009999,5
30065629_MinPolqaSfbRecording_cut.wav,1.8,0.836660027,0.733364848,5
29541241_MinPolqaSfbRecording_cut.wav,2.8,0.447213595,0.392,5
27882970_MinPolqaSfbRecording_cut.wav,4.2,0.447213595,0.392,5
30485386_MinPolqaSfbRecording_cut.wav,2.0,1.0,0.876538647,5
30526354_MinPolqaSfbRecording_cut.wav,2.4,0.547722558,0.48009999,5
28656843_MinPolqaSfbRecording_cut.wav,4.4,0.547722558,0.48009999,5
30069691_MinPolqaSfbRecording_cut.wav,3.0,0.0,0.0,4
30450331_MinPolqaSfbRecording_cut.wav,2.5,0.577350269,0.565803264,4
30413803_MinPolqaSfbRecording_cut.wav,2.75,1.258305739,1.233139624,4
30143958_MinPolqaSfbRecording_cut.wav,3.25,0.957427108,0.938278566,4
30484789_MinPolqaSfbRecording_cut.wav,2.75,0.5,0.49,4
30148277_MinPolqaSfbRecording_cut.wav,2.75,0.957427108,0.938278566,4
30109826_MinPolqaSfbRecording_cut.wav,2.25,0.957427108,0.938278566,4
30087697_MinPolqaSfbRecording_cut.wav,2.25,0.5,0.49,4
30262353_MinPolqaSfbRecording_cut.wav,1.75,0.5,0.49,4
30139262_MinPolqaSfbRecording_cut.wav,1.75,0.5,0.49,4
30063956_MinPolqaSfbRecording_cut.wav,4.25,0.5,0.49,4
27956067_MinPolqaSfbRecording_cut.wav,3.0,0.816496581,0.800166649,4
28123927_MinPolqaSfbRecording_cut.wav,4.0,0.816496581,0.800166649,4
30205890_MinPolqaSfbRecording_cut.wav,3.75,0.5,0.49,4
30181902_MinPolqaSfbRecording_cut.wav,3.5,1.0,0.98,4
27593707_MinPolqaSfbRecording_cut.wav,3.5,0.577350269,0.565803264,4
28921903_MinPolqaSfbRecording_cut.wav,4.25,0.957427108,0.938278566,4
30207639_MinPolqaSfbRecording_cut.wav,4.0,0.816496581,0.800166649,4
28702186_MinPolqaSfbRecording_cut.wav,3.75,0.957427108,0.938278566,4
27871368_MinPolqaSfbRecording_cut.wav,3.75,0.5,0.49,4
30413104_MinPolqaSfbRecording_cut.wav,3.0,0.816496581,0.800166649,4
30247758_MinPolqaSfbRecording_cut.wav,3.25,0.5,0.49,4
30428924_MinPolqaSfbRecording_cut.wav,4.0,0.0,0.0,4
28148866_MinPolqaSfbRecording_cut.wav,3.75,0.957427108,0.938278566,4
30178959_MinPolqaSfbRecording_cut.wav,1.75,0.5,0.49,4
30183367_MinPolqaSfbRecording_cut.wav,3.0,1.154700538,1.131606528,4
27892260_MinPolqaSfbRecording_cut.wav,3.333333333,0.577350269,0.653333333,3
30212073_MinPolqaSfbRecording_cut.wav,3.333333333,0.577350269,0.653333333,3
30509770_MinPolqaSfbRecording_cut.wav,3.333333333,0.577350269,0.653333333,3
30460812_MinPolqaSfbRecording_cut.wav,4.0,0.0,0.0,3
30169595_MinPolqaSfbRecording_cut.wav,1.333333333,0.577350269,0.653333333,3
30082453_MinPolqaSfbRecording_cut.wav,2.333333333,1.527525232,1.728557523,3
30470580_MinPolqaSfbRecording_cut.wav,2.0,1.0,1.131606528,3
30069149_MinPolqaSfbRecording_cut.wav,2.0,1.732050808,1.96,3
30482446_MinPolqaSfbRecording_cut.wav,2.25,0.957427108,0.938278566,4
30067997_MinPolqaSfbRecording_cut.wav,3.0,0.0,0.0,4
27873812_MinPolqaSfbRecording_cut.wav,4.0,0.816496581,0.800166649,4
30206524_MinPolqaSfbRecording_cut.wav,2.0,0.816496581,0.800166649,4
30438994_MinPolqaSfbRecording_cut.wav,2.25,0.957427108,0.938278566,4
30092830_MinPolqaSfbRecording_cut.wav,2.75,0.5,0.49,4
30427421_MinPolqaSfbRecording_cut.wav,3.25,0.5,0.49,4
30130825_MinPolqaSfbRecording_cut.wav,4.2,0.836660027,0.733364848,5
28743123_MinPolqaSfbRecording_cut.wav,4.0,0.707106781,0.619806421,5
30064375_MinPolqaSfbRecording_cut.wav,4.0,1.0,0.876538647,5
30057623_MinPolqaSfbRecording_cut.wav,3.4,1.140175425,0.999407825,5
30060042_MinPolqaSfbRecording_cut.wav,2.8,1.483239697,1.300116918,5
30118400_MinPolqaSfbRecording_cut.wav,2.0,1.414213562,1.239612843,5
30067042_MinPolqaSfbRecording_cut.wav,3.6,0.547722558,0.48009999,5
29534827_MinPolqaSfbRecording_cut.wav,4.0,1.0,0.876538647,5
30466865_MinPolqaSfbRecording_cut.wav,1.4,0.894427191,0.784,5
30163549_MinPolqaSfbRecording_cut.wav,3.5,0.707106781,0.98,2
30430656_MinPolqaSfbRecording_cut.wav,3.0,0.0,0.0,2
30177451_MinPolqaSfbRecording_cut.wav,2.5,0.707106781,0.98,2
30212613_MinPolqaSfbRecording_cut.wav,3.5,0.707106781,0.98,2
30437763_MinPolqaSfbRecording_cut.wav,3.5,0.707106781,0.98,2
28688696_MinPolqaSfbRecording_cut.wav,3.5,0.707106781,0.98,2
28424844_MinPolqaSfbRecording_cut.wav,3.5,0.707106781,0.98,2
30211417_MinPolqaSfbRecording_cut.wav,3.0,0.0,0.0,2
30455267_MinPolqaSfbRecording_cut.wav,4.0,0.816496581,0.800166649,4
30451509_MinPolqaSfbRecording_cut.wav,1.5,0.577350269,0.565803264,4
30481132_MinPolqaSfbRecording_cut.wav,2.75,0.957427108,0.938278566,4
27905302_MinPolqaSfbRecording_cut.wav,4.25,0.957427108,0.938278566,4
30201977_MinPolqaSfbRecording_cut.wav,1.75,0.957427108,0.938278566,4
30142125_MinPolqaSfbRecording_cut.wav,2.25,0.5,0.49,4
28876585_MinPolqaSfbRecording_cut.wav,4.25,0.5,0.49,4
29538624_MinPolqaSfbRecording_cut.wav,4.0,0.0,0.0,3
28711326_MinPolqaSfbRecording_cut.wav,4.333333333,0.577350269,0.653333333,3
27794925_MinPolqaSfbRecording_cut.wav,4.333333333,0.577350269,0.653333333,3
30416305_MinPolqaSfbRecording_cut.wav,1.333333333,0.577350269,0.653333333,3
29538926_MinPolqaSfbRecording_cut.wav,1.666666667,0.577350269,0.653333333,3
27877988_MinPolqaSfbRecording_cut.wav,4.0,0.0,0.0,3
30415678_MinPolqaSfbRecording_cut.wav,2.0,1.0,1.131606528,3
30450572_MinPolqaSfbRecording_cut.wav,4.333333333,0.577350269,0.653333333,3
30171836_MinPolqaSfbRecording_cut.wav,1.333333333,0.577350269,0.653333333,3
28061722_MinPolqaSfbRecording_cut.wav,4.25,0.5,0.49,4
28589323_MinPolqaSfbRecording_cut.wav,4.75,0.5,0.49,4
30264356_MinPolqaSfbRecording_cut.wav,4.75,0.5,0.49,4
30472797_MinPolqaSfbRecording_cut.wav,2.25,1.258305739,1.233139624,4
30119844_MinPolqaSfbRecording_cut.wav,3.25,1.258305739,1.233139624,4
30166669_MinPolqaSfbRecording_cut.wav,3.75,0.5,0.49,4
30425516_MinPolqaSfbRecording_cut.wav,3.5,0.577350269,0.565803264,4
27854724_MinPolqaSfbRecording_cut.wav,3.75,1.258305739,1.233139624,4
30098656_MinPolqaSfbRecording_cut.wav,2.5,0.577350269,0.565803264,4
30126400_MinPolqaSfbRecording_cut.wav,1.5,1.0,0.98,4
28323315_MinPolqaSfbRecording_cut.wav,3.75,0.957427108,0.938278566,4
30248996_MinPolqaSfbRecording_cut.wav,2.75,0.5,0.49,4
30061334_MinPolqaSfbRecording_cut.wav,2.25,0.5,0.49,4
30198542_MinPolqaSfbRecording_cut.wav,3.5,0.577350269,0.565803264,4
30474550_MinPolqaSfbRecording_cut.wav,2.75,0.5,0.49,4
30453929_MinPolqaSfbRecording_cut.wav,1.25,0.5,0.49,4
30099188_MinPolqaSfbRecording_cut.wav,3.0,1.154700538,1.131606528,4
28005427_MinPolqaSfbRecording_cut.wav,3.25,0.5,0.49,4
30111664_MinPolqaSfbRecording_cut.wav,1.75,0.5,0.49,4
30200852_MinPolqaSfbRecording_cut.wav,1.0,0.0,0.0,4
30264348_MinPolqaSfbRecording_cut.wav,2.0,0.816496581,0.800166649,4
30488619_MinPolqaSfbRecording_cut.wav,1.75,0.5,0.49,4
30506382_MinPolqaSfbRecording_cut.wav,3.75,0.5,0.49,4
29531892_MinPolqaSfbRecording_cut.wav,1.75,0.5,0.49,4
29536838_MinPolqaSfbRecording_cut.wav,1.75,0.5,0.49,4
30470465_MinPolqaSfbRecording_cut.wav,2.0,0.0,0.0,3
28764715_MinPolqaSfbRecording_cut.wav,4.666666667,0.577350269,0.653333333,3
30122548_MinPolqaSfbRecording_cut.wav,3.333333333,0.577350269,0.653333333,3
30185590_MinPolqaSfbRecording_cut.wav,3.333333333,0.577350269,0.653333333,3
28503050_MinPolqaSfbRecording_cut.wav,3.666666667,1.154700538,1.306666667,3
30127168_MinPolqaSfbRecording_cut.wav,3.333333333,0.577350269,0.653333333,3
30210582_MinPolqaSfbRecording_cut.wav,2.333333333,0.577350269,0.653333333,3
30152517_MinPolqaSfbRecording_cut.wav,2.8,1.643167673,1.440299969,5
30205455_MinPolqaSfbRecording_cut.wav,3.2,0.447213595,0.392,5
30527125_MinPolqaSfbRecording_cut.wav,2.8,0.836660027,0.733364848,5
30100422_MinPolqaSfbRecording_cut.wav,3.4,0.547722558,0.48009999,5
30081139_MinPolqaSfbRecording_cut.wav,3.6,1.140175425,0.999407825,5
30144264_MinPolqaSfbRecording_cut.wav,3.6,0.894427191,0.784,5
30461502_MinPolqaSfbRecording_cut.wav,3.6,0.894427191,0.784,5
30117613_MinPolqaSfbRecording_cut.wav,3.4,1.341640786,1.176,5
28553741_MinPolqaSfbRecording_cut.wav,4.0,1.0,0.876538647,5
30426822_MinPolqaSfbRecording_cut.wav,4.25,0.957427108,0.938278566,4
30134416_MinPolqaSfbRecording_cut.wav,3.25,0.5,0.49,4
30133973_MinPolqaSfbRecording_cut.wav,3.25,1.258305739,1.233139624,4
30067759_MinPolqaSfbRecording_cut.wav,1.0,0.0,0.0,4
30079477_MinPolqaSfbRecording_cut.wav,2.5,0.577350269,0.565803264,4
29533766_MinPolqaSfbRecording_cut.wav,3.0,0.816496581,0.800166649,4
30188484_MinPolqaSfbRecording_cut.wav,3.0,1.154700538,1.131606528,4
30121263_MinPolqaSfbRecording_cut.wav,4.2,1.095445115,0.960199979,5
30186138_MinPolqaSfbRecording_cut.wav,2.2,0.836660027,0.733364848,5
28440053_MinPolqaSfbRecording_cut.wav,3.2,0.836660027,0.733364848,5
30439436_MinPolqaSfbRecording_cut.wav,2.4,0.894427191,0.784,5
30125541_MinPolqaSfbRecording_cut.wav,3.6,1.140175425,0.999407825,5
30205998_MinPolqaSfbRecording_cut.wav,3.4,0.894427191,0.784,5
27647719_MinPolqaSfbRecording_cut.wav,4.0,1.0,0.876538647,5
28143820_MinPolqaSfbRecording_cut.wav,4.2,0.836660027,0.733364848,5
30255725_MinPolqaSfbRecording_cut.wav,2.0,0.707106781,0.619806421,5
30510597_MinPolqaSfbRecording_cut.wav,3.4,0.547722558,0.48009999,5
28082301_MinPolqaSfbRecording_cut.wav,4.6,0.547722558,0.48009999,5
29541580_MinPolqaSfbRecording_cut.wav,3.4,0.547722558,0.48009999,5
30426936_MinPolqaSfbRecording_cut.wav,3.8,0.447213595,0.392,5
30514686_MinPolqaSfbRecording_cut.wav,3.4,1.140175425,0.999407825,5
30123379_MinPolqaSfbRecording_cut.wav,2.0,0.707106781,0.619806421,5
30488899_MinPolqaSfbRecording_cut.wav,3.666666667,0.577350269,0.653333333,3
30098243_MinPolqaSfbRecording_cut.wav,3.0,1.0,1.131606528,3
30431230_MinPolqaSfbRecording_cut.wav,2.0,0.0,0.0,3
30480239_MinPolqaSfbRecording_cut.wav,2.666666667,1.154700538,1.306666667,3
30101485_MinPolqaSfbRecording_cut.wav,4.333333333,0.577350269,0.653333333,3
30112553_MinPolqaSfbRecording_cut.wav,3.666666667,0.577350269,0.653333333,3
29538802_MinPolqaSfbRecording_cut.wav,1.666666667,0.577350269,0.653333333,3
30195633_MinPolqaSfbRecording_cut.wav,3.666666667,0.577350269,0.653333333,3
27689798_MinPolqaSfbRecording_cut.wav,4.0,1.0,1.131606528,3
30483000_MinPolqaSfbRecording_cut.wav,2.0,0.816496581,0.800166649,4
27982917_MinPolqaSfbRecording_cut.wav,3.5,1.290994449,1.26517456,4
30250812_MinPolqaSfbRecording_cut.wav,3.25,0.957427108,0.938278566,4
30400560_MinPolqaSfbRecording_cut.wav,2.75,0.957427108,0.938278566,4
28204398_MinPolqaSfbRecording_cut.wav,3.25,0.957427108,0.938278566,4
28433346_MinPolqaSfbRecording_cut.wav,3.0,0.816496581,0.800166649,4
30133491_MinPolqaSfbRecording_cut.wav,3.75,0.957427108,0.938278566,4
30135326_MinPolqaSfbRecording_cut.wav,2.25,0.5,0.49,4
28050218_MinPolqaSfbRecording_cut.wav,4.5,0.707106781,0.98,2
30177433_MinPolqaSfbRecording_cut.wav,1.5,0.707106781,0.98,2
30109732_MinPolqaSfbRecording_cut.wav,4.0,0.0,0.0,2
30076477_MinPolqaSfbRecording_cut.wav,2.5,0.707106781,0.98,2
29055303_MinPolqaSfbRecording_cut.wav,3.0,0.0,0.0,2
27695737_MinPolqaSfbRecording_cut.wav,4.0,1.414213562,1.96,2
30404649_MinPolqaSfbRecording_cut.wav,1.5,0.707106781,0.98,2
30446918_MinPolqaSfbRecording_cut.wav,3.0,1.414213562,1.96,2
27764583_MinPolqaSfbRecording_cut.wav,4.2,0.836660027,0.733364848,5
30432262_MinPolqaSfbRecording_cut.wav,2.8,1.095445115,0.960199979,5
30408691_MinPolqaSfbRecording_cut.wav,4.4,0.547722558,0.48009999,5
30120436_MinPolqaSfbRecording_cut.wav,2.6,1.140175425,0.999407825,5
30068445_MinPolqaSfbRecording_cut.wav,4.2,0.836660027,0.733364848,5
30211111_MinPolqaSfbRecording_cut.wav,3.8,0.836660027,0.733364848,5
30201035_MinPolqaSfbRecording_cut.wav,2.4,1.673320053,1.466729696,5
30492654_MinPolqaSfbRecording_cut.wav,3.8,0.836660027,0.733364848,5
30099852_MinPolqaSfbRecording_cut.wav,1.333333333,0.577350269,0.653333333,3
28715715_MinPolqaSfbRecording_cut.wav,4.333333333,1.154700538,1.306666667,3
30449064_MinPolqaSfbRecording_cut.wav,1.0,0.0,0.0,3
30120830_MinPolqaSfbRecording_cut.wav,3.666666667,0.577350269,0.653333333,3
30482018_MinPolqaSfbRecording_cut.wav,2.666666667,0.577350269,0.653333333,3
30164580_MinPolqaSfbRecording_cut.wav,3.666666667,0.577350269,0.653333333,3
27665533_MinPolqaSfbRecording_cut.wav,3.666666667,0.577350269,0.653333333,3
28153180_MinPolqaSfbRecording_cut.wav,3.333333333,0.577350269,0.653333333,3
30263858_MinPolqaSfbRecording_cut.wav,3.4,0.547722558,0.48009999,5
30058719_MinPolqaSfbRecording_cut.wav,2.4,1.949358869,1.708688386,5
30059197_MinPolqaSfbRecording_cut.wav,2.8,0.836660027,0.733364848,5
30117473_MinPolqaSfbRecording_cut.wav,2.0,1.732050808,1.518209472,5
28651710_MinPolqaSfbRecording_cut.wav,4.2,0.447213595,0.392,5
28981203_MinPolqaSfbRecording_cut.wav,3.4,0.894427191,0.784,5
30259201_MinPolqaSfbRecording_cut.wav,3.0,1.414213562,1.239612843,5
30430208_MinPolqaSfbRecording_cut.wav,3.6,1.341640786,1.176,5
27519490_MinPolqaSfbRecording_cut.wav,4.0,0.707106781,0.619806421,5
29543811_MinPolqaSfbRecording_cut.wav,3.8,0.836660027,0.733364848,5
30105004_MinPolqaSfbRecording_cut.wav,1.2,0.447213595,0.392,5
30261554_MinPolqaSfbRecording_cut.wav,2.0,1.0,0.876538647,5
30489142_MinPolqaSfbRecording_cut.wav,1.0,0.0,0.0,5
30103117_MinPolqaSfbRecording_cut.wav,2.4,0.894427191,0.784,5
28724722_MinPolqaSfbRecording_cut.wav,2.8,0.836660027,0.733364848,5
27649897_MinPolqaSfbRecording_cut.wav,4.2,1.095445115,0.960199979,5
30445854_MinPolqaSfbRecording_cut.wav,2.4,1.140175425,0.999407825,5
30452121_MinPolqaSfbRecording_cut.wav,1.0,0.0,0.0,5
30141138_MinPolqaSfbRecording_cut.wav,2.666666667,0.577350269,0.653333333,3
30414234_MinPolqaSfbRecording_cut.wav,3.666666667,0.577350269,0.653333333,3
30132697_MinPolqaSfbRecording_cut.wav,2.0,1.0,1.131606528,3
30205421_MinPolqaSfbRecording_cut.wav,4.333333333,0.577350269,0.653333333,3
30126332_MinPolqaSfbRecording_cut.wav,2.666666667,0.577350269,0.653333333,3
30160236_MinPolqaSfbRecording_cut.wav,1.666666667,1.154700538,1.306666667,3
30179942_MinPolqaSfbRecording_cut.wav,3.0,0.0,0.0,3
29037775_MinPolqaSfbRecording_cut.wav,4.0,0.0,0.0,5
30145184_MinPolqaSfbRecording_cut.wav,2.4,0.547722558,0.48009999,5
28634357_MinPolqaSfbRecording_cut.wav,4.0,0.707106781,0.619806421,5
29532456_MinPolqaSfbRecording_cut.wav,4.0,0.0,0.0,5
30176389_MinPolqaSfbRecording_cut.wav,3.2,0.836660027,0.733364848,5
30259093_MinPolqaSfbRecording_cut.wav,2.8,1.303840481,1.142866571,5
30071295_MinPolqaSfbRecording_cut.wav,3.2,0.836660027,0.733364848,5
30183509_MinPolqaSfbRecording_cut.wav,1.8,1.788854382,1.568,5
30471206_MinPolqaSfbRecording_cut.wav,2.8,0.836660027,0.733364848,5
27759556_MinPolqaSfbRecording_cut.wav,3.8,0.836660027,0.733364848,5
30178054_MinPolqaSfbRecording_cut.wav,3.0,1.58113883,1.385929291,5
30106884_MinPolqaSfbRecording_cut.wav,2.0,1.732050808,1.518209472,5
30262159_MinPolqaSfbRecording_cut.wav,2.2,1.788854382,1.568,5
30421952_MinPolqaSfbRecording_cut.wav,2.2,1.643167673,1.440299969,5
30099930_MinPolqaSfbRecording_cut.wav,2.25,1.892969449,1.85511006,4
30167147_MinPolqaSfbRecording_cut.wav,3.5,0.577350269,0.565803264,4
30078236_MinPolqaSfbRecording_cut.wav,3.0,1.825741858,1.789227021,4
30426666_MinPolqaSfbRecording_cut.wav,2.5,1.290994449,1.26517456,4
30155981_MinPolqaSfbRecording_cut.wav,2.25,1.892969449,1.85511006,4
30460804_MinPolqaSfbRecording_cut.wav,4.25,0.5,0.49,4
28142797_MinPolqaSfbRecording_cut.wav,3.5,0.577350269,0.565803264,4
30147956_MinPolqaSfbRecording_cut.wav,3.25,1.707825128,1.673668625,4
30147048_MinPolqaSfbRecording_cut.wav,4.2,0.836660027,0.733364848,5
30465783_MinPolqaSfbRecording_cut.wav,2.0,1.224744871,1.073536213,5
30213371_MinPolqaSfbRecording_cut.wav,3.2,1.303840481,1.142866571,5
30114013_MinPolqaSfbRecording_cut.wav,4.2,0.836660027,0.733364848,5
30422524_MinPolqaSfbRecording_cut.wav,3.4,0.547722558,0.48009999,5
30484725_MinPolqaSfbRecording_cut.wav,4.0,0.0,0.0,5
29006688_MinPolqaSfbRecording_cut.wav,4.6,0.547722558,0.48009999,5
30490540_MinPolqaSfbRecording_cut.wav,3.6,1.673320053,1.466729696,5
30161084_MinPolqaSfbRecording_cut.wav,3.6,1.140175425,0.999407825,5
30522788_MinPolqaSfbRecording_cut.wav,2.0,1.414213562,1.96,2
30175107_MinPolqaSfbRecording_cut.wav,3.5,0.707106781,0.98,2
30469097_MinPolqaSfbRecording_cut.wav,3.5,0.707106781,0.98,2
30166867_MinPolqaSfbRecording_cut.wav,3.5,0.707106781,0.98,2
30522495_MinPolqaSfbRecording_cut.wav,4.0,0.0,0.0,2
30158006_MinPolqaSfbRecording_cut.wav,2.5,0.707106781,0.98,2
30156588_MinPolqaSfbRecording_cut.wav,2.0,1.414213562,1.96,2
30444769_MinPolqaSfbRecording_cut.wav,3.0,0.0,0.0,2
30429538_MinPolqaSfbRecording_cut.wav,2.5,0.707106781,0.98,2
30467589_MinPolqaSfbRecording_cut.wav,2.25,0.5,0.49,4
30508489_MinPolqaSfbRecording_cut.wav,3.75,0.5,0.49,4
30437588_MinPolqaSfbRecording_cut.wav,3.25,0.5,0.49,4
30491991_MinPolqaSfbRecording_cut.wav,2.5,0.577350269,0.565803264,4
30141720_MinPolqaSfbRecording_cut.wav,2.5,0.577350269,0.565803264,4
30474653_MinPolqaSfbRecording_cut.wav,2.75,0.5,0.49,4
30062215_MinPolqaSfbRecording_cut.wav,3.25,0.957427108,0.938278566,4
28321377_MinPolqaSfbRecording_cut.wav,3.75,0.957427108,0.938278566,4
30262365_MinPolqaSfbRecording_cut.wav,4.0,0.816496581,0.800166649,4
27550512_MinPolqaSfbRecording_cut.wav,3.75,0.957427108,0.938278566,4
30492178_MinPolqaSfbRecording_cut.wav,1.75,0.957427108,0.938278566,4
30454821_MinPolqaSfbRecording_cut.wav,1.5,0.577350269,0.565803264,4
30139266_MinPolqaSfbRecording_cut.wav,2.25,0.957427108,0.938278566,4
30481233_MinPolqaSfbRecording_cut.wav,1.5,0.577350269,0.565803264,4
30256947_MinPolqaSfbRecording_cut.wav,4.25,0.957427108,0.938278566,4
30485937_MinPolqaSfbRecording_cut.wav,2.25,1.258305739,1.233139624,4
30133637_MinPolqaSfbRecording_cut.wav,3.4,0.547722558,0.48009999,5
27979838_MinPolqaSfbRecording_cut.wav,3.6,0.894427191,0.784,5
30123581_MinPolqaSfbRecording_cut.wav,4.0,0.707106781,0.619806421,5
30489279_MinPolqaSfbRecording_cut.wav,2.6,0.547722558,0.48009999,5
27755555_MinPolqaSfbRecording_cut.wav,3.6,0.547722558,0.48009999,5
30514604_MinPolqaSfbRecording_cut.wav,3.0,1.0,0.876538647,5
28639720_MinPolqaSfbRecording_cut.wav,3.4,0.894427191,0.784,5
30100701_MinPolqaSfbRecording_cut.wav,3.0,1.0,0.876538647,5
30501343_MinPolqaSfbRecording_cut.wav,2.6,0.547722558,0.48009999,5
30257572_MinPolqaSfbRecording_cut.wav,3.333333333,0.577350269,0.653333333,3
27898079_MinPolqaSfbRecording_cut.wav,4.666666667,0.577350269,0.653333333,3
30135203_MinPolqaSfbRecording_cut.wav,2.333333333,0.577350269,0.653333333,3
30095899_MinPolqaSfbRecording_cut.wav,3.666666667,0.577350269,0.653333333,3
30513576_MinPolqaSfbRecording_cut.wav,3.333333333,0.577350269,0.653333333,3
30142530_MinPolqaSfbRecording_cut.wav,3.666666667,0.577350269,0.653333333,3
28014273_MinPolqaSfbRecording_cut.wav,4.0,0.0,0.0,3
30184878_MinPolqaSfbRecording_cut.wav,4.666666667,0.577350269,0.653333333,3
30164442_MinPolqaSfbRecording_cut.wav,3.333333333,0.577350269,0.653333333,3
29544762_MinPolqaSfbRecording_cut.wav,3.0,1.732050808,1.96,3
30118823_MinPolqaSfbRecording_cut.wav,4.0,1.0,1.131606528,3
30251777_MinPolqaSfbRecording_cut.wav,3.0,1.732050808,1.96,3
28694398_MinPolqaSfbRecording_cut.wav,4.333333333,0.577350269,0.653333333,3
30174583_MinPolqaSfbRecording_cut.wav,2.333333333,1.527525232,1.728557523,3
30133436_MinPolqaSfbRecording_cut.wav,4.0,0.0,0.0,3
30447278_MinPolqaSfbRecording_cut.wav,2.0,1.0,1.131606528,3
30121760_MinPolqaSfbRecording_cut.wav,1.0,0.0,0.0,3
28437955_MinPolqaSfbRecording_cut.wav,4.333333333,0.577350269,0.653333333,3
30261997_MinPolqaSfbRecording_cut.wav,4.0,0.0,0.0,3
30490532_MinPolqaSfbRecording_cut.wav,3.666666667,0.577350269,0.653333333,3
30211816_MinPolqaSfbRecording_cut.wav,2.666666667,0.577350269,0.653333333,3
29536489_MinPolqaSfbRecording_cut.wav,2.666666667,0.577350269,0.653333333,3
28159907_MinPolqaSfbRecording_cut.wav,4.0,0.816496581,0.800166649,4
28338340_MinPolqaSfbRecording_cut.wav,4.0,0.816496581,0.800166649,4
30185980_MinPolqaSfbRecording_cut.wav,2.5,0.577350269,0.565803264,4
30063434_MinPolqaSfbRecording_cut.wav,3.25,0.5,0.49,4
30163317_MinPolqaSfbRecording_cut.wav,3.25,0.5,0.49,4
27777897_MinPolqaSfbRecording_cut.wav,4.0,0.0,0.0,4
28178886_MinPolqaSfbRecording_cut.wav,4.75,0.5,0.49,4
30109316_MinPolqaSfbRecording_cut.wav,4.5,0.577350269,0.565803264,4
27590713_MinPolqaSfbRecording_cut.wav,3.666666667,0.577350269,0.653333333,3
27522625_MinPolqaSfbRecording_cut.wav,4.0,0.0,0.0,3
27934879_MinPolqaSfbRecording_cut.wav,4.666666667,0.577350269,0.653333333,3
30511568_MinPolqaSfbRecording_cut.wav,3.333333333,0.577350269,0.653333333,3
30157723_MinPolqaSfbRecording_cut.wav,3.0,0.0,0.0,3
30137405_MinPolqaSfbRecording_cut.wav,4.0,0.0,0.0,3
30070672_MinPolqaSfbRecording_cut.wav,3.0,0.0,0.0,3
30192512_MinPolqaSfbRecording_cut.wav,4.0,1.0,1.131606528,3
30109311_MinPolqaSfbRecording_cut.wav,2.25,0.5,0.49,4
30502549_MinPolqaSfbRecording_cut.wav,1.25,0.5,0.49,4
30082527_MinPolqaSfbRecording_cut.wav,3.5,0.577350269,0.565803264,4
30415410_MinPolqaSfbRecording_cut.wav,2.0,0.0,0.0,4
30153950_MinPolqaSfbRecording_cut.wav,2.5,0.577350269,0.565803264,4
30107624_MinPolqaSfbRecording_cut.wav,1.0,0.0,0.0,4
29530980_MinPolqaSfbRecording_cut.wav,1.5,0.577350269,0.565803264,4
28505831_MinPolqaSfbRecording_cut.wav,3.75,0.957427108,0.938278566,4
30449932_MinPolqaSfbRecording_cut.wav,4.666666667,0.577350269,0.653333333,3
30060760_MinPolqaSfbRecording_cut.wav,4.666666667,0.577350269,0.653333333,3
30105242_MinPolqaSfbRecording_cut.wav,4.333333333,1.154700538,1.306666667,3
30159337_MinPolqaSfbRecording_cut.wav,4.333333333,0.577350269,0.653333333,3
30076641_MinPolqaSfbRecording_cut.wav,4.333333333,0.577350269,0.653333333,3
30168575_MinPolqaSfbRecording_cut.wav,4.666666667,0.577350269,0.653333333,3
28885701_MinPolqaSfbRecording_cut.wav,4.0,0.0,0.0,3
30184749_MinPolqaSfbRecording_cut.wav,2.4,1.140175425,0.999407825,5
30424367_MinPolqaSfbRecording_cut.wav,3.6,0.894427191,0.784,5
30413062_MinPolqaSfbRecording_cut.wav,3.4,1.140175425,0.999407825,5
28543427_MinPolqaSfbRecording_cut.wav,4.6,0.547722558,0.48009999,5
30502979_MinPolqaSfbRecording_cut.wav,4.4,0.894427191,0.784,5
28224641_MinPolqaSfbRecording_cut.wav,4.6,0.547722558,0.48009999,5
30137706_MinPolqaSfbRecording_cut.wav,3.0,0.707106781,0.619806421,5
30439071_MinPolqaSfbRecording_cut.wav,3.8,0.447213595,0.392,5
30437451_MinPolqaSfbRecording_cut.wav,3.2,1.095445115,0.960199979,5
30174203_MinPolqaSfbRecording_cut.wav,3.75,1.258305739,1.233139624,4
30422699_MinPolqaSfbRecording_cut.wav,2.5,1.290994449,1.26517456,4
30091828_MinPolqaSfbRecording_cut.wav,3.0,1.154700538,1.131606528,4
30106015_MinPolqaSfbRecording_cut.wav,2.75,2.061552813,2.020321757,4
30065337_MinPolqaSfbRecording_cut.wav,4.0,0.816496581,0.800166649,4
30150415_MinPolqaSfbRecording_cut.wav,3.75,1.258305739,1.233139624,4
30113577_MinPolqaSfbRecording_cut.wav,2.25,1.892969449,1.85511006,4
30181393_MinPolqaSfbRecording_cut.wav,3.25,1.258305739,1.233139624,4
30409277_MinPolqaSfbRecording_cut.wav,3.0,1.414213562,1.385929291,4
30181351_MinPolqaSfbRecording_cut.wav,2.333333333,0.577350269,0.653333333,3
27760332_MinPolqaSfbRecording_cut.wav,4.0,0.0,0.0,3
29537298_MinPolqaSfbRecording_cut.wav,1.0,0.0,0.0,3
30101205_MinPolqaSfbRecording_cut.wav,2.666666667,0.577350269,0.653333333,3
30091284_MinPolqaSfbRecording_cut.wav,1.666666667,0.577350269,0.653333333,3
30100591_MinPolqaSfbRecording_cut.wav,3.333333333,0.577350269,0.653333333,3
30259659_MinPolqaSfbRecording_cut.wav,3.0,1.0,1.131606528,3
30403807_MinPolqaSfbRecording_cut.wav,3.666666667,0.577350269,0.653333333,3
30210852_MinPolqaSfbRecording_cut.wav,2.666666667,0.577350269,0.653333333,3
30257778_MinPolqaSfbRecording_cut.wav,4.0,1.0,1.131606528,3
30482054_MinPolqaSfbRecording_cut.wav,2.75,0.5,0.49,4
30163145_MinPolqaSfbRecording_cut.wav,1.5,0.577350269,0.565803264,4
30526849_MinPolqaSfbRecording_cut.wav,1.25,0.5,0.49,4
30481220_MinPolqaSfbRecording_cut.wav,1.25,0.5,0.49,4
30486571_MinPolqaSfbRecording_cut.wav,1.25,0.5,0.49,4
30103280_MinPolqaSfbRecording_cut.wav,1.75,0.5,0.49,4
30123344_MinPolqaSfbRecording_cut.wav,2.75,0.957427108,0.938278566,4
30099070_MinPolqaSfbRecording_cut.wav,4.0,0.816496581,0.800166649,4
30251527_MinPolqaSfbRecording_cut.wav,3.5,0.577350269,0.565803264,4
30090661_MinPolqaSfbRecording_cut.wav,4.0,0.707106781,0.619806421,5
30192863_MinPolqaSfbRecording_cut.wav,3.8,1.303840481,1.142866571,5
28194205_MinPolqaSfbRecording_cut.wav,3.4,0.547722558,0.48009999,5
30401088_MinPolqaSfbRecording_cut.wav,3.4,1.140175425,0.999407825,5
30523648_MinPolqaSfbRecording_cut.wav,3.6,1.140175425,0.999407825,5
30098240_MinPolqaSfbRecording_cut.wav,2.8,1.303840481,1.142866571,5
27784378_MinPolqaSfbRecording_cut.wav,4.0,0.707106781,0.619806421,5
30186275_MinPolqaSfbRecording_cut.wav,3.0,0.0,0.0,4
27969876_MinPolqaSfbRecording_cut.wav,5.0,0.0,0.0,4
28514376_MinPolqaSfbRecording_cut.wav,4.5,0.577350269,0.565803264,4
28783105_MinPolqaSfbRecording_cut.wav,4.0,0.0,0.0,4
30117767_MinPolqaSfbRecording_cut.wav,3.75,0.5,0.49,4
30113621_MinPolqaSfbRecording_cut.wav,2.75,1.258305739,1.233139624,4
30509287_MinPolqaSfbRecording_cut.wav,3.75,0.5,0.49,4
30195294_MinPolqaSfbRecording_cut.wav,1.5,0.577350269,0.565803264,4
30456480_MinPolqaSfbRecording_cut.wav,4.75,0.5,0.49,4
30172385_MinPolqaSfbRecording_cut.wav,4.25,0.957427108,0.938278566,4
27932435_MinPolqaSfbRecording_cut.wav,4.75,0.5,0.49,4
30101068_MinPolqaSfbRecording_cut.wav,4.25,0.5,0.49,4
30508210_MinPolqaSfbRecording_cut.wav,4.5,0.577350269,0.565803264,4
30075735_MinPolqaSfbRecording_cut.wav,4.75,0.5,0.49,4
27905072_MinPolqaSfbRecording_cut.wav,4.5,0.577350269,0.565803264,4
30467647_MinPolqaSfbRecording_cut.wav,3.0,1.154700538,1.131606528,4
30185460_MinPolqaSfbRecording_cut.wav,3.75,1.258305739,1.233139624,4
30460164_MinPolqaSfbRecording_cut.wav,3.25,1.5,1.47,4
30157658_MinPolqaSfbRecording_cut.wav,3.75,1.258305739,1.233139624,4
30259812_MinPolqaSfbRecording_cut.wav,4.0,0.707106781,0.619806421,5
29530910_MinPolqaSfbRecording_cut.wav,3.8,0.836660027,0.733364848,5
30423614_MinPolqaSfbRecording_cut.wav,1.4,0.547722558,0.48009999,5
29533571_MinPolqaSfbRecording_cut.wav,4.0,0.707106781,0.619806421,5
30527991_MinPolqaSfbRecording_cut.wav,3.8,0.447213595,0.392,5
30155103_MinPolqaSfbRecording_cut.wav,1.0,0.0,0.0,5
30201659_MinPolqaSfbRecording_cut.wav,3.0,0.0,0.0,5
30491535_MinPolqaSfbRecording_cut.wav,2.4,0.894427191,0.784,5
27931738_MinPolqaSfbRecording_cut.wav,3.6,0.547722558,0.48009999,5
30137846_MinPolqaSfbRecording_cut.wav,1.4,0.547722558,0.48009999,5
29534940_MinPolqaSfbRecording_cut.wav,3.8,0.836660027,0.733364848,5
30256907_MinPolqaSfbRecording_cut.wav,2.8,0.836660027,0.733364848,5
30122380_MinPolqaSfbRecording_cut.wav,3.8,0.836660027,0.733364848,5
30506759_MinPolqaSfbRecording_cut.wav,4.2,0.836660027,0.733364848,5
30081988_MinPolqaSfbRecording_cut.wav,4.4,0.894427191,0.784,5
30166528_MinPolqaSfbRecording_cut.wav,3.4,1.140175425,0.999407825,5
30136839_MinPolqaSfbRecording_cut.wav,4.2,1.095445115,0.960199979,5
27768920_MinPolqaSfbRecording_cut.wav,4.4,0.894427191,0.784,5
27916703_MinPolqaSfbRecording_cut.wav,4.8,0.447213595,0.392,5
30413618_MinPolqaSfbRecording_cut.wav,2.0,1.224744871,1.073536213,5
28890765_MinPolqaSfbRecording_cut.wav,3.8,0.836660027,0.733364848,5
30491046_MinPolqaSfbRecording_cut.wav,1.8,0.447213595,0.392,5
28164688_MinPolqaSfbRecording_cut.wav,3.8,1.303840481,1.142866571,5
27915530_MinPolqaSfbRecording_cut.wav,2.8,0.836660027,0.733364848,5
28055634_MinPolqaSfbRecording_cut.wav,2.6,0.547722558,0.48009999,5
30142730_MinPolqaSfbRecording_cut.wav,2.4,1.516575089,1.329336677,5
30209331_MinPolqaSfbRecording_cut.wav,2.25,0.957427108,0.938278566,4
30144865_MinPolqaSfbRecording_cut.wav,3.0,0.816496581,0.800166649,4
30184769_MinPolqaSfbRecording_cut.wav,3.25,0.957427108,0.938278566,4
30106640_MinPolqaSfbRecording_cut.wav,2.0,0.816496581,0.800166649,4
29542244_MinPolqaSfbRecording_cut.wav,4.0,1.414213562,1.385929291,4
30098270_MinPolqaSfbRecording_cut.wav,3.75,0.5,0.49,4
29538514_MinPolqaSfbRecording_cut.wav,3.5,1.290994449,1.26517456,4
30520461_MinPolqaSfbRecording_cut.wav,3.5,0.577350269,0.565803264,4
30529393_MinPolqaSfbRecording_cut.wav,4.25,0.957427108,0.938278566,4
30137066_MinPolqaSfbRecording_cut.wav,3.75,0.5,0.49,4
30141655_MinPolqaSfbRecording_cut.wav,3.25,1.258305739,1.233139624,4
30058865_MinPolqaSfbRecording_cut.wav,3.25,1.707825128,1.673668625,4
29538702_MinPolqaSfbRecording_cut.wav,4.0,0.816496581,0.800166649,4
30485980_MinPolqaSfbRecording_cut.wav,3.5,1.0,0.98,4
30099117_MinPolqaSfbRecording_cut.wav,3.75,0.957427108,0.938278566,4
28501283_MinPolqaSfbRecording_cut.wav,3.75,0.5,0.49,4
30436455_MinPolqaSfbRecording_cut.wav,4.0,0.816496581,0.800166649,4
30415203_MinPolqaSfbRecording_cut.wav,4.5,0.577350269,0.565803264,4
30522311_MinPolqaSfbRecording_cut.wav,2.2,0.836660027,0.733364848,5
30513802_MinPolqaSfbRecording_cut.wav,2.4,0.547722558,0.48009999,5
30068656_MinPolqaSfbRecording_cut.wav,2.6,0.547722558,0.48009999,5
30421611_MinPolqaSfbRecording_cut.wav,3.2,0.836660027,0.733364848,5
28140351_MinPolqaSfbRecording_cut.wav,3.8,0.836660027,0.733364848,5
30509233_MinPolqaSfbRecording_cut.wav,3.6,0.894427191,0.784,5
30521599_MinPolqaSfbRecording_cut.wav,1.8,0.836660027,0.733364848,5
30069127_MinPolqaSfbRecording_cut.wav,1.2,0.447213595,0.392,5
30213079_MinPolqaSfbRecording_cut.wav,3.0,1.414213562,1.385929291,4
30490171_MinPolqaSfbRecording_cut.wav,1.5,0.577350269,0.565803264,4
29544765_MinPolqaSfbRecording_cut.wav,3.75,0.957427108,0.938278566,4
30121287_MinPolqaSfbRecording_cut.wav,2.5,1.290994449,1.26517456,4
28629252_MinPolqaSfbRecording_cut.wav,4.25,0.5,0.49,4
30475430_MinPolqaSfbRecording_cut.wav,4.0,0.816496581,0.800166649,4
28155851_MinPolqaSfbRecording_cut.wav,4.5,0.577350269,0.565803264,4
30071300_MinPolqaSfbRecording_cut.wav,4.0,0.816496581,0.800166649,4
30162112_MinPolqaSfbRecording_cut.wav,3.0,0.816496581,0.800166649,4
30076642_MinPolqaSfbRecording_cut.wav,2.8,0.836660027,0.733364848,5
27714896_MinPolqaSfbRecording_cut.wav,4.2,0.836660027,0.733364848,5
30151928_MinPolqaSfbRecording_cut.wav,2.6,0.894427191,0.784,5
30163674_MinPolqaSfbRecording_cut.wav,3.4,1.140175425,0.999407825,5
30092424_MinPolqaSfbRecording_cut.wav,3.4,0.547722558,0.48009999,5
30250569_MinPolqaSfbRecording_cut.wav,3.0,0.707106781,0.619806421,5
30455576_MinPolqaSfbRecording_cut.wav,3.0,0.707106781,0.619806421,5
30169168_MinPolqaSfbRecording_cut.wav,3.4,0.547722558,0.48009999,5
30120859_MinPolqaSfbRecording_cut.wav,3.0,1.224744871,1.073536213,5
30200251_MinPolqaSfbRecording_cut.wav,4.2,0.447213595,0.392,5
30083566_MinPolqaSfbRecording_cut.wav,4.2,0.836660027,0.733364848,5
30134287_MinPolqaSfbRecording_cut.wav,3.0,1.414213562,1.239612843,5
30521150_MinPolqaSfbRecording_cut.wav,2.0,1.224744871,1.073536213,5
30208144_MinPolqaSfbRecording_cut.wav,3.6,0.547722558,0.48009999,5
27918872_MinPolqaSfbRecording_cut.wav,3.4,1.140175425,0.999407825,5
28802453_MinPolqaSfbRecording_cut.wav,4.0,1.0,0.876538647,5
30465138_MinPolqaSfbRecording_cut.wav,3.2,0.836660027,0.733364848,5
30058066_MinPolqaSfbRecording_cut.wav,4.0,1.0,1.131606528,3
30434875_MinPolqaSfbRecording_cut.wav,2.333333333,0.577350269,0.653333333,3
27703129_MinPolqaSfbRecording_cut.wav,4.333333333,0.577350269,0.653333333,3
27564763_MinPolqaSfbRecording_cut.wav,4.0,0.0,0.0,3
30507717_MinPolqaSfbRecording_cut.wav,2.666666667,0.577350269,0.653333333,3
29532217_MinPolqaSfbRecording_cut.wav,3.333333333,1.527525232,1.728557523,3
30062197_MinPolqaSfbRecording_cut.wav,4.333333333,1.154700538,1.306666667,3
30404989_MinPolqaSfbRecording_cut.wav,4.666666667,0.577350269,0.653333333,3
30160439_MinPolqaSfbRecording_cut.wav,2.0,0.816496581,0.800166649,4
28141203_MinPolqaSfbRecording_cut.wav,4.0,0.816496581,0.800166649,4
30092209_MinPolqaSfbRecording_cut.wav,3.25,0.957427108,0.938278566,4
30117581_MinPolqaSfbRecording_cut.wav,2.75,0.957427108,0.938278566,4
30072973_MinPolqaSfbRecording_cut.wav,4.0,0.816496581,0.800166649,4
28904905_MinPolqaSfbRecording_cut.wav,3.0,0.0,0.0,4
28017248_MinPolqaSfbRecording_cut.wav,2.5,0.577350269,0.565803264,4
30141255_MinPolqaSfbRecording_cut.wav,3.5,0.577350269,0.565803264,4
30405404_MinPolqaSfbRecording_cut.wav,3.5,0.577350269,0.565803264,4
30179003_MinPolqaSfbRecording_cut.wav,3.0,1.732050808,1.96,3
29541760_MinPolqaSfbRecording_cut.wav,2.333333333,0.577350269,0.653333333,3
28286488_MinPolqaSfbRecording_cut.wav,4.666666667,0.577350269,0.653333333,3
30155266_MinPolqaSfbRecording_cut.wav,3.666666667,0.577350269,0.653333333,3
30530203_MinPolqaSfbRecording_cut.wav,3.0,1.732050808,1.96,3
27831034_MinPolqaSfbRecording_cut.wav,3.666666667,0.577350269,0.653333333,3
28196745_MinPolqaSfbRecording_cut.wav,4.0,1.0,1.131606528,3
30463203_MinPolqaSfbRecording_cut.wav,4.333333333,0.577350269,0.653333333,3
30184651_MinPolqaSfbRecording_cut.wav,2.0,0.816496581,0.800166649,4
30060043_MinPolqaSfbRecording_cut.wav,2.5,0.577350269,0.565803264,4
30099857_MinPolqaSfbRecording_cut.wav,1.5,0.577350269,0.565803264,4
30132692_MinPolqaSfbRecording_cut.wav,1.25,0.5,0.49,4
27740001_MinPolqaSfbRecording_cut.wav,4.25,0.5,0.49,4
30478572_MinPolqaSfbRecording_cut.wav,1.0,0.0,0.0,4
30420844_MinPolqaSfbRecording_cut.wav,3.75,0.957427108,0.938278566,4
30500724_MinPolqaSfbRecording_cut.wav,3.5,0.577350269,0.565803264,4
30178378_MinPolqaSfbRecording_cut.wav,2.25,0.5,0.49,4
30511933_MinPolqaSfbRecording_cut.wav,2.0,0.816496581,0.800166649,4
30110601_MinPolqaSfbRecording_cut.wav,3.5,2.121320344,2.94,2
30415865_MinPolqaSfbRecording_cut.wav,3.0,2.828427125,3.92,2
30508679_MinPolqaSfbRecording_cut.wav,4.5,0.707106781,0.98,2
27603792_MinPolqaSfbRecording_cut.wav,4.5,0.707106781,0.98,2
30123486_MinPolqaSfbRecording_cut.wav,2.5,2.121320344,2.94,2
30422646_MinPolqaSfbRecording_cut.wav,4.0,1.414213562,1.96,2
30437299_MinPolqaSfbRecording_cut.wav,3.0,1.414213562,1.96,2
27878612_MinPolqaSfbRecording_cut.wav,5.0,0.0,0.0,2
30503947_MinPolqaSfbRecording_cut.wav,3.5,2.121320344,2.94,2
30526965_MinPolqaSfbRecording_cut.wav,2.5,0.707106781,0.98,2
29529841_MinPolqaSfbRecording_cut.wav,3.0,0.0,0.0,2
27817755_MinPolqaSfbRecording_cut.wav,2.5,0.707106781,0.98,2
30484729_MinPolqaSfbRecording_cut.wav,3.5,0.707106781,0.98,2
28000639_MinPolqaSfbRecording_cut.wav,3.0,0.0,0.0,2
30527676_MinPolqaSfbRecording_cut.wav,3.5,0.707106781,0.98,2
30442351_MinPolqaSfbRecording_cut.wav,3.0,0.0,0.0,2
28649432_MinPolqaSfbRecording_cut.wav,3.5,0.707106781,0.98,2
30120982_MinPolqaSfbRecording_cut.wav,4.0,0.0,0.0,2
30458133_MinPolqaSfbRecording_cut.wav,3.0,0.816496581,0.800166649,4
27775069_MinPolqaSfbRecording_cut.wav,4.25,0.957427108,0.938278566,4
30208134_MinPolqaSfbRecording_cut.wav,3.5,1.290994449,1.26517456,4
27946531_MinPolqaSfbRecording_cut.wav,3.25,1.258305739,1.233139624,4
30428483_MinPolqaSfbRecording_cut.wav,2.0,0.816496581,0.800166649,4
28434738_MinPolqaSfbRecording_cut.wav,3.5,0.577350269,0.565803264,4
28486275_MinPolqaSfbRecording_cut.wav,4.0,0.707106781,0.619806421,5
30156839_MinPolqaSfbRecording_cut.wav,4.4,0.547722558,0.48009999,5
30097347_MinPolqaSfbRecording_cut.wav,4.2,0.836660027,0.733364848,5
30185091_MinPolqaSfbRecording_cut.wav,3.0,1.58113883,1.385929291,5
30133549_MinPolqaSfbRecording_cut.wav,2.4,1.140175425,0.999407825,5
29543146_MinPolqaSfbRecording_cut.wav,4.2,0.447213595,0.392,5
29532683_MinPolqaSfbRecording_cut.wav,4.2,0.447213595,0.392,5
30127601_MinPolqaSfbRecording_cut.wav,2.4,0.547722558,0.48009999,5
30106406_MinPolqaSfbRecording_cut.wav,2.2,1.303840481,1.142866571,5
30512920_MinPolqaSfbRecording_cut.wav,2.2,0.836660027,0.733364848,5
30102950_MinPolqaSfbRecording_cut.wav,3.6,0.547722558,0.48009999,5
27869176_MinPolqaSfbRecording_cut.wav,4.0,0.707106781,0.619806421,5
30262467_MinPolqaSfbRecording_cut.wav,2.0,1.0,0.876538647,5
30516213_MinPolqaSfbRecording_cut.wav,4.0,0.707106781,0.619806421,5
29534780_MinPolqaSfbRecording_cut.wav,1.4,0.547722558,0.48009999,5
30450303_MinPolqaSfbRecording_cut.wav,1.0,0.0,0.0,3
27972061_MinPolqaSfbRecording_cut.wav,3.0,0.0,0.0,3
28045449_MinPolqaSfbRecording_cut.wav,4.0,0.0,0.0,3
27920361_MinPolqaSfbRecording_cut.wav,4.0,0.0,0.0,3
30161724_MinPolqaSfbRecording_cut.wav,3.333333333,0.577350269,0.653333333,3
30064996_MinPolqaSfbRecording_cut.wav,3.333333333,0.577350269,0.653333333,3
30430644_MinPolqaSfbRecording_cut.wav,4.0,1.0,1.131606528,3
30491238_MinPolqaSfbRecording_cut.wav,1.666666667,0.577350269,0.653333333,3
27949913_MinPolqaSfbRecording_cut.wav,4.25,0.5,0.49,4
30132308_MinPolqaSfbRecording_cut.wav,3.5,1.290994449,1.26517456,4
30192595_MinPolqaSfbRecording_cut.wav,4.25,0.957427108,0.938278566,4
30114113_MinPolqaSfbRecording_cut.wav,2.25,0.957427108,0.938278566,4
30208719_MinPolqaSfbRecording_cut.wav,2.25,1.5,1.47,4
30149914_MinPolqaSfbRecording_cut.wav,1.75,1.5,1.47,4
30470707_MinPolqaSfbRecording_cut.wav,2.0,1.154700538,1.131606528,4
30480104_MinPolqaSfbRecording_cut.wav,2.5,1.0,0.98,4
30106869_MinPolqaSfbRecording_cut.wav,4.25,0.5,0.49,4
28078348_MinPolqaSfbRecording_cut.wav,4.5,0.577350269,0.565803264,4
30109309_MinPolqaSfbRecording_cut.wav,2.0,1.154700538,1.131606528,4
29542488_MinPolqaSfbRecording_cut.wav,3.25,0.5,0.49,4
30140726_MinPolqaSfbRecording_cut.wav,3.5,1.0,0.98,4
30256638_MinPolqaSfbRecording_cut.wav,3.25,0.957427108,0.938278566,4
30518953_MinPolqaSfbRecording_cut.wav,2.25,0.957427108,0.938278566,4
30061307_MinPolqaSfbRecording_cut.wav,4.25,0.5,0.49,4
30174758_MinPolqaSfbRecording_cut.wav,3.5,1.0,0.98,4
30485753_MinPolqaSfbRecording_cut.wav,3.0,0.816496581,0.800166649,4
30076320_MinPolqaSfbRecording_cut.wav,3.5,0.577350269,0.565803264,4
30143365_MinPolqaSfbRecording_cut.wav,4.5,0.577350269,0.565803264,4
30062962_MinPolqaSfbRecording_cut.wav,4.0,0.816496581,0.800166649,4
30154214_MinPolqaSfbRecording_cut.wav,2.5,1.0,0.98,4
30142746_MinPolqaSfbRecording_cut.wav,1.75,0.957427108,0.938278566,4
30248772_MinPolqaSfbRecording_cut.wav,2.25,0.5,0.49,4
30121513_MinPolqaSfbRecording_cut.wav,1.6,0.894427191,0.784,5
30526525_MinPolqaSfbRecording_cut.wav,2.8,0.836660027,0.733364848,5
30162843_MinPolqaSfbRecording_cut.wav,1.8,0.836660027,0.733364848,5
30109537_MinPolqaSfbRecording_cut.wav,2.2,1.095445115,0.960199979,5
28629180_MinPolqaSfbRecording_cut.wav,4.2,0.447213595,0.392,5
28072201_MinPolqaSfbRecording_cut.wav,4.6,0.547722558,0.48009999,5
30406669_MinPolqaSfbRecording_cut.wav,3.6,0.894427191,0.784,5
30064127_MinPolqaSfbRecording_cut.wav,3.4,0.547722558,0.48009999,5
30178464_MinPolqaSfbRecording_cut.wav,4.5,0.577350269,0.565803264,4
30422523_MinPolqaSfbRecording_cut.wav,3.25,0.957427108,0.938278566,4
30140723_MinPolqaSfbRecording_cut.wav,2.75,1.5,1.47,4
30121389_MinPolqaSfbRecording_cut.wav,4.25,0.5,0.49,4
30068735_MinPolqaSfbRecording_cut.wav,3.0,0.816496581,0.800166649,4
30179189_MinPolqaSfbRecording_cut.wav,3.5,1.290994449,1.26517456,4
30137743_MinPolqaSfbRecording_cut.wav,3.0,1.154700538,1.131606528,4
30142129_MinPolqaSfbRecording_cut.wav,3.5,0.577350269,0.565803264,4
30501398_MinPolqaSfbRecording_cut.wav,3.25,1.258305739,1.233139624,4
28195825_MinPolqaSfbRecording_cut.wav,4.25,0.5,0.49,4
30064347_MinPolqaSfbRecording_cut.wav,4.0,1.0,0.876538647,5
30110324_MinPolqaSfbRecording_cut.wav,3.4,1.341640786,1.176,5
30461431_MinPolqaSfbRecording_cut.wav,3.4,0.547722558,0.48009999,5
30064452_MinPolqaSfbRecording_cut.wav,4.4,0.547722558,0.48009999,5
30122355_MinPolqaSfbRecording_cut.wav,2.8,1.483239697,1.300116918,5
30426284_MinPolqaSfbRecording_cut.wav,3.2,1.303840481,1.142866571,5
30163537_MinPolqaSfbRecording_cut.wav,4.0,0.0,0.0,5
30122606_MinPolqaSfbRecording_cut.wav,4.8,0.447213595,0.392,5
30523690_MinPolqaSfbRecording_cut.wav,4.4,0.547722558,0.48009999,5
28130831_MinPolqaSfbRecording_cut.wav,2.75,1.258305739,1.233139624,4
30248774_MinPolqaSfbRecording_cut.wav,1.25,0.5,0.49,4
28020034_MinPolqaSfbRecording_cut.wav,3.5,1.0,0.98,4
30477499_MinPolqaSfbRecording_cut.wav,1.5,0.577350269,0.565803264,4
28485390_MinPolqaSfbRecording_cut.wav,2.25,0.5,0.49,4
28090610_MinPolqaSfbRecording_cut.wav,3.75,0.5,0.49,4
27903297_MinPolqaSfbRecording_cut.wav,3.75,0.5,0.49,4
30160888_MinPolqaSfbRecording_cut.wav,1.0,0.0,0.0,4
30166477_MinPolqaSfbRecording_cut.wav,2.75,1.258305739,1.233139624,4
30249708_MinPolqaSfbRecording_cut.wav,2.75,0.5,0.49,4
29007948_MinPolqaSfbRecording_cut.wav,4.5,0.577350269,0.565803264,4
30066178_MinPolqaSfbRecording_cut.wav,3.5,1.290994449,1.26517456,4
27603454_MinPolqaSfbRecording_cut.wav,3.25,1.258305739,1.233139624,4
27682215_MinPolqaSfbRecording_cut.wav,4.0,0.816496581,0.800166649,4
30145774_MinPolqaSfbRecording_cut.wav,1.75,0.5,0.49,4
30431400_MinPolqaSfbRecording_cut.wav,2.75,0.957427108,0.938278566,4
30464562_MinPolqaSfbRecording_cut.wav,2.25,0.5,0.49,4
30097965_MinPolqaSfbRecording_cut.wav,1.5,1.0,0.98,4
30177457_MinPolqaSfbRecording_cut.wav,2.8,0.836660027,0.733364848,5
28068772_MinPolqaSfbRecording_cut.wav,4.0,0.707106781,0.619806421,5
30165227_MinPolqaSfbRecording_cut.wav,2.2,1.095445115,0.960199979,5
30410837_MinPolqaSfbRecording_cut.wav,2.0,1.0,0.876538647,5
27702339_MinPolqaSfbRecording_cut.wav,4.0,0.707106781,0.619806421,5
28046263_MinPolqaSfbRecording_cut.wav,4.2,0.836660027,0.733364848,5
27718893_MinPolqaSfbRecording_cut.wav,4.4,0.894427191,0.784,5
28625877_MinPolqaSfbRecording_cut.wav,2.6,1.140175425,0.999407825,5
30438404_MinPolqaSfbRecording_cut.wav,2.2,0.836660027,0.733364848,5
28002556_MinPolqaSfbRecording_cut.wav,4.0,0.707106781,0.619806421,5
30199697_MinPolqaSfbRecording_cut.wav,3.75,0.5,0.49,4
30162578_MinPolqaSfbRecording_cut.wav,3.0,0.0,0.0,4
29543169_MinPolqaSfbRecording_cut.wav,2.0,0.816496581,0.800166649,4
30259708_MinPolqaSfbRecording_cut.wav,3.0,1.154700538,1.131606528,4
30153859_MinPolqaSfbRecording_cut.wav,4.0,0.0,0.0,4
30506960_MinPolqaSfbRecording_cut.wav,2.5,1.0,0.98,4
30257992_MinPolqaSfbRecording_cut.wav,1.75,0.957427108,0.938278566,4
30112692_MinPolqaSfbRecording_cut.wav,1.25,0.5,0.49,4
30156503_MinPolqaSfbRecording_cut.wav,3.0,0.816496581,0.800166649,4
30086829_MinPolqaSfbRecording_cut.wav,2.5,1.290994449,1.26517456,4
30121359_MinPolqaSfbRecording_cut.wav,2.75,0.957427108,0.938278566,4
30512375_MinPolqaSfbRecording_cut.wav,2.0,2.0,1.96,4
28627103_MinPolqaSfbRecording_cut.wav,3.5,1.0,0.98,4
30105946_MinPolqaSfbRecording_cut.wav,2.5,1.0,0.98,4
30483206_MinPolqaSfbRecording_cut.wav,3.25,0.5,0.49,4
28039442_MinPolqaSfbRecording_cut.wav,3.0,0.816496581,0.800166649,4
30214044_MinPolqaSfbRecording_cut.wav,2.75,0.957427108,0.938278566,4
30157521_MinPolqaSfbRecording_cut.wav,3.4,1.341640786,1.176,5
29063954_MinPolqaSfbRecording_cut.wav,4.0,0.707106781,0.619806421,5
29532606_MinPolqaSfbRecording_cut.wav,1.6,1.341640786,1.176,5
28696213_MinPolqaSfbRecording_cut.wav,2.8,0.836660027,0.733364848,5
27753811_MinPolqaSfbRecording_cut.wav,1.8,1.303840481,1.142866571,5
30146511_MinPolqaSfbRecording_cut.wav,3.2,0.836660027,0.733364848,5
30157966_MinPolqaSfbRecording_cut.wav,2.4,1.341640786,1.176,5
25842446_MinPolqaSfbRecording_cut.wav,4.0,0.0,0.0,5
30163523_MinPolqaSfbRecording_cut.wav,2.8,0.836660027,0.733364848,5
29018294_MinPolqaSfbRecording_cut.wav,4.333333333,0.577350269,0.653333333,3
30154793_MinPolqaSfbRecording_cut.wav,2.333333333,1.154700538,1.306666667,3
30456211_MinPolqaSfbRecording_cut.wav,2.0,1.0,1.131606528,3
30096144_MinPolqaSfbRecording_cut.wav,3.0,1.732050808,1.96,3
30143567_MinPolqaSfbRecording_cut.wav,3.333333333,1.154700538,1.306666667,3
30108331_MinPolqaSfbRecording_cut.wav,1.333333333,0.577350269,0.653333333,3
28066251_MinPolqaSfbRecording_cut.wav,5.0,0.0,0.0,3
30098275_MinPolqaSfbRecording_cut.wav,3.2,1.303840481,1.142866571,5
30126245_MinPolqaSfbRecording_cut.wav,1.8,1.788854382,1.568,5
28658861_MinPolqaSfbRecording_cut.wav,3.8,0.836660027,0.733364848,5
27862584_MinPolqaSfbRecording_cut.wav,4.0,1.0,0.876538647,5
28988329_MinPolqaSfbRecording_cut.wav,3.4,0.547722558,0.48009999,5
30260534_MinPolqaSfbRecording_cut.wav,3.6,0.894427191,0.784,5
30068392_MinPolqaSfbRecording_cut.wav,2.2,0.836660027,0.733364848,5
30100771_MinPolqaSfbRecording_cut.wav,3.2,1.643167673,1.440299969,5
30515613_MinPolqaSfbRecording_cut.wav,3.2,0.836660027,0.733364848,5
30176862_MinPolqaSfbRecording_cut.wav,2.5,0.707106781,0.98,2
30450534_MinPolqaSfbRecording_cut.wav,2.0,0.0,0.0,2
27752850_MinPolqaSfbRecording_cut.wav,4.0,1.414213562,1.96,2
30457472_MinPolqaSfbRecording_cut.wav,4.0,0.0,0.0,2
30462677_MinPolqaSfbRecording_cut.wav,2.0,0.0,0.0,2
28357568_MinPolqaSfbRecording_cut.wav,2.5,0.707106781,0.98,2
30091401_MinPolqaSfbRecording_cut.wav,4.0,1.414213562,1.96,2
30263486_MinPolqaSfbRecording_cut.wav,4.0,1.414213562,1.96,2
30432761_MinPolqaSfbRecording_cut.wav,1.666666667,0.577350269,0.653333333,3
30417024_MinPolqaSfbRecording_cut.wav,2.666666667,0.577350269,0.653333333,3
27611981_MinPolqaSfbRecording_cut.wav,4.0,1.0,1.131606528,3
30145648_MinPolqaSfbRecording_cut.wav,1.666666667,0.577350269,0.653333333,3
30171840_MinPolqaSfbRecording_cut.wav,2.0,1.0,1.131606528,3
30088873_MinPolqaSfbRecording_cut.wav,2.666666667,0.577350269,0.653333333,3
30183477_MinPolqaSfbRecording_cut.wav,1.333333333,0.577350269,0.653333333,3
30444122_MinPolqaSfbRecording_cut.wav,2.0,1.0,1.131606528,3
30430266_MinPolqaSfbRecording_cut.wav,2.666666667,1.154700538,1.306666667,3
30404760_MinPolqaSfbRecording_cut.wav,2.333333333,1.527525232,1.728557523,3
29534931_MinPolqaSfbRecording_cut.wav,3.666666667,1.154700538,1.306666667,3
30153817_MinPolqaSfbRecording_cut.wav,3.333333333,0.577350269,0.653333333,3
30501399_MinPolqaSfbRecording_cut.wav,3.0,1.732050808,1.96,3
30259118_MinPolqaSfbRecording_cut.wav,2.666666667,0.577350269,0.653333333,3
30102877_MinPolqaSfbRecording_cut.wav,3.333333333,1.527525232,1.728557523,3
30508619_MinPolqaSfbRecording_cut.wav,3.333333333,1.154700538,1.306666667,3
30439617_MinPolqaSfbRecording_cut.wav,4.333333333,1.154700538,1.306666667,3
30143329_MinPolqaSfbRecording_cut.wav,3.333333333,1.154700538,1.306666667,3
30188676_MinPolqaSfbRecording_cut.wav,3.0,1.0,1.131606528,3
30496930_MinPolqaSfbRecording_cut.wav,4.333333333,0.577350269,0.653333333,3
28699950_MinPolqaSfbRecording_cut.wav,4.333333333,1.154700538,1.306666667,3
30259668_MinPolqaSfbRecording_cut.wav,1.2,0.447213595,0.392,5
30437348_MinPolqaSfbRecording_cut.wav,4.2,0.836660027,0.733364848,5
28345968_MinPolqaSfbRecording_cut.wav,3.6,1.673320053,1.466729696,5
30511452_MinPolqaSfbRecording_cut.wav,3.2,0.836660027,0.733364848,5
27727619_MinPolqaSfbRecording_cut.wav,3.8,0.836660027,0.733364848,5
30122736_MinPolqaSfbRecording_cut.wav,3.8,0.836660027,0.733364848,5
30251151_MinPolqaSfbRecording_cut.wav,3.2,0.836660027,0.733364848,5
30183676_MinPolqaSfbRecording_cut.wav,3.0,0.707106781,0.619806421,5
30453364_MinPolqaSfbRecording_cut.wav,1.666666667,0.577350269,0.653333333,3
30156830_MinPolqaSfbRecording_cut.wav,3.333333333,0.577350269,0.653333333,3
27695626_MinPolqaSfbRecording_cut.wav,3.0,0.0,0.0,3
30182768_MinPolqaSfbRecording_cut.wav,1.666666667,0.577350269,0.653333333,3
30083508_MinPolqaSfbRecording_cut.wav,1.0,0.0,0.0,3
30182627_MinPolqaSfbRecording_cut.wav,1.0,0.0,0.0,3
29538378_MinPolqaSfbRecording_cut.wav,3.333333333,0.577350269,0.653333333,3
30501791_MinPolqaSfbRecording_cut.wav,4.0,1.0,1.131606528,3
30122794_MinPolqaSfbRecording_cut.wav,2.666666667,1.527525232,1.728557523,3
29533458_MinPolqaSfbRecording_cut.wav,2.333333333,1.527525232,1.728557523,3
30473776_MinPolqaSfbRecording_cut.wav,2.666666667,2.081665999,2.355626833,3
30483316_MinPolqaSfbRecording_cut.wav,2.0,1.0,1.131606528,3
30448857_MinPolqaSfbRecording_cut.wav,3.333333333,2.081665999,2.355626833,3
28631295_MinPolqaSfbRecording_cut.wav,4.0,1.0,1.131606528,3
30147696_MinPolqaSfbRecording_cut.wav,2.5,1.0,0.98,4
27751041_MinPolqaSfbRecording_cut.wav,3.75,0.5,0.49,4
30139589_MinPolqaSfbRecording_cut.wav,1.75,0.957427108,0.938278566,4
30123385_MinPolqaSfbRecording_cut.wav,3.0,0.816496581,0.800166649,4
30439345_MinPolqaSfbRecording_cut.wav,1.5,1.0,0.98,4
30411570_MinPolqaSfbRecording_cut.wav,1.75,0.957427108,0.938278566,4
28201775_MinPolqaSfbRecording_cut.wav,4.25,0.957427108,0.938278566,4
30065470_MinPolqaSfbRecording_cut.wav,3.0,0.0,0.0,5
27717195_MinPolqaSfbRecording_cut.wav,2.6,0.547722558,0.48009999,5
30208875_MinPolqaSfbRecording_cut.wav,2.8,0.836660027,0.733364848,5
30139580_MinPolqaSfbRecording_cut.wav,1.4,0.547722558,0.48009999,5
30462433_MinPolqaSfbRecording_cut.wav,3.2,0.447213595,0.392,5
30503110_MinPolqaSfbRecording_cut.wav,2.8,0.836660027,0.733364848,5
28070888_MinPolqaSfbRecording_cut.wav,3.8,0.447213595,0.392,5
30150827_MinPolqaSfbRecording_cut.wav,2.8,0.447213595,0.392,5
30488601_MinPolqaSfbRecording_cut.wav,2.6,0.547722558,0.48009999,5
28126713_MinPolqaSfbRecording_cut.wav,4.4,0.547722558,0.48009999,5
29053951_MinPolqaSfbRecording_cut.wav,4.0,1.0,1.131606528,3
30162541_MinPolqaSfbRecording_cut.wav,3.666666667,0.577350269,0.653333333,3
30200285_MinPolqaSfbRecording_cut.wav,3.666666667,0.577350269,0.653333333,3
29531276_MinPolqaSfbRecording_cut.wav,3.333333333,0.577350269,0.653333333,3
28718953_MinPolqaSfbRecording_cut.wav,4.0,1.0,1.131606528,3
30129812_MinPolqaSfbRecording_cut.wav,2.333333333,1.154700538,1.306666667,3
30192178_MinPolqaSfbRecording_cut.wav,3.0,1.0,1.131606528,3
30430526_MinPolqaSfbRecording_cut.wav,2.0,1.414213562,1.385929291,4
30263184_MinPolqaSfbRecording_cut.wav,4.0,0.816496581,0.800166649,4
30137021_MinPolqaSfbRecording_cut.wav,2.25,0.5,0.49,4
29538270_MinPolqaSfbRecording_cut.wav,2.5,0.577350269,0.565803264,4
30075189_MinPolqaSfbRecording_cut.wav,3.5,0.577350269,0.565803264,4
28624318_MinPolqaSfbRecording_cut.wav,3.0,0.816496581,0.800166649,4
30135741_MinPolqaSfbRecording_cut.wav,2.5,0.577350269,0.565803264,4
28865823_MinPolqaSfbRecording_cut.wav,3.5,1.290994449,1.26517456,4
30212968_MinPolqaSfbRecording_cut.wav,1.0,0.0,0.0,3
30430773_MinPolqaSfbRecording_cut.wav,1.666666667,0.577350269,0.653333333,3
28905119_MinPolqaSfbRecording_cut.wav,4.666666667,0.577350269,0.653333333,3
30101025_MinPolqaSfbRecording_cut.wav,3.333333333,1.527525232,1.728557523,3
28428957_MinPolqaSfbRecording_cut.wav,4.333333333,0.577350269,0.653333333,3
28976917_MinPolqaSfbRecording_cut.wav,4.0,1.0,1.131606528,3
30067974_MinPolqaSfbRecording_cut.wav,1.0,0.0,0.0,3
30505768_MinPolqaSfbRecording_cut.wav,1.333333333,0.577350269,0.653333333,3
30427756_MinPolqaSfbRecording_cut.wav,1.0,0.0,0.0,3
30165100_MinPolqaSfbRecording_cut.wav,3.0,1.414213562,1.96,2
30113992_MinPolqaSfbRecording_cut.wav,4.5,0.707106781,0.98,2
27739235_MinPolqaSfbRecording_cut.wav,4.5,0.707106781,0.98,2
27644820_MinPolqaSfbRecording_cut.wav,5.0,0.0,0.0,2
30146181_MinPolqaSfbRecording_cut.wav,4.0,0.0,0.0,2
27919553_MinPolqaSfbRecording_cut.wav,4.0,0.0,0.0,2
28151764_MinPolqaSfbRecording_cut.wav,5.0,0.0,0.0,2
28366462_MinPolqaSfbRecording_cut.wav,5.0,0.0,0.0,2
28258212_MinPolqaSfbRecording_cut.wav,4.25,0.957427108,0.938278566,4
30475327_MinPolqaSfbRecording_cut.wav,1.0,0.0,0.0,4
30119841_MinPolqaSfbRecording_cut.wav,1.0,0.0,0.0,4
30201899_MinPolqaSfbRecording_cut.wav,2.0,1.154700538,1.131606528,4
30527619_MinPolqaSfbRecording_cut.wav,2.0,0.816496581,0.800166649,4
29539828_MinPolqaSfbRecording_cut.wav,1.75,0.5,0.49,4
30069043_MinPolqaSfbRecording_cut.wav,2.5,1.914854216,1.876557131,4
28328861_MinPolqaSfbRecording_cut.wav,4.0,0.816496581,0.800166649,4
30421170_MinPolqaSfbRecording_cut.wav,1.5,0.577350269,0.565803264,4
30122171_MinPolqaSfbRecording_cut.wav,2.4,1.140175425,0.999407825,5
30109568_MinPolqaSfbRecording_cut.wav,2.4,0.894427191,0.784,5
30477934_MinPolqaSfbRecording_cut.wav,2.0,0.707106781,0.619806421,5
30521012_MinPolqaSfbRecording_cut.wav,2.2,1.095445115,0.960199979,5
30133482_MinPolqaSfbRecording_cut.wav,3.4,1.140175425,0.999407825,5
30138889_MinPolqaSfbRecording_cut.wav,3.6,0.894427191,0.784,5
30122182_MinPolqaSfbRecording_cut.wav,1.6,0.894427191,0.784,5
30249201_MinPolqaSfbRecording_cut.wav,3.8,0.836660027,0.733364848,5
27799682_MinPolqaSfbRecording_cut.wav,4.0,0.707106781,0.619806421,5
30189535_MinPolqaSfbRecording_cut.wav,4.0,0.707106781,0.619806421,5
30486301_MinPolqaSfbRecording_cut.wav,3.4,0.547722558,0.48009999,5
30122757_MinPolqaSfbRecording_cut.wav,3.2,0.836660027,0.733364848,5
28685363_MinPolqaSfbRecording_cut.wav,4.0,0.0,0.0,5
30154947_MinPolqaSfbRecording_cut.wav,1.6,0.547722558,0.48009999,5
30457680_MinPolqaSfbRecording_cut.wav,1.4,0.547722558,0.48009999,5
30118651_MinPolqaSfbRecording_cut.wav,3.6,1.140175425,0.999407825,5
30413123_MinPolqaSfbRecording_cut.wav,1.8,0.447213595,0.392,5
27757952_MinPolqaSfbRecording_cut.wav,4.0,1.0,0.876538647,5
30143890_MinPolqaSfbRecording_cut.wav,4.0,1.0,1.131606528,3
30194991_MinPolqaSfbRecording_cut.wav,4.333333333,1.154700538,1.306666667,3
30256846_MinPolqaSfbRecording_cut.wav,4.333333333,0.577350269,0.653333333,3
28643917_MinPolqaSfbRecording_cut.wav,4.333333333,1.154700538,1.306666667,3
30438892_MinPolqaSfbRecording_cut.wav,4.333333333,0.577350269,0.653333333,3
30149364_MinPolqaSfbRecording_cut.wav,3.333333333,1.154700538,1.306666667,3
30084501_MinPolqaSfbRecording_cut.wav,2.333333333,1.527525232,1.728557523,3
28338551_MinPolqaSfbRecording_cut.wav,4.666666667,0.577350269,0.653333333,3
30257047_MinPolqaSfbRecording_cut.wav,3.666666667,1.527525232,1.728557523,3
30508214_MinPolqaSfbRecording_cut.wav,4.0,1.0,1.131606528,3
30521105_MinPolqaSfbRecording_cut.wav,3.0,1.0,1.131606528,3
30128843_MinPolqaSfbRecording_cut.wav,2.0,1.0,1.131606528,3
28473720_MinPolqaSfbRecording_cut.wav,3.333333333,0.577350269,0.653333333,3
28297112_MinPolqaSfbRecording_cut.wav,4.0,1.732050808,1.96,3
30192559_MinPolqaSfbRecording_cut.wav,2.666666667,1.154700538,1.306666667,3
30069834_MinPolqaSfbRecording_cut.wav,1.666666667,1.154700538,1.306666667,3
30075863_MinPolqaSfbRecording_cut.wav,1.666666667,1.154700538,1.306666667,3
27630282_MinPolqaSfbRecording_cut.wav,3.8,0.836660027,0.733364848,5
30135723_MinPolqaSfbRecording_cut.wav,3.2,0.447213595,0.392,5
30157102_MinPolqaSfbRecording_cut.wav,3.4,0.547722558,0.48009999,5
28198960_MinPolqaSfbRecording_cut.wav,4.0,0.707106781,0.619806421,5
30148120_MinPolqaSfbRecording_cut.wav,4.2,0.447213595,0.392,5
30263978_MinPolqaSfbRecording_cut.wav,4.0,0.707106781,0.619806421,5
30467597_MinPolqaSfbRecording_cut.wav,2.4,1.673320053,1.466729696,5
30461703_MinPolqaSfbRecording_cut.wav,3.6,0.894427191,0.784,5
30160621_MinPolqaSfbRecording_cut.wav,2.75,0.957427108,0.938278566,4
28768792_MinPolqaSfbRecording_cut.wav,3.5,0.577350269,0.565803264,4
27697962_MinPolqaSfbRecording_cut.wav,4.0,1.414213562,1.385929291,4
27670491_MinPolqaSfbRecording_cut.wav,4.0,1.414213562,1.385929291,4
28741285_MinPolqaSfbRecording_cut.wav,3.25,0.5,0.49,4
30258038_MinPolqaSfbRecording_cut.wav,3.5,1.0,0.98,4
30527055_MinPolqaSfbRecording_cut.wav,3.8,1.095445115,0.960199979,5
30512137_MinPolqaSfbRecording_cut.wav,3.6,0.547722558,0.48009999,5
28871962_MinPolqaSfbRecording_cut.wav,4.8,0.447213595,0.392,5
28051975_MinPolqaSfbRecording_cut.wav,4.6,0.547722558,0.48009999,5
27791353_MinPolqaSfbRecording_cut.wav,4.4,0.547722558,0.48009999,5
27955598_MinPolqaSfbRecording_cut.wav,4.2,0.836660027,0.733364848,5
30085498_MinPolqaSfbRecording_cut.wav,3.2,1.483239697,1.300116918,5
30163656_MinPolqaSfbRecording_cut.wav,3.4,1.516575089,1.329336677,5
30183277_MinPolqaSfbRecording_cut.wav,4.0,1.0,0.876538647,5
30193322_MinPolqaSfbRecording_cut.wav,1.0,0.0,0.0,5
30075337_MinPolqaSfbRecording_cut.wav,1.2,0.447213595,0.392,5
30214019_MinPolqaSfbRecording_cut.wav,1.0,0.0,0.0,5
27761682_MinPolqaSfbRecording_cut.wav,4.4,0.547722558,0.48009999,5
27788205_MinPolqaSfbRecording_cut.wav,4.4,0.894427191,0.784,5
30107014_MinPolqaSfbRecording_cut.wav,1.8,0.836660027,0.733364848,5
30138832_MinPolqaSfbRecording_cut.wav,1.5,0.577350269,0.565803264,4
30062310_MinPolqaSfbRecording_cut.wav,1.5,0.577350269,0.565803264,4
28134605_MinPolqaSfbRecording_cut.wav,1.75,0.5,0.49,4
30087700_MinPolqaSfbRecording_cut.wav,1.0,0.0,0.0,4
30063492_MinPolqaSfbRecording_cut.wav,3.25,0.957427108,0.938278566,4
28663393_MinPolqaSfbRecording_cut.wav,3.75,0.957427108,0.938278566,4
30099307_MinPolqaSfbRecording_cut.wav,2.75,0.5,0.49,4
28918004_MinPolqaSfbRecording_cut.wav,1.75,0.5,0.49,4
28750777_MinPolqaSfbRecording_cut.wav,3.25,0.5,0.49,4
30057534_MinPolqaSfbRecording_cut.wav,3.5,0.577350269,0.565803264,4
28510874_MinPolqaSfbRecording_cut.wav,3.75,0.5,0.49,4
30437787_MinPolqaSfbRecording_cut.wav,3.0,0.0,0.0,4
30104754_MinPolqaSfbRecording_cut.wav,2.75,0.5,0.49,4
30110291_MinPolqaSfbRecording_cut.wav,3.0,0.0,0.0,4
29537543_MinPolqaSfbRecording_cut.wav,2.0,0.816496581,0.800166649,4
30257575_MinPolqaSfbRecording_cut.wav,1.25,0.5,0.49,4
30261311_MinPolqaSfbRecording_cut.wav,2.25,0.5,0.49,4
30062423_MinPolqaSfbRecording_cut.wav,3.75,0.5,0.49,4
28666352_MinPolqaSfbRecording_cut.wav,4.5,0.577350269,0.565803264,4
29019312_MinPolqaSfbRecording_cut.wav,3.5,0.707106781,0.98,2
30261752_MinPolqaSfbRecording_cut.wav,3.0,0.0,0.0,2
30120849_MinPolqaSfbRecording_cut.wav,3.0,1.414213562,1.96,2
30520353_MinPolqaSfbRecording_cut.wav,2.0,0.0,0.0,2
30081452_MinPolqaSfbRecording_cut.wav,3.0,0.0,0.0,2
30529480_MinPolqaSfbRecording_cut.wav,2.0,0.0,0.0,2
30431653_MinPolqaSfbRecording_cut.wav,2.5,0.707106781,0.98,2
30446270_MinPolqaSfbRecording_cut.wav,3.0,0.0,0.0,2
30531397_MinPolqaSfbRecording_cut.wav,3.0,1.0,1.131606528,3
30059864_MinPolqaSfbRecording_cut.wav,2.666666667,1.154700538,1.306666667,3
28616699_MinPolqaSfbRecording_cut.wav,3.333333333,0.577350269,0.653333333,3
30182778_MinPolqaSfbRecording_cut.wav,1.666666667,1.154700538,1.306666667,3
30403762_MinPolqaSfbRecording_cut.wav,3.333333333,0.577350269,0.653333333,3
28634855_MinPolqaSfbRecording_cut.wav,4.0,1.0,1.131606528,3
30065083_MinPolqaSfbRecording_cut.wav,3.0,1.0,1.131606528,3
30462484_MinPolqaSfbRecording_cut.wav,2.666666667,0.577350269,0.653333333,3
30098338_MinPolqaSfbRecording_cut.wav,3.666666667,1.154700538,1.306666667,3
30259590_MinPolqaSfbRecording_cut.wav,2.666666667,0.577350269,0.653333333,3
30496918_MinPolqaSfbRecording_cut.wav,3.6,0.894427191,0.784,5
30142009_MinPolqaSfbRecording_cut.wav,3.2,0.836660027,0.733364848,5
30194439_MinPolqaSfbRecording_cut.wav,1.6,0.547722558,0.48009999,5
30183159_MinPolqaSfbRecording_cut.wav,3.0,1.224744871,1.073536213,5
30425518_MinPolqaSfbRecording_cut.wav,3.4,0.894427191,0.784,5
29539737_MinPolqaSfbRecording_cut.wav,4.0,1.0,0.876538647,5
30064052_MinPolqaSfbRecording_cut.wav,2.8,1.303840481,1.142866571,5
30496392_MinPolqaSfbRecording_cut.wav,1.0,0.0,0.0,3
30075197_MinPolqaSfbRecording_cut.wav,3.666666667,0.577350269,0.653333333,3
30201407_MinPolqaSfbRecording_cut.wav,2.666666667,0.577350269,0.653333333,3
28323297_MinPolqaSfbRecording_cut.wav,4.333333333,1.154700538,1.306666667,3
30465293_MinPolqaSfbRecording_cut.wav,3.0,1.0,1.131606528,3
30136159_MinPolqaSfbRecording_cut.wav,1.333333333,0.577350269,0.653333333,3
30426974_MinPolqaSfbRecording_cut.wav,3.333333333,1.154700538,1.306666667,3
30184874_MinPolqaSfbRecording_cut.wav,3.666666667,1.154700538,1.306666667,3
28924639_MinPolqaSfbRecording_cut.wav,4.666666667,0.577350269,0.653333333,3
28103779_MinPolqaSfbRecording_cut.wav,4.0,1.0,1.131606528,3
28837926_MinPolqaSfbRecording_cut.wav,4.0,1.0,1.131606528,3
30207823_MinPolqaSfbRecording_cut.wav,1.333333333,0.577350269,0.653333333,3
30400576_MinPolqaSfbRecording_cut.wav,3.0,0.0,0.0,3
30064492_MinPolqaSfbRecording_cut.wav,2.333333333,0.577350269,0.653333333,3
30501559_MinPolqaSfbRecording_cut.wav,2.333333333,0.577350269,0.653333333,3
30198174_MinPolqaSfbRecording_cut.wav,2.0,1.0,1.131606528,3
30123065_MinPolqaSfbRecording_cut.wav,1.333333333,0.577350269,0.653333333,3
30257007_MinPolqaSfbRecording_cut.wav,3.8,0.836660027,0.733364848,5
30151585_MinPolqaSfbRecording_cut.wav,2.6,1.341640786,1.176,5
30425138_MinPolqaSfbRecording_cut.wav,4.0,0.707106781,0.619806421,5
30527330_MinPolqaSfbRecording_cut.wav,3.4,0.547722558,0.48009999,5
30213122_MinPolqaSfbRecording_cut.wav,2.8,0.836660027,0.733364848,5
30068136_MinPolqaSfbRecording_cut.wav,3.0,1.414213562,1.239612843,5
30416435_MinPolqaSfbRecording_cut.wav,2.4,1.140175425,0.999407825,5
30144898_MinPolqaSfbRecording_cut.wav,4.0,0.707106781,0.619806421,5
30261414_MinPolqaSfbRecording_cut.wav,1.8,1.303840481,1.142866571,5
30430140_MinPolqaSfbRecording_cut.wav,3.0,1.732050808,1.96,3
30406646_MinPolqaSfbRecording_cut.wav,3.0,1.732050808,1.96,3
28079189_MinPolqaSfbRecording_cut.wav,3.666666667,0.577350269,0.653333333,3
29539885_MinPolqaSfbRecording_cut.wav,4.0,1.0,1.131606528,3
30251881_MinPolqaSfbRecording_cut.wav,3.666666667,1.154700538,1.306666667,3
30206688_MinPolqaSfbRecording_cut.wav,4.333333333,0.577350269,0.653333333,3
30138710_MinPolqaSfbRecording_cut.wav,4.0,1.0,1.131606528,3
30439622_MinPolqaSfbRecording_cut.wav,3.333333333,1.527525232,1.728557523,3
30400561_MinPolqaSfbRecording_cut.wav,3.5,1.0,0.98,4
28786254_MinPolqaSfbRecording_cut.wav,4.25,0.5,0.49,4
30090116_MinPolqaSfbRecording_cut.wav,3.5,0.577350269,0.565803264,4
30147797_MinPolqaSfbRecording_cut.wav,4.0,0.0,0.0,4
30172996_MinPolqaSfbRecording_cut.wav,4.25,0.5,0.49,4
30446661_MinPolqaSfbRecording_cut.wav,2.75,0.5,0.49,4
30407443_MinPolqaSfbRecording_cut.wav,3.25,0.5,0.49,4
30429635_MinPolqaSfbRecording_cut.wav,2.25,0.5,0.49,4
30406019_MinPolqaSfbRecording_cut.wav,3.0,0.0,0.0,2
30144876_MinPolqaSfbRecording_cut.wav,4.0,1.414213562,1.96,2
30078754_MinPolqaSfbRecording_cut.wav,2.5,0.707106781,0.98,2
28177995_MinPolqaSfbRecording_cut.wav,4.5,0.707106781,0.98,2
29053807_MinPolqaSfbRecording_cut.wav,4.5,0.707106781,0.98,2
30144283_MinPolqaSfbRecording_cut.wav,3.0,0.0,0.0,2
28765498_MinPolqaSfbRecording_cut.wav,3.75,0.957427108,0.938278566,4
28076033_MinPolqaSfbRecording_cut.wav,3.0,1.414213562,1.385929291,4
30092786_MinPolqaSfbRecording_cut.wav,2.5,1.732050808,1.697409791,4
30128705_MinPolqaSfbRecording_cut.wav,2.75,1.5,1.47,4
30195648_MinPolqaSfbRecording_cut.wav,3.25,1.258305739,1.233139624,4
30143865_MinPolqaSfbRecording_cut.wav,3.25,1.707825128,1.673668625,4
30425304_MinPolqaSfbRecording_cut.wav,1.75,1.5,1.47,4
30249601_MinPolqaSfbRecording_cut.wav,2.25,0.5,0.49,4
30526713_MinPolqaSfbRecording_cut.wav,2.25,0.5,0.49,4
28671489_MinPolqaSfbRecording_cut.wav,3.0,0.816496581,0.800166649,4
27928931_MinPolqaSfbRecording_cut.wav,3.75,0.5,0.49,4
30081211_MinPolqaSfbRecording_cut.wav,2.75,0.5,0.49,4
30122394_MinPolqaSfbRecording_cut.wav,3.5,0.577350269,0.565803264,4
28953246_MinPolqaSfbRecording_cut.wav,3.25,0.957427108,0.938278566,4
28600516_MinPolqaSfbRecording_cut.wav,4.0,0.0,0.0,5
27768451_MinPolqaSfbRecording_cut.wav,3.8,0.836660027,0.733364848,5
28154619_MinPolqaSfbRecording_cut.wav,4.4,0.894427191,0.784,5
30427554_MinPolqaSfbRecording_cut.wav,1.0,0.0,0.0,5
30430797_MinPolqaSfbRecording_cut.wav,3.6,0.894427191,0.784,5
30128841_MinPolqaSfbRecording_cut.wav,2.6,0.894427191,0.784,5
30145272_MinPolqaSfbRecording_cut.wav,3.5,0.577350269,0.565803264,4
30514624_MinPolqaSfbRecording_cut.wav,2.75,0.957427108,0.938278566,4
29530281_MinPolqaSfbRecording_cut.wav,3.5,1.0,0.98,4
30110311_MinPolqaSfbRecording_cut.wav,3.75,0.5,0.49,4
30213964_MinPolqaSfbRecording_cut.wav,2.75,0.957427108,0.938278566,4
30177038_MinPolqaSfbRecording_cut.wav,2.25,1.5,1.47,4
28479866_MinPolqaSfbRecording_cut.wav,4.0,0.816496581,0.800166649,4
30104067_MinPolqaSfbRecording_cut.wav,3.25,0.5,0.49,4
28963983_MinPolqaSfbRecording_cut.wav,4.25,0.957427108,0.938278566,4
29537641_MinPolqaSfbRecording_cut.wav,2.75,0.5,0.49,4
30066011_MinPolqaSfbRecording_cut.wav,4.75,0.5,0.49,4
30205902_MinPolqaSfbRecording_cut.wav,2.5,1.0,0.98,4
30075841_MinPolqaSfbRecording_cut.wav,3.75,0.5,0.49,4
29542714_MinPolqaSfbRecording_cut.wav,2.25,0.957427108,0.938278566,4
30148419_MinPolqaSfbRecording_cut.wav,4.0,0.0,0.0,4
30082061_MinPolqaSfbRecording_cut.wav,3.25,0.957427108,0.938278566,4
30521418_MinPolqaSfbRecording_cut.wav,3.5,0.577350269,0.565803264,4
30403783_MinPolqaSfbRecording_cut.wav,3.75,0.5,0.49,4
30076133_MinPolqaSfbRecording_cut.wav,4.0,0.0,0.0,4
30486813_MinPolqaSfbRecording_cut.wav,1.25,0.5,0.49,4
30100625_MinPolqaSfbRecording_cut.wav,3.0,0.0,0.0,4
28451160_MinPolqaSfbRecording_cut.wav,4.0,0.816496581,0.800166649,4
30176290_MinPolqaSfbRecording_cut.wav,2.25,0.957427108,0.938278566,4
30108221_MinPolqaSfbRecording_cut.wav,2.25,1.258305739,1.233139624,4
28019063_MinPolqaSfbRecording_cut.wav,4.666666667,0.577350269,0.653333333,3
30157773_MinPolqaSfbRecording_cut.wav,2.666666667,0.577350269,0.653333333,3
30109097_MinPolqaSfbRecording_cut.wav,3.0,0.0,0.0,3
28349084_MinPolqaSfbRecording_cut.wav,3.333333333,0.577350269,0.653333333,3
30516812_MinPolqaSfbRecording_cut.wav,2.333333333,0.577350269,0.653333333,3
30523881_MinPolqaSfbRecording_cut.wav,2.333333333,0.577350269,0.653333333,3
30452675_MinPolqaSfbRecording_cut.wav,4.0,0.816496581,0.800166649,4
30091739_MinPolqaSfbRecording_cut.wav,2.75,0.957427108,0.938278566,4
29539098_MinPolqaSfbRecording_cut.wav,2.75,1.5,1.47,4
30457288_MinPolqaSfbRecording_cut.wav,2.0,1.414213562,1.385929291,4
30531091_MinPolqaSfbRecording_cut.wav,2.5,1.732050808,1.697409791,4
30154740_MinPolqaSfbRecording_cut.wav,3.5,0.577350269,0.565803264,4
30469952_MinPolqaSfbRecording_cut.wav,3.0,0.816496581,0.800166649,4
30184771_MinPolqaSfbRecording_cut.wav,2.75,0.5,0.49,4
30524017_MinPolqaSfbRecording_cut.wav,3.25,0.957427108,0.938278566,4
27768875_MinPolqaSfbRecording_cut.wav,4.25,0.5,0.49,4
30157371_MinPolqaSfbRecording_cut.wav,2.8,0.447213595,0.392,5
30106487_MinPolqaSfbRecording_cut.wav,1.6,0.547722558,0.48009999,5
30431618_MinPolqaSfbRecording_cut.wav,3.8,0.836660027,0.733364848,5
30488644_MinPolqaSfbRecording_cut.wav,2.8,0.836660027,0.733364848,5
30057939_MinPolqaSfbRecording_cut.wav,3.0,0.0,0.0,5
30210963_MinPolqaSfbRecording_cut.wav,2.6,0.547722558,0.48009999,5
30136070_MinPolqaSfbRecording_cut.wav,4.25,0.5,0.49,4
29541559_MinPolqaSfbRecording_cut.wav,1.5,1.0,0.98,4
30183561_MinPolqaSfbRecording_cut.wav,2.25,0.5,0.49,4
30206063_MinPolqaSfbRecording_cut.wav,2.25,0.957427108,0.938278566,4
28934567_MinPolqaSfbRecording_cut.wav,4.25,0.957427108,0.938278566,4
30428706_MinPolqaSfbRecording_cut.wav,2.75,0.957427108,0.938278566,4
28979007_MinPolqaSfbRecording_cut.wav,3.5,0.577350269,0.565803264,4
28640481_MinPolqaSfbRecording_cut.wav,4.25,0.5,0.49,4
30199000_MinPolqaSfbRecording_cut.wav,3.0,0.816496581,0.800166649,4
30519912_MinPolqaSfbRecording_cut.wav,3.333333333,1.154700538,1.306666667,3
30462486_MinPolqaSfbRecording_cut.wav,2.0,1.0,1.131606528,3
30510387_MinPolqaSfbRecording_cut.wav,2.666666667,0.577350269,0.653333333,3
28912831_MinPolqaSfbRecording_cut.wav,4.333333333,0.577350269,0.653333333,3
30250074_MinPolqaSfbRecording_cut.wav,2.666666667,0.577350269,0.653333333,3
30468003_MinPolqaSfbRecording_cut.wav,2.333333333,1.154700538,1.306666667,3
30160530_MinPolqaSfbRecording_cut.wav,2.666666667,0.577350269,0.653333333,3
30126825_MinPolqaSfbRecording_cut.wav,1.8,0.447213595,0.392,5
28718962_MinPolqaSfbRecording_cut.wav,2.8,0.836660027,0.733364848,5
27882570_MinPolqaSfbRecording_cut.wav,4.2,0.447213595,0.392,5
30151569_MinPolqaSfbRecording_cut.wav,4.0,0.0,0.0,5
30255683_MinPolqaSfbRecording_cut.wav,3.4,0.547722558,0.48009999,5
27868677_MinPolqaSfbRecording_cut.wav,4.0,0.0,0.0,5
30453934_MinPolqaSfbRecording_cut.wav,1.2,0.447213595,0.392,5
30158419_MinPolqaSfbRecording_cut.wav,2.8,0.836660027,0.733364848,5
30173068_MinPolqaSfbRecording_cut.wav,3.4,1.140175425,0.999407825,5
30403868_MinPolqaSfbRecording_cut.wav,3.0,1.224744871,1.073536213,5
28801452_MinPolqaSfbRecording_cut.wav,4.0,1.0,0.876538647,5
27143336_MinPolqaSfbRecording_cut.wav,3.8,1.095445115,0.960199979,5
30472341_MinPolqaSfbRecording_cut.wav,2.2,1.643167673,1.440299969,5
30157664_MinPolqaSfbRecording_cut.wav,3.0,0.707106781,0.619806421,5
28297373_MinPolqaSfbRecording_cut.wav,2.8,0.836660027,0.733364848,5
30511223_MinPolqaSfbRecording_cut.wav,2.0,1.224744871,1.073536213,5
30136718_MinPolqaSfbRecording_cut.wav,3.0,1.224744871,1.073536213,5
30183607_MinPolqaSfbRecording_cut.wav,2.5,0.577350269,0.565803264,4
30130949_MinPolqaSfbRecording_cut.wav,2.5,1.290994449,1.26517456,4
27999768_MinPolqaSfbRecording_cut.wav,4.5,0.577350269,0.565803264,4
28316069_MinPolqaSfbRecording_cut.wav,4.25,0.957427108,0.938278566,4
30444259_MinPolqaSfbRecording_cut.wav,2.5,0.577350269,0.565803264,4
30073124_MinPolqaSfbRecording_cut.wav,2.75,0.5,0.49,4
30441677_MinPolqaSfbRecording_cut.wav,3.5,0.577350269,0.565803264,4
28952607_MinPolqaSfbRecording_cut.wav,4.5,1.0,0.98,4
28711848_MinPolqaSfbRecording_cut.wav,1.75,0.5,0.49,4
30438406_MinPolqaSfbRecording_cut.wav,2.0,0.0,0.0,4
30202173_MinPolqaSfbRecording_cut.wav,2.0,0.0,0.0,4
30458713_MinPolqaSfbRecording_cut.wav,1.25,0.5,0.49,4
30083981_MinPolqaSfbRecording_cut.wav,3.5,0.577350269,0.565803264,4
30250537_MinPolqaSfbRecording_cut.wav,3.25,0.5,0.49,4
30161366_MinPolqaSfbRecording_cut.wav,1.75,0.5,0.49,4
30512438_MinPolqaSfbRecording_cut.wav,2.75,0.5,0.49,4
30516241_MinPolqaSfbRecording_cut.wav,3.25,0.5,0.49,4
30202118_MinPolqaSfbRecording_cut.wav,2.0,1.0,0.876538647,5
30178416_MinPolqaSfbRecording_cut.wav,4.6,0.547722558,0.48009999,5
29532946_MinPolqaSfbRecording_cut.wav,3.0,0.707106781,0.619806421,5
30145245_MinPolqaSfbRecording_cut.wav,3.4,0.894427191,0.784,5
30513120_MinPolqaSfbRecording_cut.wav,3.4,0.894427191,0.784,5
30255753_MinPolqaSfbRecording_cut.wav,2.6,0.894427191,0.784,5
30147109_MinPolqaSfbRecording_cut.wav,2.6,0.547722558,0.48009999,5
30444258_MinPolqaSfbRecording_cut.wav,2.75,0.5,0.49,4
27608716_MinPolqaSfbRecording_cut.wav,4.25,0.5,0.49,4
27770273_MinPolqaSfbRecording_cut.wav,4.25,0.957427108,0.938278566,4
30260854_MinPolqaSfbRecording_cut.wav,3.25,0.5,0.49,4
30515922_MinPolqaSfbRecording_cut.wav,3.5,0.577350269,0.565803264,4
30122840_MinPolqaSfbRecording_cut.wav,2.5,0.577350269,0.565803264,4
29533994_MinPolqaSfbRecording_cut.wav,2.25,0.957427108,0.938278566,4
30415812_MinPolqaSfbRecording_cut.wav,2.25,0.957427108,0.938278566,4
30090516_MinPolqaSfbRecording_cut.wav,3.5,0.577350269,0.565803264,4
27920400_MinPolqaSfbRecording_cut.wav,4.0,0.707106781,0.619806421,5
30065240_MinPolqaSfbRecording_cut.wav,2.6,1.140175425,0.999407825,5
30061869_MinPolqaSfbRecording_cut.wav,3.6,1.140175425,0.999407825,5
27783443_MinPolqaSfbRecording_cut.wav,4.2,0.447213595,0.392,5
30413906_MinPolqaSfbRecording_cut.wav,3.2,1.303840481,1.142866571,5
29059088_MinPolqaSfbRecording_cut.wav,3.0,0.707106781,0.619806421,5
30415115_MinPolqaSfbRecording_cut.wav,1.0,0.0,0.0,5
30510338_MinPolqaSfbRecording_cut.wav,3.0,0.0,0.0,5
28276890_MinPolqaSfbRecording_cut.wav,4.4,0.547722558,0.48009999,5
30209663_MinPolqaSfbRecording_cut.wav,2.6,0.894427191,0.784,5
30156959_MinPolqaSfbRecording_cut.wav,3.0,0.707106781,0.619806421,5
28367806_MinPolqaSfbRecording_cut.wav,4.2,0.447213595,0.392,5
30174628_MinPolqaSfbRecording_cut.wav,3.2,1.303840481,1.142866571,5
29004080_MinPolqaSfbRecording_cut.wav,3.6,0.547722558,0.48009999,5
30063182_MinPolqaSfbRecording_cut.wav,3.0,0.707106781,0.619806421,5
28489109_MinPolqaSfbRecording_cut.wav,3.0,1.0,1.131606528,3
29530190_MinPolqaSfbRecording_cut.wav,4.0,1.0,1.131606528,3
28435246_MinPolqaSfbRecording_cut.wav,3.666666667,1.154700538,1.306666667,3
30084105_MinPolqaSfbRecording_cut.wav,3.0,1.0,1.131606528,3
30471915_MinPolqaSfbRecording_cut.wav,4.0,0.0,0.0,3
30521985_MinPolqaSfbRecording_cut.wav,3.0,1.0,1.131606528,3
30081657_MinPolqaSfbRecording_cut.wav,1.666666667,1.154700538,1.306666667,3
30148363_MinPolqaSfbRecording_cut.wav,4.0,1.0,1.131606528,3
27730455_MinPolqaSfbRecording_cut.wav,3.666666667,0.577350269,0.653333333,3
30450155_MinPolqaSfbRecording_cut.wav,2.0,1.224744871,1.073536213,5
30146211_MinPolqaSfbRecording_cut.wav,1.4,0.547722558,0.48009999,5
27743359_MinPolqaSfbRecording_cut.wav,3.0,0.0,0.0,5
30162574_MinPolqaSfbRecording_cut.wav,2.2,1.095445115,0.960199979,5
29038114_MinPolqaSfbRecording_cut.wav,3.4,0.547722558,0.48009999,5
28225214_MinPolqaSfbRecording_cut.wav,4.4,0.547722558,0.48009999,5
30259126_MinPolqaSfbRecording_cut.wav,3.2,0.447213595,0.392,5
30069814_MinPolqaSfbRecording_cut.wav,3.0,0.707106781,0.619806421,5
27588111_MinPolqaSfbRecording_cut.wav,3.6,0.547722558,0.48009999,5
30488923_MinPolqaSfbRecording_cut.wav,2.8,1.643167673,1.440299969,5
29055131_MinPolqaSfbRecording_cut.wav,4.2,0.836660027,0.733364848,5
30480041_MinPolqaSfbRecording_cut.wav,2.8,0.836660027,0.733364848,5
28309631_MinPolqaSfbRecording_cut.wav,4.0,0.707106781,0.619806421,5
30430306_MinPolqaSfbRecording_cut.wav,2.4,1.140175425,0.999407825,5
27763415_MinPolqaSfbRecording_cut.wav,4.4,0.894427191,0.784,5
30192942_MinPolqaSfbRecording_cut.wav,3.8,0.836660027,0.733364848,5
30439381_MinPolqaSfbRecording_cut.wav,1.25,0.5,0.49,4
27675538_MinPolqaSfbRecording_cut.wav,3.75,0.5,0.49,4
30509746_MinPolqaSfbRecording_cut.wav,1.5,0.577350269,0.565803264,4
30179076_MinPolqaSfbRecording_cut.wav,3.0,0.816496581,0.800166649,4
30164299_MinPolqaSfbRecording_cut.wav,3.0,0.816496581,0.800166649,4
30091369_MinPolqaSfbRecording_cut.wav,4.0,0.816496581,0.800166649,4
30177931_MinPolqaSfbRecording_cut.wav,2.0,0.0,0.0,4
30152001_MinPolqaSfbRecording_cut.wav,1.25,0.5,0.49,4
27834126_MinPolqaSfbRecording_cut.wav,3.5,0.577350269,0.565803264,4
30098750_MinPolqaSfbRecording_cut.wav,4.6,0.894427191,0.784,5
30101039_MinPolqaSfbRecording_cut.wav,3.4,1.140175425,0.999407825,5
28001759_MinPolqaSfbRecording_cut.wav,4.2,0.836660027,0.733364848,5
30491882_MinPolqaSfbRecording_cut.wav,3.0,1.224744871,1.073536213,5
30082578_MinPolqaSfbRecording_cut.wav,3.2,0.447213595,0.392,5
30437110_MinPolqaSfbRecording_cut.wav,1.8,1.788854382,1.568,5
30211953_MinPolqaSfbRecording_cut.wav,4.4,0.894427191,0.784,5
30104599_MinPolqaSfbRecording_cut.wav,1.8,0.836660027,0.733364848,5
30097196_MinPolqaSfbRecording_cut.wav,3.0,1.0,0.876538647,5
30192179_MinPolqaSfbRecording_cut.wav,3.4,0.547722558,0.48009999,5
30474858_MinPolqaSfbRecording_cut.wav,3.2,0.836660027,0.733364848,5
30063056_MinPolqaSfbRecording_cut.wav,3.6,0.894427191,0.784,5
30437325_MinPolqaSfbRecording_cut.wav,3.2,0.447213595,0.392,5
30491097_MinPolqaSfbRecording_cut.wav,3.25,0.957427108,0.938278566,4
30081579_MinPolqaSfbRecording_cut.wav,3.25,0.5,0.49,4
28513290_MinPolqaSfbRecording_cut.wav,4.5,1.0,0.98,4
30132224_MinPolqaSfbRecording_cut.wav,3.25,0.957427108,0.938278566,4
30154336_MinPolqaSfbRecording_cut.wav,1.0,0.0,0.0,4
29531820_MinPolqaSfbRecording_cut.wav,1.5,0.577350269,0.565803264,4
28366289_MinPolqaSfbRecording_cut.wav,4.75,0.5,0.49,4
30098586_MinPolqaSfbRecording_cut.wav,3.0,1.154700538,1.131606528,4
30483028_MinPolqaSfbRecording_cut.wav,3.4,0.547722558,0.48009999,5
30522254_MinPolqaSfbRecording_cut.wav,2.2,1.095445115,0.960199979,5
30462150_MinPolqaSfbRecording_cut.wav,3.0,1.0,0.876538647,5
30128742_MinPolqaSfbRecording_cut.wav,2.8,1.643167673,1.440299969,5
30148811_MinPolqaSfbRecording_cut.wav,3.6,0.547722558,0.48009999,5
30488905_MinPolqaSfbRecording_cut.wav,1.8,1.303840481,1.142866571,5
28311327_MinPolqaSfbRecording_cut.wav,3.6,0.547722558,0.48009999,5
30199241_MinPolqaSfbRecording_cut.wav,3.0,1.0,0.876538647,5
30513744_MinPolqaSfbRecording_cut.wav,2.4,0.894427191,0.784,5
27787468_MinPolqaSfbRecording_cut.wav,4.0,0.707106781,0.619806421,5
30435186_MinPolqaSfbRecording_cut.wav,3.2,0.836660027,0.733364848,5
27575746_MinPolqaSfbRecording_cut.wav,3.4,1.140175425,0.999407825,5
30214455_MinPolqaSfbRecording_cut.wav,3.4,0.547722558,0.48009999,5
30173684_MinPolqaSfbRecording_cut.wav,2.2,1.095445115,0.960199979,5
28163385_MinPolqaSfbRecording_cut.wav,2.5,0.577350269,0.565803264,4
27873569_MinPolqaSfbRecording_cut.wav,2.75,0.5,0.49,4
30506109_MinPolqaSfbRecording_cut.wav,2.0,0.816496581,0.800166649,4
30150670_MinPolqaSfbRecording_cut.wav,2.75,1.5,1.47,4
30133922_MinPolqaSfbRecording_cut.wav,3.0,1.414213562,1.385929291,4
29532668_MinPolqaSfbRecording_cut.wav,1.0,0.0,0.0,4
30421183_MinPolqaSfbRecording_cut.wav,2.75,0.5,0.49,4
30166668_MinPolqaSfbRecording_cut.wav,2.75,0.957427108,0.938278566,4
30101860_MinPolqaSfbRecording_cut.wav,2.25,0.5,0.49,4
28357332_MinPolqaSfbRecording_cut.wav,3.4,0.547722558,0.48009999,5
29034998_MinPolqaSfbRecording_cut.wav,4.2,0.836660027,0.733364848,5
27605791_MinPolqaSfbRecording_cut.wav,4.2,0.447213595,0.392,5
30080775_MinPolqaSfbRecording_cut.wav,3.4,0.547722558,0.48009999,5
27803687_MinPolqaSfbRecording_cut.wav,3.8,0.836660027,0.733364848,5
30483782_MinPolqaSfbRecording_cut.wav,2.0,1.224744871,1.073536213,5
28061079_MinPolqaSfbRecording_cut.wav,4.0,0.707106781,0.619806421,5
30122270_MinPolqaSfbRecording_cut.wav,3.2,1.303840481,1.142866571,5
30480186_MinPolqaSfbRecording_cut.wav,2.6,1.516575089,1.329336677,5
28310746_MinPolqaSfbRecording_cut.wav,3.6,0.894427191,0.784,5
30164014_MinPolqaSfbRecording_cut.wav,3.0,1.414213562,1.239612843,5
27924301_MinPolqaSfbRecording_cut.wav,4.2,0.836660027,0.733364848,5
30090024_MinPolqaSfbRecording_cut.wav,4.0,0.707106781,0.619806421,5
30147112_MinPolqaSfbRecording_cut.wav,3.2,1.303840481,1.142866571,5
30414090_MinPolqaSfbRecording_cut.wav,3.2,0.836660027,0.733364848,5
30432259_MinPolqaSfbRecording_cut.wav,4.6,0.547722558,0.48009999,5
30207814_MinPolqaSfbRecording_cut.wav,3.8,0.447213595,0.392,5
30207195_MinPolqaSfbRecording_cut.wav,3.4,1.341640786,1.176,5
30530299_MinPolqaSfbRecording_cut.wav,3.6,0.547722558,0.48009999,5
30073455_MinPolqaSfbRecording_cut.wav,4.0,0.816496581,0.800166649,4
30256172_MinPolqaSfbRecording_cut.wav,4.25,0.957427108,0.938278566,4
30485772_MinPolqaSfbRecording_cut.wav,3.75,0.957427108,0.938278566,4
30469617_MinPolqaSfbRecording_cut.wav,3.75,0.957427108,0.938278566,4
30076981_MinPolqaSfbRecording_cut.wav,2.75,1.258305739,1.233139624,4
30073154_MinPolqaSfbRecording_cut.wav,3.0,1.414213562,1.385929291,4
30160626_MinPolqaSfbRecording_cut.wav,3.75,0.957427108,0.938278566,4
30067343_MinPolqaSfbRecording_cut.wav,2.75,0.957427108,0.938278566,4
30181433_MinPolqaSfbRecording_cut.wav,3.5,1.0,0.98,4
30263229_MinPolqaSfbRecording_cut.wav,2.4,1.140175425,0.999407825,5
30142153_MinPolqaSfbRecording_cut.wav,1.6,0.547722558,0.48009999,5
30174631_MinPolqaSfbRecording_cut.wav,3.0,0.0,0.0,5
28486957_MinPolqaSfbRecording_cut.wav,3.4,0.547722558,0.48009999,5
30128787_MinPolqaSfbRecording_cut.wav,3.0,0.0,0.0,5
30110597_MinPolqaSfbRecording_cut.wav,3.2,1.095445115,0.960199979,5
30428287_MinPolqaSfbRecording_cut.wav,1.8,0.836660027,0.733364848,5
30422684_MinPolqaSfbRecording_cut.wav,2.8,0.836660027,0.733364848,5
30493101_MinPolqaSfbRecording_cut.wav,3.25,0.957427108,0.938278566,4
30249699_MinPolqaSfbRecording_cut.wav,3.0,0.816496581,0.800166649,4
30522944_MinPolqaSfbRecording_cut.wav,4.5,1.0,0.98,4
28694904_MinPolqaSfbRecording_cut.wav,4.25,0.5,0.49,4
30145746_MinPolqaSfbRecording_cut.wav,4.5,0.577350269,0.565803264,4
29000936_MinPolqaSfbRecording_cut.wav,3.5,0.577350269,0.565803264,4
30432760_MinPolqaSfbRecording_cut.wav,2.5,1.0,0.98,4
30462775_MinPolqaSfbRecording_cut.wav,3.25,0.5,0.49,4
30098187_MinPolqaSfbRecording_cut.wav,3.25,1.707825128,1.673668625,4
30421304_MinPolqaSfbRecording_cut.wav,3.75,0.5,0.49,4
30491282_MinPolqaSfbRecording_cut.wav,3.5,0.577350269,0.565803264,4
30139368_MinPolqaSfbRecording_cut.wav,2.5,1.290994449,1.26517456,4
30113388_MinPolqaSfbRecording_cut.wav,3.0,0.816496581,0.800166649,4
30156589_MinPolqaSfbRecording_cut.wav,3.25,1.258305739,1.233139624,4
30197685_MinPolqaSfbRecording_cut.wav,3.0,0.816496581,0.800166649,4
30415683_MinPolqaSfbRecording_cut.wav,3.5,1.290994449,1.26517456,4
28130023_MinPolqaSfbRecording_cut.wav,4.5,0.577350269,0.565803264,4
28822102_MinPolqaSfbRecording_cut.wav,3.0,0.0,0.0,4
30445125_MinPolqaSfbRecording_cut.wav,3.6,0.894427191,0.784,5
29532157_MinPolqaSfbRecording_cut.wav,3.0,0.707106781,0.619806421,5
30186141_MinPolqaSfbRecording_cut.wav,3.8,1.303840481,1.142866571,5
30462532_MinPolqaSfbRecording_cut.wav,3.0,0.707106781,0.619806421,5
30066053_MinPolqaSfbRecording_cut.wav,1.4,0.547722558,0.48009999,5
30258487_MinPolqaSfbRecording_cut.wav,2.8,0.836660027,0.733364848,5
30263488_MinPolqaSfbRecording_cut.wav,3.4,0.547722558,0.48009999,5
30530509_MinPolqaSfbRecording_cut.wav,1.2,0.447213595,0.392,5
30150894_MinPolqaSfbRecording_cut.wav,2.5,0.577350269,0.565803264,4
28165739_MinPolqaSfbRecording_cut.wav,3.25,0.5,0.49,4
30118583_MinPolqaSfbRecording_cut.wav,3.5,0.577350269,0.565803264,4
30475396_MinPolqaSfbRecording_cut.wav,2.25,0.5,0.49,4
30206600_MinPolqaSfbRecording_cut.wav,2.75,0.957427108,0.938278566,4
30493399_MinPolqaSfbRecording_cut.wav,2.75,0.957427108,0.938278566,4
30202142_MinPolqaSfbRecording_cut.wav,2.75,0.957427108,0.938278566,4
30507394_MinPolqaSfbRecording_cut.wav,2.75,0.957427108,0.938278566,4
29533744_MinPolqaSfbRecording_cut.wav,3.5,0.577350269,0.565803264,4
30069538_MinPolqaSfbRecording_cut.wav,2.0,1.0,0.876538647,5
30436288_MinPolqaSfbRecording_cut.wav,4.4,0.894427191,0.784,5
30099068_MinPolqaSfbRecording_cut.wav,1.8,0.836660027,0.733364848,5
27803377_MinPolqaSfbRecording_cut.wav,4.4,0.894427191,0.784,5
30060938_MinPolqaSfbRecording_cut.wav,3.4,0.894427191,0.784,5
27516471_MinPolqaSfbRecording_cut.wav,4.8,0.447213595,0.392,5
30167303_MinPolqaSfbRecording_cut.wav,1.2,0.447213595,0.392,5
30069740_MinPolqaSfbRecording_cut.wav,3.0,0.0,0.0,3
30428222_MinPolqaSfbRecording_cut.wav,2.333333333,0.577350269,0.653333333,3
28633770_MinPolqaSfbRecording_cut.wav,4.333333333,0.577350269,0.653333333,3
30409549_MinPolqaSfbRecording_cut.wav,2.666666667,1.154700538,1.306666667,3
30144398_MinPolqaSfbRecording_cut.wav,2.666666667,0.577350269,0.653333333,3
30521496_MinPolqaSfbRecording_cut.wav,2.666666667,1.154700538,1.306666667,3
30098661_MinPolqaSfbRecording_cut.wav,4.0,1.0,1.131606528,3
30108287_MinPolqaSfbRecording_cut.wav,3.0,0.0,0.0,3
30212028_MinPolqaSfbRecording_cut.wav,3.666666667,0.577350269,0.653333333,3
30478914_MinPolqaSfbRecording_cut.wav,2.4,1.516575089,1.329336677,5
30146351_MinPolqaSfbRecording_cut.wav,1.0,0.0,0.0,5
30513865_MinPolqaSfbRecording_cut.wav,3.4,1.516575089,1.329336677,5
30199235_MinPolqaSfbRecording_cut.wav,3.4,0.894427191,0.784,5
27745013_MinPolqaSfbRecording_cut.wav,3.2,1.095445115,0.960199979,5
30171395_MinPolqaSfbRecording_cut.wav,1.6,1.341640786,1.176,5
28768489_MinPolqaSfbRecording_cut.wav,4.0,1.414213562,1.239612843,5
30501176_MinPolqaSfbRecording_cut.wav,2.8,1.095445115,0.960199979,5
30259057_MinPolqaSfbRecording_cut.wav,3.4,1.516575089,1.329336677,5
30515719_MinPolqaSfbRecording_cut.wav,4.5,0.577350269,0.565803264,4
30430054_MinPolqaSfbRecording_cut.wav,4.0,0.816496581,0.800166649,4
29530895_MinPolqaSfbRecording_cut.wav,1.25,0.5,0.49,4
30455577_MinPolqaSfbRecording_cut.wav,3.0,1.414213562,1.385929291,4
30111674_MinPolqaSfbRecording_cut.wav,3.5,1.0,0.98,4
27635580_MinPolqaSfbRecording_cut.wav,3.75,1.258305739,1.233139624,4
30142964_MinPolqaSfbRecording_cut.wav,2.75,0.957427108,0.938278566,4
28180036_MinPolqaSfbRecording_cut.wav,4.0,0.816496581,0.800166649,4
28689445_MinPolqaSfbRecording_cut.wav,4.0,1.154700538,1.131606528,4
27551191_MinPolqaSfbRecording_cut.wav,4.666666667,0.577350269,0.653333333,3
30114067_MinPolqaSfbRecording_cut.wav,4.333333333,0.577350269,0.653333333,3
28198327_MinPolqaSfbRecording_cut.wav,3.666666667,1.154700538,1.306666667,3
30139034_MinPolqaSfbRecording_cut.wav,3.333333333,0.577350269,0.653333333,3
30068439_MinPolqaSfbRecording_cut.wav,3.0,0.0,0.0,3
30088835_MinPolqaSfbRecording_cut.wav,3.0,0.0,0.0,3
27909563_MinPolqaSfbRecording_cut.wav,3.666666667,0.577350269,0.653333333,3
30528512_MinPolqaSfbRecording_cut.wav,4.0,1.0,1.131606528,3
30425476_MinPolqaSfbRecording_cut.wav,2.0,0.0,0.0,3
29537243_MinPolqaSfbRecording_cut.wav,1.2,0.447213595,0.392,5
30147062_MinPolqaSfbRecording_cut.wav,2.0,0.707106781,0.619806421,5
30068882_MinPolqaSfbRecording_cut.wav,2.8,0.836660027,0.733364848,5
30176661_MinPolqaSfbRecording_cut.wav,1.0,0.0,0.0,5
30182443_MinPolqaSfbRecording_cut.wav,1.6,0.894427191,0.784,5
28843542_MinPolqaSfbRecording_cut.wav,2.8,0.836660027,0.733364848,5
30066702_MinPolqaSfbRecording_cut.wav,4.2,0.447213595,0.392,5
30100008_MinPolqaSfbRecording_cut.wav,3.8,0.836660027,0.733364848,5
30251816_MinPolqaSfbRecording_cut.wav,1.2,0.447213595,0.392,5
30192853_MinPolqaSfbRecording_cut.wav,3.333333333,1.527525232,1.728557523,3
30163283_MinPolqaSfbRecording_cut.wav,3.0,0.0,0.0,3
30207159_MinPolqaSfbRecording_cut.wav,3.333333333,0.577350269,0.653333333,3
30126818_MinPolqaSfbRecording_cut.wav,1.666666667,0.577350269,0.653333333,3
28002946_MinPolqaSfbRecording_cut.wav,4.0,1.0,1.131606528,3
28295495_MinPolqaSfbRecording_cut.wav,4.666666667,0.577350269,0.653333333,3
30443244_MinPolqaSfbRecording_cut.wav,3.333333333,1.527525232,1.728557523,3
30160659_MinPolqaSfbRecording_cut.wav,3.666666667,0.577350269,0.653333333,3
30159095_MinPolqaSfbRecording_cut.wav,3.2,0.836660027,0.733364848,5
30462813_MinPolqaSfbRecording_cut.wav,2.8,1.095445115,0.960199979,5
28024398_MinPolqaSfbRecording_cut.wav,3.0,1.0,0.876538647,5
30083818_MinPolqaSfbRecording_cut.wav,3.6,1.140175425,0.999407825,5
30113502_MinPolqaSfbRecording_cut.wav,3.4,0.894427191,0.784,5
27954719_MinPolqaSfbRecording_cut.wav,3.6,0.894427191,0.784,5
28310683_MinPolqaSfbRecording_cut.wav,3.0,1.0,0.876538647,5
29537165_MinPolqaSfbRecording_cut.wav,1.6,0.894427191,0.784,5
30258388_MinPolqaSfbRecording_cut.wav,2.4,1.140175425,0.999407825,5
30410071_MinPolqaSfbRecording_cut.wav,1.8,1.788854382,1.568,5
30251728_MinPolqaSfbRecording_cut.wav,4.0,1.224744871,1.073536213,5
28753289_MinPolqaSfbRecording_cut.wav,3.2,1.095445115,0.960199979,5
28645406_MinPolqaSfbRecording_cut.wav,4.0,0.0,0.0,5
30143321_MinPolqaSfbRecording_cut.wav,2.6,1.516575089,1.329336677,5
30258673_MinPolqaSfbRecording_cut.wav,2.2,0.836660027,0.733364848,5
30527105_MinPolqaSfbRecording_cut.wav,3.8,1.095445115,0.960199979,5
30490890_MinPolqaSfbRecording_cut.wav,2.2,1.643167673,1.440299969,5
27717994_MinPolqaSfbRecording_cut.wav,3.8,1.095445115,0.960199979,5
30490382_MinPolqaSfbRecording_cut.wav,3.0,1.414213562,1.239612843,5
30060103_MinPolqaSfbRecording_cut.wav,1.8,0.447213595,0.392,5
28961312_MinPolqaSfbRecording_cut.wav,3.6,1.140175425,0.999407825,5
30436762_MinPolqaSfbRecording_cut.wav,2.6,1.140175425,0.999407825,5
29534174_MinPolqaSfbRecording_cut.wav,1.8,1.095445115,0.960199979,5
30182504_MinPolqaSfbRecording_cut.wav,4.2,0.836660027,0.733364848,5
30087554_MinPolqaSfbRecording_cut.wav,1.8,0.836660027,0.733364848,5
28232557_MinPolqaSfbRecording_cut.wav,2.6,0.547722558,0.48009999,5
30158268_MinPolqaSfbRecording_cut.wav,2.5,0.707106781,0.98,2
30457926_MinPolqaSfbRecording_cut.wav,3.0,0.0,0.0,2
30132182_MinPolqaSfbRecording_cut.wav,3.5,0.707106781,0.98,2
28804779_MinPolqaSfbRecording_cut.wav,3.5,0.707106781,0.98,2
30405889_MinPolqaSfbRecording_cut.wav,1.5,0.707106781,0.98,2
30521417_MinPolqaSfbRecording_cut.wav,3.0,0.0,0.0,2
30497010_MinPolqaSfbRecording_cut.wav,2.0,0.0,0.0,2
30185992_MinPolqaSfbRecording_cut.wav,4.0,0.0,0.0,2
30414229_MinPolqaSfbRecording_cut.wav,4.0,0.0,0.0,2
30483126_MinPolqaSfbRecording_cut.wav,2.5,1.0,0.98,4
27804541_MinPolqaSfbRecording_cut.wav,4.0,0.816496581,0.800166649,4
30489793_MinPolqaSfbRecording_cut.wav,4.5,0.577350269,0.565803264,4
30091829_MinPolqaSfbRecording_cut.wav,3.5,0.577350269,0.565803264,4
30176307_MinPolqaSfbRecording_cut.wav,4.0,0.816496581,0.800166649,4
28447691_MinPolqaSfbRecording_cut.wav,4.0,0.816496581,0.800166649,4
30492143_MinPolqaSfbRecording_cut.wav,3.0,0.0,0.0,4
30428058_MinPolqaSfbRecording_cut.wav,2.5,0.577350269,0.565803264,4
30081368_MinPolqaSfbRecording_cut.wav,3.25,1.258305739,1.233139624,4
30202082_MinPolqaSfbRecording_cut.wav,3.666666667,0.577350269,0.653333333,3
30470215_MinPolqaSfbRecording_cut.wav,2.333333333,1.527525232,1.728557523,3
28620779_MinPolqaSfbRecording_cut.wav,3.666666667,0.577350269,0.653333333,3
28203448_MinPolqaSfbRecording_cut.wav,4.0,1.0,1.131606528,3
30503161_MinPolqaSfbRecording_cut.wav,2.666666667,1.154700538,1.306666667,3
30155302_MinPolqaSfbRecording_cut.wav,3.666666667,1.527525232,1.728557523,3
30468265_MinPolqaSfbRecording_cut.wav,2.333333333,1.154700538,1.306666667,3
28794683_MinPolqaSfbRecording_cut.wav,3.666666667,0.577350269,0.653333333,3
30143392_MinPolqaSfbRecording_cut.wav,4.333333333,1.154700538,1.306666667,3
28844747_MinPolqaSfbRecording_cut.wav,3.8,0.836660027,0.733364848,5
30117487_MinPolqaSfbRecording_cut.wav,4.2,0.447213595,0.392,5
30480753_MinPolqaSfbRecording_cut.wav,2.8,0.836660027,0.733364848,5
30427023_MinPolqaSfbRecording_cut.wav,1.8,0.836660027,0.733364848,5
28619492_MinPolqaSfbRecording_cut.wav,3.6,0.547722558,0.48009999,5
27615576_MinPolqaSfbRecording_cut.wav,3.6,0.894427191,0.784,5
27692949_MinPolqaSfbRecording_cut.wav,3.8,0.836660027,0.733364848,5
30064448_MinPolqaSfbRecording_cut.wav,2.6,0.894427191,0.784,5
30085096_MinPolqaSfbRecording_cut.wav,1.4,0.547722558,0.48009999,5
30497157_MinPolqaSfbRecording_cut.wav,2.0,1.0,0.876538647,5
30261797_MinPolqaSfbRecording_cut.wav,4.6,0.547722558,0.48009999,5
30113954_MinPolqaSfbRecording_cut.wav,4.2,0.447213595,0.392,5
28164802_MinPolqaSfbRecording_cut.wav,4.4,0.547722558,0.48009999,5
30412013_MinPolqaSfbRecording_cut.wav,4.0,0.0,0.0,5
30467599_MinPolqaSfbRecording_cut.wav,2.4,1.341640786,1.176,5
30135688_MinPolqaSfbRecording_cut.wav,3.6,0.547722558,0.48009999,5
30069859_MinPolqaSfbRecording_cut.wav,3.0,1.224744871,1.073536213,5
30086603_MinPolqaSfbRecording_cut.wav,3.4,0.547722558,0.48009999,5
30200718_MinPolqaSfbRecording_cut.wav,1.75,0.957427108,0.938278566,4
30522586_MinPolqaSfbRecording_cut.wav,1.75,0.5,0.49,4
30142018_MinPolqaSfbRecording_cut.wav,3.5,0.577350269,0.565803264,4
30179508_MinPolqaSfbRecording_cut.wav,4.5,0.577350269,0.565803264,4
30132128_MinPolqaSfbRecording_cut.wav,4.25,0.957427108,0.938278566,4
30434907_MinPolqaSfbRecording_cut.wav,3.0,0.0,0.0,4
30434932_MinPolqaSfbRecording_cut.wav,2.25,0.5,0.49,4
27684083_MinPolqaSfbRecording_cut.wav,4.0,0.816496581,0.800166649,4
30200665_MinPolqaSfbRecording_cut.wav,4.0,0.816496581,0.800166649,4
30428496_MinPolqaSfbRecording_cut.wav,3.5,0.577350269,0.565803264,4
28910246_MinPolqaSfbRecording_cut.wav,4.2,0.836660027,0.733364848,5
30124819_MinPolqaSfbRecording_cut.wav,2.4,1.140175425,0.999407825,5
30106901_MinPolqaSfbRecording_cut.wav,3.2,0.836660027,0.733364848,5
30493376_MinPolqaSfbRecording_cut.wav,3.0,1.224744871,1.073536213,5
30530904_MinPolqaSfbRecording_cut.wav,2.4,0.894427191,0.784,5
30482585_MinPolqaSfbRecording_cut.wav,2.6,0.547722558,0.48009999,5
30102774_MinPolqaSfbRecording_cut.wav,2.6,0.547722558,0.48009999,5
30179048_MinPolqaSfbRecording_cut.wav,1.8,0.836660027,0.733364848,5
30454435_MinPolqaSfbRecording_cut.wav,2.2,0.836660027,0.733364848,5
30478358_MinPolqaSfbRecording_cut.wav,3.0,0.707106781,0.619806421,5
30460924_MinPolqaSfbRecording_cut.wav,1.0,0.0,0.0,3
30429410_MinPolqaSfbRecording_cut.wav,1.666666667,1.154700538,1.306666667,3
30181353_MinPolqaSfbRecording_cut.wav,2.333333333,0.577350269,0.653333333,3
30082126_MinPolqaSfbRecording_cut.wav,1.666666667,0.577350269,0.653333333,3
28799853_MinPolqaSfbRecording_cut.wav,3.333333333,1.154700538,1.306666667,3
30484399_MinPolqaSfbRecording_cut.wav,2.666666667,0.577350269,0.653333333,3
30211661_MinPolqaSfbRecording_cut.wav,4.2,0.836660027,0.733364848,5
30070765_MinPolqaSfbRecording_cut.wav,3.0,1.224744871,1.073536213,5
30118028_MinPolqaSfbRecording_cut.wav,2.6,1.140175425,0.999407825,5
30401121_MinPolqaSfbRecording_cut.wav,2.2,1.095445115,0.960199979,5
30430150_MinPolqaSfbRecording_cut.wav,3.2,1.303840481,1.142866571,5
28127398_MinPolqaSfbRecording_cut.wav,4.2,0.836660027,0.733364848,5
30092676_MinPolqaSfbRecording_cut.wav,3.2,1.303840481,1.142866571,5
30122385_MinPolqaSfbRecording_cut.wav,3.4,0.547722558,0.48009999,5
29028435_MinPolqaSfbRecording_cut.wav,4.0,0.707106781,0.619806421,5
30504608_MinPolqaSfbRecording_cut.wav,2.25,1.892969449,1.85511006,4
28728344_MinPolqaSfbRecording_cut.wav,4.25,0.5,0.49,4
30156612_MinPolqaSfbRecording_cut.wav,3.25,1.5,1.47,4
27675559_MinPolqaSfbRecording_cut.wav,3.75,1.5,1.47,4
29529604_MinPolqaSfbRecording_cut.wav,3.25,1.258305739,1.233139624,4
30199790_MinPolqaSfbRecording_cut.wav,3.25,1.5,1.47,4
28890812_MinPolqaSfbRecording_cut.wav,3.5,1.0,0.98,4
27601664_MinPolqaSfbRecording_cut.wav,3.75,0.957427108,0.938278566,4
30130042_MinPolqaSfbRecording_cut.wav,3.0,1.825741858,1.789227021,4
30149402_MinPolqaSfbRecording_cut.wav,2.0,1.154700538,1.131606528,4
30503423_MinPolqaSfbRecording_cut.wav,3.75,1.258305739,1.233139624,4
30098570_MinPolqaSfbRecording_cut.wav,3.5,1.290994449,1.26517456,4
30177902_MinPolqaSfbRecording_cut.wav,4.0,0.816496581,0.800166649,4
30521650_MinPolqaSfbRecording_cut.wav,3.5,1.290994449,1.26517456,4
30251805_MinPolqaSfbRecording_cut.wav,2.75,0.957427108,0.938278566,4
30136241_MinPolqaSfbRecording_cut.wav,3.0,1.414213562,1.385929291,4
30522181_MinPolqaSfbRecording_cut.wav,3.5,1.0,0.98,4
30439069_MinPolqaSfbRecording_cut.wav,3.5,1.914854216,1.876557131,4
29536170_MinPolqaSfbRecording_cut.wav,2.0,1.414213562,1.385929291,4
30171839_MinPolqaSfbRecording_cut.wav,1.75,0.957427108,0.938278566,4
27623539_MinPolqaSfbRecording_cut.wav,3.0,0.816496581,0.800166649,4
30179572_MinPolqaSfbRecording_cut.wav,2.25,0.957427108,0.938278566,4
30176910_MinPolqaSfbRecording_cut.wav,3.0,1.414213562,1.385929291,4
30119410_MinPolqaSfbRecording_cut.wav,3.5,0.577350269,0.565803264,4
30440047_MinPolqaSfbRecording_cut.wav,3.75,1.258305739,1.233139624,4
30064011_MinPolqaSfbRecording_cut.wav,3.5,0.577350269,0.565803264,4
28790962_MinPolqaSfbRecording_cut.wav,4.0,0.816496581,0.800166649,4
30086145_MinPolqaSfbRecording_cut.wav,2.25,1.892969449,1.85511006,4
30135893_MinPolqaSfbRecording_cut.wav,2.25,0.957427108,0.938278566,4
28208385_MinPolqaSfbRecording_cut.wav,4.5,0.577350269,0.565803264,4
30430085_MinPolqaSfbRecording_cut.wav,3.0,0.816496581,0.800166649,4
30472343_MinPolqaSfbRecording_cut.wav,2.25,1.258305739,1.233139624,4
30200957_MinPolqaSfbRecording_cut.wav,2.5,1.0,0.98,4
30200102_MinPolqaSfbRecording_cut.wav,2.0,1.414213562,1.385929291,4
28250488_MinPolqaSfbRecording_cut.wav,3.75,0.5,0.49,4
30477886_MinPolqaSfbRecording_cut.wav,3.5,0.577350269,0.565803264,4
30141018_MinPolqaSfbRecording_cut.wav,2.5,1.0,0.98,4
30137965_MinPolqaSfbRecording_cut.wav,3.6,0.894427191,0.784,5
30143001_MinPolqaSfbRecording_cut.wav,3.0,0.707106781,0.619806421,5
28834125_MinPolqaSfbRecording_cut.wav,3.8,0.836660027,0.733364848,5
30078944_MinPolqaSfbRecording_cut.wav,3.4,1.140175425,0.999407825,5
27510113_MinPolqaSfbRecording_cut.wav,3.4,1.140175425,0.999407825,5
30084934_MinPolqaSfbRecording_cut.wav,1.4,0.547722558,0.48009999,5
30423807_MinPolqaSfbRecording_cut.wav,3.8,0.836660027,0.733364848,5
30121731_MinPolqaSfbRecording_cut.wav,1.2,0.447213595,0.392,5
30483039_MinPolqaSfbRecording_cut.wav,4.0,1.154700538,1.131606528,4
30400912_MinPolqaSfbRecording_cut.wav,2.5,1.732050808,1.697409791,4
30151151_MinPolqaSfbRecording_cut.wav,2.75,1.707825128,1.673668625,4
30504828_MinPolqaSfbRecording_cut.wav,3.25,1.5,1.47,4
28832207_MinPolqaSfbRecording_cut.wav,3.75,0.5,0.49,4
30096097_MinPolqaSfbRecording_cut.wav,3.5,1.914854216,1.876557131,4
30129651_MinPolqaSfbRecording_cut.wav,3.0,0.0,0.0,2
28365171_MinPolqaSfbRecording_cut.wav,4.0,1.414213562,1.96,2
30101244_MinPolqaSfbRecording_cut.wav,2.0,0.0,0.0,2
30098663_MinPolqaSfbRecording_cut.wav,3.0,0.0,0.0,2
30480568_MinPolqaSfbRecording_cut.wav,3.0,0.0,0.0,2
29532028_MinPolqaSfbRecording_cut.wav,3.0,0.0,0.0,2
28295152_MinPolqaSfbRecording_cut.wav,3.0,0.0,0.0,2
30247680_MinPolqaSfbRecording_cut.wav,3.0,0.0,0.0,2
29539694_MinPolqaSfbRecording_cut.wav,3.0,0.707106781,0.619806421,5
28763135_MinPolqaSfbRecording_cut.wav,3.2,0.836660027,0.733364848,5
30102899_MinPolqaSfbRecording_cut.wav,4.4,0.547722558,0.48009999,5
30134500_MinPolqaSfbRecording_cut.wav,1.2,0.447213595,0.392,5
30479003_MinPolqaSfbRecording_cut.wav,2.6,0.547722558,0.48009999,5
30202196_MinPolqaSfbRecording_cut.wav,2.6,0.894427191,0.784,5
30109657_MinPolqaSfbRecording_cut.wav,2.8,0.447213595,0.392,5
27858113_MinPolqaSfbRecording_cut.wav,3.6,1.140175425,0.999407825,5
30124481_MinPolqaSfbRecording_cut.wav,2.8,0.836660027,0.733364848,5
30112616_MinPolqaSfbRecording_cut.wav,1.4,0.547722558,0.48009999,5
30199801_MinPolqaSfbRecording_cut.wav,2.6,0.547722558,0.48009999,5
30478105_MinPolqaSfbRecording_cut.wav,2.8,0.836660027,0.733364848,5
30426776_MinPolqaSfbRecording_cut.wav,3.2,0.447213595,0.392,5
28954355_MinPolqaSfbRecording_cut.wav,4.2,1.095445115,0.960199979,5
30461669_MinPolqaSfbRecording_cut.wav,2.4,0.547722558,0.48009999,5
30484951_MinPolqaSfbRecording_cut.wav,2.4,0.547722558,0.48009999,5
30404377_MinPolqaSfbRecording_cut.wav,2.2,1.303840481,1.142866571,5
30436642_MinPolqaSfbRecording_cut.wav,3.5,0.577350269,0.565803264,4
30410341_MinPolqaSfbRecording_cut.wav,3.0,1.825741858,1.789227021,4
30188831_MinPolqaSfbRecording_cut.wav,3.5,0.577350269,0.565803264,4
30148338_MinPolqaSfbRecording_cut.wav,3.5,1.290994449,1.26517456,4
30070037_MinPolqaSfbRecording_cut.wav,3.25,1.707825128,1.673668625,4
30081212_MinPolqaSfbRecording_cut.wav,3.0,1.154700538,1.131606528,4
30429499_MinPolqaSfbRecording_cut.wav,3.0,1.825741858,1.789227021,4
30161322_MinPolqaSfbRecording_cut.wav,3.5,1.290994449,1.26517456,4
30139228_MinPolqaSfbRecording_cut.wav,4.25,0.5,0.49,4
28280229_MinPolqaSfbRecording_cut.wav,3.333333333,0.577350269,0.653333333,3
30133450_MinPolqaSfbRecording_cut.wav,2.333333333,1.527525232,1.728557523,3
28675420_MinPolqaSfbRecording_cut.wav,3.333333333,1.154700538,1.306666667,3
28932991_MinPolqaSfbRecording_cut.wav,3.666666667,0.577350269,0.653333333,3
30471765_MinPolqaSfbRecording_cut.wav,3.666666667,0.577350269,0.653333333,3
30445009_MinPolqaSfbRecording_cut.wav,2.666666667,1.527525232,1.728557523,3
30148631_MinPolqaSfbRecording_cut.wav,2.333333333,1.527525232,1.728557523,3
30504594_MinPolqaSfbRecording_cut.wav,1.75,0.957427108,0.938278566,4
30444564_MinPolqaSfbRecording_cut.wav,1.75,0.957427108,0.938278566,4
30178687_MinPolqaSfbRecording_cut.wav,2.75,1.5,1.47,4
30471252_MinPolqaSfbRecording_cut.wav,2.5,1.0,0.98,4
30148627_MinPolqaSfbRecording_cut.wav,2.25,1.892969449,1.85511006,4
28468722_MinPolqaSfbRecording_cut.wav,4.25,0.5,0.49,4
30496929_MinPolqaSfbRecording_cut.wav,4.0,0.816496581,0.800166649,4
30531095_MinPolqaSfbRecording_cut.wav,2.0,1.154700538,1.131606528,4
30451357_MinPolqaSfbRecording_cut.wav,2.0,2.0,1.96,4
28994546_MinPolqaSfbRecording_cut.wav,4.0,0.816496581,0.800166649,4
30260822_MinPolqaSfbRecording_cut.wav,3.0,0.816496581,0.800166649,4
28005217_MinPolqaSfbRecording_cut.wav,2.5,1.0,0.98,4
28071071_MinPolqaSfbRecording_cut.wav,3.25,0.957427108,0.938278566,4
30113900_MinPolqaSfbRecording_cut.wav,1.0,0.0,0.0,4
29542604_MinPolqaSfbRecording_cut.wav,2.75,0.5,0.49,4
27839681_MinPolqaSfbRecording_cut.wav,4.0,0.816496581,0.800166649,4
28768631_MinPolqaSfbRecording_cut.wav,4.0,0.816496581,0.800166649,4
30083516_MinPolqaSfbRecording_cut.wav,1.75,0.5,0.49,4
28788219_MinPolqaSfbRecording_cut.wav,3.75,0.5,0.49,4
27869268_MinPolqaSfbRecording_cut.wav,2.5,1.0,0.98,4
30430008_MinPolqaSfbRecording_cut.wav,3.5,0.577350269,0.565803264,4
30253588_MinPolqaSfbRecording_cut.wav,1.0,0.0,0.0,4
30147482_MinPolqaSfbRecording_cut.wav,4.0,0.816496581,0.800166649,4
30433882_MinPolqaSfbRecording_cut.wav,3.75,0.957427108,0.938278566,4
27867539_MinPolqaSfbRecording_cut.wav,3.75,0.957427108,0.938278566,4
30143008_MinPolqaSfbRecording_cut.wav,3.75,0.957427108,0.938278566,4
27790727_MinPolqaSfbRecording_cut.wav,4.25,0.5,0.49,4
30504443_MinPolqaSfbRecording_cut.wav,1.25,0.5,0.49,4
30430805_MinPolqaSfbRecording_cut.wav,2.75,0.957427108,0.938278566,4
30448294_MinPolqaSfbRecording_cut.wav,4.0,0.0,0.0,3
30153745_MinPolqaSfbRecording_cut.wav,3.666666667,0.577350269,0.653333333,3
28929705_MinPolqaSfbRecording_cut.wav,4.333333333,0.577350269,0.653333333,3
30093675_MinPolqaSfbRecording_cut.wav,3.666666667,0.577350269,0.653333333,3
29544231_MinPolqaSfbRecording_cut.wav,4.333333333,0.577350269,0.653333333,3
30490768_MinPolqaSfbRecording_cut.wav,4.333333333,0.577350269,0.653333333,3
30194731_MinPolqaSfbRecording_cut.wav,4.666666667,0.577350269,0.653333333,3
30096352_MinPolqaSfbRecording_cut.wav,3.666666667,0.577350269,0.653333333,3
30070769_MinPolqaSfbRecording_cut.wav,3.333333333,1.527525232,1.728557523,3
30105438_MinPolqaSfbRecording_cut.wav,3.333333333,0.577350269,0.653333333,3
30059821_MinPolqaSfbRecording_cut.wav,3.6,1.140175425,0.999407825,5
27763478_MinPolqaSfbRecording_cut.wav,3.6,1.140175425,0.999407825,5
27561232_MinPolqaSfbRecording_cut.wav,3.4,0.547722558,0.48009999,5
30411978_MinPolqaSfbRecording_cut.wav,4.0,1.0,0.876538647,5
28286988_MinPolqaSfbRecording_cut.wav,4.6,0.547722558,0.48009999,5
30508485_MinPolqaSfbRecording_cut.wav,3.2,0.836660027,0.733364848,5
30195096_MinPolqaSfbRecording_cut.wav,2.8,1.095445115,0.960199979,5
29012591_MinPolqaSfbRecording_cut.wav,3.4,0.894427191,0.784,5
30504606_MinPolqaSfbRecording_cut.wav,1.4,0.547722558,0.48009999,5
29535156_MinPolqaSfbRecording_cut.wav,2.0,0.707106781,0.619806421,5
30454947_MinPolqaSfbRecording_cut.wav,2.2,0.836660027,0.733364848,5
30508693_MinPolqaSfbRecording_cut.wav,3.2,0.836660027,0.733364848,5
27966477_MinPolqaSfbRecording_cut.wav,4.0,0.707106781,0.619806421,5
30177631_MinPolqaSfbRecording_cut.wav,2.4,0.894427191,0.784,5
30107770_MinPolqaSfbRecording_cut.wav,1.8,0.447213595,0.392,5
30249130_MinPolqaSfbRecording_cut.wav,2.8,0.447213595,0.392,5
28476445_MinPolqaSfbRecording_cut.wav,4.4,0.547722558,0.48009999,5
30150300_MinPolqaSfbRecording_cut.wav,4.4,0.894427191,0.784,5
30482219_MinPolqaSfbRecording_cut.wav,3.0,1.0,0.876538647,5
28050977_MinPolqaSfbRecording_cut.wav,3.6,0.547722558,0.48009999,5
30189572_MinPolqaSfbRecording_cut.wav,2.0,1.0,0.876538647,5
30127063_MinPolqaSfbRecording_cut.wav,2.6,0.894427191,0.784,5
30151272_MinPolqaSfbRecording_cut.wav,1.4,0.547722558,0.48009999,5
30262754_MinPolqaSfbRecording_cut.wav,2.8,0.836660027,0.733364848,5
30155181_MinPolqaSfbRecording_cut.wav,3.0,0.707106781,0.619806421,5
30110288_MinPolqaSfbRecording_cut.wav,3.2,0.836660027,0.733364848,5
30519809_MinPolqaSfbRecording_cut.wav,3.2,0.447213595,0.392,5
30447415_MinPolqaSfbRecording_cut.wav,3.4,0.547722558,0.48009999,5
27846201_MinPolqaSfbRecording_cut.wav,4.2,0.836660027,0.733364848,5
28646789_MinPolqaSfbRecording_cut.wav,4.2,0.836660027,0.733364848,5
30175132_MinPolqaSfbRecording_cut.wav,3.8,0.836660027,0.733364848,5
30163407_MinPolqaSfbRecording_cut.wav,3.8,0.836660027,0.733364848,5
29039221_MinPolqaSfbRecording_cut.wav,3.4,0.547722558,0.48009999,5
27922704_MinPolqaSfbRecording_cut.wav,3.8,0.836660027,0.733364848,5
30511029_MinPolqaSfbRecording_cut.wav,3.8,0.447213595,0.392,5
30402483_MinPolqaSfbRecording_cut.wav,1.4,0.894427191,0.784,5
27763431_MinPolqaSfbRecording_cut.wav,2.0,,,1
30430662_MinPolqaSfbRecording_cut.wav,2.0,,,1
30446648_MinPolqaSfbRecording_cut.wav,2.0,,,1
30437021_MinPolqaSfbRecording_cut.wav,2.0,,,1
29011368_MinPolqaSfbRecording_cut.wav,2.0,,,1
30449483_MinPolqaSfbRecording_cut.wav,1.0,,,1
30521822_MinPolqaSfbRecording_cut.wav,3.0,,,1
30066145_MinPolqaSfbRecording_cut.wav,4.0,,,1
30189010_MinPolqaSfbRecording_cut.wav,3.0,,,1
30164993_MinPolqaSfbRecording_cut.wav,2.5,1.290994449,1.26517456,4
27967676_MinPolqaSfbRecording_cut.wav,4.0,0.816496581,0.800166649,4
28129576_MinPolqaSfbRecording_cut.wav,4.0,0.816496581,0.800166649,4
30529936_MinPolqaSfbRecording_cut.wav,3.25,1.258305739,1.233139624,4
30517083_MinPolqaSfbRecording_cut.wav,4.0,0.816496581,0.800166649,4
30197737_MinPolqaSfbRecording_cut.wav,3.0,0.816496581,0.800166649,4
30413593_MinPolqaSfbRecording_cut.wav,3.666666667,0.577350269,0.653333333,3
30504131_MinPolqaSfbRecording_cut.wav,3.0,0.0,0.0,3
28830125_MinPolqaSfbRecording_cut.wav,3.0,0.0,0.0,3
30508390_MinPolqaSfbRecording_cut.wav,3.666666667,0.577350269,0.653333333,3
30433949_MinPolqaSfbRecording_cut.wav,2.666666667,1.154700538,1.306666667,3
30123306_MinPolqaSfbRecording_cut.wav,3.666666667,1.154700538,1.306666667,3
30084073_MinPolqaSfbRecording_cut.wav,1.666666667,0.577350269,0.653333333,3
29538029_MinPolqaSfbRecording_cut.wav,3.4,0.547722558,0.48009999,5
28479715_MinPolqaSfbRecording_cut.wav,3.8,0.836660027,0.733364848,5
30426972_MinPolqaSfbRecording_cut.wav,3.4,0.894427191,0.784,5
30192014_MinPolqaSfbRecording_cut.wav,2.6,0.894427191,0.784,5
30133878_MinPolqaSfbRecording_cut.wav,4.0,0.707106781,0.619806421,5
30122781_MinPolqaSfbRecording_cut.wav,3.0,0.707106781,0.619806421,5
30193947_MinPolqaSfbRecording_cut.wav,3.2,0.447213595,0.392,5
30158352_MinPolqaSfbRecording_cut.wav,4.4,0.894427191,0.784,5
28299925_MinPolqaSfbRecording_cut.wav,3.0,0.707106781,0.619806421,5
30071056_MinPolqaSfbRecording_cut.wav,1.5,0.577350269,0.565803264,4
30473282_MinPolqaSfbRecording_cut.wav,3.0,0.816496581,0.800166649,4
30060036_MinPolqaSfbRecording_cut.wav,3.5,1.0,0.98,4
30126283_MinPolqaSfbRecording_cut.wav,3.25,0.5,0.49,4
30064145_MinPolqaSfbRecording_cut.wav,2.5,0.577350269,0.565803264,4
29004456_MinPolqaSfbRecording_cut.wav,4.0,0.816496581,0.800166649,4
30509079_MinPolqaSfbRecording_cut.wav,1.0,0.0,0.0,4
27795505_MinPolqaSfbRecording_cut.wav,4.75,0.5,0.49,4
28560139_MinPolqaSfbRecording_cut.wav,4.75,0.5,0.49,4
30082060_MinPolqaSfbRecording_cut.wav,2.6,0.547722558,0.48009999,5
30479517_MinPolqaSfbRecording_cut.wav,2.4,0.547722558,0.48009999,5
27699220_MinPolqaSfbRecording_cut.wav,3.8,0.836660027,0.733364848,5
30182567_MinPolqaSfbRecording_cut.wav,4.2,0.836660027,0.733364848,5
30197945_MinPolqaSfbRecording_cut.wav,3.6,1.140175425,0.999407825,5
30411403_MinPolqaSfbRecording_cut.wav,2.8,0.447213595,0.392,5
28735328_MinPolqaSfbRecording_cut.wav,4.2,0.836660027,0.733364848,5
27649338_MinPolqaSfbRecording_cut.wav,4.4,0.547722558,0.48009999,5
30135671_MinPolqaSfbRecording_cut.wav,3.0,0.0,0.0,5
30140694_MinPolqaSfbRecording_cut.wav,3.75,1.258305739,1.233139624,4
30163027_MinPolqaSfbRecording_cut.wav,4.0,0.816496581,0.800166649,4
29531429_MinPolqaSfbRecording_cut.wav,3.75,1.258305739,1.233139624,4
30136942_MinPolqaSfbRecording_cut.wav,3.0,1.632993162,1.600333299,4
30062504_MinPolqaSfbRecording_cut.wav,4.0,0.816496581,0.800166649,4
30072977_MinPolqaSfbRecording_cut.wav,3.5,1.0,0.98,4
28696093_MinPolqaSfbRecording_cut.wav,4.75,0.5,0.49,4
27842974_MinPolqaSfbRecording_cut.wav,4.0,0.816496581,0.800166649,4
28049818_MinPolqaSfbRecording_cut.wav,4.0,0.0,0.0,4
30205478_MinPolqaSfbRecording_cut.wav,3.75,0.5,0.49,4
30137787_MinPolqaSfbRecording_cut.wav,1.2,0.447213595,0.392,5
28700931_MinPolqaSfbRecording_cut.wav,2.8,0.447213595,0.392,5
30147606_MinPolqaSfbRecording_cut.wav,2.0,0.707106781,0.619806421,5
30439888_MinPolqaSfbRecording_cut.wav,3.8,0.447213595,0.392,5
30403829_MinPolqaSfbRecording_cut.wav,3.6,1.140175425,0.999407825,5
30510287_MinPolqaSfbRecording_cut.wav,3.0,0.707106781,0.619806421,5
30508461_MinPolqaSfbRecording_cut.wav,3.5,1.290994449,1.26517456,4
28255756_MinPolqaSfbRecording_cut.wav,4.0,0.816496581,0.800166649,4
30064085_MinPolqaSfbRecording_cut.wav,2.5,1.914854216,1.876557131,4
28296470_MinPolqaSfbRecording_cut.wav,3.75,0.957427108,0.938278566,4
27789156_MinPolqaSfbRecording_cut.wav,4.75,0.5,0.49,4
30262539_MinPolqaSfbRecording_cut.wav,4.0,0.816496581,0.800166649,4
30492482_MinPolqaSfbRecording_cut.wav,3.25,0.957427108,0.938278566,4
30163386_MinPolqaSfbRecording_cut.wav,3.0,1.632993162,1.600333299,4
30429567_MinPolqaSfbRecording_cut.wav,2.5,1.914854216,1.876557131,4
28213499_MinPolqaSfbRecording_cut.wav,4.0,1.154700538,1.131606528,4
30431569_MinPolqaSfbRecording_cut.wav,3.25,1.5,1.47,4
29556506_MinPolqaSfbRecording_cut.wav,3.75,0.957427108,0.938278566,4
30166282_MinPolqaSfbRecording_cut.wav,4.25,0.957427108,0.938278566,4
28871953_MinPolqaSfbRecording_cut.wav,4.0,1.154700538,1.131606528,4
30195663_MinPolqaSfbRecording_cut.wav,3.0,1.414213562,1.385929291,4
30123073_MinPolqaSfbRecording_cut.wav,2.25,1.892969449,1.85511006,4
30514702_MinPolqaSfbRecording_cut.wav,3.75,0.957427108,0.938278566,4
30067636_MinPolqaSfbRecording_cut.wav,4.0,1.0,1.131606528,3
30209976_MinPolqaSfbRecording_cut.wav,2.666666667,1.154700538,1.306666667,3
28969432_MinPolqaSfbRecording_cut.wav,3.666666667,1.154700538,1.306666667,3
30167139_MinPolqaSfbRecording_cut.wav,3.666666667,1.527525232,1.728557523,3
30212665_MinPolqaSfbRecording_cut.wav,3.0,2.0,2.263213055,3
30209903_MinPolqaSfbRecording_cut.wav,3.666666667,0.577350269,0.653333333,3
30171562_MinPolqaSfbRecording_cut.wav,1.666666667,0.577350269,0.653333333,3
30496495_MinPolqaSfbRecording_cut.wav,3.0,1.0,1.131606528,3
30517082_MinPolqaSfbRecording_cut.wav,4.333333333,0.577350269,0.653333333,3
30430601_MinPolqaSfbRecording_cut.wav,5.0,0.0,0.0,3
30462405_MinPolqaSfbRecording_cut.wav,3.666666667,0.577350269,0.653333333,3
30102934_MinPolqaSfbRecording_cut.wav,4.333333333,0.577350269,0.653333333,3
30510341_MinPolqaSfbRecording_cut.wav,4.0,1.0,1.131606528,3
30175260_MinPolqaSfbRecording_cut.wav,4.0,1.0,1.131606528,3
28918173_MinPolqaSfbRecording_cut.wav,4.333333333,1.154700538,1.306666667,3
30184736_MinPolqaSfbRecording_cut.wav,1.666666667,0.577350269,0.653333333,3
30102914_MinPolqaSfbRecording_cut.wav,3.333333333,0.577350269,0.653333333,3
30118902_MinPolqaSfbRecording_cut.wav,4.333333333,0.577350269,0.653333333,3
30202469_MinPolqaSfbRecording_cut.wav,3.333333333,0.577350269,0.653333333,3
30164223_MinPolqaSfbRecording_cut.wav,2.0,0.0,0.0,3
30412448_MinPolqaSfbRecording_cut.wav,3.0,1.0,1.131606528,3
30133284_MinPolqaSfbRecording_cut.wav,3.333333333,1.527525232,1.728557523,3
30427545_MinPolqaSfbRecording_cut.wav,2.2,0.836660027,0.733364848,5
27727830_MinPolqaSfbRecording_cut.wav,4.2,0.447213595,0.392,5
27856602_MinPolqaSfbRecording_cut.wav,3.8,0.836660027,0.733364848,5
28430057_MinPolqaSfbRecording_cut.wav,3.4,0.547722558,0.48009999,5
30109668_MinPolqaSfbRecording_cut.wav,2.8,0.447213595,0.392,5
30156872_MinPolqaSfbRecording_cut.wav,1.8,0.447213595,0.392,5
30136136_MinPolqaSfbRecording_cut.wav,2.0,0.707106781,0.619806421,5
27604014_MinPolqaSfbRecording_cut.wav,3.8,0.836660027,0.733364848,5
27916195_MinPolqaSfbRecording_cut.wav,3.4,0.547722558,0.48009999,5
30430173_MinPolqaSfbRecording_cut.wav,3.2,0.447213595,0.392,5
27568446_MinPolqaSfbRecording_cut.wav,2.8,0.836660027,0.733364848,5
30198064_MinPolqaSfbRecording_cut.wav,2.8,0.447213595,0.392,5
30144786_MinPolqaSfbRecording_cut.wav,2.8,0.836660027,0.733364848,5
30185968_MinPolqaSfbRecording_cut.wav,2.0,1.0,1.131606528,3
30443918_MinPolqaSfbRecording_cut.wav,1.666666667,0.577350269,0.653333333,3
28216709_MinPolqaSfbRecording_cut.wav,4.0,1.0,1.131606528,3
28224926_MinPolqaSfbRecording_cut.wav,2.333333333,1.154700538,1.306666667,3
30249616_MinPolqaSfbRecording_cut.wav,3.333333333,0.577350269,0.653333333,3
30069735_MinPolqaSfbRecording_cut.wav,3.0,0.0,0.0,3
30522765_MinPolqaSfbRecording_cut.wav,2.333333333,1.154700538,1.306666667,3
30065773_MinPolqaSfbRecording_cut.wav,2.333333333,0.577350269,0.653333333,3
30489095_MinPolqaSfbRecording_cut.wav,1.25,0.5,0.49,4
30101055_MinPolqaSfbRecording_cut.wav,2.0,0.0,0.0,4
30260825_MinPolqaSfbRecording_cut.wav,2.25,0.5,0.49,4
29042628_MinPolqaSfbRecording_cut.wav,3.5,1.290994449,1.26517456,4
30438020_MinPolqaSfbRecording_cut.wav,1.75,0.5,0.49,4
30134055_MinPolqaSfbRecording_cut.wav,2.25,0.5,0.49,4
30183746_MinPolqaSfbRecording_cut.wav,3.666666667,0.577350269,0.653333333,3
28521458_MinPolqaSfbRecording_cut.wav,4.0,1.0,1.131606528,3
30128749_MinPolqaSfbRecording_cut.wav,1.666666667,0.577350269,0.653333333,3
28154518_MinPolqaSfbRecording_cut.wav,3.666666667,0.577350269,0.653333333,3
30423906_MinPolqaSfbRecording_cut.wav,2.0,0.0,0.0,3
30193628_MinPolqaSfbRecording_cut.wav,2.0,1.0,1.131606528,3
30463848_MinPolqaSfbRecording_cut.wav,3.0,0.0,0.0,3
30530586_MinPolqaSfbRecording_cut.wav,1.333333333,0.577350269,0.653333333,3
30202311_MinPolqaSfbRecording_cut.wav,3.333333333,1.527525232,1.728557523,3
30490603_MinPolqaSfbRecording_cut.wav,2.666666667,1.527525232,1.728557523,3
28485215_MinPolqaSfbRecording_cut.wav,3.2,1.303840481,1.142866571,5
30105988_MinPolqaSfbRecording_cut.wav,2.6,1.140175425,0.999407825,5
29052498_MinPolqaSfbRecording_cut.wav,3.6,1.516575089,1.329336677,5
30149753_MinPolqaSfbRecording_cut.wav,2.0,1.0,0.876538647,5
28755640_MinPolqaSfbRecording_cut.wav,2.6,1.140175425,0.999407825,5
30136189_MinPolqaSfbRecording_cut.wav,1.6,0.547722558,0.48009999,5
30065671_MinPolqaSfbRecording_cut.wav,3.2,0.836660027,0.733364848,5
30105584_MinPolqaSfbRecording_cut.wav,3.2,0.836660027,0.733364848,5
27967888_MinPolqaSfbRecording_cut.wav,4.0,0.707106781,0.619806421,5
30148878_MinPolqaSfbRecording_cut.wav,3.0,0.707106781,0.619806421,5
30430580_MinPolqaSfbRecording_cut.wav,2.5,0.577350269,0.565803264,4
28495263_MinPolqaSfbRecording_cut.wav,4.25,0.957427108,0.938278566,4
30185948_MinPolqaSfbRecording_cut.wav,2.75,0.957427108,0.938278566,4
28055948_MinPolqaSfbRecording_cut.wav,2.75,0.5,0.49,4
30515219_MinPolqaSfbRecording_cut.wav,2.75,0.5,0.49,4
30171410_MinPolqaSfbRecording_cut.wav,3.0,0.816496581,0.800166649,4
30141121_MinPolqaSfbRecording_cut.wav,1.25,0.5,0.49,4
29537711_MinPolqaSfbRecording_cut.wav,1.5,1.0,0.98,4
30118964_MinPolqaSfbRecording_cut.wav,4.0,0.0,0.0,4
28824190_MinPolqaSfbRecording_cut.wav,4.75,0.5,0.49,4
30404853_MinPolqaSfbRecording_cut.wav,3.75,0.5,0.49,4
28862691_MinPolqaSfbRecording_cut.wav,4.25,0.5,0.49,4
28200459_MinPolqaSfbRecording_cut.wav,4.5,0.577350269,0.565803264,4
30258422_MinPolqaSfbRecording_cut.wav,4.25,0.5,0.49,4
30454905_MinPolqaSfbRecording_cut.wav,3.25,1.707825128,1.673668625,4
30142144_MinPolqaSfbRecording_cut.wav,4.0,0.0,0.0,4
30470862_MinPolqaSfbRecording_cut.wav,3.25,0.957427108,0.938278566,4
30081135_MinPolqaSfbRecording_cut.wav,3.5,0.707106781,0.98,2
30508144_MinPolqaSfbRecording_cut.wav,3.5,0.707106781,0.98,2
29529607_MinPolqaSfbRecording_cut.wav,4.0,1.414213562,1.96,2
30195750_MinPolqaSfbRecording_cut.wav,4.5,0.707106781,0.98,2
30060432_MinPolqaSfbRecording_cut.wav,3.5,2.121320344,2.94,2
30073514_MinPolqaSfbRecording_cut.wav,4.5,0.707106781,0.98,2
28829218_MinPolqaSfbRecording_cut.wav,4.0,1.414213562,1.96,2
30257637_MinPolqaSfbRecording_cut.wav,4.0,1.414213562,1.96,2
30249475_MinPolqaSfbRecording_cut.wav,3.666666667,0.577350269,0.653333333,3
27752124_MinPolqaSfbRecording_cut.wav,4.333333333,0.577350269,0.653333333,3
27949546_MinPolqaSfbRecording_cut.wav,3.666666667,0.577350269,0.653333333,3
30463264_MinPolqaSfbRecording_cut.wav,3.666666667,0.577350269,0.653333333,3
30410289_MinPolqaSfbRecording_cut.wav,4.0,1.0,1.131606528,3
30123579_MinPolqaSfbRecording_cut.wav,4.0,1.0,1.131606528,3
30093312_MinPolqaSfbRecording_cut.wav,3.333333333,0.577350269,0.653333333,3
28270144_MinPolqaSfbRecording_cut.wav,3.333333333,0.577350269,0.653333333,3
30119902_MinPolqaSfbRecording_cut.wav,4.0,1.0,1.131606528,3
30256157_MinPolqaSfbRecording_cut.wav,4.333333333,1.154700538,1.306666667,3
30254590_MinPolqaSfbRecording_cut.wav,4.8,0.447213595,0.392,5
30169224_MinPolqaSfbRecording_cut.wav,3.6,0.894427191,0.784,5
30252249_MinPolqaSfbRecording_cut.wav,3.0,0.707106781,0.619806421,5
30171959_MinPolqaSfbRecording_cut.wav,4.0,0.707106781,0.619806421,5
29542717_MinPolqaSfbRecording_cut.wav,2.4,0.894427191,0.784,5
30426838_MinPolqaSfbRecording_cut.wav,3.6,0.894427191,0.784,5
30192870_MinPolqaSfbRecording_cut.wav,2.0,1.0,0.876538647,5
30414633_MinPolqaSfbRecording_cut.wav,2.0,0.0,0.0,5
30105383_MinPolqaSfbRecording_cut.wav,4.333333333,0.577350269,0.653333333,3
27930159_MinPolqaSfbRecording_cut.wav,4.333333333,0.577350269,0.653333333,3
30162771_MinPolqaSfbRecording_cut.wav,3.0,0.0,0.0,3
28348823_MinPolqaSfbRecording_cut.wav,3.666666667,0.577350269,0.653333333,3
28153957_MinPolqaSfbRecording_cut.wav,4.333333333,0.577350269,0.653333333,3
30150294_MinPolqaSfbRecording_cut.wav,1.666666667,1.154700538,1.306666667,3
28517631_MinPolqaSfbRecording_cut.wav,4.0,1.0,1.131606528,3
27819588_MinPolqaSfbRecording_cut.wav,4.0,1.0,1.131606528,3
30429161_MinPolqaSfbRecording_cut.wav,2.333333333,0.577350269,0.653333333,3
30106960_MinPolqaSfbRecording_cut.wav,3.75,0.957427108,0.938278566,4
30149620_MinPolqaSfbRecording_cut.wav,3.5,0.577350269,0.565803264,4
30092149_MinPolqaSfbRecording_cut.wav,4.0,0.816496581,0.800166649,4
30480714_MinPolqaSfbRecording_cut.wav,4.0,0.816496581,0.800166649,4
30194852_MinPolqaSfbRecording_cut.wav,3.75,0.957427108,0.938278566,4
30262303_MinPolqaSfbRecording_cut.wav,2.5,1.290994449,1.26517456,4
30108499_MinPolqaSfbRecording_cut.wav,3.5,1.0,0.98,4
28691521_MinPolqaSfbRecording_cut.wav,4.5,0.577350269,0.565803264,4
30511554_MinPolqaSfbRecording_cut.wav,3.5,0.577350269,0.565803264,4
30438050_MinPolqaSfbRecording_cut.wav,1.333333333,0.577350269,0.653333333,3
27669797_MinPolqaSfbRecording_cut.wav,4.0,0.0,0.0,3
29542058_MinPolqaSfbRecording_cut.wav,1.0,0.0,0.0,3
30255643_MinPolqaSfbRecording_cut.wav,2.0,0.0,0.0,3
30184226_MinPolqaSfbRecording_cut.wav,1.666666667,0.577350269,0.653333333,3
30458256_MinPolqaSfbRecording_cut.wav,1.666666667,0.577350269,0.653333333,3
28183316_MinPolqaSfbRecording_cut.wav,3.666666667,0.577350269,0.653333333,3
30425833_MinPolqaSfbRecording_cut.wav,3.0,0.0,0.0,3
30477626_MinPolqaSfbRecording_cut.wav,2.666666667,0.577350269,0.653333333,3
27829201_MinPolqaSfbRecording_cut.wav,3.333333333,0.577350269,0.653333333,3
30173584_MinPolqaSfbRecording_cut.wav,2.666666667,0.577350269,0.653333333,3
28477066_MinPolqaSfbRecording_cut.wav,2.666666667,0.577350269,0.653333333,3
29542089_MinPolqaSfbRecording_cut.wav,3.333333333,0.577350269,0.653333333,3
30467969_MinPolqaSfbRecording_cut.wav,2.333333333,0.577350269,0.653333333,3
30471470_MinPolqaSfbRecording_cut.wav,3.0,1.0,1.131606528,3
30151095_MinPolqaSfbRecording_cut.wav,2.666666667,0.577350269,0.653333333,3
28663007_MinPolqaSfbRecording_cut.wav,3.333333333,0.577350269,0.653333333,3
30095951_MinPolqaSfbRecording_cut.wav,3.0,1.0,1.131606528,3
28846113_MinPolqaSfbRecording_cut.wav,4.0,1.0,1.131606528,3
28868464_MinPolqaSfbRecording_cut.wav,3.333333333,0.577350269,0.653333333,3
27927703_MinPolqaSfbRecording_cut.wav,4.333333333,1.154700538,1.306666667,3
28033329_MinPolqaSfbRecording_cut.wav,4.0,0.0,0.0,3
30212743_MinPolqaSfbRecording_cut.wav,4.333333333,0.577350269,0.653333333,3
30095479_MinPolqaSfbRecording_cut.wav,3.0,1.0,1.131606528,3
30184719_MinPolqaSfbRecording_cut.wav,2.666666667,0.577350269,0.653333333,3
30189550_MinPolqaSfbRecording_cut.wav,2.0,1.0,1.131606528,3
30183574_MinPolqaSfbRecording_cut.wav,1.333333333,0.577350269,0.653333333,3
28886649_MinPolqaSfbRecording_cut.wav,4.333333333,0.577350269,0.653333333,3
28048698_MinPolqaSfbRecording_cut.wav,4.0,1.0,1.131606528,3
27647342_MinPolqaSfbRecording_cut.wav,4.0,1.0,1.131606528,3
30168916_MinPolqaSfbRecording_cut.wav,3.2,1.643167673,1.440299969,5
30177191_MinPolqaSfbRecording_cut.wav,2.6,1.516575089,1.329336677,5
30147472_MinPolqaSfbRecording_cut.wav,3.8,1.643167673,1.440299969,5
30497440_MinPolqaSfbRecording_cut.wav,3.2,1.303840481,1.142866571,5
30091215_MinPolqaSfbRecording_cut.wav,3.0,1.414213562,1.239612843,5
30530021_MinPolqaSfbRecording_cut.wav,2.0,0.707106781,0.619806421,5
30080762_MinPolqaSfbRecording_cut.wav,2.8,1.303840481,1.142866571,5
30436601_MinPolqaSfbRecording_cut.wav,2.8,1.303840481,1.142866571,5
30097373_MinPolqaSfbRecording_cut.wav,3.75,0.5,0.49,4
30494066_MinPolqaSfbRecording_cut.wav,4.0,1.414213562,1.385929291,4
27605407_MinPolqaSfbRecording_cut.wav,4.75,0.5,0.49,4
30181374_MinPolqaSfbRecording_cut.wav,2.75,0.957427108,0.938278566,4
30090591_MinPolqaSfbRecording_cut.wav,3.25,1.258305739,1.233139624,4
30502977_MinPolqaSfbRecording_cut.wav,4.5,0.577350269,0.565803264,4
30079082_MinPolqaSfbRecording_cut.wav,3.0,0.816496581,0.800166649,4
30465488_MinPolqaSfbRecording_cut.wav,3.5,1.0,0.98,4
30196202_MinPolqaSfbRecording_cut.wav,3.5,0.577350269,0.565803264,4
30172801_MinPolqaSfbRecording_cut.wav,1.0,0.0,0.0,2
27740178_MinPolqaSfbRecording_cut.wav,4.5,0.707106781,0.98,2
30108155_MinPolqaSfbRecording_cut.wav,3.0,0.0,0.0,2
29532979_MinPolqaSfbRecording_cut.wav,1.5,0.707106781,0.98,2
30144286_MinPolqaSfbRecording_cut.wav,1.5,0.707106781,0.98,2
30192515_MinPolqaSfbRecording_cut.wav,4.5,0.707106781,0.98,2
27145392_MinPolqaSfbRecording_cut.wav,4.0,0.0,0.0,2
30092803_MinPolqaSfbRecording_cut.wav,3.5,1.0,0.98,4
30530158_MinPolqaSfbRecording_cut.wav,3.25,0.5,0.49,4
30510394_MinPolqaSfbRecording_cut.wav,4.25,0.957427108,0.938278566,4
30531891_MinPolqaSfbRecording_cut.wav,2.75,1.5,1.47,4
30521899_MinPolqaSfbRecording_cut.wav,3.0,0.816496581,0.800166649,4
30421461_MinPolqaSfbRecording_cut.wav,2.25,0.5,0.49,4
30068784_MinPolqaSfbRecording_cut.wav,3.0,0.0,0.0,4
30132456_MinPolqaSfbRecording_cut.wav,3.25,0.957427108,0.938278566,4
30406099_MinPolqaSfbRecording_cut.wav,4.5,0.577350269,0.565803264,4
27661657_MinPolqaSfbRecording_cut.wav,4.25,0.957427108,0.938278566,4
30154231_MinPolqaSfbRecording_cut.wav,3.6,0.547722558,0.48009999,5
30438401_MinPolqaSfbRecording_cut.wav,2.2,0.836660027,0.733364848,5
30155269_MinPolqaSfbRecording_cut.wav,3.8,0.447213595,0.392,5
30137982_MinPolqaSfbRecording_cut.wav,1.6,0.894427191,0.784,5
30467476_MinPolqaSfbRecording_cut.wav,1.2,0.447213595,0.392,5
30069851_MinPolqaSfbRecording_cut.wav,3.0,1.0,0.876538647,5
30180895_MinPolqaSfbRecording_cut.wav,2.4,0.547722558,0.48009999,5
30423808_MinPolqaSfbRecording_cut.wav,4.0,0.707106781,0.619806421,5
28280871_MinPolqaSfbRecording_cut.wav,3.4,0.894427191,0.784,5
30106635_MinPolqaSfbRecording_cut.wav,2.0,1.224744871,1.073536213,5
30483649_MinPolqaSfbRecording_cut.wav,2.2,1.095445115,0.960199979,5
29542092_MinPolqaSfbRecording_cut.wav,4.333333333,1.154700538,1.306666667,3
29540998_MinPolqaSfbRecording_cut.wav,2.333333333,1.527525232,1.728557523,3
30105405_MinPolqaSfbRecording_cut.wav,3.333333333,0.577350269,0.653333333,3
30180908_MinPolqaSfbRecording_cut.wav,2.333333333,1.527525232,1.728557523,3
30166283_MinPolqaSfbRecording_cut.wav,3.666666667,0.577350269,0.653333333,3
30137498_MinPolqaSfbRecording_cut.wav,3.0,1.732050808,1.96,3
30147571_MinPolqaSfbRecording_cut.wav,3.0,1.0,1.131606528,3
30504553_MinPolqaSfbRecording_cut.wav,3.0,1.732050808,1.96,3
28685105_MinPolqaSfbRecording_cut.wav,3.333333333,1.154700538,1.306666667,3
30082954_MinPolqaSfbRecording_cut.wav,2.0,1.732050808,1.96,3
30159660_MinPolqaSfbRecording_cut.wav,4.2,0.447213595,0.392,5
30259954_MinPolqaSfbRecording_cut.wav,1.8,1.303840481,1.142866571,5
30460105_MinPolqaSfbRecording_cut.wav,1.4,0.547722558,0.48009999,5
30089664_MinPolqaSfbRecording_cut.wav,3.4,0.894427191,0.784,5
30481899_MinPolqaSfbRecording_cut.wav,3.8,0.447213595,0.392,5
30148888_MinPolqaSfbRecording_cut.wav,3.2,0.836660027,0.733364848,5
30209872_MinPolqaSfbRecording_cut.wav,2.2,1.095445115,0.960199979,5
30147887_MinPolqaSfbRecording_cut.wav,3.2,0.836660027,0.733364848,5
30471656_MinPolqaSfbRecording_cut.wav,4.0,1.0,0.876538647,5
28485704_MinPolqaSfbRecording_cut.wav,4.2,0.836660027,0.733364848,5
29542574_MinPolqaSfbRecording_cut.wav,4.2,0.836660027,0.733364848,5
30490937_MinPolqaSfbRecording_cut.wav,4.2,0.836660027,0.733364848,5
30519004_MinPolqaSfbRecording_cut.wav,3.8,1.095445115,0.960199979,5
30497504_MinPolqaSfbRecording_cut.wav,3.0,1.0,0.876538647,5
30487973_MinPolqaSfbRecording_cut.wav,1.4,0.894427191,0.784,5
30142570_MinPolqaSfbRecording_cut.wav,1.8,0.447213595,0.392,5
30076344_MinPolqaSfbRecording_cut.wav,2.0,0.707106781,0.619806421,5
30521825_MinPolqaSfbRecording_cut.wav,4.0,0.816496581,0.800166649,4
29027477_MinPolqaSfbRecording_cut.wav,3.75,1.258305739,1.233139624,4
28154093_MinPolqaSfbRecording_cut.wav,3.75,0.957427108,0.938278566,4
27558697_MinPolqaSfbRecording_cut.wav,3.75,0.957427108,0.938278566,4
30527659_MinPolqaSfbRecording_cut.wav,2.75,1.707825128,1.673668625,4
30519697_MinPolqaSfbRecording_cut.wav,3.8,1.095445115,0.960199979,5
30471774_MinPolqaSfbRecording_cut.wav,3.6,0.547722558,0.48009999,5
29537603_MinPolqaSfbRecording_cut.wav,4.0,0.707106781,0.619806421,5
30213941_MinPolqaSfbRecording_cut.wav,4.2,0.836660027,0.733364848,5
30172338_MinPolqaSfbRecording_cut.wav,1.8,0.836660027,0.733364848,5
30432349_MinPolqaSfbRecording_cut.wav,1.4,0.894427191,0.784,5
29543724_MinPolqaSfbRecording_cut.wav,2.6,0.547722558,0.48009999,5
30129122_MinPolqaSfbRecording_cut.wav,2.0,1.0,0.876538647,5
30108456_MinPolqaSfbRecording_cut.wav,3.6,1.140175425,0.999407825,5
30465825_MinPolqaSfbRecording_cut.wav,2.5,1.0,0.98,4
30155265_MinPolqaSfbRecording_cut.wav,4.5,0.577350269,0.565803264,4
30483511_MinPolqaSfbRecording_cut.wav,3.0,0.816496581,0.800166649,4
30489875_MinPolqaSfbRecording_cut.wav,4.75,0.5,0.49,4
30095859_MinPolqaSfbRecording_cut.wav,4.0,1.154700538,1.131606528,4
30450085_MinPolqaSfbRecording_cut.wav,2.25,0.5,0.49,4
27833363_MinPolqaSfbRecording_cut.wav,4.5,0.577350269,0.565803264,4
30154377_MinPolqaSfbRecording_cut.wav,3.25,0.5,0.49,4
30156172_MinPolqaSfbRecording_cut.wav,3.25,0.5,0.49,4
30408769_MinPolqaSfbRecording_cut.wav,3.0,0.816496581,0.800166649,4
28695517_MinPolqaSfbRecording_cut.wav,4.0,0.0,0.0,4
30130166_MinPolqaSfbRecording_cut.wav,1.75,0.957427108,0.938278566,4
30414210_MinPolqaSfbRecording_cut.wav,3.0,0.0,0.0,4
30250466_MinPolqaSfbRecording_cut.wav,2.5,0.577350269,0.565803264,4
30098276_MinPolqaSfbRecording_cut.wav,2.75,0.5,0.49,4
30120195_MinPolqaSfbRecording_cut.wav,2.0,0.816496581,0.800166649,4
30130828_MinPolqaSfbRecording_cut.wav,4.5,0.577350269,0.565803264,4
30065246_MinPolqaSfbRecording_cut.wav,3.0,1.154700538,1.131606528,4
30508940_MinPolqaSfbRecording_cut.wav,4.25,0.5,0.49,4
30185537_MinPolqaSfbRecording_cut.wav,3.5,1.0,0.98,4
30141628_MinPolqaSfbRecording_cut.wav,3.0,0.816496581,0.800166649,4
28285630_MinPolqaSfbRecording_cut.wav,4.25,0.957427108,0.938278566,4
30405112_MinPolqaSfbRecording_cut.wav,2.75,0.957427108,0.938278566,4
30171722_MinPolqaSfbRecording_cut.wav,2.5,0.577350269,0.565803264,4
30073461_MinPolqaSfbRecording_cut.wav,1.75,0.957427108,0.938278566,4
30439861_MinPolqaSfbRecording_cut.wav,3.25,0.957427108,0.938278566,4
30137400_MinPolqaSfbRecording_cut.wav,1.75,0.5,0.49,4
27556541_MinPolqaSfbRecording_cut.wav,4.25,0.5,0.49,4
30069096_MinPolqaSfbRecording_cut.wav,1.75,0.5,0.49,4
30164243_MinPolqaSfbRecording_cut.wav,3.0,0.0,0.0,4
30522690_MinPolqaSfbRecording_cut.wav,2.5,1.0,0.98,4
30065301_MinPolqaSfbRecording_cut.wav,3.25,0.957427108,0.938278566,4
30472885_MinPolqaSfbRecording_cut.wav,2.0,0.0,0.0,5
28988730_MinPolqaSfbRecording_cut.wav,2.4,0.547722558,0.48009999,5
30188924_MinPolqaSfbRecording_cut.wav,1.8,0.836660027,0.733364848,5
30059703_MinPolqaSfbRecording_cut.wav,2.0,0.707106781,0.619806421,5
30148422_MinPolqaSfbRecording_cut.wav,3.0,1.0,0.876538647,5
28557504_MinPolqaSfbRecording_cut.wav,3.6,0.894427191,0.784,5
30150160_MinPolqaSfbRecording_cut.wav,3.4,1.140175425,0.999407825,5
28050518_MinPolqaSfbRecording_cut.wav,4.2,0.836660027,0.733364848,5
30130886_MinPolqaSfbRecording_cut.wav,3.4,0.894427191,0.784,5
28993940_MinPolqaSfbRecording_cut.wav,3.8,0.836660027,0.733364848,5
28697215_MinPolqaSfbRecording_cut.wav,4.4,0.547722558,0.48009999,5
30461849_MinPolqaSfbRecording_cut.wav,2.4,1.516575089,1.329336677,5
28549980_MinPolqaSfbRecording_cut.wav,3.4,1.140175425,0.999407825,5
30207979_MinPolqaSfbRecording_cut.wav,3.2,1.095445115,0.960199979,5
30511440_MinPolqaSfbRecording_cut.wav,2.8,1.303840481,1.142866571,5
27554645_MinPolqaSfbRecording_cut.wav,4.0,0.707106781,0.619806421,5
30527045_MinPolqaSfbRecording_cut.wav,3.6,0.894427191,0.784,5
30506037_MinPolqaSfbRecording_cut.wav,3.2,0.836660027,0.733364848,5
30436217_MinPolqaSfbRecording_cut.wav,2.4,1.516575089,1.329336677,5
28858384_MinPolqaSfbRecording_cut.wav,3.666666667,1.154700538,1.306666667,3
30132609_MinPolqaSfbRecording_cut.wav,1.333333333,0.577350269,0.653333333,3
30257980_MinPolqaSfbRecording_cut.wav,1.333333333,0.577350269,0.653333333,3
30105468_MinPolqaSfbRecording_cut.wav,2.0,1.0,1.131606528,3
30106866_MinPolqaSfbRecording_cut.wav,3.333333333,1.154700538,1.306666667,3
30207202_MinPolqaSfbRecording_cut.wav,3.333333333,0.577350269,0.653333333,3
30128279_MinPolqaSfbRecording_cut.wav,1.6,0.547722558,0.48009999,5
30106882_MinPolqaSfbRecording_cut.wav,1.6,0.547722558,0.48009999,5
27744382_MinPolqaSfbRecording_cut.wav,3.4,0.894427191,0.784,5
30480490_MinPolqaSfbRecording_cut.wav,3.0,0.707106781,0.619806421,5
30511596_MinPolqaSfbRecording_cut.wav,1.6,0.547722558,0.48009999,5
30530016_MinPolqaSfbRecording_cut.wav,1.0,0.0,0.0,5
30091364_MinPolqaSfbRecording_cut.wav,3.2,0.447213595,0.392,5
29541034_MinPolqaSfbRecording_cut.wav,4.0,1.0,1.131606528,3
30062105_MinPolqaSfbRecording_cut.wav,3.666666667,0.577350269,0.653333333,3
27611041_MinPolqaSfbRecording_cut.wav,3.666666667,0.577350269,0.653333333,3
30529893_MinPolqaSfbRecording_cut.wav,4.333333333,0.577350269,0.653333333,3
30158066_MinPolqaSfbRecording_cut.wav,3.666666667,0.577350269,0.653333333,3
27929844_MinPolqaSfbRecording_cut.wav,3.666666667,0.577350269,0.653333333,3
27704385_MinPolqaSfbRecording_cut.wav,4.666666667,0.577350269,0.653333333,3
28192923_MinPolqaSfbRecording_cut.wav,4.666666667,0.577350269,0.653333333,3
28133339_MinPolqaSfbRecording_cut.wav,4.0,1.0,1.131606528,3
28949094_MinPolqaSfbRecording_cut.wav,3.4,0.547722558,0.48009999,5
30206780_MinPolqaSfbRecording_cut.wav,2.0,0.707106781,0.619806421,5
30174623_MinPolqaSfbRecording_cut.wav,2.6,0.547722558,0.48009999,5
30423790_MinPolqaSfbRecording_cut.wav,2.0,1.224744871,1.073536213,5
30152185_MinPolqaSfbRecording_cut.wav,1.2,0.447213595,0.392,5
30108649_MinPolqaSfbRecording_cut.wav,3.4,0.894427191,0.784,5
30484529_MinPolqaSfbRecording_cut.wav,1.25,0.5,0.49,4
30064063_MinPolqaSfbRecording_cut.wav,3.75,0.957427108,0.938278566,4
30471218_MinPolqaSfbRecording_cut.wav,4.0,0.816496581,0.800166649,4
30428973_MinPolqaSfbRecording_cut.wav,1.25,0.5,0.49,4
30061745_MinPolqaSfbRecording_cut.wav,2.5,1.0,0.98,4
30515805_MinPolqaSfbRecording_cut.wav,3.75,0.5,0.49,4
30477787_MinPolqaSfbRecording_cut.wav,3.25,0.5,0.49,4
30060761_MinPolqaSfbRecording_cut.wav,3.25,0.5,0.49,4
29536565_MinPolqaSfbRecording_cut.wav,1.0,0.0,0.0,4
28693221_MinPolqaSfbRecording_cut.wav,3.6,0.547722558,0.48009999,5
30080311_MinPolqaSfbRecording_cut.wav,2.8,0.836660027,0.733364848,5
28220053_MinPolqaSfbRecording_cut.wav,3.8,0.447213595,0.392,5
30257517_MinPolqaSfbRecording_cut.wav,2.0,1.414213562,1.239612843,5
30154392_MinPolqaSfbRecording_cut.wav,1.8,1.303840481,1.142866571,5
30529168_MinPolqaSfbRecording_cut.wav,3.2,0.447213595,0.392,5
30510171_MinPolqaSfbRecording_cut.wav,2.2,1.303840481,1.142866571,5
30107074_MinPolqaSfbRecording_cut.wav,2.8,0.836660027,0.733364848,5
30515900_MinPolqaSfbRecording_cut.wav,2.4,1.673320053,1.466729696,5
30086164_MinPolqaSfbRecording_cut.wav,3.6,0.547722558,0.48009999,5
30511698_MinPolqaSfbRecording_cut.wav,2.75,1.258305739,1.233139624,4
30185825_MinPolqaSfbRecording_cut.wav,2.25,0.957427108,0.938278566,4
29543067_MinPolqaSfbRecording_cut.wav,1.75,0.957427108,0.938278566,4
29015215_MinPolqaSfbRecording_cut.wav,3.75,0.957427108,0.938278566,4
30256143_MinPolqaSfbRecording_cut.wav,1.75,0.957427108,0.938278566,4
28879988_MinPolqaSfbRecording_cut.wav,2.75,1.258305739,1.233139624,4
30158080_MinPolqaSfbRecording_cut.wav,1.5,0.577350269,0.565803264,4
30183066_MinPolqaSfbRecording_cut.wav,2.75,1.258305739,1.233139624,4
30493074_MinPolqaSfbRecording_cut.wav,1.5,0.577350269,0.565803264,4
30107396_MinPolqaSfbRecording_cut.wav,2.25,0.957427108,0.938278566,4
30145637_MinPolqaSfbRecording_cut.wav,2.666666667,0.577350269,0.653333333,3
30208600_MinPolqaSfbRecording_cut.wav,3.333333333,0.577350269,0.653333333,3
30133924_MinPolqaSfbRecording_cut.wav,3.666666667,0.577350269,0.653333333,3
27869092_MinPolqaSfbRecording_cut.wav,4.0,0.0,0.0,3
28166464_MinPolqaSfbRecording_cut.wav,4.0,1.0,1.131606528,3
30104907_MinPolqaSfbRecording_cut.wav,3.0,0.0,0.0,3
30472476_MinPolqaSfbRecording_cut.wav,2.0,0.0,0.0,3
30071312_MinPolqaSfbRecording_cut.wav,2.25,1.258305739,1.233139624,4
30511068_MinPolqaSfbRecording_cut.wav,2.75,1.258305739,1.233139624,4
29538612_MinPolqaSfbRecording_cut.wav,3.25,0.5,0.49,4
30500739_MinPolqaSfbRecording_cut.wav,3.0,1.825741858,1.789227021,4
29531586_MinPolqaSfbRecording_cut.wav,2.0,2.0,1.96,4
28861804_MinPolqaSfbRecording_cut.wav,3.75,1.258305739,1.233139624,4
28249715_MinPolqaSfbRecording_cut.wav,3.75,1.258305739,1.233139624,4
30491409_MinPolqaSfbRecording_cut.wav,2.25,1.258305739,1.233139624,4
27756328_MinPolqaSfbRecording_cut.wav,3.75,0.5,0.49,4
30473122_MinPolqaSfbRecording_cut.wav,2.2,1.643167673,1.440299969,5
27510382_MinPolqaSfbRecording_cut.wav,4.6,0.547722558,0.48009999,5
30500857_MinPolqaSfbRecording_cut.wav,3.4,0.894427191,0.784,5
30430587_MinPolqaSfbRecording_cut.wav,4.4,0.547722558,0.48009999,5
30134354_MinPolqaSfbRecording_cut.wav,3.4,1.140175425,0.999407825,5
28306701_MinPolqaSfbRecording_cut.wav,4.4,0.894427191,0.784,5
30141981_MinPolqaSfbRecording_cut.wav,3.8,0.836660027,0.733364848,5
30173460_MinPolqaSfbRecording_cut.wav,2.2,1.095445115,0.960199979,5
30177330_MinPolqaSfbRecording_cut.wav,3.6,0.547722558,0.48009999,5
27861435_MinPolqaSfbRecording_cut.wav,4.6,0.547722558,0.48009999,5
30482045_MinPolqaSfbRecording_cut.wav,3.6,0.547722558,0.48009999,5
27966222_MinPolqaSfbRecording_cut.wav,3.8,0.447213595,0.392,5
30423987_MinPolqaSfbRecording_cut.wav,3.6,0.547722558,0.48009999,5
28731927_MinPolqaSfbRecording_cut.wav,4.2,0.447213595,0.392,5
30113089_MinPolqaSfbRecording_cut.wav,3.6,0.894427191,0.784,5
30201997_MinPolqaSfbRecording_cut.wav,3.8,0.447213595,0.392,5
30529443_MinPolqaSfbRecording_cut.wav,3.0,1.732050808,1.96,3
29539767_MinPolqaSfbRecording_cut.wav,2.666666667,2.081665999,2.355626833,3
30404938_MinPolqaSfbRecording_cut.wav,3.333333333,0.577350269,0.653333333,3
30183232_MinPolqaSfbRecording_cut.wav,3.0,1.732050808,1.96,3
29539997_MinPolqaSfbRecording_cut.wav,4.333333333,1.154700538,1.306666667,3
27718820_MinPolqaSfbRecording_cut.wav,4.0,1.0,1.131606528,3
30083582_MinPolqaSfbRecording_cut.wav,3.333333333,1.154700538,1.306666667,3
28960505_MinPolqaSfbRecording_cut.wav,3.333333333,1.527525232,1.728557523,3
30202580_MinPolqaSfbRecording_cut.wav,3.333333333,1.527525232,1.728557523,3
30444547_MinPolqaSfbRecording_cut.wav,2.0,1.0,1.131606528,3
30161571_MinPolqaSfbRecording_cut.wav,2.333333333,0.577350269,0.653333333,3
30443110_MinPolqaSfbRecording_cut.wav,1.666666667,1.154700538,1.306666667,3
30436837_MinPolqaSfbRecording_cut.wav,1.666666667,1.154700538,1.306666667,3
28078296_MinPolqaSfbRecording_cut.wav,3.333333333,0.577350269,0.653333333,3
30085467_MinPolqaSfbRecording_cut.wav,2.333333333,0.577350269,0.653333333,3
30444286_MinPolqaSfbRecording_cut.wav,1.666666667,0.577350269,0.653333333,3
29054102_MinPolqaSfbRecording_cut.wav,3.0,0.0,0.0,4
30063597_MinPolqaSfbRecording_cut.wav,3.5,1.0,0.98,4
30406066_MinPolqaSfbRecording_cut.wav,1.75,0.5,0.49,4
30162077_MinPolqaSfbRecording_cut.wav,2.5,1.0,0.98,4
30429034_MinPolqaSfbRecording_cut.wav,4.0,0.816496581,0.800166649,4
30125441_MinPolqaSfbRecording_cut.wav,2.5,0.577350269,0.565803264,4
27925410_MinPolqaSfbRecording_cut.wav,3.0,0.0,0.0,4
30445388_MinPolqaSfbRecording_cut.wav,1.25,0.5,0.49,4
28810070_MinPolqaSfbRecording_cut.wav,3.4,1.516575089,1.329336677,5
29543723_MinPolqaSfbRecording_cut.wav,3.2,0.836660027,0.733364848,5
29537934_MinPolqaSfbRecording_cut.wav,3.2,1.303840481,1.142866571,5
30059311_MinPolqaSfbRecording_cut.wav,2.8,0.836660027,0.733364848,5
27627689_MinPolqaSfbRecording_cut.wav,3.8,0.836660027,0.733364848,5
30192790_MinPolqaSfbRecording_cut.wav,2.6,1.816590212,1.592311527,5
30263742_MinPolqaSfbRecording_cut.wav,4.2,1.095445115,0.960199979,5
30483129_MinPolqaSfbRecording_cut.wav,2.4,0.894427191,0.784,5
30157019_MinPolqaSfbRecording_cut.wav,3.8,0.836660027,0.733364848,5
30120963_MinPolqaSfbRecording_cut.wav,1.4,0.547722558,0.48009999,5
30208205_MinPolqaSfbRecording_cut.wav,1.6,0.547722558,0.48009999,5
28367546_MinPolqaSfbRecording_cut.wav,4.0,0.707106781,0.619806421,5
30439253_MinPolqaSfbRecording_cut.wav,2.0,1.0,0.876538647,5
27853930_MinPolqaSfbRecording_cut.wav,3.6,0.894427191,0.784,5
30104247_MinPolqaSfbRecording_cut.wav,3.2,1.095445115,0.960199979,5
30470706_MinPolqaSfbRecording_cut.wav,1.6,0.547722558,0.48009999,5
30530239_MinPolqaSfbRecording_cut.wav,1.4,0.547722558,0.48009999,5
30429601_MinPolqaSfbRecording_cut.wav,2.333333333,0.577350269,0.653333333,3
30491383_MinPolqaSfbRecording_cut.wav,1.666666667,1.154700538,1.306666667,3
30096211_MinPolqaSfbRecording_cut.wav,3.0,1.0,1.131606528,3
30433668_MinPolqaSfbRecording_cut.wav,2.0,0.0,0.0,3
29538695_MinPolqaSfbRecording_cut.wav,2.666666667,0.577350269,0.653333333,3
30488714_MinPolqaSfbRecording_cut.wav,3.333333333,0.577350269,0.653333333,3
30462758_MinPolqaSfbRecording_cut.wav,4.666666667,0.577350269,0.653333333,3
30073393_MinPolqaSfbRecording_cut.wav,2.666666667,0.577350269,0.653333333,3
30511367_MinPolqaSfbRecording_cut.wav,2.666666667,0.577350269,0.653333333,3
30099601_MinPolqaSfbRecording_cut.wav,1.666666667,0.577350269,0.653333333,3
30469102_MinPolqaSfbRecording_cut.wav,3.333333333,0.577350269,0.653333333,3
29529770_MinPolqaSfbRecording_cut.wav,3.666666667,1.154700538,1.306666667,3
30502980_MinPolqaSfbRecording_cut.wav,4.0,0.0,0.0,3
27724421_MinPolqaSfbRecording_cut.wav,4.0,1.0,1.131606528,3
28892190_MinPolqaSfbRecording_cut.wav,3.666666667,0.577350269,0.653333333,3
30060935_MinPolqaSfbRecording_cut.wav,2.0,0.816496581,0.800166649,4
30059212_MinPolqaSfbRecording_cut.wav,2.5,1.290994449,1.26517456,4
30101858_MinPolqaSfbRecording_cut.wav,3.0,0.816496581,0.800166649,4
30136517_MinPolqaSfbRecording_cut.wav,4.0,0.816496581,0.800166649,4
30261560_MinPolqaSfbRecording_cut.wav,2.25,1.258305739,1.233139624,4
29013019_MinPolqaSfbRecording_cut.wav,4.0,0.816496581,0.800166649,4
30121849_MinPolqaSfbRecording_cut.wav,3.0,0.816496581,0.800166649,4
30189541_MinPolqaSfbRecording_cut.wav,4.5,0.577350269,0.565803264,4
28526494_MinPolqaSfbRecording_cut.wav,4.5,0.577350269,0.565803264,4
30211927_MinPolqaSfbRecording_cut.wav,2.8,1.303840481,1.142866571,5
30488450_MinPolqaSfbRecording_cut.wav,3.4,0.547722558,0.48009999,5
30207152_MinPolqaSfbRecording_cut.wav,2.8,1.303840481,1.142866571,5
30523267_MinPolqaSfbRecording_cut.wav,3.2,1.303840481,1.142866571,5
30253280_MinPolqaSfbRecording_cut.wav,4.0,1.414213562,1.239612843,5
30112551_MinPolqaSfbRecording_cut.wav,3.2,1.095445115,0.960199979,5
30128640_MinPolqaSfbRecording_cut.wav,3.8,1.095445115,0.960199979,5
30423911_MinPolqaSfbRecording_cut.wav,3.8,0.836660027,0.733364848,5
30252669_MinPolqaSfbRecording_cut.wav,2.4,1.673320053,1.466729696,5
30206746_MinPolqaSfbRecording_cut.wav,3.666666667,0.577350269,0.653333333,3
30105588_MinPolqaSfbRecording_cut.wav,4.0,0.0,0.0,3
30125727_MinPolqaSfbRecording_cut.wav,3.0,0.0,0.0,3
30529672_MinPolqaSfbRecording_cut.wav,2.333333333,1.154700538,1.306666667,3
30138539_MinPolqaSfbRecording_cut.wav,3.666666667,0.577350269,0.653333333,3
30208632_MinPolqaSfbRecording_cut.wav,2.0,1.0,1.131606528,3
30209896_MinPolqaSfbRecording_cut.wav,4.0,1.0,1.131606528,3
28271782_MinPolqaSfbRecording_cut.wav,3.0,0.0,0.0,3
28252428_MinPolqaSfbRecording_cut.wav,4.666666667,0.577350269,0.653333333,3
29048990_MinPolqaSfbRecording_cut.wav,4.0,1.0,1.131606528,3
30488712_MinPolqaSfbRecording_cut.wav,3.333333333,1.527525232,1.728557523,3
30068369_MinPolqaSfbRecording_cut.wav,2.0,1.732050808,1.96,3
28223650_MinPolqaSfbRecording_cut.wav,4.0,0.0,0.0,3
30179710_MinPolqaSfbRecording_cut.wav,2.0,1.732050808,1.96,3
30179039_MinPolqaSfbRecording_cut.wav,2.0,1.732050808,1.96,3
30136430_MinPolqaSfbRecording_cut.wav,3.2,1.303840481,1.142866571,5
30470014_MinPolqaSfbRecording_cut.wav,3.4,0.894427191,0.784,5
30072976_MinPolqaSfbRecording_cut.wav,3.2,1.303840481,1.142866571,5
30143678_MinPolqaSfbRecording_cut.wav,4.0,1.224744871,1.073536213,5
30428977_MinPolqaSfbRecording_cut.wav,2.8,1.303840481,1.142866571,5
30254555_MinPolqaSfbRecording_cut.wav,2.8,1.483239697,1.300116918,5
29532025_MinPolqaSfbRecording_cut.wav,2.6,0.894427191,0.784,5
30437852_MinPolqaSfbRecording_cut.wav,4.4,0.894427191,0.784,5
29529948_MinPolqaSfbRecording_cut.wav,2.6,0.894427191,0.784,5
28755508_MinPolqaSfbRecording_cut.wav,4.5,0.577350269,0.565803264,4
30445553_MinPolqaSfbRecording_cut.wav,3.5,0.577350269,0.565803264,4
28649493_MinPolqaSfbRecording_cut.wav,4.25,0.5,0.49,4
30149946_MinPolqaSfbRecording_cut.wav,3.75,0.5,0.49,4
30096400_MinPolqaSfbRecording_cut.wav,2.75,0.957427108,0.938278566,4
30529476_MinPolqaSfbRecording_cut.wav,1.25,0.5,0.49,4
30432489_MinPolqaSfbRecording_cut.wav,3.0,0.816496581,0.800166649,4
30516403_MinPolqaSfbRecording_cut.wav,3.0,1.154700538,1.131606528,4
28237426_MinPolqaSfbRecording_cut.wav,4.0,0.707106781,0.619806421,5
29544622_MinPolqaSfbRecording_cut.wav,2.8,1.483239697,1.300116918,5
30470693_MinPolqaSfbRecording_cut.wav,3.6,1.516575089,1.329336677,5
30095579_MinPolqaSfbRecording_cut.wav,3.0,1.224744871,1.073536213,5
27645852_MinPolqaSfbRecording_cut.wav,3.6,0.547722558,0.48009999,5
30255704_MinPolqaSfbRecording_cut.wav,3.4,1.516575089,1.329336677,5
27785295_MinPolqaSfbRecording_cut.wav,4.0,0.707106781,0.619806421,5
30165372_MinPolqaSfbRecording_cut.wav,3.6,1.673320053,1.466729696,5
30177454_MinPolqaSfbRecording_cut.wav,3.2,1.303840481,1.142866571,5
30107675_MinPolqaSfbRecording_cut.wav,3.6,1.140175425,0.999407825,5
30496358_MinPolqaSfbRecording_cut.wav,2.4,1.673320053,1.466729696,5
30124291_MinPolqaSfbRecording_cut.wav,3.4,0.547722558,0.48009999,5
30189519_MinPolqaSfbRecording_cut.wav,4.6,0.547722558,0.48009999,5
30128828_MinPolqaSfbRecording_cut.wav,3.6,1.140175425,0.999407825,5
30164272_MinPolqaSfbRecording_cut.wav,3.2,0.836660027,0.733364848,5
30442776_MinPolqaSfbRecording_cut.wav,2.2,1.643167673,1.440299969,5
28994816_MinPolqaSfbRecording_cut.wav,4.4,0.894427191,0.784,5
29532243_MinPolqaSfbRecording_cut.wav,3.2,0.836660027,0.733364848,5
29534942_MinPolqaSfbRecording_cut.wav,3.4,0.547722558,0.48009999,5
30171637_MinPolqaSfbRecording_cut.wav,1.6,0.894427191,0.784,5
30474453_MinPolqaSfbRecording_cut.wav,2.2,1.095445115,0.960199979,5
27942858_MinPolqaSfbRecording_cut.wav,4.2,0.447213595,0.392,5
30483200_MinPolqaSfbRecording_cut.wav,1.8,0.836660027,0.733364848,5
30430752_MinPolqaSfbRecording_cut.wav,2.4,1.341640786,1.176,5
27880545_MinPolqaSfbRecording_cut.wav,4.0,1.0,0.876538647,5
30472862_MinPolqaSfbRecording_cut.wav,3.333333333,0.577350269,0.653333333,3
30421059_MinPolqaSfbRecording_cut.wav,1.666666667,1.154700538,1.306666667,3
30530053_MinPolqaSfbRecording_cut.wav,1.333333333,0.577350269,0.653333333,3
30148017_MinPolqaSfbRecording_cut.wav,2.333333333,0.577350269,0.653333333,3
28830532_MinPolqaSfbRecording_cut.wav,4.0,0.0,0.0,3
28511125_MinPolqaSfbRecording_cut.wav,3.333333333,0.577350269,0.653333333,3
30095402_MinPolqaSfbRecording_cut.wav,3.0,2.0,2.263213055,3
30514190_MinPolqaSfbRecording_cut.wav,1.0,0.0,0.0,3
30504244_MinPolqaSfbRecording_cut.wav,3.333333333,0.577350269,0.653333333,3
30474601_MinPolqaSfbRecording_cut.wav,3.333333333,0.577350269,0.653333333,3
29032302_MinPolqaSfbRecording_cut.wav,3.2,0.836660027,0.733364848,5
30122205_MinPolqaSfbRecording_cut.wav,3.6,0.894427191,0.784,5
30120980_MinPolqaSfbRecording_cut.wav,4.6,0.547722558,0.48009999,5
30249669_MinPolqaSfbRecording_cut.wav,3.2,0.447213595,0.392,5
27966006_MinPolqaSfbRecording_cut.wav,3.8,0.836660027,0.733364848,5
27690509_MinPolqaSfbRecording_cut.wav,3.8,0.447213595,0.392,5
28852536_MinPolqaSfbRecording_cut.wav,4.2,0.447213595,0.392,5
30426313_MinPolqaSfbRecording_cut.wav,2.6,0.547722558,0.48009999,5
30475081_MinPolqaSfbRecording_cut.wav,2.333333333,0.577350269,0.653333333,3
30465970_MinPolqaSfbRecording_cut.wav,2.0,1.0,1.131606528,3
30143499_MinPolqaSfbRecording_cut.wav,2.333333333,1.527525232,1.728557523,3
28962261_MinPolqaSfbRecording_cut.wav,3.0,0.0,0.0,3
30127710_MinPolqaSfbRecording_cut.wav,2.333333333,1.154700538,1.306666667,3
27724274_MinPolqaSfbRecording_cut.wav,3.0,1.0,1.131606528,3
30145906_MinPolqaSfbRecording_cut.wav,1.333333333,0.577350269,0.653333333,3
30202127_MinPolqaSfbRecording_cut.wav,2.5,0.577350269,0.565803264,4
30200821_MinPolqaSfbRecording_cut.wav,2.75,1.258305739,1.233139624,4
30513404_MinPolqaSfbRecording_cut.wav,3.0,1.414213562,1.385929291,4
30188697_MinPolqaSfbRecording_cut.wav,1.75,0.5,0.49,4
28664646_MinPolqaSfbRecording_cut.wav,3.5,1.0,0.98,4
29530245_MinPolqaSfbRecording_cut.wav,3.0,0.816496581,0.800166649,4
30130060_MinPolqaSfbRecording_cut.wav,2.75,0.957427108,0.938278566,4
30089211_MinPolqaSfbRecording_cut.wav,1.25,0.5,0.49,4
30520373_MinPolqaSfbRecording_cut.wav,2.0,0.816496581,0.800166649,4
30127703_MinPolqaSfbRecording_cut.wav,4.0,0.0,0.0,4
30506828_MinPolqaSfbRecording_cut.wav,2.25,0.5,0.49,4
30195791_MinPolqaSfbRecording_cut.wav,3.25,0.5,0.49,4
30189624_MinPolqaSfbRecording_cut.wav,3.5,1.0,0.98,4
30105720_MinPolqaSfbRecording_cut.wav,2.5,0.577350269,0.565803264,4
30159972_MinPolqaSfbRecording_cut.wav,4.0,1.0,1.131606528,3
30213678_MinPolqaSfbRecording_cut.wav,3.0,2.0,2.263213055,3
30155305_MinPolqaSfbRecording_cut.wav,3.666666667,1.527525232,1.728557523,3
28696127_MinPolqaSfbRecording_cut.wav,4.666666667,0.577350269,0.653333333,3
30058467_MinPolqaSfbRecording_cut.wav,3.666666667,0.577350269,0.653333333,3
30175141_MinPolqaSfbRecording_cut.wav,4.666666667,0.577350269,0.653333333,3
28102746_MinPolqaSfbRecording_cut.wav,5.0,0.0,0.0,3
30502561_MinPolqaSfbRecording_cut.wav,3.333333333,1.154700538,1.306666667,3
27933192_MinPolqaSfbRecording_cut.wav,5.0,0.0,0.0,3
30483281_MinPolqaSfbRecording_cut.wav,4.333333333,0.577350269,0.653333333,3
30206531_MinPolqaSfbRecording_cut.wav,2.8,1.095445115,0.960199979,5
30066749_MinPolqaSfbRecording_cut.wav,2.6,1.140175425,0.999407825,5
30480121_MinPolqaSfbRecording_cut.wav,3.0,0.707106781,0.619806421,5
30128604_MinPolqaSfbRecording_cut.wav,2.0,1.0,0.876538647,5
30175255_MinPolqaSfbRecording_cut.wav,1.4,0.894427191,0.784,5
30095875_MinPolqaSfbRecording_cut.wav,2.6,1.140175425,0.999407825,5
30211965_MinPolqaSfbRecording_cut.wav,4.2,0.447213595,0.392,5
30168684_MinPolqaSfbRecording_cut.wav,3.4,0.547722558,0.48009999,5
27563953_MinPolqaSfbRecording_cut.wav,4.6,0.894427191,0.784,5
30106224_MinPolqaSfbRecording_cut.wav,2.0,0.707106781,0.619806421,5
30261449_MinPolqaSfbRecording_cut.wav,4.4,0.894427191,0.784,5
30102729_MinPolqaSfbRecording_cut.wav,1.8,0.447213595,0.392,5
30091728_MinPolqaSfbRecording_cut.wav,3.6,0.894427191,0.784,5
30122684_MinPolqaSfbRecording_cut.wav,3.2,0.836660027,0.733364848,5
30098352_MinPolqaSfbRecording_cut.wav,2.8,0.836660027,0.733364848,5
30526717_MinPolqaSfbRecording_cut.wav,3.0,1.224744871,1.073536213,5
30448583_MinPolqaSfbRecording_cut.wav,2.8,0.836660027,0.733364848,5
29533059_MinPolqaSfbRecording_cut.wav,2.75,0.5,0.49,4
28365801_MinPolqaSfbRecording_cut.wav,3.5,0.577350269,0.565803264,4
30470073_MinPolqaSfbRecording_cut.wav,2.0,0.816496581,0.800166649,4
30464563_MinPolqaSfbRecording_cut.wav,2.25,0.5,0.49,4
30093202_MinPolqaSfbRecording_cut.wav,3.25,0.5,0.49,4
30180749_MinPolqaSfbRecording_cut.wav,2.25,0.5,0.49,4
30172961_MinPolqaSfbRecording_cut.wav,3.5,0.577350269,0.565803264,4
30473738_MinPolqaSfbRecording_cut.wav,3.25,0.5,0.49,4
27631238_MinPolqaSfbRecording_cut.wav,3.75,0.957427108,0.938278566,4
30155278_MinPolqaSfbRecording_cut.wav,2.8,0.836660027,0.733364848,5
30175199_MinPolqaSfbRecording_cut.wav,3.4,1.140175425,0.999407825,5
28345585_MinPolqaSfbRecording_cut.wav,3.6,0.894427191,0.784,5
30159830_MinPolqaSfbRecording_cut.wav,1.8,1.303840481,1.142866571,5
30470934_MinPolqaSfbRecording_cut.wav,2.4,0.547722558,0.48009999,5
30142390_MinPolqaSfbRecording_cut.wav,3.6,0.894427191,0.784,5
30439938_MinPolqaSfbRecording_cut.wav,4.0,1.0,0.876538647,5
30178296_MinPolqaSfbRecording_cut.wav,1.25,0.5,0.49,4
30124729_MinPolqaSfbRecording_cut.wav,2.5,0.577350269,0.565803264,4
30410336_MinPolqaSfbRecording_cut.wav,3.5,1.0,0.98,4
30080279_MinPolqaSfbRecording_cut.wav,1.75,0.957427108,0.938278566,4
30182739_MinPolqaSfbRecording_cut.wav,3.25,0.5,0.49,4
30156793_MinPolqaSfbRecording_cut.wav,1.0,0.0,0.0,4
30426275_MinPolqaSfbRecording_cut.wav,1.75,0.957427108,0.938278566,4
27659182_MinPolqaSfbRecording_cut.wav,4.0,0.816496581,0.800166649,4
30428124_MinPolqaSfbRecording_cut.wav,1.75,0.957427108,0.938278566,4
30088929_MinPolqaSfbRecording_cut.wav,1.25,0.5,0.49,4
30143854_MinPolqaSfbRecording_cut.wav,3.0,0.816496581,0.800166649,4
30198735_MinPolqaSfbRecording_cut.wav,2.5,0.577350269,0.565803264,4
28489643_MinPolqaSfbRecording_cut.wav,4.0,0.0,0.0,4
30062744_MinPolqaSfbRecording_cut.wav,2.75,0.957427108,0.938278566,4
28286616_MinPolqaSfbRecording_cut.wav,3.5,1.0,0.98,4
30142927_MinPolqaSfbRecording_cut.wav,2.8,1.788854382,1.568,5
30131866_MinPolqaSfbRecording_cut.wav,2.8,1.303840481,1.142866571,5
30514779_MinPolqaSfbRecording_cut.wav,2.8,1.643167673,1.440299969,5
30186036_MinPolqaSfbRecording_cut.wav,3.8,1.095445115,0.960199979,5
30119726_MinPolqaSfbRecording_cut.wav,3.8,0.836660027,0.733364848,5
28499070_MinPolqaSfbRecording_cut.wav,3.8,0.447213595,0.392,5
29537047_MinPolqaSfbRecording_cut.wav,3.6,1.140175425,0.999407825,5
30148600_MinPolqaSfbRecording_cut.wav,3.0,2.0,1.753077294,5
30423332_MinPolqaSfbRecording_cut.wav,3.0,1.224744871,1.073536213,5
30475068_MinPolqaSfbRecording_cut.wav,3.6,0.547722558,0.48009999,5
30089666_MinPolqaSfbRecording_cut.wav,2.4,1.516575089,1.329336677,5
30123205_MinPolqaSfbRecording_cut.wav,2.4,1.516575089,1.329336677,5
30468757_MinPolqaSfbRecording_cut.wav,1.2,0.447213595,0.392,5
30193343_MinPolqaSfbRecording_cut.wav,4.6,0.547722558,0.48009999,5
30455644_MinPolqaSfbRecording_cut.wav,2.8,0.836660027,0.733364848,5
30469623_MinPolqaSfbRecording_cut.wav,1.8,0.836660027,0.733364848,5
30262812_MinPolqaSfbRecording_cut.wav,2.8,0.836660027,0.733364848,5
30205380_MinPolqaSfbRecording_cut.wav,4.0,1.0,0.876538647,5
30128880_MinPolqaSfbRecording_cut.wav,1.6,0.547722558,0.48009999,5
28088670_MinPolqaSfbRecording_cut.wav,4.0,1.0,0.876538647,5
30096420_MinPolqaSfbRecording_cut.wav,3.2,1.095445115,0.960199979,5
30426283_MinPolqaSfbRecording_cut.wav,2.6,1.140175425,0.999407825,5
30161690_MinPolqaSfbRecording_cut.wav,3.2,0.447213595,0.392,5
30256739_MinPolqaSfbRecording_cut.wav,1.2,0.447213595,0.392,5
30098801_MinPolqaSfbRecording_cut.wav,4.0,0.707106781,0.619806421,5
30195009_MinPolqaSfbRecording_cut.wav,3.0,0.707106781,0.619806421,5
30444566_MinPolqaSfbRecording_cut.wav,2.2,0.447213595,0.392,5
27780226_MinPolqaSfbRecording_cut.wav,4.0,0.707106781,0.619806421,5
28157290_MinPolqaSfbRecording_cut.wav,3.2,1.303840481,1.142866571,5
30528302_MinPolqaSfbRecording_cut.wav,2.4,0.547722558,0.48009999,5
30508206_MinPolqaSfbRecording_cut.wav,4.2,0.447213595,0.392,5
30415816_MinPolqaSfbRecording_cut.wav,2.0,0.0,0.0,5
30122717_MinPolqaSfbRecording_cut.wav,2.0,0.707106781,0.619806421,5
30092818_MinPolqaSfbRecording_cut.wav,3.6,0.547722558,0.48009999,5
30258077_MinPolqaSfbRecording_cut.wav,2.4,0.894427191,0.784,5
30067917_MinPolqaSfbRecording_cut.wav,2.0,1.0,0.876538647,5
30519921_MinPolqaSfbRecording_cut.wav,2.6,0.547722558,0.48009999,5
28011379_MinPolqaSfbRecording_cut.wav,3.4,0.894427191,0.784,5
30067916_MinPolqaSfbRecording_cut.wav,3.6,1.140175425,0.999407825,5
27753618_MinPolqaSfbRecording_cut.wav,3.4,0.894427191,0.784,5
30472348_MinPolqaSfbRecording_cut.wav,2.6,0.547722558,0.48009999,5
28863606_MinPolqaSfbRecording_cut.wav,4.4,0.894427191,0.784,5
30431706_MinPolqaSfbRecording_cut.wav,2.8,1.095445115,0.960199979,5
30201473_MinPolqaSfbRecording_cut.wav,2.8,1.643167673,1.440299969,5
30467905_MinPolqaSfbRecording_cut.wav,3.6,1.516575089,1.329336677,5
30427921_MinPolqaSfbRecording_cut.wav,2.6,1.140175425,0.999407825,5
30124652_MinPolqaSfbRecording_cut.wav,3.8,0.836660027,0.733364848,5
28220176_MinPolqaSfbRecording_cut.wav,4.6,0.547722558,0.48009999,5
28450251_MinPolqaSfbRecording_cut.wav,4.6,0.547722558,0.48009999,5
30100616_MinPolqaSfbRecording_cut.wav,4.0,0.707106781,0.619806421,5
30064976_MinPolqaSfbRecording_cut.wav,2.75,0.5,0.49,4
30065530_MinPolqaSfbRecording_cut.wav,4.5,0.577350269,0.565803264,4
30483406_MinPolqaSfbRecording_cut.wav,4.0,0.816496581,0.800166649,4
30256260_MinPolqaSfbRecording_cut.wav,3.5,0.577350269,0.565803264,4
30100678_MinPolqaSfbRecording_cut.wav,3.25,0.5,0.49,4
30065472_MinPolqaSfbRecording_cut.wav,2.75,0.5,0.49,4
30147992_MinPolqaSfbRecording_cut.wav,4.0,0.0,0.0,4
30479470_MinPolqaSfbRecording_cut.wav,1.0,0.0,0.0,4
30086704_MinPolqaSfbRecording_cut.wav,1.25,0.5,0.49,4
30071368_MinPolqaSfbRecording_cut.wav,3.6,1.516575089,1.329336677,5
30080435_MinPolqaSfbRecording_cut.wav,4.0,1.0,0.876538647,5
30483203_MinPolqaSfbRecording_cut.wav,2.4,1.673320053,1.466729696,5
30520532_MinPolqaSfbRecording_cut.wav,2.0,0.707106781,0.619806421,5
30065735_MinPolqaSfbRecording_cut.wav,2.8,1.788854382,1.568,5
29544930_MinPolqaSfbRecording_cut.wav,3.4,1.140175425,0.999407825,5
28456414_MinPolqaSfbRecording_cut.wav,3.6,0.894427191,0.784,5
29540175_MinPolqaSfbRecording_cut.wav,4.0,0.707106781,0.619806421,5
27674169_MinPolqaSfbRecording_cut.wav,3.8,0.836660027,0.733364848,5
30496888_MinPolqaSfbRecording_cut.wav,3.6,0.547722558,0.48009999,5
28675822_MinPolqaSfbRecording_cut.wav,4.0,0.707106781,0.619806421,5
30491529_MinPolqaSfbRecording_cut.wav,3.0,1.0,0.876538647,5
28251408_MinPolqaSfbRecording_cut.wav,4.2,0.836660027,0.733364848,5
30528680_MinPolqaSfbRecording_cut.wav,2.8,1.483239697,1.300116918,5
30403905_MinPolqaSfbRecording_cut.wav,3.8,0.836660027,0.733364848,5
28350872_MinPolqaSfbRecording_cut.wav,4.0,1.0,1.131606528,3
30101114_MinPolqaSfbRecording_cut.wav,4.333333333,0.577350269,0.653333333,3
30527327_MinPolqaSfbRecording_cut.wav,3.666666667,0.577350269,0.653333333,3
28670736_MinPolqaSfbRecording_cut.wav,4.666666667,0.577350269,0.653333333,3
30067243_MinPolqaSfbRecording_cut.wav,2.333333333,1.527525232,1.728557523,3
30109229_MinPolqaSfbRecording_cut.wav,2.333333333,1.527525232,1.728557523,3
28596704_MinPolqaSfbRecording_cut.wav,4.75,0.5,0.49,4
30429243_MinPolqaSfbRecording_cut.wav,2.75,0.957427108,0.938278566,4
27668094_MinPolqaSfbRecording_cut.wav,4.5,0.577350269,0.565803264,4
28877066_MinPolqaSfbRecording_cut.wav,4.25,0.957427108,0.938278566,4
30105458_MinPolqaSfbRecording_cut.wav,3.0,0.816496581,0.800166649,4
30141112_MinPolqaSfbRecording_cut.wav,3.75,0.957427108,0.938278566,4
30157777_MinPolqaSfbRecording_cut.wav,3.25,0.957427108,0.938278566,4
30205819_MinPolqaSfbRecording_cut.wav,4.0,0.0,0.0,4
30186048_MinPolqaSfbRecording_cut.wav,3.75,0.5,0.49,4
28040477_MinPolqaSfbRecording_cut.wav,4.0,1.224744871,1.073536213,5
30143040_MinPolqaSfbRecording_cut.wav,3.2,1.095445115,0.960199979,5
30450206_MinPolqaSfbRecording_cut.wav,2.8,0.836660027,0.733364848,5
30161072_MinPolqaSfbRecording_cut.wav,1.4,0.894427191,0.784,5
28069950_MinPolqaSfbRecording_cut.wav,3.6,1.140175425,0.999407825,5
30490874_MinPolqaSfbRecording_cut.wav,1.8,0.836660027,0.733364848,5
30478923_MinPolqaSfbRecording_cut.wav,3.2,0.836660027,0.733364848,5
30103792_MinPolqaSfbRecording_cut.wav,3.4,0.547722558,0.48009999,5
30466065_MinPolqaSfbRecording_cut.wav,4.0,1.0,0.876538647,5
30202179_MinPolqaSfbRecording_cut.wav,3.8,1.303840481,1.142866571,5
30186224_MinPolqaSfbRecording_cut.wav,3.0,1.224744871,1.073536213,5
28705705_MinPolqaSfbRecording_cut.wav,4.8,0.447213595,0.392,5
30205113_MinPolqaSfbRecording_cut.wav,3.6,0.894427191,0.784,5
30446669_MinPolqaSfbRecording_cut.wav,3.8,1.303840481,1.142866571,5
30063107_MinPolqaSfbRecording_cut.wav,2.6,1.516575089,1.329336677,5
30093166_MinPolqaSfbRecording_cut.wav,2.6,1.816590212,1.592311527,5
30080774_MinPolqaSfbRecording_cut.wav,3.6,0.547722558,0.48009999,5
30507289_MinPolqaSfbRecording_cut.wav,3.5,0.577350269,0.565803264,4
30180647_MinPolqaSfbRecording_cut.wav,3.75,0.957427108,0.938278566,4
30456563_MinPolqaSfbRecording_cut.wav,4.75,0.5,0.49,4
30200787_MinPolqaSfbRecording_cut.wav,4.5,0.577350269,0.565803264,4
30100199_MinPolqaSfbRecording_cut.wav,4.0,0.816496581,0.800166649,4
30096889_MinPolqaSfbRecording_cut.wav,4.0,0.816496581,0.800166649,4
30135207_MinPolqaSfbRecording_cut.wav,3.5,0.577350269,0.565803264,4
30506886_MinPolqaSfbRecording_cut.wav,3.25,0.957427108,0.938278566,4
30511481_MinPolqaSfbRecording_cut.wav,3.25,0.957427108,0.938278566,4
28649056_MinPolqaSfbRecording_cut.wav,4.5,0.577350269,0.565803264,4
30142122_MinPolqaSfbRecording_cut.wav,2.0,0.816496581,0.800166649,4
29533232_MinPolqaSfbRecording_cut.wav,2.75,0.957427108,0.938278566,4
30060536_MinPolqaSfbRecording_cut.wav,1.75,0.5,0.49,4
27946137_MinPolqaSfbRecording_cut.wav,2.5,0.577350269,0.565803264,4
28254220_MinPolqaSfbRecording_cut.wav,4.75,0.5,0.49,4
28499197_MinPolqaSfbRecording_cut.wav,3.25,0.5,0.49,4
30259952_MinPolqaSfbRecording_cut.wav,2.0,0.816496581,0.800166649,4
30258543_MinPolqaSfbRecording_cut.wav,2.25,0.5,0.49,4
28895784_MinPolqaSfbRecording_cut.wav,4.5,0.577350269,0.565803264,4
30174251_MinPolqaSfbRecording_cut.wav,1.75,0.5,0.49,4
30161200_MinPolqaSfbRecording_cut.wav,1.5,0.577350269,0.565803264,4
30118655_MinPolqaSfbRecording_cut.wav,2.5,1.0,0.98,4
30192743_MinPolqaSfbRecording_cut.wav,2.75,1.5,1.47,4
30509821_MinPolqaSfbRecording_cut.wav,1.25,0.5,0.49,4
30479243_MinPolqaSfbRecording_cut.wav,2.25,0.957427108,0.938278566,4
30200634_MinPolqaSfbRecording_cut.wav,3.25,1.5,1.47,4
30470645_MinPolqaSfbRecording_cut.wav,2.2,1.303840481,1.142866571,5
30097393_MinPolqaSfbRecording_cut.wav,3.4,1.140175425,0.999407825,5
30427922_MinPolqaSfbRecording_cut.wav,2.6,1.341640786,1.176,5
30404186_MinPolqaSfbRecording_cut.wav,3.4,0.547722558,0.48009999,5
30198266_MinPolqaSfbRecording_cut.wav,3.4,0.547722558,0.48009999,5
30169654_MinPolqaSfbRecording_cut.wav,3.4,1.140175425,0.999407825,5
30248994_MinPolqaSfbRecording_cut.wav,2.2,1.643167673,1.440299969,5
30157559_MinPolqaSfbRecording_cut.wav,4.2,0.836660027,0.733364848,5
30529861_MinPolqaSfbRecording_cut.wav,2.4,1.140175425,0.999407825,5
30516822_MinPolqaSfbRecording_cut.wav,2.6,1.816590212,1.592311527,5
30070722_MinPolqaSfbRecording_cut.wav,3.0,1.0,1.131606528,3
27779261_MinPolqaSfbRecording_cut.wav,3.666666667,1.154700538,1.306666667,3
27675347_MinPolqaSfbRecording_cut.wav,4.333333333,0.577350269,0.653333333,3
30475746_MinPolqaSfbRecording_cut.wav,2.666666667,1.154700538,1.306666667,3
30089895_MinPolqaSfbRecording_cut.wav,2.333333333,1.527525232,1.728557523,3
30142541_MinPolqaSfbRecording_cut.wav,3.0,1.0,1.131606528,3
30125827_MinPolqaSfbRecording_cut.wav,4.0,1.0,1.131606528,3
27568871_MinPolqaSfbRecording_cut.wav,4.666666667,0.577350269,0.653333333,3
30060572_MinPolqaSfbRecording_cut.wav,2.333333333,2.309401077,2.613333333,3
27512678_MinPolqaSfbRecording_cut.wav,3.0,0.816496581,0.800166649,4
30508703_MinPolqaSfbRecording_cut.wav,2.25,0.957427108,0.938278566,4
30208896_MinPolqaSfbRecording_cut.wav,1.75,0.5,0.49,4
30529157_MinPolqaSfbRecording_cut.wav,3.75,0.5,0.49,4
30090344_MinPolqaSfbRecording_cut.wav,3.75,1.258305739,1.233139624,4
30210755_MinPolqaSfbRecording_cut.wav,3.5,1.0,0.98,4
30083971_MinPolqaSfbRecording_cut.wav,3.75,0.957427108,0.938278566,4
30423590_MinPolqaSfbRecording_cut.wav,1.0,0.0,0.0,5
30071724_MinPolqaSfbRecording_cut.wav,2.0,0.707106781,0.619806421,5
30174188_MinPolqaSfbRecording_cut.wav,3.2,0.447213595,0.392,5
28833641_MinPolqaSfbRecording_cut.wav,3.4,0.547722558,0.48009999,5
30064446_MinPolqaSfbRecording_cut.wav,3.4,0.894427191,0.784,5
30196051_MinPolqaSfbRecording_cut.wav,1.4,0.547722558,0.48009999,5
30415293_MinPolqaSfbRecording_cut.wav,2.2,0.447213595,0.392,5
30414217_MinPolqaSfbRecording_cut.wav,2.4,0.547722558,0.48009999,5
30132295_MinPolqaSfbRecording_cut.wav,4.0,0.707106781,0.619806421,5
30486027_MinPolqaSfbRecording_cut.wav,2.666666667,1.527525232,1.728557523,3
30100159_MinPolqaSfbRecording_cut.wav,3.666666667,0.577350269,0.653333333,3
30118430_MinPolqaSfbRecording_cut.wav,2.0,1.732050808,1.96,3
30102820_MinPolqaSfbRecording_cut.wav,3.0,1.732050808,1.96,3
30212862_MinPolqaSfbRecording_cut.wav,2.0,1.732050808,1.96,3
30177646_MinPolqaSfbRecording_cut.wav,2.666666667,1.527525232,1.728557523,3
27647859_MinPolqaSfbRecording_cut.wav,4.0,1.0,1.131606528,3
30492031_MinPolqaSfbRecording_cut.wav,2.666666667,2.081665999,2.355626833,3
30085295_MinPolqaSfbRecording_cut.wav,2.75,0.957427108,0.938278566,4
30522693_MinPolqaSfbRecording_cut.wav,1.75,0.5,0.49,4
30148547_MinPolqaSfbRecording_cut.wav,4.0,0.816496581,0.800166649,4
30064215_MinPolqaSfbRecording_cut.wav,3.5,0.577350269,0.565803264,4
29536168_MinPolqaSfbRecording_cut.wav,2.75,1.707825128,1.673668625,4
28036620_MinPolqaSfbRecording_cut.wav,3.25,0.957427108,0.938278566,4
30197242_MinPolqaSfbRecording_cut.wav,2.0,1.414213562,1.385929291,4
30500736_MinPolqaSfbRecording_cut.wav,2.75,1.707825128,1.673668625,4
30099156_MinPolqaSfbRecording_cut.wav,3.5,0.577350269,0.565803264,4
30096803_MinPolqaSfbRecording_cut.wav,1.5,1.0,0.98,4
30107071_MinPolqaSfbRecording_cut.wav,2.75,0.957427108,0.938278566,4
28807114_MinPolqaSfbRecording_cut.wav,4.25,0.5,0.49,4
30491762_MinPolqaSfbRecording_cut.wav,1.75,0.5,0.49,4
30212128_MinPolqaSfbRecording_cut.wav,2.75,0.957427108,0.938278566,4
28523588_MinPolqaSfbRecording_cut.wav,4.25,0.5,0.49,4
28839838_MinPolqaSfbRecording_cut.wav,3.25,0.5,0.49,4
30479354_MinPolqaSfbRecording_cut.wav,1.75,0.957427108,0.938278566,4
30432826_MinPolqaSfbRecording_cut.wav,2.8,0.836660027,0.733364848,5
28061947_MinPolqaSfbRecording_cut.wav,4.0,1.0,0.876538647,5
30412943_MinPolqaSfbRecording_cut.wav,3.0,0.707106781,0.619806421,5
30461718_MinPolqaSfbRecording_cut.wav,1.2,0.447213595,0.392,5
30428053_MinPolqaSfbRecording_cut.wav,3.0,0.707106781,0.619806421,5
30455575_MinPolqaSfbRecording_cut.wav,3.4,0.894427191,0.784,5
30489748_MinPolqaSfbRecording_cut.wav,2.6,0.547722558,0.48009999,5
30137563_MinPolqaSfbRecording_cut.wav,3.0,1.414213562,1.239612843,5
27911002_MinPolqaSfbRecording_cut.wav,4.8,0.447213595,0.392,5
30163148_MinPolqaSfbRecording_cut.wav,2.6,1.341640786,1.176,5
29533854_MinPolqaSfbRecording_cut.wav,4.2,0.447213595,0.392,5
30124412_MinPolqaSfbRecording_cut.wav,2.6,1.816590212,1.592311527,5
28711676_MinPolqaSfbRecording_cut.wav,3.0,0.707106781,0.619806421,5
30437172_MinPolqaSfbRecording_cut.wav,3.6,1.140175425,0.999407825,5
30450628_MinPolqaSfbRecording_cut.wav,2.6,1.816590212,1.592311527,5
30096910_MinPolqaSfbRecording_cut.wav,3.25,0.957427108,0.938278566,4
29539065_MinPolqaSfbRecording_cut.wav,3.75,0.957427108,0.938278566,4
30066584_MinPolqaSfbRecording_cut.wav,3.75,0.5,0.49,4
30083388_MinPolqaSfbRecording_cut.wav,3.25,1.5,1.47,4
30421614_MinPolqaSfbRecording_cut.wav,4.0,0.816496581,0.800166649,4
30133650_MinPolqaSfbRecording_cut.wav,3.25,0.5,0.49,4
30133579_MinPolqaSfbRecording_cut.wav,3.0,1.414213562,1.385929291,4
30501925_MinPolqaSfbRecording_cut.wav,3.5,1.290994449,1.26517456,4
28733401_MinPolqaSfbRecording_cut.wav,3.8,0.836660027,0.733364848,5
28837843_MinPolqaSfbRecording_cut.wav,3.4,1.140175425,0.999407825,5
30201681_MinPolqaSfbRecording_cut.wav,3.0,1.224744871,1.073536213,5
30169674_MinPolqaSfbRecording_cut.wav,3.2,1.095445115,0.960199979,5
30505789_MinPolqaSfbRecording_cut.wav,2.4,1.140175425,0.999407825,5
30161821_MinPolqaSfbRecording_cut.wav,2.0,1.414213562,1.239612843,5
30195533_MinPolqaSfbRecording_cut.wav,3.4,1.341640786,1.176,5
30439054_MinPolqaSfbRecording_cut.wav,2.4,1.140175425,0.999407825,5
30513299_MinPolqaSfbRecording_cut.wav,2.2,0.836660027,0.733364848,5
29537923_MinPolqaSfbRecording_cut.wav,3.2,0.447213595,0.392,5
30402632_MinPolqaSfbRecording_cut.wav,2.0,0.0,0.0,5
28819887_MinPolqaSfbRecording_cut.wav,4.4,0.547722558,0.48009999,5
30097197_MinPolqaSfbRecording_cut.wav,3.0,1.224744871,1.073536213,5
28179702_MinPolqaSfbRecording_cut.wav,2.2,0.447213595,0.392,5
28181220_MinPolqaSfbRecording_cut.wav,2.8,0.447213595,0.392,5
30163268_MinPolqaSfbRecording_cut.wav,1.4,0.547722558,0.48009999,5
30521108_MinPolqaSfbRecording_cut.wav,3.0,1.154700538,1.131606528,4
30148380_MinPolqaSfbRecording_cut.wav,3.0,0.816496581,0.800166649,4
28303282_MinPolqaSfbRecording_cut.wav,4.5,0.577350269,0.565803264,4
30455106_MinPolqaSfbRecording_cut.wav,3.5,0.577350269,0.565803264,4
28448398_MinPolqaSfbRecording_cut.wav,3.5,0.577350269,0.565803264,4
30087615_MinPolqaSfbRecording_cut.wav,2.25,0.5,0.49,4
29049736_MinPolqaSfbRecording_cut.wav,4.5,0.577350269,0.565803264,4
29053508_MinPolqaSfbRecording_cut.wav,4.5,0.577350269,0.565803264,4
30194630_MinPolqaSfbRecording_cut.wav,3.75,0.957427108,0.938278566,4
27912407_MinPolqaSfbRecording_cut.wav,4.25,0.5,0.49,4
30430686_MinPolqaSfbRecording_cut.wav,1.5,0.577350269,0.565803264,4
30430141_MinPolqaSfbRecording_cut.wav,1.5,0.577350269,0.565803264,4
30263996_MinPolqaSfbRecording_cut.wav,2.0,0.816496581,0.800166649,4
30148487_MinPolqaSfbRecording_cut.wav,2.0,0.816496581,0.800166649,4
30489433_MinPolqaSfbRecording_cut.wav,3.25,0.5,0.49,4
30523077_MinPolqaSfbRecording_cut.wav,1.5,0.577350269,0.565803264,4
30136210_MinPolqaSfbRecording_cut.wav,3.0,0.0,0.0,4
30087303_MinPolqaSfbRecording_cut.wav,4.75,0.5,0.49,4
30177468_MinPolqaSfbRecording_cut.wav,2.5,1.290994449,1.26517456,4
30258534_MinPolqaSfbRecording_cut.wav,4.25,0.5,0.49,4
30184153_MinPolqaSfbRecording_cut.wav,4.0,0.816496581,0.800166649,4
27585268_MinPolqaSfbRecording_cut.wav,4.5,0.577350269,0.565803264,4
30488089_MinPolqaSfbRecording_cut.wav,2.5,0.577350269,0.565803264,4
27938768_MinPolqaSfbRecording_cut.wav,3.75,1.5,1.47,4
30405709_MinPolqaSfbRecording_cut.wav,3.5,0.577350269,0.565803264,4
30169408_MinPolqaSfbRecording_cut.wav,2.25,1.892969449,1.85511006,4
28075825_MinPolqaSfbRecording_cut.wav,4.25,0.957427108,0.938278566,4
30529821_MinPolqaSfbRecording_cut.wav,3.0,1.414213562,1.385929291,4
28366614_MinPolqaSfbRecording_cut.wav,4.25,0.957427108,0.938278566,4
30201367_MinPolqaSfbRecording_cut.wav,3.0,0.816496581,0.800166649,4
30071326_MinPolqaSfbRecording_cut.wav,4.0,0.816496581,0.800166649,4
30113541_MinPolqaSfbRecording_cut.wav,3.25,1.258305739,1.233139624,4
30426732_MinPolqaSfbRecording_cut.wav,3.75,1.258305739,1.233139624,4
30255652_MinPolqaSfbRecording_cut.wav,2.75,1.5,1.47,4
30201522_MinPolqaSfbRecording_cut.wav,3.25,1.258305739,1.233139624,4
30256227_MinPolqaSfbRecording_cut.wav,1.25,0.5,0.49,4
30070558_MinPolqaSfbRecording_cut.wav,3.75,0.5,0.49,4
30514509_MinPolqaSfbRecording_cut.wav,3.0,1.825741858,1.789227021,4
30063275_MinPolqaSfbRecording_cut.wav,3.25,0.957427108,0.938278566,4
28214770_MinPolqaSfbRecording_cut.wav,4.0,0.816496581,0.800166649,4
30128767_MinPolqaSfbRecording_cut.wav,3.0,0.816496581,0.800166649,4
30078476_MinPolqaSfbRecording_cut.wav,4.0,0.816496581,0.800166649,4
30200119_MinPolqaSfbRecording_cut.wav,4.25,0.5,0.49,4
29544747_MinPolqaSfbRecording_cut.wav,3.0,0.816496581,0.800166649,4
28030810_MinPolqaSfbRecording_cut.wav,4.0,0.816496581,0.800166649,4
30174674_MinPolqaSfbRecording_cut.wav,4.5,0.577350269,0.565803264,4
28638050_MinPolqaSfbRecording_cut.wav,4.75,0.5,0.49,4
30478963_MinPolqaSfbRecording_cut.wav,3.25,0.5,0.49,4
27140041_MinPolqaSfbRecording_cut.wav,3.75,0.5,0.49,4
27787875_MinPolqaSfbRecording_cut.wav,4.25,0.5,0.49,4
30180177_MinPolqaSfbRecording_cut.wav,3.5,0.577350269,0.565803264,4
30158912_MinPolqaSfbRecording_cut.wav,1.5,1.0,0.98,4
30260720_MinPolqaSfbRecording_cut.wav,3.5,0.577350269,0.565803264,4
30426958_MinPolqaSfbRecording_cut.wav,1.5,1.0,0.98,4
30105156_MinPolqaSfbRecording_cut.wav,2.0,1.414213562,1.385929291,4
30080725_MinPolqaSfbRecording_cut.wav,3.0,0.816496581,0.800166649,4
30202269_MinPolqaSfbRecording_cut.wav,3.25,0.5,0.49,4
27721881_MinPolqaSfbRecording_cut.wav,3.75,0.5,0.49,4
30071297_MinPolqaSfbRecording_cut.wav,2.75,0.957427108,0.938278566,4
27897998_MinPolqaSfbRecording_cut.wav,3.5,0.577350269,0.565803264,4
30123286_MinPolqaSfbRecording_cut.wav,1.75,1.5,1.47,4
28025452_MinPolqaSfbRecording_cut.wav,4.25,0.5,0.49,4
28946100_MinPolqaSfbRecording_cut.wav,4.0,0.0,0.0,4
30105093_MinPolqaSfbRecording_cut.wav,3.0,0.0,0.0,4
29538453_MinPolqaSfbRecording_cut.wav,3.0,0.816496581,0.800166649,4
30213986_MinPolqaSfbRecording_cut.wav,2.75,0.5,0.49,4
30258963_MinPolqaSfbRecording_cut.wav,3.25,0.5,0.49,4
30100551_MinPolqaSfbRecording_cut.wav,1.25,0.5,0.49,4
30182625_MinPolqaSfbRecording_cut.wav,1.0,0.0,0.0,4
30485272_MinPolqaSfbRecording_cut.wav,3.5,0.577350269,0.565803264,4
30117354_MinPolqaSfbRecording_cut.wav,1.5,0.577350269,0.565803264,4
30428606_MinPolqaSfbRecording_cut.wav,2.75,0.5,0.49,4
30107085_MinPolqaSfbRecording_cut.wav,1.0,0.0,0.0,4
30133932_MinPolqaSfbRecording_cut.wav,1.75,0.957427108,0.938278566,4
30131696_MinPolqaSfbRecording_cut.wav,2.0,0.0,0.0,4
28275241_MinPolqaSfbRecording_cut.wav,3.75,0.957427108,0.938278566,4
28553646_MinPolqaSfbRecording_cut.wav,3.75,0.5,0.49,4
28948254_MinPolqaSfbRecording_cut.wav,3.75,0.957427108,0.938278566,4
30106929_MinPolqaSfbRecording_cut.wav,1.75,0.5,0.49,4
30104649_MinPolqaSfbRecording_cut.wav,2.0,0.0,0.0,4
28840891_MinPolqaSfbRecording_cut.wav,3.75,0.5,0.49,4
30450573_MinPolqaSfbRecording_cut.wav,3.75,0.5,0.49,4
30489223_MinPolqaSfbRecording_cut.wav,2.25,0.5,0.49,4
30477872_MinPolqaSfbRecording_cut.wav,1.5,0.577350269,0.565803264,4
30448181_MinPolqaSfbRecording_cut.wav,4.666666667,0.577350269,0.653333333,3
30166563_MinPolqaSfbRecording_cut.wav,2.666666667,2.081665999,2.355626833,3
30175389_MinPolqaSfbRecording_cut.wav,3.333333333,1.527525232,1.728557523,3
30083203_MinPolqaSfbRecording_cut.wav,2.666666667,2.081665999,2.355626833,3
30522171_MinPolqaSfbRecording_cut.wav,3.0,1.732050808,1.96,3
30479550_MinPolqaSfbRecording_cut.wav,2.0,1.732050808,1.96,3
27969770_MinPolqaSfbRecording_cut.wav,4.666666667,0.577350269,0.653333333,3
30202538_MinPolqaSfbRecording_cut.wav,2.25,1.258305739,1.233139624,4
27876017_MinPolqaSfbRecording_cut.wav,4.25,0.957427108,0.938278566,4
30511034_MinPolqaSfbRecording_cut.wav,2.75,0.957427108,0.938278566,4
28181889_MinPolqaSfbRecording_cut.wav,3.25,1.258305739,1.233139624,4
30432235_MinPolqaSfbRecording_cut.wav,2.0,0.816496581,0.800166649,4
28176843_MinPolqaSfbRecording_cut.wav,3.5,1.0,0.98,4
30255912_MinPolqaSfbRecording_cut.wav,3.25,0.5,0.49,4
30073007_MinPolqaSfbRecording_cut.wav,2.5,0.577350269,0.565803264,4
29013713_MinPolqaSfbRecording_cut.wav,3.5,0.577350269,0.565803264,4
30472840_MinPolqaSfbRecording_cut.wav,4.25,0.957427108,0.938278566,4
29534954_MinPolqaSfbRecording_cut.wav,1.5,1.0,0.98,4
30106439_MinPolqaSfbRecording_cut.wav,1.25,0.5,0.49,4
30100160_MinPolqaSfbRecording_cut.wav,3.0,0.816496581,0.800166649,4
30062189_MinPolqaSfbRecording_cut.wav,2.0,0.816496581,0.800166649,4
30098345_MinPolqaSfbRecording_cut.wav,3.5,0.577350269,0.565803264,4
30060840_MinPolqaSfbRecording_cut.wav,3.0,0.816496581,0.800166649,4
30436305_MinPolqaSfbRecording_cut.wav,3.5,1.0,0.98,4
28926353_MinPolqaSfbRecording_cut.wav,4.25,0.5,0.49,4
29541226_MinPolqaSfbRecording_cut.wav,2.25,0.957427108,0.938278566,4
30468660_MinPolqaSfbRecording_cut.wav,2.5,0.577350269,0.565803264,4
30249664_MinPolqaSfbRecording_cut.wav,2.5,0.577350269,0.565803264,4
30151085_MinPolqaSfbRecording_cut.wav,1.5,0.577350269,0.565803264,4
28081383_MinPolqaSfbRecording_cut.wav,4.0,1.154700538,1.131606528,4
29544309_MinPolqaSfbRecording_cut.wav,3.0,0.816496581,0.800166649,4
30433181_MinPolqaSfbRecording_cut.wav,1.5,0.577350269,0.565803264,4
30423783_MinPolqaSfbRecording_cut.wav,2.5,0.577350269,0.565803264,4
28231188_MinPolqaSfbRecording_cut.wav,3.0,0.816496581,0.800166649,4
27597952_MinPolqaSfbRecording_cut.wav,2.666666667,0.577350269,0.653333333,3
28444562_MinPolqaSfbRecording_cut.wav,4.0,0.0,0.0,3
29542114_MinPolqaSfbRecording_cut.wav,3.333333333,1.154700538,1.306666667,3
30171341_MinPolqaSfbRecording_cut.wav,2.666666667,0.577350269,0.653333333,3
30453930_MinPolqaSfbRecording_cut.wav,2.0,0.0,0.0,3
30213864_MinPolqaSfbRecording_cut.wav,3.666666667,0.577350269,0.653333333,3
28935216_MinPolqaSfbRecording_cut.wav,3.333333333,0.577350269,0.653333333,3
30104768_MinPolqaSfbRecording_cut.wav,2.0,0.0,0.0,3
30154797_MinPolqaSfbRecording_cut.wav,2.666666667,0.577350269,0.653333333,3
30511944_MinPolqaSfbRecording_cut.wav,2.6,0.547722558,0.48009999,5
30071726_MinPolqaSfbRecording_cut.wav,2.2,0.447213595,0.392,5
30073014_MinPolqaSfbRecording_cut.wav,3.2,0.836660027,0.733364848,5
30090033_MinPolqaSfbRecording_cut.wav,3.6,1.140175425,0.999407825,5
30171363_MinPolqaSfbRecording_cut.wav,4.0,0.707106781,0.619806421,5
29530610_MinPolqaSfbRecording_cut.wav,3.0,0.707106781,0.619806421,5
30430607_MinPolqaSfbRecording_cut.wav,3.8,0.447213595,0.392,5
30106941_MinPolqaSfbRecording_cut.wav,3.2,0.836660027,0.733364848,5
28462939_MinPolqaSfbRecording_cut.wav,4.0,0.707106781,0.619806421,5
30096448_MinPolqaSfbRecording_cut.wav,3.0,1.632993162,1.600333299,4
30214030_MinPolqaSfbRecording_cut.wav,3.0,0.816496581,0.800166649,4
30515943_MinPolqaSfbRecording_cut.wav,2.75,0.957427108,0.938278566,4
30068032_MinPolqaSfbRecording_cut.wav,2.25,0.957427108,0.938278566,4
30141725_MinPolqaSfbRecording_cut.wav,2.0,0.816496581,0.800166649,4
28677948_MinPolqaSfbRecording_cut.wav,4.25,0.957427108,0.938278566,4
27597670_MinPolqaSfbRecording_cut.wav,3.5,1.290994449,1.26517456,4
30136191_MinPolqaSfbRecording_cut.wav,3.0,1.825741858,1.789227021,4
30477237_MinPolqaSfbRecording_cut.wav,2.25,1.258305739,1.233139624,4
30202032_MinPolqaSfbRecording_cut.wav,4.5,0.577350269,0.565803264,4
30258670_MinPolqaSfbRecording_cut.wav,3.75,0.957427108,0.938278566,4
27604815_MinPolqaSfbRecording_cut.wav,4.0,1.414213562,1.385929291,4
29539642_MinPolqaSfbRecording_cut.wav,4.5,0.577350269,0.565803264,4
30421911_MinPolqaSfbRecording_cut.wav,4.0,0.816496581,0.800166649,4
30184126_MinPolqaSfbRecording_cut.wav,4.5,1.0,0.98,4
30531437_MinPolqaSfbRecording_cut.wav,4.0,0.816496581,0.800166649,4
30527084_MinPolqaSfbRecording_cut.wav,3.75,1.258305739,1.233139624,4
28059839_MinPolqaSfbRecording_cut.wav,3.333333333,0.577350269,0.653333333,3
30158890_MinPolqaSfbRecording_cut.wav,3.666666667,1.154700538,1.306666667,3
28843019_MinPolqaSfbRecording_cut.wav,4.0,1.0,1.131606528,3
28159271_MinPolqaSfbRecording_cut.wav,4.666666667,0.577350269,0.653333333,3
30155714_MinPolqaSfbRecording_cut.wav,4.666666667,0.577350269,0.653333333,3
30207806_MinPolqaSfbRecording_cut.wav,3.333333333,0.577350269,0.653333333,3
30082738_MinPolqaSfbRecording_cut.wav,3.666666667,0.577350269,0.653333333,3
30211752_MinPolqaSfbRecording_cut.wav,4.333333333,0.577350269,0.653333333,3
30432855_MinPolqaSfbRecording_cut.wav,3.666666667,0.577350269,0.653333333,3
28293274_MinPolqaSfbRecording_cut.wav,4.2,0.447213595,0.392,5
28223975_MinPolqaSfbRecording_cut.wav,3.4,1.341640786,1.176,5
30063285_MinPolqaSfbRecording_cut.wav,3.4,0.894427191,0.784,5
30103763_MinPolqaSfbRecording_cut.wav,2.8,1.303840481,1.142866571,5
30426938_MinPolqaSfbRecording_cut.wav,3.2,0.836660027,0.733364848,5
27966048_MinPolqaSfbRecording_cut.wav,4.4,0.547722558,0.48009999,5
30263193_MinPolqaSfbRecording_cut.wav,3.0,1.224744871,1.073536213,5
28882597_MinPolqaSfbRecording_cut.wav,4.0,0.707106781,0.619806421,5
30162106_MinPolqaSfbRecording_cut.wav,2.6,1.341640786,1.176,5
30156918_MinPolqaSfbRecording_cut.wav,2.0,1.414213562,1.385929291,4
30090987_MinPolqaSfbRecording_cut.wav,2.5,1.290994449,1.26517456,4
30511324_MinPolqaSfbRecording_cut.wav,1.5,1.0,0.98,4
27738941_MinPolqaSfbRecording_cut.wav,4.5,1.0,0.98,4
30192176_MinPolqaSfbRecording_cut.wav,3.5,1.290994449,1.26517456,4
30152514_MinPolqaSfbRecording_cut.wav,2.25,1.258305739,1.233139624,4
30083934_MinPolqaSfbRecording_cut.wav,3.5,1.914854216,1.876557131,4
28948027_MinPolqaSfbRecording_cut.wav,3.5,1.914854216,1.876557131,4
30439990_MinPolqaSfbRecording_cut.wav,2.5,1.0,0.98,4
30139344_MinPolqaSfbRecording_cut.wav,2.75,0.5,0.49,4
28806990_MinPolqaSfbRecording_cut.wav,3.5,0.577350269,0.565803264,4
30156025_MinPolqaSfbRecording_cut.wav,1.5,0.577350269,0.565803264,4
30194501_MinPolqaSfbRecording_cut.wav,2.25,0.5,0.49,4
27732327_MinPolqaSfbRecording_cut.wav,3.75,0.5,0.49,4
30200699_MinPolqaSfbRecording_cut.wav,3.5,1.0,0.98,4
30473243_MinPolqaSfbRecording_cut.wav,3.5,0.577350269,0.565803264,4
30178613_MinPolqaSfbRecording_cut.wav,3.75,1.258305739,1.233139624,4
30184836_MinPolqaSfbRecording_cut.wav,3.0,0.816496581,0.800166649,4
30428776_MinPolqaSfbRecording_cut.wav,3.2,1.303840481,1.142866571,5
30139031_MinPolqaSfbRecording_cut.wav,3.6,1.341640786,1.176,5
30508859_MinPolqaSfbRecording_cut.wav,3.8,0.447213595,0.392,5
30175911_MinPolqaSfbRecording_cut.wav,2.8,0.836660027,0.733364848,5
30457371_MinPolqaSfbRecording_cut.wav,2.6,1.341640786,1.176,5
28766311_MinPolqaSfbRecording_cut.wav,4.6,0.547722558,0.48009999,5
30149496_MinPolqaSfbRecording_cut.wav,3.6,0.547722558,0.48009999,5
30169829_MinPolqaSfbRecording_cut.wav,2.333333333,1.527525232,1.728557523,3
30513028_MinPolqaSfbRecording_cut.wav,3.333333333,1.527525232,1.728557523,3
30486863_MinPolqaSfbRecording_cut.wav,2.666666667,0.577350269,0.653333333,3
30083864_MinPolqaSfbRecording_cut.wav,2.666666667,0.577350269,0.653333333,3
29529612_MinPolqaSfbRecording_cut.wav,2.333333333,0.577350269,0.653333333,3
30201060_MinPolqaSfbRecording_cut.wav,3.333333333,0.577350269,0.653333333,3
30506380_MinPolqaSfbRecording_cut.wav,3.666666667,1.154700538,1.306666667,3
30098721_MinPolqaSfbRecording_cut.wav,4.0,1.0,1.131606528,3
29541061_MinPolqaSfbRecording_cut.wav,3.0,1.0,1.131606528,3
30214141_MinPolqaSfbRecording_cut.wav,3.666666667,1.527525232,1.728557523,3
30192685_MinPolqaSfbRecording_cut.wav,3.666666667,1.527525232,1.728557523,3
28168257_MinPolqaSfbRecording_cut.wav,3.666666667,1.154700538,1.306666667,3
30473014_MinPolqaSfbRecording_cut.wav,3.333333333,0.577350269,0.653333333,3
27516758_MinPolqaSfbRecording_cut.wav,3.333333333,0.577350269,0.653333333,3
30167033_MinPolqaSfbRecording_cut.wav,3.666666667,0.577350269,0.653333333,3
28901444_MinPolqaSfbRecording_cut.wav,5.0,0.0,0.0,3
30165828_MinPolqaSfbRecording_cut.wav,4.666666667,0.577350269,0.653333333,3
30183889_MinPolqaSfbRecording_cut.wav,2.6,1.516575089,1.329336677,5
30122609_MinPolqaSfbRecording_cut.wav,4.2,0.836660027,0.733364848,5
27932002_MinPolqaSfbRecording_cut.wav,4.2,0.447213595,0.392,5
30423406_MinPolqaSfbRecording_cut.wav,3.4,0.547722558,0.48009999,5
30470697_MinPolqaSfbRecording_cut.wav,4.2,0.836660027,0.733364848,5
30199596_MinPolqaSfbRecording_cut.wav,4.0,0.0,0.0,5
30514871_MinPolqaSfbRecording_cut.wav,3.6,0.894427191,0.784,5
30092632_MinPolqaSfbRecording_cut.wav,2.8,1.303840481,1.142866571,5
30086878_MinPolqaSfbRecording_cut.wav,1.5,0.577350269,0.565803264,4
30457372_MinPolqaSfbRecording_cut.wav,2.0,0.816496581,0.800166649,4
30081578_MinPolqaSfbRecording_cut.wav,3.25,0.957427108,0.938278566,4
30512525_MinPolqaSfbRecording_cut.wav,2.5,1.290994449,1.26517456,4
28549199_MinPolqaSfbRecording_cut.wav,4.25,0.5,0.49,4
30126282_MinPolqaSfbRecording_cut.wav,4.25,0.957427108,0.938278566,4
29532758_MinPolqaSfbRecording_cut.wav,2.75,0.957427108,0.938278566,4
30519406_MinPolqaSfbRecording_cut.wav,2.8,1.483239697,1.300116918,5
28912970_MinPolqaSfbRecording_cut.wav,4.6,0.547722558,0.48009999,5
30113507_MinPolqaSfbRecording_cut.wav,3.4,0.547722558,0.48009999,5
30488737_MinPolqaSfbRecording_cut.wav,1.6,1.341640786,1.176,5
27659659_MinPolqaSfbRecording_cut.wav,4.2,0.836660027,0.733364848,5
30426932_MinPolqaSfbRecording_cut.wav,3.2,0.447213595,0.392,5
30262156_MinPolqaSfbRecording_cut.wav,4.6,0.547722558,0.48009999,5
28351892_MinPolqaSfbRecording_cut.wav,3.0,0.816496581,0.800166649,4
27855377_MinPolqaSfbRecording_cut.wav,4.5,1.0,0.98,4
30118471_MinPolqaSfbRecording_cut.wav,2.0,0.0,0.0,4
30458500_MinPolqaSfbRecording_cut.wav,2.0,0.816496581,0.800166649,4
30212290_MinPolqaSfbRecording_cut.wav,3.0,0.0,0.0,4
28036664_MinPolqaSfbRecording_cut.wav,3.75,0.957427108,0.938278566,4
30068498_MinPolqaSfbRecording_cut.wav,2.25,0.5,0.49,4
30178688_MinPolqaSfbRecording_cut.wav,2.25,0.5,0.49,4
30511524_MinPolqaSfbRecording_cut.wav,1.5,0.577350269,0.565803264,4
30480174_MinPolqaSfbRecording_cut.wav,4.2,0.836660027,0.733364848,5
30147951_MinPolqaSfbRecording_cut.wav,3.4,0.547722558,0.48009999,5
28983982_MinPolqaSfbRecording_cut.wav,4.2,0.836660027,0.733364848,5
28082515_MinPolqaSfbRecording_cut.wav,3.0,1.0,0.876538647,5
30175005_MinPolqaSfbRecording_cut.wav,2.8,1.303840481,1.142866571,5
28155406_MinPolqaSfbRecording_cut.wav,3.6,0.547722558,0.48009999,5
27573960_MinPolqaSfbRecording_cut.wav,4.2,0.447213595,0.392,5
30437143_MinPolqaSfbRecording_cut.wav,2.6,0.547722558,0.48009999,5
30492405_MinPolqaSfbRecording_cut.wav,2.6,0.894427191,0.784,5
29054532_MinPolqaSfbRecording_cut.wav,3.2,0.447213595,0.392,5
28770366_MinPolqaSfbRecording_cut.wav,3.0,0.707106781,0.619806421,5
30436373_MinPolqaSfbRecording_cut.wav,2.6,0.894427191,0.784,5
28456696_MinPolqaSfbRecording_cut.wav,3.8,0.447213595,0.392,5
30489117_MinPolqaSfbRecording_cut.wav,2.0,2.0,1.96,4
29013948_MinPolqaSfbRecording_cut.wav,3.25,0.957427108,0.938278566,4
30127980_MinPolqaSfbRecording_cut.wav,2.5,1.290994449,1.26517456,4
30067580_MinPolqaSfbRecording_cut.wav,3.25,1.5,1.47,4
30078555_MinPolqaSfbRecording_cut.wav,3.5,1.290994449,1.26517456,4
30120763_MinPolqaSfbRecording_cut.wav,2.5,1.732050808,1.697409791,4
29038662_MinPolqaSfbRecording_cut.wav,3.25,1.258305739,1.233139624,4
30069988_MinPolqaSfbRecording_cut.wav,3.0,0.816496581,0.800166649,4
30402151_MinPolqaSfbRecording_cut.wav,3.0,1.154700538,1.131606528,4
30211722_MinPolqaSfbRecording_cut.wav,2.5,0.577350269,0.565803264,4
28204277_MinPolqaSfbRecording_cut.wav,4.0,0.816496581,0.800166649,4
29534748_MinPolqaSfbRecording_cut.wav,2.5,1.0,0.98,4
27661971_MinPolqaSfbRecording_cut.wav,4.0,0.816496581,0.800166649,4
30117778_MinPolqaSfbRecording_cut.wav,2.25,0.5,0.49,4
30480651_MinPolqaSfbRecording_cut.wav,3.0,1.414213562,1.385929291,4
30483655_MinPolqaSfbRecording_cut.wav,3.75,0.5,0.49,4
30486291_MinPolqaSfbRecording_cut.wav,1.75,0.957427108,0.938278566,4
30082299_MinPolqaSfbRecording_cut.wav,4.666666667,0.577350269,0.653333333,3
30458716_MinPolqaSfbRecording_cut.wav,3.0,1.0,1.131606528,3
30251729_MinPolqaSfbRecording_cut.wav,4.0,1.0,1.131606528,3
30155176_MinPolqaSfbRecording_cut.wav,3.0,1.0,1.131606528,3
30209541_MinPolqaSfbRecording_cut.wav,3.333333333,0.577350269,0.653333333,3
30206612_MinPolqaSfbRecording_cut.wav,4.0,1.0,1.131606528,3
30087171_MinPolqaSfbRecording_cut.wav,3.666666667,0.577350269,0.653333333,3
30485939_MinPolqaSfbRecording_cut.wav,2.8,0.447213595,0.392,5
28866732_MinPolqaSfbRecording_cut.wav,4.4,0.894427191,0.784,5
30488060_MinPolqaSfbRecording_cut.wav,3.0,0.707106781,0.619806421,5
30457669_MinPolqaSfbRecording_cut.wav,3.6,0.547722558,0.48009999,5
30102854_MinPolqaSfbRecording_cut.wav,3.8,0.836660027,0.733364848,5
30124769_MinPolqaSfbRecording_cut.wav,3.4,0.894427191,0.784,5
28363161_MinPolqaSfbRecording_cut.wav,3.6,0.894427191,0.784,5
30251150_MinPolqaSfbRecording_cut.wav,3.6,0.894427191,0.784,5
30156546_MinPolqaSfbRecording_cut.wav,2.8,1.483239697,1.300116918,5
30181740_MinPolqaSfbRecording_cut.wav,2.4,0.547722558,0.48009999,5
29530134_MinPolqaSfbRecording_cut.wav,3.4,0.547722558,0.48009999,5
30253370_MinPolqaSfbRecording_cut.wav,3.2,1.303840481,1.142866571,5
30410785_MinPolqaSfbRecording_cut.wav,2.8,1.483239697,1.300116918,5
30177647_MinPolqaSfbRecording_cut.wav,1.8,0.836660027,0.733364848,5
30445478_MinPolqaSfbRecording_cut.wav,3.0,1.0,0.876538647,5
28947265_MinPolqaSfbRecording_cut.wav,3.4,0.547722558,0.48009999,5
30504444_MinPolqaSfbRecording_cut.wav,1.4,0.894427191,0.784,5
30503116_MinPolqaSfbRecording_cut.wav,2.0,1.0,0.876538647,5
30068899_MinPolqaSfbRecording_cut.wav,4.0,0.707106781,0.619806421,5
28238955_MinPolqaSfbRecording_cut.wav,3.4,0.894427191,0.784,5
27880253_MinPolqaSfbRecording_cut.wav,4.0,1.224744871,1.073536213,5
30180352_MinPolqaSfbRecording_cut.wav,4.6,0.547722558,0.48009999,5
30496497_MinPolqaSfbRecording_cut.wav,3.4,1.140175425,0.999407825,5
30249734_MinPolqaSfbRecording_cut.wav,2.4,1.949358869,1.708688386,5
30082784_MinPolqaSfbRecording_cut.wav,3.4,1.673320053,1.466729696,5
30158071_MinPolqaSfbRecording_cut.wav,3.6,1.140175425,0.999407825,5
30256780_MinPolqaSfbRecording_cut.wav,4.8,0.447213595,0.392,5
30145778_MinPolqaSfbRecording_cut.wav,2.0,1.224744871,1.073536213,5
30446924_MinPolqaSfbRecording_cut.wav,2.0,1.224744871,1.073536213,5
30432357_MinPolqaSfbRecording_cut.wav,2.2,1.303840481,1.142866571,5
30471230_MinPolqaSfbRecording_cut.wav,3.6,1.140175425,0.999407825,5
30161204_MinPolqaSfbRecording_cut.wav,2.2,1.303840481,1.142866571,5
30480582_MinPolqaSfbRecording_cut.wav,4.0,0.707106781,0.619806421,5
30483807_MinPolqaSfbRecording_cut.wav,3.4,1.140175425,0.999407825,5
30103709_MinPolqaSfbRecording_cut.wav,4.0,0.707106781,0.619806421,5
30457623_MinPolqaSfbRecording_cut.wav,3.6,0.894427191,0.784,5
30414630_MinPolqaSfbRecording_cut.wav,2.2,1.303840481,1.142866571,5
29530911_MinPolqaSfbRecording_cut.wav,4.6,0.894427191,0.784,5
28751823_MinPolqaSfbRecording_cut.wav,4.6,0.547722558,0.48009999,5
28031320_MinPolqaSfbRecording_cut.wav,3.5,1.732050808,1.697409791,4
30176289_MinPolqaSfbRecording_cut.wav,2.75,0.957427108,0.938278566,4
29534535_MinPolqaSfbRecording_cut.wav,2.5,1.290994449,1.26517456,4
30096199_MinPolqaSfbRecording_cut.wav,2.75,1.5,1.47,4
30202731_MinPolqaSfbRecording_cut.wav,3.0,1.414213562,1.385929291,4
30426414_MinPolqaSfbRecording_cut.wav,3.25,0.5,0.49,4
28894987_MinPolqaSfbRecording_cut.wav,3.5,1.732050808,1.697409791,4
30430518_MinPolqaSfbRecording_cut.wav,1.25,0.5,0.49,4
30076037_MinPolqaSfbRecording_cut.wav,2.4,1.341640786,1.176,5
30155586_MinPolqaSfbRecording_cut.wav,3.4,1.140175425,0.999407825,5
29530307_MinPolqaSfbRecording_cut.wav,2.8,0.836660027,0.733364848,5
30156122_MinPolqaSfbRecording_cut.wav,2.6,1.140175425,0.999407825,5
30446274_MinPolqaSfbRecording_cut.wav,2.6,0.894427191,0.784,5
28123604_MinPolqaSfbRecording_cut.wav,4.2,1.303840481,1.142866571,5
30064580_MinPolqaSfbRecording_cut.wav,3.0,1.58113883,1.385929291,5
30089163_MinPolqaSfbRecording_cut.wav,2.8,1.303840481,1.142866571,5
30260871_MinPolqaSfbRecording_cut.wav,2.75,1.258305739,1.233139624,4
30442711_MinPolqaSfbRecording_cut.wav,3.75,0.957427108,0.938278566,4
30468097_MinPolqaSfbRecording_cut.wav,3.25,1.258305739,1.233139624,4
30161289_MinPolqaSfbRecording_cut.wav,3.75,0.957427108,0.938278566,4
30421637_MinPolqaSfbRecording_cut.wav,4.25,0.5,0.49,4
28809394_MinPolqaSfbRecording_cut.wav,4.25,0.957427108,0.938278566,4
30170988_MinPolqaSfbRecording_cut.wav,3.0,0.816496581,0.800166649,4
30205173_MinPolqaSfbRecording_cut.wav,1.0,0.0,0.0,4
30263384_MinPolqaSfbRecording_cut.wav,1.5,0.577350269,0.565803264,4
28636581_MinPolqaSfbRecording_cut.wav,3.0,0.0,0.0,4
30080622_MinPolqaSfbRecording_cut.wav,3.25,0.5,0.49,4
30062516_MinPolqaSfbRecording_cut.wav,1.0,0.0,0.0,4
30103754_MinPolqaSfbRecording_cut.wav,2.25,0.957427108,0.938278566,4
30117768_MinPolqaSfbRecording_cut.wav,2.75,0.5,0.49,4
30101856_MinPolqaSfbRecording_cut.wav,2.0,0.816496581,0.800166649,4
30408314_MinPolqaSfbRecording_cut.wav,2.666666667,1.154700538,1.306666667,3
30156561_MinPolqaSfbRecording_cut.wav,2.0,1.0,1.131606528,3
30071487_MinPolqaSfbRecording_cut.wav,4.0,1.0,1.131606528,3
30484342_MinPolqaSfbRecording_cut.wav,1.666666667,1.154700538,1.306666667,3
30510348_MinPolqaSfbRecording_cut.wav,1.333333333,0.577350269,0.653333333,3
30199671_MinPolqaSfbRecording_cut.wav,3.333333333,0.577350269,0.653333333,3
30504208_MinPolqaSfbRecording_cut.wav,2.0,1.0,1.131606528,3
30460917_MinPolqaSfbRecording_cut.wav,3.333333333,0.577350269,0.653333333,3
30171115_MinPolqaSfbRecording_cut.wav,3.0,1.0,1.131606528,3
30068601_MinPolqaSfbRecording_cut.wav,3.4,0.547722558,0.48009999,5
30408328_MinPolqaSfbRecording_cut.wav,3.6,0.547722558,0.48009999,5
27770398_MinPolqaSfbRecording_cut.wav,3.6,1.140175425,0.999407825,5
30264422_MinPolqaSfbRecording_cut.wav,3.4,0.894427191,0.784,5
27954772_MinPolqaSfbRecording_cut.wav,4.0,1.224744871,1.073536213,5
30457609_MinPolqaSfbRecording_cut.wav,3.2,0.447213595,0.392,5
28906730_MinPolqaSfbRecording_cut.wav,4.0,1.0,0.876538647,5
30067519_MinPolqaSfbRecording_cut.wav,2.4,0.547722558,0.48009999,5
30179604_MinPolqaSfbRecording_cut.wav,2.0,1.0,0.876538647,5
30444847_MinPolqaSfbRecording_cut.wav,2.2,1.095445115,0.960199979,5
30264374_MinPolqaSfbRecording_cut.wav,4.2,0.836660027,0.733364848,5
30439063_MinPolqaSfbRecording_cut.wav,1.6,0.894427191,0.784,5
30491200_MinPolqaSfbRecording_cut.wav,3.2,1.303840481,1.142866571,5
30065446_MinPolqaSfbRecording_cut.wav,3.8,0.836660027,0.733364848,5
30255371_MinPolqaSfbRecording_cut.wav,2.2,0.836660027,0.733364848,5
30156908_MinPolqaSfbRecording_cut.wav,3.4,0.894427191,0.784,5
30441995_MinPolqaSfbRecording_cut.wav,3.6,0.547722558,0.48009999,5
30208497_MinPolqaSfbRecording_cut.wav,2.0,0.816496581,0.800166649,4
30181311_MinPolqaSfbRecording_cut.wav,2.0,0.816496581,0.800166649,4
30428602_MinPolqaSfbRecording_cut.wav,2.5,0.577350269,0.565803264,4
30262540_MinPolqaSfbRecording_cut.wav,3.0,0.816496581,0.800166649,4
29004052_MinPolqaSfbRecording_cut.wav,3.25,0.5,0.49,4
30138540_MinPolqaSfbRecording_cut.wav,2.75,0.957427108,0.938278566,4
30529846_MinPolqaSfbRecording_cut.wav,2.75,0.957427108,0.938278566,4
30155450_MinPolqaSfbRecording_cut.wav,2.75,0.5,0.49,4
30202186_MinPolqaSfbRecording_cut.wav,2.0,0.816496581,0.800166649,4
28622614_MinPolqaSfbRecording_cut.wav,3.0,0.816496581,0.800166649,4
30509142_MinPolqaSfbRecording_cut.wav,3.5,1.290994449,1.26517456,4
30106327_MinPolqaSfbRecording_cut.wav,2.75,0.957427108,0.938278566,4
30171692_MinPolqaSfbRecording_cut.wav,2.0,0.816496581,0.800166649,4
30145664_MinPolqaSfbRecording_cut.wav,2.75,1.707825128,1.673668625,4
30513657_MinPolqaSfbRecording_cut.wav,3.25,1.5,1.47,4
30408779_MinPolqaSfbRecording_cut.wav,3.75,0.957427108,0.938278566,4
30501266_MinPolqaSfbRecording_cut.wav,3.5,1.0,0.98,4
30488318_MinPolqaSfbRecording_cut.wav,4.0,0.0,0.0,3
30527987_MinPolqaSfbRecording_cut.wav,3.666666667,0.577350269,0.653333333,3
30480750_MinPolqaSfbRecording_cut.wav,3.333333333,0.577350269,0.653333333,3
30444161_MinPolqaSfbRecording_cut.wav,2.333333333,0.577350269,0.653333333,3
30088570_MinPolqaSfbRecording_cut.wav,1.666666667,1.154700538,1.306666667,3
30067513_MinPolqaSfbRecording_cut.wav,4.0,0.0,0.0,3
30200225_MinPolqaSfbRecording_cut.wav,1.75,1.5,1.47,4
30450649_MinPolqaSfbRecording_cut.wav,2.0,2.0,1.96,4
28702787_MinPolqaSfbRecording_cut.wav,3.75,0.957427108,0.938278566,4
30423217_MinPolqaSfbRecording_cut.wav,1.75,1.5,1.47,4
29531280_MinPolqaSfbRecording_cut.wav,3.0,1.414213562,1.385929291,4
30524003_MinPolqaSfbRecording_cut.wav,2.0,2.0,1.96,4
30165395_MinPolqaSfbRecording_cut.wav,2.75,1.5,1.47,4
30434180_MinPolqaSfbRecording_cut.wav,3.0,1.414213562,1.385929291,4
30193351_MinPolqaSfbRecording_cut.wav,3.4,1.516575089,1.329336677,5
30527555_MinPolqaSfbRecording_cut.wav,3.2,0.836660027,0.733364848,5
27843711_MinPolqaSfbRecording_cut.wav,4.4,0.547722558,0.48009999,5
30470681_MinPolqaSfbRecording_cut.wav,2.4,0.894427191,0.784,5
30502378_MinPolqaSfbRecording_cut.wav,2.6,0.547722558,0.48009999,5
30177161_MinPolqaSfbRecording_cut.wav,3.2,0.836660027,0.733364848,5
30131781_MinPolqaSfbRecording_cut.wav,2.8,1.095445115,0.960199979,5
30081753_MinPolqaSfbRecording_cut.wav,2.6,0.894427191,0.784,5
30071774_MinPolqaSfbRecording_cut.wav,3.2,1.303840481,1.142866571,5
30205346_MinPolqaSfbRecording_cut.wav,3.75,0.957427108,0.938278566,4
28460118_MinPolqaSfbRecording_cut.wav,4.25,0.5,0.49,4
30261932_MinPolqaSfbRecording_cut.wav,3.5,0.577350269,0.565803264,4
30097152_MinPolqaSfbRecording_cut.wav,2.5,1.0,0.98,4
30060133_MinPolqaSfbRecording_cut.wav,2.0,1.414213562,1.385929291,4
30407185_MinPolqaSfbRecording_cut.wav,3.25,0.5,0.49,4
29536014_MinPolqaSfbRecording_cut.wav,3.25,0.5,0.49,4
30454434_MinPolqaSfbRecording_cut.wav,3.0,0.816496581,0.800166649,4
30473410_MinPolqaSfbRecording_cut.wav,3.0,1.414213562,1.385929291,4
30404698_MinPolqaSfbRecording_cut.wav,3.6,1.341640786,1.176,5
30060051_MinPolqaSfbRecording_cut.wav,2.8,1.643167673,1.440299969,5
30081886_MinPolqaSfbRecording_cut.wav,3.4,1.140175425,0.999407825,5
30251701_MinPolqaSfbRecording_cut.wav,3.2,1.788854382,1.568,5
27774478_MinPolqaSfbRecording_cut.wav,4.0,1.0,0.876538647,5
30211720_MinPolqaSfbRecording_cut.wav,3.0,1.58113883,1.385929291,5
30157156_MinPolqaSfbRecording_cut.wav,4.2,0.447213595,0.392,5
30421063_MinPolqaSfbRecording_cut.wav,3.2,1.303840481,1.142866571,5
28783142_MinPolqaSfbRecording_cut.wav,4.2,0.836660027,0.733364848,5
30480616_MinPolqaSfbRecording_cut.wav,2.75,0.5,0.49,4
30413732_MinPolqaSfbRecording_cut.wav,2.25,0.5,0.49,4
30259259_MinPolqaSfbRecording_cut.wav,2.75,0.5,0.49,4
30090460_MinPolqaSfbRecording_cut.wav,1.75,0.957427108,0.938278566,4
30260929_MinPolqaSfbRecording_cut.wav,2.5,1.0,0.98,4
30509447_MinPolqaSfbRecording_cut.wav,3.25,0.5,0.49,4
30142147_MinPolqaSfbRecording_cut.wav,2.5,0.577350269,0.565803264,4
28515011_MinPolqaSfbRecording_cut.wav,4.25,0.957427108,0.938278566,4
30253421_MinPolqaSfbRecording_cut.wav,2.8,1.095445115,0.960199979,5
30530784_MinPolqaSfbRecording_cut.wav,3.0,1.0,0.876538647,5
30139296_MinPolqaSfbRecording_cut.wav,2.2,0.447213595,0.392,5
30070424_MinPolqaSfbRecording_cut.wav,2.8,1.095445115,0.960199979,5
30208717_MinPolqaSfbRecording_cut.wav,3.2,0.836660027,0.733364848,5
30488684_MinPolqaSfbRecording_cut.wav,2.4,0.547722558,0.48009999,5
30185995_MinPolqaSfbRecording_cut.wav,3.4,0.547722558,0.48009999,5
30152070_MinPolqaSfbRecording_cut.wav,3.4,0.547722558,0.48009999,5
30105076_MinPolqaSfbRecording_cut.wav,3.8,0.447213595,0.392,5
30080718_MinPolqaSfbRecording_cut.wav,3.2,1.095445115,0.960199979,5
30488045_MinPolqaSfbRecording_cut.wav,4.0,0.707106781,0.619806421,5
30439988_MinPolqaSfbRecording_cut.wav,2.6,1.140175425,0.999407825,5
30173475_MinPolqaSfbRecording_cut.wav,2.8,1.483239697,1.300116918,5
30192587_MinPolqaSfbRecording_cut.wav,2.8,1.483239697,1.300116918,5
28104004_MinPolqaSfbRecording_cut.wav,4.4,0.547722558,0.48009999,5
30130165_MinPolqaSfbRecording_cut.wav,2.4,1.673320053,1.466729696,5
30432430_MinPolqaSfbRecording_cut.wav,2.0,1.732050808,1.518209472,5
30205223_MinPolqaSfbRecording_cut.wav,3.666666667,0.577350269,0.653333333,3
28811385_MinPolqaSfbRecording_cut.wav,4.333333333,0.577350269,0.653333333,3
30132152_MinPolqaSfbRecording_cut.wav,3.0,1.0,1.131606528,3
30165391_MinPolqaSfbRecording_cut.wav,2.666666667,0.577350269,0.653333333,3
30184215_MinPolqaSfbRecording_cut.wav,4.0,0.0,0.0,3
30412296_MinPolqaSfbRecording_cut.wav,2.333333333,1.527525232,1.728557523,3
30506967_MinPolqaSfbRecording_cut.wav,3.333333333,1.154700538,1.306666667,3
27585302_MinPolqaSfbRecording_cut.wav,4.333333333,0.577350269,0.653333333,3
30516259_MinPolqaSfbRecording_cut.wav,3.666666667,1.154700538,1.306666667,3
27835965_MinPolqaSfbRecording_cut.wav,3.25,0.5,0.49,4
30460682_MinPolqaSfbRecording_cut.wav,3.0,0.816496581,0.800166649,4
27826909_MinPolqaSfbRecording_cut.wav,3.5,0.577350269,0.565803264,4
30473864_MinPolqaSfbRecording_cut.wav,3.0,0.816496581,0.800166649,4
30502070_MinPolqaSfbRecording_cut.wav,3.0,0.816496581,0.800166649,4
30405882_MinPolqaSfbRecording_cut.wav,1.75,1.5,1.47,4
30069011_MinPolqaSfbRecording_cut.wav,4.0,1.154700538,1.131606528,4
30179831_MinPolqaSfbRecording_cut.wav,3.25,1.5,1.47,4
30085718_MinPolqaSfbRecording_cut.wav,2.75,0.957427108,0.938278566,4
30120790_MinPolqaSfbRecording_cut.wav,3.5,0.707106781,0.98,2
28217525_MinPolqaSfbRecording_cut.wav,4.0,0.0,0.0,2
30434903_MinPolqaSfbRecording_cut.wav,3.0,1.414213562,1.96,2
30171742_MinPolqaSfbRecording_cut.wav,4.0,0.0,0.0,2
30137135_MinPolqaSfbRecording_cut.wav,3.5,0.707106781,0.98,2
30126315_MinPolqaSfbRecording_cut.wav,3.5,2.121320344,2.94,2
30448584_MinPolqaSfbRecording_cut.wav,3.0,1.414213562,1.96,2
30206447_MinPolqaSfbRecording_cut.wav,4.0,0.0,0.0,2
30065277_MinPolqaSfbRecording_cut.wav,4.5,0.707106781,0.98,2
30453649_MinPolqaSfbRecording_cut.wav,5.0,0.0,0.0,2
30470583_MinPolqaSfbRecording_cut.wav,3.25,0.957427108,0.938278566,4
30134261_MinPolqaSfbRecording_cut.wav,1.5,0.577350269,0.565803264,4
30175110_MinPolqaSfbRecording_cut.wav,2.75,1.258305739,1.233139624,4
30195944_MinPolqaSfbRecording_cut.wav,3.0,1.154700538,1.131606528,4
30468746_MinPolqaSfbRecording_cut.wav,2.0,1.154700538,1.131606528,4
28108571_MinPolqaSfbRecording_cut.wav,4.0,0.816496581,0.800166649,4
30124902_MinPolqaSfbRecording_cut.wav,3.75,1.258305739,1.233139624,4
30154326_MinPolqaSfbRecording_cut.wav,3.5,1.0,0.98,4
30186143_MinPolqaSfbRecording_cut.wav,3.75,0.5,0.49,4
30108335_MinPolqaSfbRecording_cut.wav,3.75,0.5,0.49,4
30202026_MinPolqaSfbRecording_cut.wav,3.75,1.258305739,1.233139624,4
30096905_MinPolqaSfbRecording_cut.wav,3.0,1.154700538,1.131606528,4
28338534_MinPolqaSfbRecording_cut.wav,4.25,0.5,0.49,4
30171340_MinPolqaSfbRecording_cut.wav,2.5,1.290994449,1.26517456,4
30210754_MinPolqaSfbRecording_cut.wav,4.0,0.816496581,0.800166649,4
30412979_MinPolqaSfbRecording_cut.wav,3.25,1.258305739,1.233139624,4
30253430_MinPolqaSfbRecording_cut.wav,4.0,0.816496581,0.800166649,4
30454636_MinPolqaSfbRecording_cut.wav,3.25,0.957427108,0.938278566,4
30457990_MinPolqaSfbRecording_cut.wav,3.5,1.290994449,1.26517456,4
30422698_MinPolqaSfbRecording_cut.wav,3.25,1.5,1.47,4
30529245_MinPolqaSfbRecording_cut.wav,4.25,0.5,0.49,4
27699524_MinPolqaSfbRecording_cut.wav,4.25,0.5,0.49,4
30487840_MinPolqaSfbRecording_cut.wav,2.25,0.957427108,0.938278566,4
28675627_MinPolqaSfbRecording_cut.wav,3.0,0.0,0.0,2
30505147_MinPolqaSfbRecording_cut.wav,4.0,0.0,0.0,2
30132661_MinPolqaSfbRecording_cut.wav,4.5,0.707106781,0.98,2
29542111_MinPolqaSfbRecording_cut.wav,5.0,0.0,0.0,2
30161169_MinPolqaSfbRecording_cut.wav,3.5,0.707106781,0.98,2
30472635_MinPolqaSfbRecording_cut.wav,3.5,0.707106781,0.98,2
28313457_MinPolqaSfbRecording_cut.wav,4.5,0.707106781,0.98,2
29533800_MinPolqaSfbRecording_cut.wav,4.5,0.707106781,0.98,2
30407702_MinPolqaSfbRecording_cut.wav,1.75,1.5,1.47,4
30252232_MinPolqaSfbRecording_cut.wav,2.75,0.957427108,0.938278566,4
30482930_MinPolqaSfbRecording_cut.wav,2.5,1.290994449,1.26517456,4
30432720_MinPolqaSfbRecording_cut.wav,4.0,0.816496581,0.800166649,4
30497587_MinPolqaSfbRecording_cut.wav,3.0,0.816496581,0.800166649,4
27820278_MinPolqaSfbRecording_cut.wav,4.5,0.577350269,0.565803264,4
30076685_MinPolqaSfbRecording_cut.wav,3.75,1.258305739,1.233139624,4
30165370_MinPolqaSfbRecording_cut.wav,3.75,1.258305739,1.233139624,4
28482969_MinPolqaSfbRecording_cut.wav,3.25,0.957427108,0.938278566,4
27909133_MinPolqaSfbRecording_cut.wav,3.25,0.957427108,0.938278566,4
30410483_MinPolqaSfbRecording_cut.wav,3.25,1.5,1.47,4
30253433_MinPolqaSfbRecording_cut.wav,3.0,1.414213562,1.385929291,4
30436528_MinPolqaSfbRecording_cut.wav,2.5,1.290994449,1.26517456,4
30081814_MinPolqaSfbRecording_cut.wav,3.25,0.957427108,0.938278566,4
28852782_MinPolqaSfbRecording_cut.wav,4.0,0.816496581,0.800166649,4
30097335_MinPolqaSfbRecording_cut.wav,3.25,1.5,1.47,4
30161577_MinPolqaSfbRecording_cut.wav,3.25,0.957427108,0.938278566,4
30078497_MinPolqaSfbRecording_cut.wav,4.0,0.816496581,0.800166649,4
29536251_MinPolqaSfbRecording_cut.wav,3.0,1.414213562,1.385929291,4
30474581_MinPolqaSfbRecording_cut.wav,3.5,1.732050808,1.697409791,4
28858362_MinPolqaSfbRecording_cut.wav,4.0,0.0,0.0,4
30127064_MinPolqaSfbRecording_cut.wav,3.75,1.258305739,1.233139624,4
30258625_MinPolqaSfbRecording_cut.wav,3.5,1.290994449,1.26517456,4
30072956_MinPolqaSfbRecording_cut.wav,3.5,1.290994449,1.26517456,4
30255246_MinPolqaSfbRecording_cut.wav,3.75,0.957427108,0.938278566,4
28005455_MinPolqaSfbRecording_cut.wav,4.25,0.5,0.49,4
30449780_MinPolqaSfbRecording_cut.wav,3.5,0.577350269,0.565803264,4
30426684_MinPolqaSfbRecording_cut.wav,4.25,0.957427108,0.938278566,4
27802988_MinPolqaSfbRecording_cut.wav,4.5,0.577350269,0.565803264,4
30456889_MinPolqaSfbRecording_cut.wav,2.5,1.290994449,1.26517456,4
30455784_MinPolqaSfbRecording_cut.wav,2.0,1.414213562,1.385929291,4
30104612_MinPolqaSfbRecording_cut.wav,3.0,0.0,0.0,2
30192378_MinPolqaSfbRecording_cut.wav,2.0,0.0,0.0,2
30487193_MinPolqaSfbRecording_cut.wav,2.5,0.707106781,0.98,2
30111589_MinPolqaSfbRecording_cut.wav,3.5,0.707106781,0.98,2
30522216_MinPolqaSfbRecording_cut.wav,2.5,0.707106781,0.98,2
30411851_MinPolqaSfbRecording_cut.wav,3.0,0.0,0.0,2
30087300_MinPolqaSfbRecording_cut.wav,4.0,0.0,0.0,2
30472317_MinPolqaSfbRecording_cut.wav,3.5,0.707106781,0.98,2
28359780_MinPolqaSfbRecording_cut.wav,4.0,0.816496581,0.800166649,4
30531073_MinPolqaSfbRecording_cut.wav,1.25,0.5,0.49,4
27644462_MinPolqaSfbRecording_cut.wav,4.25,0.957427108,0.938278566,4
30201377_MinPolqaSfbRecording_cut.wav,1.5,0.577350269,0.565803264,4
30060404_MinPolqaSfbRecording_cut.wav,2.0,0.816496581,0.800166649,4
30406640_MinPolqaSfbRecording_cut.wav,2.5,1.0,0.98,4
30497189_MinPolqaSfbRecording_cut.wav,2.75,0.957427108,0.938278566,4
30133519_MinPolqaSfbRecording_cut.wav,2.25,1.258305739,1.233139624,4
30252417_MinPolqaSfbRecording_cut.wav,2.75,0.957427108,0.938278566,4
30468551_MinPolqaSfbRecording_cut.wav,1.4,0.547722558,0.48009999,5
29541945_MinPolqaSfbRecording_cut.wav,3.6,0.894427191,0.784,5
30070158_MinPolqaSfbRecording_cut.wav,3.4,1.140175425,0.999407825,5
30508151_MinPolqaSfbRecording_cut.wav,4.0,1.0,0.876538647,5
30183006_MinPolqaSfbRecording_cut.wav,1.4,0.547722558,0.48009999,5
30075994_MinPolqaSfbRecording_cut.wav,3.6,0.894427191,0.784,5
30446472_MinPolqaSfbRecording_cut.wav,2.4,1.140175425,0.999407825,5
28672479_MinPolqaSfbRecording_cut.wav,4.4,0.547722558,0.48009999,5
30421331_MinPolqaSfbRecording_cut.wav,1.6,0.894427191,0.784,5
30195629_MinPolqaSfbRecording_cut.wav,3.8,0.836660027,0.733364848,5
28158752_MinPolqaSfbRecording_cut.wav,3.6,0.894427191,0.784,5
30522488_MinPolqaSfbRecording_cut.wav,2.0,1.0,0.876538647,5
30154421_MinPolqaSfbRecording_cut.wav,1.0,0.0,0.0,5
30208813_MinPolqaSfbRecording_cut.wav,3.4,0.547722558,0.48009999,5
27667327_MinPolqaSfbRecording_cut.wav,3.8,0.836660027,0.733364848,5
28962423_MinPolqaSfbRecording_cut.wav,3.0,0.707106781,0.619806421,5
30162024_MinPolqaSfbRecording_cut.wav,1.4,0.547722558,0.48009999,5
30106430_MinPolqaSfbRecording_cut.wav,2.6,1.140175425,0.999407825,5
30089144_MinPolqaSfbRecording_cut.wav,2.5,0.707106781,0.98,2
30096581_MinPolqaSfbRecording_cut.wav,3.0,0.0,0.0,2
30482378_MinPolqaSfbRecording_cut.wav,4.0,0.0,0.0,2
30137447_MinPolqaSfbRecording_cut.wav,1.5,0.707106781,0.98,2
30181457_MinPolqaSfbRecording_cut.wav,3.0,0.0,0.0,2
30450226_MinPolqaSfbRecording_cut.wav,1.0,0.0,0.0,2
28775767_MinPolqaSfbRecording_cut.wav,4.5,0.707106781,0.98,2
30143707_MinPolqaSfbRecording_cut.wav,2.5,0.707106781,0.98,2
30119846_MinPolqaSfbRecording_cut.wav,3.4,1.140175425,0.999407825,5
30064132_MinPolqaSfbRecording_cut.wav,3.4,0.894427191,0.784,5
29542531_MinPolqaSfbRecording_cut.wav,3.6,0.547722558,0.48009999,5
30083534_MinPolqaSfbRecording_cut.wav,2.8,0.836660027,0.733364848,5
30468610_MinPolqaSfbRecording_cut.wav,3.6,1.140175425,0.999407825,5
27515938_MinPolqaSfbRecording_cut.wav,3.4,0.547722558,0.48009999,5
30523020_MinPolqaSfbRecording_cut.wav,2.8,1.095445115,0.960199979,5
28331726_MinPolqaSfbRecording_cut.wav,3.6,1.140175425,0.999407825,5
30083707_MinPolqaSfbRecording_cut.wav,2.666666667,1.154700538,1.306666667,3
28880867_MinPolqaSfbRecording_cut.wav,3.0,1.0,1.131606528,3
30489189_MinPolqaSfbRecording_cut.wav,3.0,1.732050808,1.96,3
30175098_MinPolqaSfbRecording_cut.wav,3.0,2.0,2.263213055,3
30194625_MinPolqaSfbRecording_cut.wav,4.0,1.0,1.131606528,3
29539780_MinPolqaSfbRecording_cut.wav,3.333333333,1.154700538,1.306666667,3
30126372_MinPolqaSfbRecording_cut.wav,4.0,1.0,1.131606528,3
28697562_MinPolqaSfbRecording_cut.wav,3.0,2.0,2.263213055,3
30186021_MinPolqaSfbRecording_cut.wav,3.0,1.732050808,1.96,3
28353918_MinPolqaSfbRecording_cut.wav,3.6,1.341640786,1.176,5
30440070_MinPolqaSfbRecording_cut.wav,3.4,1.516575089,1.329336677,5
28658384_MinPolqaSfbRecording_cut.wav,4.0,1.732050808,1.518209472,5
30086761_MinPolqaSfbRecording_cut.wav,2.2,0.836660027,0.733364848,5
30527067_MinPolqaSfbRecording_cut.wav,3.8,1.303840481,1.142866571,5
27669609_MinPolqaSfbRecording_cut.wav,2.2,0.836660027,0.733364848,5
28447196_MinPolqaSfbRecording_cut.wav,3.8,1.643167673,1.440299969,5
27940893_MinPolqaSfbRecording_cut.wav,4.8,0.447213595,0.392,5
28957101_MinPolqaSfbRecording_cut.wav,3.4,1.516575089,1.329336677,5
30488626_MinPolqaSfbRecording_cut.wav,3.0,1.414213562,1.239612843,5
30437302_MinPolqaSfbRecording_cut.wav,2.25,0.957427108,0.938278566,4
30178299_MinPolqaSfbRecording_cut.wav,2.0,0.0,0.0,4
30188919_MinPolqaSfbRecording_cut.wav,2.25,0.5,0.49,4
30151672_MinPolqaSfbRecording_cut.wav,2.75,0.957427108,0.938278566,4
30193052_MinPolqaSfbRecording_cut.wav,2.5,0.577350269,0.565803264,4
30479376_MinPolqaSfbRecording_cut.wav,2.5,0.577350269,0.565803264,4
30193156_MinPolqaSfbRecording_cut.wav,1.8,0.447213595,0.392,5
28996192_MinPolqaSfbRecording_cut.wav,2.8,0.447213595,0.392,5
30213174_MinPolqaSfbRecording_cut.wav,3.0,1.0,0.876538647,5
27673016_MinPolqaSfbRecording_cut.wav,3.4,0.547722558,0.48009999,5
28533973_MinPolqaSfbRecording_cut.wav,4.6,0.547722558,0.48009999,5
30087675_MinPolqaSfbRecording_cut.wav,2.6,0.894427191,0.784,5
27813589_MinPolqaSfbRecording_cut.wav,4.6,0.547722558,0.48009999,5
30406186_MinPolqaSfbRecording_cut.wav,3.0,0.0,0.0,5
30503101_MinPolqaSfbRecording_cut.wav,2.25,0.957427108,0.938278566,4
30409289_MinPolqaSfbRecording_cut.wav,2.0,1.414213562,1.385929291,4
30427543_MinPolqaSfbRecording_cut.wav,1.75,0.5,0.49,4
30126319_MinPolqaSfbRecording_cut.wav,2.0,0.816496581,0.800166649,4
27681794_MinPolqaSfbRecording_cut.wav,3.5,0.577350269,0.565803264,4
30198433_MinPolqaSfbRecording_cut.wav,2.5,1.290994449,1.26517456,4
30464371_MinPolqaSfbRecording_cut.wav,2.0,0.816496581,0.800166649,4
27516869_MinPolqaSfbRecording_cut.wav,3.75,0.5,0.49,4
30151488_MinPolqaSfbRecording_cut.wav,2.25,0.957427108,0.938278566,4
30516377_MinPolqaSfbRecording_cut.wav,3.2,1.483239697,1.300116918,5
27844058_MinPolqaSfbRecording_cut.wav,4.0,0.707106781,0.619806421,5
28533017_MinPolqaSfbRecording_cut.wav,3.0,1.0,0.876538647,5
30188938_MinPolqaSfbRecording_cut.wav,2.8,0.836660027,0.733364848,5
30465098_MinPolqaSfbRecording_cut.wav,3.0,1.224744871,1.073536213,5
30530104_MinPolqaSfbRecording_cut.wav,2.6,1.140175425,0.999407825,5
29534274_MinPolqaSfbRecording_cut.wav,3.4,0.894427191,0.784,5
30200271_MinPolqaSfbRecording_cut.wav,2.8,1.788854382,1.568,5
30098273_MinPolqaSfbRecording_cut.wav,3.0,1.0,0.876538647,5
27653370_MinPolqaSfbRecording_cut.wav,4.2,0.447213595,0.392,5
30254558_MinPolqaSfbRecording_cut.wav,2.8,1.483239697,1.300116918,5
30182164_MinPolqaSfbRecording_cut.wav,3.6,0.894427191,0.784,5
30522544_MinPolqaSfbRecording_cut.wav,4.0,1.0,0.876538647,5
30084959_MinPolqaSfbRecording_cut.wav,4.2,0.836660027,0.733364848,5
30192944_MinPolqaSfbRecording_cut.wav,3.6,0.894427191,0.784,5
30120188_MinPolqaSfbRecording_cut.wav,4.0,1.0,0.876538647,5
30424487_MinPolqaSfbRecording_cut.wav,3.6,0.894427191,0.784,5
29053223_MinPolqaSfbRecording_cut.wav,3.6,1.140175425,0.999407825,5
30098186_MinPolqaSfbRecording_cut.wav,2.666666667,2.081665999,2.355626833,3
30073298_MinPolqaSfbRecording_cut.wav,2.0,0.0,0.0,3
30102760_MinPolqaSfbRecording_cut.wav,3.0,1.0,1.131606528,3
30085789_MinPolqaSfbRecording_cut.wav,2.333333333,0.577350269,0.653333333,3
30522546_MinPolqaSfbRecording_cut.wav,3.333333333,0.577350269,0.653333333,3
29532704_MinPolqaSfbRecording_cut.wav,3.0,1.0,1.131606528,3
30102759_MinPolqaSfbRecording_cut.wav,3.0,1.0,1.131606528,3
30135866_MinPolqaSfbRecording_cut.wav,2.0,1.0,1.131606528,3
30171808_MinPolqaSfbRecording_cut.wav,3.333333333,0.577350269,0.653333333,3
30089966_MinPolqaSfbRecording_cut.wav,4.333333333,0.577350269,0.653333333,3
30085236_MinPolqaSfbRecording_cut.wav,2.666666667,0.577350269,0.653333333,3
30186276_MinPolqaSfbRecording_cut.wav,3.666666667,0.577350269,0.653333333,3
30199791_MinPolqaSfbRecording_cut.wav,3.333333333,0.577350269,0.653333333,3
30249608_MinPolqaSfbRecording_cut.wav,2.0,1.0,1.131606528,3
30171393_MinPolqaSfbRecording_cut.wav,2.0,1.0,1.131606528,3
27984968_MinPolqaSfbRecording_cut.wav,4.666666667,0.577350269,0.653333333,3
30159664_MinPolqaSfbRecording_cut.wav,2.5,0.577350269,0.565803264,4
30488770_MinPolqaSfbRecording_cut.wav,3.5,0.577350269,0.565803264,4
29536106_MinPolqaSfbRecording_cut.wav,2.0,0.816496581,0.800166649,4
30261163_MinPolqaSfbRecording_cut.wav,1.75,0.957427108,0.938278566,4
30103011_MinPolqaSfbRecording_cut.wav,3.0,0.0,0.0,4
30155743_MinPolqaSfbRecording_cut.wav,2.75,0.5,0.49,4
29530611_MinPolqaSfbRecording_cut.wav,3.75,0.5,0.49,4
30082316_MinPolqaSfbRecording_cut.wav,2.5,0.577350269,0.565803264,4
30135817_MinPolqaSfbRecording_cut.wav,2.8,1.483239697,1.300116918,5
30479422_MinPolqaSfbRecording_cut.wav,3.4,0.894427191,0.784,5
30198874_MinPolqaSfbRecording_cut.wav,2.0,1.732050808,1.518209472,5
30529712_MinPolqaSfbRecording_cut.wav,2.6,0.894427191,0.784,5
30180673_MinPolqaSfbRecording_cut.wav,3.4,0.894427191,0.784,5
30154743_MinPolqaSfbRecording_cut.wav,3.2,0.836660027,0.733364848,5
30406082_MinPolqaSfbRecording_cut.wav,2.8,1.303840481,1.142866571,5
30161164_MinPolqaSfbRecording_cut.wav,4.0,0.707106781,0.619806421,5
28057316_MinPolqaSfbRecording_cut.wav,2.25,0.957427108,0.938278566,4
30479121_MinPolqaSfbRecording_cut.wav,2.75,1.5,1.47,4
30462377_MinPolqaSfbRecording_cut.wav,3.75,0.957427108,0.938278566,4
30213982_MinPolqaSfbRecording_cut.wav,3.25,1.258305739,1.233139624,4
30258026_MinPolqaSfbRecording_cut.wav,1.5,0.577350269,0.565803264,4
30078818_MinPolqaSfbRecording_cut.wav,3.25,0.5,0.49,4
30061137_MinPolqaSfbRecording_cut.wav,4.5,0.577350269,0.565803264,4
28776483_MinPolqaSfbRecording_cut.wav,3.75,0.5,0.49,4
27932663_MinPolqaSfbRecording_cut.wav,3.5,0.577350269,0.565803264,4
30260293_MinPolqaSfbRecording_cut.wav,3.666666667,1.154700538,1.306666667,3
29529709_MinPolqaSfbRecording_cut.wav,2.333333333,0.577350269,0.653333333,3
28344639_MinPolqaSfbRecording_cut.wav,4.0,0.0,0.0,3
30423015_MinPolqaSfbRecording_cut.wav,2.333333333,0.577350269,0.653333333,3
30129600_MinPolqaSfbRecording_cut.wav,1.0,0.0,0.0,3
30092737_MinPolqaSfbRecording_cut.wav,3.333333333,0.577350269,0.653333333,3
30106589_MinPolqaSfbRecording_cut.wav,3.666666667,0.577350269,0.653333333,3
27940280_MinPolqaSfbRecording_cut.wav,2.0,1.0,1.131606528,3
27670910_MinPolqaSfbRecording_cut.wav,4.333333333,0.577350269,0.653333333,3
30141976_MinPolqaSfbRecording_cut.wav,2.666666667,0.577350269,0.653333333,3
30127494_MinPolqaSfbRecording_cut.wav,1.75,0.5,0.49,4
30523900_MinPolqaSfbRecording_cut.wav,2.5,0.577350269,0.565803264,4
30136208_MinPolqaSfbRecording_cut.wav,1.75,0.5,0.49,4
30122476_MinPolqaSfbRecording_cut.wav,3.0,0.816496581,0.800166649,4
30089151_MinPolqaSfbRecording_cut.wav,2.5,0.577350269,0.565803264,4
30090011_MinPolqaSfbRecording_cut.wav,2.5,0.577350269,0.565803264,4
30453174_MinPolqaSfbRecording_cut.wav,1.25,0.5,0.49,4
28752220_MinPolqaSfbRecording_cut.wav,4.0,0.707106781,0.619806421,5
30122877_MinPolqaSfbRecording_cut.wav,1.2,0.447213595,0.392,5
30178487_MinPolqaSfbRecording_cut.wav,3.8,0.447213595,0.392,5
30260328_MinPolqaSfbRecording_cut.wav,2.8,0.836660027,0.733364848,5
30070479_MinPolqaSfbRecording_cut.wav,1.2,0.447213595,0.392,5
30142558_MinPolqaSfbRecording_cut.wav,3.2,0.836660027,0.733364848,5
27591089_MinPolqaSfbRecording_cut.wav,4.0,0.816496581,0.800166649,4
30080853_MinPolqaSfbRecording_cut.wav,2.5,0.577350269,0.565803264,4
30464325_MinPolqaSfbRecording_cut.wav,3.75,0.5,0.49,4
30148315_MinPolqaSfbRecording_cut.wav,2.75,0.957427108,0.938278566,4
30467485_MinPolqaSfbRecording_cut.wav,3.25,1.258305739,1.233139624,4
30430476_MinPolqaSfbRecording_cut.wav,4.0,1.154700538,1.131606528,4
30471257_MinPolqaSfbRecording_cut.wav,3.75,0.5,0.49,4
28110860_MinPolqaSfbRecording_cut.wav,4.5,0.577350269,0.565803264,4
30123378_MinPolqaSfbRecording_cut.wav,3.0,1.0,1.131606528,3
30201470_MinPolqaSfbRecording_cut.wav,3.666666667,0.577350269,0.653333333,3
28525941_MinPolqaSfbRecording_cut.wav,3.666666667,0.577350269,0.653333333,3
30065002_MinPolqaSfbRecording_cut.wav,3.666666667,0.577350269,0.653333333,3
30188656_MinPolqaSfbRecording_cut.wav,3.333333333,0.577350269,0.653333333,3
30108316_MinPolqaSfbRecording_cut.wav,4.333333333,1.154700538,1.306666667,3
30065315_MinPolqaSfbRecording_cut.wav,4.0,1.0,1.131606528,3
29534481_MinPolqaSfbRecording_cut.wav,4.0,0.0,0.0,3
30146187_MinPolqaSfbRecording_cut.wav,2.0,1.0,1.131606528,3
30528993_MinPolqaSfbRecording_cut.wav,2.8,1.095445115,0.960199979,5
30466557_MinPolqaSfbRecording_cut.wav,3.6,1.516575089,1.329336677,5
30117797_MinPolqaSfbRecording_cut.wav,3.2,1.095445115,0.960199979,5
30109733_MinPolqaSfbRecording_cut.wav,4.0,0.707106781,0.619806421,5
30521168_MinPolqaSfbRecording_cut.wav,3.8,0.447213595,0.392,5
28907482_MinPolqaSfbRecording_cut.wav,3.6,0.894427191,0.784,5
30128435_MinPolqaSfbRecording_cut.wav,3.6,0.894427191,0.784,5
28179183_MinPolqaSfbRecording_cut.wav,3.4,0.547722558,0.48009999,5
30061054_MinPolqaSfbRecording_cut.wav,3.4,0.894427191,0.784,5
30081220_MinPolqaSfbRecording_cut.wav,2.6,1.341640786,1.176,5
30414192_MinPolqaSfbRecording_cut.wav,4.0,1.0,0.876538647,5
28715737_MinPolqaSfbRecording_cut.wav,3.8,0.836660027,0.733364848,5
28857220_MinPolqaSfbRecording_cut.wav,4.0,0.707106781,0.619806421,5
28785000_MinPolqaSfbRecording_cut.wav,3.6,0.547722558,0.48009999,5
30101231_MinPolqaSfbRecording_cut.wav,3.6,1.140175425,0.999407825,5
28772398_MinPolqaSfbRecording_cut.wav,3.8,0.447213595,0.392,5
28503864_MinPolqaSfbRecording_cut.wav,3.6,0.547722558,0.48009999,5
28288186_MinPolqaSfbRecording_cut.wav,4.2,0.447213595,0.392,5
28939477_MinPolqaSfbRecording_cut.wav,2.75,0.5,0.49,4
30183832_MinPolqaSfbRecording_cut.wav,2.75,0.5,0.49,4
30511445_MinPolqaSfbRecording_cut.wav,2.0,0.0,0.0,4
30157971_MinPolqaSfbRecording_cut.wav,4.25,0.5,0.49,4
30469267_MinPolqaSfbRecording_cut.wav,3.0,0.0,0.0,4
30416894_MinPolqaSfbRecording_cut.wav,4.25,0.5,0.49,4
30530207_MinPolqaSfbRecording_cut.wav,4.0,0.0,0.0,4
30204848_MinPolqaSfbRecording_cut.wav,4.0,0.0,0.0,4
30181065_MinPolqaSfbRecording_cut.wav,2.25,0.5,0.49,4
27877203_MinPolqaSfbRecording_cut.wav,4.0,1.0,1.131606528,3
30200843_MinPolqaSfbRecording_cut.wav,4.333333333,1.154700538,1.306666667,3
30412364_MinPolqaSfbRecording_cut.wav,2.333333333,1.527525232,1.728557523,3
30409793_MinPolqaSfbRecording_cut.wav,3.333333333,0.577350269,0.653333333,3
28307143_MinPolqaSfbRecording_cut.wav,3.666666667,1.527525232,1.728557523,3
29544138_MinPolqaSfbRecording_cut.wav,2.333333333,1.527525232,1.728557523,3
30416255_MinPolqaSfbRecording_cut.wav,1.333333333,0.577350269,0.653333333,3
28827188_MinPolqaSfbRecording_cut.wav,3.666666667,1.527525232,1.728557523,3
30058032_MinPolqaSfbRecording_cut.wav,4.0,0.0,0.0,2
30184229_MinPolqaSfbRecording_cut.wav,4.0,1.414213562,1.96,2
30437357_MinPolqaSfbRecording_cut.wav,4.5,0.707106781,0.98,2
30150515_MinPolqaSfbRecording_cut.wav,4.0,1.414213562,1.96,2
30477694_MinPolqaSfbRecording_cut.wav,3.0,0.0,0.0,2
27525727_MinPolqaSfbRecording_cut.wav,4.5,0.707106781,0.98,2
30497156_MinPolqaSfbRecording_cut.wav,3.0,1.414213562,1.96,2
30429039_MinPolqaSfbRecording_cut.wav,3.0,1.414213562,1.96,2
30520528_MinPolqaSfbRecording_cut.wav,3.5,0.577350269,0.565803264,4
30518749_MinPolqaSfbRecording_cut.wav,4.25,0.5,0.49,4
28339711_MinPolqaSfbRecording_cut.wav,4.25,0.957427108,0.938278566,4
30182193_MinPolqaSfbRecording_cut.wav,2.25,0.957427108,0.938278566,4
30531484_MinPolqaSfbRecording_cut.wav,2.5,0.577350269,0.565803264,4
30154789_MinPolqaSfbRecording_cut.wav,3.25,0.5,0.49,4
30470002_MinPolqaSfbRecording_cut.wav,4.5,0.577350269,0.565803264,4
30421041_MinPolqaSfbRecording_cut.wav,3.5,0.577350269,0.565803264,4
30506273_MinPolqaSfbRecording_cut.wav,2.25,0.5,0.49,4
30134204_MinPolqaSfbRecording_cut.wav,2.333333333,0.577350269,0.653333333,3
30254460_MinPolqaSfbRecording_cut.wav,3.666666667,0.577350269,0.653333333,3
30128089_MinPolqaSfbRecording_cut.wav,3.333333333,1.154700538,1.306666667,3
28106905_MinPolqaSfbRecording_cut.wav,3.333333333,0.577350269,0.653333333,3
30256214_MinPolqaSfbRecording_cut.wav,3.0,1.0,1.131606528,3
30473215_MinPolqaSfbRecording_cut.wav,1.333333333,0.577350269,0.653333333,3
30256223_MinPolqaSfbRecording_cut.wav,4.0,1.0,1.131606528,3
27696530_MinPolqaSfbRecording_cut.wav,4.75,0.5,0.49,4
28333130_MinPolqaSfbRecording_cut.wav,4.5,0.577350269,0.565803264,4
28051355_MinPolqaSfbRecording_cut.wav,4.25,0.957427108,0.938278566,4
28948260_MinPolqaSfbRecording_cut.wav,4.25,0.5,0.49,4
29535168_MinPolqaSfbRecording_cut.wav,2.75,1.5,1.47,4
29533307_MinPolqaSfbRecording_cut.wav,4.25,0.5,0.49,4
30251733_MinPolqaSfbRecording_cut.wav,2.0,2.0,1.96,4
30248973_MinPolqaSfbRecording_cut.wav,4.0,0.0,0.0,4
28167284_MinPolqaSfbRecording_cut.wav,4.5,1.0,0.98,4
30166345_MinPolqaSfbRecording_cut.wav,3.5,0.577350269,0.565803264,4
30133458_MinPolqaSfbRecording_cut.wav,3.25,0.957427108,0.938278566,4
30177467_MinPolqaSfbRecording_cut.wav,3.0,0.816496581,0.800166649,4
30400485_MinPolqaSfbRecording_cut.wav,2.25,1.258305739,1.233139624,4
28707640_MinPolqaSfbRecording_cut.wav,2.75,0.5,0.49,4
30407561_MinPolqaSfbRecording_cut.wav,3.25,0.957427108,0.938278566,4
30508082_MinPolqaSfbRecording_cut.wav,3.75,0.957427108,0.938278566,4
30147670_MinPolqaSfbRecording_cut.wav,2.0,1.414213562,1.385929291,4
30150722_MinPolqaSfbRecording_cut.wav,4.0,0.816496581,0.800166649,4
30251209_MinPolqaSfbRecording_cut.wav,3.75,0.957427108,0.938278566,4
30509112_MinPolqaSfbRecording_cut.wav,3.75,0.957427108,0.938278566,4
30061454_MinPolqaSfbRecording_cut.wav,2.5,1.732050808,1.697409791,4
30169230_MinPolqaSfbRecording_cut.wav,4.25,0.5,0.49,4
28165310_MinPolqaSfbRecording_cut.wav,4.0,0.816496581,0.800166649,4
30113139_MinPolqaSfbRecording_cut.wav,2.25,1.258305739,1.233139624,4
29531712_MinPolqaSfbRecording_cut.wav,3.25,1.5,1.47,4
30065676_MinPolqaSfbRecording_cut.wav,4.0,1.0,1.131606528,3
28020413_MinPolqaSfbRecording_cut.wav,4.333333333,1.154700538,1.306666667,3
30488675_MinPolqaSfbRecording_cut.wav,3.666666667,0.577350269,0.653333333,3
29544382_MinPolqaSfbRecording_cut.wav,4.0,1.0,1.131606528,3
28721354_MinPolqaSfbRecording_cut.wav,4.0,1.0,1.131606528,3
30171896_MinPolqaSfbRecording_cut.wav,3.333333333,1.527525232,1.728557523,3
30461857_MinPolqaSfbRecording_cut.wav,3.666666667,0.577350269,0.653333333,3
30147287_MinPolqaSfbRecording_cut.wav,3.4,0.547722558,0.48009999,5
30171689_MinPolqaSfbRecording_cut.wav,2.6,0.894427191,0.784,5
30186235_MinPolqaSfbRecording_cut.wav,3.6,0.894427191,0.784,5
30110643_MinPolqaSfbRecording_cut.wav,2.2,0.836660027,0.733364848,5
28418513_MinPolqaSfbRecording_cut.wav,3.8,0.836660027,0.733364848,5
27881974_MinPolqaSfbRecording_cut.wav,4.2,0.447213595,0.392,5
30513513_MinPolqaSfbRecording_cut.wav,3.4,0.894427191,0.784,5
30123430_MinPolqaSfbRecording_cut.wav,3.6,0.547722558,0.48009999,5
27900581_MinPolqaSfbRecording_cut.wav,4.2,0.836660027,0.733364848,5
30247814_MinPolqaSfbRecording_cut.wav,4.0,0.0,0.0,3
30212482_MinPolqaSfbRecording_cut.wav,3.666666667,0.577350269,0.653333333,3
30410113_MinPolqaSfbRecording_cut.wav,3.0,1.0,1.131606528,3
30249983_MinPolqaSfbRecording_cut.wav,2.0,1.0,1.131606528,3
30103530_MinPolqaSfbRecording_cut.wav,2.666666667,0.577350269,0.653333333,3
30438316_MinPolqaSfbRecording_cut.wav,2.666666667,1.154700538,1.306666667,3
30157391_MinPolqaSfbRecording_cut.wav,3.333333333,0.577350269,0.653333333,3
30068598_MinPolqaSfbRecording_cut.wav,3.6,0.894427191,0.784,5
30137512_MinPolqaSfbRecording_cut.wav,3.4,0.894427191,0.784,5
30504754_MinPolqaSfbRecording_cut.wav,3.0,0.707106781,0.619806421,5
28338665_MinPolqaSfbRecording_cut.wav,3.8,0.836660027,0.733364848,5
30144888_MinPolqaSfbRecording_cut.wav,2.6,0.894427191,0.784,5
30158388_MinPolqaSfbRecording_cut.wav,1.6,0.894427191,0.784,5
30061656_MinPolqaSfbRecording_cut.wav,3.4,1.140175425,0.999407825,5
28852005_MinPolqaSfbRecording_cut.wav,3.75,0.5,0.49,4
30063164_MinPolqaSfbRecording_cut.wav,2.75,0.957427108,0.938278566,4
30263784_MinPolqaSfbRecording_cut.wav,4.25,0.5,0.49,4
30431665_MinPolqaSfbRecording_cut.wav,3.75,0.957427108,0.938278566,4
30184692_MinPolqaSfbRecording_cut.wav,3.0,0.816496581,0.800166649,4
30092667_MinPolqaSfbRecording_cut.wav,3.5,0.577350269,0.565803264,4
30128106_MinPolqaSfbRecording_cut.wav,3.75,1.258305739,1.233139624,4
30421173_MinPolqaSfbRecording_cut.wav,4.25,0.5,0.49,4
30466440_MinPolqaSfbRecording_cut.wav,3.25,0.5,0.49,4
30157514_MinPolqaSfbRecording_cut.wav,3.2,1.095445115,0.960199979,5
30157138_MinPolqaSfbRecording_cut.wav,3.6,0.894427191,0.784,5
30530884_MinPolqaSfbRecording_cut.wav,4.0,0.707106781,0.619806421,5
30429121_MinPolqaSfbRecording_cut.wav,1.6,0.894427191,0.784,5
30084402_MinPolqaSfbRecording_cut.wav,2.0,0.707106781,0.619806421,5
30155463_MinPolqaSfbRecording_cut.wav,4.0,0.707106781,0.619806421,5
30141498_MinPolqaSfbRecording_cut.wav,1.2,0.447213595,0.392,5
28639578_MinPolqaSfbRecording_cut.wav,3.4,0.547722558,0.48009999,5
27725219_MinPolqaSfbRecording_cut.wav,3.6,0.547722558,0.48009999,5
28719418_MinPolqaSfbRecording_cut.wav,4.25,0.5,0.49,4
27931744_MinPolqaSfbRecording_cut.wav,3.5,1.290994449,1.26517456,4
30470070_MinPolqaSfbRecording_cut.wav,1.0,0.0,0.0,4
28257444_MinPolqaSfbRecording_cut.wav,4.5,1.0,0.98,4
30423850_MinPolqaSfbRecording_cut.wav,2.25,0.957427108,0.938278566,4
30071269_MinPolqaSfbRecording_cut.wav,2.5,1.290994449,1.26517456,4
30156450_MinPolqaSfbRecording_cut.wav,3.25,0.957427108,0.938278566,4
30400574_MinPolqaSfbRecording_cut.wav,3.5,0.577350269,0.565803264,4
29028538_MinPolqaSfbRecording_cut.wav,3.4,0.547722558,0.48009999,5
30084009_MinPolqaSfbRecording_cut.wav,1.0,0.0,0.0,5
29056968_MinPolqaSfbRecording_cut.wav,3.4,0.894427191,0.784,5
30192611_MinPolqaSfbRecording_cut.wav,2.8,0.447213595,0.392,5
30507198_MinPolqaSfbRecording_cut.wav,2.6,0.547722558,0.48009999,5
30469118_MinPolqaSfbRecording_cut.wav,4.2,0.447213595,0.392,5
27843702_MinPolqaSfbRecording_cut.wav,3.2,0.447213595,0.392,5
30468131_MinPolqaSfbRecording_cut.wav,1.6,0.547722558,0.48009999,5
30482198_MinPolqaSfbRecording_cut.wav,3.6,0.547722558,0.48009999,5
30206601_MinPolqaSfbRecording_cut.wav,3.6,0.547722558,0.48009999,5
30169490_MinPolqaSfbRecording_cut.wav,3.2,0.836660027,0.733364848,5
28530835_MinPolqaSfbRecording_cut.wav,4.0,1.224744871,1.073536213,5
30081490_MinPolqaSfbRecording_cut.wav,1.4,0.547722558,0.48009999,5
30512531_MinPolqaSfbRecording_cut.wav,2.8,1.303840481,1.142866571,5
30145115_MinPolqaSfbRecording_cut.wav,4.2,1.303840481,1.142866571,5
30503111_MinPolqaSfbRecording_cut.wav,3.8,1.095445115,0.960199979,5
28763607_MinPolqaSfbRecording_cut.wav,4.0,0.707106781,0.619806421,5
30105081_MinPolqaSfbRecording_cut.wav,2.2,0.836660027,0.733364848,5
30065199_MinPolqaSfbRecording_cut.wav,2.6,0.894427191,0.784,5
30062012_MinPolqaSfbRecording_cut.wav,3.0,1.224744871,1.073536213,5
30176409_MinPolqaSfbRecording_cut.wav,2.6,0.894427191,0.784,5
30100613_MinPolqaSfbRecording_cut.wav,1.2,0.447213595,0.392,5
30206643_MinPolqaSfbRecording_cut.wav,2.2,1.303840481,1.142866571,5
30469614_MinPolqaSfbRecording_cut.wav,3.2,0.836660027,0.733364848,5
30422841_MinPolqaSfbRecording_cut.wav,2.2,0.836660027,0.733364848,5
28179238_MinPolqaSfbRecording_cut.wav,1.5,0.577350269,0.565803264,4
30183606_MinPolqaSfbRecording_cut.wav,1.5,0.577350269,0.565803264,4
30523352_MinPolqaSfbRecording_cut.wav,1.5,0.577350269,0.565803264,4
27719329_MinPolqaSfbRecording_cut.wav,3.75,0.5,0.49,4
30463834_MinPolqaSfbRecording_cut.wav,4.0,0.0,0.0,4
30155547_MinPolqaSfbRecording_cut.wav,1.0,0.0,0.0,4
30143766_MinPolqaSfbRecording_cut.wav,2.5,0.577350269,0.565803264,4
30496478_MinPolqaSfbRecording_cut.wav,1.75,0.5,0.49,4
29543188_MinPolqaSfbRecording_cut.wav,3.75,0.5,0.49,4
29537545_MinPolqaSfbRecording_cut.wav,2.6,1.341640786,1.176,5
30417630_MinPolqaSfbRecording_cut.wav,3.0,1.58113883,1.385929291,5
30171344_MinPolqaSfbRecording_cut.wav,3.6,1.341640786,1.176,5
30068311_MinPolqaSfbRecording_cut.wav,3.8,0.836660027,0.733364848,5
27862473_MinPolqaSfbRecording_cut.wav,4.2,0.836660027,0.733364848,5
28634023_MinPolqaSfbRecording_cut.wav,4.2,0.447213595,0.392,5
30101110_MinPolqaSfbRecording_cut.wav,3.8,0.836660027,0.733364848,5
30504143_MinPolqaSfbRecording_cut.wav,2.4,1.949358869,1.708688386,5
30444117_MinPolqaSfbRecording_cut.wav,3.0,1.58113883,1.385929291,5
29537025_MinPolqaSfbRecording_cut.wav,2.2,0.836660027,0.733364848,5
30515607_MinPolqaSfbRecording_cut.wav,2.6,0.894427191,0.784,5
30402697_MinPolqaSfbRecording_cut.wav,3.4,0.547722558,0.48009999,5
28971657_MinPolqaSfbRecording_cut.wav,3.8,0.447213595,0.392,5
30155280_MinPolqaSfbRecording_cut.wav,2.8,0.447213595,0.392,5
30063059_MinPolqaSfbRecording_cut.wav,3.2,0.836660027,0.733364848,5
30089136_MinPolqaSfbRecording_cut.wav,3.8,0.447213595,0.392,5
30508377_MinPolqaSfbRecording_cut.wav,4.2,0.447213595,0.392,5
27767870_MinPolqaSfbRecording_cut.wav,3.8,0.447213595,0.392,5
28725839_MinPolqaSfbRecording_cut.wav,4.75,0.5,0.49,4
30099552_MinPolqaSfbRecording_cut.wav,3.75,1.5,1.47,4
30136240_MinPolqaSfbRecording_cut.wav,3.75,0.5,0.49,4
30068723_MinPolqaSfbRecording_cut.wav,2.5,1.914854216,1.876557131,4
30488286_MinPolqaSfbRecording_cut.wav,4.0,0.816496581,0.800166649,4
30098090_MinPolqaSfbRecording_cut.wav,4.0,1.154700538,1.131606528,4
30492072_MinPolqaSfbRecording_cut.wav,4.25,0.957427108,0.938278566,4
30442151_MinPolqaSfbRecording_cut.wav,3.25,1.5,1.47,4
28229317_MinPolqaSfbRecording_cut.wav,3.5,0.577350269,0.565803264,4
30428590_MinPolqaSfbRecording_cut.wav,2.5,0.577350269,0.565803264,4
30071892_MinPolqaSfbRecording_cut.wav,3.5,0.577350269,0.565803264,4
30489026_MinPolqaSfbRecording_cut.wav,3.5,0.577350269,0.565803264,4
30090138_MinPolqaSfbRecording_cut.wav,2.0,0.816496581,0.800166649,4
27780220_MinPolqaSfbRecording_cut.wav,3.5,0.577350269,0.565803264,4
30168521_MinPolqaSfbRecording_cut.wav,2.5,0.577350269,0.565803264,4
27580032_MinPolqaSfbRecording_cut.wav,4.2,0.836660027,0.733364848,5
28755702_MinPolqaSfbRecording_cut.wav,4.0,0.707106781,0.619806421,5
30416895_MinPolqaSfbRecording_cut.wav,4.2,0.447213595,0.392,5
30434936_MinPolqaSfbRecording_cut.wav,1.8,0.836660027,0.733364848,5
30135687_MinPolqaSfbRecording_cut.wav,3.8,1.095445115,0.960199979,5
30158198_MinPolqaSfbRecording_cut.wav,3.4,0.547722558,0.48009999,5
30186241_MinPolqaSfbRecording_cut.wav,3.2,0.447213595,0.392,5
30194732_MinPolqaSfbRecording_cut.wav,4.5,0.577350269,0.565803264,4
27641209_MinPolqaSfbRecording_cut.wav,4.5,0.577350269,0.565803264,4
30493910_MinPolqaSfbRecording_cut.wav,2.5,1.732050808,1.697409791,4
30142998_MinPolqaSfbRecording_cut.wav,4.25,0.957427108,0.938278566,4
30189810_MinPolqaSfbRecording_cut.wav,3.0,0.816496581,0.800166649,4
30135566_MinPolqaSfbRecording_cut.wav,3.0,1.632993162,1.600333299,4
28838438_MinPolqaSfbRecording_cut.wav,4.0,0.816496581,0.800166649,4
30108124_MinPolqaSfbRecording_cut.wav,4.0,0.816496581,0.800166649,4
27779062_MinPolqaSfbRecording_cut.wav,4.0,1.0,0.876538647,5
29029610_MinPolqaSfbRecording_cut.wav,4.0,1.0,0.876538647,5
30415443_MinPolqaSfbRecording_cut.wav,2.6,0.894427191,0.784,5
28994563_MinPolqaSfbRecording_cut.wav,3.8,0.836660027,0.733364848,5
30470000_MinPolqaSfbRecording_cut.wav,4.0,1.0,0.876538647,5
30123601_MinPolqaSfbRecording_cut.wav,4.6,0.547722558,0.48009999,5
30519555_MinPolqaSfbRecording_cut.wav,4.0,0.707106781,0.619806421,5
30466134_MinPolqaSfbRecording_cut.wav,2.8,0.836660027,0.733364848,5
30465792_MinPolqaSfbRecording_cut.wav,1.8,1.303840481,1.142866571,5
27786932_MinPolqaSfbRecording_cut.wav,3.4,0.894427191,0.784,5
30522155_MinPolqaSfbRecording_cut.wav,3.333333333,1.527525232,1.728557523,3
30093038_MinPolqaSfbRecording_cut.wav,2.0,0.0,0.0,3
30200785_MinPolqaSfbRecording_cut.wav,4.0,0.0,0.0,3
30173407_MinPolqaSfbRecording_cut.wav,2.0,1.0,1.131606528,3
30068511_MinPolqaSfbRecording_cut.wav,3.333333333,0.577350269,0.653333333,3
30118292_MinPolqaSfbRecording_cut.wav,1.666666667,0.577350269,0.653333333,3
28699914_MinPolqaSfbRecording_cut.wav,4.0,0.0,0.0,3
30062140_MinPolqaSfbRecording_cut.wav,2.333333333,0.577350269,0.653333333,3
30150697_MinPolqaSfbRecording_cut.wav,3.5,1.0,0.98,4
27950023_MinPolqaSfbRecording_cut.wav,3.5,0.577350269,0.565803264,4
27944972_MinPolqaSfbRecording_cut.wav,3.5,0.577350269,0.565803264,4
27513418_MinPolqaSfbRecording_cut.wav,4.5,0.577350269,0.565803264,4
28116240_MinPolqaSfbRecording_cut.wav,3.75,0.5,0.49,4
27649451_MinPolqaSfbRecording_cut.wav,4.25,0.5,0.49,4
27738792_MinPolqaSfbRecording_cut.wav,3.75,0.5,0.49,4
30105521_MinPolqaSfbRecording_cut.wav,3.5,0.577350269,0.565803264,4
30067730_MinPolqaSfbRecording_cut.wav,3.8,1.303840481,1.142866571,5
30079575_MinPolqaSfbRecording_cut.wav,3.8,1.095445115,0.960199979,5
30428067_MinPolqaSfbRecording_cut.wav,2.6,1.816590212,1.592311527,5
30172334_MinPolqaSfbRecording_cut.wav,2.4,1.516575089,1.329336677,5
30445913_MinPolqaSfbRecording_cut.wav,2.6,1.816590212,1.592311527,5
30148833_MinPolqaSfbRecording_cut.wav,3.2,1.303840481,1.142866571,5
30091368_MinPolqaSfbRecording_cut.wav,4.6,0.894427191,0.784,5
30152485_MinPolqaSfbRecording_cut.wav,3.6,1.341640786,1.176,5
30173237_MinPolqaSfbRecording_cut.wav,3.333333333,2.081665999,2.355626833,3
27774942_MinPolqaSfbRecording_cut.wav,4.666666667,0.577350269,0.653333333,3
30434952_MinPolqaSfbRecording_cut.wav,4.0,1.0,1.131606528,3
28342702_MinPolqaSfbRecording_cut.wav,4.333333333,0.577350269,0.653333333,3
30206568_MinPolqaSfbRecording_cut.wav,4.666666667,0.577350269,0.653333333,3
30147697_MinPolqaSfbRecording_cut.wav,2.666666667,1.527525232,1.728557523,3
30179225_MinPolqaSfbRecording_cut.wav,4.0,0.0,0.0,3
30469553_MinPolqaSfbRecording_cut.wav,1.5,0.577350269,0.565803264,4
30421334_MinPolqaSfbRecording_cut.wav,1.75,0.5,0.49,4
27879633_MinPolqaSfbRecording_cut.wav,4.0,0.816496581,0.800166649,4
28726200_MinPolqaSfbRecording_cut.wav,3.5,1.0,0.98,4
30527132_MinPolqaSfbRecording_cut.wav,1.75,0.5,0.49,4
30529105_MinPolqaSfbRecording_cut.wav,1.25,0.5,0.49,4
30407166_MinPolqaSfbRecording_cut.wav,4.0,0.816496581,0.800166649,4
29037108_MinPolqaSfbRecording_cut.wav,3.5,0.577350269,0.565803264,4
27771792_MinPolqaSfbRecording_cut.wav,3.6,0.547722558,0.48009999,5
30444800_MinPolqaSfbRecording_cut.wav,1.4,0.894427191,0.784,5
30185668_MinPolqaSfbRecording_cut.wav,2.2,0.447213595,0.392,5
30256866_MinPolqaSfbRecording_cut.wav,3.2,0.836660027,0.733364848,5
30103178_MinPolqaSfbRecording_cut.wav,3.0,0.707106781,0.619806421,5
30421057_MinPolqaSfbRecording_cut.wav,2.2,0.836660027,0.733364848,5
30126285_MinPolqaSfbRecording_cut.wav,3.8,0.447213595,0.392,5
30516062_MinPolqaSfbRecording_cut.wav,3.0,0.707106781,0.619806421,5
30496354_MinPolqaSfbRecording_cut.wav,2.2,1.303840481,1.142866571,5
30163781_MinPolqaSfbRecording_cut.wav,3.4,0.547722558,0.48009999,5
30154050_MinPolqaSfbRecording_cut.wav,4.4,0.547722558,0.48009999,5
30174608_MinPolqaSfbRecording_cut.wav,4.2,0.447213595,0.392,5
30248820_MinPolqaSfbRecording_cut.wav,3.8,0.447213595,0.392,5
30080192_MinPolqaSfbRecording_cut.wav,3.4,0.547722558,0.48009999,5
30148168_MinPolqaSfbRecording_cut.wav,3.0,0.0,0.0,5
30183365_MinPolqaSfbRecording_cut.wav,3.8,0.836660027,0.733364848,5
30450433_MinPolqaSfbRecording_cut.wav,3.0,1.0,1.131606528,3
30157032_MinPolqaSfbRecording_cut.wav,3.666666667,0.577350269,0.653333333,3
30162105_MinPolqaSfbRecording_cut.wav,3.333333333,1.154700538,1.306666667,3
30433675_MinPolqaSfbRecording_cut.wav,2.333333333,1.154700538,1.306666667,3
30509209_MinPolqaSfbRecording_cut.wav,3.0,1.0,1.131606528,3
30424856_MinPolqaSfbRecording_cut.wav,2.666666667,2.081665999,2.355626833,3
28942524_MinPolqaSfbRecording_cut.wav,4.333333333,1.154700538,1.306666667,3
28680230_MinPolqaSfbRecording_cut.wav,4.333333333,1.154700538,1.306666667,3
30423909_MinPolqaSfbRecording_cut.wav,3.333333333,0.577350269,0.653333333,3
30173995_MinPolqaSfbRecording_cut.wav,4.666666667,0.577350269,0.653333333,3
30165549_MinPolqaSfbRecording_cut.wav,4.0,1.732050808,1.518209472,5
28427207_MinPolqaSfbRecording_cut.wav,4.8,0.447213595,0.392,5
30162665_MinPolqaSfbRecording_cut.wav,2.6,1.140175425,0.999407825,5
30479096_MinPolqaSfbRecording_cut.wav,4.0,1.414213562,1.239612843,5
30200512_MinPolqaSfbRecording_cut.wav,3.2,1.483239697,1.300116918,5
30171860_MinPolqaSfbRecording_cut.wav,4.2,1.095445115,0.960199979,5
30192552_MinPolqaSfbRecording_cut.wav,3.4,1.673320053,1.466729696,5
30193181_MinPolqaSfbRecording_cut.wav,4.2,0.836660027,0.733364848,5
30085836_MinPolqaSfbRecording_cut.wav,1.666666667,1.154700538,1.306666667,3
30488552_MinPolqaSfbRecording_cut.wav,2.0,1.0,1.131606528,3
30062424_MinPolqaSfbRecording_cut.wav,3.333333333,2.081665999,2.355626833,3
30186225_MinPolqaSfbRecording_cut.wav,1.333333333,0.577350269,0.653333333,3
28519570_MinPolqaSfbRecording_cut.wav,3.0,2.0,2.263213055,3
30455932_MinPolqaSfbRecording_cut.wav,2.666666667,0.577350269,0.653333333,3
30151978_MinPolqaSfbRecording_cut.wav,3.666666667,0.577350269,0.653333333,3
30091452_MinPolqaSfbRecording_cut.wav,4.333333333,0.577350269,0.653333333,3
30059991_MinPolqaSfbRecording_cut.wav,4.0,1.0,1.131606528,3
30195022_MinPolqaSfbRecording_cut.wav,1.6,1.341640786,1.176,5
30140496_MinPolqaSfbRecording_cut.wav,2.6,0.894427191,0.784,5
29531204_MinPolqaSfbRecording_cut.wav,3.2,1.095445115,0.960199979,5
30437018_MinPolqaSfbRecording_cut.wav,2.6,1.516575089,1.329336677,5
30065342_MinPolqaSfbRecording_cut.wav,3.8,0.836660027,0.733364848,5
30177328_MinPolqaSfbRecording_cut.wav,3.75,0.5,0.49,4
30503068_MinPolqaSfbRecording_cut.wav,4.0,0.816496581,0.800166649,4
30090066_MinPolqaSfbRecording_cut.wav,3.75,0.957427108,0.938278566,4
30198247_MinPolqaSfbRecording_cut.wav,2.5,0.577350269,0.565803264,4
30069659_MinPolqaSfbRecording_cut.wav,3.75,1.258305739,1.233139624,4
30163406_MinPolqaSfbRecording_cut.wav,3.75,0.957427108,0.938278566,4
30163920_MinPolqaSfbRecording_cut.wav,3.5,1.290994449,1.26517456,4
30134426_MinPolqaSfbRecording_cut.wav,3.5,0.577350269,0.565803264,4
30161332_MinPolqaSfbRecording_cut.wav,3.6,0.894427191,0.784,5
30523353_MinPolqaSfbRecording_cut.wav,3.4,1.516575089,1.329336677,5
30458070_MinPolqaSfbRecording_cut.wav,4.0,1.0,0.876538647,5
30523785_MinPolqaSfbRecording_cut.wav,2.6,1.816590212,1.592311527,5
27746076_MinPolqaSfbRecording_cut.wav,4.0,1.224744871,1.073536213,5
30102091_MinPolqaSfbRecording_cut.wav,3.2,1.303840481,1.142866571,5
30148166_MinPolqaSfbRecording_cut.wav,3.4,1.140175425,0.999407825,5
30091509_MinPolqaSfbRecording_cut.wav,3.0,1.414213562,1.239612843,5
30147460_MinPolqaSfbRecording_cut.wav,3.0,0.816496581,0.800166649,4
30423886_MinPolqaSfbRecording_cut.wav,3.5,0.577350269,0.565803264,4
30522604_MinPolqaSfbRecording_cut.wav,4.75,0.5,0.49,4
27526149_MinPolqaSfbRecording_cut.wav,4.0,0.816496581,0.800166649,4
30117831_MinPolqaSfbRecording_cut.wav,2.0,1.414213562,1.385929291,4
30082586_MinPolqaSfbRecording_cut.wav,4.75,0.5,0.49,4
30470615_MinPolqaSfbRecording_cut.wav,2.5,1.914854216,1.876557131,4
30105585_MinPolqaSfbRecording_cut.wav,3.75,0.957427108,0.938278566,4
30157549_MinPolqaSfbRecording_cut.wav,3.75,0.5,0.49,4
30093195_MinPolqaSfbRecording_cut.wav,3.0,0.0,0.0,3
29532980_MinPolqaSfbRecording_cut.wav,3.0,1.0,1.131606528,3
28023162_MinPolqaSfbRecording_cut.wav,4.0,1.0,1.131606528,3
30436710_MinPolqaSfbRecording_cut.wav,2.666666667,2.081665999,2.355626833,3
30125539_MinPolqaSfbRecording_cut.wav,4.0,0.0,0.0,3
30428663_MinPolqaSfbRecording_cut.wav,2.666666667,1.154700538,1.306666667,3
30506226_MinPolqaSfbRecording_cut.wav,4.0,1.0,1.131606528,3
28971738_MinPolqaSfbRecording_cut.wav,4.8,0.447213595,0.392,5
27759451_MinPolqaSfbRecording_cut.wav,4.6,0.547722558,0.48009999,5
30184765_MinPolqaSfbRecording_cut.wav,3.2,0.447213595,0.392,5
30421836_MinPolqaSfbRecording_cut.wav,3.4,0.894427191,0.784,5
30436074_MinPolqaSfbRecording_cut.wav,2.6,1.140175425,0.999407825,5
30202565_MinPolqaSfbRecording_cut.wav,2.2,1.643167673,1.440299969,5
30100053_MinPolqaSfbRecording_cut.wav,4.0,0.707106781,0.619806421,5
28303998_MinPolqaSfbRecording_cut.wav,4.4,0.547722558,0.48009999,5
30207691_MinPolqaSfbRecording_cut.wav,2.8,1.303840481,1.142866571,5
30209500_MinPolqaSfbRecording_cut.wav,3.6,0.547722558,0.48009999,5
28023664_MinPolqaSfbRecording_cut.wav,3.6,0.547722558,0.48009999,5
28024417_MinPolqaSfbRecording_cut.wav,4.6,0.547722558,0.48009999,5
30189084_MinPolqaSfbRecording_cut.wav,3.0,0.707106781,0.619806421,5
30097492_MinPolqaSfbRecording_cut.wav,3.4,1.140175425,0.999407825,5
30103227_MinPolqaSfbRecording_cut.wav,3.0,1.224744871,1.073536213,5
30109538_MinPolqaSfbRecording_cut.wav,2.0,1.224744871,1.073536213,5
30177911_MinPolqaSfbRecording_cut.wav,4.0,1.224744871,1.073536213,5
30082314_MinPolqaSfbRecording_cut.wav,2.4,1.140175425,0.999407825,5
28473200_MinPolqaSfbRecording_cut.wav,3.4,1.140175425,0.999407825,5
30493552_MinPolqaSfbRecording_cut.wav,3.4,1.516575089,1.329336677,5
30252472_MinPolqaSfbRecording_cut.wav,2.2,1.095445115,0.960199979,5
28332245_MinPolqaSfbRecording_cut.wav,3.0,1.58113883,1.385929291,5
30065445_MinPolqaSfbRecording_cut.wav,3.2,1.095445115,0.960199979,5
27593759_MinPolqaSfbRecording_cut.wav,4.0,0.707106781,0.619806421,5
30464190_MinPolqaSfbRecording_cut.wav,1.6,0.894427191,0.784,5
28428084_MinPolqaSfbRecording_cut.wav,4.0,0.707106781,0.619806421,5
27870498_MinPolqaSfbRecording_cut.wav,3.25,1.5,1.47,4
30122766_MinPolqaSfbRecording_cut.wav,2.0,0.0,0.0,4
29530773_MinPolqaSfbRecording_cut.wav,2.5,0.577350269,0.565803264,4
30177306_MinPolqaSfbRecording_cut.wav,4.25,0.957427108,0.938278566,4
30160401_MinPolqaSfbRecording_cut.wav,4.25,0.5,0.49,4
30058842_MinPolqaSfbRecording_cut.wav,4.5,0.577350269,0.565803264,4
30141977_MinPolqaSfbRecording_cut.wav,3.0,0.0,0.0,4
28671937_MinPolqaSfbRecording_cut.wav,4.0,0.816496581,0.800166649,4
30159057_MinPolqaSfbRecording_cut.wav,3.25,0.957427108,0.938278566,4
30465893_MinPolqaSfbRecording_cut.wav,3.75,1.258305739,1.233139624,4
30466362_MinPolqaSfbRecording_cut.wav,2.75,0.957427108,0.938278566,4
30177901_MinPolqaSfbRecording_cut.wav,4.25,0.5,0.49,4
27967752_MinPolqaSfbRecording_cut.wav,3.75,1.258305739,1.233139624,4
30432891_MinPolqaSfbRecording_cut.wav,3.0,1.414213562,1.385929291,4
29531645_MinPolqaSfbRecording_cut.wav,2.0,2.0,1.96,4
30444318_MinPolqaSfbRecording_cut.wav,3.75,1.5,1.47,4
30060755_MinPolqaSfbRecording_cut.wav,2.2,0.836660027,0.733364848,5
30193346_MinPolqaSfbRecording_cut.wav,3.2,1.095445115,0.960199979,5
30432724_MinPolqaSfbRecording_cut.wav,3.2,0.836660027,0.733364848,5
30117866_MinPolqaSfbRecording_cut.wav,3.0,1.58113883,1.385929291,5
30470517_MinPolqaSfbRecording_cut.wav,3.6,1.140175425,0.999407825,5
30259596_MinPolqaSfbRecording_cut.wav,2.8,0.836660027,0.733364848,5
30262877_MinPolqaSfbRecording_cut.wav,3.4,0.547722558,0.48009999,5
30198113_MinPolqaSfbRecording_cut.wav,3.6,0.547722558,0.48009999,5
30524016_MinPolqaSfbRecording_cut.wav,3.6,1.140175425,0.999407825,5
30142545_MinPolqaSfbRecording_cut.wav,2.25,1.5,1.47,4
30461136_MinPolqaSfbRecording_cut.wav,1.75,1.5,1.47,4
28470152_MinPolqaSfbRecording_cut.wav,3.25,0.957427108,0.938278566,4
28501971_MinPolqaSfbRecording_cut.wav,3.75,0.5,0.49,4
28952180_MinPolqaSfbRecording_cut.wav,3.25,0.5,0.49,4
30105922_MinPolqaSfbRecording_cut.wav,2.5,1.290994449,1.26517456,4
28539383_MinPolqaSfbRecording_cut.wav,2.75,0.5,0.49,4
28191095_MinPolqaSfbRecording_cut.wav,3.25,0.957427108,0.938278566,4
29531408_MinPolqaSfbRecording_cut.wav,1.75,1.5,1.47,4
30148969_MinPolqaSfbRecording_cut.wav,3.25,1.5,1.47,4
27955439_MinPolqaSfbRecording_cut.wav,4.25,0.957427108,0.938278566,4
30105907_MinPolqaSfbRecording_cut.wav,3.25,0.5,0.49,4
28052551_MinPolqaSfbRecording_cut.wav,4.5,1.0,0.98,4
30253333_MinPolqaSfbRecording_cut.wav,3.75,0.5,0.49,4
30106933_MinPolqaSfbRecording_cut.wav,2.0,0.816496581,0.800166649,4
30058468_MinPolqaSfbRecording_cut.wav,3.5,0.577350269,0.565803264,4
30180385_MinPolqaSfbRecording_cut.wav,2.5,0.577350269,0.565803264,4
30067972_MinPolqaSfbRecording_cut.wav,3.5,1.290994449,1.26517456,4
30206594_MinPolqaSfbRecording_cut.wav,4.0,0.707106781,0.619806421,5
30491485_MinPolqaSfbRecording_cut.wav,2.6,1.516575089,1.329336677,5
30140807_MinPolqaSfbRecording_cut.wav,3.4,1.341640786,1.176,5
30150811_MinPolqaSfbRecording_cut.wav,3.8,0.447213595,0.392,5
30128931_MinPolqaSfbRecording_cut.wav,2.4,1.516575089,1.329336677,5
30067280_MinPolqaSfbRecording_cut.wav,3.0,1.0,0.876538647,5
30119955_MinPolqaSfbRecording_cut.wav,3.2,1.095445115,0.960199979,5
30133105_MinPolqaSfbRecording_cut.wav,4.5,0.577350269,0.565803264,4
30184520_MinPolqaSfbRecording_cut.wav,1.25,0.5,0.49,4
30142690_MinPolqaSfbRecording_cut.wav,3.0,0.816496581,0.800166649,4
30413474_MinPolqaSfbRecording_cut.wav,1.75,0.957427108,0.938278566,4
28010809_MinPolqaSfbRecording_cut.wav,4.0,0.816496581,0.800166649,4
30405387_MinPolqaSfbRecording_cut.wav,1.5,0.577350269,0.565803264,4
28154483_MinPolqaSfbRecording_cut.wav,3.25,0.5,0.49,4
28001445_MinPolqaSfbRecording_cut.wav,4.5,0.577350269,0.565803264,4
30164461_MinPolqaSfbRecording_cut.wav,3.0,0.816496581,0.800166649,4
30193308_MinPolqaSfbRecording_cut.wav,2.4,1.140175425,0.999407825,5
30520465_MinPolqaSfbRecording_cut.wav,3.2,0.447213595,0.392,5
30082512_MinPolqaSfbRecording_cut.wav,3.4,0.547722558,0.48009999,5
30096349_MinPolqaSfbRecording_cut.wav,3.0,0.707106781,0.619806421,5
28114981_MinPolqaSfbRecording_cut.wav,4.0,1.0,0.876538647,5
30444688_MinPolqaSfbRecording_cut.wav,2.8,0.447213595,0.392,5
30259711_MinPolqaSfbRecording_cut.wav,2.8,0.447213595,0.392,5
30184252_MinPolqaSfbRecording_cut.wav,3.0,2.0,2.263213055,3
30182746_MinPolqaSfbRecording_cut.wav,2.666666667,1.527525232,1.728557523,3
30136426_MinPolqaSfbRecording_cut.wav,2.666666667,2.081665999,2.355626833,3
30082315_MinPolqaSfbRecording_cut.wav,2.0,1.0,1.131606528,3
29532730_MinPolqaSfbRecording_cut.wav,3.666666667,0.577350269,0.653333333,3
30060098_MinPolqaSfbRecording_cut.wav,4.0,0.0,0.0,3
30254973_MinPolqaSfbRecording_cut.wav,2.666666667,2.081665999,2.355626833,3
30428253_MinPolqaSfbRecording_cut.wav,2.666666667,2.081665999,2.355626833,3
30113549_MinPolqaSfbRecording_cut.wav,2.5,1.0,0.98,4
30491539_MinPolqaSfbRecording_cut.wav,2.5,0.577350269,0.565803264,4
30425272_MinPolqaSfbRecording_cut.wav,3.25,0.5,0.49,4
30173241_MinPolqaSfbRecording_cut.wav,1.75,0.5,0.49,4
30147154_MinPolqaSfbRecording_cut.wav,2.75,0.957427108,0.938278566,4
30095573_MinPolqaSfbRecording_cut.wav,2.25,0.5,0.49,4
30106054_MinPolqaSfbRecording_cut.wav,2.75,0.957427108,0.938278566,4
27960720_MinPolqaSfbRecording_cut.wav,3.0,0.816496581,0.800166649,4
30475538_MinPolqaSfbRecording_cut.wav,2.25,0.5,0.49,4
29530214_MinPolqaSfbRecording_cut.wav,3.0,1.154700538,1.131606528,4
30102737_MinPolqaSfbRecording_cut.wav,4.25,0.957427108,0.938278566,4
28365418_MinPolqaSfbRecording_cut.wav,3.0,0.0,0.0,4
30523307_MinPolqaSfbRecording_cut.wav,2.0,0.816496581,0.800166649,4
27520824_MinPolqaSfbRecording_cut.wav,4.0,0.0,0.0,2
30142680_MinPolqaSfbRecording_cut.wav,2.0,0.0,0.0,2
30142970_MinPolqaSfbRecording_cut.wav,2.0,0.0,0.0,2
30118807_MinPolqaSfbRecording_cut.wav,3.5,0.707106781,0.98,2
30100121_MinPolqaSfbRecording_cut.wav,4.5,0.707106781,0.98,2
30249651_MinPolqaSfbRecording_cut.wav,2.0,0.0,0.0,2
30064939_MinPolqaSfbRecording_cut.wav,1.0,0.0,0.0,2
29534558_MinPolqaSfbRecording_cut.wav,1.0,0.0,0.0,2
30097593_MinPolqaSfbRecording_cut.wav,2.75,1.258305739,1.233139624,4
30255621_MinPolqaSfbRecording_cut.wav,3.5,0.577350269,0.565803264,4
28431801_MinPolqaSfbRecording_cut.wav,4.5,0.577350269,0.565803264,4
28691043_MinPolqaSfbRecording_cut.wav,3.0,1.154700538,1.131606528,4
30138900_MinPolqaSfbRecording_cut.wav,4.0,0.0,0.0,4
30161622_MinPolqaSfbRecording_cut.wav,2.75,0.957427108,0.938278566,4
30142652_MinPolqaSfbRecording_cut.wav,2.75,0.5,0.49,4
30510153_MinPolqaSfbRecording_cut.wav,3.0,1.632993162,1.600333299,4
30207920_MinPolqaSfbRecording_cut.wav,2.5,1.0,0.98,4
30257201_MinPolqaSfbRecording_cut.wav,1.25,0.5,0.49,4
30086531_MinPolqaSfbRecording_cut.wav,2.25,1.258305739,1.233139624,4
30468053_MinPolqaSfbRecording_cut.wav,2.5,1.0,0.98,4
27145926_MinPolqaSfbRecording_cut.wav,3.5,1.732050808,1.697409791,4
30485098_MinPolqaSfbRecording_cut.wav,3.0,1.632993162,1.600333299,4
30454652_MinPolqaSfbRecording_cut.wav,1.75,0.5,0.49,4
30251279_MinPolqaSfbRecording_cut.wav,3.0,1.0,1.131606528,3
28850324_MinPolqaSfbRecording_cut.wav,3.333333333,0.577350269,0.653333333,3
30519961_MinPolqaSfbRecording_cut.wav,4.333333333,0.577350269,0.653333333,3
30096328_MinPolqaSfbRecording_cut.wav,2.0,1.732050808,1.96,3
30402320_MinPolqaSfbRecording_cut.wav,2.666666667,1.154700538,1.306666667,3
28711061_MinPolqaSfbRecording_cut.wav,4.333333333,0.577350269,0.653333333,3
30496735_MinPolqaSfbRecording_cut.wav,3.0,1.0,1.131606528,3
28811193_MinPolqaSfbRecording_cut.wav,3.4,0.894427191,0.784,5
30403687_MinPolqaSfbRecording_cut.wav,2.4,0.547722558,0.48009999,5
30445187_MinPolqaSfbRecording_cut.wav,2.4,0.894427191,0.784,5
30514151_MinPolqaSfbRecording_cut.wav,2.4,0.894427191,0.784,5
30193711_MinPolqaSfbRecording_cut.wav,3.8,0.836660027,0.733364848,5
30080405_MinPolqaSfbRecording_cut.wav,3.0,1.0,0.876538647,5
30150410_MinPolqaSfbRecording_cut.wav,3.2,0.447213595,0.392,5
28241385_MinPolqaSfbRecording_cut.wav,3.8,0.836660027,0.733364848,5
30207161_MinPolqaSfbRecording_cut.wav,3.0,0.707106781,0.619806421,5
30404158_MinPolqaSfbRecording_cut.wav,3.666666667,0.577350269,0.653333333,3
30263194_MinPolqaSfbRecording_cut.wav,3.0,1.0,1.131606528,3
27924729_MinPolqaSfbRecording_cut.wav,3.333333333,0.577350269,0.653333333,3
30206525_MinPolqaSfbRecording_cut.wav,2.333333333,1.527525232,1.728557523,3
30522653_MinPolqaSfbRecording_cut.wav,2.333333333,1.527525232,1.728557523,3
30431663_MinPolqaSfbRecording_cut.wav,2.0,1.0,1.131606528,3
28179959_MinPolqaSfbRecording_cut.wav,2.333333333,0.577350269,0.653333333,3
30201549_MinPolqaSfbRecording_cut.wav,4.5,0.577350269,0.565803264,4
30519689_MinPolqaSfbRecording_cut.wav,3.25,0.5,0.49,4
28443940_MinPolqaSfbRecording_cut.wav,4.25,0.5,0.49,4
30159115_MinPolqaSfbRecording_cut.wav,4.5,0.577350269,0.565803264,4
29067122_MinPolqaSfbRecording_cut.wav,4.75,0.5,0.49,4
30098757_MinPolqaSfbRecording_cut.wav,4.75,0.5,0.49,4
30067649_MinPolqaSfbRecording_cut.wav,3.75,0.5,0.49,4
30122158_MinPolqaSfbRecording_cut.wav,3.0,1.0,1.131606528,3
30463791_MinPolqaSfbRecording_cut.wav,2.333333333,1.527525232,1.728557523,3
29533634_MinPolqaSfbRecording_cut.wav,1.666666667,0.577350269,0.653333333,3
30426249_MinPolqaSfbRecording_cut.wav,3.666666667,1.154700538,1.306666667,3
30147038_MinPolqaSfbRecording_cut.wav,3.333333333,0.577350269,0.653333333,3
30139339_MinPolqaSfbRecording_cut.wav,3.666666667,1.154700538,1.306666667,3
28129647_MinPolqaSfbRecording_cut.wav,3.333333333,0.577350269,0.653333333,3
30070917_MinPolqaSfbRecording_cut.wav,2.0,0.0,0.0,3
30509527_MinPolqaSfbRecording_cut.wav,3.0,1.0,1.131606528,3
27792084_MinPolqaSfbRecording_cut.wav,3.666666667,0.577350269,0.653333333,3
30107902_MinPolqaSfbRecording_cut.wav,4.333333333,0.577350269,0.653333333,3
30465241_MinPolqaSfbRecording_cut.wav,3.333333333,0.577350269,0.653333333,3
30150889_MinPolqaSfbRecording_cut.wav,2.666666667,0.577350269,0.653333333,3
30154775_MinPolqaSfbRecording_cut.wav,4.0,1.0,1.131606528,3
30411383_MinPolqaSfbRecording_cut.wav,3.333333333,0.577350269,0.653333333,3
30154927_MinPolqaSfbRecording_cut.wav,1.333333333,0.577350269,0.653333333,3
27967613_MinPolqaSfbRecording_cut.wav,4.0,0.0,0.0,3
30175683_MinPolqaSfbRecording_cut.wav,3.6,1.140175425,0.999407825,5
28970197_MinPolqaSfbRecording_cut.wav,4.4,0.894427191,0.784,5
30464222_MinPolqaSfbRecording_cut.wav,3.2,1.303840481,1.142866571,5
30424417_MinPolqaSfbRecording_cut.wav,3.6,0.547722558,0.48009999,5
30183413_MinPolqaSfbRecording_cut.wav,3.0,1.224744871,1.073536213,5
30406839_MinPolqaSfbRecording_cut.wav,3.6,1.140175425,0.999407825,5
30169229_MinPolqaSfbRecording_cut.wav,4.0,0.707106781,0.619806421,5
28636800_MinPolqaSfbRecording_cut.wav,4.6,0.547722558,0.48009999,5
30405557_MinPolqaSfbRecording_cut.wav,2.0,0.0,0.0,3
29544157_MinPolqaSfbRecording_cut.wav,3.666666667,1.154700538,1.306666667,3
27747941_MinPolqaSfbRecording_cut.wav,4.333333333,1.154700538,1.306666667,3
30457001_MinPolqaSfbRecording_cut.wav,3.666666667,0.577350269,0.653333333,3
30147133_MinPolqaSfbRecording_cut.wav,3.333333333,0.577350269,0.653333333,3
30480551_MinPolqaSfbRecording_cut.wav,4.333333333,0.577350269,0.653333333,3
28733760_MinPolqaSfbRecording_cut.wav,3.666666667,0.577350269,0.653333333,3
30204213_MinPolqaSfbRecording_cut.wav,2.0,1.0,1.131606528,3
28352825_MinPolqaSfbRecording_cut.wav,3.333333333,0.577350269,0.653333333,3
30061763_MinPolqaSfbRecording_cut.wav,3.0,1.414213562,1.385929291,4
30136993_MinPolqaSfbRecording_cut.wav,3.25,0.957427108,0.938278566,4
30198636_MinPolqaSfbRecording_cut.wav,3.0,1.414213562,1.385929291,4
30086605_MinPolqaSfbRecording_cut.wav,3.5,0.577350269,0.565803264,4
30213089_MinPolqaSfbRecording_cut.wav,3.5,0.577350269,0.565803264,4
28867863_MinPolqaSfbRecording_cut.wav,3.5,1.0,0.98,4
30426496_MinPolqaSfbRecording_cut.wav,3.5,1.290994449,1.26517456,4
30061045_MinPolqaSfbRecording_cut.wav,3.0,1.632993162,1.600333299,4
30460796_MinPolqaSfbRecording_cut.wav,1.75,0.5,0.49,4
28057993_MinPolqaSfbRecording_cut.wav,3.5,0.577350269,0.565803264,4
30403859_MinPolqaSfbRecording_cut.wav,2.75,0.5,0.49,4
30515730_MinPolqaSfbRecording_cut.wav,3.5,0.577350269,0.565803264,4
30119689_MinPolqaSfbRecording_cut.wav,3.5,0.577350269,0.565803264,4
30489439_MinPolqaSfbRecording_cut.wav,2.75,0.5,0.49,4
30483408_MinPolqaSfbRecording_cut.wav,4.0,0.816496581,0.800166649,4
30175127_MinPolqaSfbRecording_cut.wav,2.75,1.707825128,1.673668625,4
28515134_MinPolqaSfbRecording_cut.wav,3.75,1.258305739,1.233139624,4
30424347_MinPolqaSfbRecording_cut.wav,3.25,0.5,0.49,4
30090343_MinPolqaSfbRecording_cut.wav,3.75,1.258305739,1.233139624,4
28790321_MinPolqaSfbRecording_cut.wav,2.75,0.957427108,0.938278566,4
30112271_MinPolqaSfbRecording_cut.wav,1.75,1.5,1.47,4
30136588_MinPolqaSfbRecording_cut.wav,2.5,1.0,0.98,4
30134399_MinPolqaSfbRecording_cut.wav,3.0,0.816496581,0.800166649,4
30469871_MinPolqaSfbRecording_cut.wav,4.0,0.816496581,0.800166649,4
30461647_MinPolqaSfbRecording_cut.wav,2.5,1.732050808,1.697409791,4
29530486_MinPolqaSfbRecording_cut.wav,4.25,0.957427108,0.938278566,4
30481994_MinPolqaSfbRecording_cut.wav,3.5,0.577350269,0.565803264,4
30443348_MinPolqaSfbRecording_cut.wav,3.5,0.577350269,0.565803264,4
30464566_MinPolqaSfbRecording_cut.wav,2.75,1.5,1.47,4
30108377_MinPolqaSfbRecording_cut.wav,3.5,1.290994449,1.26517456,4
30426344_MinPolqaSfbRecording_cut.wav,4.0,1.414213562,1.385929291,4
30516846_MinPolqaSfbRecording_cut.wav,4.0,1.154700538,1.131606528,4
28709409_MinPolqaSfbRecording_cut.wav,4.5,0.577350269,0.565803264,4
28797562_MinPolqaSfbRecording_cut.wav,5.0,0.0,0.0,2
30179077_MinPolqaSfbRecording_cut.wav,4.0,0.0,0.0,2
29537618_MinPolqaSfbRecording_cut.wav,2.5,0.707106781,0.98,2
30065450_MinPolqaSfbRecording_cut.wav,3.0,1.414213562,1.96,2
30129144_MinPolqaSfbRecording_cut.wav,4.0,0.0,0.0,2
30098431_MinPolqaSfbRecording_cut.wav,3.0,1.414213562,1.96,2
30513295_MinPolqaSfbRecording_cut.wav,3.0,1.414213562,1.96,2
30480510_MinPolqaSfbRecording_cut.wav,2.5,2.121320344,2.94,2
30067047_MinPolqaSfbRecording_cut.wav,3.5,0.707106781,0.98,2
30095506_MinPolqaSfbRecording_cut.wav,4.0,0.0,0.0,2
30175917_MinPolqaSfbRecording_cut.wav,2.75,1.258305739,1.233139624,4
30170692_MinPolqaSfbRecording_cut.wav,4.25,0.5,0.49,4
30175677_MinPolqaSfbRecording_cut.wav,4.0,0.816496581,0.800166649,4
29544302_MinPolqaSfbRecording_cut.wav,4.0,0.0,0.0,4
30149330_MinPolqaSfbRecording_cut.wav,3.75,0.957427108,0.938278566,4
30144026_MinPolqaSfbRecording_cut.wav,4.0,0.816496581,0.800166649,4
30475034_MinPolqaSfbRecording_cut.wav,4.5,0.577350269,0.565803264,4
30444027_MinPolqaSfbRecording_cut.wav,4.25,0.957427108,0.938278566,4
29032908_MinPolqaSfbRecording_cut.wav,4.25,0.5,0.49,4
27914357_MinPolqaSfbRecording_cut.wav,4.0,0.816496581,0.800166649,4
28658499_MinPolqaSfbRecording_cut.wav,4.75,0.5,0.49,4
30118399_MinPolqaSfbRecording_cut.wav,1.5,0.577350269,0.565803264,4
30527877_MinPolqaSfbRecording_cut.wav,3.75,1.258305739,1.233139624,4
28101975_MinPolqaSfbRecording_cut.wav,3.75,0.957427108,0.938278566,4
30206515_MinPolqaSfbRecording_cut.wav,3.25,0.957427108,0.938278566,4
30428725_MinPolqaSfbRecording_cut.wav,2.5,0.577350269,0.565803264,4
30261871_MinPolqaSfbRecording_cut.wav,2.75,1.258305739,1.233139624,4
30493929_MinPolqaSfbRecording_cut.wav,3.6,0.547722558,0.48009999,5
30502481_MinPolqaSfbRecording_cut.wav,4.4,0.547722558,0.48009999,5
30403752_MinPolqaSfbRecording_cut.wav,3.0,1.414213562,1.239612843,5
30122382_MinPolqaSfbRecording_cut.wav,3.8,1.095445115,0.960199979,5
28840903_MinPolqaSfbRecording_cut.wav,4.0,1.0,0.876538647,5
30076020_MinPolqaSfbRecording_cut.wav,3.8,1.095445115,0.960199979,5
30148826_MinPolqaSfbRecording_cut.wav,3.4,1.341640786,1.176,5
30408833_MinPolqaSfbRecording_cut.wav,3.4,1.341640786,1.176,5
28816914_MinPolqaSfbRecording_cut.wav,3.6,0.894427191,0.784,5
29041694_MinPolqaSfbRecording_cut.wav,4.4,0.547722558,0.48009999,5
30193220_MinPolqaSfbRecording_cut.wav,1.666666667,0.577350269,0.653333333,3
30478576_MinPolqaSfbRecording_cut.wav,1.666666667,1.154700538,1.306666667,3
30516396_MinPolqaSfbRecording_cut.wav,2.666666667,0.577350269,0.653333333,3
28433982_MinPolqaSfbRecording_cut.wav,3.0,1.0,1.131606528,3
28360249_MinPolqaSfbRecording_cut.wav,4.0,1.0,1.131606528,3
30083046_MinPolqaSfbRecording_cut.wav,3.666666667,0.577350269,0.653333333,3
30176855_MinPolqaSfbRecording_cut.wav,2.333333333,0.577350269,0.653333333,3
30133449_MinPolqaSfbRecording_cut.wav,1.666666667,0.577350269,0.653333333,3
28896488_MinPolqaSfbRecording_cut.wav,3.0,1.0,1.131606528,3
27728954_MinPolqaSfbRecording_cut.wav,3.75,1.258305739,1.233139624,4
30434083_MinPolqaSfbRecording_cut.wav,3.25,1.5,1.47,4
28336051_MinPolqaSfbRecording_cut.wav,3.75,0.5,0.49,4
30417240_MinPolqaSfbRecording_cut.wav,3.25,0.957427108,0.938278566,4
30508934_MinPolqaSfbRecording_cut.wav,4.25,0.5,0.49,4
30247810_MinPolqaSfbRecording_cut.wav,3.75,1.258305739,1.233139624,4
28153712_MinPolqaSfbRecording_cut.wav,3.25,0.957427108,0.938278566,4
28748783_MinPolqaSfbRecording_cut.wav,3.75,0.957427108,0.938278566,4
30463009_MinPolqaSfbRecording_cut.wav,2.25,0.957427108,0.938278566,4
30411420_MinPolqaSfbRecording_cut.wav,2.75,0.957427108,0.938278566,4
29530615_MinPolqaSfbRecording_cut.wav,1.5,0.577350269,0.565803264,4
27604206_MinPolqaSfbRecording_cut.wav,3.25,0.957427108,0.938278566,4
29541575_MinPolqaSfbRecording_cut.wav,3.0,1.414213562,1.385929291,4
30120326_MinPolqaSfbRecording_cut.wav,3.75,0.957427108,0.938278566,4
30059808_MinPolqaSfbRecording_cut.wav,3.75,0.957427108,0.938278566,4
30178646_MinPolqaSfbRecording_cut.wav,1.75,0.5,0.49,4
30210899_MinPolqaSfbRecording_cut.wav,3.25,0.957427108,0.938278566,4
30206496_MinPolqaSfbRecording_cut.wav,2.75,0.957427108,0.938278566,4
30069865_MinPolqaSfbRecording_cut.wav,3.4,0.547722558,0.48009999,5
28172035_MinPolqaSfbRecording_cut.wav,4.2,0.447213595,0.392,5
30162617_MinPolqaSfbRecording_cut.wav,3.6,1.140175425,0.999407825,5
27756785_MinPolqaSfbRecording_cut.wav,4.6,0.547722558,0.48009999,5
30254524_MinPolqaSfbRecording_cut.wav,3.2,0.836660027,0.733364848,5
30152553_MinPolqaSfbRecording_cut.wav,2.4,0.547722558,0.48009999,5
30211925_MinPolqaSfbRecording_cut.wav,3.6,0.894427191,0.784,5
27905415_MinPolqaSfbRecording_cut.wav,3.8,1.303840481,1.142866571,5
30509445_MinPolqaSfbRecording_cut.wav,2.8,0.836660027,0.733364848,5
29028431_MinPolqaSfbRecording_cut.wav,4.0,0.816496581,0.800166649,4
30184268_MinPolqaSfbRecording_cut.wav,2.75,0.957427108,0.938278566,4
27920438_MinPolqaSfbRecording_cut.wav,4.25,0.5,0.49,4
30098239_MinPolqaSfbRecording_cut.wav,3.0,1.825741858,1.789227021,4
30100265_MinPolqaSfbRecording_cut.wav,2.75,2.061552813,2.020321757,4
30132606_MinPolqaSfbRecording_cut.wav,3.0,0.816496581,0.800166649,4
30427535_MinPolqaSfbRecording_cut.wav,3.25,1.5,1.47,4
30185763_MinPolqaSfbRecording_cut.wav,2.75,0.957427108,0.938278566,4
28038049_MinPolqaSfbRecording_cut.wav,3.75,0.957427108,0.938278566,4
30159834_MinPolqaSfbRecording_cut.wav,3.25,2.061552813,2.020321757,4
29530918_MinPolqaSfbRecording_cut.wav,4.5,0.577350269,0.565803264,4
30176656_MinPolqaSfbRecording_cut.wav,1.0,0.0,0.0,4
30150861_MinPolqaSfbRecording_cut.wav,3.5,0.577350269,0.565803264,4
28193013_MinPolqaSfbRecording_cut.wav,4.25,0.5,0.49,4
30092346_MinPolqaSfbRecording_cut.wav,3.0,0.816496581,0.800166649,4
27586159_MinPolqaSfbRecording_cut.wav,4.25,0.957427108,0.938278566,4
30179101_MinPolqaSfbRecording_cut.wav,2.5,0.577350269,0.565803264,4
30446491_MinPolqaSfbRecording_cut.wav,2.0,0.816496581,0.800166649,4
30259203_MinPolqaSfbRecording_cut.wav,2.5,0.577350269,0.565803264,4
30486653_MinPolqaSfbRecording_cut.wav,2.2,1.303840481,1.142866571,5
30109351_MinPolqaSfbRecording_cut.wav,3.2,1.095445115,0.960199979,5
27905257_MinPolqaSfbRecording_cut.wav,4.4,0.547722558,0.48009999,5
30432677_MinPolqaSfbRecording_cut.wav,3.8,0.836660027,0.733364848,5
30099850_MinPolqaSfbRecording_cut.wav,3.8,1.303840481,1.142866571,5
30110595_MinPolqaSfbRecording_cut.wav,4.6,0.547722558,0.48009999,5
30108426_MinPolqaSfbRecording_cut.wav,2.5,1.290994449,1.26517456,4
30076850_MinPolqaSfbRecording_cut.wav,2.75,0.957427108,0.938278566,4
27942491_MinPolqaSfbRecording_cut.wav,4.25,0.5,0.49,4
30101038_MinPolqaSfbRecording_cut.wav,4.0,0.816496581,0.800166649,4
30448476_MinPolqaSfbRecording_cut.wav,4.0,0.0,0.0,4
30462383_MinPolqaSfbRecording_cut.wav,3.75,0.5,0.49,4
30067429_MinPolqaSfbRecording_cut.wav,3.5,0.577350269,0.565803264,4
30250566_MinPolqaSfbRecording_cut.wav,3.4,1.140175425,0.999407825,5
29539635_MinPolqaSfbRecording_cut.wav,3.6,1.341640786,1.176,5
30155825_MinPolqaSfbRecording_cut.wav,3.8,1.095445115,0.960199979,5
30255198_MinPolqaSfbRecording_cut.wav,4.2,1.303840481,1.142866571,5
30169780_MinPolqaSfbRecording_cut.wav,3.4,0.894427191,0.784,5
30104635_MinPolqaSfbRecording_cut.wav,3.8,1.303840481,1.142866571,5
30141599_MinPolqaSfbRecording_cut.wav,3.8,1.303840481,1.142866571,5
30177934_MinPolqaSfbRecording_cut.wav,4.0,0.816496581,0.800166649,4
30213658_MinPolqaSfbRecording_cut.wav,4.0,1.154700538,1.131606528,4
30141419_MinPolqaSfbRecording_cut.wav,3.5,0.577350269,0.565803264,4
30151843_MinPolqaSfbRecording_cut.wav,2.75,1.258305739,1.233139624,4
30081873_MinPolqaSfbRecording_cut.wav,2.0,0.816496581,0.800166649,4
30186148_MinPolqaSfbRecording_cut.wav,3.25,0.957427108,0.938278566,4
30069977_MinPolqaSfbRecording_cut.wav,2.25,0.957427108,0.938278566,4
30065135_MinPolqaSfbRecording_cut.wav,3.25,0.957427108,0.938278566,4
30147610_MinPolqaSfbRecording_cut.wav,3.5,0.577350269,0.565803264,4
30165222_MinPolqaSfbRecording_cut.wav,1.0,0.0,0.0,3
30470972_MinPolqaSfbRecording_cut.wav,1.666666667,0.577350269,0.653333333,3
28522120_MinPolqaSfbRecording_cut.wav,3.333333333,0.577350269,0.653333333,3
30487287_MinPolqaSfbRecording_cut.wav,2.333333333,0.577350269,0.653333333,3
28247559_MinPolqaSfbRecording_cut.wav,4.333333333,0.577350269,0.653333333,3
30508636_MinPolqaSfbRecording_cut.wav,2.666666667,0.577350269,0.653333333,3
30195083_MinPolqaSfbRecording_cut.wav,2.666666667,1.154700538,1.306666667,3
30065737_MinPolqaSfbRecording_cut.wav,3.0,1.0,1.131606528,3
30103852_MinPolqaSfbRecording_cut.wav,3.0,0.0,0.0,3
28553941_MinPolqaSfbRecording_cut.wav,3.333333333,0.577350269,0.653333333,3
28798074_MinPolqaSfbRecording_cut.wav,4.0,1.0,1.131606528,3
30522937_MinPolqaSfbRecording_cut.wav,4.666666667,0.577350269,0.653333333,3
28823548_MinPolqaSfbRecording_cut.wav,4.0,0.0,0.0,3
27897167_MinPolqaSfbRecording_cut.wav,3.333333333,0.577350269,0.653333333,3
29539525_MinPolqaSfbRecording_cut.wav,2.666666667,1.527525232,1.728557523,3
28233350_MinPolqaSfbRecording_cut.wav,3.666666667,1.154700538,1.306666667,3
28888599_MinPolqaSfbRecording_cut.wav,2.666666667,1.154700538,1.306666667,3
30520200_MinPolqaSfbRecording_cut.wav,2.333333333,1.527525232,1.728557523,3
27771266_MinPolqaSfbRecording_cut.wav,5.0,0.0,0.0,3
30195549_MinPolqaSfbRecording_cut.wav,4.666666667,0.577350269,0.653333333,3
30429574_MinPolqaSfbRecording_cut.wav,2.333333333,1.527525232,1.728557523,3
30423299_MinPolqaSfbRecording_cut.wav,3.666666667,1.154700538,1.306666667,3
28090591_MinPolqaSfbRecording_cut.wav,3.666666667,0.577350269,0.653333333,3
30150361_MinPolqaSfbRecording_cut.wav,3.0,1.0,1.131606528,3
28153895_MinPolqaSfbRecording_cut.wav,4.333333333,0.577350269,0.653333333,3
29534325_MinPolqaSfbRecording_cut.wav,3.666666667,0.577350269,0.653333333,3
30066759_MinPolqaSfbRecording_cut.wav,2.25,1.5,1.47,4
29535096_MinPolqaSfbRecording_cut.wav,3.25,2.061552813,2.020321757,4
30438070_MinPolqaSfbRecording_cut.wav,3.0,2.309401077,2.263213055,4
30492182_MinPolqaSfbRecording_cut.wav,4.0,1.154700538,1.131606528,4
27779780_MinPolqaSfbRecording_cut.wav,3.75,1.258305739,1.233139624,4
28342264_MinPolqaSfbRecording_cut.wav,3.5,1.290994449,1.26517456,4
30127167_MinPolqaSfbRecording_cut.wav,3.5,1.290994449,1.26517456,4
28206473_MinPolqaSfbRecording_cut.wav,3.8,1.303840481,1.142866571,5
30185915_MinPolqaSfbRecording_cut.wav,4.0,1.0,0.876538647,5
30136237_MinPolqaSfbRecording_cut.wav,3.6,1.516575089,1.329336677,5
27714859_MinPolqaSfbRecording_cut.wav,4.2,0.836660027,0.733364848,5
30152385_MinPolqaSfbRecording_cut.wav,3.4,1.341640786,1.176,5
27705578_MinPolqaSfbRecording_cut.wav,4.0,1.0,0.876538647,5
28870212_MinPolqaSfbRecording_cut.wav,4.4,0.894427191,0.784,5
30067194_MinPolqaSfbRecording_cut.wav,3.0,1.0,0.876538647,5
28177224_MinPolqaSfbRecording_cut.wav,3.333333333,0.577350269,0.653333333,3
29541063_MinPolqaSfbRecording_cut.wav,2.666666667,0.577350269,0.653333333,3
30213072_MinPolqaSfbRecording_cut.wav,3.0,0.0,0.0,3
30205513_MinPolqaSfbRecording_cut.wav,2.333333333,0.577350269,0.653333333,3
30150092_MinPolqaSfbRecording_cut.wav,2.666666667,0.577350269,0.653333333,3
30409937_MinPolqaSfbRecording_cut.wav,4.333333333,1.154700538,1.306666667,3
30185570_MinPolqaSfbRecording_cut.wav,3.666666667,0.577350269,0.653333333,3
28646043_MinPolqaSfbRecording_cut.wav,3.666666667,0.577350269,0.653333333,3
30468549_MinPolqaSfbRecording_cut.wav,2.5,1.290994449,1.26517456,4
30164671_MinPolqaSfbRecording_cut.wav,3.5,1.290994449,1.26517456,4
30261162_MinPolqaSfbRecording_cut.wav,2.5,1.290994449,1.26517456,4
28146757_MinPolqaSfbRecording_cut.wav,4.0,0.816496581,0.800166649,4
30468555_MinPolqaSfbRecording_cut.wav,2.75,0.957427108,0.938278566,4
30104375_MinPolqaSfbRecording_cut.wav,4.25,0.5,0.49,4
30409231_MinPolqaSfbRecording_cut.wav,3.75,0.957427108,0.938278566,4
30118383_MinPolqaSfbRecording_cut.wav,4.0,0.0,0.0,4
30194670_MinPolqaSfbRecording_cut.wav,3.0,1.154700538,1.131606528,4
30250790_MinPolqaSfbRecording_cut.wav,3.0,1.825741858,1.789227021,4
30492188_MinPolqaSfbRecording_cut.wav,4.5,0.577350269,0.565803264,4
30135151_MinPolqaSfbRecording_cut.wav,4.0,1.414213562,1.385929291,4
27788493_MinPolqaSfbRecording_cut.wav,4.75,0.5,0.49,4
30251740_MinPolqaSfbRecording_cut.wav,3.75,1.892969449,1.85511006,4
30426682_MinPolqaSfbRecording_cut.wav,4.25,0.957427108,0.938278566,4
30096964_MinPolqaSfbRecording_cut.wav,3.5,1.732050808,1.697409791,4
30133940_MinPolqaSfbRecording_cut.wav,4.25,0.957427108,0.938278566,4
30173683_MinPolqaSfbRecording_cut.wav,2.2,1.095445115,0.960199979,5
28597170_MinPolqaSfbRecording_cut.wav,3.6,1.673320053,1.466729696,5
30213034_MinPolqaSfbRecording_cut.wav,3.0,1.224744871,1.073536213,5
28232656_MinPolqaSfbRecording_cut.wav,3.4,1.516575089,1.329336677,5
30085064_MinPolqaSfbRecording_cut.wav,3.2,1.483239697,1.300116918,5
27585898_MinPolqaSfbRecording_cut.wav,3.2,1.643167673,1.440299969,5
30097768_MinPolqaSfbRecording_cut.wav,3.2,1.483239697,1.300116918,5
30518912_MinPolqaSfbRecording_cut.wav,3.0,1.224744871,1.073536213,5
30486769_MinPolqaSfbRecording_cut.wav,1.4,0.894427191,0.784,5
30123185_MinPolqaSfbRecording_cut.wav,3.25,0.5,0.49,4
30247713_MinPolqaSfbRecording_cut.wav,3.25,0.5,0.49,4
30161070_MinPolqaSfbRecording_cut.wav,1.5,1.0,0.98,4
30460926_MinPolqaSfbRecording_cut.wav,2.25,0.5,0.49,4
30086788_MinPolqaSfbRecording_cut.wav,3.5,0.577350269,0.565803264,4
28337856_MinPolqaSfbRecording_cut.wav,3.5,1.290994449,1.26517456,4
30469943_MinPolqaSfbRecording_cut.wav,3.0,0.0,0.0,4
27674271_MinPolqaSfbRecording_cut.wav,4.25,0.5,0.49,4
30137570_MinPolqaSfbRecording_cut.wav,2.5,0.577350269,0.565803264,4
27913908_MinPolqaSfbRecording_cut.wav,3.5,0.577350269,0.565803264,4
28235272_MinPolqaSfbRecording_cut.wav,4.75,0.5,0.49,4
30073152_MinPolqaSfbRecording_cut.wav,3.5,1.0,0.98,4
29023523_MinPolqaSfbRecording_cut.wav,4.25,0.5,0.49,4
30075232_MinPolqaSfbRecording_cut.wav,3.75,0.5,0.49,4
30250292_MinPolqaSfbRecording_cut.wav,4.0,1.414213562,1.385929291,4
27670642_MinPolqaSfbRecording_cut.wav,4.25,0.957427108,0.938278566,4
30520799_MinPolqaSfbRecording_cut.wav,4.25,0.5,0.49,4
30193341_MinPolqaSfbRecording_cut.wav,4.5,0.577350269,0.565803264,4
30117909_MinPolqaSfbRecording_cut.wav,4.25,0.957427108,0.938278566,4
30172249_MinPolqaSfbRecording_cut.wav,4.25,0.5,0.49,4
30078974_MinPolqaSfbRecording_cut.wav,3.0,0.816496581,0.800166649,4
28193667_MinPolqaSfbRecording_cut.wav,4.5,0.577350269,0.565803264,4
30506459_MinPolqaSfbRecording_cut.wav,4.0,0.816496581,0.800166649,4
30170686_MinPolqaSfbRecording_cut.wav,4.0,0.816496581,0.800166649,4
28046449_MinPolqaSfbRecording_cut.wav,4.5,0.577350269,0.565803264,4
30081190_MinPolqaSfbRecording_cut.wav,3.5,0.577350269,0.565803264,4
28080383_MinPolqaSfbRecording_cut.wav,4.25,0.957427108,0.938278566,4
30068052_MinPolqaSfbRecording_cut.wav,3.5,0.577350269,0.565803264,4
30124444_MinPolqaSfbRecording_cut.wav,3.666666667,1.527525232,1.728557523,3
30080282_MinPolqaSfbRecording_cut.wav,2.0,1.0,1.131606528,3
30469092_MinPolqaSfbRecording_cut.wav,2.0,1.0,1.131606528,3
30080758_MinPolqaSfbRecording_cut.wav,1.333333333,0.577350269,0.653333333,3
28984979_MinPolqaSfbRecording_cut.wav,3.0,1.0,1.131606528,3
30445900_MinPolqaSfbRecording_cut.wav,1.333333333,0.577350269,0.653333333,3
30149000_MinPolqaSfbRecording_cut.wav,3.666666667,1.154700538,1.306666667,3
27735456_MinPolqaSfbRecording_cut.wav,4.333333333,0.577350269,0.653333333,3
30433891_MinPolqaSfbRecording_cut.wav,3.5,1.290994449,1.26517456,4
27937006_MinPolqaSfbRecording_cut.wav,4.0,1.414213562,1.385929291,4
30131954_MinPolqaSfbRecording_cut.wav,3.75,0.957427108,0.938278566,4
28536486_MinPolqaSfbRecording_cut.wav,4.25,0.957427108,0.938278566,4
29539725_MinPolqaSfbRecording_cut.wav,3.75,1.258305739,1.233139624,4
30148573_MinPolqaSfbRecording_cut.wav,2.75,1.5,1.47,4
30406725_MinPolqaSfbRecording_cut.wav,2.25,1.5,1.47,4
30119342_MinPolqaSfbRecording_cut.wav,3.75,0.5,0.49,4
30068477_MinPolqaSfbRecording_cut.wav,3.5,1.732050808,1.697409791,4
30214003_MinPolqaSfbRecording_cut.wav,3.5,1.290994449,1.26517456,4
30147545_MinPolqaSfbRecording_cut.wav,4.0,0.816496581,0.800166649,4
28048870_MinPolqaSfbRecording_cut.wav,3.75,0.5,0.49,4
30100562_MinPolqaSfbRecording_cut.wav,3.25,0.957427108,0.938278566,4
30148374_MinPolqaSfbRecording_cut.wav,2.75,1.5,1.47,4
30118134_MinPolqaSfbRecording_cut.wav,2.0,1.224744871,1.073536213,5
30484824_MinPolqaSfbRecording_cut.wav,2.4,1.140175425,0.999407825,5
30149860_MinPolqaSfbRecording_cut.wav,2.6,0.547722558,0.48009999,5
30140813_MinPolqaSfbRecording_cut.wav,2.6,0.547722558,0.48009999,5
30208398_MinPolqaSfbRecording_cut.wav,2.0,1.224744871,1.073536213,5
30097695_MinPolqaSfbRecording_cut.wav,3.0,0.707106781,0.619806421,5
30411188_MinPolqaSfbRecording_cut.wav,2.8,0.836660027,0.733364848,5
28268046_MinPolqaSfbRecording_cut.wav,3.0,1.0,0.876538647,5
30180210_MinPolqaSfbRecording_cut.wav,2.5,1.290994449,1.26517456,4
30427407_MinPolqaSfbRecording_cut.wav,2.0,0.816496581,0.800166649,4
30410449_MinPolqaSfbRecording_cut.wav,2.0,0.816496581,0.800166649,4
30091899_MinPolqaSfbRecording_cut.wav,2.0,0.816496581,0.800166649,4
30129729_MinPolqaSfbRecording_cut.wav,1.75,0.957427108,0.938278566,4
30422437_MinPolqaSfbRecording_cut.wav,1.75,0.957427108,0.938278566,4
30247698_MinPolqaSfbRecording_cut.wav,3.5,1.0,0.98,4
30137023_MinPolqaSfbRecording_cut.wav,2.25,0.957427108,0.938278566,4
30171434_MinPolqaSfbRecording_cut.wav,3.75,0.5,0.49,4
30122844_MinPolqaSfbRecording_cut.wav,3.0,1.414213562,1.385929291,4
27864282_MinPolqaSfbRecording_cut.wav,4.75,0.5,0.49,4
30106409_MinPolqaSfbRecording_cut.wav,4.5,0.577350269,0.565803264,4
27880260_MinPolqaSfbRecording_cut.wav,4.75,0.5,0.49,4
30140700_MinPolqaSfbRecording_cut.wav,3.25,0.957427108,0.938278566,4
30506919_MinPolqaSfbRecording_cut.wav,4.25,0.957427108,0.938278566,4
30423195_MinPolqaSfbRecording_cut.wav,3.0,0.816496581,0.800166649,4
30188232_MinPolqaSfbRecording_cut.wav,2.75,1.258305739,1.233139624,4
30437730_MinPolqaSfbRecording_cut.wav,2.5,1.290994449,1.26517456,4
30518965_MinPolqaSfbRecording_cut.wav,3.25,0.957427108,0.938278566,4
30469029_MinPolqaSfbRecording_cut.wav,2.25,1.892969449,1.85511006,4
30506608_MinPolqaSfbRecording_cut.wav,2.75,1.5,1.47,4
30503031_MinPolqaSfbRecording_cut.wav,2.5,1.290994449,1.26517456,4
30436216_MinPolqaSfbRecording_cut.wav,3.0,1.632993162,1.600333299,4
30064415_MinPolqaSfbRecording_cut.wav,3.0,1.414213562,1.385929291,4
30129106_MinPolqaSfbRecording_cut.wav,2.75,0.5,0.49,4
30122613_MinPolqaSfbRecording_cut.wav,2.5,0.577350269,0.565803264,4
30096594_MinPolqaSfbRecording_cut.wav,2.4,1.140175425,0.999407825,5
30090095_MinPolqaSfbRecording_cut.wav,3.8,0.836660027,0.733364848,5
30104144_MinPolqaSfbRecording_cut.wav,3.6,0.547722558,0.48009999,5
28873105_MinPolqaSfbRecording_cut.wav,3.4,1.140175425,0.999407825,5
30091415_MinPolqaSfbRecording_cut.wav,2.8,0.836660027,0.733364848,5
30066803_MinPolqaSfbRecording_cut.wav,1.8,0.447213595,0.392,5
28334654_MinPolqaSfbRecording_cut.wav,3.8,0.836660027,0.733364848,5
29533384_MinPolqaSfbRecording_cut.wav,3.8,0.836660027,0.733364848,5
30471471_MinPolqaSfbRecording_cut.wav,4.0,0.816496581,0.800166649,4
30071425_MinPolqaSfbRecording_cut.wav,4.25,0.5,0.49,4
28142825_MinPolqaSfbRecording_cut.wav,4.25,0.5,0.49,4
30483839_MinPolqaSfbRecording_cut.wav,3.0,1.154700538,1.131606528,4
28942923_MinPolqaSfbRecording_cut.wav,3.75,0.5,0.49,4
30180184_MinPolqaSfbRecording_cut.wav,2.75,0.957427108,0.938278566,4
29539696_MinPolqaSfbRecording_cut.wav,3.0,1.632993162,1.600333299,4
30157412_MinPolqaSfbRecording_cut.wav,2.75,2.061552813,2.020321757,4
30444801_MinPolqaSfbRecording_cut.wav,2.5,1.732050808,1.697409791,4
30258041_MinPolqaSfbRecording_cut.wav,3.2,0.836660027,0.733364848,5
29532812_MinPolqaSfbRecording_cut.wav,2.8,0.836660027,0.733364848,5
30172181_MinPolqaSfbRecording_cut.wav,1.0,0.0,0.0,5
30465386_MinPolqaSfbRecording_cut.wav,1.0,0.0,0.0,5
30067738_MinPolqaSfbRecording_cut.wav,4.0,1.224744871,1.073536213,5
30188865_MinPolqaSfbRecording_cut.wav,1.6,0.547722558,0.48009999,5
28345435_MinPolqaSfbRecording_cut.wav,4.2,0.836660027,0.733364848,5
30113917_MinPolqaSfbRecording_cut.wav,3.6,1.140175425,0.999407825,5
30528341_MinPolqaSfbRecording_cut.wav,3.4,0.894427191,0.784,5
30434063_MinPolqaSfbRecording_cut.wav,4.0,0.0,0.0,3
30112279_MinPolqaSfbRecording_cut.wav,3.0,1.732050808,1.96,3
30206609_MinPolqaSfbRecording_cut.wav,4.0,1.0,1.131606528,3
29017141_MinPolqaSfbRecording_cut.wav,4.0,0.0,0.0,3
29534250_MinPolqaSfbRecording_cut.wav,4.666666667,0.577350269,0.653333333,3
30406528_MinPolqaSfbRecording_cut.wav,4.333333333,0.577350269,0.653333333,3
30421658_MinPolqaSfbRecording_cut.wav,3.333333333,0.577350269,0.653333333,3
28328421_MinPolqaSfbRecording_cut.wav,4.666666667,0.577350269,0.653333333,3
30166476_MinPolqaSfbRecording_cut.wav,4.0,0.0,0.0,3
30529230_MinPolqaSfbRecording_cut.wav,3.75,0.5,0.49,4
30212609_MinPolqaSfbRecording_cut.wav,2.5,1.290994449,1.26517456,4
30527581_MinPolqaSfbRecording_cut.wav,4.0,0.0,0.0,4
30196199_MinPolqaSfbRecording_cut.wav,3.0,0.816496581,0.800166649,4
27876825_MinPolqaSfbRecording_cut.wav,3.75,0.5,0.49,4
28090496_MinPolqaSfbRecording_cut.wav,4.75,0.5,0.49,4
27980503_MinPolqaSfbRecording_cut.wav,4.0,0.816496581,0.800166649,4
28985337_MinPolqaSfbRecording_cut.wav,3.5,0.577350269,0.565803264,4
30063524_MinPolqaSfbRecording_cut.wav,2.4,0.547722558,0.48009999,5
30147486_MinPolqaSfbRecording_cut.wav,3.6,1.140175425,0.999407825,5
28177346_MinPolqaSfbRecording_cut.wav,3.8,0.447213595,0.392,5
30067583_MinPolqaSfbRecording_cut.wav,2.8,0.836660027,0.733364848,5
30210883_MinPolqaSfbRecording_cut.wav,2.8,0.836660027,0.733364848,5
30454032_MinPolqaSfbRecording_cut.wav,2.8,1.303840481,1.142866571,5
28889316_MinPolqaSfbRecording_cut.wav,3.6,0.547722558,0.48009999,5
28418880_MinPolqaSfbRecording_cut.wav,4.2,0.836660027,0.733364848,5
30138279_MinPolqaSfbRecording_cut.wav,2.2,1.643167673,1.440299969,5
30487305_MinPolqaSfbRecording_cut.wav,2.0,1.224744871,1.073536213,5
30138158_MinPolqaSfbRecording_cut.wav,3.0,1.825741858,1.789227021,4
30511945_MinPolqaSfbRecording_cut.wav,3.5,1.732050808,1.697409791,4
27885960_MinPolqaSfbRecording_cut.wav,4.25,1.5,1.47,4
30261149_MinPolqaSfbRecording_cut.wav,3.5,1.732050808,1.697409791,4
30063483_MinPolqaSfbRecording_cut.wav,2.75,1.5,1.47,4
28928160_MinPolqaSfbRecording_cut.wav,3.25,1.707825128,1.673668625,4
30193318_MinPolqaSfbRecording_cut.wav,4.25,1.5,1.47,4
30141489_MinPolqaSfbRecording_cut.wav,2.25,1.5,1.47,4
30161688_MinPolqaSfbRecording_cut.wav,3.5,1.290994449,1.26517456,4
30108323_MinPolqaSfbRecording_cut.wav,3.75,1.258305739,1.233139624,4
28943782_MinPolqaSfbRecording_cut.wav,4.0,0.816496581,0.800166649,4
30439774_MinPolqaSfbRecording_cut.wav,4.0,1.154700538,1.131606528,4
30149473_MinPolqaSfbRecording_cut.wav,3.25,0.957427108,0.938278566,4
30514088_MinPolqaSfbRecording_cut.wav,3.5,1.290994449,1.26517456,4
30078911_MinPolqaSfbRecording_cut.wav,3.5,1.0,0.98,4
30452133_MinPolqaSfbRecording_cut.wav,3.75,1.5,1.47,4
30252479_MinPolqaSfbRecording_cut.wav,2.25,0.957427108,0.938278566,4
30088836_MinPolqaSfbRecording_cut.wav,2.5,1.290994449,1.26517456,4
27675252_MinPolqaSfbRecording_cut.wav,4.0,0.816496581,0.800166649,4
30486345_MinPolqaSfbRecording_cut.wav,3.25,1.258305739,1.233139624,4
30166493_MinPolqaSfbRecording_cut.wav,4.25,0.957427108,0.938278566,4
28838429_MinPolqaSfbRecording_cut.wav,3.5,1.290994449,1.26517456,4
27766309_MinPolqaSfbRecording_cut.wav,3.5,1.0,0.98,4
30100867_MinPolqaSfbRecording_cut.wav,2.25,1.258305739,1.233139624,4
29543966_MinPolqaSfbRecording_cut.wav,3.25,0.957427108,0.938278566,4
30148386_MinPolqaSfbRecording_cut.wav,2.75,0.5,0.49,4
30523885_MinPolqaSfbRecording_cut.wav,3.6,0.894427191,0.784,5
30519756_MinPolqaSfbRecording_cut.wav,2.0,1.414213562,1.239612843,5
30469099_MinPolqaSfbRecording_cut.wav,4.0,1.0,0.876538647,5
30505896_MinPolqaSfbRecording_cut.wav,3.4,0.547722558,0.48009999,5
30464858_MinPolqaSfbRecording_cut.wav,3.6,0.547722558,0.48009999,5
30484300_MinPolqaSfbRecording_cut.wav,4.8,0.447213595,0.392,5
30096584_MinPolqaSfbRecording_cut.wav,3.0,1.224744871,1.073536213,5
30156114_MinPolqaSfbRecording_cut.wav,3.5,0.577350269,0.565803264,4
29532726_MinPolqaSfbRecording_cut.wav,4.5,0.577350269,0.565803264,4
30173937_MinPolqaSfbRecording_cut.wav,2.0,1.414213562,1.385929291,4
30171843_MinPolqaSfbRecording_cut.wav,2.0,1.414213562,1.385929291,4
30073062_MinPolqaSfbRecording_cut.wav,3.25,0.957427108,0.938278566,4
30260860_MinPolqaSfbRecording_cut.wav,2.25,1.258305739,1.233139624,4
29531696_MinPolqaSfbRecording_cut.wav,2.0,2.0,1.96,4
30263434_MinPolqaSfbRecording_cut.wav,3.5,1.290994449,1.26517456,4
30414291_MinPolqaSfbRecording_cut.wav,3.0,1.414213562,1.385929291,4
30161064_MinPolqaSfbRecording_cut.wav,2.25,1.5,1.47,4
30178780_MinPolqaSfbRecording_cut.wav,3.5,1.732050808,1.697409791,4
28171451_MinPolqaSfbRecording_cut.wav,3.75,0.957427108,0.938278566,4
28234007_MinPolqaSfbRecording_cut.wav,4.25,0.5,0.49,4
30148527_MinPolqaSfbRecording_cut.wav,3.75,0.5,0.49,4
27829043_MinPolqaSfbRecording_cut.wav,4.0,0.816496581,0.800166649,4
28318435_MinPolqaSfbRecording_cut.wav,4.0,0.816496581,0.800166649,4
30162577_MinPolqaSfbRecording_cut.wav,3.75,1.5,1.47,4
28905833_MinPolqaSfbRecording_cut.wav,4.0,0.0,0.0,4
28836072_MinPolqaSfbRecording_cut.wav,4.5,0.577350269,0.565803264,4
29535991_MinPolqaSfbRecording_cut.wav,3.0,1.825741858,1.789227021,4
30127602_MinPolqaSfbRecording_cut.wav,3.0,1.825741858,1.789227021,4
30262821_MinPolqaSfbRecording_cut.wav,4.0,1.154700538,1.131606528,4
30480989_MinPolqaSfbRecording_cut.wav,4.25,0.957427108,0.938278566,4
28274760_MinPolqaSfbRecording_cut.wav,3.5,1.732050808,1.697409791,4
30138841_MinPolqaSfbRecording_cut.wav,3.25,1.258305739,1.233139624,4
30119784_MinPolqaSfbRecording_cut.wav,4.0,0.0,0.0,5
30112689_MinPolqaSfbRecording_cut.wav,3.2,0.447213595,0.392,5
27786596_MinPolqaSfbRecording_cut.wav,4.2,0.836660027,0.733364848,5
28448936_MinPolqaSfbRecording_cut.wav,4.2,0.836660027,0.733364848,5
30140942_MinPolqaSfbRecording_cut.wav,3.4,0.894427191,0.784,5
30118472_MinPolqaSfbRecording_cut.wav,2.8,0.836660027,0.733364848,5
28264937_MinPolqaSfbRecording_cut.wav,4.6,0.547722558,0.48009999,5
30488316_MinPolqaSfbRecording_cut.wav,3.0,1.0,1.131606528,3
30179623_MinPolqaSfbRecording_cut.wav,2.0,1.0,1.131606528,3
30063159_MinPolqaSfbRecording_cut.wav,2.666666667,0.577350269,0.653333333,3
28872548_MinPolqaSfbRecording_cut.wav,4.333333333,0.577350269,0.653333333,3
30102767_MinPolqaSfbRecording_cut.wav,4.0,0.0,0.0,3
30254559_MinPolqaSfbRecording_cut.wav,2.0,1.732050808,1.96,3
28906957_MinPolqaSfbRecording_cut.wav,4.333333333,1.154700538,1.306666667,3
30417165_MinPolqaSfbRecording_cut.wav,3.0,0.0,0.0,3
30148285_MinPolqaSfbRecording_cut.wav,3.666666667,0.577350269,0.653333333,3
30207647_MinPolqaSfbRecording_cut.wav,2.25,1.892969449,1.85511006,4
28314912_MinPolqaSfbRecording_cut.wav,4.75,0.5,0.49,4
30211943_MinPolqaSfbRecording_cut.wav,2.0,1.414213562,1.385929291,4
30162688_MinPolqaSfbRecording_cut.wav,3.75,1.258305739,1.233139624,4
30481417_MinPolqaSfbRecording_cut.wav,2.5,1.290994449,1.26517456,4
30440539_MinPolqaSfbRecording_cut.wav,4.5,0.577350269,0.565803264,4
30168677_MinPolqaSfbRecording_cut.wav,5.0,0.0,0.0,4
27688867_MinPolqaSfbRecording_cut.wav,4.0,0.816496581,0.800166649,4
30059286_MinPolqaSfbRecording_cut.wav,3.0,2.309401077,2.263213055,4
28454066_MinPolqaSfbRecording_cut.wav,5.0,0.0,0.0,4
30144373_MinPolqaSfbRecording_cut.wav,4.0,1.154700538,1.131606528,4
28953158_MinPolqaSfbRecording_cut.wav,4.75,0.5,0.49,4
30095662_MinPolqaSfbRecording_cut.wav,2.75,2.061552813,2.020321757,4
30506839_MinPolqaSfbRecording_cut.wav,2.75,2.061552813,2.020321757,4
27674505_MinPolqaSfbRecording_cut.wav,3.75,0.5,0.49,4
29534263_MinPolqaSfbRecording_cut.wav,3.75,0.957427108,0.938278566,4
28312329_MinPolqaSfbRecording_cut.wav,2.75,1.5,1.47,4
30202531_MinPolqaSfbRecording_cut.wav,3.25,0.5,0.49,4
30406636_MinPolqaSfbRecording_cut.wav,3.0,0.816496581,0.800166649,4
30523901_MinPolqaSfbRecording_cut.wav,3.25,0.957427108,0.938278566,4
30424486_MinPolqaSfbRecording_cut.wav,3.5,1.0,0.98,4
30252248_MinPolqaSfbRecording_cut.wav,1.25,0.5,0.49,4
30086635_MinPolqaSfbRecording_cut.wav,2.5,1.0,0.98,4
30095955_MinPolqaSfbRecording_cut.wav,3.75,0.5,0.49,4
30210890_MinPolqaSfbRecording_cut.wav,3.0,0.816496581,0.800166649,4
30482029_MinPolqaSfbRecording_cut.wav,3.75,0.957427108,0.938278566,4
30522121_MinPolqaSfbRecording_cut.wav,2.75,1.258305739,1.233139624,4
30423328_MinPolqaSfbRecording_cut.wav,2.25,0.957427108,0.938278566,4
29544706_MinPolqaSfbRecording_cut.wav,3.5,0.577350269,0.565803264,4
30507793_MinPolqaSfbRecording_cut.wav,2.25,1.258305739,1.233139624,4
30175162_MinPolqaSfbRecording_cut.wav,4.0,0.0,0.0,4
30492624_MinPolqaSfbRecording_cut.wav,2.75,2.061552813,2.020321757,4
30083593_MinPolqaSfbRecording_cut.wav,3.0,1.414213562,1.385929291,4
30513577_MinPolqaSfbRecording_cut.wav,2.75,1.5,1.47,4
30160939_MinPolqaSfbRecording_cut.wav,3.0,1.414213562,1.385929291,4
30520755_MinPolqaSfbRecording_cut.wav,2.5,1.732050808,1.697409791,4
30100243_MinPolqaSfbRecording_cut.wav,4.0,0.816496581,0.800166649,4
30500719_MinPolqaSfbRecording_cut.wav,3.4,0.894427191,0.784,5
30442112_MinPolqaSfbRecording_cut.wav,4.0,0.707106781,0.619806421,5
27659736_MinPolqaSfbRecording_cut.wav,4.2,0.836660027,0.733364848,5
30129477_MinPolqaSfbRecording_cut.wav,2.6,0.547722558,0.48009999,5
30251112_MinPolqaSfbRecording_cut.wav,3.4,0.894427191,0.784,5
28557810_MinPolqaSfbRecording_cut.wav,4.4,0.894427191,0.784,5
30123550_MinPolqaSfbRecording_cut.wav,3.2,0.836660027,0.733364848,5
30086710_MinPolqaSfbRecording_cut.wav,3.4,0.894427191,0.784,5
30126720_MinPolqaSfbRecording_cut.wav,2.8,0.836660027,0.733364848,5
30252805_MinPolqaSfbRecording_cut.wav,3.0,1.154700538,1.131606528,4
30427576_MinPolqaSfbRecording_cut.wav,2.5,1.732050808,1.697409791,4
27509792_MinPolqaSfbRecording_cut.wav,4.0,0.816496581,0.800166649,4
29540148_MinPolqaSfbRecording_cut.wav,2.5,1.732050808,1.697409791,4
30097281_MinPolqaSfbRecording_cut.wav,3.25,0.957427108,0.938278566,4
30106739_MinPolqaSfbRecording_cut.wav,3.5,0.577350269,0.565803264,4
30439986_MinPolqaSfbRecording_cut.wav,2.75,1.5,1.47,4
30412198_MinPolqaSfbRecording_cut.wav,2.25,0.957427108,0.938278566,4
30081451_MinPolqaSfbRecording_cut.wav,2.4,0.547722558,0.48009999,5
30063541_MinPolqaSfbRecording_cut.wav,1.4,0.547722558,0.48009999,5
30264421_MinPolqaSfbRecording_cut.wav,2.0,0.707106781,0.619806421,5
30109795_MinPolqaSfbRecording_cut.wav,3.0,0.707106781,0.619806421,5
29006850_MinPolqaSfbRecording_cut.wav,1.8,0.447213595,0.392,5
28705523_MinPolqaSfbRecording_cut.wav,4.2,0.447213595,0.392,5
30118475_MinPolqaSfbRecording_cut.wav,2.2,0.836660027,0.733364848,5
30503608_MinPolqaSfbRecording_cut.wav,1.6,0.547722558,0.48009999,5
30504887_MinPolqaSfbRecording_cut.wav,3.8,1.095445115,0.960199979,5
30407244_MinPolqaSfbRecording_cut.wav,2.4,0.547722558,0.48009999,5
28626782_MinPolqaSfbRecording_cut.wav,3.0,0.0,0.0,3
30148098_MinPolqaSfbRecording_cut.wav,2.0,1.0,1.131606528,3
30449820_MinPolqaSfbRecording_cut.wav,4.0,1.0,1.131606528,3
28154729_MinPolqaSfbRecording_cut.wav,3.666666667,0.577350269,0.653333333,3
30175330_MinPolqaSfbRecording_cut.wav,2.666666667,1.154700538,1.306666667,3
30124022_MinPolqaSfbRecording_cut.wav,4.333333333,0.577350269,0.653333333,3
30063526_MinPolqaSfbRecording_cut.wav,2.333333333,1.527525232,1.728557523,3
30067700_MinPolqaSfbRecording_cut.wav,3.333333333,1.154700538,1.306666667,3
30090035_MinPolqaSfbRecording_cut.wav,3.666666667,0.577350269,0.653333333,3
27594700_MinPolqaSfbRecording_cut.wav,3.2,1.303840481,1.142866571,5
30108722_MinPolqaSfbRecording_cut.wav,3.4,1.140175425,0.999407825,5
30430859_MinPolqaSfbRecording_cut.wav,2.4,0.894427191,0.784,5
30253367_MinPolqaSfbRecording_cut.wav,3.2,1.303840481,1.142866571,5
30118409_MinPolqaSfbRecording_cut.wav,3.6,0.894427191,0.784,5
30079009_MinPolqaSfbRecording_cut.wav,3.0,1.414213562,1.239612843,5
30097663_MinPolqaSfbRecording_cut.wav,3.0,1.414213562,1.239612843,5
28004085_MinPolqaSfbRecording_cut.wav,4.0,1.0,0.876538647,5
30151652_MinPolqaSfbRecording_cut.wav,3.666666667,0.577350269,0.653333333,3
30119495_MinPolqaSfbRecording_cut.wav,3.0,1.0,1.131606528,3
29532638_MinPolqaSfbRecording_cut.wav,4.333333333,0.577350269,0.653333333,3
28750030_MinPolqaSfbRecording_cut.wav,4.666666667,0.577350269,0.653333333,3
28340012_MinPolqaSfbRecording_cut.wav,3.666666667,1.527525232,1.728557523,3
29540146_MinPolqaSfbRecording_cut.wav,2.666666667,2.081665999,2.355626833,3
30406643_MinPolqaSfbRecording_cut.wav,2.333333333,2.309401077,2.613333333,3
28036204_MinPolqaSfbRecording_cut.wav,3.0,1.732050808,1.96,3
29064804_MinPolqaSfbRecording_cut.wav,3.4,0.547722558,0.48009999,5
30440540_MinPolqaSfbRecording_cut.wav,3.8,0.836660027,0.733364848,5
27966074_MinPolqaSfbRecording_cut.wav,4.4,0.547722558,0.48009999,5
30122005_MinPolqaSfbRecording_cut.wav,1.2,0.447213595,0.392,5
30531440_MinPolqaSfbRecording_cut.wav,3.6,0.547722558,0.48009999,5
30431790_MinPolqaSfbRecording_cut.wav,2.4,0.547722558,0.48009999,5
30258271_MinPolqaSfbRecording_cut.wav,4.0,0.707106781,0.619806421,5
30253612_MinPolqaSfbRecording_cut.wav,2.8,0.447213595,0.392,5
28641514_MinPolqaSfbRecording_cut.wav,4.0,0.707106781,0.619806421,5
30253614_MinPolqaSfbRecording_cut.wav,2.6,1.140175425,0.999407825,5
30206144_MinPolqaSfbRecording_cut.wav,2.2,1.095445115,0.960199979,5
28709032_MinPolqaSfbRecording_cut.wav,3.0,1.0,0.876538647,5
27660406_MinPolqaSfbRecording_cut.wav,4.0,0.707106781,0.619806421,5
30430088_MinPolqaSfbRecording_cut.wav,4.2,0.836660027,0.733364848,5
30429334_MinPolqaSfbRecording_cut.wav,2.8,1.303840481,1.142866571,5
30529243_MinPolqaSfbRecording_cut.wav,3.6,0.894427191,0.784,5
27785145_MinPolqaSfbRecording_cut.wav,4.4,0.547722558,0.48009999,5
28182016_MinPolqaSfbRecording_cut.wav,4.0,0.707106781,0.619806421,5
30260088_MinPolqaSfbRecording_cut.wav,3.4,1.516575089,1.329336677,5
30122550_MinPolqaSfbRecording_cut.wav,3.6,1.140175425,0.999407825,5
30177395_MinPolqaSfbRecording_cut.wav,2.4,1.140175425,0.999407825,5
30211126_MinPolqaSfbRecording_cut.wav,4.0,1.0,0.876538647,5
30151137_MinPolqaSfbRecording_cut.wav,3.0,0.707106781,0.619806421,5
30165552_MinPolqaSfbRecording_cut.wav,3.0,1.224744871,1.073536213,5
30063287_MinPolqaSfbRecording_cut.wav,3.6,0.894427191,0.784,5
29533794_MinPolqaSfbRecording_cut.wav,3.666666667,1.527525232,1.728557523,3
27941228_MinPolqaSfbRecording_cut.wav,4.333333333,0.577350269,0.653333333,3
30510356_MinPolqaSfbRecording_cut.wav,3.0,2.0,2.263213055,3
30193324_MinPolqaSfbRecording_cut.wav,3.0,1.732050808,1.96,3
28261646_MinPolqaSfbRecording_cut.wav,4.0,1.0,1.131606528,3
30513715_MinPolqaSfbRecording_cut.wav,3.333333333,1.527525232,1.728557523,3
30082178_MinPolqaSfbRecording_cut.wav,3.666666667,1.527525232,1.728557523,3
30508946_MinPolqaSfbRecording_cut.wav,3.333333333,1.527525232,1.728557523,3
28468567_MinPolqaSfbRecording_cut.wav,2.666666667,0.577350269,0.653333333,3
30063051_MinPolqaSfbRecording_cut.wav,4.0,0.707106781,0.619806421,5
30436761_MinPolqaSfbRecording_cut.wav,3.2,0.447213595,0.392,5
27576684_MinPolqaSfbRecording_cut.wav,3.8,0.447213595,0.392,5
30164831_MinPolqaSfbRecording_cut.wav,3.8,0.447213595,0.392,5
30430599_MinPolqaSfbRecording_cut.wav,3.2,0.447213595,0.392,5
30192173_MinPolqaSfbRecording_cut.wav,4.0,0.707106781,0.619806421,5
28423079_MinPolqaSfbRecording_cut.wav,4.0,0.707106781,0.619806421,5
30449653_MinPolqaSfbRecording_cut.wav,2.0,0.0,0.0,3
29544953_MinPolqaSfbRecording_cut.wav,2.666666667,0.577350269,0.653333333,3
30213479_MinPolqaSfbRecording_cut.wav,2.333333333,1.527525232,1.728557523,3
30122678_MinPolqaSfbRecording_cut.wav,3.666666667,1.154700538,1.306666667,3
30064978_MinPolqaSfbRecording_cut.wav,2.333333333,0.577350269,0.653333333,3
30510389_MinPolqaSfbRecording_cut.wav,3.666666667,1.154700538,1.306666667,3
28743253_MinPolqaSfbRecording_cut.wav,4.0,0.0,0.0,3
29539706_MinPolqaSfbRecording_cut.wav,2.666666667,1.154700538,1.306666667,3
30490501_MinPolqaSfbRecording_cut.wav,3.5,1.290994449,1.26517456,4
30509442_MinPolqaSfbRecording_cut.wav,2.75,2.061552813,2.020321757,4
30500802_MinPolqaSfbRecording_cut.wav,2.75,1.5,1.47,4
30448976_MinPolqaSfbRecording_cut.wav,3.25,1.5,1.47,4
30144941_MinPolqaSfbRecording_cut.wav,3.5,0.577350269,0.565803264,4
30511970_MinPolqaSfbRecording_cut.wav,3.5,1.732050808,1.697409791,4
27651401_MinPolqaSfbRecording_cut.wav,4.75,0.5,0.49,4
30149704_MinPolqaSfbRecording_cut.wav,2.75,1.5,1.47,4
30200207_MinPolqaSfbRecording_cut.wav,2.25,0.5,0.49,4
28639958_MinPolqaSfbRecording_cut.wav,4.5,0.577350269,0.565803264,4
30092695_MinPolqaSfbRecording_cut.wav,1.75,0.957427108,0.938278566,4
30471181_MinPolqaSfbRecording_cut.wav,1.75,0.957427108,0.938278566,4
30469827_MinPolqaSfbRecording_cut.wav,2.0,0.816496581,0.800166649,4
28669138_MinPolqaSfbRecording_cut.wav,2.25,1.258305739,1.233139624,4
27575849_MinPolqaSfbRecording_cut.wav,4.75,0.5,0.49,4
30174725_MinPolqaSfbRecording_cut.wav,3.25,0.957427108,0.938278566,4
29531665_MinPolqaSfbRecording_cut.wav,4.333333333,0.577350269,0.653333333,3
30255721_MinPolqaSfbRecording_cut.wav,3.666666667,1.154700538,1.306666667,3
30106440_MinPolqaSfbRecording_cut.wav,2.0,1.0,1.131606528,3
30072997_MinPolqaSfbRecording_cut.wav,3.333333333,0.577350269,0.653333333,3
30468459_MinPolqaSfbRecording_cut.wav,2.666666667,1.154700538,1.306666667,3
30128276_MinPolqaSfbRecording_cut.wav,2.666666667,1.527525232,1.728557523,3
30079594_MinPolqaSfbRecording_cut.wav,3.333333333,1.527525232,1.728557523,3
28770947_MinPolqaSfbRecording_cut.wav,4.0,1.0,1.131606528,3
30504111_MinPolqaSfbRecording_cut.wav,2.333333333,1.527525232,1.728557523,3
30468264_MinPolqaSfbRecording_cut.wav,1.666666667,0.577350269,0.653333333,3
30104064_MinPolqaSfbRecording_cut.wav,2.75,1.258305739,1.233139624,4
27576032_MinPolqaSfbRecording_cut.wav,4.75,0.5,0.49,4
30101957_MinPolqaSfbRecording_cut.wav,2.5,1.290994449,1.26517456,4
30422682_MinPolqaSfbRecording_cut.wav,3.25,1.258305739,1.233139624,4
30091792_MinPolqaSfbRecording_cut.wav,3.75,0.957427108,0.938278566,4
28017211_MinPolqaSfbRecording_cut.wav,3.5,1.290994449,1.26517456,4
30201033_MinPolqaSfbRecording_cut.wav,2.5,1.732050808,1.697409791,4
30484118_MinPolqaSfbRecording_cut.wav,2.8,0.447213595,0.392,5
30087623_MinPolqaSfbRecording_cut.wav,2.8,1.095445115,0.960199979,5
30129503_MinPolqaSfbRecording_cut.wav,2.8,0.447213595,0.392,5
30095501_MinPolqaSfbRecording_cut.wav,3.4,0.547722558,0.48009999,5
30090932_MinPolqaSfbRecording_cut.wav,2.0,0.707106781,0.619806421,5
28653946_MinPolqaSfbRecording_cut.wav,3.0,0.707106781,0.619806421,5
30086248_MinPolqaSfbRecording_cut.wav,3.6,0.894427191,0.784,5
30450640_MinPolqaSfbRecording_cut.wav,2.6,0.894427191,0.784,5
27857129_MinPolqaSfbRecording_cut.wav,4.666666667,0.577350269,0.653333333,3
30469045_MinPolqaSfbRecording_cut.wav,4.666666667,0.577350269,0.653333333,3
30458475_MinPolqaSfbRecording_cut.wav,4.0,1.0,1.131606528,3
30152453_MinPolqaSfbRecording_cut.wav,3.333333333,0.577350269,0.653333333,3
28442905_MinPolqaSfbRecording_cut.wav,4.333333333,0.577350269,0.653333333,3
30484936_MinPolqaSfbRecording_cut.wav,3.666666667,1.154700538,1.306666667,3
30087680_MinPolqaSfbRecording_cut.wav,3.0,1.0,1.131606528,3
30098448_MinPolqaSfbRecording_cut.wav,3.666666667,1.154700538,1.306666667,3
28235946_MinPolqaSfbRecording_cut.wav,4.0,1.0,1.131606528,3
30456589_MinPolqaSfbRecording_cut.wav,4.0,0.0,0.0,2
30136269_MinPolqaSfbRecording_cut.wav,4.0,0.0,0.0,2
30137948_MinPolqaSfbRecording_cut.wav,4.0,0.0,0.0,2
30405368_MinPolqaSfbRecording_cut.wav,4.5,0.707106781,0.98,2
30087547_MinPolqaSfbRecording_cut.wav,3.0,1.414213562,1.96,2
28529395_MinPolqaSfbRecording_cut.wav,5.0,0.0,0.0,2
30446208_MinPolqaSfbRecording_cut.wav,2.4,1.140175425,0.999407825,5
30064378_MinPolqaSfbRecording_cut.wav,4.2,0.447213595,0.392,5
28854573_MinPolqaSfbRecording_cut.wav,4.2,0.447213595,0.392,5
30137536_MinPolqaSfbRecording_cut.wav,4.0,1.0,0.876538647,5
30062734_MinPolqaSfbRecording_cut.wav,3.2,0.447213595,0.392,5
28710842_MinPolqaSfbRecording_cut.wav,3.8,0.836660027,0.733364848,5
30450019_MinPolqaSfbRecording_cut.wav,2.4,1.140175425,0.999407825,5
30475601_MinPolqaSfbRecording_cut.wav,4.0,0.707106781,0.619806421,5
30135846_MinPolqaSfbRecording_cut.wav,2.333333333,1.154700538,1.306666667,3
30185201_MinPolqaSfbRecording_cut.wav,3.333333333,0.577350269,0.653333333,3
30126455_MinPolqaSfbRecording_cut.wav,2.666666667,0.577350269,0.653333333,3
30206060_MinPolqaSfbRecording_cut.wav,2.666666667,1.527525232,1.728557523,3
30465837_MinPolqaSfbRecording_cut.wav,1.333333333,0.577350269,0.653333333,3
30251792_MinPolqaSfbRecording_cut.wav,4.0,1.0,1.131606528,3
30101134_MinPolqaSfbRecording_cut.wav,3.666666667,0.577350269,0.653333333,3
30519569_MinPolqaSfbRecording_cut.wav,2.75,1.707825128,1.673668625,4
30506110_MinPolqaSfbRecording_cut.wav,2.5,1.732050808,1.697409791,4
30522763_MinPolqaSfbRecording_cut.wav,1.5,1.0,0.98,4
30478504_MinPolqaSfbRecording_cut.wav,2.5,1.0,0.98,4
30523244_MinPolqaSfbRecording_cut.wav,4.0,0.816496581,0.800166649,4
30184679_MinPolqaSfbRecording_cut.wav,2.5,0.577350269,0.565803264,4
30177644_MinPolqaSfbRecording_cut.wav,1.25,0.5,0.49,4
30475226_MinPolqaSfbRecording_cut.wav,4.0,0.816496581,0.800166649,4
30163950_MinPolqaSfbRecording_cut.wav,3.75,0.957427108,0.938278566,4
29532051_MinPolqaSfbRecording_cut.wav,2.75,1.707825128,1.673668625,4
30208344_MinPolqaSfbRecording_cut.wav,3.25,0.957427108,0.938278566,4
30107792_MinPolqaSfbRecording_cut.wav,2.0,1.414213562,1.385929291,4
30113591_MinPolqaSfbRecording_cut.wav,1.75,1.5,1.47,4
30207652_MinPolqaSfbRecording_cut.wav,1.75,1.5,1.47,4
30159626_MinPolqaSfbRecording_cut.wav,2.5,1.290994449,1.26517456,4
30206134_MinPolqaSfbRecording_cut.wav,2.0,1.414213562,1.385929291,4
28117477_MinPolqaSfbRecording_cut.wav,3.75,1.892969449,1.85511006,4
28161904_MinPolqaSfbRecording_cut.wav,4.75,0.5,0.49,4
30128647_MinPolqaSfbRecording_cut.wav,3.75,0.957427108,0.938278566,4
29533007_MinPolqaSfbRecording_cut.wav,4.25,0.957427108,0.938278566,4
30262613_MinPolqaSfbRecording_cut.wav,4.25,0.5,0.49,4
27591247_MinPolqaSfbRecording_cut.wav,4.75,0.5,0.49,4
30451289_MinPolqaSfbRecording_cut.wav,4.25,0.957427108,0.938278566,4
30463214_MinPolqaSfbRecording_cut.wav,4.75,0.5,0.49,4
30129579_MinPolqaSfbRecording_cut.wav,3.5,0.577350269,0.565803264,4
30522066_MinPolqaSfbRecording_cut.wav,4.0,0.816496581,0.800166649,4
28706180_MinPolqaSfbRecording_cut.wav,4.0,0.816496581,0.800166649,4
30067287_MinPolqaSfbRecording_cut.wav,2.75,0.957427108,0.938278566,4
30424455_MinPolqaSfbRecording_cut.wav,3.5,1.0,0.98,4
27925737_MinPolqaSfbRecording_cut.wav,4.25,0.957427108,0.938278566,4
28034704_MinPolqaSfbRecording_cut.wav,3.75,1.258305739,1.233139624,4
30401005_MinPolqaSfbRecording_cut.wav,3.5,1.290994449,1.26517456,4
30404744_MinPolqaSfbRecording_cut.wav,1.25,0.5,0.49,4
28105099_MinPolqaSfbRecording_cut.wav,4.25,0.5,0.49,4
28530276_MinPolqaSfbRecording_cut.wav,4.25,0.957427108,0.938278566,4
28318550_MinPolqaSfbRecording_cut.wav,4.0,0.816496581,0.800166649,4
28359229_MinPolqaSfbRecording_cut.wav,4.0,0.816496581,0.800166649,4
30400958_MinPolqaSfbRecording_cut.wav,4.0,0.0,0.0,4
30400529_MinPolqaSfbRecording_cut.wav,3.0,1.154700538,1.131606528,4
30102790_MinPolqaSfbRecording_cut.wav,4.0,0.816496581,0.800166649,4
30087679_MinPolqaSfbRecording_cut.wav,4.0,1.154700538,1.131606528,4
27820111_MinPolqaSfbRecording_cut.wav,3.5,0.577350269,0.565803264,4
30523064_MinPolqaSfbRecording_cut.wav,2.5,0.577350269,0.565803264,4
30080292_MinPolqaSfbRecording_cut.wav,2.75,1.258305739,1.233139624,4
28850733_MinPolqaSfbRecording_cut.wav,3.75,0.5,0.49,4
30140984_MinPolqaSfbRecording_cut.wav,2.75,0.957427108,0.938278566,4
30073595_MinPolqaSfbRecording_cut.wav,3.25,0.5,0.49,4
30142167_MinPolqaSfbRecording_cut.wav,2.75,0.5,0.49,4
30087694_MinPolqaSfbRecording_cut.wav,2.5,0.577350269,0.565803264,4
30492370_MinPolqaSfbRecording_cut.wav,2.0,1.414213562,1.385929291,4
30136627_MinPolqaSfbRecording_cut.wav,2.0,1.414213562,1.385929291,4
30148388_MinPolqaSfbRecording_cut.wav,2.75,0.957427108,0.938278566,4
30132921_MinPolqaSfbRecording_cut.wav,2.25,1.258305739,1.233139624,4
30531479_MinPolqaSfbRecording_cut.wav,3.25,1.258305739,1.233139624,4
30134022_MinPolqaSfbRecording_cut.wav,4.0,0.816496581,0.800166649,4
30087192_MinPolqaSfbRecording_cut.wav,3.75,0.5,0.49,4
30454400_MinPolqaSfbRecording_cut.wav,3.5,1.290994449,1.26517456,4
28892579_MinPolqaSfbRecording_cut.wav,3.5,1.0,0.98,4
30427090_MinPolqaSfbRecording_cut.wav,3.75,0.957427108,0.938278566,4
30158101_MinPolqaSfbRecording_cut.wav,3.25,1.258305739,1.233139624,4
30164424_MinPolqaSfbRecording_cut.wav,3.75,0.957427108,0.938278566,4
30436425_MinPolqaSfbRecording_cut.wav,2.666666667,1.527525232,1.728557523,3
30212642_MinPolqaSfbRecording_cut.wav,3.333333333,0.577350269,0.653333333,3
30138564_MinPolqaSfbRecording_cut.wav,3.333333333,0.577350269,0.653333333,3
30150295_MinPolqaSfbRecording_cut.wav,2.666666667,2.081665999,2.355626833,3
27919521_MinPolqaSfbRecording_cut.wav,3.666666667,1.154700538,1.306666667,3
28090180_MinPolqaSfbRecording_cut.wav,3.666666667,0.577350269,0.653333333,3
28673190_MinPolqaSfbRecording_cut.wav,4.333333333,0.577350269,0.653333333,3
30512626_MinPolqaSfbRecording_cut.wav,3.5,0.577350269,0.565803264,4
30169033_MinPolqaSfbRecording_cut.wav,4.25,0.957427108,0.938278566,4
30151658_MinPolqaSfbRecording_cut.wav,3.75,0.957427108,0.938278566,4
27946263_MinPolqaSfbRecording_cut.wav,3.5,0.577350269,0.565803264,4
30069833_MinPolqaSfbRecording_cut.wav,2.75,0.957427108,0.938278566,4
28997826_MinPolqaSfbRecording_cut.wav,4.25,0.957427108,0.938278566,4
30084103_MinPolqaSfbRecording_cut.wav,3.5,1.290994449,1.26517456,4
30084840_MinPolqaSfbRecording_cut.wav,2.25,1.892969449,1.85511006,4
27736638_MinPolqaSfbRecording_cut.wav,3.75,0.957427108,0.938278566,4
30184907_MinPolqaSfbRecording_cut.wav,3.25,1.258305739,1.233139624,4
30431567_MinPolqaSfbRecording_cut.wav,2.25,1.892969449,1.85511006,4
30212767_MinPolqaSfbRecording_cut.wav,3.25,1.258305739,1.233139624,4
30424605_MinPolqaSfbRecording_cut.wav,3.25,0.5,0.49,4
30189652_MinPolqaSfbRecording_cut.wav,2.75,0.957427108,0.938278566,4
30144864_MinPolqaSfbRecording_cut.wav,3.0,1.414213562,1.385929291,4
30154931_MinPolqaSfbRecording_cut.wav,2.2,1.303840481,1.142866571,5
30423215_MinPolqaSfbRecording_cut.wav,2.6,1.341640786,1.176,5
27561868_MinPolqaSfbRecording_cut.wav,3.6,1.140175425,0.999407825,5
30072996_MinPolqaSfbRecording_cut.wav,3.6,0.547722558,0.48009999,5
30102849_MinPolqaSfbRecording_cut.wav,2.4,1.140175425,0.999407825,5
30123186_MinPolqaSfbRecording_cut.wav,3.4,1.140175425,0.999407825,5
30207025_MinPolqaSfbRecording_cut.wav,3.6,1.140175425,0.999407825,5
30075272_MinPolqaSfbRecording_cut.wav,3.6,0.547722558,0.48009999,5
30404801_MinPolqaSfbRecording_cut.wav,2.4,1.140175425,0.999407825,5
30482817_MinPolqaSfbRecording_cut.wav,3.0,1.0,0.876538647,5
30486513_MinPolqaSfbRecording_cut.wav,3.4,0.547722558,0.48009999,5
30257644_MinPolqaSfbRecording_cut.wav,3.0,0.707106781,0.619806421,5
28337758_MinPolqaSfbRecording_cut.wav,3.6,0.547722558,0.48009999,5
30061821_MinPolqaSfbRecording_cut.wav,2.4,1.516575089,1.329336677,5
28220392_MinPolqaSfbRecording_cut.wav,4.0,0.707106781,0.619806421,5
30063497_MinPolqaSfbRecording_cut.wav,3.25,0.5,0.49,4
30211643_MinPolqaSfbRecording_cut.wav,1.75,1.5,1.47,4
30107771_MinPolqaSfbRecording_cut.wav,1.75,1.5,1.47,4
30199123_MinPolqaSfbRecording_cut.wav,4.5,0.577350269,0.565803264,4
30097664_MinPolqaSfbRecording_cut.wav,2.25,1.258305739,1.233139624,4
30204440_MinPolqaSfbRecording_cut.wav,3.5,0.577350269,0.565803264,4
27815299_MinPolqaSfbRecording_cut.wav,3.75,1.258305739,1.233139624,4
30426179_MinPolqaSfbRecording_cut.wav,2.0,0.816496581,0.800166649,4
28724645_MinPolqaSfbRecording_cut.wav,3.0,1.414213562,1.385929291,4
30512656_MinPolqaSfbRecording_cut.wav,3.0,1.414213562,1.385929291,4
30508014_MinPolqaSfbRecording_cut.wav,2.0,0.816496581,0.800166649,4
30429122_MinPolqaSfbRecording_cut.wav,1.75,1.5,1.47,4
28488746_MinPolqaSfbRecording_cut.wav,3.25,1.5,1.47,4
30114092_MinPolqaSfbRecording_cut.wav,4.5,0.577350269,0.565803264,4
30168706_MinPolqaSfbRecording_cut.wav,3.75,0.5,0.49,4
30163032_MinPolqaSfbRecording_cut.wav,1.75,1.5,1.47,4
30164219_MinPolqaSfbRecording_cut.wav,1.75,1.5,1.47,4
30492145_MinPolqaSfbRecording_cut.wav,2.5,1.732050808,1.697409791,4
30430698_MinPolqaSfbRecording_cut.wav,3.75,1.258305739,1.233139624,4
28427048_MinPolqaSfbRecording_cut.wav,3.5,1.290994449,1.26517456,4
30258072_MinPolqaSfbRecording_cut.wav,1.75,1.5,1.47,4
30480175_MinPolqaSfbRecording_cut.wav,3.75,0.5,0.49,4
30426287_MinPolqaSfbRecording_cut.wav,2.5,1.290994449,1.26517456,4
27805684_MinPolqaSfbRecording_cut.wav,3.75,0.957427108,0.938278566,4
27672588_MinPolqaSfbRecording_cut.wav,4.0,0.816496581,0.800166649,4
30120134_MinPolqaSfbRecording_cut.wav,3.5,0.577350269,0.565803264,4
30205395_MinPolqaSfbRecording_cut.wav,3.5,0.577350269,0.565803264,4
30133447_MinPolqaSfbRecording_cut.wav,2.25,1.258305739,1.233139624,4
30438501_MinPolqaSfbRecording_cut.wav,1.75,0.957427108,0.938278566,4
30489222_MinPolqaSfbRecording_cut.wav,3.75,0.5,0.49,4
30500730_MinPolqaSfbRecording_cut.wav,3.75,0.957427108,0.938278566,4
28905658_MinPolqaSfbRecording_cut.wav,3.75,0.957427108,0.938278566,4
30145804_MinPolqaSfbRecording_cut.wav,2.25,0.5,0.49,4
30510487_MinPolqaSfbRecording_cut.wav,4.0,0.816496581,0.800166649,4
30452140_MinPolqaSfbRecording_cut.wav,1.75,0.5,0.49,4
30079559_MinPolqaSfbRecording_cut.wav,3.5,1.290994449,1.26517456,4
30134018_MinPolqaSfbRecording_cut.wav,1.0,0.0,0.0,4
30105165_MinPolqaSfbRecording_cut.wav,4.25,0.957427108,0.938278566,4
30180098_MinPolqaSfbRecording_cut.wav,1.25,0.5,0.49,4
30263892_MinPolqaSfbRecording_cut.wav,3.0,0.816496581,0.800166649,4
30482110_MinPolqaSfbRecording_cut.wav,2.75,1.258305739,1.233139624,4
30069456_MinPolqaSfbRecording_cut.wav,2.25,0.957427108,0.938278566,4
30133599_MinPolqaSfbRecording_cut.wav,3.5,1.290994449,1.26517456,4
30065449_MinPolqaSfbRecording_cut.wav,3.5,1.290994449,1.26517456,4
30521497_MinPolqaSfbRecording_cut.wav,3.0,0.816496581,0.800166649,4
30428031_MinPolqaSfbRecording_cut.wav,3.25,0.957427108,0.938278566,4
30465326_MinPolqaSfbRecording_cut.wav,3.0,1.154700538,1.131606528,4
27590376_MinPolqaSfbRecording_cut.wav,3.75,0.5,0.49,4
30090216_MinPolqaSfbRecording_cut.wav,2.75,0.957427108,0.938278566,4
30451783_MinPolqaSfbRecording_cut.wav,2.75,1.5,1.47,4
29536161_MinPolqaSfbRecording_cut.wav,3.0,0.0,0.0,4
30530655_MinPolqaSfbRecording_cut.wav,4.25,0.5,0.49,4
30213219_MinPolqaSfbRecording_cut.wav,4.0,0.0,0.0,2
30501796_MinPolqaSfbRecording_cut.wav,4.0,0.0,0.0,2
30522518_MinPolqaSfbRecording_cut.wav,2.0,0.0,0.0,2
30510179_MinPolqaSfbRecording_cut.wav,1.5,0.707106781,0.98,2
30455400_MinPolqaSfbRecording_cut.wav,2.0,0.0,0.0,2
30090023_MinPolqaSfbRecording_cut.wav,4.0,0.0,0.0,2
30179302_MinPolqaSfbRecording_cut.wav,2.5,0.707106781,0.98,2
30179603_MinPolqaSfbRecording_cut.wav,2.0,1.224744871,1.073536213,5
30253427_MinPolqaSfbRecording_cut.wav,3.6,0.894427191,0.784,5
30434207_MinPolqaSfbRecording_cut.wav,2.6,1.516575089,1.329336677,5
30068635_MinPolqaSfbRecording_cut.wav,2.6,0.894427191,0.784,5
30263455_MinPolqaSfbRecording_cut.wav,3.6,0.894427191,0.784,5
28631999_MinPolqaSfbRecording_cut.wav,3.8,0.836660027,0.733364848,5
30202741_MinPolqaSfbRecording_cut.wav,2.2,1.303840481,1.142866571,5
30156526_MinPolqaSfbRecording_cut.wav,3.8,0.447213595,0.392,5
30065762_MinPolqaSfbRecording_cut.wav,4.0,1.0,1.131606528,3
30513552_MinPolqaSfbRecording_cut.wav,4.0,1.0,1.131606528,3
30212508_MinPolqaSfbRecording_cut.wav,2.333333333,0.577350269,0.653333333,3
29543773_MinPolqaSfbRecording_cut.wav,3.333333333,1.527525232,1.728557523,3
30141818_MinPolqaSfbRecording_cut.wav,3.0,1.0,1.131606528,3
30195740_MinPolqaSfbRecording_cut.wav,2.0,1.0,1.131606528,3
30491209_MinPolqaSfbRecording_cut.wav,1.666666667,1.154700538,1.306666667,3
30161951_MinPolqaSfbRecording_cut.wav,3.666666667,0.577350269,0.653333333,3
30161554_MinPolqaSfbRecording_cut.wav,1.666666667,1.154700538,1.306666667,3
28765923_MinPolqaSfbRecording_cut.wav,4.0,1.0,0.876538647,5
30522370_MinPolqaSfbRecording_cut.wav,3.2,2.049390153,1.796369672,5
27727700_MinPolqaSfbRecording_cut.wav,4.2,0.447213595,0.392,5
30084863_MinPolqaSfbRecording_cut.wav,3.2,1.643167673,1.440299969,5
30507645_MinPolqaSfbRecording_cut.wav,3.4,1.341640786,1.176,5
29534359_MinPolqaSfbRecording_cut.wav,4.0,0.707106781,0.619806421,5
30091721_MinPolqaSfbRecording_cut.wav,3.2,0.836660027,0.733364848,5
29542127_MinPolqaSfbRecording_cut.wav,3.8,1.303840481,1.142866571,5
30081198_MinPolqaSfbRecording_cut.wav,3.6,1.341640786,1.176,5
30489762_MinPolqaSfbRecording_cut.wav,4.4,1.341640786,1.176,5
30501688_MinPolqaSfbRecording_cut.wav,3.0,1.224744871,1.073536213,5
29540052_MinPolqaSfbRecording_cut.wav,3.6,0.547722558,0.48009999,5
28276284_MinPolqaSfbRecording_cut.wav,3.4,0.547722558,0.48009999,5
30141970_MinPolqaSfbRecording_cut.wav,2.6,1.516575089,1.329336677,5
30470557_MinPolqaSfbRecording_cut.wav,3.2,0.836660027,0.733364848,5
30177950_MinPolqaSfbRecording_cut.wav,3.0,0.707106781,0.619806421,5
30118059_MinPolqaSfbRecording_cut.wav,3.8,0.447213595,0.392,5
29543171_MinPolqaSfbRecording_cut.wav,3.25,1.5,1.47,4
30092658_MinPolqaSfbRecording_cut.wav,3.0,1.154700538,1.131606528,4
30431237_MinPolqaSfbRecording_cut.wav,3.5,0.577350269,0.565803264,4
28018202_MinPolqaSfbRecording_cut.wav,3.75,0.5,0.49,4
28936290_MinPolqaSfbRecording_cut.wav,4.0,0.0,0.0,4
30251963_MinPolqaSfbRecording_cut.wav,2.5,1.290994449,1.26517456,4
30424762_MinPolqaSfbRecording_cut.wav,3.5,1.0,0.98,4
30199193_MinPolqaSfbRecording_cut.wav,3.75,0.957427108,0.938278566,4
30069660_MinPolqaSfbRecording_cut.wav,3.333333333,1.154700538,1.306666667,3
28203292_MinPolqaSfbRecording_cut.wav,4.333333333,0.577350269,0.653333333,3
27837152_MinPolqaSfbRecording_cut.wav,4.333333333,0.577350269,0.653333333,3
30136580_MinPolqaSfbRecording_cut.wav,4.0,1.0,1.131606528,3
30092157_MinPolqaSfbRecording_cut.wav,3.333333333,1.527525232,1.728557523,3
30135325_MinPolqaSfbRecording_cut.wav,2.333333333,1.527525232,1.728557523,3
30199942_MinPolqaSfbRecording_cut.wav,3.0,1.0,1.131606528,3
27910895_MinPolqaSfbRecording_cut.wav,4.333333333,1.154700538,1.306666667,3
30073634_MinPolqaSfbRecording_cut.wav,3.0,1.0,1.131606528,3
30164627_MinPolqaSfbRecording_cut.wav,2.5,1.732050808,1.697409791,4
28901633_MinPolqaSfbRecording_cut.wav,4.75,0.5,0.49,4
30200034_MinPolqaSfbRecording_cut.wav,3.25,0.5,0.49,4
28854671_MinPolqaSfbRecording_cut.wav,4.25,0.957427108,0.938278566,4
30102758_MinPolqaSfbRecording_cut.wav,3.25,1.258305739,1.233139624,4
30080899_MinPolqaSfbRecording_cut.wav,3.5,1.290994449,1.26517456,4
30128839_MinPolqaSfbRecording_cut.wav,3.5,0.577350269,0.565803264,4
30122103_MinPolqaSfbRecording_cut.wav,2.75,1.707825128,1.673668625,4
30182580_MinPolqaSfbRecording_cut.wav,3.25,1.258305739,1.233139624,4
30259177_MinPolqaSfbRecording_cut.wav,3.666666667,1.154700538,1.306666667,3
30527140_MinPolqaSfbRecording_cut.wav,3.666666667,1.154700538,1.306666667,3
30482979_MinPolqaSfbRecording_cut.wav,3.333333333,0.577350269,0.653333333,3
30497242_MinPolqaSfbRecording_cut.wav,4.333333333,0.577350269,0.653333333,3
30252159_MinPolqaSfbRecording_cut.wav,3.333333333,1.527525232,1.728557523,3
30213497_MinPolqaSfbRecording_cut.wav,3.333333333,0.577350269,0.653333333,3
30122679_MinPolqaSfbRecording_cut.wav,3.333333333,1.527525232,1.728557523,3
30131586_MinPolqaSfbRecording_cut.wav,3.666666667,0.577350269,0.653333333,3
30179300_MinPolqaSfbRecording_cut.wav,3.8,0.836660027,0.733364848,5
30063327_MinPolqaSfbRecording_cut.wav,4.0,1.224744871,1.073536213,5
30110142_MinPolqaSfbRecording_cut.wav,3.6,0.894427191,0.784,5
28539468_MinPolqaSfbRecording_cut.wav,4.2,0.447213595,0.392,5
30105134_MinPolqaSfbRecording_cut.wav,4.4,0.894427191,0.784,5
30070629_MinPolqaSfbRecording_cut.wav,3.2,2.049390153,1.796369672,5
27695182_MinPolqaSfbRecording_cut.wav,4.2,0.836660027,0.733364848,5
30145163_MinPolqaSfbRecording_cut.wav,3.2,1.643167673,1.440299969,5
30510504_MinPolqaSfbRecording_cut.wav,3.2,1.303840481,1.142866571,5
30083555_MinPolqaSfbRecording_cut.wav,3.2,1.303840481,1.142866571,5
30423415_MinPolqaSfbRecording_cut.wav,2.75,0.957427108,0.938278566,4
30485349_MinPolqaSfbRecording_cut.wav,1.5,0.577350269,0.565803264,4
30449572_MinPolqaSfbRecording_cut.wav,3.75,0.957427108,0.938278566,4
30064046_MinPolqaSfbRecording_cut.wav,3.25,0.957427108,0.938278566,4
30413606_MinPolqaSfbRecording_cut.wav,3.75,0.957427108,0.938278566,4
30500752_MinPolqaSfbRecording_cut.wav,2.75,0.957427108,0.938278566,4
27940497_MinPolqaSfbRecording_cut.wav,2.5,0.577350269,0.565803264,4
30262565_MinPolqaSfbRecording_cut.wav,4.0,0.816496581,0.800166649,4
28947073_MinPolqaSfbRecording_cut.wav,4.5,0.577350269,0.565803264,4
30261016_MinPolqaSfbRecording_cut.wav,3.5,1.290994449,1.26517456,4
28204161_MinPolqaSfbRecording_cut.wav,4.5,0.577350269,0.565803264,4
30178727_MinPolqaSfbRecording_cut.wav,3.25,1.258305739,1.233139624,4
29532047_MinPolqaSfbRecording_cut.wav,3.25,0.957427108,0.938278566,4
30087194_MinPolqaSfbRecording_cut.wav,4.25,0.5,0.49,4
30065102_MinPolqaSfbRecording_cut.wav,4.0,0.816496581,0.800166649,4
28065199_MinPolqaSfbRecording_cut.wav,3.75,0.5,0.49,4
30504520_MinPolqaSfbRecording_cut.wav,4.0,0.0,0.0,4
30110135_MinPolqaSfbRecording_cut.wav,4.0,0.816496581,0.800166649,4
30095998_MinPolqaSfbRecording_cut.wav,3.8,1.303840481,1.142866571,5
28838364_MinPolqaSfbRecording_cut.wav,3.2,1.643167673,1.440299969,5
30080423_MinPolqaSfbRecording_cut.wav,1.8,1.303840481,1.142866571,5
30092445_MinPolqaSfbRecording_cut.wav,4.0,1.0,0.876538647,5
30483967_MinPolqaSfbRecording_cut.wav,2.0,1.414213562,1.239612843,5
28736057_MinPolqaSfbRecording_cut.wav,4.0,1.0,0.876538647,5
30127259_MinPolqaSfbRecording_cut.wav,3.4,0.894427191,0.784,5
30469503_MinPolqaSfbRecording_cut.wav,3.0,1.58113883,1.385929291,5
30490518_MinPolqaSfbRecording_cut.wav,2.8,1.643167673,1.440299969,5
30482242_MinPolqaSfbRecording_cut.wav,2.25,0.957427108,0.938278566,4
30103132_MinPolqaSfbRecording_cut.wav,2.0,0.0,0.0,4
27723927_MinPolqaSfbRecording_cut.wav,4.5,0.577350269,0.565803264,4
30200152_MinPolqaSfbRecording_cut.wav,1.5,1.0,0.98,4
30484924_MinPolqaSfbRecording_cut.wav,2.5,0.577350269,0.565803264,4
30097793_MinPolqaSfbRecording_cut.wav,1.0,0.0,0.0,4
30179224_MinPolqaSfbRecording_cut.wav,3.5,1.0,0.98,4
30484460_MinPolqaSfbRecording_cut.wav,3.5,0.577350269,0.565803264,4
30110212_MinPolqaSfbRecording_cut.wav,3.0,0.816496581,0.800166649,4
30251880_MinPolqaSfbRecording_cut.wav,2.666666667,0.577350269,0.653333333,3
30152524_MinPolqaSfbRecording_cut.wav,2.666666667,0.577350269,0.653333333,3
30067223_MinPolqaSfbRecording_cut.wav,2.666666667,1.154700538,1.306666667,3
30096424_MinPolqaSfbRecording_cut.wav,4.0,0.0,0.0,3
29057077_MinPolqaSfbRecording_cut.wav,4.0,1.0,1.131606528,3
30098669_MinPolqaSfbRecording_cut.wav,2.666666667,0.577350269,0.653333333,3
30443548_MinPolqaSfbRecording_cut.wav,2.0,1.0,1.131606528,3
30092726_MinPolqaSfbRecording_cut.wav,3.333333333,1.154700538,1.306666667,3
30161234_MinPolqaSfbRecording_cut.wav,1.0,0.0,0.0,3
28972317_MinPolqaSfbRecording_cut.wav,3.75,0.5,0.49,4
30210866_MinPolqaSfbRecording_cut.wav,4.0,0.816496581,0.800166649,4
30147483_MinPolqaSfbRecording_cut.wav,3.5,0.577350269,0.565803264,4
30147116_MinPolqaSfbRecording_cut.wav,3.5,0.577350269,0.565803264,4
30193311_MinPolqaSfbRecording_cut.wav,1.75,0.5,0.49,4
30470577_MinPolqaSfbRecording_cut.wav,2.0,0.816496581,0.800166649,4
30514921_MinPolqaSfbRecording_cut.wav,3.0,0.0,0.0,4
29040010_MinPolqaSfbRecording_cut.wav,4.0,0.816496581,0.800166649,4
30157093_MinPolqaSfbRecording_cut.wav,3.5,0.577350269,0.565803264,4
30464040_MinPolqaSfbRecording_cut.wav,2.5,0.707106781,0.98,2
30432792_MinPolqaSfbRecording_cut.wav,1.0,0.0,0.0,2
30205758_MinPolqaSfbRecording_cut.wav,4.0,1.414213562,1.96,2
30260816_MinPolqaSfbRecording_cut.wav,3.0,1.414213562,1.96,2
30181306_MinPolqaSfbRecording_cut.wav,1.0,0.0,0.0,2
27926497_MinPolqaSfbRecording_cut.wav,3.0,0.0,0.0,2
28014500_MinPolqaSfbRecording_cut.wav,4.0,0.0,0.0,2
30486393_MinPolqaSfbRecording_cut.wav,2.5,2.121320344,2.94,2
30145854_MinPolqaSfbRecording_cut.wav,2.0,1.414213562,1.96,2
30099126_MinPolqaSfbRecording_cut.wav,2.0,1.414213562,1.96,2
30105003_MinPolqaSfbRecording_cut.wav,1.5,0.707106781,0.98,2
28533883_MinPolqaSfbRecording_cut.wav,3.5,0.707106781,0.98,2
30129157_MinPolqaSfbRecording_cut.wav,3.0,1.414213562,1.96,2
30253458_MinPolqaSfbRecording_cut.wav,2.5,0.707106781,0.98,2
30112885_MinPolqaSfbRecording_cut.wav,1.5,0.707106781,0.98,2
30124406_MinPolqaSfbRecording_cut.wav,2.5,0.707106781,0.98,2
30153810_MinPolqaSfbRecording_cut.wav,3.0,1.414213562,1.96,2
30179296_MinPolqaSfbRecording_cut.wav,3.0,1.414213562,1.96,2
30505876_MinPolqaSfbRecording_cut.wav,2.0,0.707106781,0.619806421,5
30173039_MinPolqaSfbRecording_cut.wav,3.4,0.547722558,0.48009999,5
28800180_MinPolqaSfbRecording_cut.wav,3.2,0.836660027,0.733364848,5
30192687_MinPolqaSfbRecording_cut.wav,3.4,0.894427191,0.784,5
30066114_MinPolqaSfbRecording_cut.wav,3.0,1.0,0.876538647,5
30171296_MinPolqaSfbRecording_cut.wav,3.8,1.303840481,1.142866571,5
30186097_MinPolqaSfbRecording_cut.wav,3.2,0.836660027,0.733364848,5
30083984_MinPolqaSfbRecording_cut.wav,2.8,0.447213595,0.392,5
30083796_MinPolqaSfbRecording_cut.wav,1.8,0.447213595,0.392,5
30462464_MinPolqaSfbRecording_cut.wav,3.0,1.58113883,1.385929291,5
28149215_MinPolqaSfbRecording_cut.wav,3.6,1.140175425,0.999407825,5
30261232_MinPolqaSfbRecording_cut.wav,2.8,1.303840481,1.142866571,5
30136390_MinPolqaSfbRecording_cut.wav,3.0,1.224744871,1.073536213,5
30443693_MinPolqaSfbRecording_cut.wav,2.2,1.095445115,0.960199979,5
30433248_MinPolqaSfbRecording_cut.wav,2.0,1.224744871,1.073536213,5
30075729_MinPolqaSfbRecording_cut.wav,2.4,1.140175425,0.999407825,5
30422840_MinPolqaSfbRecording_cut.wav,3.2,1.303840481,1.142866571,5
30081447_MinPolqaSfbRecording_cut.wav,2.8,1.095445115,0.960199979,5
28176650_MinPolqaSfbRecording_cut.wav,3.5,0.577350269,0.565803264,4
30213825_MinPolqaSfbRecording_cut.wav,3.5,0.577350269,0.565803264,4
30437138_MinPolqaSfbRecording_cut.wav,1.75,0.957427108,0.938278566,4
30254459_MinPolqaSfbRecording_cut.wav,3.75,0.5,0.49,4
30259591_MinPolqaSfbRecording_cut.wav,3.0,0.816496581,0.800166649,4
30180189_MinPolqaSfbRecording_cut.wav,3.25,0.957427108,0.938278566,4
27705470_MinPolqaSfbRecording_cut.wav,3.75,0.5,0.49,4
30469655_MinPolqaSfbRecording_cut.wav,2.25,1.258305739,1.233139624,4
30484937_MinPolqaSfbRecording_cut.wav,3.0,0.816496581,0.800166649,4
30202543_MinPolqaSfbRecording_cut.wav,2.75,1.5,1.47,4
27845150_MinPolqaSfbRecording_cut.wav,3.25,1.258305739,1.233139624,4
30212653_MinPolqaSfbRecording_cut.wav,4.0,0.816496581,0.800166649,4
30188847_MinPolqaSfbRecording_cut.wav,4.0,0.816496581,0.800166649,4
30086172_MinPolqaSfbRecording_cut.wav,3.75,0.5,0.49,4
28618401_MinPolqaSfbRecording_cut.wav,3.25,0.957427108,0.938278566,4
28926885_MinPolqaSfbRecording_cut.wav,4.25,0.957427108,0.938278566,4
30254927_MinPolqaSfbRecording_cut.wav,3.25,0.957427108,0.938278566,4
27749886_MinPolqaSfbRecording_cut.wav,3.5,0.577350269,0.565803264,4
30150967_MinPolqaSfbRecording_cut.wav,3.25,1.258305739,1.233139624,4
28962072_MinPolqaSfbRecording_cut.wav,4.0,0.707106781,0.619806421,5
30522688_MinPolqaSfbRecording_cut.wav,3.2,0.836660027,0.733364848,5
30521052_MinPolqaSfbRecording_cut.wav,2.8,0.836660027,0.733364848,5
30483734_MinPolqaSfbRecording_cut.wav,3.2,1.303840481,1.142866571,5
30263896_MinPolqaSfbRecording_cut.wav,3.2,0.836660027,0.733364848,5
30194113_MinPolqaSfbRecording_cut.wav,2.0,1.0,0.876538647,5
30260139_MinPolqaSfbRecording_cut.wav,2.6,0.894427191,0.784,5
30520825_MinPolqaSfbRecording_cut.wav,3.4,0.547722558,0.48009999,5
27759016_MinPolqaSfbRecording_cut.wav,4.0,0.707106781,0.619806421,5
28752244_MinPolqaSfbRecording_cut.wav,4.4,0.547722558,0.48009999,5
30142245_MinPolqaSfbRecording_cut.wav,2.8,2.049390153,1.796369672,5
30135768_MinPolqaSfbRecording_cut.wav,3.8,0.836660027,0.733364848,5
30091381_MinPolqaSfbRecording_cut.wav,2.8,1.303840481,1.142866571,5
30488857_MinPolqaSfbRecording_cut.wav,3.2,0.836660027,0.733364848,5
30112558_MinPolqaSfbRecording_cut.wav,3.2,1.303840481,1.142866571,5
30149797_MinPolqaSfbRecording_cut.wav,2.6,1.816590212,1.592311527,5
30433870_MinPolqaSfbRecording_cut.wav,2.4,1.673320053,1.466729696,5
30070602_MinPolqaSfbRecording_cut.wav,2.4,1.140175425,0.999407825,5
30195749_MinPolqaSfbRecording_cut.wav,3.8,0.447213595,0.392,5
27665399_MinPolqaSfbRecording_cut.wav,4.0,0.707106781,0.619806421,5
30423996_MinPolqaSfbRecording_cut.wav,2.8,0.447213595,0.392,5
27816375_MinPolqaSfbRecording_cut.wav,4.4,0.547722558,0.48009999,5
28285619_MinPolqaSfbRecording_cut.wav,4.0,0.707106781,0.619806421,5
30452722_MinPolqaSfbRecording_cut.wav,1.6,0.894427191,0.784,5
28206930_MinPolqaSfbRecording_cut.wav,3.4,0.547722558,0.48009999,5
30445134_MinPolqaSfbRecording_cut.wav,1.2,0.447213595,0.392,5
30129577_MinPolqaSfbRecording_cut.wav,3.6,0.547722558,0.48009999,5
30076293_MinPolqaSfbRecording_cut.wav,3.4,1.516575089,1.329336677,5
30512676_MinPolqaSfbRecording_cut.wav,2.2,1.095445115,0.960199979,5
30526617_MinPolqaSfbRecording_cut.wav,3.2,1.095445115,0.960199979,5
30467126_MinPolqaSfbRecording_cut.wav,4.4,0.547722558,0.48009999,5
30082140_MinPolqaSfbRecording_cut.wav,2.8,1.643167673,1.440299969,5
30528583_MinPolqaSfbRecording_cut.wav,4.2,0.447213595,0.392,5
30059863_MinPolqaSfbRecording_cut.wav,2.6,0.894427191,0.784,5
27896339_MinPolqaSfbRecording_cut.wav,4.6,0.547722558,0.48009999,5
28483405_MinPolqaSfbRecording_cut.wav,4.2,1.095445115,0.960199979,5
30065742_MinPolqaSfbRecording_cut.wav,2.4,0.547722558,0.48009999,5
30123382_MinPolqaSfbRecording_cut.wav,3.4,1.140175425,0.999407825,5
30490639_MinPolqaSfbRecording_cut.wav,3.2,0.447213595,0.392,5
30204863_MinPolqaSfbRecording_cut.wav,2.4,0.547722558,0.48009999,5
28846308_MinPolqaSfbRecording_cut.wav,4.0,1.0,0.876538647,5
30444864_MinPolqaSfbRecording_cut.wav,3.8,0.836660027,0.733364848,5
30260337_MinPolqaSfbRecording_cut.wav,3.0,0.816496581,0.800166649,4
30469246_MinPolqaSfbRecording_cut.wav,3.75,0.5,0.49,4
30181177_MinPolqaSfbRecording_cut.wav,3.0,0.816496581,0.800166649,4
28776419_MinPolqaSfbRecording_cut.wav,4.5,0.577350269,0.565803264,4
30450139_MinPolqaSfbRecording_cut.wav,2.75,0.957427108,0.938278566,4
30099620_MinPolqaSfbRecording_cut.wav,2.75,1.258305739,1.233139624,4
30511039_MinPolqaSfbRecording_cut.wav,2.4,0.547722558,0.48009999,5
30457339_MinPolqaSfbRecording_cut.wav,1.8,1.788854382,1.568,5
30438054_MinPolqaSfbRecording_cut.wav,2.0,1.732050808,1.518209472,5
27798534_MinPolqaSfbRecording_cut.wav,3.0,1.0,0.876538647,5
30133343_MinPolqaSfbRecording_cut.wav,3.6,0.894427191,0.784,5
30444681_MinPolqaSfbRecording_cut.wav,2.4,0.547722558,0.48009999,5
30213280_MinPolqaSfbRecording_cut.wav,4.2,0.836660027,0.733364848,5
30424704_MinPolqaSfbRecording_cut.wav,3.2,1.095445115,0.960199979,5
30091760_MinPolqaSfbRecording_cut.wav,1.8,1.095445115,0.960199979,5
30069583_MinPolqaSfbRecording_cut.wav,1.8,0.836660027,0.733364848,5
30488301_MinPolqaSfbRecording_cut.wav,2.2,1.095445115,0.960199979,5
30090543_MinPolqaSfbRecording_cut.wav,2.6,0.547722558,0.48009999,5
30511056_MinPolqaSfbRecording_cut.wav,2.6,0.894427191,0.784,5
30133531_MinPolqaSfbRecording_cut.wav,4.4,0.547722558,0.48009999,5
30105744_MinPolqaSfbRecording_cut.wav,2.4,0.547722558,0.48009999,5
30070286_MinPolqaSfbRecording_cut.wav,3.4,0.547722558,0.48009999,5
30072023_MinPolqaSfbRecording_cut.wav,3.4,0.547722558,0.48009999,5
29539703_MinPolqaSfbRecording_cut.wav,2.5,0.577350269,0.565803264,4
30445189_MinPolqaSfbRecording_cut.wav,3.25,0.5,0.49,4
30414404_MinPolqaSfbRecording_cut.wav,2.25,1.5,1.47,4
30488624_MinPolqaSfbRecording_cut.wav,3.75,0.957427108,0.938278566,4
27771362_MinPolqaSfbRecording_cut.wav,4.25,0.957427108,0.938278566,4
30126925_MinPolqaSfbRecording_cut.wav,3.25,0.5,0.49,4
28611254_MinPolqaSfbRecording_cut.wav,3.25,0.957427108,0.938278566,4
30121036_MinPolqaSfbRecording_cut.wav,3.5,1.0,0.98,4
28357601_MinPolqaSfbRecording_cut.wav,2.75,0.5,0.49,4
29534898_MinPolqaSfbRecording_cut.wav,2.25,0.957427108,0.938278566,4
30182629_MinPolqaSfbRecording_cut.wav,1.5,1.0,0.98,4
30164310_MinPolqaSfbRecording_cut.wav,2.25,0.5,0.49,4
30457350_MinPolqaSfbRecording_cut.wav,3.75,0.957427108,0.938278566,4
30192579_MinPolqaSfbRecording_cut.wav,3.25,0.957427108,0.938278566,4
30250259_MinPolqaSfbRecording_cut.wav,2.5,1.290994449,1.26517456,4
29537013_MinPolqaSfbRecording_cut.wav,2.75,0.5,0.49,4
27877695_MinPolqaSfbRecording_cut.wav,4.2,0.447213595,0.392,5
28729196_MinPolqaSfbRecording_cut.wav,4.0,0.707106781,0.619806421,5
27910886_MinPolqaSfbRecording_cut.wav,4.2,0.836660027,0.733364848,5
30522371_MinPolqaSfbRecording_cut.wav,2.4,0.547722558,0.48009999,5
30465856_MinPolqaSfbRecording_cut.wav,2.2,0.836660027,0.733364848,5
27678305_MinPolqaSfbRecording_cut.wav,4.6,0.547722558,0.48009999,5
30206777_MinPolqaSfbRecording_cut.wav,2.4,1.140175425,0.999407825,5
30066272_MinPolqaSfbRecording_cut.wav,4.0,0.0,0.0,5
30263808_MinPolqaSfbRecording_cut.wav,2.8,1.095445115,0.960199979,5
29044928_MinPolqaSfbRecording_cut.wav,3.8,1.643167673,1.440299969,5
30136143_MinPolqaSfbRecording_cut.wav,4.2,1.788854382,1.568,5
30410870_MinPolqaSfbRecording_cut.wav,4.6,0.547722558,0.48009999,5
30514129_MinPolqaSfbRecording_cut.wav,3.0,1.58113883,1.385929291,5
29053955_MinPolqaSfbRecording_cut.wav,3.6,1.673320053,1.466729696,5
30484230_MinPolqaSfbRecording_cut.wav,3.6,1.673320053,1.466729696,5
30063387_MinPolqaSfbRecording_cut.wav,1.8,1.303840481,1.142866571,5
30212963_MinPolqaSfbRecording_cut.wav,4.2,1.095445115,0.960199979,5
30197851_MinPolqaSfbRecording_cut.wav,3.2,1.483239697,1.300116918,5
30104497_MinPolqaSfbRecording_cut.wav,3.8,1.095445115,0.960199979,5
28352924_MinPolqaSfbRecording_cut.wav,4.2,0.836660027,0.733364848,5
30178836_MinPolqaSfbRecording_cut.wav,4.0,0.707106781,0.619806421,5
30526476_MinPolqaSfbRecording_cut.wav,3.8,0.836660027,0.733364848,5
30134332_MinPolqaSfbRecording_cut.wav,4.2,0.447213595,0.392,5
30193244_MinPolqaSfbRecording_cut.wav,3.8,0.836660027,0.733364848,5
30140845_MinPolqaSfbRecording_cut.wav,3.6,0.894427191,0.784,5
30453885_MinPolqaSfbRecording_cut.wav,2.666666667,0.577350269,0.653333333,3
30486219_MinPolqaSfbRecording_cut.wav,3.333333333,0.577350269,0.653333333,3
27922948_MinPolqaSfbRecording_cut.wav,4.0,0.0,0.0,3
30260827_MinPolqaSfbRecording_cut.wav,3.666666667,0.577350269,0.653333333,3
30138797_MinPolqaSfbRecording_cut.wav,2.666666667,1.527525232,1.728557523,3
29045963_MinPolqaSfbRecording_cut.wav,4.0,1.0,1.131606528,3
30213483_MinPolqaSfbRecording_cut.wav,2.666666667,1.527525232,1.728557523,3
30456278_MinPolqaSfbRecording_cut.wav,1.666666667,1.154700538,1.306666667,3
30262954_MinPolqaSfbRecording_cut.wav,3.666666667,0.577350269,0.653333333,3
29544917_MinPolqaSfbRecording_cut.wav,3.666666667,0.577350269,0.653333333,3
28217201_MinPolqaSfbRecording_cut.wav,4.2,0.836660027,0.733364848,5
30431673_MinPolqaSfbRecording_cut.wav,3.0,1.0,0.876538647,5
30201467_MinPolqaSfbRecording_cut.wav,3.8,0.836660027,0.733364848,5
27666428_MinPolqaSfbRecording_cut.wav,4.2,0.836660027,0.733364848,5
30483690_MinPolqaSfbRecording_cut.wav,4.0,0.707106781,0.619806421,5
30192986_MinPolqaSfbRecording_cut.wav,3.8,1.095445115,0.960199979,5
27911736_MinPolqaSfbRecording_cut.wav,2.8,1.303840481,1.142866571,5
27512579_MinPolqaSfbRecording_cut.wav,4.6,0.547722558,0.48009999,5
27142168_MinPolqaSfbRecording_cut.wav,4.6,0.894427191,0.784,5
30164600_MinPolqaSfbRecording_cut.wav,3.4,0.894427191,0.784,5
30093291_MinPolqaSfbRecording_cut.wav,2.8,1.095445115,0.960199979,5
30208689_MinPolqaSfbRecording_cut.wav,2.6,1.816590212,1.592311527,5
30475033_MinPolqaSfbRecording_cut.wav,3.8,1.303840481,1.142866571,5
30422337_MinPolqaSfbRecording_cut.wav,3.8,0.836660027,0.733364848,5
30085139_MinPolqaSfbRecording_cut.wav,1.8,1.095445115,0.960199979,5
30098277_MinPolqaSfbRecording_cut.wav,2.6,1.140175425,0.999407825,5
29536839_MinPolqaSfbRecording_cut.wav,3.25,0.957427108,0.938278566,4
30090632_MinPolqaSfbRecording_cut.wav,3.75,0.957427108,0.938278566,4
30082563_MinPolqaSfbRecording_cut.wav,3.0,0.816496581,0.800166649,4
29535803_MinPolqaSfbRecording_cut.wav,3.0,0.816496581,0.800166649,4
30069084_MinPolqaSfbRecording_cut.wav,3.5,0.577350269,0.565803264,4
30423888_MinPolqaSfbRecording_cut.wav,3.75,0.5,0.49,4
30207243_MinPolqaSfbRecording_cut.wav,3.75,0.5,0.49,4
30506776_MinPolqaSfbRecording_cut.wav,1.75,0.957427108,0.938278566,4
28246358_MinPolqaSfbRecording_cut.wav,4.25,0.5,0.49,4
28666898_MinPolqaSfbRecording_cut.wav,4.0,0.816496581,0.800166649,4
30107296_MinPolqaSfbRecording_cut.wav,2.5,1.290994449,1.26517456,4
30108315_MinPolqaSfbRecording_cut.wav,2.25,0.957427108,0.938278566,4
30435912_MinPolqaSfbRecording_cut.wav,3.5,0.577350269,0.565803264,4
28632946_MinPolqaSfbRecording_cut.wav,4.25,0.5,0.49,4
30117939_MinPolqaSfbRecording_cut.wav,3.75,0.5,0.49,4
30100590_MinPolqaSfbRecording_cut.wav,3.75,0.5,0.49,4
30453598_MinPolqaSfbRecording_cut.wav,3.75,0.5,0.49,4
30485525_MinPolqaSfbRecording_cut.wav,3.0,0.0,0.0,4
30162647_MinPolqaSfbRecording_cut.wav,3.5,0.577350269,0.565803264,4
30406276_MinPolqaSfbRecording_cut.wav,2.75,1.707825128,1.673668625,4
30470614_MinPolqaSfbRecording_cut.wav,2.75,1.707825128,1.673668625,4
28030693_MinPolqaSfbRecording_cut.wav,4.25,0.5,0.49,4
30471881_MinPolqaSfbRecording_cut.wav,2.5,1.290994449,1.26517456,4
30066182_MinPolqaSfbRecording_cut.wav,3.75,0.5,0.49,4
30183073_MinPolqaSfbRecording_cut.wav,3.75,0.957427108,0.938278566,4
30210407_MinPolqaSfbRecording_cut.wav,3.5,1.290994449,1.26517456,4
28763978_MinPolqaSfbRecording_cut.wav,4.0,0.0,0.0,4
30504829_MinPolqaSfbRecording_cut.wav,3.5,0.577350269,0.565803264,4
27840748_MinPolqaSfbRecording_cut.wav,4.5,0.707106781,0.98,2
30514837_MinPolqaSfbRecording_cut.wav,3.5,0.707106781,0.98,2
30109338_MinPolqaSfbRecording_cut.wav,2.0,0.0,0.0,2
30165735_MinPolqaSfbRecording_cut.wav,2.0,0.0,0.0,2
30098001_MinPolqaSfbRecording_cut.wav,3.0,0.0,0.0,2
30199098_MinPolqaSfbRecording_cut.wav,2.0,0.0,0.0,2
30101054_MinPolqaSfbRecording_cut.wav,2.0,0.0,0.0,2
30401834_MinPolqaSfbRecording_cut.wav,2.5,0.707106781,0.98,2
30193685_MinPolqaSfbRecording_cut.wav,1.5,0.707106781,0.98,2
30075998_MinPolqaSfbRecording_cut.wav,4.0,1.414213562,1.96,2
30438283_MinPolqaSfbRecording_cut.wav,3.333333333,1.527525232,1.728557523,3
30428664_MinPolqaSfbRecording_cut.wav,2.666666667,1.154700538,1.306666667,3
30165852_MinPolqaSfbRecording_cut.wav,3.333333333,0.577350269,0.653333333,3
30148840_MinPolqaSfbRecording_cut.wav,4.0,1.0,1.131606528,3
28313365_MinPolqaSfbRecording_cut.wav,4.333333333,0.577350269,0.653333333,3
28281374_MinPolqaSfbRecording_cut.wav,4.0,1.0,1.131606528,3
30177466_MinPolqaSfbRecording_cut.wav,3.0,1.0,1.131606528,3
30084075_MinPolqaSfbRecording_cut.wav,2.333333333,2.309401077,2.613333333,3
30463119_MinPolqaSfbRecording_cut.wav,2.0,1.0,0.876538647,5
30481800_MinPolqaSfbRecording_cut.wav,3.6,1.673320053,1.466729696,5
28997309_MinPolqaSfbRecording_cut.wav,3.8,0.447213595,0.392,5
29530114_MinPolqaSfbRecording_cut.wav,3.4,1.516575089,1.329336677,5
30162990_MinPolqaSfbRecording_cut.wav,2.0,1.414213562,1.239612843,5
30466439_MinPolqaSfbRecording_cut.wav,3.2,1.483239697,1.300116918,5
28259172_MinPolqaSfbRecording_cut.wav,2.8,1.643167673,1.440299969,5
30083633_MinPolqaSfbRecording_cut.wav,1.8,1.303840481,1.142866571,5
30477426_MinPolqaSfbRecording_cut.wav,3.2,0.836660027,0.733364848,5
30154761_MinPolqaSfbRecording_cut.wav,3.6,0.894427191,0.784,5
30421206_MinPolqaSfbRecording_cut.wav,2.8,1.303840481,1.142866571,5
30213624_MinPolqaSfbRecording_cut.wav,3.8,0.836660027,0.733364848,5
30120599_MinPolqaSfbRecording_cut.wav,3.8,1.303840481,1.142866571,5
30106444_MinPolqaSfbRecording_cut.wav,2.2,1.095445115,0.960199979,5
30252537_MinPolqaSfbRecording_cut.wav,3.4,1.140175425,0.999407825,5
30102011_MinPolqaSfbRecording_cut.wav,3.2,1.095445115,0.960199979,5
30087678_MinPolqaSfbRecording_cut.wav,2.75,0.957427108,0.938278566,4
30159540_MinPolqaSfbRecording_cut.wav,4.0,0.816496581,0.800166649,4
30490946_MinPolqaSfbRecording_cut.wav,4.25,0.957427108,0.938278566,4
30085601_MinPolqaSfbRecording_cut.wav,4.0,1.414213562,1.385929291,4
29538937_MinPolqaSfbRecording_cut.wav,2.5,1.0,0.98,4
28759254_MinPolqaSfbRecording_cut.wav,3.25,1.5,1.47,4
28544650_MinPolqaSfbRecording_cut.wav,3.75,0.5,0.49,4
30184873_MinPolqaSfbRecording_cut.wav,4.25,0.957427108,0.938278566,4
30138764_MinPolqaSfbRecording_cut.wav,2.75,1.707825128,1.673668625,4
30063415_MinPolqaSfbRecording_cut.wav,3.75,0.957427108,0.938278566,4
30431167_MinPolqaSfbRecording_cut.wav,3.25,0.957427108,0.938278566,4
28499836_MinPolqaSfbRecording_cut.wav,4.25,0.957427108,0.938278566,4
28753019_MinPolqaSfbRecording_cut.wav,4.0,0.816496581,0.800166649,4
30439992_MinPolqaSfbRecording_cut.wav,3.5,1.290994449,1.26517456,4
30520106_MinPolqaSfbRecording_cut.wav,3.0,0.816496581,0.800166649,4
30091747_MinPolqaSfbRecording_cut.wav,3.0,0.816496581,0.800166649,4
30171360_MinPolqaSfbRecording_cut.wav,3.75,0.957427108,0.938278566,4
27708134_MinPolqaSfbRecording_cut.wav,4.75,0.5,0.49,4
30060343_MinPolqaSfbRecording_cut.wav,3.5,1.290994449,1.26517456,4
30209058_MinPolqaSfbRecording_cut.wav,3.25,0.957427108,0.938278566,4
30097095_MinPolqaSfbRecording_cut.wav,3.75,0.957427108,0.938278566,4
30439864_MinPolqaSfbRecording_cut.wav,3.75,0.957427108,0.938278566,4
30090977_MinPolqaSfbRecording_cut.wav,3.5,1.290994449,1.26517456,4
30471205_MinPolqaSfbRecording_cut.wav,3.75,0.957427108,0.938278566,4
30511210_MinPolqaSfbRecording_cut.wav,3.5,1.290994449,1.26517456,4
30513747_MinPolqaSfbRecording_cut.wav,3.25,0.957427108,0.938278566,4
30105940_MinPolqaSfbRecording_cut.wav,3.75,0.957427108,0.938278566,4
30262328_MinPolqaSfbRecording_cut.wav,3.75,1.5,1.47,4
30503486_MinPolqaSfbRecording_cut.wav,3.25,1.5,1.47,4
30061880_MinPolqaSfbRecording_cut.wav,3.0,0.816496581,0.800166649,4
27553661_MinPolqaSfbRecording_cut.wav,4.0,0.0,0.0,4
30502541_MinPolqaSfbRecording_cut.wav,2.25,0.5,0.49,4
30138536_MinPolqaSfbRecording_cut.wav,3.0,1.154700538,1.131606528,4
30481263_MinPolqaSfbRecording_cut.wav,3.75,0.5,0.49,4
27774424_MinPolqaSfbRecording_cut.wav,4.0,0.0,0.0,4
28691089_MinPolqaSfbRecording_cut.wav,3.75,0.5,0.49,4
30404429_MinPolqaSfbRecording_cut.wav,3.25,0.957427108,0.938278566,4
25999864_MinPolqaSfbRecording_cut.wav,3.25,0.5,0.49,4
30258237_MinPolqaSfbRecording_cut.wav,2.0,1.0,1.131606528,3
30192597_MinPolqaSfbRecording_cut.wav,4.333333333,1.154700538,1.306666667,3
30426442_MinPolqaSfbRecording_cut.wav,2.666666667,1.154700538,1.306666667,3
30108215_MinPolqaSfbRecording_cut.wav,2.333333333,0.577350269,0.653333333,3
30133107_MinPolqaSfbRecording_cut.wav,5.0,0.0,0.0,3
28262686_MinPolqaSfbRecording_cut.wav,2.666666667,0.577350269,0.653333333,3
28115226_MinPolqaSfbRecording_cut.wav,4.0,0.0,0.0,3
30255280_MinPolqaSfbRecording_cut.wav,4.0,1.0,1.131606528,3
30433818_MinPolqaSfbRecording_cut.wav,1.5,0.707106781,0.98,2
30468759_MinPolqaSfbRecording_cut.wav,2.0,0.0,0.0,2
30485774_MinPolqaSfbRecording_cut.wav,4.5,0.707106781,0.98,2
29542826_MinPolqaSfbRecording_cut.wav,4.0,1.414213562,1.96,2
28845141_MinPolqaSfbRecording_cut.wav,4.0,0.0,0.0,2
30496834_MinPolqaSfbRecording_cut.wav,2.5,0.707106781,0.98,2
30522139_MinPolqaSfbRecording_cut.wav,4.5,0.707106781,0.98,2
30434179_MinPolqaSfbRecording_cut.wav,4.0,0.0,0.0,2
30111944_MinPolqaSfbRecording_cut.wav,4.0,1.414213562,1.385929291,4
30069423_MinPolqaSfbRecording_cut.wav,3.75,0.5,0.49,4
30427919_MinPolqaSfbRecording_cut.wav,3.75,1.258305739,1.233139624,4
30250177_MinPolqaSfbRecording_cut.wav,3.5,1.290994449,1.26517456,4
30120986_MinPolqaSfbRecording_cut.wav,3.75,0.5,0.49,4
30121854_MinPolqaSfbRecording_cut.wav,4.0,0.816496581,0.800166649,4
30421485_MinPolqaSfbRecording_cut.wav,4.0,1.414213562,1.385929291,4
27875771_MinPolqaSfbRecording_cut.wav,4.0,0.816496581,0.800166649,4
30138498_MinPolqaSfbRecording_cut.wav,3.25,0.5,0.49,4
28202274_MinPolqaSfbRecording_cut.wav,4.25,0.5,0.49,4
27521813_MinPolqaSfbRecording_cut.wav,4.5,0.577350269,0.565803264,4
30146134_MinPolqaSfbRecording_cut.wav,2.5,0.577350269,0.565803264,4
30102101_MinPolqaSfbRecording_cut.wav,2.5,0.577350269,0.565803264,4
30167142_MinPolqaSfbRecording_cut.wav,3.25,0.957427108,0.938278566,4
30507511_MinPolqaSfbRecording_cut.wav,3.6,0.547722558,0.48009999,5
28130263_MinPolqaSfbRecording_cut.wav,3.0,0.707106781,0.619806421,5
27732589_MinPolqaSfbRecording_cut.wav,4.0,0.707106781,0.619806421,5
30151805_MinPolqaSfbRecording_cut.wav,2.6,0.894427191,0.784,5
30173575_MinPolqaSfbRecording_cut.wav,1.0,0.0,0.0,5
30179144_MinPolqaSfbRecording_cut.wav,2.6,1.516575089,1.329336677,5
30062758_MinPolqaSfbRecording_cut.wav,1.8,0.836660027,0.733364848,5
28021503_MinPolqaSfbRecording_cut.wav,4.4,0.547722558,0.48009999,5
27888147_MinPolqaSfbRecording_cut.wav,3.25,1.258305739,1.233139624,4
30106947_MinPolqaSfbRecording_cut.wav,2.25,0.957427108,0.938278566,4
30075671_MinPolqaSfbRecording_cut.wav,3.5,1.0,0.98,4
30470407_MinPolqaSfbRecording_cut.wav,1.5,0.577350269,0.565803264,4
30157543_MinPolqaSfbRecording_cut.wav,2.75,0.957427108,0.938278566,4
30105127_MinPolqaSfbRecording_cut.wav,3.0,0.816496581,0.800166649,4
30106543_MinPolqaSfbRecording_cut.wav,2.75,1.5,1.47,4
30122764_MinPolqaSfbRecording_cut.wav,2.0,1.154700538,1.131606528,4
30451838_MinPolqaSfbRecording_cut.wav,1.25,0.5,0.49,4
29539086_MinPolqaSfbRecording_cut.wav,3.0,1.632993162,1.600333299,4
30091455_MinPolqaSfbRecording_cut.wav,4.75,0.5,0.49,4
29063506_MinPolqaSfbRecording_cut.wav,4.0,1.154700538,1.131606528,4
30113315_MinPolqaSfbRecording_cut.wav,4.25,0.5,0.49,4
30250626_MinPolqaSfbRecording_cut.wav,3.25,0.957427108,0.938278566,4
30463201_MinPolqaSfbRecording_cut.wav,4.5,0.577350269,0.565803264,4
30138873_MinPolqaSfbRecording_cut.wav,3.0,1.632993162,1.600333299,4
30154799_MinPolqaSfbRecording_cut.wav,3.0,0.816496581,0.800166649,4
30415662_MinPolqaSfbRecording_cut.wav,1.75,0.957427108,0.938278566,4
28804489_MinPolqaSfbRecording_cut.wav,3.75,0.957427108,0.938278566,4
29541896_MinPolqaSfbRecording_cut.wav,4.0,0.816496581,0.800166649,4
30143330_MinPolqaSfbRecording_cut.wav,4.0,0.816496581,0.800166649,4
30134025_MinPolqaSfbRecording_cut.wav,3.75,0.957427108,0.938278566,4
30409188_MinPolqaSfbRecording_cut.wav,1.75,0.957427108,0.938278566,4
30425325_MinPolqaSfbRecording_cut.wav,4.0,0.816496581,0.800166649,4
30194923_MinPolqaSfbRecording_cut.wav,2.25,1.258305739,1.233139624,4
30136216_MinPolqaSfbRecording_cut.wav,2.75,1.258305739,1.233139624,4
30078518_MinPolqaSfbRecording_cut.wav,1.5,1.0,0.98,4
30251915_MinPolqaSfbRecording_cut.wav,2.0,0.816496581,0.800166649,4
30119215_MinPolqaSfbRecording_cut.wav,2.25,0.957427108,0.938278566,4
30151295_MinPolqaSfbRecording_cut.wav,2.75,1.258305739,1.233139624,4
29537529_MinPolqaSfbRecording_cut.wav,2.75,1.258305739,1.233139624,4
30514056_MinPolqaSfbRecording_cut.wav,2.25,0.957427108,0.938278566,4
30164379_MinPolqaSfbRecording_cut.wav,2.6,0.894427191,0.784,5
30416989_MinPolqaSfbRecording_cut.wav,3.2,1.303840481,1.142866571,5
30520441_MinPolqaSfbRecording_cut.wav,2.2,0.836660027,0.733364848,5
27637193_MinPolqaSfbRecording_cut.wav,4.2,0.447213595,0.392,5
29536069_MinPolqaSfbRecording_cut.wav,4.6,0.547722558,0.48009999,5
30527027_MinPolqaSfbRecording_cut.wav,2.2,1.303840481,1.142866571,5
30529855_MinPolqaSfbRecording_cut.wav,3.0,0.707106781,0.619806421,5
30102862_MinPolqaSfbRecording_cut.wav,4.0,0.707106781,0.619806421,5
30497505_MinPolqaSfbRecording_cut.wav,3.0,0.816496581,0.800166649,4
30120204_MinPolqaSfbRecording_cut.wav,3.75,1.5,1.47,4
27642818_MinPolqaSfbRecording_cut.wav,3.75,1.5,1.47,4
30466398_MinPolqaSfbRecording_cut.wav,3.5,1.0,0.98,4
30501304_MinPolqaSfbRecording_cut.wav,3.75,0.957427108,0.938278566,4
30481806_MinPolqaSfbRecording_cut.wav,3.0,1.414213562,1.385929291,4
30147734_MinPolqaSfbRecording_cut.wav,3.5,1.0,0.98,4
30250464_MinPolqaSfbRecording_cut.wav,3.0,1.414213562,1.385929291,4
29530217_MinPolqaSfbRecording_cut.wav,3.25,1.707825128,1.673668625,4
30411312_MinPolqaSfbRecording_cut.wav,2.4,0.547722558,0.48009999,5
29536469_MinPolqaSfbRecording_cut.wav,1.8,1.788854382,1.568,5
30076998_MinPolqaSfbRecording_cut.wav,2.8,1.303840481,1.142866571,5
30484939_MinPolqaSfbRecording_cut.wav,2.8,0.836660027,0.733364848,5
30153939_MinPolqaSfbRecording_cut.wav,3.0,0.707106781,0.619806421,5
30123015_MinPolqaSfbRecording_cut.wav,2.8,0.836660027,0.733364848,5
30501902_MinPolqaSfbRecording_cut.wav,2.2,1.095445115,0.960199979,5
30213372_MinPolqaSfbRecording_cut.wav,2.2,1.095445115,0.960199979,5
30200191_MinPolqaSfbRecording_cut.wav,3.8,0.836660027,0.733364848,5
30199442_MinPolqaSfbRecording_cut.wav,1.6,1.341640786,1.176,5
27970335_MinPolqaSfbRecording_cut.wav,4.5,0.707106781,0.98,2
30090176_MinPolqaSfbRecording_cut.wav,4.5,0.707106781,0.98,2
30098724_MinPolqaSfbRecording_cut.wav,3.5,0.707106781,0.98,2
30145639_MinPolqaSfbRecording_cut.wav,3.5,0.707106781,0.98,2
30128345_MinPolqaSfbRecording_cut.wav,4.0,0.0,0.0,2
30179023_MinPolqaSfbRecording_cut.wav,4.0,0.0,0.0,2
30076117_MinPolqaSfbRecording_cut.wav,4.5,0.707106781,0.98,2
28738325_MinPolqaSfbRecording_cut.wav,4.0,1.414213562,1.96,2
30195545_MinPolqaSfbRecording_cut.wav,3.8,0.836660027,0.733364848,5
30423362_MinPolqaSfbRecording_cut.wav,2.4,0.894427191,0.784,5
30075249_MinPolqaSfbRecording_cut.wav,2.0,0.707106781,0.619806421,5
28131664_MinPolqaSfbRecording_cut.wav,4.0,0.707106781,0.619806421,5
30143621_MinPolqaSfbRecording_cut.wav,3.8,0.836660027,0.733364848,5
30161263_MinPolqaSfbRecording_cut.wav,1.6,0.547722558,0.48009999,5
30520507_MinPolqaSfbRecording_cut.wav,3.0,0.707106781,0.619806421,5
30117972_MinPolqaSfbRecording_cut.wav,2.2,0.447213595,0.392,5
29535331_MinPolqaSfbRecording_cut.wav,3.4,0.547722558,0.48009999,5
30202694_MinPolqaSfbRecording_cut.wav,2.8,0.836660027,0.733364848,5
30456191_MinPolqaSfbRecording_cut.wav,2.6,1.516575089,1.329336677,5
30408819_MinPolqaSfbRecording_cut.wav,4.0,0.707106781,0.619806421,5
30147241_MinPolqaSfbRecording_cut.wav,3.6,0.547722558,0.48009999,5
30087624_MinPolqaSfbRecording_cut.wav,3.6,1.140175425,0.999407825,5
30162753_MinPolqaSfbRecording_cut.wav,2.2,1.303840481,1.142866571,5
30522729_MinPolqaSfbRecording_cut.wav,3.4,0.894427191,0.784,5
30165279_MinPolqaSfbRecording_cut.wav,2.4,0.894427191,0.784,5
27699761_MinPolqaSfbRecording_cut.wav,4.2,0.836660027,0.733364848,5
30107299_MinPolqaSfbRecording_cut.wav,3.6,1.140175425,0.999407825,5
30508945_MinPolqaSfbRecording_cut.wav,3.0,0.707106781,0.619806421,5
28880289_MinPolqaSfbRecording_cut.wav,3.6,0.547722558,0.48009999,5
30093258_MinPolqaSfbRecording_cut.wav,3.4,0.547722558,0.48009999,5
28338647_MinPolqaSfbRecording_cut.wav,3.8,0.836660027,0.733364848,5
29533343_MinPolqaSfbRecording_cut.wav,3.4,0.547722558,0.48009999,5
28865982_MinPolqaSfbRecording_cut.wav,4.0,0.707106781,0.619806421,5
28478089_MinPolqaSfbRecording_cut.wav,4.333333333,0.577350269,0.653333333,3
30433616_MinPolqaSfbRecording_cut.wav,2.0,1.0,1.131606528,3
30470206_MinPolqaSfbRecording_cut.wav,3.333333333,1.154700538,1.306666667,3
28748270_MinPolqaSfbRecording_cut.wav,3.666666667,0.577350269,0.653333333,3
30493372_MinPolqaSfbRecording_cut.wav,3.333333333,0.577350269,0.653333333,3
28904741_MinPolqaSfbRecording_cut.wav,4.333333333,0.577350269,0.653333333,3
28682537_MinPolqaSfbRecording_cut.wav,4.333333333,1.154700538,1.306666667,3
28173975_MinPolqaSfbRecording_cut.wav,4.333333333,0.577350269,0.653333333,3
30150890_MinPolqaSfbRecording_cut.wav,4.0,0.0,0.0,4
28906159_MinPolqaSfbRecording_cut.wav,4.5,0.577350269,0.565803264,4
30129127_MinPolqaSfbRecording_cut.wav,3.75,0.5,0.49,4
30511071_MinPolqaSfbRecording_cut.wav,4.0,1.414213562,1.385929291,4
30136873_MinPolqaSfbRecording_cut.wav,3.5,0.577350269,0.565803264,4
30141598_MinPolqaSfbRecording_cut.wav,5.0,0.0,0.0,4
27576012_MinPolqaSfbRecording_cut.wav,4.5,0.577350269,0.565803264,4
30502283_MinPolqaSfbRecording_cut.wav,2.25,0.957427108,0.938278566,4
30177838_MinPolqaSfbRecording_cut.wav,2.2,0.836660027,0.733364848,5
30161984_MinPolqaSfbRecording_cut.wav,2.4,1.140175425,0.999407825,5
30098602_MinPolqaSfbRecording_cut.wav,4.0,0.707106781,0.619806421,5
30199914_MinPolqaSfbRecording_cut.wav,2.8,1.643167673,1.440299969,5
30109627_MinPolqaSfbRecording_cut.wav,3.6,1.516575089,1.329336677,5
28442946_MinPolqaSfbRecording_cut.wav,4.4,0.894427191,0.784,5
30430209_MinPolqaSfbRecording_cut.wav,3.4,1.140175425,0.999407825,5
30444261_MinPolqaSfbRecording_cut.wav,3.0,1.0,0.876538647,5
30118337_MinPolqaSfbRecording_cut.wav,3.4,1.516575089,1.329336677,5
30144603_MinPolqaSfbRecording_cut.wav,2.4,1.140175425,0.999407825,5
30135889_MinPolqaSfbRecording_cut.wav,2.0,1.414213562,1.385929291,4
28695383_MinPolqaSfbRecording_cut.wav,4.25,0.5,0.49,4
30412077_MinPolqaSfbRecording_cut.wav,3.75,0.957427108,0.938278566,4
29541732_MinPolqaSfbRecording_cut.wav,2.75,0.957427108,0.938278566,4
30433884_MinPolqaSfbRecording_cut.wav,3.75,0.957427108,0.938278566,4
30133956_MinPolqaSfbRecording_cut.wav,4.0,0.816496581,0.800166649,4
30155857_MinPolqaSfbRecording_cut.wav,3.5,1.290994449,1.26517456,4
30123614_MinPolqaSfbRecording_cut.wav,3.75,1.5,1.47,4
30136999_MinPolqaSfbRecording_cut.wav,3.75,0.5,0.49,4
30139261_MinPolqaSfbRecording_cut.wav,1.0,0.0,0.0,4
30205888_MinPolqaSfbRecording_cut.wav,3.5,1.0,0.98,4
30466736_MinPolqaSfbRecording_cut.wav,2.25,0.957427108,0.938278566,4
28074303_MinPolqaSfbRecording_cut.wav,4.25,0.5,0.49,4
27557009_MinPolqaSfbRecording_cut.wav,4.25,0.957427108,0.938278566,4
29538769_MinPolqaSfbRecording_cut.wav,2.0,0.816496581,0.800166649,4
28072827_MinPolqaSfbRecording_cut.wav,4.25,0.5,0.49,4
30501135_MinPolqaSfbRecording_cut.wav,1.25,0.5,0.49,4
28522448_MinPolqaSfbRecording_cut.wav,4.25,0.957427108,0.938278566,4
27915028_MinPolqaSfbRecording_cut.wav,3.75,0.957427108,0.938278566,4
30478440_MinPolqaSfbRecording_cut.wav,3.25,0.957427108,0.938278566,4
30087242_MinPolqaSfbRecording_cut.wav,4.0,0.816496581,0.800166649,4
30509930_MinPolqaSfbRecording_cut.wav,3.5,1.0,0.98,4
29064272_MinPolqaSfbRecording_cut.wav,3.25,0.5,0.49,4
30432748_MinPolqaSfbRecording_cut.wav,2.25,1.258305739,1.233139624,4
30166840_MinPolqaSfbRecording_cut.wav,4.5,0.577350269,0.565803264,4
30522510_MinPolqaSfbRecording_cut.wav,1.0,0.0,0.0,3
30081893_MinPolqaSfbRecording_cut.wav,1.666666667,0.577350269,0.653333333,3
27768648_MinPolqaSfbRecording_cut.wav,4.666666667,0.577350269,0.653333333,3
30469867_MinPolqaSfbRecording_cut.wav,2.333333333,0.577350269,0.653333333,3
30076516_MinPolqaSfbRecording_cut.wav,4.333333333,0.577350269,0.653333333,3
28639353_MinPolqaSfbRecording_cut.wav,4.666666667,0.577350269,0.653333333,3
30200321_MinPolqaSfbRecording_cut.wav,3.0,1.0,1.131606528,3
28649658_MinPolqaSfbRecording_cut.wav,5.0,0.0,0.0,3
30151035_MinPolqaSfbRecording_cut.wav,3.333333333,1.154700538,1.306666667,3
30085582_MinPolqaSfbRecording_cut.wav,4.25,0.5,0.49,4
30070482_MinPolqaSfbRecording_cut.wav,3.25,1.707825128,1.673668625,4
30081640_MinPolqaSfbRecording_cut.wav,3.5,1.732050808,1.697409791,4
30065847_MinPolqaSfbRecording_cut.wav,4.25,0.5,0.49,4
30082856_MinPolqaSfbRecording_cut.wav,4.0,0.816496581,0.800166649,4
30133459_MinPolqaSfbRecording_cut.wav,3.75,1.258305739,1.233139624,4
27790925_MinPolqaSfbRecording_cut.wav,4.0,0.816496581,0.800166649,4
30209025_MinPolqaSfbRecording_cut.wav,4.0,0.816496581,0.800166649,4
30449416_MinPolqaSfbRecording_cut.wav,3.333333333,0.577350269,0.653333333,3
30124713_MinPolqaSfbRecording_cut.wav,3.666666667,1.527525232,1.728557523,3
29539185_MinPolqaSfbRecording_cut.wav,3.333333333,1.527525232,1.728557523,3
27658081_MinPolqaSfbRecording_cut.wav,4.333333333,1.154700538,1.306666667,3
30404833_MinPolqaSfbRecording_cut.wav,5.0,0.0,0.0,3
30452405_MinPolqaSfbRecording_cut.wav,2.0,0.0,0.0,3
30132187_MinPolqaSfbRecording_cut.wav,4.0,1.0,1.131606528,3
30423743_MinPolqaSfbRecording_cut.wav,1.333333333,0.577350269,0.653333333,3
27781292_MinPolqaSfbRecording_cut.wav,4.0,1.0,1.131606528,3
30058839_MinPolqaSfbRecording_cut.wav,3.666666667,0.577350269,0.653333333,3
27742653_MinPolqaSfbRecording_cut.wav,4.333333333,0.577350269,0.653333333,3
29533132_MinPolqaSfbRecording_cut.wav,3.333333333,2.081665999,2.355626833,3
30528500_MinPolqaSfbRecording_cut.wav,4.0,1.0,1.131606528,3
30488166_MinPolqaSfbRecording_cut.wav,3.0,1.0,1.131606528,3
30211783_MinPolqaSfbRecording_cut.wav,3.666666667,0.577350269,0.653333333,3
30480260_MinPolqaSfbRecording_cut.wav,3.0,1.732050808,1.96,3
30410383_MinPolqaSfbRecording_cut.wav,4.333333333,0.577350269,0.653333333,3
30123434_MinPolqaSfbRecording_cut.wav,3.0,1.0,1.131606528,3
30092713_MinPolqaSfbRecording_cut.wav,4.0,0.0,0.0,2
30513525_MinPolqaSfbRecording_cut.wav,4.0,0.0,0.0,2
28485330_MinPolqaSfbRecording_cut.wav,4.0,0.0,0.0,2
27667089_MinPolqaSfbRecording_cut.wav,3.5,0.707106781,0.98,2
30112729_MinPolqaSfbRecording_cut.wav,4.5,0.707106781,0.98,2
30435164_MinPolqaSfbRecording_cut.wav,3.5,0.707106781,0.98,2
27944506_MinPolqaSfbRecording_cut.wav,3.5,0.707106781,0.98,2
30483411_MinPolqaSfbRecording_cut.wav,3.5,0.707106781,0.98,2
30100540_MinPolqaSfbRecording_cut.wav,3.5,0.707106781,0.98,2
30127609_MinPolqaSfbRecording_cut.wav,3.5,0.707106781,0.98,2
30429309_MinPolqaSfbRecording_cut.wav,4.2,0.447213595,0.392,5
27951992_MinPolqaSfbRecording_cut.wav,4.6,0.547722558,0.48009999,5
30178411_MinPolqaSfbRecording_cut.wav,4.6,0.547722558,0.48009999,5
27648002_MinPolqaSfbRecording_cut.wav,4.0,0.707106781,0.619806421,5
30121876_MinPolqaSfbRecording_cut.wav,3.8,1.095445115,0.960199979,5
30488449_MinPolqaSfbRecording_cut.wav,3.8,0.836660027,0.733364848,5
30166868_MinPolqaSfbRecording_cut.wav,3.5,1.290994449,1.26517456,4
30152148_MinPolqaSfbRecording_cut.wav,3.25,0.957427108,0.938278566,4
30082561_MinPolqaSfbRecording_cut.wav,3.0,0.816496581,0.800166649,4
28805610_MinPolqaSfbRecording_cut.wav,4.75,0.5,0.49,4
30251721_MinPolqaSfbRecording_cut.wav,2.25,0.957427108,0.938278566,4
30070322_MinPolqaSfbRecording_cut.wav,2.5,0.577350269,0.565803264,4
30257596_MinPolqaSfbRecording_cut.wav,4.75,0.5,0.49,4
30445180_MinPolqaSfbRecording_cut.wav,4.0,0.816496581,0.800166649,4
29534967_MinPolqaSfbRecording_cut.wav,2.4,1.140175425,0.999407825,5
30530145_MinPolqaSfbRecording_cut.wav,1.6,0.894427191,0.784,5
30259945_MinPolqaSfbRecording_cut.wav,2.6,0.894427191,0.784,5
30491044_MinPolqaSfbRecording_cut.wav,3.6,0.894427191,0.784,5
30514839_MinPolqaSfbRecording_cut.wav,3.2,0.447213595,0.392,5
30436711_MinPolqaSfbRecording_cut.wav,2.8,1.303840481,1.142866571,5
28537796_MinPolqaSfbRecording_cut.wav,4.0,1.0,0.876538647,5
30100017_MinPolqaSfbRecording_cut.wav,3.4,1.140175425,0.999407825,5
30168442_MinPolqaSfbRecording_cut.wav,3.0,0.707106781,0.619806421,5
30093321_MinPolqaSfbRecording_cut.wav,3.25,0.957427108,0.938278566,4
30173643_MinPolqaSfbRecording_cut.wav,3.75,0.5,0.49,4
30123662_MinPolqaSfbRecording_cut.wav,2.75,1.707825128,1.673668625,4
30064595_MinPolqaSfbRecording_cut.wav,3.5,1.290994449,1.26517456,4
30131884_MinPolqaSfbRecording_cut.wav,3.25,1.258305739,1.233139624,4
30264292_MinPolqaSfbRecording_cut.wav,4.0,0.816496581,0.800166649,4
30141810_MinPolqaSfbRecording_cut.wav,3.75,0.957427108,0.938278566,4
27874154_MinPolqaSfbRecording_cut.wav,4.0,0.816496581,0.800166649,4
30117649_MinPolqaSfbRecording_cut.wav,2.25,1.258305739,1.233139624,4
28858026_MinPolqaSfbRecording_cut.wav,4.75,0.5,0.49,4
30141479_MinPolqaSfbRecording_cut.wav,3.333333333,1.154700538,1.306666667,3
30064449_MinPolqaSfbRecording_cut.wav,3.0,1.0,1.131606528,3
30479049_MinPolqaSfbRecording_cut.wav,2.333333333,1.154700538,1.306666667,3
30427968_MinPolqaSfbRecording_cut.wav,1.666666667,0.577350269,0.653333333,3
30255199_MinPolqaSfbRecording_cut.wav,2.0,1.0,1.131606528,3
30436237_MinPolqaSfbRecording_cut.wav,2.0,0.0,0.0,3
30259516_MinPolqaSfbRecording_cut.wav,3.0,1.732050808,1.96,3
30082213_MinPolqaSfbRecording_cut.wav,1.666666667,0.577350269,0.653333333,3
28005819_MinPolqaSfbRecording_cut.wav,3.0,1.732050808,1.96,3
30446658_MinPolqaSfbRecording_cut.wav,3.0,1.58113883,1.385929291,5
30413069_MinPolqaSfbRecording_cut.wav,3.6,0.894427191,0.784,5
30180366_MinPolqaSfbRecording_cut.wav,3.0,0.707106781,0.619806421,5
30174155_MinPolqaSfbRecording_cut.wav,4.2,0.836660027,0.733364848,5
27681130_MinPolqaSfbRecording_cut.wav,3.8,0.447213595,0.392,5
30472837_MinPolqaSfbRecording_cut.wav,4.4,0.547722558,0.48009999,5
30454029_MinPolqaSfbRecording_cut.wav,2.4,0.547722558,0.48009999,5
30083601_MinPolqaSfbRecording_cut.wav,4.4,0.894427191,0.784,5
28843428_MinPolqaSfbRecording_cut.wav,3.8,1.095445115,0.960199979,5
27885846_MinPolqaSfbRecording_cut.wav,3.2,1.303840481,1.142866571,5
30452486_MinPolqaSfbRecording_cut.wav,2.4,1.516575089,1.329336677,5
30067965_MinPolqaSfbRecording_cut.wav,3.2,1.303840481,1.142866571,5
30409357_MinPolqaSfbRecording_cut.wav,2.8,1.303840481,1.142866571,5
30104338_MinPolqaSfbRecording_cut.wav,3.2,1.303840481,1.142866571,5
27849697_MinPolqaSfbRecording_cut.wav,2.6,0.547722558,0.48009999,5
30068472_MinPolqaSfbRecording_cut.wav,1.0,0.0,0.0,3
30486344_MinPolqaSfbRecording_cut.wav,2.0,1.0,1.131606528,3
30488448_MinPolqaSfbRecording_cut.wav,2.666666667,0.577350269,0.653333333,3
28765016_MinPolqaSfbRecording_cut.wav,4.333333333,0.577350269,0.653333333,3
30097345_MinPolqaSfbRecording_cut.wav,3.666666667,1.154700538,1.306666667,3
30439132_MinPolqaSfbRecording_cut.wav,1.666666667,0.577350269,0.653333333,3
30102817_MinPolqaSfbRecording_cut.wav,3.333333333,0.577350269,0.653333333,3
30108285_MinPolqaSfbRecording_cut.wav,1.333333333,0.577350269,0.653333333,3
30080881_MinPolqaSfbRecording_cut.wav,2.2,0.836660027,0.733364848,5
30522731_MinPolqaSfbRecording_cut.wav,3.8,0.447213595,0.392,5
28174542_MinPolqaSfbRecording_cut.wav,3.8,0.836660027,0.733364848,5
28426013_MinPolqaSfbRecording_cut.wav,4.4,0.547722558,0.48009999,5
30208750_MinPolqaSfbRecording_cut.wav,3.8,0.447213595,0.392,5
27773748_MinPolqaSfbRecording_cut.wav,4.4,0.547722558,0.48009999,5
30252695_MinPolqaSfbRecording_cut.wav,1.8,0.836660027,0.733364848,5
27602826_MinPolqaSfbRecording_cut.wav,4.2,0.836660027,0.733364848,5
27863349_MinPolqaSfbRecording_cut.wav,4.333333333,0.577350269,0.653333333,3
30180137_MinPolqaSfbRecording_cut.wav,1.666666667,0.577350269,0.653333333,3
30250469_MinPolqaSfbRecording_cut.wav,3.333333333,0.577350269,0.653333333,3
30118912_MinPolqaSfbRecording_cut.wav,3.666666667,0.577350269,0.653333333,3
27930367_MinPolqaSfbRecording_cut.wav,5.0,0.0,0.0,3
30147983_MinPolqaSfbRecording_cut.wav,3.333333333,1.154700538,1.306666667,3
27510503_MinPolqaSfbRecording_cut.wav,3.333333333,0.577350269,0.653333333,3
30502697_MinPolqaSfbRecording_cut.wav,3.0,0.816496581,0.800166649,4
28238441_MinPolqaSfbRecording_cut.wav,3.75,0.957427108,0.938278566,4
30147717_MinPolqaSfbRecording_cut.wav,3.0,0.816496581,0.800166649,4
30100204_MinPolqaSfbRecording_cut.wav,4.0,0.816496581,0.800166649,4
28479180_MinPolqaSfbRecording_cut.wav,3.5,1.290994449,1.26517456,4
28171974_MinPolqaSfbRecording_cut.wav,3.75,0.5,0.49,4
29542982_MinPolqaSfbRecording_cut.wav,3.5,1.732050808,1.697409791,4
30257161_MinPolqaSfbRecording_cut.wav,3.25,1.707825128,1.673668625,4
30156510_MinPolqaSfbRecording_cut.wav,3.75,0.957427108,0.938278566,4
30123619_MinPolqaSfbRecording_cut.wav,2.6,1.140175425,0.999407825,5
28609917_MinPolqaSfbRecording_cut.wav,3.6,1.140175425,0.999407825,5
28637365_MinPolqaSfbRecording_cut.wav,3.4,0.547722558,0.48009999,5
28239674_MinPolqaSfbRecording_cut.wav,4.2,0.447213595,0.392,5
30079357_MinPolqaSfbRecording_cut.wav,2.6,1.140175425,0.999407825,5
30200304_MinPolqaSfbRecording_cut.wav,3.4,0.894427191,0.784,5
30413918_MinPolqaSfbRecording_cut.wav,3.2,1.483239697,1.300116918,5
30529118_MinPolqaSfbRecording_cut.wav,2.4,0.894427191,0.784,5
30424182_MinPolqaSfbRecording_cut.wav,3.2,1.483239697,1.300116918,5
30064880_MinPolqaSfbRecording_cut.wav,2.0,1.224744871,1.073536213,5
30164688_MinPolqaSfbRecording_cut.wav,2.2,1.095445115,0.960199979,5
30247812_MinPolqaSfbRecording_cut.wav,2.4,1.140175425,0.999407825,5
30457624_MinPolqaSfbRecording_cut.wav,2.6,0.547722558,0.48009999,5
30129662_MinPolqaSfbRecording_cut.wav,2.2,1.303840481,1.142866571,5
30083195_MinPolqaSfbRecording_cut.wav,3.8,0.836660027,0.733364848,5
30158252_MinPolqaSfbRecording_cut.wav,2.6,0.547722558,0.48009999,5
27957018_MinPolqaSfbRecording_cut.wav,4.2,0.836660027,0.733364848,5
30256758_MinPolqaSfbRecording_cut.wav,3.2,0.836660027,0.733364848,5
28630093_MinPolqaSfbRecording_cut.wav,4.0,0.707106781,0.619806421,5
30501830_MinPolqaSfbRecording_cut.wav,1.6,0.547722558,0.48009999,5
30093422_MinPolqaSfbRecording_cut.wav,2.0,0.0,0.0,5
30433871_MinPolqaSfbRecording_cut.wav,1.0,0.0,0.0,5
28846362_MinPolqaSfbRecording_cut.wav,4.4,0.894427191,0.784,5
30497373_MinPolqaSfbRecording_cut.wav,1.0,0.0,0.0,5
30064836_MinPolqaSfbRecording_cut.wav,2.0,0.707106781,0.619806421,5
28171279_MinPolqaSfbRecording_cut.wav,4.333333333,0.577350269,0.653333333,3
30097360_MinPolqaSfbRecording_cut.wav,3.333333333,1.527525232,1.728557523,3
30157688_MinPolqaSfbRecording_cut.wav,3.333333333,1.154700538,1.306666667,3
30202625_MinPolqaSfbRecording_cut.wav,4.666666667,0.577350269,0.653333333,3
30444588_MinPolqaSfbRecording_cut.wav,2.666666667,0.577350269,0.653333333,3
30455804_MinPolqaSfbRecording_cut.wav,2.0,1.0,1.131606528,3
28355674_MinPolqaSfbRecording_cut.wav,4.666666667,0.577350269,0.653333333,3
27793645_MinPolqaSfbRecording_cut.wav,4.0,0.0,0.0,3
29535359_MinPolqaSfbRecording_cut.wav,2.4,1.140175425,0.999407825,5
30449477_MinPolqaSfbRecording_cut.wav,3.0,1.224744871,1.073536213,5
30509640_MinPolqaSfbRecording_cut.wav,2.2,1.303840481,1.142866571,5
30113554_MinPolqaSfbRecording_cut.wav,4.0,0.707106781,0.619806421,5
30406559_MinPolqaSfbRecording_cut.wav,3.4,0.894427191,0.784,5
30165178_MinPolqaSfbRecording_cut.wav,4.0,0.707106781,0.619806421,5
28839281_MinPolqaSfbRecording_cut.wav,4.0,1.224744871,1.073536213,5
30254623_MinPolqaSfbRecording_cut.wav,4.2,0.836660027,0.733364848,5
30061938_MinPolqaSfbRecording_cut.wav,3.4,0.894427191,0.784,5
30206474_MinPolqaSfbRecording_cut.wav,2.8,0.836660027,0.733364848,5
30485319_MinPolqaSfbRecording_cut.wav,4.2,0.836660027,0.733364848,5
30064578_MinPolqaSfbRecording_cut.wav,3.0,0.707106781,0.619806421,5
30256512_MinPolqaSfbRecording_cut.wav,2.6,1.140175425,0.999407825,5
30250633_MinPolqaSfbRecording_cut.wav,3.4,0.894427191,0.784,5
30090909_MinPolqaSfbRecording_cut.wav,4.8,0.447213595,0.392,5
30431222_MinPolqaSfbRecording_cut.wav,3.666666667,0.577350269,0.653333333,3
25899561_MinPolqaSfbRecording_cut.wav,5.0,0.0,0.0,3
30414216_MinPolqaSfbRecording_cut.wav,2.0,1.0,1.131606528,3
30180724_MinPolqaSfbRecording_cut.wav,2.333333333,0.577350269,0.653333333,3
28986214_MinPolqaSfbRecording_cut.wav,4.333333333,0.577350269,0.653333333,3
30256312_MinPolqaSfbRecording_cut.wav,1.666666667,0.577350269,0.653333333,3
30204846_MinPolqaSfbRecording_cut.wav,3.666666667,0.577350269,0.653333333,3
28740371_MinPolqaSfbRecording_cut.wav,4.666666667,0.577350269,0.653333333,3
27722245_MinPolqaSfbRecording_cut.wav,4.666666667,0.577350269,0.653333333,3
30211311_MinPolqaSfbRecording_cut.wav,1.666666667,0.577350269,0.653333333,3
30134378_MinPolqaSfbRecording_cut.wav,2.666666667,0.577350269,0.653333333,3
30138467_MinPolqaSfbRecording_cut.wav,2.333333333,0.577350269,0.653333333,3
30406996_MinPolqaSfbRecording_cut.wav,3.333333333,0.577350269,0.653333333,3
30507618_MinPolqaSfbRecording_cut.wav,3.333333333,0.577350269,0.653333333,3
30412161_MinPolqaSfbRecording_cut.wav,1.0,0.0,0.0,3
30148505_MinPolqaSfbRecording_cut.wav,1.666666667,0.577350269,0.653333333,3
30142881_MinPolqaSfbRecording_cut.wav,3.25,1.5,1.47,4
30401017_MinPolqaSfbRecording_cut.wav,3.5,1.290994449,1.26517456,4
30113645_MinPolqaSfbRecording_cut.wav,3.75,0.5,0.49,4
30082203_MinPolqaSfbRecording_cut.wav,2.75,0.957427108,0.938278566,4
30204874_MinPolqaSfbRecording_cut.wav,3.25,1.258305739,1.233139624,4
27972722_MinPolqaSfbRecording_cut.wav,3.75,1.258305739,1.233139624,4
28167930_MinPolqaSfbRecording_cut.wav,2.75,0.5,0.49,4
30201751_MinPolqaSfbRecording_cut.wav,3.0,0.816496581,0.800166649,4
30440634_MinPolqaSfbRecording_cut.wav,3.5,0.577350269,0.565803264,4
30259107_MinPolqaSfbRecording_cut.wav,4.0,0.707106781,0.619806421,5
28020883_MinPolqaSfbRecording_cut.wav,4.2,0.447213595,0.392,5
30510536_MinPolqaSfbRecording_cut.wav,2.0,1.0,0.876538647,5
30449654_MinPolqaSfbRecording_cut.wav,2.8,1.303840481,1.142866571,5
28422326_MinPolqaSfbRecording_cut.wav,4.2,0.836660027,0.733364848,5
30426739_MinPolqaSfbRecording_cut.wav,3.4,0.547722558,0.48009999,5
28740635_MinPolqaSfbRecording_cut.wav,3.6,1.341640786,1.176,5
30154585_MinPolqaSfbRecording_cut.wav,2.8,1.095445115,0.960199979,5
30151084_MinPolqaSfbRecording_cut.wav,1.75,1.5,1.47,4
30063591_MinPolqaSfbRecording_cut.wav,3.5,0.577350269,0.565803264,4
30423928_MinPolqaSfbRecording_cut.wav,3.0,0.816496581,0.800166649,4
30263667_MinPolqaSfbRecording_cut.wav,2.0,0.816496581,0.800166649,4
30490228_MinPolqaSfbRecording_cut.wav,1.5,1.0,0.98,4
30137125_MinPolqaSfbRecording_cut.wav,1.75,1.5,1.47,4
30061160_MinPolqaSfbRecording_cut.wav,3.75,0.5,0.49,4
30468128_MinPolqaSfbRecording_cut.wav,2.0,1.0,1.131606528,3
30524002_MinPolqaSfbRecording_cut.wav,2.0,1.0,1.131606528,3
30163771_MinPolqaSfbRecording_cut.wav,2.0,1.0,1.131606528,3
30109413_MinPolqaSfbRecording_cut.wav,3.0,2.0,2.263213055,3
30100860_MinPolqaSfbRecording_cut.wav,1.0,0.0,0.0,3
30485353_MinPolqaSfbRecording_cut.wav,1.666666667,0.577350269,0.653333333,3
30529786_MinPolqaSfbRecording_cut.wav,1.333333333,0.577350269,0.653333333,3
30165924_MinPolqaSfbRecording_cut.wav,3.666666667,0.577350269,0.653333333,3
30101374_MinPolqaSfbRecording_cut.wav,1.0,0.0,0.0,3
30431668_MinPolqaSfbRecording_cut.wav,2.0,0.816496581,0.800166649,4
30120863_MinPolqaSfbRecording_cut.wav,1.75,1.5,1.47,4
27713256_MinPolqaSfbRecording_cut.wav,3.5,1.290994449,1.26517456,4
28605425_MinPolqaSfbRecording_cut.wav,2.5,1.0,0.98,4
30256241_MinPolqaSfbRecording_cut.wav,1.75,0.5,0.49,4
30249182_MinPolqaSfbRecording_cut.wav,2.0,0.816496581,0.800166649,4
27668387_MinPolqaSfbRecording_cut.wav,2.75,0.957427108,0.938278566,4
30104550_MinPolqaSfbRecording_cut.wav,3.75,0.5,0.49,4
30195084_MinPolqaSfbRecording_cut.wav,2.5,0.577350269,0.565803264,4
30099167_MinPolqaSfbRecording_cut.wav,2.5,1.290994449,1.26517456,4
30097864_MinPolqaSfbRecording_cut.wav,5.0,0.0,0.0,4
30164846_MinPolqaSfbRecording_cut.wav,3.75,1.892969449,1.85511006,4
27848894_MinPolqaSfbRecording_cut.wav,4.75,0.5,0.49,4
30159089_MinPolqaSfbRecording_cut.wav,2.0,1.414213562,1.385929291,4
28681205_MinPolqaSfbRecording_cut.wav,5.0,0.0,0.0,4
30211365_MinPolqaSfbRecording_cut.wav,4.5,0.577350269,0.565803264,4
27567241_MinPolqaSfbRecording_cut.wav,5.0,0.0,0.0,4
30088704_MinPolqaSfbRecording_cut.wav,3.0,1.414213562,1.385929291,4
30137237_MinPolqaSfbRecording_cut.wav,4.0,0.816496581,0.800166649,4
30448732_MinPolqaSfbRecording_cut.wav,3.25,1.258305739,1.233139624,4
28794107_MinPolqaSfbRecording_cut.wav,3.25,0.957427108,0.938278566,4
30071554_MinPolqaSfbRecording_cut.wav,3.75,0.5,0.49,4
30527885_MinPolqaSfbRecording_cut.wav,3.0,1.825741858,1.789227021,4
28615487_MinPolqaSfbRecording_cut.wav,3.75,0.5,0.49,4
30189449_MinPolqaSfbRecording_cut.wav,2.5,1.914854216,1.876557131,4
28170733_MinPolqaSfbRecording_cut.wav,3.75,0.957427108,0.938278566,4
30480732_MinPolqaSfbRecording_cut.wav,3.25,0.5,0.49,4
30164444_MinPolqaSfbRecording_cut.wav,3.6,0.547722558,0.48009999,5
30411217_MinPolqaSfbRecording_cut.wav,3.0,1.414213562,1.239612843,5
30093039_MinPolqaSfbRecording_cut.wav,3.0,1.414213562,1.239612843,5
30164982_MinPolqaSfbRecording_cut.wav,2.8,1.643167673,1.440299969,5
30202139_MinPolqaSfbRecording_cut.wav,3.6,1.140175425,0.999407825,5
30200987_MinPolqaSfbRecording_cut.wav,3.2,0.836660027,0.733364848,5
30138933_MinPolqaSfbRecording_cut.wav,4.0,0.0,0.0,5
30414121_MinPolqaSfbRecording_cut.wav,3.4,0.894427191,0.784,5
28771450_MinPolqaSfbRecording_cut.wav,4.333333333,0.577350269,0.653333333,3
30501451_MinPolqaSfbRecording_cut.wav,3.666666667,0.577350269,0.653333333,3
30247632_MinPolqaSfbRecording_cut.wav,3.0,1.0,1.131606528,3
30501234_MinPolqaSfbRecording_cut.wav,3.666666667,1.527525232,1.728557523,3
28368722_MinPolqaSfbRecording_cut.wav,4.666666667,0.577350269,0.653333333,3
30169270_MinPolqaSfbRecording_cut.wav,4.0,1.732050808,1.96,3
30405764_MinPolqaSfbRecording_cut.wav,3.333333333,1.527525232,1.728557523,3
30171623_MinPolqaSfbRecording_cut.wav,3.0,1.0,1.131606528,3
30184746_MinPolqaSfbRecording_cut.wav,3.6,1.140175425,0.999407825,5
30069302_MinPolqaSfbRecording_cut.wav,3.6,0.894427191,0.784,5
30432949_MinPolqaSfbRecording_cut.wav,3.8,0.447213595,0.392,5
30098773_MinPolqaSfbRecording_cut.wav,2.4,1.341640786,1.176,5
30161717_MinPolqaSfbRecording_cut.wav,3.8,1.095445115,0.960199979,5
30404859_MinPolqaSfbRecording_cut.wav,4.2,0.836660027,0.733364848,5
28640598_MinPolqaSfbRecording_cut.wav,4.0,0.707106781,0.619806421,5
30180194_MinPolqaSfbRecording_cut.wav,3.4,1.516575089,1.329336677,5
30149927_MinPolqaSfbRecording_cut.wav,4.2,0.447213595,0.392,5
29530392_MinPolqaSfbRecording_cut.wav,3.2,1.643167673,1.440299969,5
30425388_MinPolqaSfbRecording_cut.wav,2.4,1.140175425,0.999407825,5
30137779_MinPolqaSfbRecording_cut.wav,3.6,0.894427191,0.784,5
30144328_MinPolqaSfbRecording_cut.wav,2.8,0.836660027,0.733364848,5
30090862_MinPolqaSfbRecording_cut.wav,4.6,0.547722558,0.48009999,5
30112687_MinPolqaSfbRecording_cut.wav,3.6,0.547722558,0.48009999,5
30428596_MinPolqaSfbRecording_cut.wav,2.2,1.095445115,0.960199979,5
30473351_MinPolqaSfbRecording_cut.wav,3.8,1.303840481,1.142866571,5
28496323_MinPolqaSfbRecording_cut.wav,5.0,0.0,0.0,5
30130943_MinPolqaSfbRecording_cut.wav,2.75,0.957427108,0.938278566,4
28942388_MinPolqaSfbRecording_cut.wav,4.0,0.0,0.0,4
30137210_MinPolqaSfbRecording_cut.wav,4.0,0.0,0.0,4
30130796_MinPolqaSfbRecording_cut.wav,3.0,0.816496581,0.800166649,4
30128934_MinPolqaSfbRecording_cut.wav,2.5,1.290994449,1.26517456,4
30064339_MinPolqaSfbRecording_cut.wav,2.5,0.577350269,0.565803264,4
30466511_MinPolqaSfbRecording_cut.wav,3.0,0.707106781,0.619806421,5
30098613_MinPolqaSfbRecording_cut.wav,3.6,0.894427191,0.784,5
28134993_MinPolqaSfbRecording_cut.wav,4.0,0.707106781,0.619806421,5
30497336_MinPolqaSfbRecording_cut.wav,2.4,1.673320053,1.466729696,5
30065374_MinPolqaSfbRecording_cut.wav,4.2,0.447213595,0.392,5
30438369_MinPolqaSfbRecording_cut.wav,3.6,1.341640786,1.176,5
30423102_MinPolqaSfbRecording_cut.wav,3.6,1.341640786,1.176,5
30467357_MinPolqaSfbRecording_cut.wav,2.6,1.341640786,1.176,5
30254924_MinPolqaSfbRecording_cut.wav,2.8,1.303840481,1.142866571,5
28877347_MinPolqaSfbRecording_cut.wav,4.0,0.0,0.0,4
30402319_MinPolqaSfbRecording_cut.wav,3.0,1.414213562,1.385929291,4
30128766_MinPolqaSfbRecording_cut.wav,2.5,1.290994449,1.26517456,4
30497369_MinPolqaSfbRecording_cut.wav,2.5,1.732050808,1.697409791,4
30253916_MinPolqaSfbRecording_cut.wav,2.75,0.957427108,0.938278566,4
30527856_MinPolqaSfbRecording_cut.wav,2.75,1.707825128,1.673668625,4
28522167_MinPolqaSfbRecording_cut.wav,4.5,0.577350269,0.565803264,4
30066201_MinPolqaSfbRecording_cut.wav,4.666666667,0.577350269,0.653333333,3
30193281_MinPolqaSfbRecording_cut.wav,3.333333333,0.577350269,0.653333333,3
28116378_MinPolqaSfbRecording_cut.wav,4.333333333,0.577350269,0.653333333,3
28141529_MinPolqaSfbRecording_cut.wav,4.666666667,0.577350269,0.653333333,3
30183823_MinPolqaSfbRecording_cut.wav,2.666666667,1.527525232,1.728557523,3
29018943_MinPolqaSfbRecording_cut.wav,4.333333333,0.577350269,0.653333333,3
30209440_MinPolqaSfbRecording_cut.wav,4.333333333,0.577350269,0.653333333,3
30164186_MinPolqaSfbRecording_cut.wav,3.666666667,0.577350269,0.653333333,3
30166247_MinPolqaSfbRecording_cut.wav,3.666666667,0.577350269,0.653333333,3
28603578_MinPolqaSfbRecording_cut.wav,4.0,0.0,0.0,3
30101782_MinPolqaSfbRecording_cut.wav,3.666666667,1.154700538,1.306666667,3
29530275_MinPolqaSfbRecording_cut.wav,3.666666667,0.577350269,0.653333333,3
30207045_MinPolqaSfbRecording_cut.wav,3.333333333,0.577350269,0.653333333,3
30472120_MinPolqaSfbRecording_cut.wav,3.666666667,0.577350269,0.653333333,3
30166611_MinPolqaSfbRecording_cut.wav,3.666666667,0.577350269,0.653333333,3
30443346_MinPolqaSfbRecording_cut.wav,3.666666667,1.154700538,1.306666667,3
28946468_MinPolqaSfbRecording_cut.wav,4.666666667,0.577350269,0.653333333,3
30129983_MinPolqaSfbRecording_cut.wav,3.333333333,0.577350269,0.653333333,3
30081785_MinPolqaSfbRecording_cut.wav,2.666666667,0.577350269,0.653333333,3
30451125_MinPolqaSfbRecording_cut.wav,3.75,1.5,1.47,4
30403810_MinPolqaSfbRecording_cut.wav,4.25,0.5,0.49,4
29533267_MinPolqaSfbRecording_cut.wav,2.5,1.732050808,1.697409791,4
30406104_MinPolqaSfbRecording_cut.wav,3.0,1.154700538,1.131606528,4
30445284_MinPolqaSfbRecording_cut.wav,3.5,1.0,0.98,4
28077701_MinPolqaSfbRecording_cut.wav,4.25,0.5,0.49,4
30198042_MinPolqaSfbRecording_cut.wav,3.0,0.816496581,0.800166649,4
30128927_MinPolqaSfbRecording_cut.wav,1.75,0.957427108,0.938278566,4
30527677_MinPolqaSfbRecording_cut.wav,3.75,0.957427108,0.938278566,4
30411166_MinPolqaSfbRecording_cut.wav,1.75,0.957427108,0.938278566,4
30442031_MinPolqaSfbRecording_cut.wav,3.0,0.816496581,0.800166649,4
30424703_MinPolqaSfbRecording_cut.wav,4.0,0.816496581,0.800166649,4
30472779_MinPolqaSfbRecording_cut.wav,3.0,1.154700538,1.131606528,4
30070461_MinPolqaSfbRecording_cut.wav,2.0,1.414213562,1.385929291,4
30511617_MinPolqaSfbRecording_cut.wav,2.75,1.707825128,1.673668625,4
30068877_MinPolqaSfbRecording_cut.wav,4.25,0.5,0.49,4
30423273_MinPolqaSfbRecording_cut.wav,3.75,0.957427108,0.938278566,4
29537069_MinPolqaSfbRecording_cut.wav,4.0,0.816496581,0.800166649,4
30065746_MinPolqaSfbRecording_cut.wav,3.5,0.577350269,0.565803264,4
30508612_MinPolqaSfbRecording_cut.wav,4.0,0.816496581,0.800166649,4
28534822_MinPolqaSfbRecording_cut.wav,3.75,0.5,0.49,4
30484245_MinPolqaSfbRecording_cut.wav,3.5,0.577350269,0.565803264,4
30430478_MinPolqaSfbRecording_cut.wav,3.75,0.957427108,0.938278566,4
30144966_MinPolqaSfbRecording_cut.wav,3.75,0.5,0.49,4
28147407_MinPolqaSfbRecording_cut.wav,4.0,0.816496581,0.800166649,4
28431325_MinPolqaSfbRecording_cut.wav,4.25,0.957427108,0.938278566,4
28058543_MinPolqaSfbRecording_cut.wav,3.75,0.5,0.49,4
30248818_MinPolqaSfbRecording_cut.wav,4.333333333,0.577350269,0.653333333,3
27928342_MinPolqaSfbRecording_cut.wav,3.666666667,0.577350269,0.653333333,3
30122105_MinPolqaSfbRecording_cut.wav,3.0,1.0,1.131606528,3
30164409_MinPolqaSfbRecording_cut.wav,3.333333333,1.154700538,1.306666667,3
30255560_MinPolqaSfbRecording_cut.wav,1.666666667,1.154700538,1.306666667,3
30521170_MinPolqaSfbRecording_cut.wav,2.666666667,1.527525232,1.728557523,3
30146857_MinPolqaSfbRecording_cut.wav,1.333333333,0.577350269,0.653333333,3
30106340_MinPolqaSfbRecording_cut.wav,4.333333333,0.577350269,0.653333333,3
30455578_MinPolqaSfbRecording_cut.wav,3.666666667,0.577350269,0.653333333,3
30511542_MinPolqaSfbRecording_cut.wav,3.666666667,0.577350269,0.653333333,3
28807586_MinPolqaSfbRecording_cut.wav,5.0,0.0,0.0,3
28157080_MinPolqaSfbRecording_cut.wav,4.0,0.0,0.0,3
30199059_MinPolqaSfbRecording_cut.wav,4.0,1.0,1.131606528,3
30065260_MinPolqaSfbRecording_cut.wav,3.0,0.0,0.0,3
28539368_MinPolqaSfbRecording_cut.wav,4.333333333,0.577350269,0.653333333,3
27949335_MinPolqaSfbRecording_cut.wav,3.75,0.5,0.49,4
30141964_MinPolqaSfbRecording_cut.wav,2.5,0.577350269,0.565803264,4
28103763_MinPolqaSfbRecording_cut.wav,3.75,0.957427108,0.938278566,4
30508714_MinPolqaSfbRecording_cut.wav,4.0,0.816496581,0.800166649,4
30452248_MinPolqaSfbRecording_cut.wav,3.75,0.957427108,0.938278566,4
30502632_MinPolqaSfbRecording_cut.wav,3.5,0.577350269,0.565803264,4
30100055_MinPolqaSfbRecording_cut.wav,3.75,1.258305739,1.233139624,4
30061294_MinPolqaSfbRecording_cut.wav,4.0,0.816496581,0.800166649,4
30122281_MinPolqaSfbRecording_cut.wav,2.25,0.5,0.49,4
28787117_MinPolqaSfbRecording_cut.wav,3.75,0.5,0.49,4
30186232_MinPolqaSfbRecording_cut.wav,3.25,0.957427108,0.938278566,4
29542054_MinPolqaSfbRecording_cut.wav,2.75,1.5,1.47,4
30426266_MinPolqaSfbRecording_cut.wav,4.0,0.816496581,0.800166649,4
30169264_MinPolqaSfbRecording_cut.wav,2.75,0.5,0.49,4
28122775_MinPolqaSfbRecording_cut.wav,4.5,0.577350269,0.565803264,4
29535097_MinPolqaSfbRecording_cut.wav,3.0,1.154700538,1.131606528,4
30069448_MinPolqaSfbRecording_cut.wav,3.0,0.816496581,0.800166649,4
30468967_MinPolqaSfbRecording_cut.wav,3.5,1.0,0.98,4
30212766_MinPolqaSfbRecording_cut.wav,3.5,0.577350269,0.565803264,4
28808187_MinPolqaSfbRecording_cut.wav,3.25,0.957427108,0.938278566,4
30157091_MinPolqaSfbRecording_cut.wav,3.75,0.5,0.49,4
30163562_MinPolqaSfbRecording_cut.wav,2.0,1.414213562,1.385929291,4
28694845_MinPolqaSfbRecording_cut.wav,4.0,0.0,0.0,4
29532978_MinPolqaSfbRecording_cut.wav,2.5,1.0,0.98,4
29532426_MinPolqaSfbRecording_cut.wav,3.5,0.577350269,0.565803264,4
30483713_MinPolqaSfbRecording_cut.wav,3.75,0.5,0.49,4
30097732_MinPolqaSfbRecording_cut.wav,4.25,0.5,0.49,4
28928897_MinPolqaSfbRecording_cut.wav,4.5,0.577350269,0.565803264,4
28016998_MinPolqaSfbRecording_cut.wav,4.0,0.0,0.0,4
25890584_MinPolqaSfbRecording_cut.wav,4.25,0.5,0.49,4
30497613_MinPolqaSfbRecording_cut.wav,4.5,0.577350269,0.565803264,4
30423136_MinPolqaSfbRecording_cut.wav,3.5,1.290994449,1.26517456,4
30264388_MinPolqaSfbRecording_cut.wav,3.25,0.957427108,0.938278566,4
30482928_MinPolqaSfbRecording_cut.wav,2.75,0.957427108,0.938278566,4
30123175_MinPolqaSfbRecording_cut.wav,2.75,0.957427108,0.938278566,4
30529408_MinPolqaSfbRecording_cut.wav,2.666666667,0.577350269,0.653333333,3
30069843_MinPolqaSfbRecording_cut.wav,1.666666667,0.577350269,0.653333333,3
30107584_MinPolqaSfbRecording_cut.wav,2.0,0.0,0.0,3
30138490_MinPolqaSfbRecording_cut.wav,3.0,1.0,1.131606528,3
30149942_MinPolqaSfbRecording_cut.wav,4.0,1.0,1.131606528,3
28419202_MinPolqaSfbRecording_cut.wav,4.666666667,0.577350269,0.653333333,3
30202148_MinPolqaSfbRecording_cut.wav,3.0,1.0,1.131606528,3
30201324_MinPolqaSfbRecording_cut.wav,3.666666667,0.577350269,0.653333333,3
30522572_MinPolqaSfbRecording_cut.wav,4.5,0.707106781,0.98,2
30096874_MinPolqaSfbRecording_cut.wav,3.0,1.414213562,1.96,2
30143453_MinPolqaSfbRecording_cut.wav,2.0,0.0,0.0,2
30467003_MinPolqaSfbRecording_cut.wav,3.5,0.707106781,0.98,2
29540177_MinPolqaSfbRecording_cut.wav,4.0,1.414213562,1.96,2
30186087_MinPolqaSfbRecording_cut.wav,3.0,1.414213562,1.96,2
28790355_MinPolqaSfbRecording_cut.wav,4.5,0.707106781,0.98,2
30491287_MinPolqaSfbRecording_cut.wav,3.0,0.0,0.0,2
28677441_MinPolqaSfbRecording_cut.wav,3.4,1.516575089,1.329336677,5
30484929_MinPolqaSfbRecording_cut.wav,2.4,1.140175425,0.999407825,5
30133550_MinPolqaSfbRecording_cut.wav,1.6,0.894427191,0.784,5
30210854_MinPolqaSfbRecording_cut.wav,3.0,1.224744871,1.073536213,5
30254615_MinPolqaSfbRecording_cut.wav,2.2,1.095445115,0.960199979,5
28030166_MinPolqaSfbRecording_cut.wav,4.4,0.894427191,0.784,5
30119728_MinPolqaSfbRecording_cut.wav,3.2,1.483239697,1.300116918,5
30176163_MinPolqaSfbRecording_cut.wav,2.0,0.707106781,0.619806421,5
28133612_MinPolqaSfbRecording_cut.wav,3.8,0.836660027,0.733364848,5
30064172_MinPolqaSfbRecording_cut.wav,3.4,0.547722558,0.48009999,5
30435321_MinPolqaSfbRecording_cut.wav,1.4,0.547722558,0.48009999,5
30194493_MinPolqaSfbRecording_cut.wav,2.0,1.224744871,1.073536213,5
30066261_MinPolqaSfbRecording_cut.wav,2.6,0.894427191,0.784,5
28888675_MinPolqaSfbRecording_cut.wav,4.0,0.707106781,0.619806421,5
30471268_MinPolqaSfbRecording_cut.wav,3.8,0.836660027,0.733364848,5
30071916_MinPolqaSfbRecording_cut.wav,2.6,0.894427191,0.784,5
30150624_MinPolqaSfbRecording_cut.wav,3.6,0.894427191,0.784,5
30414168_MinPolqaSfbRecording_cut.wav,1.666666667,1.154700538,1.306666667,3
30060052_MinPolqaSfbRecording_cut.wav,2.333333333,0.577350269,0.653333333,3
30201047_MinPolqaSfbRecording_cut.wav,1.333333333,0.577350269,0.653333333,3
30430623_MinPolqaSfbRecording_cut.wav,3.333333333,1.154700538,1.306666667,3
30437580_MinPolqaSfbRecording_cut.wav,1.333333333,0.577350269,0.653333333,3
30089935_MinPolqaSfbRecording_cut.wav,4.0,1.0,1.131606528,3
29538758_MinPolqaSfbRecording_cut.wav,4.0,0.0,0.0,3
30097654_MinPolqaSfbRecording_cut.wav,1.333333333,0.577350269,0.653333333,3
28451879_MinPolqaSfbRecording_cut.wav,3.75,0.957427108,0.938278566,4
30076511_MinPolqaSfbRecording_cut.wav,3.75,0.5,0.49,4
30106972_MinPolqaSfbRecording_cut.wav,3.5,0.577350269,0.565803264,4
30465435_MinPolqaSfbRecording_cut.wav,2.5,1.732050808,1.697409791,4
30160085_MinPolqaSfbRecording_cut.wav,3.5,0.577350269,0.565803264,4
30460918_MinPolqaSfbRecording_cut.wav,3.0,0.816496581,0.800166649,4
27980745_MinPolqaSfbRecording_cut.wav,3.0,0.816496581,0.800166649,4
30445194_MinPolqaSfbRecording_cut.wav,2.25,1.258305739,1.233139624,4
29533796_MinPolqaSfbRecording_cut.wav,2.8,0.836660027,0.733364848,5
30141626_MinPolqaSfbRecording_cut.wav,3.2,0.447213595,0.392,5
28780546_MinPolqaSfbRecording_cut.wav,3.4,0.894427191,0.784,5
30263566_MinPolqaSfbRecording_cut.wav,3.2,1.303840481,1.142866571,5
30065373_MinPolqaSfbRecording_cut.wav,4.0,0.707106781,0.619806421,5
30068044_MinPolqaSfbRecording_cut.wav,4.2,0.447213595,0.392,5
27811318_MinPolqaSfbRecording_cut.wav,4.25,0.5,0.49,4
30083091_MinPolqaSfbRecording_cut.wav,4.75,0.5,0.49,4
28023232_MinPolqaSfbRecording_cut.wav,4.5,1.0,0.98,4
30106161_MinPolqaSfbRecording_cut.wav,3.75,0.957427108,0.938278566,4
28523055_MinPolqaSfbRecording_cut.wav,4.5,0.577350269,0.565803264,4
28794117_MinPolqaSfbRecording_cut.wav,4.75,0.5,0.49,4
30091605_MinPolqaSfbRecording_cut.wav,3.0,0.816496581,0.800166649,4
30072795_MinPolqaSfbRecording_cut.wav,3.25,0.957427108,0.938278566,4
30090511_MinPolqaSfbRecording_cut.wav,3.25,1.258305739,1.233139624,4
30210888_MinPolqaSfbRecording_cut.wav,4.0,0.816496581,0.800166649,4
30491401_MinPolqaSfbRecording_cut.wav,3.75,1.5,1.47,4
30429038_MinPolqaSfbRecording_cut.wav,3.25,0.957427108,0.938278566,4
28731382_MinPolqaSfbRecording_cut.wav,4.25,0.957427108,0.938278566,4
30179295_MinPolqaSfbRecording_cut.wav,3.75,1.5,1.47,4
30097766_MinPolqaSfbRecording_cut.wav,3.75,1.5,1.47,4
30456213_MinPolqaSfbRecording_cut.wav,2.0,1.414213562,1.385929291,4
30097659_MinPolqaSfbRecording_cut.wav,3.0,1.414213562,1.385929291,4
30439884_MinPolqaSfbRecording_cut.wav,2.5,1.290994449,1.26517456,4
27974149_MinPolqaSfbRecording_cut.wav,3.75,0.957427108,0.938278566,4
28471350_MinPolqaSfbRecording_cut.wav,3.5,1.0,0.98,4
30485385_MinPolqaSfbRecording_cut.wav,2.75,0.5,0.49,4
30255681_MinPolqaSfbRecording_cut.wav,4.0,0.816496581,0.800166649,4
30470200_MinPolqaSfbRecording_cut.wav,3.0,1.632993162,1.600333299,4
30263894_MinPolqaSfbRecording_cut.wav,3.25,1.258305739,1.233139624,4
30473407_MinPolqaSfbRecording_cut.wav,3.0,1.414213562,1.385929291,4
30483258_MinPolqaSfbRecording_cut.wav,3.0,1.632993162,1.600333299,4
30121025_MinPolqaSfbRecording_cut.wav,3.4,0.547722558,0.48009999,5
30207899_MinPolqaSfbRecording_cut.wav,4.0,0.707106781,0.619806421,5
30503329_MinPolqaSfbRecording_cut.wav,2.8,1.303840481,1.142866571,5
30076180_MinPolqaSfbRecording_cut.wav,4.0,1.0,0.876538647,5
30442242_MinPolqaSfbRecording_cut.wav,4.0,0.707106781,0.619806421,5
30427516_MinPolqaSfbRecording_cut.wav,3.0,1.224744871,1.073536213,5
28183268_MinPolqaSfbRecording_cut.wav,4.6,0.547722558,0.48009999,5
27915496_MinPolqaSfbRecording_cut.wav,4.2,0.447213595,0.392,5
29536834_MinPolqaSfbRecording_cut.wav,3.0,1.224744871,1.073536213,5
30454009_MinPolqaSfbRecording_cut.wav,3.666666667,0.577350269,0.653333333,3
27759402_MinPolqaSfbRecording_cut.wav,4.666666667,0.577350269,0.653333333,3
28757537_MinPolqaSfbRecording_cut.wav,4.333333333,1.154700538,1.306666667,3
30150400_MinPolqaSfbRecording_cut.wav,3.666666667,1.154700538,1.306666667,3
30440899_MinPolqaSfbRecording_cut.wav,2.333333333,0.577350269,0.653333333,3
30490027_MinPolqaSfbRecording_cut.wav,2.666666667,1.527525232,1.728557523,3
30485916_MinPolqaSfbRecording_cut.wav,2.5,0.577350269,0.565803264,4
30472055_MinPolqaSfbRecording_cut.wav,2.5,0.577350269,0.565803264,4
30108641_MinPolqaSfbRecording_cut.wav,3.25,1.258305739,1.233139624,4
30129576_MinPolqaSfbRecording_cut.wav,2.5,0.577350269,0.565803264,4
30492681_MinPolqaSfbRecording_cut.wav,2.0,0.0,0.0,4
28491687_MinPolqaSfbRecording_cut.wav,3.25,0.5,0.49,4
30454059_MinPolqaSfbRecording_cut.wav,3.25,0.5,0.49,4
28420211_MinPolqaSfbRecording_cut.wav,4.25,0.957427108,0.938278566,4
30527166_MinPolqaSfbRecording_cut.wav,2.75,0.957427108,0.938278566,4
30471052_MinPolqaSfbRecording_cut.wav,2.0,1.732050808,1.96,3
30200845_MinPolqaSfbRecording_cut.wav,4.666666667,0.577350269,0.653333333,3
30253880_MinPolqaSfbRecording_cut.wav,3.0,1.0,1.131606528,3
30250068_MinPolqaSfbRecording_cut.wav,4.0,1.0,1.131606528,3
30523262_MinPolqaSfbRecording_cut.wav,2.666666667,2.081665999,2.355626833,3
30465647_MinPolqaSfbRecording_cut.wav,4.333333333,0.577350269,0.653333333,3
30123675_MinPolqaSfbRecording_cut.wav,4.333333333,0.577350269,0.653333333,3
28122548_MinPolqaSfbRecording_cut.wav,4.333333333,0.577350269,0.653333333,3
29539036_MinPolqaSfbRecording_cut.wav,4.0,1.0,1.131606528,3
30463919_MinPolqaSfbRecording_cut.wav,2.0,1.0,1.131606528,3
30163567_MinPolqaSfbRecording_cut.wav,3.0,0.0,0.0,3
30128645_MinPolqaSfbRecording_cut.wav,2.666666667,1.154700538,1.306666667,3
28790978_MinPolqaSfbRecording_cut.wav,4.333333333,0.577350269,0.653333333,3
30066535_MinPolqaSfbRecording_cut.wav,4.0,0.0,0.0,3
30096379_MinPolqaSfbRecording_cut.wav,3.333333333,0.577350269,0.653333333,3
30200001_MinPolqaSfbRecording_cut.wav,2.8,1.303840481,1.142866571,5
30257488_MinPolqaSfbRecording_cut.wav,3.6,1.673320053,1.466729696,5
30260579_MinPolqaSfbRecording_cut.wav,3.2,1.303840481,1.142866571,5
30488878_MinPolqaSfbRecording_cut.wav,2.4,1.516575089,1.329336677,5
30165838_MinPolqaSfbRecording_cut.wav,3.2,0.836660027,0.733364848,5
30070708_MinPolqaSfbRecording_cut.wav,3.0,1.414213562,1.239612843,5
30263580_MinPolqaSfbRecording_cut.wav,3.8,1.095445115,0.960199979,5
30486029_MinPolqaSfbRecording_cut.wav,3.2,0.836660027,0.733364848,5
30497562_MinPolqaSfbRecording_cut.wav,3.5,0.707106781,0.98,2
30132125_MinPolqaSfbRecording_cut.wav,3.5,0.707106781,0.98,2
30178502_MinPolqaSfbRecording_cut.wav,2.5,0.707106781,0.98,2
30508663_MinPolqaSfbRecording_cut.wav,2.0,0.0,0.0,2
30103603_MinPolqaSfbRecording_cut.wav,4.5,0.707106781,0.98,2
30155980_MinPolqaSfbRecording_cut.wav,2.5,0.707106781,0.98,2
30433648_MinPolqaSfbRecording_cut.wav,3.0,1.414213562,1.96,2
30194898_MinPolqaSfbRecording_cut.wav,3.0,0.0,0.0,2
30514092_MinPolqaSfbRecording_cut.wav,2.2,0.836660027,0.733364848,5
29541588_MinPolqaSfbRecording_cut.wav,3.8,1.303840481,1.142866571,5
30143677_MinPolqaSfbRecording_cut.wav,3.0,0.707106781,0.619806421,5
27876686_MinPolqaSfbRecording_cut.wav,3.0,0.707106781,0.619806421,5
30205293_MinPolqaSfbRecording_cut.wav,3.0,0.707106781,0.619806421,5
30262836_MinPolqaSfbRecording_cut.wav,2.6,1.140175425,0.999407825,5
30142342_MinPolqaSfbRecording_cut.wav,3.6,0.547722558,0.48009999,5
29543836_MinPolqaSfbRecording_cut.wav,2.4,0.894427191,0.784,5
30143044_MinPolqaSfbRecording_cut.wav,3.8,0.836660027,0.733364848,5
30123364_MinPolqaSfbRecording_cut.wav,4.4,0.547722558,0.48009999,5
30449433_MinPolqaSfbRecording_cut.wav,2.4,0.894427191,0.784,5
30119042_MinPolqaSfbRecording_cut.wav,2.6,0.894427191,0.784,5
30431100_MinPolqaSfbRecording_cut.wav,4.0,0.707106781,0.619806421,5
30177967_MinPolqaSfbRecording_cut.wav,4.8,0.447213595,0.392,5
30522716_MinPolqaSfbRecording_cut.wav,3.6,0.894427191,0.784,5
27923144_MinPolqaSfbRecording_cut.wav,4.4,0.547722558,0.48009999,5
27861451_MinPolqaSfbRecording_cut.wav,5.0,0.0,0.0,5
29543859_MinPolqaSfbRecording_cut.wav,2.0,1.732050808,1.96,3
27944997_MinPolqaSfbRecording_cut.wav,3.666666667,0.577350269,0.653333333,3
29532183_MinPolqaSfbRecording_cut.wav,3.333333333,0.577350269,0.653333333,3
30467351_MinPolqaSfbRecording_cut.wav,2.666666667,2.081665999,2.355626833,3
30123133_MinPolqaSfbRecording_cut.wav,3.0,1.0,1.131606528,3
30081631_MinPolqaSfbRecording_cut.wav,3.333333333,1.527525232,1.728557523,3
30463095_MinPolqaSfbRecording_cut.wav,3.333333333,1.527525232,1.728557523,3
30158620_MinPolqaSfbRecording_cut.wav,2.666666667,2.081665999,2.355626833,3
30143634_MinPolqaSfbRecording_cut.wav,2.6,0.894427191,0.784,5
30471250_MinPolqaSfbRecording_cut.wav,3.2,0.836660027,0.733364848,5
30070414_MinPolqaSfbRecording_cut.wav,3.4,0.894427191,0.784,5
27778046_MinPolqaSfbRecording_cut.wav,3.6,0.894427191,0.784,5
30454253_MinPolqaSfbRecording_cut.wav,2.6,1.516575089,1.329336677,5
30151944_MinPolqaSfbRecording_cut.wav,2.6,0.547722558,0.48009999,5
30154042_MinPolqaSfbRecording_cut.wav,3.8,0.836660027,0.733364848,5
28940294_MinPolqaSfbRecording_cut.wav,4.5,0.707106781,0.98,2
28435440_MinPolqaSfbRecording_cut.wav,5.0,0.0,0.0,2
30069440_MinPolqaSfbRecording_cut.wav,2.5,2.121320344,2.94,2
28686497_MinPolqaSfbRecording_cut.wav,5.0,0.0,0.0,2
30097841_MinPolqaSfbRecording_cut.wav,3.0,2.828427125,3.92,2
28147906_MinPolqaSfbRecording_cut.wav,5.0,0.0,0.0,2
30064563_MinPolqaSfbRecording_cut.wav,3.5,0.707106781,0.98,2
30159801_MinPolqaSfbRecording_cut.wav,4.0,0.0,0.0,2
30185526_MinPolqaSfbRecording_cut.wav,3.5,0.707106781,0.98,2
30529573_MinPolqaSfbRecording_cut.wav,3.0,1.414213562,1.96,2
30251233_MinPolqaSfbRecording_cut.wav,3.5,0.707106781,0.98,2
30404729_MinPolqaSfbRecording_cut.wav,3.0,0.0,0.0,2
30068938_MinPolqaSfbRecording_cut.wav,3.5,0.707106781,0.98,2
30474910_MinPolqaSfbRecording_cut.wav,4.0,0.0,0.0,2
30422851_MinPolqaSfbRecording_cut.wav,3.5,0.707106781,0.98,2
30515821_MinPolqaSfbRecording_cut.wav,3.0,0.0,0.0,2
30068519_MinPolqaSfbRecording_cut.wav,4.0,0.0,0.0,2
30421307_MinPolqaSfbRecording_cut.wav,3.5,0.707106781,0.98,2
30513152_MinPolqaSfbRecording_cut.wav,2.0,0.0,0.0,3
30478415_MinPolqaSfbRecording_cut.wav,3.333333333,0.577350269,0.653333333,3
30176916_MinPolqaSfbRecording_cut.wav,3.0,0.0,0.0,3
30255243_MinPolqaSfbRecording_cut.wav,4.333333333,0.577350269,0.653333333,3
30253443_MinPolqaSfbRecording_cut.wav,1.333333333,0.577350269,0.653333333,3
30097135_MinPolqaSfbRecording_cut.wav,2.666666667,0.577350269,0.653333333,3
30431766_MinPolqaSfbRecording_cut.wav,3.0,0.0,0.0,3
30199704_MinPolqaSfbRecording_cut.wav,2.666666667,1.154700538,1.306666667,3
30061267_MinPolqaSfbRecording_cut.wav,4.0,0.816496581,0.800166649,4
27908631_MinPolqaSfbRecording_cut.wav,4.25,0.957427108,0.938278566,4
30193314_MinPolqaSfbRecording_cut.wav,3.75,0.5,0.49,4
29055672_MinPolqaSfbRecording_cut.wav,3.75,0.957427108,0.938278566,4
30457682_MinPolqaSfbRecording_cut.wav,2.0,1.154700538,1.131606528,4
28745051_MinPolqaSfbRecording_cut.wav,4.25,0.5,0.49,4
28982973_MinPolqaSfbRecording_cut.wav,3.25,0.957427108,0.938278566,4
30194227_MinPolqaSfbRecording_cut.wav,2.25,1.892969449,1.85511006,4
28661714_MinPolqaSfbRecording_cut.wav,4.2,0.447213595,0.392,5
30067675_MinPolqaSfbRecording_cut.wav,3.0,0.707106781,0.619806421,5
27790734_MinPolqaSfbRecording_cut.wav,3.8,0.447213595,0.392,5
30133970_MinPolqaSfbRecording_cut.wav,2.6,0.894427191,0.784,5
30097999_MinPolqaSfbRecording_cut.wav,4.4,0.547722558,0.48009999,5
30078583_MinPolqaSfbRecording_cut.wav,3.2,0.447213595,0.392,5
30206544_MinPolqaSfbRecording_cut.wav,2.4,1.140175425,0.999407825,5
30257813_MinPolqaSfbRecording_cut.wav,2.8,0.836660027,0.733364848,5
30147603_MinPolqaSfbRecording_cut.wav,3.0,0.0,0.0,2
30155712_MinPolqaSfbRecording_cut.wav,3.5,0.707106781,0.98,2
30151472_MinPolqaSfbRecording_cut.wav,3.0,0.0,0.0,2
30403812_MinPolqaSfbRecording_cut.wav,2.0,1.414213562,1.96,2
30174332_MinPolqaSfbRecording_cut.wav,2.5,0.707106781,0.98,2
28754966_MinPolqaSfbRecording_cut.wav,3.5,0.707106781,0.98,2
28459524_MinPolqaSfbRecording_cut.wav,4.0,0.0,0.0,2
30514712_MinPolqaSfbRecording_cut.wav,2.0,0.0,0.0,2
30205440_MinPolqaSfbRecording_cut.wav,3.0,0.0,0.0,5
29538708_MinPolqaSfbRecording_cut.wav,1.6,0.894427191,0.784,5
30174823_MinPolqaSfbRecording_cut.wav,3.0,0.707106781,0.619806421,5
30406297_MinPolqaSfbRecording_cut.wav,3.2,0.447213595,0.392,5
30204983_MinPolqaSfbRecording_cut.wav,3.0,0.707106781,0.619806421,5
28228026_MinPolqaSfbRecording_cut.wav,3.0,0.0,0.0,5
30436368_MinPolqaSfbRecording_cut.wav,3.0,0.707106781,0.619806421,5
30250258_MinPolqaSfbRecording_cut.wav,2.6,0.894427191,0.784,5
30202695_MinPolqaSfbRecording_cut.wav,3.4,1.140175425,0.999407825,5
28068168_MinPolqaSfbRecording_cut.wav,3.8,0.836660027,0.733364848,5
30436009_MinPolqaSfbRecording_cut.wav,2.8,1.303840481,1.142866571,5
30198653_MinPolqaSfbRecording_cut.wav,3.2,1.483239697,1.300116918,5
30067184_MinPolqaSfbRecording_cut.wav,3.6,1.140175425,0.999407825,5
30088756_MinPolqaSfbRecording_cut.wav,2.8,1.095445115,0.960199979,5
30177228_MinPolqaSfbRecording_cut.wav,3.6,0.547722558,0.48009999,5
29537933_MinPolqaSfbRecording_cut.wav,2.8,1.095445115,0.960199979,5
30175156_MinPolqaSfbRecording_cut.wav,2.6,1.516575089,1.329336677,5
30259929_MinPolqaSfbRecording_cut.wav,3.6,0.547722558,0.48009999,5
30506223_MinPolqaSfbRecording_cut.wav,4.0,0.707106781,0.619806421,5
30460709_MinPolqaSfbRecording_cut.wav,3.0,0.707106781,0.619806421,5
28600227_MinPolqaSfbRecording_cut.wav,4.2,0.836660027,0.733364848,5
29531248_MinPolqaSfbRecording_cut.wav,1.6,0.894427191,0.784,5
30162092_MinPolqaSfbRecording_cut.wav,2.0,0.707106781,0.619806421,5
30261233_MinPolqaSfbRecording_cut.wav,3.4,0.894427191,0.784,5
29057812_MinPolqaSfbRecording_cut.wav,4.0,1.154700538,1.131606528,4
30194386_MinPolqaSfbRecording_cut.wav,3.25,0.957427108,0.938278566,4
30135754_MinPolqaSfbRecording_cut.wav,4.0,0.816496581,0.800166649,4
27674176_MinPolqaSfbRecording_cut.wav,3.5,1.290994449,1.26517456,4
30445386_MinPolqaSfbRecording_cut.wav,3.0,1.154700538,1.131606528,4
27703255_MinPolqaSfbRecording_cut.wav,3.5,1.290994449,1.26517456,4
29542090_MinPolqaSfbRecording_cut.wav,4.5,0.577350269,0.565803264,4
30206583_MinPolqaSfbRecording_cut.wav,2.75,0.957427108,0.938278566,4
30409831_MinPolqaSfbRecording_cut.wav,3.0,0.816496581,0.800166649,4
27597151_MinPolqaSfbRecording_cut.wav,4.5,0.707106781,0.98,2
29530847_MinPolqaSfbRecording_cut.wav,4.0,0.0,0.0,2
30493658_MinPolqaSfbRecording_cut.wav,2.5,0.707106781,0.98,2
30481104_MinPolqaSfbRecording_cut.wav,5.0,0.0,0.0,2
30527122_MinPolqaSfbRecording_cut.wav,4.0,0.0,0.0,2
28470694_MinPolqaSfbRecording_cut.wav,4.5,0.707106781,0.98,2
30066567_MinPolqaSfbRecording_cut.wav,4.0,0.0,0.0,2
30207779_MinPolqaSfbRecording_cut.wav,2.5,0.707106781,0.98,2
28052293_MinPolqaSfbRecording_cut.wav,4.5,0.707106781,0.98,2
30211149_MinPolqaSfbRecording_cut.wav,4.5,0.707106781,0.98,2
27934517_MinPolqaSfbRecording_cut.wav,4.25,0.5,0.49,4
28118986_MinPolqaSfbRecording_cut.wav,4.25,0.5,0.49,4
30182508_MinPolqaSfbRecording_cut.wav,4.0,0.816496581,0.800166649,4
30407163_MinPolqaSfbRecording_cut.wav,4.25,0.957427108,0.938278566,4
30508671_MinPolqaSfbRecording_cut.wav,4.25,0.957427108,0.938278566,4
30406707_MinPolqaSfbRecording_cut.wav,2.5,1.290994449,1.26517456,4
27984863_MinPolqaSfbRecording_cut.wav,4.0,1.154700538,1.131606528,4
30405444_MinPolqaSfbRecording_cut.wav,3.25,1.5,1.47,4
30249347_MinPolqaSfbRecording_cut.wav,3.25,1.258305739,1.233139624,4
30206042_MinPolqaSfbRecording_cut.wav,3.0,1.0,1.131606528,3
28438017_MinPolqaSfbRecording_cut.wav,3.666666667,1.154700538,1.306666667,3
30098298_MinPolqaSfbRecording_cut.wav,2.333333333,1.527525232,1.728557523,3
28536350_MinPolqaSfbRecording_cut.wav,3.0,0.0,0.0,3
30257438_MinPolqaSfbRecording_cut.wav,3.0,0.0,0.0,3
30181504_MinPolqaSfbRecording_cut.wav,3.333333333,0.577350269,0.653333333,3
30167296_MinPolqaSfbRecording_cut.wav,1.666666667,1.154700538,1.306666667,3
30209298_MinPolqaSfbRecording_cut.wav,3.75,0.5,0.49,4
30252471_MinPolqaSfbRecording_cut.wav,2.5,1.290994449,1.26517456,4
30135879_MinPolqaSfbRecording_cut.wav,2.5,1.290994449,1.26517456,4
30078684_MinPolqaSfbRecording_cut.wav,3.0,0.816496581,0.800166649,4
30427845_MinPolqaSfbRecording_cut.wav,3.25,0.5,0.49,4
27659271_MinPolqaSfbRecording_cut.wav,3.75,0.5,0.49,4
30132146_MinPolqaSfbRecording_cut.wav,4.0,0.0,0.0,4
30207911_MinPolqaSfbRecording_cut.wav,3.25,0.5,0.49,4
27729697_MinPolqaSfbRecording_cut.wav,3.0,1.224744871,1.073536213,5
30250061_MinPolqaSfbRecording_cut.wav,2.6,0.547722558,0.48009999,5
30253968_MinPolqaSfbRecording_cut.wav,3.6,0.894427191,0.784,5
30161683_MinPolqaSfbRecording_cut.wav,2.4,1.140175425,0.999407825,5
30076249_MinPolqaSfbRecording_cut.wav,4.2,0.836660027,0.733364848,5
30073231_MinPolqaSfbRecording_cut.wav,3.0,0.707106781,0.619806421,5
28353366_MinPolqaSfbRecording_cut.wav,4.0,1.224744871,1.073536213,5
28083461_MinPolqaSfbRecording_cut.wav,4.2,0.447213595,0.392,5
27828656_MinPolqaSfbRecording_cut.wav,4.4,0.894427191,0.784,5
28279706_MinPolqaSfbRecording_cut.wav,4.0,0.707106781,0.619806421,5
30523645_MinPolqaSfbRecording_cut.wav,3.0,1.224744871,1.073536213,5
30098827_MinPolqaSfbRecording_cut.wav,2.6,1.816590212,1.592311527,5
30111660_MinPolqaSfbRecording_cut.wav,2.6,0.894427191,0.784,5
29540275_MinPolqaSfbRecording_cut.wav,2.2,1.303840481,1.142866571,5
30176768_MinPolqaSfbRecording_cut.wav,3.6,0.547722558,0.48009999,5
30253929_MinPolqaSfbRecording_cut.wav,4.0,0.707106781,0.619806421,5
30147289_MinPolqaSfbRecording_cut.wav,3.4,0.547722558,0.48009999,5
28682887_MinPolqaSfbRecording_cut.wav,3.6,0.547722558,0.48009999,5
30062107_MinPolqaSfbRecording_cut.wav,4.2,0.836660027,0.733364848,5
29540872_MinPolqaSfbRecording_cut.wav,3.0,0.707106781,0.619806421,5
29532926_MinPolqaSfbRecording_cut.wav,2.4,1.140175425,0.999407825,5
30090931_MinPolqaSfbRecording_cut.wav,3.2,1.095445115,0.960199979,5
30129096_MinPolqaSfbRecording_cut.wav,2.4,0.894427191,0.784,5
30430519_MinPolqaSfbRecording_cut.wav,1.6,1.341640786,1.176,5
28005045_MinPolqaSfbRecording_cut.wav,4.2,0.836660027,0.733364848,5
30147243_MinPolqaSfbRecording_cut.wav,3.333333333,0.577350269,0.653333333,3
30444620_MinPolqaSfbRecording_cut.wav,3.0,1.0,1.131606528,3
30472110_MinPolqaSfbRecording_cut.wav,3.0,1.0,1.131606528,3
30133883_MinPolqaSfbRecording_cut.wav,4.333333333,1.154700538,1.306666667,3
27597424_MinPolqaSfbRecording_cut.wav,4.333333333,0.577350269,0.653333333,3
30435016_MinPolqaSfbRecording_cut.wav,4.0,0.0,0.0,3
28109071_MinPolqaSfbRecording_cut.wav,4.333333333,1.154700538,1.306666667,3
30149062_MinPolqaSfbRecording_cut.wav,3.333333333,0.577350269,0.653333333,3
30210961_MinPolqaSfbRecording_cut.wav,3.666666667,0.577350269,0.653333333,3
30449061_MinPolqaSfbRecording_cut.wav,3.0,1.0,1.131606528,3
29535913_MinPolqaSfbRecording_cut.wav,2.333333333,0.577350269,0.653333333,3
30259017_MinPolqaSfbRecording_cut.wav,3.666666667,0.577350269,0.653333333,3
30089277_MinPolqaSfbRecording_cut.wav,2.666666667,1.154700538,1.306666667,3
30491395_MinPolqaSfbRecording_cut.wav,3.0,1.632993162,1.600333299,4
27693092_MinPolqaSfbRecording_cut.wav,3.5,1.914854216,1.876557131,4
30522644_MinPolqaSfbRecording_cut.wav,1.25,0.5,0.49,4
30251288_MinPolqaSfbRecording_cut.wav,2.0,0.816496581,0.800166649,4
30067537_MinPolqaSfbRecording_cut.wav,4.0,1.154700538,1.131606528,4
30128083_MinPolqaSfbRecording_cut.wav,3.75,0.957427108,0.938278566,4
30113087_MinPolqaSfbRecording_cut.wav,2.75,0.957427108,0.938278566,4
30408312_MinPolqaSfbRecording_cut.wav,3.5,0.577350269,0.565803264,4
30152409_MinPolqaSfbRecording_cut.wav,3.0,1.414213562,1.385929291,4
30128753_MinPolqaSfbRecording_cut.wav,4.25,0.957427108,0.938278566,4
29020634_MinPolqaSfbRecording_cut.wav,3.5,1.0,0.98,4
29535371_MinPolqaSfbRecording_cut.wav,2.25,1.5,1.47,4
28502487_MinPolqaSfbRecording_cut.wav,3.5,0.577350269,0.565803264,4
30519598_MinPolqaSfbRecording_cut.wav,2.75,1.5,1.47,4
28788541_MinPolqaSfbRecording_cut.wav,4.0,0.816496581,0.800166649,4
30435606_MinPolqaSfbRecording_cut.wav,1.4,0.547722558,0.48009999,5
30213454_MinPolqaSfbRecording_cut.wav,3.2,0.836660027,0.733364848,5
30182705_MinPolqaSfbRecording_cut.wav,2.8,0.447213595,0.392,5
28926165_MinPolqaSfbRecording_cut.wav,3.4,0.547722558,0.48009999,5
29541756_MinPolqaSfbRecording_cut.wav,2.2,0.836660027,0.733364848,5
28688233_MinPolqaSfbRecording_cut.wav,3.8,0.447213595,0.392,5
30145850_MinPolqaSfbRecording_cut.wav,2.6,1.140175425,0.999407825,5
30122695_MinPolqaSfbRecording_cut.wav,2.2,1.095445115,0.960199979,5
27917066_MinPolqaSfbRecording_cut.wav,3.2,0.447213595,0.392,5
27518456_MinPolqaSfbRecording_cut.wav,4.0,0.816496581,0.800166649,4
30059779_MinPolqaSfbRecording_cut.wav,3.75,0.5,0.49,4
30171984_MinPolqaSfbRecording_cut.wav,3.0,1.632993162,1.600333299,4
30408208_MinPolqaSfbRecording_cut.wav,3.5,0.577350269,0.565803264,4
30160693_MinPolqaSfbRecording_cut.wav,3.25,1.258305739,1.233139624,4
30067552_MinPolqaSfbRecording_cut.wav,2.5,1.290994449,1.26517456,4
27821387_MinPolqaSfbRecording_cut.wav,4.25,0.957427108,0.938278566,4
30523196_MinPolqaSfbRecording_cut.wav,3.75,1.5,1.47,4
30526675_MinPolqaSfbRecording_cut.wav,2.75,1.258305739,1.233139624,4
29531208_MinPolqaSfbRecording_cut.wav,3.75,0.5,0.49,4
27588034_MinPolqaSfbRecording_cut.wav,4.0,0.816496581,0.800166649,4
30436841_MinPolqaSfbRecording_cut.wav,3.25,0.5,0.49,4
30103292_MinPolqaSfbRecording_cut.wav,4.25,0.5,0.49,4
30212781_MinPolqaSfbRecording_cut.wav,2.75,1.5,1.47,4
28687989_MinPolqaSfbRecording_cut.wav,4.75,0.5,0.49,4
27767611_MinPolqaSfbRecording_cut.wav,4.333333333,0.577350269,0.653333333,3
30119733_MinPolqaSfbRecording_cut.wav,3.0,1.0,1.131606528,3
30125244_MinPolqaSfbRecording_cut.wav,2.0,1.732050808,1.96,3
27882384_MinPolqaSfbRecording_cut.wav,3.666666667,1.154700538,1.306666667,3
30421973_MinPolqaSfbRecording_cut.wav,4.0,0.0,0.0,3
30180232_MinPolqaSfbRecording_cut.wav,3.666666667,0.577350269,0.653333333,3
30059563_MinPolqaSfbRecording_cut.wav,3.0,1.0,1.131606528,3
28896319_MinPolqaSfbRecording_cut.wav,4.0,1.0,1.131606528,3
30253906_MinPolqaSfbRecording_cut.wav,4.0,0.707106781,0.619806421,5
30449775_MinPolqaSfbRecording_cut.wav,3.6,0.894427191,0.784,5
30096653_MinPolqaSfbRecording_cut.wav,3.8,0.836660027,0.733364848,5
30258564_MinPolqaSfbRecording_cut.wav,3.0,0.707106781,0.619806421,5
28970263_MinPolqaSfbRecording_cut.wav,4.6,0.547722558,0.48009999,5
27760654_MinPolqaSfbRecording_cut.wav,4.8,0.447213595,0.392,5
28703712_MinPolqaSfbRecording_cut.wav,4.6,0.547722558,0.48009999,5
27722141_MinPolqaSfbRecording_cut.wav,4.6,0.547722558,0.48009999,5
27873577_MinPolqaSfbRecording_cut.wav,3.6,0.547722558,0.48009999,5
30080776_MinPolqaSfbRecording_cut.wav,3.6,0.894427191,0.784,5
30437015_MinPolqaSfbRecording_cut.wav,3.6,1.140175425,0.999407825,5
30137736_MinPolqaSfbRecording_cut.wav,3.6,1.516575089,1.329336677,5
30180329_MinPolqaSfbRecording_cut.wav,2.8,0.836660027,0.733364848,5
30182166_MinPolqaSfbRecording_cut.wav,3.4,1.516575089,1.329336677,5
30456473_MinPolqaSfbRecording_cut.wav,4.0,1.0,0.876538647,5
30071048_MinPolqaSfbRecording_cut.wav,2.25,0.957427108,0.938278566,4
30138492_MinPolqaSfbRecording_cut.wav,4.5,1.0,0.98,4
28885919_MinPolqaSfbRecording_cut.wav,4.75,0.5,0.49,4
30183358_MinPolqaSfbRecording_cut.wav,2.75,0.5,0.49,4
27865050_MinPolqaSfbRecording_cut.wav,4.25,0.957427108,0.938278566,4
30152399_MinPolqaSfbRecording_cut.wav,3.333333333,0.577350269,0.653333333,3
30174579_MinPolqaSfbRecording_cut.wav,2.0,1.732050808,1.96,3
30430090_MinPolqaSfbRecording_cut.wav,3.333333333,0.577350269,0.653333333,3
30129985_MinPolqaSfbRecording_cut.wav,2.333333333,1.527525232,1.728557523,3
30150775_MinPolqaSfbRecording_cut.wav,3.666666667,0.577350269,0.653333333,3
30162186_MinPolqaSfbRecording_cut.wav,3.333333333,0.577350269,0.653333333,3
28825652_MinPolqaSfbRecording_cut.wav,4.0,0.0,0.0,3
30123460_MinPolqaSfbRecording_cut.wav,2.0,1.414213562,1.385929291,4
30172259_MinPolqaSfbRecording_cut.wav,3.5,1.290994449,1.26517456,4
28762363_MinPolqaSfbRecording_cut.wav,3.0,1.414213562,1.385929291,4
30186498_MinPolqaSfbRecording_cut.wav,2.0,1.414213562,1.385929291,4
30462317_MinPolqaSfbRecording_cut.wav,3.25,0.957427108,0.938278566,4
30468255_MinPolqaSfbRecording_cut.wav,2.75,1.707825128,1.673668625,4
30454402_MinPolqaSfbRecording_cut.wav,2.5,1.290994449,1.26517456,4
30065616_MinPolqaSfbRecording_cut.wav,2.0,1.154700538,1.131606528,4
30409822_MinPolqaSfbRecording_cut.wav,2.75,1.5,1.47,4
30118515_MinPolqaSfbRecording_cut.wav,3.8,0.836660027,0.733364848,5
30176882_MinPolqaSfbRecording_cut.wav,3.4,1.140175425,0.999407825,5
30256834_MinPolqaSfbRecording_cut.wav,2.0,1.732050808,1.518209472,5
30063326_MinPolqaSfbRecording_cut.wav,3.8,1.095445115,0.960199979,5
27701684_MinPolqaSfbRecording_cut.wav,4.0,0.0,0.0,5
28869019_MinPolqaSfbRecording_cut.wav,3.8,0.836660027,0.733364848,5
30466883_MinPolqaSfbRecording_cut.wav,3.4,0.547722558,0.48009999,5
30102956_MinPolqaSfbRecording_cut.wav,4.0,0.707106781,0.619806421,5
30529771_MinPolqaSfbRecording_cut.wav,2.75,0.5,0.49,4
30155208_MinPolqaSfbRecording_cut.wav,3.0,0.816496581,0.800166649,4
30150653_MinPolqaSfbRecording_cut.wav,2.5,0.577350269,0.565803264,4
27788189_MinPolqaSfbRecording_cut.wav,2.75,0.5,0.49,4
28181969_MinPolqaSfbRecording_cut.wav,4.5,0.577350269,0.565803264,4
30213915_MinPolqaSfbRecording_cut.wav,1.5,0.577350269,0.565803264,4
27638327_MinPolqaSfbRecording_cut.wav,4.0,0.816496581,0.800166649,4
30128637_MinPolqaSfbRecording_cut.wav,2.5,0.577350269,0.565803264,4
28288942_MinPolqaSfbRecording_cut.wav,3.5,0.577350269,0.565803264,4
30183494_MinPolqaSfbRecording_cut.wav,3.666666667,0.577350269,0.653333333,3
28906322_MinPolqaSfbRecording_cut.wav,4.333333333,0.577350269,0.653333333,3
30250056_MinPolqaSfbRecording_cut.wav,2.333333333,1.154700538,1.306666667,3
28690390_MinPolqaSfbRecording_cut.wav,4.666666667,0.577350269,0.653333333,3
30176951_MinPolqaSfbRecording_cut.wav,3.666666667,0.577350269,0.653333333,3
30113049_MinPolqaSfbRecording_cut.wav,3.666666667,0.577350269,0.653333333,3
30154263_MinPolqaSfbRecording_cut.wav,4.666666667,0.577350269,0.653333333,3
30086931_MinPolqaSfbRecording_cut.wav,2.333333333,1.527525232,1.728557523,3
30113472_MinPolqaSfbRecording_cut.wav,3.0,1.0,1.131606528,3
30103157_MinPolqaSfbRecording_cut.wav,2.333333333,1.154700538,1.306666667,3
30256077_MinPolqaSfbRecording_cut.wav,3.333333333,0.577350269,0.653333333,3
30173082_MinPolqaSfbRecording_cut.wav,3.333333333,0.577350269,0.653333333,3
30205316_MinPolqaSfbRecording_cut.wav,3.333333333,1.154700538,1.306666667,3
28871589_MinPolqaSfbRecording_cut.wav,3.666666667,1.154700538,1.306666667,3
30427087_MinPolqaSfbRecording_cut.wav,4.2,0.836660027,0.733364848,5
30063494_MinPolqaSfbRecording_cut.wav,3.0,1.58113883,1.385929291,5
30140692_MinPolqaSfbRecording_cut.wav,1.8,0.447213595,0.392,5
30450537_MinPolqaSfbRecording_cut.wav,1.0,0.0,0.0,5
30528754_MinPolqaSfbRecording_cut.wav,1.6,0.547722558,0.48009999,5
30152217_MinPolqaSfbRecording_cut.wav,4.2,0.836660027,0.733364848,5
30484730_MinPolqaSfbRecording_cut.wav,3.8,0.836660027,0.733364848,5
30432666_MinPolqaSfbRecording_cut.wav,1.2,0.447213595,0.392,5
30141973_MinPolqaSfbRecording_cut.wav,1.2,0.447213595,0.392,5
27743957_MinPolqaSfbRecording_cut.wav,3.75,1.258305739,1.233139624,4
30063939_MinPolqaSfbRecording_cut.wav,1.5,0.577350269,0.565803264,4
30506333_MinPolqaSfbRecording_cut.wav,3.0,0.816496581,0.800166649,4
30087548_MinPolqaSfbRecording_cut.wav,1.5,1.0,0.98,4
30105520_MinPolqaSfbRecording_cut.wav,3.0,1.414213562,1.385929291,4
28887123_MinPolqaSfbRecording_cut.wav,3.0,0.816496581,0.800166649,4
30250288_MinPolqaSfbRecording_cut.wav,2.5,1.290994449,1.26517456,4
27681494_MinPolqaSfbRecording_cut.wav,3.25,1.258305739,1.233139624,4
30504242_MinPolqaSfbRecording_cut.wav,4.0,0.816496581,0.800166649,4
30136604_MinPolqaSfbRecording_cut.wav,3.75,0.957427108,0.938278566,4
30249956_MinPolqaSfbRecording_cut.wav,2.5,0.577350269,0.565803264,4
30063146_MinPolqaSfbRecording_cut.wav,3.75,0.5,0.49,4
30405710_MinPolqaSfbRecording_cut.wav,2.75,0.957427108,0.938278566,4
30531835_MinPolqaSfbRecording_cut.wav,2.25,0.5,0.49,4
30454121_MinPolqaSfbRecording_cut.wav,4.0,1.154700538,1.131606528,4
30479565_MinPolqaSfbRecording_cut.wav,2.5,0.577350269,0.565803264,4
30483691_MinPolqaSfbRecording_cut.wav,3.75,0.957427108,0.938278566,4
30515608_MinPolqaSfbRecording_cut.wav,3.75,0.957427108,0.938278566,4
30463313_MinPolqaSfbRecording_cut.wav,3.4,0.547722558,0.48009999,5
30508692_MinPolqaSfbRecording_cut.wav,3.0,0.707106781,0.619806421,5
30085769_MinPolqaSfbRecording_cut.wav,3.8,0.447213595,0.392,5
30426091_MinPolqaSfbRecording_cut.wav,3.6,0.547722558,0.48009999,5
30068090_MinPolqaSfbRecording_cut.wav,3.0,1.414213562,1.239612843,5
29067127_MinPolqaSfbRecording_cut.wav,3.666666667,0.577350269,0.653333333,3
27956477_MinPolqaSfbRecording_cut.wav,4.333333333,0.577350269,0.653333333,3
30513481_MinPolqaSfbRecording_cut.wav,2.333333333,0.577350269,0.653333333,3
28031712_MinPolqaSfbRecording_cut.wav,4.333333333,1.154700538,1.306666667,3
28480244_MinPolqaSfbRecording_cut.wav,4.333333333,0.577350269,0.653333333,3
29539803_MinPolqaSfbRecording_cut.wav,3.0,1.0,1.131606528,3
30407752_MinPolqaSfbRecording_cut.wav,2.333333333,1.527525232,1.728557523,3
28454477_MinPolqaSfbRecording_cut.wav,4.666666667,0.577350269,0.653333333,3
29531328_MinPolqaSfbRecording_cut.wav,2.666666667,0.577350269,0.653333333,3
30469666_MinPolqaSfbRecording_cut.wav,2.0,0.816496581,0.800166649,4
30079004_MinPolqaSfbRecording_cut.wav,3.5,1.0,0.98,4
30400578_MinPolqaSfbRecording_cut.wav,4.0,0.816496581,0.800166649,4
30255245_MinPolqaSfbRecording_cut.wav,4.5,0.577350269,0.565803264,4
30258240_MinPolqaSfbRecording_cut.wav,3.0,1.414213562,1.385929291,4
28347244_MinPolqaSfbRecording_cut.wav,3.5,1.290994449,1.26517456,4
27823248_MinPolqaSfbRecording_cut.wav,3.75,0.957427108,0.938278566,4
30502469_MinPolqaSfbRecording_cut.wav,3.5,0.577350269,0.565803264,4
28489598_MinPolqaSfbRecording_cut.wav,4.25,0.5,0.49,4
30060907_MinPolqaSfbRecording_cut.wav,3.25,0.5,0.49,4
30173519_MinPolqaSfbRecording_cut.wav,3.75,0.5,0.49,4
30515432_MinPolqaSfbRecording_cut.wav,3.0,1.154700538,1.131606528,4
27690902_MinPolqaSfbRecording_cut.wav,3.0,0.816496581,0.800166649,4
30488127_MinPolqaSfbRecording_cut.wav,2.5,1.290994449,1.26517456,4
27780617_MinPolqaSfbRecording_cut.wav,4.0,0.0,0.0,4
27926663_MinPolqaSfbRecording_cut.wav,4.0,0.0,0.0,4
30147879_MinPolqaSfbRecording_cut.wav,2.0,1.414213562,1.385929291,4
28639331_MinPolqaSfbRecording_cut.wav,4.0,0.816496581,0.800166649,4
30144779_MinPolqaSfbRecording_cut.wav,4.0,0.707106781,0.619806421,5
30529392_MinPolqaSfbRecording_cut.wav,3.8,0.836660027,0.733364848,5
30182439_MinPolqaSfbRecording_cut.wav,3.4,0.894427191,0.784,5
30140801_MinPolqaSfbRecording_cut.wav,3.0,1.224744871,1.073536213,5
30456892_MinPolqaSfbRecording_cut.wav,2.6,0.547722558,0.48009999,5
28666180_MinPolqaSfbRecording_cut.wav,4.2,0.836660027,0.733364848,5
30211383_MinPolqaSfbRecording_cut.wav,2.6,0.547722558,0.48009999,5
29530062_MinPolqaSfbRecording_cut.wav,4.2,0.836660027,0.733364848,5
30448889_MinPolqaSfbRecording_cut.wav,3.0,0.707106781,0.619806421,5
30089251_MinPolqaSfbRecording_cut.wav,2.2,1.095445115,0.960199979,5
28484609_MinPolqaSfbRecording_cut.wav,3.8,0.836660027,0.733364848,5
30143034_MinPolqaSfbRecording_cut.wav,2.0,1.224744871,1.073536213,5
27809757_MinPolqaSfbRecording_cut.wav,4.2,0.836660027,0.733364848,5
30489228_MinPolqaSfbRecording_cut.wav,3.6,0.547722558,0.48009999,5
30501861_MinPolqaSfbRecording_cut.wav,3.6,0.547722558,0.48009999,5
28986349_MinPolqaSfbRecording_cut.wav,3.2,0.836660027,0.733364848,5
30168734_MinPolqaSfbRecording_cut.wav,2.8,1.095445115,0.960199979,5
30519065_MinPolqaSfbRecording_cut.wav,4.2,0.447213595,0.392,5
30151704_MinPolqaSfbRecording_cut.wav,2.0,0.707106781,0.619806421,5
28950853_MinPolqaSfbRecording_cut.wav,4.6,0.547722558,0.48009999,5
30428925_MinPolqaSfbRecording_cut.wav,3.0,0.707106781,0.619806421,5
29532723_MinPolqaSfbRecording_cut.wav,3.6,0.547722558,0.48009999,5
30133321_MinPolqaSfbRecording_cut.wav,3.8,0.447213595,0.392,5
29544408_MinPolqaSfbRecording_cut.wav,3.4,0.894427191,0.784,5
30263540_MinPolqaSfbRecording_cut.wav,2.6,0.547722558,0.48009999,5
30483966_MinPolqaSfbRecording_cut.wav,2.0,1.224744871,1.073536213,5
30071293_MinPolqaSfbRecording_cut.wav,2.4,0.547722558,0.48009999,5
30089328_MinPolqaSfbRecording_cut.wav,3.5,1.290994449,1.26517456,4
30079322_MinPolqaSfbRecording_cut.wav,3.0,1.632993162,1.600333299,4
28758562_MinPolqaSfbRecording_cut.wav,3.75,0.957427108,0.938278566,4
30520531_MinPolqaSfbRecording_cut.wav,2.0,1.414213562,1.385929291,4
30129143_MinPolqaSfbRecording_cut.wav,4.25,0.5,0.49,4
27801285_MinPolqaSfbRecording_cut.wav,4.0,0.816496581,0.800166649,4
30414327_MinPolqaSfbRecording_cut.wav,3.25,1.258305739,1.233139624,4
30139539_MinPolqaSfbRecording_cut.wav,3.0,0.816496581,0.800166649,4
28088981_MinPolqaSfbRecording_cut.wav,3.8,0.447213595,0.392,5
30161838_MinPolqaSfbRecording_cut.wav,3.4,0.894427191,0.784,5
30204733_MinPolqaSfbRecording_cut.wav,4.2,0.836660027,0.733364848,5
30512005_MinPolqaSfbRecording_cut.wav,2.6,1.140175425,0.999407825,5
28025996_MinPolqaSfbRecording_cut.wav,4.4,0.894427191,0.784,5
30262115_MinPolqaSfbRecording_cut.wav,3.2,0.836660027,0.733364848,5
30482923_MinPolqaSfbRecording_cut.wav,2.8,1.303840481,1.142866571,5
29531697_MinPolqaSfbRecording_cut.wav,2.8,1.643167673,1.440299969,5
30083912_MinPolqaSfbRecording_cut.wav,3.6,0.894427191,0.784,5
30150362_MinPolqaSfbRecording_cut.wav,3.4,0.894427191,0.784,5
30111961_MinPolqaSfbRecording_cut.wav,4.0,0.816496581,0.800166649,4
28917119_MinPolqaSfbRecording_cut.wav,4.5,1.0,0.98,4
30469379_MinPolqaSfbRecording_cut.wav,4.25,0.5,0.49,4
30455916_MinPolqaSfbRecording_cut.wav,4.0,0.816496581,0.800166649,4
30068478_MinPolqaSfbRecording_cut.wav,4.0,0.816496581,0.800166649,4
27670320_MinPolqaSfbRecording_cut.wav,4.75,0.5,0.49,4
30258755_MinPolqaSfbRecording_cut.wav,3.75,0.5,0.49,4
29021063_MinPolqaSfbRecording_cut.wav,3.75,0.5,0.49,4
30166372_MinPolqaSfbRecording_cut.wav,4.0,0.0,0.0,4
28214553_MinPolqaSfbRecording_cut.wav,4.5,0.577350269,0.565803264,4
30490976_MinPolqaSfbRecording_cut.wav,3.0,0.0,0.0,2
30255222_MinPolqaSfbRecording_cut.wav,3.5,0.707106781,0.98,2
30198187_MinPolqaSfbRecording_cut.wav,2.5,0.707106781,0.98,2
28192279_MinPolqaSfbRecording_cut.wav,5.0,0.0,0.0,2
30468760_MinPolqaSfbRecording_cut.wav,2.0,1.414213562,1.96,2
30425092_MinPolqaSfbRecording_cut.wav,1.5,0.707106781,0.98,2
30155299_MinPolqaSfbRecording_cut.wav,1.5,0.707106781,0.98,2
30172825_MinPolqaSfbRecording_cut.wav,2.2,1.095445115,0.960199979,5
30261916_MinPolqaSfbRecording_cut.wav,3.6,1.673320053,1.466729696,5
28240382_MinPolqaSfbRecording_cut.wav,4.0,1.224744871,1.073536213,5
27967125_MinPolqaSfbRecording_cut.wav,3.6,1.673320053,1.466729696,5
30174553_MinPolqaSfbRecording_cut.wav,2.8,1.643167673,1.440299969,5
30403817_MinPolqaSfbRecording_cut.wav,3.0,1.224744871,1.073536213,5
30149063_MinPolqaSfbRecording_cut.wav,2.8,1.788854382,1.568,5
30060066_MinPolqaSfbRecording_cut.wav,4.0,0.707106781,0.619806421,5
30096145_MinPolqaSfbRecording_cut.wav,4.5,0.707106781,0.98,2
30520576_MinPolqaSfbRecording_cut.wav,4.5,0.707106781,0.98,2
30512369_MinPolqaSfbRecording_cut.wav,3.0,1.414213562,1.96,2
30514049_MinPolqaSfbRecording_cut.wav,3.5,2.121320344,2.94,2
28016500_MinPolqaSfbRecording_cut.wav,3.5,0.707106781,0.98,2
30183352_MinPolqaSfbRecording_cut.wav,3.0,2.828427125,3.92,2
30122758_MinPolqaSfbRecording_cut.wav,3.5,0.707106781,0.98,2
30120464_MinPolqaSfbRecording_cut.wav,3.5,0.707106781,0.98,2
29041686_MinPolqaSfbRecording_cut.wav,4.333333333,0.577350269,0.653333333,3
30183311_MinPolqaSfbRecording_cut.wav,3.666666667,1.527525232,1.728557523,3
28307140_MinPolqaSfbRecording_cut.wav,4.0,1.0,1.131606528,3
30184807_MinPolqaSfbRecording_cut.wav,3.333333333,1.154700538,1.306666667,3
30474241_MinPolqaSfbRecording_cut.wav,2.666666667,1.527525232,1.728557523,3
28308791_MinPolqaSfbRecording_cut.wav,3.666666667,1.527525232,1.728557523,3
30487284_MinPolqaSfbRecording_cut.wav,3.333333333,1.527525232,1.728557523,3
30260187_MinPolqaSfbRecording_cut.wav,2.333333333,1.527525232,1.728557523,3
28636792_MinPolqaSfbRecording_cut.wav,3.666666667,1.527525232,1.728557523,3
30480124_MinPolqaSfbRecording_cut.wav,2.25,0.5,0.49,4
30132545_MinPolqaSfbRecording_cut.wav,3.25,0.957427108,0.938278566,4
30182046_MinPolqaSfbRecording_cut.wav,3.75,1.5,1.47,4
27580108_MinPolqaSfbRecording_cut.wav,3.5,0.577350269,0.565803264,4
30445133_MinPolqaSfbRecording_cut.wav,1.25,0.5,0.49,4
30064189_MinPolqaSfbRecording_cut.wav,3.25,0.5,0.49,4
28122183_MinPolqaSfbRecording_cut.wav,3.5,1.290994449,1.26517456,4
29539682_MinPolqaSfbRecording_cut.wav,1.75,1.5,1.47,4
30177549_MinPolqaSfbRecording_cut.wav,1.5,0.577350269,0.565803264,4
30179659_MinPolqaSfbRecording_cut.wav,3.75,0.957427108,0.938278566,4
28756268_MinPolqaSfbRecording_cut.wav,3.25,1.258305739,1.233139624,4
28833157_MinPolqaSfbRecording_cut.wav,3.25,1.258305739,1.233139624,4
30178783_MinPolqaSfbRecording_cut.wav,3.0,1.414213562,1.385929291,4
30064963_MinPolqaSfbRecording_cut.wav,4.0,0.816496581,0.800166649,4
30135430_MinPolqaSfbRecording_cut.wav,1.75,0.5,0.49,4
30425000_MinPolqaSfbRecording_cut.wav,4.0,1.0,1.131606528,3
30096877_MinPolqaSfbRecording_cut.wav,2.333333333,0.577350269,0.653333333,3
30177495_MinPolqaSfbRecording_cut.wav,2.0,1.732050808,1.96,3
30163167_MinPolqaSfbRecording_cut.wav,4.0,1.0,1.131606528,3
27751723_MinPolqaSfbRecording_cut.wav,4.0,1.0,1.131606528,3
30529871_MinPolqaSfbRecording_cut.wav,2.666666667,1.527525232,1.728557523,3
30150988_MinPolqaSfbRecording_cut.wav,4.0,0.0,0.0,3
29541035_MinPolqaSfbRecording_cut.wav,4.0,1.0,1.131606528,3
30122545_MinPolqaSfbRecording_cut.wav,4.0,1.0,1.131606528,3
30429972_MinPolqaSfbRecording_cut.wav,2.666666667,0.577350269,0.653333333,3
30409483_MinPolqaSfbRecording_cut.wav,3.666666667,0.577350269,0.653333333,3
30125771_MinPolqaSfbRecording_cut.wav,3.333333333,0.577350269,0.653333333,3
30110737_MinPolqaSfbRecording_cut.wav,2.0,0.0,0.0,3
27823766_MinPolqaSfbRecording_cut.wav,5.0,0.0,0.0,3
30407651_MinPolqaSfbRecording_cut.wav,1.666666667,0.577350269,0.653333333,3
30090659_MinPolqaSfbRecording_cut.wav,3.666666667,0.577350269,0.653333333,3
30427182_MinPolqaSfbRecording_cut.wav,1.6,0.547722558,0.48009999,5
30422293_MinPolqaSfbRecording_cut.wav,3.2,0.447213595,0.392,5
30062218_MinPolqaSfbRecording_cut.wav,3.8,0.447213595,0.392,5
30137546_MinPolqaSfbRecording_cut.wav,3.6,0.547722558,0.48009999,5
30255141_MinPolqaSfbRecording_cut.wav,3.6,0.547722558,0.48009999,5
30454817_MinPolqaSfbRecording_cut.wav,1.6,0.894427191,0.784,5
30151235_MinPolqaSfbRecording_cut.wav,3.0,1.224744871,1.073536213,5
30082050_MinPolqaSfbRecording_cut.wav,2.8,0.836660027,0.733364848,5
28711934_MinPolqaSfbRecording_cut.wav,3.75,0.5,0.49,4
28498507_MinPolqaSfbRecording_cut.wav,4.0,0.816496581,0.800166649,4
30413191_MinPolqaSfbRecording_cut.wav,2.0,1.414213562,1.385929291,4
30142065_MinPolqaSfbRecording_cut.wav,2.5,0.577350269,0.565803264,4
30106786_MinPolqaSfbRecording_cut.wav,1.75,1.5,1.47,4
30113218_MinPolqaSfbRecording_cut.wav,1.75,0.957427108,0.938278566,4
30128852_MinPolqaSfbRecording_cut.wav,1.75,0.957427108,0.938278566,4
28801388_MinPolqaSfbRecording_cut.wav,3.5,0.577350269,0.565803264,4
25611776_MinPolqaSfbRecording_cut.wav,3.5,0.577350269,0.565803264,4
30091967_MinPolqaSfbRecording_cut.wav,3.2,1.483239697,1.300116918,5
30522138_MinPolqaSfbRecording_cut.wav,4.4,0.894427191,0.784,5
30483259_MinPolqaSfbRecording_cut.wav,2.2,1.643167673,1.440299969,5
30061295_MinPolqaSfbRecording_cut.wav,4.0,0.707106781,0.619806421,5
30136883_MinPolqaSfbRecording_cut.wav,3.0,1.414213562,1.239612843,5
30473250_MinPolqaSfbRecording_cut.wav,3.6,0.894427191,0.784,5
27909227_MinPolqaSfbRecording_cut.wav,4.4,0.547722558,0.48009999,5
28547500_MinPolqaSfbRecording_cut.wav,4.2,0.447213595,0.392,5
27606478_MinPolqaSfbRecording_cut.wav,4.0,0.707106781,0.619806421,5
30201373_MinPolqaSfbRecording_cut.wav,2.4,0.894427191,0.784,5
27557587_MinPolqaSfbRecording_cut.wav,3.2,0.836660027,0.733364848,5
27775442_MinPolqaSfbRecording_cut.wav,3.8,1.095445115,0.960199979,5
30118410_MinPolqaSfbRecording_cut.wav,4.0,0.0,0.0,5
30084115_MinPolqaSfbRecording_cut.wav,4.6,0.894427191,0.784,5
30152548_MinPolqaSfbRecording_cut.wav,2.6,0.547722558,0.48009999,5
28965049_MinPolqaSfbRecording_cut.wav,4.6,0.894427191,0.784,5
30084301_MinPolqaSfbRecording_cut.wav,3.0,0.707106781,0.619806421,5
30178577_MinPolqaSfbRecording_cut.wav,4.2,0.447213595,0.392,5
27725278_MinPolqaSfbRecording_cut.wav,4.4,0.894427191,0.784,5
28219485_MinPolqaSfbRecording_cut.wav,4.4,0.547722558,0.48009999,5
27677091_MinPolqaSfbRecording_cut.wav,3.6,0.547722558,0.48009999,5
30249404_MinPolqaSfbRecording_cut.wav,3.2,1.303840481,1.142866571,5
30510225_MinPolqaSfbRecording_cut.wav,2.6,1.516575089,1.329336677,5
30426829_MinPolqaSfbRecording_cut.wav,3.6,0.547722558,0.48009999,5
27858634_MinPolqaSfbRecording_cut.wav,4.6,0.547722558,0.48009999,5
30438499_MinPolqaSfbRecording_cut.wav,2.2,1.095445115,0.960199979,5
30136179_MinPolqaSfbRecording_cut.wav,1.75,0.957427108,0.938278566,4
30071449_MinPolqaSfbRecording_cut.wav,2.25,1.892969449,1.85511006,4
30511224_MinPolqaSfbRecording_cut.wav,2.0,0.816496581,0.800166649,4
28263412_MinPolqaSfbRecording_cut.wav,3.0,1.414213562,1.385929291,4
30090532_MinPolqaSfbRecording_cut.wav,3.25,1.707825128,1.673668625,4
30097031_MinPolqaSfbRecording_cut.wav,2.0,1.414213562,1.385929291,4
28970556_MinPolqaSfbRecording_cut.wav,2.25,1.892969449,1.85511006,4
30129161_MinPolqaSfbRecording_cut.wav,1.75,1.5,1.47,4
30195067_MinPolqaSfbRecording_cut.wav,3.0,0.816496581,0.800166649,4
27878838_MinPolqaSfbRecording_cut.wav,2.5,1.290994449,1.26517456,4
27886424_MinPolqaSfbRecording_cut.wav,4.6,0.547722558,0.48009999,5
28010970_MinPolqaSfbRecording_cut.wav,4.4,0.547722558,0.48009999,5
30482199_MinPolqaSfbRecording_cut.wav,4.6,0.547722558,0.48009999,5
28120728_MinPolqaSfbRecording_cut.wav,4.2,0.836660027,0.733364848,5
30260835_MinPolqaSfbRecording_cut.wav,3.2,0.836660027,0.733364848,5
27904167_MinPolqaSfbRecording_cut.wav,4.2,0.836660027,0.733364848,5
28801470_MinPolqaSfbRecording_cut.wav,3.6,1.140175425,0.999407825,5
30209708_MinPolqaSfbRecording_cut.wav,4.2,0.836660027,0.733364848,5
30098347_MinPolqaSfbRecording_cut.wav,4.0,1.0,0.876538647,5
28420467_MinPolqaSfbRecording_cut.wav,3.4,0.547722558,0.48009999,5
30478658_MinPolqaSfbRecording_cut.wav,3.75,0.957427108,0.938278566,4
30487520_MinPolqaSfbRecording_cut.wav,2.5,1.290994449,1.26517456,4
29010384_MinPolqaSfbRecording_cut.wav,4.5,0.577350269,0.565803264,4
30173010_MinPolqaSfbRecording_cut.wav,3.75,1.5,1.47,4
30133138_MinPolqaSfbRecording_cut.wav,3.5,1.0,0.98,4
30066333_MinPolqaSfbRecording_cut.wav,2.0,0.816496581,0.800166649,4
27634333_MinPolqaSfbRecording_cut.wav,3.5,1.290994449,1.26517456,4
28665696_MinPolqaSfbRecording_cut.wav,4.0,1.154700538,1.131606528,4
30456450_MinPolqaSfbRecording_cut.wav,3.5,1.290994449,1.26517456,4
30474941_MinPolqaSfbRecording_cut.wav,2.6,1.816590212,1.592311527,5
30512557_MinPolqaSfbRecording_cut.wav,3.4,1.516575089,1.329336677,5
30409918_MinPolqaSfbRecording_cut.wav,3.0,1.414213562,1.239612843,5
30519935_MinPolqaSfbRecording_cut.wav,3.0,1.58113883,1.385929291,5
30142061_MinPolqaSfbRecording_cut.wav,3.4,1.516575089,1.329336677,5
30124728_MinPolqaSfbRecording_cut.wav,3.0,1.224744871,1.073536213,5
30133129_MinPolqaSfbRecording_cut.wav,3.4,1.516575089,1.329336677,5
30483108_MinPolqaSfbRecording_cut.wav,4.0,1.0,0.876538647,5
29005245_MinPolqaSfbRecording_cut.wav,5.0,0.0,0.0,2
27722634_MinPolqaSfbRecording_cut.wav,4.5,0.707106781,0.98,2
30253917_MinPolqaSfbRecording_cut.wav,4.5,0.707106781,0.98,2
29538064_MinPolqaSfbRecording_cut.wav,4.0,1.414213562,1.96,2
30529247_MinPolqaSfbRecording_cut.wav,5.0,0.0,0.0,2
28958733_MinPolqaSfbRecording_cut.wav,5.0,0.0,0.0,2
30179059_MinPolqaSfbRecording_cut.wav,3.0,1.414213562,1.96,2
30257809_MinPolqaSfbRecording_cut.wav,4.5,0.707106781,0.98,2
30426840_MinPolqaSfbRecording_cut.wav,4.0,1.414213562,1.96,2
30430815_MinPolqaSfbRecording_cut.wav,1.5,0.707106781,0.98,2
30259693_MinPolqaSfbRecording_cut.wav,3.0,1.414213562,1.239612843,5
28898791_MinPolqaSfbRecording_cut.wav,4.2,0.836660027,0.733364848,5
30184886_MinPolqaSfbRecording_cut.wav,3.6,1.140175425,0.999407825,5
30105524_MinPolqaSfbRecording_cut.wav,3.8,1.095445115,0.960199979,5
30181334_MinPolqaSfbRecording_cut.wav,3.0,1.0,0.876538647,5
30192289_MinPolqaSfbRecording_cut.wav,2.6,1.816590212,1.592311527,5
30142056_MinPolqaSfbRecording_cut.wav,3.6,1.140175425,0.999407825,5
30125705_MinPolqaSfbRecording_cut.wav,2.6,0.547722558,0.48009999,5
30412745_MinPolqaSfbRecording_cut.wav,1.6,0.894427191,0.784,5
30511988_MinPolqaSfbRecording_cut.wav,3.6,1.140175425,0.999407825,5
30177959_MinPolqaSfbRecording_cut.wav,4.6,0.547722558,0.48009999,5
30160248_MinPolqaSfbRecording_cut.wav,4.0,1.0,0.876538647,5
28726903_MinPolqaSfbRecording_cut.wav,4.6,0.547722558,0.48009999,5
30490800_MinPolqaSfbRecording_cut.wav,3.6,0.547722558,0.48009999,5
30173613_MinPolqaSfbRecording_cut.wav,3.0,0.707106781,0.619806421,5
30210006_MinPolqaSfbRecording_cut.wav,3.2,0.836660027,0.733364848,5
30103183_MinPolqaSfbRecording_cut.wav,4.8,0.447213595,0.392,5
30065965_MinPolqaSfbRecording_cut.wav,3.4,0.547722558,0.48009999,5
30077161_MinPolqaSfbRecording_cut.wav,2.75,1.707825128,1.673668625,4
28620527_MinPolqaSfbRecording_cut.wav,3.75,0.957427108,0.938278566,4
30208169_MinPolqaSfbRecording_cut.wav,3.75,1.258305739,1.233139624,4
30183572_MinPolqaSfbRecording_cut.wav,3.25,1.707825128,1.673668625,4
30081645_MinPolqaSfbRecording_cut.wav,4.0,0.816496581,0.800166649,4
30097103_MinPolqaSfbRecording_cut.wav,3.5,1.732050808,1.697409791,4
28314604_MinPolqaSfbRecording_cut.wav,3.75,0.5,0.49,4
30078387_MinPolqaSfbRecording_cut.wav,3.25,1.5,1.47,4
30144520_MinPolqaSfbRecording_cut.wav,3.5,1.290994449,1.26517456,4
28124628_MinPolqaSfbRecording_cut.wav,4.75,0.5,0.49,4
30154808_MinPolqaSfbRecording_cut.wav,4.75,0.5,0.49,4
30428692_MinPolqaSfbRecording_cut.wav,3.5,0.577350269,0.565803264,4
30090104_MinPolqaSfbRecording_cut.wav,3.75,0.957427108,0.938278566,4
30482701_MinPolqaSfbRecording_cut.wav,3.25,0.5,0.49,4
30160325_MinPolqaSfbRecording_cut.wav,4.0,0.816496581,0.800166649,4
28550547_MinPolqaSfbRecording_cut.wav,3.75,0.5,0.49,4
30214460_MinPolqaSfbRecording_cut.wav,4.0,0.816496581,0.800166649,4
27908620_MinPolqaSfbRecording_cut.wav,4.0,0.816496581,0.800166649,4
30511494_MinPolqaSfbRecording_cut.wav,4.25,0.957427108,0.938278566,4
30521020_MinPolqaSfbRecording_cut.wav,3.25,1.707825128,1.673668625,4
27692922_MinPolqaSfbRecording_cut.wav,3.5,1.290994449,1.26517456,4
28773409_MinPolqaSfbRecording_cut.wav,4.0,0.816496581,0.800166649,4
30431555_MinPolqaSfbRecording_cut.wav,2.5,1.290994449,1.26517456,4
30163785_MinPolqaSfbRecording_cut.wav,3.25,1.5,1.47,4
27799191_MinPolqaSfbRecording_cut.wav,4.75,0.5,0.49,4
30522052_MinPolqaSfbRecording_cut.wav,3.4,0.547722558,0.48009999,5
30135635_MinPolqaSfbRecording_cut.wav,3.2,0.836660027,0.733364848,5
30200280_MinPolqaSfbRecording_cut.wav,4.2,0.447213595,0.392,5
30404311_MinPolqaSfbRecording_cut.wav,1.6,0.547722558,0.48009999,5
30449206_MinPolqaSfbRecording_cut.wav,2.8,0.447213595,0.392,5
30472238_MinPolqaSfbRecording_cut.wav,3.6,0.547722558,0.48009999,5
28455095_MinPolqaSfbRecording_cut.wav,3.6,0.894427191,0.784,5
30081875_MinPolqaSfbRecording_cut.wav,1.2,0.447213595,0.392,5
30451792_MinPolqaSfbRecording_cut.wav,3.2,0.447213595,0.392,5
29532689_MinPolqaSfbRecording_cut.wav,4.0,0.707106781,0.619806421,5
27904867_MinPolqaSfbRecording_cut.wav,3.4,0.547722558,0.48009999,5
30211454_MinPolqaSfbRecording_cut.wav,3.0,0.0,0.0,5
30520498_MinPolqaSfbRecording_cut.wav,1.8,1.303840481,1.142866571,5
30121550_MinPolqaSfbRecording_cut.wav,4.0,0.0,0.0,5
30254050_MinPolqaSfbRecording_cut.wav,3.0,0.707106781,0.619806421,5
30506867_MinPolqaSfbRecording_cut.wav,2.4,0.894427191,0.784,5
30153692_MinPolqaSfbRecording_cut.wav,2.2,0.836660027,0.733364848,5
28331306_MinPolqaSfbRecording_cut.wav,3.2,1.303840481,1.142866571,5
30098392_MinPolqaSfbRecording_cut.wav,2.4,1.140175425,0.999407825,5
30067556_MinPolqaSfbRecording_cut.wav,2.6,1.341640786,1.176,5
30200927_MinPolqaSfbRecording_cut.wav,2.6,1.140175425,0.999407825,5
30249957_MinPolqaSfbRecording_cut.wav,3.2,1.095445115,0.960199979,5
30141137_MinPolqaSfbRecording_cut.wav,2.8,1.303840481,1.142866571,5
30098832_MinPolqaSfbRecording_cut.wav,1.8,1.303840481,1.142866571,5
30502110_MinPolqaSfbRecording_cut.wav,3.2,1.095445115,0.960199979,5
30183664_MinPolqaSfbRecording_cut.wav,2.6,1.816590212,1.592311527,5
30104848_MinPolqaSfbRecording_cut.wav,4.0,0.0,0.0,5
30128712_MinPolqaSfbRecording_cut.wav,3.0,1.0,0.876538647,5
28983443_MinPolqaSfbRecording_cut.wav,3.6,0.894427191,0.784,5
30151196_MinPolqaSfbRecording_cut.wav,3.6,0.894427191,0.784,5
30091766_MinPolqaSfbRecording_cut.wav,4.0,0.707106781,0.619806421,5
27576274_MinPolqaSfbRecording_cut.wav,3.0,0.707106781,0.619806421,5
30136469_MinPolqaSfbRecording_cut.wav,4.2,0.447213595,0.392,5
30172868_MinPolqaSfbRecording_cut.wav,3.25,1.707825128,1.673668625,4
28532223_MinPolqaSfbRecording_cut.wav,4.5,0.577350269,0.565803264,4
29037269_MinPolqaSfbRecording_cut.wav,4.25,0.5,0.49,4
30213738_MinPolqaSfbRecording_cut.wav,4.0,0.0,0.0,4
30470401_MinPolqaSfbRecording_cut.wav,3.0,1.825741858,1.789227021,4
30117670_MinPolqaSfbRecording_cut.wav,4.0,0.816496581,0.800166649,4
30210880_MinPolqaSfbRecording_cut.wav,3.0,0.816496581,0.800166649,4
27640064_MinPolqaSfbRecording_cut.wav,4.75,0.5,0.49,4
30093499_MinPolqaSfbRecording_cut.wav,3.0,1.414213562,1.385929291,4
30410139_MinPolqaSfbRecording_cut.wav,2.333333333,1.527525232,1.728557523,3
30440288_MinPolqaSfbRecording_cut.wav,2.333333333,1.527525232,1.728557523,3
30433433_MinPolqaSfbRecording_cut.wav,3.666666667,0.577350269,0.653333333,3
28517769_MinPolqaSfbRecording_cut.wav,4.666666667,0.577350269,0.653333333,3
30211501_MinPolqaSfbRecording_cut.wav,3.666666667,0.577350269,0.653333333,3
28265590_MinPolqaSfbRecording_cut.wav,3.666666667,0.577350269,0.653333333,3
30133600_MinPolqaSfbRecording_cut.wav,4.0,1.0,1.131606528,3
30180405_MinPolqaSfbRecording_cut.wav,3.333333333,0.577350269,0.653333333,3
29541343_MinPolqaSfbRecording_cut.wav,3.333333333,0.577350269,0.653333333,3
30486518_MinPolqaSfbRecording_cut.wav,2.666666667,0.577350269,0.653333333,3
30117026_MinPolqaSfbRecording_cut.wav,2.666666667,1.527525232,1.728557523,3
30260255_MinPolqaSfbRecording_cut.wav,3.666666667,0.577350269,0.653333333,3
30066628_MinPolqaSfbRecording_cut.wav,3.666666667,0.577350269,0.653333333,3
30124389_MinPolqaSfbRecording_cut.wav,4.0,0.0,0.0,3
30082044_MinPolqaSfbRecording_cut.wav,4.25,0.957427108,0.938278566,4
30155335_MinPolqaSfbRecording_cut.wav,4.5,0.577350269,0.565803264,4
30177810_MinPolqaSfbRecording_cut.wav,3.5,1.0,0.98,4
30421033_MinPolqaSfbRecording_cut.wav,4.0,0.816496581,0.800166649,4
30081129_MinPolqaSfbRecording_cut.wav,4.75,0.5,0.49,4
30059251_MinPolqaSfbRecording_cut.wav,3.25,0.5,0.49,4
30479192_MinPolqaSfbRecording_cut.wav,4.75,0.5,0.49,4
30075665_MinPolqaSfbRecording_cut.wav,4.5,1.0,0.98,4
30527858_MinPolqaSfbRecording_cut.wav,2.5,1.0,0.98,4
30078954_MinPolqaSfbRecording_cut.wav,3.5,0.577350269,0.565803264,4
30480478_MinPolqaSfbRecording_cut.wav,2.25,0.957427108,0.938278566,4
30493585_MinPolqaSfbRecording_cut.wav,1.5,0.577350269,0.565803264,4
27732165_MinPolqaSfbRecording_cut.wav,4.75,0.5,0.49,4
30496443_MinPolqaSfbRecording_cut.wav,2.0,0.816496581,0.800166649,4
30172203_MinPolqaSfbRecording_cut.wav,2.5,1.0,0.98,4
30183208_MinPolqaSfbRecording_cut.wav,2.75,0.957427108,0.938278566,4
30138425_MinPolqaSfbRecording_cut.wav,2.5,1.290994449,1.26517456,4
27737154_MinPolqaSfbRecording_cut.wav,3.75,0.5,0.49,4
29534994_MinPolqaSfbRecording_cut.wav,2.666666667,0.577350269,0.653333333,3
30170706_MinPolqaSfbRecording_cut.wav,3.333333333,1.527525232,1.728557523,3
30526779_MinPolqaSfbRecording_cut.wav,2.0,1.0,1.131606528,3
29534232_MinPolqaSfbRecording_cut.wav,3.666666667,0.577350269,0.653333333,3
30070730_MinPolqaSfbRecording_cut.wav,4.0,0.0,0.0,3
27836555_MinPolqaSfbRecording_cut.wav,4.666666667,0.577350269,0.653333333,3
30132546_MinPolqaSfbRecording_cut.wav,4.0,1.0,1.131606528,3
30124255_MinPolqaSfbRecording_cut.wav,3.666666667,1.154700538,1.306666667,3
28967154_MinPolqaSfbRecording_cut.wav,5.0,0.0,0.0,3
30401013_MinPolqaSfbRecording_cut.wav,3.0,0.816496581,0.800166649,4
28857462_MinPolqaSfbRecording_cut.wav,3.25,1.258305739,1.233139624,4
30147484_MinPolqaSfbRecording_cut.wav,2.75,1.707825128,1.673668625,4
30524155_MinPolqaSfbRecording_cut.wav,2.5,1.290994449,1.26517456,4
30421031_MinPolqaSfbRecording_cut.wav,3.5,1.732050808,1.697409791,4
30184605_MinPolqaSfbRecording_cut.wav,2.75,1.258305739,1.233139624,4
30133113_MinPolqaSfbRecording_cut.wav,3.0,1.632993162,1.600333299,4
30497379_MinPolqaSfbRecording_cut.wav,2.5,1.0,0.98,4
27714115_MinPolqaSfbRecording_cut.wav,3.0,0.816496581,0.800166649,4
30425837_MinPolqaSfbRecording_cut.wav,3.5,1.0,0.98,4
30262615_MinPolqaSfbRecording_cut.wav,3.75,0.957427108,0.938278566,4
28224657_MinPolqaSfbRecording_cut.wav,2.5,0.577350269,0.565803264,4
30445358_MinPolqaSfbRecording_cut.wav,2.75,0.957427108,0.938278566,4
30154256_MinPolqaSfbRecording_cut.wav,3.75,0.957427108,0.938278566,4
27652760_MinPolqaSfbRecording_cut.wav,4.25,0.5,0.49,4
29533795_MinPolqaSfbRecording_cut.wav,2.5,1.0,0.98,4
27935115_MinPolqaSfbRecording_cut.wav,3.25,0.957427108,0.938278566,4
30432236_MinPolqaSfbRecording_cut.wav,1.8,1.303840481,1.142866571,5
30068139_MinPolqaSfbRecording_cut.wav,1.8,1.303840481,1.142866571,5
30080738_MinPolqaSfbRecording_cut.wav,4.0,1.224744871,1.073536213,5
30457620_MinPolqaSfbRecording_cut.wav,3.8,0.836660027,0.733364848,5
30202215_MinPolqaSfbRecording_cut.wav,4.2,0.447213595,0.392,5
30098323_MinPolqaSfbRecording_cut.wav,3.2,0.836660027,0.733364848,5
30162477_MinPolqaSfbRecording_cut.wav,2.4,1.140175425,0.999407825,5
30181298_MinPolqaSfbRecording_cut.wav,1.8,1.788854382,1.568,5
30109822_MinPolqaSfbRecording_cut.wav,4.2,0.447213595,0.392,5
30145744_MinPolqaSfbRecording_cut.wav,3.8,1.303840481,1.142866571,5
27733132_MinPolqaSfbRecording_cut.wav,4.4,0.547722558,0.48009999,5
29529790_MinPolqaSfbRecording_cut.wav,3.0,1.224744871,1.073536213,5
28745509_MinPolqaSfbRecording_cut.wav,4.0,0.707106781,0.619806421,5
30462255_MinPolqaSfbRecording_cut.wav,3.8,1.303840481,1.142866571,5
30257993_MinPolqaSfbRecording_cut.wav,3.0,1.414213562,1.239612843,5
30098258_MinPolqaSfbRecording_cut.wav,3.4,0.547722558,0.48009999,5
29539402_MinPolqaSfbRecording_cut.wav,2.8,1.303840481,1.142866571,5
30505815_MinPolqaSfbRecording_cut.wav,3.5,0.577350269,0.565803264,4
27982037_MinPolqaSfbRecording_cut.wav,4.5,0.577350269,0.565803264,4
28796527_MinPolqaSfbRecording_cut.wav,4.75,0.5,0.49,4
30082567_MinPolqaSfbRecording_cut.wav,3.5,1.732050808,1.697409791,4
30439343_MinPolqaSfbRecording_cut.wav,2.0,1.414213562,1.385929291,4
30407082_MinPolqaSfbRecording_cut.wav,3.0,1.414213562,1.385929291,4
30075356_MinPolqaSfbRecording_cut.wav,3.8,0.836660027,0.733364848,5
28301948_MinPolqaSfbRecording_cut.wav,4.0,0.0,0.0,5
30424789_MinPolqaSfbRecording_cut.wav,4.2,0.447213595,0.392,5
30438647_MinPolqaSfbRecording_cut.wav,3.4,0.894427191,0.784,5
28267602_MinPolqaSfbRecording_cut.wav,3.8,0.447213595,0.392,5
30429986_MinPolqaSfbRecording_cut.wav,3.8,0.447213595,0.392,5
30096411_MinPolqaSfbRecording_cut.wav,4.2,0.836660027,0.733364848,5
27683450_MinPolqaSfbRecording_cut.wav,4.0,0.707106781,0.619806421,5
30112513_MinPolqaSfbRecording_cut.wav,3.8,0.836660027,0.733364848,5
29539733_MinPolqaSfbRecording_cut.wav,4.2,0.447213595,0.392,5
30180278_MinPolqaSfbRecording_cut.wav,3.4,1.341640786,1.176,5
30183410_MinPolqaSfbRecording_cut.wav,2.6,0.894427191,0.784,5
30520116_MinPolqaSfbRecording_cut.wav,2.0,1.224744871,1.073536213,5
30119832_MinPolqaSfbRecording_cut.wav,4.2,0.836660027,0.733364848,5
29537097_MinPolqaSfbRecording_cut.wav,4.4,0.547722558,0.48009999,5
30108560_MinPolqaSfbRecording_cut.wav,2.8,1.095445115,0.960199979,5
30145736_MinPolqaSfbRecording_cut.wav,3.0,1.224744871,1.073536213,5
28223567_MinPolqaSfbRecording_cut.wav,4.6,0.547722558,0.48009999,5
27588637_MinPolqaSfbRecording_cut.wav,4.25,1.5,1.47,4
30209276_MinPolqaSfbRecording_cut.wav,2.25,0.957427108,0.938278566,4
30161124_MinPolqaSfbRecording_cut.wav,3.0,1.414213562,1.385929291,4
30175278_MinPolqaSfbRecording_cut.wav,1.0,0.0,0.0,4
29534897_MinPolqaSfbRecording_cut.wav,3.0,1.414213562,1.385929291,4
30075555_MinPolqaSfbRecording_cut.wav,2.0,1.414213562,1.385929291,4
29536462_MinPolqaSfbRecording_cut.wav,3.25,0.957427108,0.938278566,4
30448926_MinPolqaSfbRecording_cut.wav,3.4,0.894427191,0.784,5
30091047_MinPolqaSfbRecording_cut.wav,2.2,1.303840481,1.142866571,5
29535569_MinPolqaSfbRecording_cut.wav,2.6,1.140175425,0.999407825,5
30426391_MinPolqaSfbRecording_cut.wav,3.6,0.547722558,0.48009999,5
30133207_MinPolqaSfbRecording_cut.wav,3.8,0.447213595,0.392,5
27804282_MinPolqaSfbRecording_cut.wav,3.4,0.547722558,0.48009999,5
30063634_MinPolqaSfbRecording_cut.wav,2.8,1.095445115,0.960199979,5
30103758_MinPolqaSfbRecording_cut.wav,3.0,1.0,0.876538647,5
30527558_MinPolqaSfbRecording_cut.wav,3.4,0.894427191,0.784,5
30138730_MinPolqaSfbRecording_cut.wav,2.8,1.095445115,0.960199979,5
28968237_MinPolqaSfbRecording_cut.wav,3.6,0.547722558,0.48009999,5
30521419_MinPolqaSfbRecording_cut.wav,2.8,1.303840481,1.142866571,5
30257428_MinPolqaSfbRecording_cut.wav,2.6,1.816590212,1.592311527,5
28076979_MinPolqaSfbRecording_cut.wav,3.8,0.836660027,0.733364848,5
30502258_MinPolqaSfbRecording_cut.wav,2.4,1.516575089,1.329336677,5
30175253_MinPolqaSfbRecording_cut.wav,2.0,1.414213562,1.239612843,5
30514465_MinPolqaSfbRecording_cut.wav,1.6,0.894427191,0.784,5
30155745_MinPolqaSfbRecording_cut.wav,3.4,0.547722558,0.48009999,5
28534788_MinPolqaSfbRecording_cut.wav,4.6,0.547722558,0.48009999,5
30488108_MinPolqaSfbRecording_cut.wav,3.4,0.894427191,0.784,5
27550057_MinPolqaSfbRecording_cut.wav,4.4,0.894427191,0.784,5
30089216_MinPolqaSfbRecording_cut.wav,2.8,1.483239697,1.300116918,5
30497007_MinPolqaSfbRecording_cut.wav,2.6,1.140175425,0.999407825,5
30160914_MinPolqaSfbRecording_cut.wav,4.4,0.547722558,0.48009999,5
30164205_MinPolqaSfbRecording_cut.wav,3.0,0.816496581,0.800166649,4
30481420_MinPolqaSfbRecording_cut.wav,1.75,0.5,0.49,4
30481322_MinPolqaSfbRecording_cut.wav,4.0,1.154700538,1.131606528,4
30080778_MinPolqaSfbRecording_cut.wav,3.0,0.816496581,0.800166649,4
30464821_MinPolqaSfbRecording_cut.wav,2.75,0.5,0.49,4
30186026_MinPolqaSfbRecording_cut.wav,1.25,0.5,0.49,4
27744227_MinPolqaSfbRecording_cut.wav,3.25,0.5,0.49,4
30182893_MinPolqaSfbRecording_cut.wav,1.25,0.5,0.49,4
30110310_MinPolqaSfbRecording_cut.wav,3.5,0.707106781,0.98,2
30183473_MinPolqaSfbRecording_cut.wav,2.0,1.414213562,1.96,2
30171284_MinPolqaSfbRecording_cut.wav,3.5,0.707106781,0.98,2
28263844_MinPolqaSfbRecording_cut.wav,3.5,0.707106781,0.98,2
30137285_MinPolqaSfbRecording_cut.wav,3.0,1.414213562,1.96,2
30483228_MinPolqaSfbRecording_cut.wav,4.5,0.707106781,0.98,2
30491242_MinPolqaSfbRecording_cut.wav,2.0,1.414213562,1.96,2
28645475_MinPolqaSfbRecording_cut.wav,4.0,0.0,0.0,2
30530263_MinPolqaSfbRecording_cut.wav,1.5,0.707106781,0.98,2
27734419_MinPolqaSfbRecording_cut.wav,3.666666667,0.577350269,0.653333333,3
30401610_MinPolqaSfbRecording_cut.wav,3.333333333,0.577350269,0.653333333,3
30133958_MinPolqaSfbRecording_cut.wav,3.666666667,1.527525232,1.728557523,3
30460345_MinPolqaSfbRecording_cut.wav,2.333333333,1.527525232,1.728557523,3
28162156_MinPolqaSfbRecording_cut.wav,4.0,1.0,1.131606528,3
30257315_MinPolqaSfbRecording_cut.wav,3.333333333,0.577350269,0.653333333,3
30443820_MinPolqaSfbRecording_cut.wav,3.666666667,0.577350269,0.653333333,3
28004108_MinPolqaSfbRecording_cut.wav,3.8,0.836660027,0.733364848,5
30425843_MinPolqaSfbRecording_cut.wav,2.4,1.140175425,0.999407825,5
30198800_MinPolqaSfbRecording_cut.wav,3.4,1.140175425,0.999407825,5
30510912_MinPolqaSfbRecording_cut.wav,3.0,1.224744871,1.073536213,5
30183532_MinPolqaSfbRecording_cut.wav,2.0,0.707106781,0.619806421,5
28247063_MinPolqaSfbRecording_cut.wav,3.2,0.836660027,0.733364848,5
30120275_MinPolqaSfbRecording_cut.wav,2.4,0.894427191,0.784,5
28145239_MinPolqaSfbRecording_cut.wav,3.8,0.836660027,0.733364848,5
30128111_MinPolqaSfbRecording_cut.wav,2.2,1.643167673,1.440299969,5
27829231_MinPolqaSfbRecording_cut.wav,3.8,0.836660027,0.733364848,5
30130119_MinPolqaSfbRecording_cut.wav,2.4,1.673320053,1.466729696,5
30514749_MinPolqaSfbRecording_cut.wav,3.0,0.707106781,0.619806421,5
30484349_MinPolqaSfbRecording_cut.wav,3.8,0.836660027,0.733364848,5
30184320_MinPolqaSfbRecording_cut.wav,3.4,0.547722558,0.48009999,5
30147041_MinPolqaSfbRecording_cut.wav,2.8,0.447213595,0.392,5
30503020_MinPolqaSfbRecording_cut.wav,2.4,0.894427191,0.784,5
30260326_MinPolqaSfbRecording_cut.wav,2.6,1.673320053,1.466729696,5
30505167_MinPolqaSfbRecording_cut.wav,2.4,0.894427191,0.784,5
27911165_MinPolqaSfbRecording_cut.wav,3.25,0.957427108,0.938278566,4
30106801_MinPolqaSfbRecording_cut.wav,1.0,0.0,0.0,4
30180319_MinPolqaSfbRecording_cut.wav,3.25,1.5,1.47,4
30210248_MinPolqaSfbRecording_cut.wav,3.0,0.816496581,0.800166649,4
30425338_MinPolqaSfbRecording_cut.wav,2.25,0.5,0.49,4
30083565_MinPolqaSfbRecording_cut.wav,1.75,0.5,0.49,4
30070500_MinPolqaSfbRecording_cut.wav,3.5,0.577350269,0.565803264,4
27751094_MinPolqaSfbRecording_cut.wav,4.0,0.816496581,0.800166649,4
30205326_MinPolqaSfbRecording_cut.wav,3.0,1.414213562,1.385929291,4
30099864_MinPolqaSfbRecording_cut.wav,1.75,0.5,0.49,4
30106902_MinPolqaSfbRecording_cut.wav,3.75,0.957427108,0.938278566,4
30148271_MinPolqaSfbRecording_cut.wav,4.0,0.816496581,0.800166649,4
30206136_MinPolqaSfbRecording_cut.wav,1.25,0.5,0.49,4
30492096_MinPolqaSfbRecording_cut.wav,3.25,0.957427108,0.938278566,4
30483891_MinPolqaSfbRecording_cut.wav,2.5,1.290994449,1.26517456,4
30490524_MinPolqaSfbRecording_cut.wav,3.25,1.5,1.47,4
30085465_MinPolqaSfbRecording_cut.wav,3.25,1.5,1.47,4
30151998_MinPolqaSfbRecording_cut.wav,3.0,0.816496581,0.800166649,4
27856449_MinPolqaSfbRecording_cut.wav,4.0,1.0,0.876538647,5
30510742_MinPolqaSfbRecording_cut.wav,2.8,0.836660027,0.733364848,5
30519645_MinPolqaSfbRecording_cut.wav,2.6,0.547722558,0.48009999,5
30118011_MinPolqaSfbRecording_cut.wav,3.0,1.0,0.876538647,5
30140831_MinPolqaSfbRecording_cut.wav,3.0,0.707106781,0.619806421,5
27563185_MinPolqaSfbRecording_cut.wav,3.8,0.447213595,0.392,5
30479581_MinPolqaSfbRecording_cut.wav,2.8,0.836660027,0.733364848,5
28234693_MinPolqaSfbRecording_cut.wav,3.8,0.447213595,0.392,5
30067579_MinPolqaSfbRecording_cut.wav,3.0,0.0,0.0,3
30069520_MinPolqaSfbRecording_cut.wav,1.0,0.0,0.0,3
30263838_MinPolqaSfbRecording_cut.wav,3.333333333,0.577350269,0.653333333,3
29542243_MinPolqaSfbRecording_cut.wav,3.333333333,0.577350269,0.653333333,3
30437301_MinPolqaSfbRecording_cut.wav,1.666666667,0.577350269,0.653333333,3
30087317_MinPolqaSfbRecording_cut.wav,3.666666667,0.577350269,0.653333333,3
30092175_MinPolqaSfbRecording_cut.wav,3.666666667,0.577350269,0.653333333,3
30185947_MinPolqaSfbRecording_cut.wav,3.75,0.5,0.49,4
28642852_MinPolqaSfbRecording_cut.wav,4.25,0.5,0.49,4
30467686_MinPolqaSfbRecording_cut.wav,3.75,0.5,0.49,4
30132452_MinPolqaSfbRecording_cut.wav,4.0,0.816496581,0.800166649,4
30195595_MinPolqaSfbRecording_cut.wav,2.75,0.957427108,0.938278566,4
30070316_MinPolqaSfbRecording_cut.wav,3.0,0.0,0.0,4
30118857_MinPolqaSfbRecording_cut.wav,4.0,0.0,0.0,4
27731807_MinPolqaSfbRecording_cut.wav,4.25,0.5,0.49,4
28762296_MinPolqaSfbRecording_cut.wav,4.5,0.577350269,0.565803264,4
30253580_MinPolqaSfbRecording_cut.wav,2.0,0.0,0.0,3
30184748_MinPolqaSfbRecording_cut.wav,2.666666667,1.527525232,1.728557523,3
30188990_MinPolqaSfbRecording_cut.wav,3.666666667,1.154700538,1.306666667,3
30162025_MinPolqaSfbRecording_cut.wav,1.666666667,0.577350269,0.653333333,3
30098000_MinPolqaSfbRecording_cut.wav,3.666666667,1.154700538,1.306666667,3
30076298_MinPolqaSfbRecording_cut.wav,3.666666667,1.527525232,1.728557523,3
30161419_MinPolqaSfbRecording_cut.wav,4.0,1.0,1.131606528,3
30113366_MinPolqaSfbRecording_cut.wav,1.666666667,0.577350269,0.653333333,3
30252800_MinPolqaSfbRecording_cut.wav,2.4,0.547722558,0.48009999,5
30069044_MinPolqaSfbRecording_cut.wav,2.8,0.836660027,0.733364848,5
30251781_MinPolqaSfbRecording_cut.wav,3.2,0.836660027,0.733364848,5
30253894_MinPolqaSfbRecording_cut.wav,3.2,0.836660027,0.733364848,5
28751979_MinPolqaSfbRecording_cut.wav,3.6,0.894427191,0.784,5
30516310_MinPolqaSfbRecording_cut.wav,3.2,0.447213595,0.392,5
30508573_MinPolqaSfbRecording_cut.wav,1.8,1.303840481,1.142866571,5
28953383_MinPolqaSfbRecording_cut.wav,2.4,0.547722558,0.48009999,5
30179050_MinPolqaSfbRecording_cut.wav,2.2,1.095445115,0.960199979,5
30461376_MinPolqaSfbRecording_cut.wav,4.0,0.0,0.0,3
28524646_MinPolqaSfbRecording_cut.wav,3.333333333,1.154700538,1.306666667,3
30470537_MinPolqaSfbRecording_cut.wav,3.666666667,0.577350269,0.653333333,3
30258492_MinPolqaSfbRecording_cut.wav,4.0,0.0,0.0,3
30118455_MinPolqaSfbRecording_cut.wav,3.333333333,0.577350269,0.653333333,3
30066280_MinPolqaSfbRecording_cut.wav,4.0,1.0,1.131606528,3
30469326_MinPolqaSfbRecording_cut.wav,3.333333333,0.577350269,0.653333333,3
30171861_MinPolqaSfbRecording_cut.wav,3.666666667,0.577350269,0.653333333,3
30154222_MinPolqaSfbRecording_cut.wav,4.75,0.5,0.49,4
30496950_MinPolqaSfbRecording_cut.wav,2.75,1.707825128,1.673668625,4
30103723_MinPolqaSfbRecording_cut.wav,4.0,1.414213562,1.385929291,4
30122740_MinPolqaSfbRecording_cut.wav,4.75,0.5,0.49,4
27555356_MinPolqaSfbRecording_cut.wav,4.0,0.816496581,0.800166649,4
30154646_MinPolqaSfbRecording_cut.wav,3.75,1.258305739,1.233139624,4
28923475_MinPolqaSfbRecording_cut.wav,4.25,1.5,1.47,4
29530627_MinPolqaSfbRecording_cut.wav,4.25,1.5,1.47,4
30099514_MinPolqaSfbRecording_cut.wav,4.0,0.816496581,0.800166649,4
30075664_MinPolqaSfbRecording_cut.wav,3.5,0.707106781,0.98,2
30125772_MinPolqaSfbRecording_cut.wav,3.0,0.0,0.0,2
30107344_MinPolqaSfbRecording_cut.wav,1.5,0.707106781,0.98,2
30205788_MinPolqaSfbRecording_cut.wav,1.5,0.707106781,0.98,2
30406697_MinPolqaSfbRecording_cut.wav,2.0,0.0,0.0,2
30148004_MinPolqaSfbRecording_cut.wav,2.0,0.0,0.0,2
28598351_MinPolqaSfbRecording_cut.wav,3.5,0.707106781,0.98,2
30086697_MinPolqaSfbRecording_cut.wav,2.5,0.707106781,0.98,2
30079416_MinPolqaSfbRecording_cut.wav,1.5,0.707106781,0.98,2
30414231_MinPolqaSfbRecording_cut.wav,3.5,0.707106781,0.98,2
28615353_MinPolqaSfbRecording_cut.wav,4.0,0.0,0.0,2
30097843_MinPolqaSfbRecording_cut.wav,3.5,2.121320344,2.94,2
28537325_MinPolqaSfbRecording_cut.wav,4.5,0.707106781,0.98,2
28478629_MinPolqaSfbRecording_cut.wav,3.5,2.121320344,2.94,2
30200651_MinPolqaSfbRecording_cut.wav,2.5,2.121320344,2.94,2
30478421_MinPolqaSfbRecording_cut.wav,4.5,0.707106781,0.98,2
30528875_MinPolqaSfbRecording_cut.wav,3.5,0.707106781,0.98,2
30429809_MinPolqaSfbRecording_cut.wav,4.0,1.414213562,1.96,2
30133460_MinPolqaSfbRecording_cut.wav,1.5,0.707106781,0.98,2
29538167_MinPolqaSfbRecording_cut.wav,2.333333333,1.527525232,1.728557523,3
30401602_MinPolqaSfbRecording_cut.wav,3.0,1.732050808,1.96,3
27786575_MinPolqaSfbRecording_cut.wav,3.333333333,0.577350269,0.653333333,3
30482617_MinPolqaSfbRecording_cut.wav,3.0,1.732050808,1.96,3
30471368_MinPolqaSfbRecording_cut.wav,4.0,1.0,1.131606528,3
30082742_MinPolqaSfbRecording_cut.wav,3.333333333,1.527525232,1.728557523,3
30071393_MinPolqaSfbRecording_cut.wav,3.333333333,1.527525232,1.728557523,3
29538568_MinPolqaSfbRecording_cut.wav,3.0,1.732050808,1.96,3
30436694_MinPolqaSfbRecording_cut.wav,2.333333333,2.309401077,2.613333333,3
28304971_MinPolqaSfbRecording_cut.wav,3.75,1.5,1.47,4
30260089_MinPolqaSfbRecording_cut.wav,2.25,1.892969449,1.85511006,4
30066753_MinPolqaSfbRecording_cut.wav,2.5,1.914854216,1.876557131,4
27849231_MinPolqaSfbRecording_cut.wav,4.0,0.816496581,0.800166649,4
30066785_MinPolqaSfbRecording_cut.wav,1.75,1.5,1.47,4
27799749_MinPolqaSfbRecording_cut.wav,4.0,0.816496581,0.800166649,4
30075371_MinPolqaSfbRecording_cut.wav,3.25,1.707825128,1.673668625,4
30164146_MinPolqaSfbRecording_cut.wav,3.75,1.258305739,1.233139624,4
30255201_MinPolqaSfbRecording_cut.wav,3.25,1.707825128,1.673668625,4
30173708_MinPolqaSfbRecording_cut.wav,4.0,0.0,0.0,5
27782331_MinPolqaSfbRecording_cut.wav,3.2,0.447213595,0.392,5
30449929_MinPolqaSfbRecording_cut.wav,3.4,0.547722558,0.48009999,5
30485519_MinPolqaSfbRecording_cut.wav,3.6,0.547722558,0.48009999,5
30527537_MinPolqaSfbRecording_cut.wav,4.2,0.836660027,0.733364848,5
30507193_MinPolqaSfbRecording_cut.wav,3.2,0.836660027,0.733364848,5
30104257_MinPolqaSfbRecording_cut.wav,3.8,0.836660027,0.733364848,5
30073491_MinPolqaSfbRecording_cut.wav,3.6,0.894427191,0.784,5
30109663_MinPolqaSfbRecording_cut.wav,3.2,1.303840481,1.142866571,5
29539254_MinPolqaSfbRecording_cut.wav,2.8,0.836660027,0.733364848,5
27761936_MinPolqaSfbRecording_cut.wav,3.8,0.447213595,0.392,5
29543744_MinPolqaSfbRecording_cut.wav,2.8,0.836660027,0.733364848,5
29049184_MinPolqaSfbRecording_cut.wav,4.2,0.447213595,0.392,5
30470069_MinPolqaSfbRecording_cut.wav,2.6,1.516575089,1.329336677,5
27763754_MinPolqaSfbRecording_cut.wav,4.4,0.547722558,0.48009999,5
30411926_MinPolqaSfbRecording_cut.wav,3.8,1.095445115,0.960199979,5
29531706_MinPolqaSfbRecording_cut.wav,4.25,0.957427108,0.938278566,4
27515830_MinPolqaSfbRecording_cut.wav,4.25,0.957427108,0.938278566,4
30472725_MinPolqaSfbRecording_cut.wav,1.75,0.957427108,0.938278566,4
30058766_MinPolqaSfbRecording_cut.wav,3.0,0.816496581,0.800166649,4
30185984_MinPolqaSfbRecording_cut.wav,2.75,1.5,1.47,4
28321198_MinPolqaSfbRecording_cut.wav,4.0,1.154700538,1.131606528,4
30118479_MinPolqaSfbRecording_cut.wav,2.25,0.957427108,0.938278566,4
30210857_MinPolqaSfbRecording_cut.wav,1.75,1.5,1.47,4
27800328_MinPolqaSfbRecording_cut.wav,4.6,0.547722558,0.48009999,5
30402610_MinPolqaSfbRecording_cut.wav,4.6,0.547722558,0.48009999,5
30060250_MinPolqaSfbRecording_cut.wav,4.0,1.224744871,1.073536213,5
30472714_MinPolqaSfbRecording_cut.wav,4.0,0.707106781,0.619806421,5
29535030_MinPolqaSfbRecording_cut.wav,4.2,0.836660027,0.733364848,5
30134534_MinPolqaSfbRecording_cut.wav,4.2,0.836660027,0.733364848,5
30099931_MinPolqaSfbRecording_cut.wav,3.0,1.224744871,1.073536213,5
29533968_MinPolqaSfbRecording_cut.wav,4.2,0.447213595,0.392,5
28326929_MinPolqaSfbRecording_cut.wav,4.333333333,0.577350269,0.653333333,3
30434181_MinPolqaSfbRecording_cut.wav,4.333333333,0.577350269,0.653333333,3
30480687_MinPolqaSfbRecording_cut.wav,3.666666667,0.577350269,0.653333333,3
27673996_MinPolqaSfbRecording_cut.wav,3.0,1.0,1.131606528,3
30482625_MinPolqaSfbRecording_cut.wav,3.333333333,0.577350269,0.653333333,3
28752986_MinPolqaSfbRecording_cut.wav,3.0,1.0,1.131606528,3
30455805_MinPolqaSfbRecording_cut.wav,2.333333333,1.527525232,1.728557523,3
30118499_MinPolqaSfbRecording_cut.wav,3.333333333,0.577350269,0.653333333,3
28110785_MinPolqaSfbRecording_cut.wav,4.0,1.0,1.131606528,3
30524004_MinPolqaSfbRecording_cut.wav,2.0,1.154700538,1.131606528,4
30151167_MinPolqaSfbRecording_cut.wav,1.75,0.957427108,0.938278566,4
30150190_MinPolqaSfbRecording_cut.wav,2.75,0.5,0.49,4
28531694_MinPolqaSfbRecording_cut.wav,2.5,1.0,0.98,4
28119981_MinPolqaSfbRecording_cut.wav,4.0,1.154700538,1.131606528,4
30205296_MinPolqaSfbRecording_cut.wav,3.5,1.290994449,1.26517456,4
30511783_MinPolqaSfbRecording_cut.wav,2.75,1.5,1.47,4
30188925_MinPolqaSfbRecording_cut.wav,2.0,1.154700538,1.131606528,4
30212616_MinPolqaSfbRecording_cut.wav,3.0,1.414213562,1.96,2
30487871_MinPolqaSfbRecording_cut.wav,1.0,0.0,0.0,2
30148280_MinPolqaSfbRecording_cut.wav,3.5,0.707106781,0.98,2
28158956_MinPolqaSfbRecording_cut.wav,3.0,0.0,0.0,2
30194152_MinPolqaSfbRecording_cut.wav,2.5,0.707106781,0.98,2
30073423_MinPolqaSfbRecording_cut.wav,3.0,1.414213562,1.96,2
30137967_MinPolqaSfbRecording_cut.wav,4.0,1.414213562,1.96,2
30490117_MinPolqaSfbRecording_cut.wav,2.0,1.414213562,1.96,2
30132123_MinPolqaSfbRecording_cut.wav,3.0,0.816496581,0.800166649,4
30262892_MinPolqaSfbRecording_cut.wav,4.0,0.816496581,0.800166649,4
30413090_MinPolqaSfbRecording_cut.wav,1.75,0.5,0.49,4
30428045_MinPolqaSfbRecording_cut.wav,3.25,0.5,0.49,4
30064843_MinPolqaSfbRecording_cut.wav,3.5,0.577350269,0.565803264,4
30129131_MinPolqaSfbRecording_cut.wav,3.0,0.0,0.0,4
30134547_MinPolqaSfbRecording_cut.wav,3.75,0.957427108,0.938278566,4
30082286_MinPolqaSfbRecording_cut.wav,3.0,0.816496581,0.800166649,4
30445523_MinPolqaSfbRecording_cut.wav,3.2,0.836660027,0.733364848,5
28896043_MinPolqaSfbRecording_cut.wav,3.4,1.140175425,0.999407825,5
30484570_MinPolqaSfbRecording_cut.wav,4.0,1.224744871,1.073536213,5
28301541_MinPolqaSfbRecording_cut.wav,4.0,0.707106781,0.619806421,5
30075083_MinPolqaSfbRecording_cut.wav,3.4,1.516575089,1.329336677,5
30068037_MinPolqaSfbRecording_cut.wav,2.8,1.303840481,1.142866571,5
30071791_MinPolqaSfbRecording_cut.wav,4.4,0.894427191,0.784,5
28838904_MinPolqaSfbRecording_cut.wav,3.8,0.836660027,0.733364848,5
30091519_MinPolqaSfbRecording_cut.wav,3.6,1.140175425,0.999407825,5
28422934_MinPolqaSfbRecording_cut.wav,4.0,0.816496581,0.800166649,4
28263792_MinPolqaSfbRecording_cut.wav,3.25,1.707825128,1.673668625,4
30513363_MinPolqaSfbRecording_cut.wav,3.5,1.0,0.98,4
30197803_MinPolqaSfbRecording_cut.wav,3.0,1.154700538,1.131606528,4
30254012_MinPolqaSfbRecording_cut.wav,3.0,1.154700538,1.131606528,4
30121029_MinPolqaSfbRecording_cut.wav,2.75,0.957427108,0.938278566,4
30090347_MinPolqaSfbRecording_cut.wav,5.0,,,1
30158257_MinPolqaSfbRecording_cut.wav,2.0,,,1
30263049_MinPolqaSfbRecording_cut.wav,2.0,,,1
30478833_MinPolqaSfbRecording_cut.wav,1.0,,,1
27941358_MinPolqaSfbRecording_cut.wav,5.0,,,1
30080812_MinPolqaSfbRecording_cut.wav,2.0,,,1
27698385_MinPolqaSfbRecording_cut.wav,4.0,,,1
28417554_MinPolqaSfbRecording_cut.wav,4.0,,,1
30444851_MinPolqaSfbRecording_cut.wav,1.0,,,1
30176946_MinPolqaSfbRecording_cut.wav,3.0,,,1
30128905_MinPolqaSfbRecording_cut.wav,4.0,,,1
30452222_MinPolqaSfbRecording_cut.wav,4.0,,,1
28287041_MinPolqaSfbRecording_cut.wav,4.0,,,1
27926487_MinPolqaSfbRecording_cut.wav,5.0,,,1
28441902_MinPolqaSfbRecording_cut.wav,5.0,,,1
30104175_MinPolqaSfbRecording_cut.wav,5.0,,,1
30448810_MinPolqaSfbRecording_cut.wav,3.0,,,1
30148543_MinPolqaSfbRecording_cut.wav,4.2,0.447213595,0.392,5
28141901_MinPolqaSfbRecording_cut.wav,4.4,0.894427191,0.784,5
30151378_MinPolqaSfbRecording_cut.wav,3.8,0.836660027,0.733364848,5
30089214_MinPolqaSfbRecording_cut.wav,1.8,0.836660027,0.733364848,5
30432976_MinPolqaSfbRecording_cut.wav,2.8,0.447213595,0.392,5
30258532_MinPolqaSfbRecording_cut.wav,1.6,0.894427191,0.784,5
27809700_MinPolqaSfbRecording_cut.wav,4.6,0.547722558,0.48009999,5
27944395_MinPolqaSfbRecording_cut.wav,3.4,0.547722558,0.48009999,5
30501785_MinPolqaSfbRecording_cut.wav,3.8,0.447213595,0.392,5
30091518_MinPolqaSfbRecording_cut.wav,2.6,0.894427191,0.784,5
30430412_MinPolqaSfbRecording_cut.wav,3.2,1.303840481,1.142866571,5
28430711_MinPolqaSfbRecording_cut.wav,3.6,0.547722558,0.48009999,5
30455668_MinPolqaSfbRecording_cut.wav,1.8,0.836660027,0.733364848,5
30408327_MinPolqaSfbRecording_cut.wav,4.0,0.707106781,0.619806421,5
28710459_MinPolqaSfbRecording_cut.wav,3.4,0.547722558,0.48009999,5
30449930_MinPolqaSfbRecording_cut.wav,3.0,1.224744871,1.073536213,5
28120262_MinPolqaSfbRecording_cut.wav,3.2,0.836660027,0.733364848,5
29534231_MinPolqaSfbRecording_cut.wav,3.4,0.894427191,0.784,5
30082303_MinPolqaSfbRecording_cut.wav,4.0,0.707106781,0.619806421,5
30128748_MinPolqaSfbRecording_cut.wav,4.0,1.0,0.876538647,5
30144415_MinPolqaSfbRecording_cut.wav,3.6,0.547722558,0.48009999,5
30175143_MinPolqaSfbRecording_cut.wav,4.2,0.836660027,0.733364848,5
30075861_MinPolqaSfbRecording_cut.wav,3.2,1.095445115,0.960199979,5
30488393_MinPolqaSfbRecording_cut.wav,4.0,0.707106781,0.619806421,5
30127682_MinPolqaSfbRecording_cut.wav,3.0,1.0,0.876538647,5
30434824_MinPolqaSfbRecording_cut.wav,2.6,1.816590212,1.592311527,5
30092213_MinPolqaSfbRecording_cut.wav,2.5,1.290994449,1.26517456,4
30177711_MinPolqaSfbRecording_cut.wav,3.0,1.414213562,1.385929291,4
30423233_MinPolqaSfbRecording_cut.wav,2.75,0.5,0.49,4
30166259_MinPolqaSfbRecording_cut.wav,2.0,0.816496581,0.800166649,4
30143014_MinPolqaSfbRecording_cut.wav,3.0,0.816496581,0.800166649,4
30159133_MinPolqaSfbRecording_cut.wav,2.75,1.258305739,1.233139624,4
30138931_MinPolqaSfbRecording_cut.wav,3.5,0.577350269,0.565803264,4
30411982_MinPolqaSfbRecording_cut.wav,3.75,0.957427108,0.938278566,4
28032437_MinPolqaSfbRecording_cut.wav,4.25,0.5,0.49,4
28719766_MinPolqaSfbRecording_cut.wav,3.25,0.5,0.49,4
27804817_MinPolqaSfbRecording_cut.wav,4.0,1.0,1.131606528,3
27820887_MinPolqaSfbRecording_cut.wav,4.666666667,0.577350269,0.653333333,3
30063337_MinPolqaSfbRecording_cut.wav,3.0,1.0,1.131606528,3
30473207_MinPolqaSfbRecording_cut.wav,1.0,0.0,0.0,3
30210976_MinPolqaSfbRecording_cut.wav,3.0,0.0,0.0,3
28073230_MinPolqaSfbRecording_cut.wav,4.666666667,0.577350269,0.653333333,3
30255659_MinPolqaSfbRecording_cut.wav,3.333333333,1.154700538,1.306666667,3
27928679_MinPolqaSfbRecording_cut.wav,3.333333333,1.527525232,1.728557523,3
28799821_MinPolqaSfbRecording_cut.wav,3.75,0.5,0.49,4
30454906_MinPolqaSfbRecording_cut.wav,3.0,1.632993162,1.600333299,4
30061313_MinPolqaSfbRecording_cut.wav,3.5,0.577350269,0.565803264,4
28035309_MinPolqaSfbRecording_cut.wav,4.5,0.577350269,0.565803264,4
30162185_MinPolqaSfbRecording_cut.wav,4.0,1.154700538,1.131606528,4
30159248_MinPolqaSfbRecording_cut.wav,3.25,1.707825128,1.673668625,4
30200498_MinPolqaSfbRecording_cut.wav,3.5,1.290994449,1.26517456,4
30252301_MinPolqaSfbRecording_cut.wav,3.0,1.414213562,1.385929291,4
29542702_MinPolqaSfbRecording_cut.wav,4.0,0.816496581,0.800166649,4
30170758_MinPolqaSfbRecording_cut.wav,2.25,1.5,1.47,4
30511693_MinPolqaSfbRecording_cut.wav,3.5,1.0,0.98,4
29531186_MinPolqaSfbRecording_cut.wav,2.75,0.5,0.49,4
30167032_MinPolqaSfbRecording_cut.wav,3.25,0.957427108,0.938278566,4
30205359_MinPolqaSfbRecording_cut.wav,3.75,0.957427108,0.938278566,4
28550610_MinPolqaSfbRecording_cut.wav,4.0,0.816496581,0.800166649,4
30412879_MinPolqaSfbRecording_cut.wav,3.5,1.290994449,1.26517456,4
30479997_MinPolqaSfbRecording_cut.wav,3.5,0.577350269,0.565803264,4
28953692_MinPolqaSfbRecording_cut.wav,3.5,1.0,0.98,4
30087232_MinPolqaSfbRecording_cut.wav,3.5,0.577350269,0.565803264,4
30177796_MinPolqaSfbRecording_cut.wav,3.5,0.577350269,0.565803264,4
30404955_MinPolqaSfbRecording_cut.wav,3.25,0.5,0.49,4
27552871_MinPolqaSfbRecording_cut.wav,3.0,0.816496581,0.800166649,4
30262226_MinPolqaSfbRecording_cut.wav,2.25,0.5,0.49,4
29542442_MinPolqaSfbRecording_cut.wav,3.0,0.0,0.0,4
30529176_MinPolqaSfbRecording_cut.wav,1.75,0.957427108,0.938278566,4
30257436_MinPolqaSfbRecording_cut.wav,3.25,0.957427108,0.938278566,4
30077158_MinPolqaSfbRecording_cut.wav,2.5,0.577350269,0.565803264,4
30511588_MinPolqaSfbRecording_cut.wav,4.0,0.816496581,0.800166649,4
30433888_MinPolqaSfbRecording_cut.wav,2.75,0.957427108,0.938278566,4
30471668_MinPolqaSfbRecording_cut.wav,3.25,0.5,0.49,4
30097681_MinPolqaSfbRecording_cut.wav,4.0,0.0,0.0,4
28971912_MinPolqaSfbRecording_cut.wav,4.25,0.5,0.49,4
30522766_MinPolqaSfbRecording_cut.wav,1.5,1.0,0.98,4
30069445_MinPolqaSfbRecording_cut.wav,2.5,1.290994449,1.26517456,4
28669629_MinPolqaSfbRecording_cut.wav,4.25,0.5,0.49,4
28116701_MinPolqaSfbRecording_cut.wav,4.0,0.0,0.0,4
30402545_MinPolqaSfbRecording_cut.wav,2.0,0.816496581,0.800166649,4
30432139_MinPolqaSfbRecording_cut.wav,3.666666667,2.309401077,2.613333333,3
30133126_MinPolqaSfbRecording_cut.wav,3.666666667,2.309401077,2.613333333,3
30405879_MinPolqaSfbRecording_cut.wav,2.0,1.0,1.131606528,3
30200458_MinPolqaSfbRecording_cut.wav,2.666666667,1.527525232,1.728557523,3
30062101_MinPolqaSfbRecording_cut.wav,3.333333333,2.081665999,2.355626833,3
30496520_MinPolqaSfbRecording_cut.wav,3.666666667,2.309401077,2.613333333,3
30137719_MinPolqaSfbRecording_cut.wav,2.666666667,1.527525232,1.728557523,3
27750973_MinPolqaSfbRecording_cut.wav,4.0,1.732050808,1.96,3
29544742_MinPolqaSfbRecording_cut.wav,2.666666667,1.527525232,1.728557523,3
30060094_MinPolqaSfbRecording_cut.wav,4.2,1.095445115,0.960199979,5
30137821_MinPolqaSfbRecording_cut.wav,2.8,1.303840481,1.142866571,5
30439989_MinPolqaSfbRecording_cut.wav,2.6,1.516575089,1.329336677,5
28024125_MinPolqaSfbRecording_cut.wav,3.0,1.224744871,1.073536213,5
30431615_MinPolqaSfbRecording_cut.wav,4.0,0.707106781,0.619806421,5
28061778_MinPolqaSfbRecording_cut.wav,4.0,0.0,0.0,4
28152989_MinPolqaSfbRecording_cut.wav,4.5,0.577350269,0.565803264,4
30433140_MinPolqaSfbRecording_cut.wav,2.5,0.577350269,0.565803264,4
30155512_MinPolqaSfbRecording_cut.wav,1.75,0.957427108,0.938278566,4
28067774_MinPolqaSfbRecording_cut.wav,4.25,0.957427108,0.938278566,4
28018647_MinPolqaSfbRecording_cut.wav,3.75,0.5,0.49,4
27881363_MinPolqaSfbRecording_cut.wav,4.25,0.957427108,0.938278566,4
30432327_MinPolqaSfbRecording_cut.wav,3.0,0.816496581,0.800166649,4
30254587_MinPolqaSfbRecording_cut.wav,3.2,0.836660027,0.733364848,5
27570002_MinPolqaSfbRecording_cut.wav,3.8,0.447213595,0.392,5
30205193_MinPolqaSfbRecording_cut.wav,3.6,1.341640786,1.176,5
30138427_MinPolqaSfbRecording_cut.wav,4.0,1.0,0.876538647,5
30123414_MinPolqaSfbRecording_cut.wav,4.2,0.447213595,0.392,5
30429544_MinPolqaSfbRecording_cut.wav,3.8,0.836660027,0.733364848,5
30472908_MinPolqaSfbRecording_cut.wav,2.6,1.816590212,1.592311527,5
30249380_MinPolqaSfbRecording_cut.wav,3.2,0.447213595,0.392,5
30085842_MinPolqaSfbRecording_cut.wav,3.4,0.894427191,0.784,5
30488061_MinPolqaSfbRecording_cut.wav,3.4,0.894427191,0.784,5
28541246_MinPolqaSfbRecording_cut.wav,4.6,0.547722558,0.48009999,5
30406749_MinPolqaSfbRecording_cut.wav,3.8,1.095445115,0.960199979,5
30096341_MinPolqaSfbRecording_cut.wav,2.2,0.836660027,0.733364848,5
30263993_MinPolqaSfbRecording_cut.wav,1.0,0.0,0.0,5
30072896_MinPolqaSfbRecording_cut.wav,2.8,0.836660027,0.733364848,5
27894878_MinPolqaSfbRecording_cut.wav,4.4,0.894427191,0.784,5
30435078_MinPolqaSfbRecording_cut.wav,2.6,0.894427191,0.784,5
27734834_MinPolqaSfbRecording_cut.wav,4.4,0.547722558,0.48009999,5
30442500_MinPolqaSfbRecording_cut.wav,4.0,0.707106781,0.619806421,5
30063491_MinPolqaSfbRecording_cut.wav,4.6,0.547722558,0.48009999,5
30200263_MinPolqaSfbRecording_cut.wav,4.0,0.0,0.0,5
30148391_MinPolqaSfbRecording_cut.wav,3.8,0.447213595,0.392,5
29055568_MinPolqaSfbRecording_cut.wav,4.6,0.547722558,0.48009999,5
30100996_MinPolqaSfbRecording_cut.wav,3.6,0.894427191,0.784,5
30480000_MinPolqaSfbRecording_cut.wav,4.4,0.547722558,0.48009999,5
30465891_MinPolqaSfbRecording_cut.wav,4.0,0.0,0.0,2
30154887_MinPolqaSfbRecording_cut.wav,2.0,0.0,0.0,2
30086958_MinPolqaSfbRecording_cut.wav,1.5,0.707106781,0.98,2
30194266_MinPolqaSfbRecording_cut.wav,2.0,0.0,0.0,2
28163035_MinPolqaSfbRecording_cut.wav,4.5,0.707106781,0.98,2
30213125_MinPolqaSfbRecording_cut.wav,2.0,0.0,0.0,2
29061040_MinPolqaSfbRecording_cut.wav,4.0,1.414213562,1.96,2
28061178_MinPolqaSfbRecording_cut.wav,4.5,0.707106781,0.98,2
30208282_MinPolqaSfbRecording_cut.wav,4.4,0.547722558,0.48009999,5
28154800_MinPolqaSfbRecording_cut.wav,4.6,0.547722558,0.48009999,5
30412315_MinPolqaSfbRecording_cut.wav,3.0,1.0,0.876538647,5
30478376_MinPolqaSfbRecording_cut.wav,4.4,0.547722558,0.48009999,5
30178485_MinPolqaSfbRecording_cut.wav,4.6,0.894427191,0.784,5
30128686_MinPolqaSfbRecording_cut.wav,4.2,0.447213595,0.392,5
30406168_MinPolqaSfbRecording_cut.wav,3.8,1.095445115,0.960199979,5
30138857_MinPolqaSfbRecording_cut.wav,3.8,1.303840481,1.142866571,5
30404736_MinPolqaSfbRecording_cut.wav,1.0,0.0,0.0,2
30118326_MinPolqaSfbRecording_cut.wav,2.0,1.414213562,1.96,2
30526384_MinPolqaSfbRecording_cut.wav,3.5,0.707106781,0.98,2
30511550_MinPolqaSfbRecording_cut.wav,3.5,0.707106781,0.98,2
30413329_MinPolqaSfbRecording_cut.wav,3.0,0.0,0.0,2
30135994_MinPolqaSfbRecording_cut.wav,1.0,0.0,0.0,2
28641987_MinPolqaSfbRecording_cut.wav,4.5,0.707106781,0.98,2
30508716_MinPolqaSfbRecording_cut.wav,4.5,0.707106781,0.98,2
28886272_MinPolqaSfbRecording_cut.wav,4.0,0.0,0.0,2
30520477_MinPolqaSfbRecording_cut.wav,3.4,0.547722558,0.48009999,5
30120407_MinPolqaSfbRecording_cut.wav,3.0,1.0,0.876538647,5
30090476_MinPolqaSfbRecording_cut.wav,2.0,1.0,0.876538647,5
30212352_MinPolqaSfbRecording_cut.wav,2.4,0.894427191,0.784,5
30502540_MinPolqaSfbRecording_cut.wav,2.4,1.140175425,0.999407825,5
30429506_MinPolqaSfbRecording_cut.wav,2.6,1.140175425,0.999407825,5
30123669_MinPolqaSfbRecording_cut.wav,1.8,0.836660027,0.733364848,5
29538754_MinPolqaSfbRecording_cut.wav,3.4,0.547722558,0.48009999,5
30091880_MinPolqaSfbRecording_cut.wav,4.2,0.836660027,0.733364848,5
30401621_MinPolqaSfbRecording_cut.wav,3.6,0.894427191,0.784,5
27825809_MinPolqaSfbRecording_cut.wav,4.0,0.0,0.0,5
30155261_MinPolqaSfbRecording_cut.wav,4.4,0.547722558,0.48009999,5
30254622_MinPolqaSfbRecording_cut.wav,3.6,1.516575089,1.329336677,5
30180594_MinPolqaSfbRecording_cut.wav,3.2,0.447213595,0.392,5
30475460_MinPolqaSfbRecording_cut.wav,3.6,0.547722558,0.48009999,5
30473588_MinPolqaSfbRecording_cut.wav,4.2,1.095445115,0.960199979,5
28114618_MinPolqaSfbRecording_cut.wav,2.2,1.643167673,1.440299969,5
30128744_MinPolqaSfbRecording_cut.wav,3.4,1.140175425,0.999407825,5
29543529_MinPolqaSfbRecording_cut.wav,3.25,0.957427108,0.938278566,4
27659896_MinPolqaSfbRecording_cut.wav,3.75,0.5,0.49,4
30063958_MinPolqaSfbRecording_cut.wav,4.0,0.0,0.0,4
28948108_MinPolqaSfbRecording_cut.wav,3.25,0.957427108,0.938278566,4
30508454_MinPolqaSfbRecording_cut.wav,2.5,0.577350269,0.565803264,4
27952146_MinPolqaSfbRecording_cut.wav,3.5,0.577350269,0.565803264,4
30096314_MinPolqaSfbRecording_cut.wav,2.0,0.816496581,0.800166649,4
28192854_MinPolqaSfbRecording_cut.wav,4.5,1.0,0.98,4
28328921_MinPolqaSfbRecording_cut.wav,4.25,0.957427108,0.938278566,4
30152527_MinPolqaSfbRecording_cut.wav,2.6,0.894427191,0.784,5
30458257_MinPolqaSfbRecording_cut.wav,2.0,1.224744871,1.073536213,5
30083204_MinPolqaSfbRecording_cut.wav,2.2,1.643167673,1.440299969,5
28538196_MinPolqaSfbRecording_cut.wav,4.0,1.224744871,1.073536213,5
28176866_MinPolqaSfbRecording_cut.wav,4.0,0.0,0.0,5
30068606_MinPolqaSfbRecording_cut.wav,2.8,1.303840481,1.142866571,5
30122354_MinPolqaSfbRecording_cut.wav,3.0,1.58113883,1.385929291,5
30134310_MinPolqaSfbRecording_cut.wav,3.6,0.547722558,0.48009999,5
30095860_MinPolqaSfbRecording_cut.wav,2.75,1.258305739,1.233139624,4
30205629_MinPolqaSfbRecording_cut.wav,3.25,0.957427108,0.938278566,4
30100185_MinPolqaSfbRecording_cut.wav,4.0,1.414213562,1.385929291,4
30119471_MinPolqaSfbRecording_cut.wav,1.25,0.5,0.49,4
30084986_MinPolqaSfbRecording_cut.wav,4.0,0.816496581,0.800166649,4
30458584_MinPolqaSfbRecording_cut.wav,4.25,0.957427108,0.938278566,4
30441990_MinPolqaSfbRecording_cut.wav,3.5,1.290994449,1.26517456,4
30144504_MinPolqaSfbRecording_cut.wav,3.25,1.5,1.47,4
29533763_MinPolqaSfbRecording_cut.wav,3.25,0.957427108,0.938278566,4
27697200_MinPolqaSfbRecording_cut.wav,4.75,0.5,0.49,4
30162191_MinPolqaSfbRecording_cut.wav,2.75,0.5,0.49,4
29058980_MinPolqaSfbRecording_cut.wav,4.25,0.957427108,0.938278566,4
30205423_MinPolqaSfbRecording_cut.wav,4.0,0.816496581,0.800166649,4
30146250_MinPolqaSfbRecording_cut.wav,2.5,0.577350269,0.565803264,4
30202180_MinPolqaSfbRecording_cut.wav,3.4,0.547722558,0.48009999,5
28728797_MinPolqaSfbRecording_cut.wav,4.2,0.836660027,0.733364848,5
30519490_MinPolqaSfbRecording_cut.wav,3.4,0.894427191,0.784,5
27556562_MinPolqaSfbRecording_cut.wav,4.0,0.707106781,0.619806421,5
30497337_MinPolqaSfbRecording_cut.wav,4.0,1.0,0.876538647,5
30081389_MinPolqaSfbRecording_cut.wav,2.6,0.547722558,0.48009999,5
30145269_MinPolqaSfbRecording_cut.wav,3.8,0.836660027,0.733364848,5
30516471_MinPolqaSfbRecording_cut.wav,3.8,0.447213595,0.392,5
30109797_MinPolqaSfbRecording_cut.wav,4.2,0.447213595,0.392,5
30145290_MinPolqaSfbRecording_cut.wav,3.4,0.547722558,0.48009999,5
30066828_MinPolqaSfbRecording_cut.wav,3.5,1.0,0.98,4
30089256_MinPolqaSfbRecording_cut.wav,2.0,1.414213562,1.385929291,4
28290058_MinPolqaSfbRecording_cut.wav,3.75,0.5,0.49,4
30150684_MinPolqaSfbRecording_cut.wav,4.25,0.5,0.49,4
30211940_MinPolqaSfbRecording_cut.wav,2.25,0.957427108,0.938278566,4
30198659_MinPolqaSfbRecording_cut.wav,3.5,0.577350269,0.565803264,4
27721560_MinPolqaSfbRecording_cut.wav,3.75,0.5,0.49,4
30446073_MinPolqaSfbRecording_cut.wav,1.75,0.957427108,0.938278566,4
30465325_MinPolqaSfbRecording_cut.wav,2.75,0.957427108,0.938278566,4
30514107_MinPolqaSfbRecording_cut.wav,4.0,0.707106781,0.619806421,5
30401886_MinPolqaSfbRecording_cut.wav,4.0,1.0,0.876538647,5
29543718_MinPolqaSfbRecording_cut.wav,3.4,1.341640786,1.176,5
30406006_MinPolqaSfbRecording_cut.wav,3.6,0.547722558,0.48009999,5
30177414_MinPolqaSfbRecording_cut.wav,4.0,0.707106781,0.619806421,5
27510396_MinPolqaSfbRecording_cut.wav,4.2,0.447213595,0.392,5
27797199_MinPolqaSfbRecording_cut.wav,3.0,1.0,1.131606528,3
28259342_MinPolqaSfbRecording_cut.wav,3.666666667,0.577350269,0.653333333,3
30067531_MinPolqaSfbRecording_cut.wav,3.0,0.0,0.0,3
30142681_MinPolqaSfbRecording_cut.wav,1.666666667,0.577350269,0.653333333,3
30127245_MinPolqaSfbRecording_cut.wav,2.0,1.0,1.131606528,3
30186640_MinPolqaSfbRecording_cut.wav,4.0,1.0,1.131606528,3
28732556_MinPolqaSfbRecording_cut.wav,5.0,0.0,0.0,3
30523737_MinPolqaSfbRecording_cut.wav,3.333333333,0.577350269,0.653333333,3
30179243_MinPolqaSfbRecording_cut.wav,2.333333333,1.154700538,1.306666667,3
27908553_MinPolqaSfbRecording_cut.wav,3.4,1.140175425,0.999407825,5
30121369_MinPolqaSfbRecording_cut.wav,3.6,1.140175425,0.999407825,5
30207693_MinPolqaSfbRecording_cut.wav,3.6,1.140175425,0.999407825,5
28536672_MinPolqaSfbRecording_cut.wav,3.4,1.140175425,0.999407825,5
28659965_MinPolqaSfbRecording_cut.wav,4.0,0.707106781,0.619806421,5
30514103_MinPolqaSfbRecording_cut.wav,3.4,1.140175425,0.999407825,5
28443956_MinPolqaSfbRecording_cut.wav,3.8,1.303840481,1.142866571,5
30508906_MinPolqaSfbRecording_cut.wav,2.4,1.341640786,1.176,5
30437576_MinPolqaSfbRecording_cut.wav,1.4,0.547722558,0.48009999,5
30488681_MinPolqaSfbRecording_cut.wav,2.4,0.547722558,0.48009999,5
30249018_MinPolqaSfbRecording_cut.wav,1.8,0.447213595,0.392,5
28677164_MinPolqaSfbRecording_cut.wav,3.2,0.447213595,0.392,5
30194403_MinPolqaSfbRecording_cut.wav,2.4,0.547722558,0.48009999,5
28524670_MinPolqaSfbRecording_cut.wav,4.2,0.836660027,0.733364848,5
30214029_MinPolqaSfbRecording_cut.wav,3.8,1.303840481,1.142866571,5
30108626_MinPolqaSfbRecording_cut.wav,2.6,0.547722558,0.48009999,5
30102792_MinPolqaSfbRecording_cut.wav,3.8,1.095445115,0.960199979,5
30208839_MinPolqaSfbRecording_cut.wav,1.8,0.836660027,0.733364848,5
30189054_MinPolqaSfbRecording_cut.wav,2.4,1.140175425,0.999407825,5
30175198_MinPolqaSfbRecording_cut.wav,3.8,1.095445115,0.960199979,5
30103719_MinPolqaSfbRecording_cut.wav,3.2,1.303840481,1.142866571,5
30478502_MinPolqaSfbRecording_cut.wav,2.4,1.140175425,0.999407825,5
30065756_MinPolqaSfbRecording_cut.wav,1.2,0.447213595,0.392,5
30472195_MinPolqaSfbRecording_cut.wav,3.4,1.140175425,0.999407825,5
30118653_MinPolqaSfbRecording_cut.wav,3.0,1.0,0.876538647,5
30168659_MinPolqaSfbRecording_cut.wav,3.2,1.303840481,1.142866571,5
28359109_MinPolqaSfbRecording_cut.wav,4.0,1.0,0.876538647,5
30163817_MinPolqaSfbRecording_cut.wav,3.8,0.836660027,0.733364848,5
30178403_MinPolqaSfbRecording_cut.wav,4.5,0.577350269,0.565803264,4
30530421_MinPolqaSfbRecording_cut.wav,3.25,0.957427108,0.938278566,4
30110360_MinPolqaSfbRecording_cut.wav,3.75,0.5,0.49,4
30179642_MinPolqaSfbRecording_cut.wav,2.75,1.5,1.47,4
30075663_MinPolqaSfbRecording_cut.wav,4.0,0.816496581,0.800166649,4
27985479_MinPolqaSfbRecording_cut.wav,4.0,0.816496581,0.800166649,4
30469937_MinPolqaSfbRecording_cut.wav,3.25,1.707825128,1.673668625,4
30501793_MinPolqaSfbRecording_cut.wav,3.75,0.5,0.49,4
30174518_MinPolqaSfbRecording_cut.wav,3.0,1.825741858,1.789227021,4
28680212_MinPolqaSfbRecording_cut.wav,4.5,0.577350269,0.565803264,4
30453883_MinPolqaSfbRecording_cut.wav,3.75,0.957427108,0.938278566,4
30258713_MinPolqaSfbRecording_cut.wav,3.0,0.816496581,0.800166649,4
28749521_MinPolqaSfbRecording_cut.wav,4.5,1.0,0.98,4
30461976_MinPolqaSfbRecording_cut.wav,2.5,1.290994449,1.26517456,4
27889146_MinPolqaSfbRecording_cut.wav,4.5,0.577350269,0.565803264,4
27745529_MinPolqaSfbRecording_cut.wav,4.25,0.957427108,0.938278566,4
30093277_MinPolqaSfbRecording_cut.wav,2.75,1.707825128,1.673668625,4
30452247_MinPolqaSfbRecording_cut.wav,4.0,0.816496581,0.800166649,4
30416358_MinPolqaSfbRecording_cut.wav,3.5,0.577350269,0.565803264,4
27632369_MinPolqaSfbRecording_cut.wav,3.5,0.577350269,0.565803264,4
30431783_MinPolqaSfbRecording_cut.wav,3.0,0.816496581,0.800166649,4
30488551_MinPolqaSfbRecording_cut.wav,2.75,0.957427108,0.938278566,4
30112524_MinPolqaSfbRecording_cut.wav,2.5,1.0,0.98,4
30070733_MinPolqaSfbRecording_cut.wav,3.5,0.577350269,0.565803264,4
30152363_MinPolqaSfbRecording_cut.wav,4.25,0.5,0.49,4
30113516_MinPolqaSfbRecording_cut.wav,4.0,0.816496581,0.800166649,4
28107570_MinPolqaSfbRecording_cut.wav,4.5,0.577350269,0.565803264,4
30090885_MinPolqaSfbRecording_cut.wav,4.5,0.577350269,0.565803264,4
28628124_MinPolqaSfbRecording_cut.wav,4.333333333,0.577350269,0.653333333,3
30097344_MinPolqaSfbRecording_cut.wav,4.333333333,0.577350269,0.653333333,3
30105484_MinPolqaSfbRecording_cut.wav,3.333333333,0.577350269,0.653333333,3
27637246_MinPolqaSfbRecording_cut.wav,4.0,1.0,1.131606528,3
30195596_MinPolqaSfbRecording_cut.wav,1.0,0.0,0.0,3
30211494_MinPolqaSfbRecording_cut.wav,2.0,1.0,1.131606528,3
30256239_MinPolqaSfbRecording_cut.wav,2.0,1.732050808,1.96,3
30465853_MinPolqaSfbRecording_cut.wav,2.666666667,0.577350269,0.653333333,3
30214350_MinPolqaSfbRecording_cut.wav,3.333333333,1.154700538,1.306666667,3
30491532_MinPolqaSfbRecording_cut.wav,2.4,1.140175425,0.999407825,5
30425320_MinPolqaSfbRecording_cut.wav,2.8,0.836660027,0.733364848,5
30484458_MinPolqaSfbRecording_cut.wav,2.8,0.836660027,0.733364848,5
30065332_MinPolqaSfbRecording_cut.wav,3.4,0.894427191,0.784,5
30168542_MinPolqaSfbRecording_cut.wav,3.2,1.095445115,0.960199979,5
29539582_MinPolqaSfbRecording_cut.wav,1.6,0.894427191,0.784,5
28750627_MinPolqaSfbRecording_cut.wav,4.0,0.707106781,0.619806421,5
30066292_MinPolqaSfbRecording_cut.wav,3.6,0.547722558,0.48009999,5
30143837_MinPolqaSfbRecording_cut.wav,3.0,1.414213562,1.96,2
30474648_MinPolqaSfbRecording_cut.wav,3.0,1.414213562,1.96,2
27723236_MinPolqaSfbRecording_cut.wav,4.5,0.707106781,0.98,2
30484808_MinPolqaSfbRecording_cut.wav,1.5,0.707106781,0.98,2
30126164_MinPolqaSfbRecording_cut.wav,4.0,1.414213562,1.96,2
30169554_MinPolqaSfbRecording_cut.wav,4.0,1.414213562,1.96,2
30099270_MinPolqaSfbRecording_cut.wav,4.0,1.414213562,1.96,2
30261185_MinPolqaSfbRecording_cut.wav,2.2,1.095445115,0.960199979,5
30063588_MinPolqaSfbRecording_cut.wav,3.6,1.140175425,0.999407825,5
30137265_MinPolqaSfbRecording_cut.wav,3.0,0.707106781,0.619806421,5
30256624_MinPolqaSfbRecording_cut.wav,4.2,0.836660027,0.733364848,5
30503215_MinPolqaSfbRecording_cut.wav,1.8,0.836660027,0.733364848,5
30442113_MinPolqaSfbRecording_cut.wav,3.8,0.447213595,0.392,5
30183148_MinPolqaSfbRecording_cut.wav,2.8,0.836660027,0.733364848,5
30143366_MinPolqaSfbRecording_cut.wav,3.0,,,1
30408254_MinPolqaSfbRecording_cut.wav,2.0,,,1
29537022_MinPolqaSfbRecording_cut.wav,2.0,,,1
30454300_MinPolqaSfbRecording_cut.wav,2.0,,,1
30144821_MinPolqaSfbRecording_cut.wav,4.0,,,1
30171484_MinPolqaSfbRecording_cut.wav,1.0,,,1
30147647_MinPolqaSfbRecording_cut.wav,2.0,,,1
30085497_MinPolqaSfbRecording_cut.wav,2.0,,,1
30431361_MinPolqaSfbRecording_cut.wav,1.0,,,1
30204945_MinPolqaSfbRecording_cut.wav,3.25,0.957427108,0.938278566,4
30408223_MinPolqaSfbRecording_cut.wav,2.5,1.732050808,1.697409791,4
30110157_MinPolqaSfbRecording_cut.wav,3.0,0.816496581,0.800166649,4
30213627_MinPolqaSfbRecording_cut.wav,3.5,1.290994449,1.26517456,4
30472302_MinPolqaSfbRecording_cut.wav,2.25,1.892969449,1.85511006,4
30127195_MinPolqaSfbRecording_cut.wav,2.0,0.816496581,0.800166649,4
30144710_MinPolqaSfbRecording_cut.wav,2.75,1.707825128,1.673668625,4
30405990_MinPolqaSfbRecording_cut.wav,3.0,0.0,0.0,3
30477823_MinPolqaSfbRecording_cut.wav,2.0,0.0,0.0,3
30082583_MinPolqaSfbRecording_cut.wav,3.666666667,1.154700538,1.306666667,3
30157304_MinPolqaSfbRecording_cut.wav,3.333333333,1.154700538,1.306666667,3
27644488_MinPolqaSfbRecording_cut.wav,4.333333333,1.154700538,1.306666667,3
30455590_MinPolqaSfbRecording_cut.wav,1.666666667,0.577350269,0.653333333,3
30066130_MinPolqaSfbRecording_cut.wav,2.0,0.0,0.0,3
30527713_MinPolqaSfbRecording_cut.wav,2.333333333,1.527525232,1.728557523,3
28628950_MinPolqaSfbRecording_cut.wav,3.666666667,1.154700538,1.306666667,3
30081671_MinPolqaSfbRecording_cut.wav,3.333333333,0.577350269,0.653333333,3
30068495_MinPolqaSfbRecording_cut.wav,2.0,1.0,1.131606528,3
30080555_MinPolqaSfbRecording_cut.wav,3.0,0.0,0.0,3
30521468_MinPolqaSfbRecording_cut.wav,3.333333333,0.577350269,0.653333333,3
30135331_MinPolqaSfbRecording_cut.wav,2.0,1.0,1.131606528,3
30526716_MinPolqaSfbRecording_cut.wav,2.666666667,0.577350269,0.653333333,3
30127836_MinPolqaSfbRecording_cut.wav,3.666666667,0.577350269,0.653333333,3
30066601_MinPolqaSfbRecording_cut.wav,2.0,1.414213562,1.385929291,4
28342868_MinPolqaSfbRecording_cut.wav,3.75,1.258305739,1.233139624,4
27659967_MinPolqaSfbRecording_cut.wav,3.5,0.577350269,0.565803264,4
30135718_MinPolqaSfbRecording_cut.wav,3.5,0.577350269,0.565803264,4
30113910_MinPolqaSfbRecording_cut.wav,1.0,0.0,0.0,4
30176687_MinPolqaSfbRecording_cut.wav,3.0,0.816496581,0.800166649,4
30488973_MinPolqaSfbRecording_cut.wav,3.75,0.957427108,0.938278566,4
30157934_MinPolqaSfbRecording_cut.wav,2.25,1.892969449,1.85511006,4
30487563_MinPolqaSfbRecording_cut.wav,3.0,0.816496581,0.800166649,4
30184908_MinPolqaSfbRecording_cut.wav,4.5,0.577350269,0.565803264,4
30503650_MinPolqaSfbRecording_cut.wav,2.5,1.290994449,1.26517456,4
30194369_MinPolqaSfbRecording_cut.wav,3.5,0.577350269,0.565803264,4
30480136_MinPolqaSfbRecording_cut.wav,3.25,0.5,0.49,4
30410601_MinPolqaSfbRecording_cut.wav,2.5,1.290994449,1.26517456,4
28243061_MinPolqaSfbRecording_cut.wav,3.75,0.957427108,0.938278566,4
30076363_MinPolqaSfbRecording_cut.wav,2.5,1.290994449,1.26517456,4
30487008_MinPolqaSfbRecording_cut.wav,3.5,0.577350269,0.565803264,4
30520491_MinPolqaSfbRecording_cut.wav,2.5,1.290994449,1.26517456,4
30058832_MinPolqaSfbRecording_cut.wav,3.25,0.5,0.49,4
30085863_MinPolqaSfbRecording_cut.wav,2.5,0.577350269,0.565803264,4
30061266_MinPolqaSfbRecording_cut.wav,4.0,0.0,0.0,4
30174610_MinPolqaSfbRecording_cut.wav,2.75,0.5,0.49,4
30465014_MinPolqaSfbRecording_cut.wav,3.25,0.957427108,0.938278566,4
30068610_MinPolqaSfbRecording_cut.wav,2.75,0.5,0.49,4
27863687_MinPolqaSfbRecording_cut.wav,4.0,0.0,0.0,4
29533258_MinPolqaSfbRecording_cut.wav,1.75,0.5,0.49,4
30105145_MinPolqaSfbRecording_cut.wav,2.25,0.5,0.49,4
30198649_MinPolqaSfbRecording_cut.wav,1.75,0.957427108,0.938278566,4
30123599_MinPolqaSfbRecording_cut.wav,3.75,0.5,0.49,4
28134543_MinPolqaSfbRecording_cut.wav,3.5,0.577350269,0.565803264,4
30082924_MinPolqaSfbRecording_cut.wav,2.75,0.5,0.49,4
30143013_MinPolqaSfbRecording_cut.wav,2.5,0.577350269,0.565803264,4
28691378_MinPolqaSfbRecording_cut.wav,4.0,1.414213562,1.385929291,4
30406989_MinPolqaSfbRecording_cut.wav,3.0,1.414213562,1.385929291,4
29535282_MinPolqaSfbRecording_cut.wav,3.0,0.816496581,0.800166649,4
30209084_MinPolqaSfbRecording_cut.wav,1.5,0.577350269,0.565803264,4
30421071_MinPolqaSfbRecording_cut.wav,1.5,0.577350269,0.565803264,4
28321045_MinPolqaSfbRecording_cut.wav,4.0,0.816496581,0.800166649,4
30511024_MinPolqaSfbRecording_cut.wav,3.25,1.707825128,1.673668625,4
30453365_MinPolqaSfbRecording_cut.wav,2.75,0.957427108,0.938278566,4
27982237_MinPolqaSfbRecording_cut.wav,4.0,1.154700538,1.131606528,4
30113039_MinPolqaSfbRecording_cut.wav,4.0,0.0,0.0,2
28112067_MinPolqaSfbRecording_cut.wav,3.5,0.707106781,0.98,2
30095445_MinPolqaSfbRecording_cut.wav,2.0,1.414213562,1.96,2
30173216_MinPolqaSfbRecording_cut.wav,3.0,0.0,0.0,2
28640795_MinPolqaSfbRecording_cut.wav,4.0,0.0,0.0,2
30067279_MinPolqaSfbRecording_cut.wav,2.5,2.121320344,2.94,2
28114554_MinPolqaSfbRecording_cut.wav,4.5,0.707106781,0.98,2
30076590_MinPolqaSfbRecording_cut.wav,3.5,0.707106781,0.98,2
29541062_MinPolqaSfbRecording_cut.wav,2.5,0.707106781,0.98,2
30193282_MinPolqaSfbRecording_cut.wav,2.75,0.957427108,0.938278566,4
30195385_MinPolqaSfbRecording_cut.wav,3.0,0.816496581,0.800166649,4
30129966_MinPolqaSfbRecording_cut.wav,3.5,0.577350269,0.565803264,4
30460044_MinPolqaSfbRecording_cut.wav,3.5,1.0,0.98,4
30508802_MinPolqaSfbRecording_cut.wav,3.25,0.5,0.49,4
28504398_MinPolqaSfbRecording_cut.wav,3.5,1.0,0.98,4
30462908_MinPolqaSfbRecording_cut.wav,4.25,0.5,0.49,4
28150886_MinPolqaSfbRecording_cut.wav,2.75,1.258305739,1.233139624,4
28048506_MinPolqaSfbRecording_cut.wav,3.5,0.577350269,0.565803264,4
30407983_MinPolqaSfbRecording_cut.wav,4.0,0.816496581,0.800166649,4
30528033_MinPolqaSfbRecording_cut.wav,2.25,1.892969449,1.85511006,4
28968455_MinPolqaSfbRecording_cut.wav,4.5,0.577350269,0.565803264,4
30105097_MinPolqaSfbRecording_cut.wav,2.75,0.957427108,0.938278566,4
30451525_MinPolqaSfbRecording_cut.wav,3.75,0.5,0.49,4
28036031_MinPolqaSfbRecording_cut.wav,3.5,0.577350269,0.565803264,4
30146279_MinPolqaSfbRecording_cut.wav,2.5,0.577350269,0.565803264,4
30183205_MinPolqaSfbRecording_cut.wav,3.25,1.258305739,1.233139624,4
30090013_MinPolqaSfbRecording_cut.wav,2.75,0.5,0.49,4
27852184_MinPolqaSfbRecording_cut.wav,4.25,0.5,0.49,4
30423907_MinPolqaSfbRecording_cut.wav,3.75,0.957427108,0.938278566,4
28664598_MinPolqaSfbRecording_cut.wav,3.5,0.577350269,0.565803264,4
30496545_MinPolqaSfbRecording_cut.wav,3.25,1.258305739,1.233139624,4
28211724_MinPolqaSfbRecording_cut.wav,4.0,1.0,1.131606528,3
28285363_MinPolqaSfbRecording_cut.wav,4.0,1.0,1.131606528,3
29535969_MinPolqaSfbRecording_cut.wav,3.0,1.0,1.131606528,3
30429516_MinPolqaSfbRecording_cut.wav,4.333333333,0.577350269,0.653333333,3
28761869_MinPolqaSfbRecording_cut.wav,4.333333333,0.577350269,0.653333333,3
30083553_MinPolqaSfbRecording_cut.wav,2.666666667,1.527525232,1.728557523,3
30194284_MinPolqaSfbRecording_cut.wav,3.333333333,1.527525232,1.728557523,3
27762857_MinPolqaSfbRecording_cut.wav,4.75,0.5,0.49,4
30157191_MinPolqaSfbRecording_cut.wav,3.0,0.816496581,0.800166649,4
28888989_MinPolqaSfbRecording_cut.wav,4.0,0.816496581,0.800166649,4
30112688_MinPolqaSfbRecording_cut.wav,3.0,1.154700538,1.131606528,4
30249127_MinPolqaSfbRecording_cut.wav,2.5,1.290994449,1.26517456,4
30410227_MinPolqaSfbRecording_cut.wav,3.5,1.290994449,1.26517456,4
30522673_MinPolqaSfbRecording_cut.wav,2.25,1.258305739,1.233139624,4
30249600_MinPolqaSfbRecording_cut.wav,2.5,1.0,0.98,4
30108498_MinPolqaSfbRecording_cut.wav,3.333333333,0.577350269,0.653333333,3
30126394_MinPolqaSfbRecording_cut.wav,4.0,1.0,1.131606528,3
30197910_MinPolqaSfbRecording_cut.wav,3.333333333,0.577350269,0.653333333,3
30192005_MinPolqaSfbRecording_cut.wav,3.666666667,0.577350269,0.653333333,3
27926336_MinPolqaSfbRecording_cut.wav,3.666666667,0.577350269,0.653333333,3
28486876_MinPolqaSfbRecording_cut.wav,4.0,1.0,1.131606528,3
30503482_MinPolqaSfbRecording_cut.wav,2.666666667,0.577350269,0.653333333,3
30260926_MinPolqaSfbRecording_cut.wav,3.6,1.140175425,0.999407825,5
30156442_MinPolqaSfbRecording_cut.wav,2.0,1.732050808,1.518209472,5
30474636_MinPolqaSfbRecording_cut.wav,1.8,1.303840481,1.142866571,5
28293797_MinPolqaSfbRecording_cut.wav,4.0,1.0,0.876538647,5
30087402_MinPolqaSfbRecording_cut.wav,2.4,1.140175425,0.999407825,5
27639518_MinPolqaSfbRecording_cut.wav,4.0,0.707106781,0.619806421,5
27624985_MinPolqaSfbRecording_cut.wav,4.6,0.547722558,0.48009999,5
30163648_MinPolqaSfbRecording_cut.wav,2.8,1.095445115,0.960199979,5
30421689_MinPolqaSfbRecording_cut.wav,1.6,0.894427191,0.784,5
30254525_MinPolqaSfbRecording_cut.wav,2.75,1.258305739,1.233139624,4
30247766_MinPolqaSfbRecording_cut.wav,2.25,0.957427108,0.938278566,4
30210906_MinPolqaSfbRecording_cut.wav,3.5,0.577350269,0.565803264,4
30208402_MinPolqaSfbRecording_cut.wav,2.25,0.5,0.49,4
28960610_MinPolqaSfbRecording_cut.wav,4.5,0.577350269,0.565803264,4
30082210_MinPolqaSfbRecording_cut.wav,1.75,0.957427108,0.938278566,4
30106023_MinPolqaSfbRecording_cut.wav,1.75,0.5,0.49,4
30446160_MinPolqaSfbRecording_cut.wav,3.0,1.414213562,1.385929291,4
30425261_MinPolqaSfbRecording_cut.wav,4.0,0.816496581,0.800166649,4
30422224_MinPolqaSfbRecording_cut.wav,3.25,0.957427108,0.938278566,4
30200162_MinPolqaSfbRecording_cut.wav,2.5,1.0,0.98,4
30195854_MinPolqaSfbRecording_cut.wav,3.5,1.0,0.98,4
30142679_MinPolqaSfbRecording_cut.wav,3.5,1.0,0.98,4
30174160_MinPolqaSfbRecording_cut.wav,2.5,1.0,0.98,4
29001075_MinPolqaSfbRecording_cut.wav,4.0,0.816496581,0.800166649,4
30069390_MinPolqaSfbRecording_cut.wav,1.6,1.341640786,1.176,5
30163673_MinPolqaSfbRecording_cut.wav,3.4,0.547722558,0.48009999,5
28966075_MinPolqaSfbRecording_cut.wav,2.8,0.836660027,0.733364848,5
30088545_MinPolqaSfbRecording_cut.wav,2.0,1.224744871,1.073536213,5
29532204_MinPolqaSfbRecording_cut.wav,4.2,0.447213595,0.392,5
30486342_MinPolqaSfbRecording_cut.wav,2.8,0.836660027,0.733364848,5
27913072_MinPolqaSfbRecording_cut.wav,4.4,0.547722558,0.48009999,5
29539526_MinPolqaSfbRecording_cut.wav,2.6,0.547722558,0.48009999,5
28536151_MinPolqaSfbRecording_cut.wav,4.0,0.0,0.0,5
30063514_MinPolqaSfbRecording_cut.wav,3.0,1.0,0.876538647,5
28182165_MinPolqaSfbRecording_cut.wav,2.8,0.447213595,0.392,5
29049783_MinPolqaSfbRecording_cut.wav,4.2,0.447213595,0.392,5
30410939_MinPolqaSfbRecording_cut.wav,2.2,0.836660027,0.733364848,5
30076478_MinPolqaSfbRecording_cut.wav,2.2,0.447213595,0.392,5
28497140_MinPolqaSfbRecording_cut.wav,3.4,0.547722558,0.48009999,5
28521430_MinPolqaSfbRecording_cut.wav,3.8,0.447213595,0.392,5
30472004_MinPolqaSfbRecording_cut.wav,3.2,0.447213595,0.392,5
30526925_MinPolqaSfbRecording_cut.wav,1.666666667,1.154700538,1.306666667,3
27760623_MinPolqaSfbRecording_cut.wav,3.666666667,0.577350269,0.653333333,3
30164626_MinPolqaSfbRecording_cut.wav,3.0,1.0,1.131606528,3
30146562_MinPolqaSfbRecording_cut.wav,3.0,1.0,1.131606528,3
30090208_MinPolqaSfbRecording_cut.wav,3.333333333,1.527525232,1.728557523,3
30428640_MinPolqaSfbRecording_cut.wav,2.333333333,1.527525232,1.728557523,3
29538195_MinPolqaSfbRecording_cut.wav,3.333333333,1.527525232,1.728557523,3
27847528_MinPolqaSfbRecording_cut.wav,4.0,1.0,1.131606528,3
30106225_MinPolqaSfbRecording_cut.wav,2.0,0.707106781,0.619806421,5
28047725_MinPolqaSfbRecording_cut.wav,3.4,1.140175425,0.999407825,5
30137015_MinPolqaSfbRecording_cut.wav,3.0,0.707106781,0.619806421,5
30159249_MinPolqaSfbRecording_cut.wav,2.4,0.894427191,0.784,5
30171719_MinPolqaSfbRecording_cut.wav,2.4,1.140175425,0.999407825,5
30098337_MinPolqaSfbRecording_cut.wav,3.4,0.547722558,0.48009999,5
30147872_MinPolqaSfbRecording_cut.wav,3.8,0.836660027,0.733364848,5
28136757_MinPolqaSfbRecording_cut.wav,3.6,0.547722558,0.48009999,5
28853327_MinPolqaSfbRecording_cut.wav,2.8,0.447213595,0.392,5
30213717_MinPolqaSfbRecording_cut.wav,3.8,0.836660027,0.733364848,5
30100239_MinPolqaSfbRecording_cut.wav,2.8,0.447213595,0.392,5
30147488_MinPolqaSfbRecording_cut.wav,1.6,0.547722558,0.48009999,5
30091339_MinPolqaSfbRecording_cut.wav,1.4,0.547722558,0.48009999,5
30155152_MinPolqaSfbRecording_cut.wav,3.6,0.547722558,0.48009999,5
29541895_MinPolqaSfbRecording_cut.wav,3.6,0.894427191,0.784,5
30150600_MinPolqaSfbRecording_cut.wav,2.0,0.0,0.0,5
29020794_MinPolqaSfbRecording_cut.wav,3.2,0.836660027,0.733364848,5
30159276_MinPolqaSfbRecording_cut.wav,3.4,0.894427191,0.784,5
30506475_MinPolqaSfbRecording_cut.wav,3.2,0.447213595,0.392,5
30461034_MinPolqaSfbRecording_cut.wav,3.8,0.447213595,0.392,5
30100600_MinPolqaSfbRecording_cut.wav,2.4,1.140175425,0.999407825,5
30207422_MinPolqaSfbRecording_cut.wav,3.2,0.836660027,0.733364848,5
27758270_MinPolqaSfbRecording_cut.wav,3.8,0.447213595,0.392,5
30075170_MinPolqaSfbRecording_cut.wav,4.0,0.707106781,0.619806421,5
30520376_MinPolqaSfbRecording_cut.wav,2.2,1.303840481,1.142866571,5
30250457_MinPolqaSfbRecording_cut.wav,3.6,0.894427191,0.784,5
30462521_MinPolqaSfbRecording_cut.wav,1.75,0.957427108,0.938278566,4
30256848_MinPolqaSfbRecording_cut.wav,4.75,0.5,0.49,4
30082790_MinPolqaSfbRecording_cut.wav,3.5,0.577350269,0.565803264,4
28769118_MinPolqaSfbRecording_cut.wav,4.5,1.0,0.98,4
28023694_MinPolqaSfbRecording_cut.wav,3.75,1.258305739,1.233139624,4
28323676_MinPolqaSfbRecording_cut.wav,4.75,0.5,0.49,4
30112500_MinPolqaSfbRecording_cut.wav,4.25,0.5,0.49,4
30129609_MinPolqaSfbRecording_cut.wav,3.25,0.957427108,0.938278566,4
30106180_MinPolqaSfbRecording_cut.wav,3.0,0.816496581,0.800166649,4
30258648_MinPolqaSfbRecording_cut.wav,3.5,1.290994449,1.26517456,4
30122410_MinPolqaSfbRecording_cut.wav,2.666666667,0.577350269,0.653333333,3
28648226_MinPolqaSfbRecording_cut.wav,4.666666667,0.577350269,0.653333333,3
28746711_MinPolqaSfbRecording_cut.wav,3.333333333,0.577350269,0.653333333,3
30129189_MinPolqaSfbRecording_cut.wav,3.666666667,0.577350269,0.653333333,3
30414631_MinPolqaSfbRecording_cut.wav,3.0,0.0,0.0,3
27904345_MinPolqaSfbRecording_cut.wav,4.333333333,0.577350269,0.653333333,3
30401124_MinPolqaSfbRecording_cut.wav,3.333333333,0.577350269,0.653333333,3
30123085_MinPolqaSfbRecording_cut.wav,2.666666667,0.577350269,0.653333333,3
30429553_MinPolqaSfbRecording_cut.wav,3.666666667,0.577350269,0.653333333,3
30451419_MinPolqaSfbRecording_cut.wav,2.0,1.0,1.131606528,3
30096473_MinPolqaSfbRecording_cut.wav,2.333333333,1.154700538,1.306666667,3
30151212_MinPolqaSfbRecording_cut.wav,3.666666667,0.577350269,0.653333333,3
28549708_MinPolqaSfbRecording_cut.wav,2.666666667,1.154700538,1.306666667,3
28090436_MinPolqaSfbRecording_cut.wav,3.0,1.0,1.131606528,3
30477869_MinPolqaSfbRecording_cut.wav,1.666666667,1.154700538,1.306666667,3
30509483_MinPolqaSfbRecording_cut.wav,2.333333333,0.577350269,0.653333333,3
30443972_MinPolqaSfbRecording_cut.wav,3.75,0.5,0.49,4
30063223_MinPolqaSfbRecording_cut.wav,2.25,0.957427108,0.938278566,4
28904146_MinPolqaSfbRecording_cut.wav,3.0,0.816496581,0.800166649,4
30531428_MinPolqaSfbRecording_cut.wav,1.5,0.577350269,0.565803264,4
28459731_MinPolqaSfbRecording_cut.wav,3.5,0.577350269,0.565803264,4
30180249_MinPolqaSfbRecording_cut.wav,1.75,0.5,0.49,4
30133585_MinPolqaSfbRecording_cut.wav,2.5,0.577350269,0.565803264,4
28649725_MinPolqaSfbRecording_cut.wav,4.0,0.816496581,0.800166649,4
30082841_MinPolqaSfbRecording_cut.wav,2.5,0.577350269,0.565803264,4
30155151_MinPolqaSfbRecording_cut.wav,3.333333333,0.577350269,0.653333333,3
30513539_MinPolqaSfbRecording_cut.wav,2.333333333,0.577350269,0.653333333,3
30507379_MinPolqaSfbRecording_cut.wav,2.333333333,0.577350269,0.653333333,3
28440891_MinPolqaSfbRecording_cut.wav,3.333333333,0.577350269,0.653333333,3
30065262_MinPolqaSfbRecording_cut.wav,3.333333333,0.577350269,0.653333333,3
30261418_MinPolqaSfbRecording_cut.wav,2.666666667,0.577350269,0.653333333,3
27859471_MinPolqaSfbRecording_cut.wav,3.666666667,0.577350269,0.653333333,3
30154742_MinPolqaSfbRecording_cut.wav,2.75,0.957427108,0.938278566,4
30249985_MinPolqaSfbRecording_cut.wav,2.5,0.577350269,0.565803264,4
28621286_MinPolqaSfbRecording_cut.wav,3.5,0.577350269,0.565803264,4
30145695_MinPolqaSfbRecording_cut.wav,3.25,0.957427108,0.938278566,4
28630355_MinPolqaSfbRecording_cut.wav,4.0,0.0,0.0,4
30168755_MinPolqaSfbRecording_cut.wav,1.75,0.957427108,0.938278566,4
30213742_MinPolqaSfbRecording_cut.wav,3.25,0.957427108,0.938278566,4
27890858_MinPolqaSfbRecording_cut.wav,3.5,0.577350269,0.565803264,4
30136400_MinPolqaSfbRecording_cut.wav,2.0,1.414213562,1.385929291,4
30069855_MinPolqaSfbRecording_cut.wav,2.0,0.816496581,0.800166649,4
30256967_MinPolqaSfbRecording_cut.wav,2.6,1.516575089,1.329336677,5
30161787_MinPolqaSfbRecording_cut.wav,3.0,1.58113883,1.385929291,5
30469528_MinPolqaSfbRecording_cut.wav,3.2,1.483239697,1.300116918,5
30255622_MinPolqaSfbRecording_cut.wav,3.4,1.516575089,1.329336677,5
28278862_MinPolqaSfbRecording_cut.wav,3.2,0.836660027,0.733364848,5
30100612_MinPolqaSfbRecording_cut.wav,2.0,1.414213562,1.239612843,5
29542343_MinPolqaSfbRecording_cut.wav,2.8,1.095445115,0.960199979,5
27654838_MinPolqaSfbRecording_cut.wav,3.2,1.303840481,1.142866571,5
28799295_MinPolqaSfbRecording_cut.wav,2.8,1.643167673,1.440299969,5
30214195_MinPolqaSfbRecording_cut.wav,2.8,1.303840481,1.142866571,5
30087277_MinPolqaSfbRecording_cut.wav,2.6,1.516575089,1.329336677,5
30142126_MinPolqaSfbRecording_cut.wav,2.4,1.673320053,1.466729696,5
30108337_MinPolqaSfbRecording_cut.wav,3.4,1.673320053,1.466729696,5
30436835_MinPolqaSfbRecording_cut.wav,2.4,1.516575089,1.329336677,5
30522375_MinPolqaSfbRecording_cut.wav,1.8,0.836660027,0.733364848,5
30210907_MinPolqaSfbRecording_cut.wav,3.8,1.303840481,1.142866571,5
28793175_MinPolqaSfbRecording_cut.wav,4.2,0.836660027,0.733364848,5
30446469_MinPolqaSfbRecording_cut.wav,2.8,1.303840481,1.142866571,5
30156031_MinPolqaSfbRecording_cut.wav,1.8,0.836660027,0.733364848,5
30424402_MinPolqaSfbRecording_cut.wav,3.0,1.414213562,1.385929291,4
30248665_MinPolqaSfbRecording_cut.wav,1.5,0.577350269,0.565803264,4
29529943_MinPolqaSfbRecording_cut.wav,2.25,1.5,1.47,4
28148333_MinPolqaSfbRecording_cut.wav,3.75,1.892969449,1.85511006,4
30126724_MinPolqaSfbRecording_cut.wav,3.0,1.414213562,1.385929291,4
30159561_MinPolqaSfbRecording_cut.wav,3.25,1.5,1.47,4
30102738_MinPolqaSfbRecording_cut.wav,4.0,1.414213562,1.385929291,4
27644375_MinPolqaSfbRecording_cut.wav,5.0,0.0,0.0,2
28121788_MinPolqaSfbRecording_cut.wav,4.5,0.707106781,0.98,2
30471248_MinPolqaSfbRecording_cut.wav,3.0,0.0,0.0,2
30425629_MinPolqaSfbRecording_cut.wav,3.0,0.0,0.0,2
30255083_MinPolqaSfbRecording_cut.wav,1.0,0.0,0.0,2
30150377_MinPolqaSfbRecording_cut.wav,1.0,0.0,0.0,2
30403749_MinPolqaSfbRecording_cut.wav,1.5,0.707106781,0.98,2
30441887_MinPolqaSfbRecording_cut.wav,2.5,0.707106781,0.98,2
30185893_MinPolqaSfbRecording_cut.wav,2.0,1.224744871,1.073536213,5
30440903_MinPolqaSfbRecording_cut.wav,1.8,1.303840481,1.142866571,5
30145802_MinPolqaSfbRecording_cut.wav,2.2,1.303840481,1.142866571,5
30138839_MinPolqaSfbRecording_cut.wav,2.8,1.095445115,0.960199979,5
30520397_MinPolqaSfbRecording_cut.wav,1.8,1.303840481,1.142866571,5
30205008_MinPolqaSfbRecording_cut.wav,3.6,0.547722558,0.48009999,5
30176860_MinPolqaSfbRecording_cut.wav,2.6,1.140175425,0.999407825,5
28139582_MinPolqaSfbRecording_cut.wav,4.0,0.816496581,0.800166649,4
30124413_MinPolqaSfbRecording_cut.wav,2.0,1.414213562,1.385929291,4
30467422_MinPolqaSfbRecording_cut.wav,3.0,1.825741858,1.789227021,4
30413063_MinPolqaSfbRecording_cut.wav,2.75,0.957427108,0.938278566,4
30066303_MinPolqaSfbRecording_cut.wav,3.25,0.957427108,0.938278566,4
30162243_MinPolqaSfbRecording_cut.wav,2.5,1.0,0.98,4
30462117_MinPolqaSfbRecording_cut.wav,4.0,1.154700538,1.131606528,4
30482429_MinPolqaSfbRecording_cut.wav,1.5,1.0,0.98,4
30185714_MinPolqaSfbRecording_cut.wav,2.75,1.707825128,1.673668625,4
27882616_MinPolqaSfbRecording_cut.wav,4.0,0.816496581,0.800166649,4
30106930_MinPolqaSfbRecording_cut.wav,2.5,1.732050808,1.697409791,4
30431540_MinPolqaSfbRecording_cut.wav,1.5,0.577350269,0.565803264,4
30138462_MinPolqaSfbRecording_cut.wav,3.0,0.816496581,0.800166649,4
30145724_MinPolqaSfbRecording_cut.wav,2.5,1.732050808,1.697409791,4
30148047_MinPolqaSfbRecording_cut.wav,4.0,0.707106781,0.619806421,5
30107149_MinPolqaSfbRecording_cut.wav,3.8,0.836660027,0.733364848,5
30483191_MinPolqaSfbRecording_cut.wav,3.0,1.58113883,1.385929291,5
30147657_MinPolqaSfbRecording_cut.wav,3.8,0.836660027,0.733364848,5
30150853_MinPolqaSfbRecording_cut.wav,4.2,0.836660027,0.733364848,5
28471041_MinPolqaSfbRecording_cut.wav,4.2,0.836660027,0.733364848,5
29069558_MinPolqaSfbRecording_cut.wav,4.0,1.0,0.876538647,5
30213396_MinPolqaSfbRecording_cut.wav,2.8,1.303840481,1.142866571,5
30431503_MinPolqaSfbRecording_cut.wav,3.4,1.341640786,1.176,5
30263478_MinPolqaSfbRecording_cut.wav,1.5,0.707106781,0.98,2
30211009_MinPolqaSfbRecording_cut.wav,2.5,0.707106781,0.98,2
30136661_MinPolqaSfbRecording_cut.wav,3.5,0.707106781,0.98,2
30446710_MinPolqaSfbRecording_cut.wav,2.5,0.707106781,0.98,2
27941542_MinPolqaSfbRecording_cut.wav,3.5,0.707106781,0.98,2
30069490_MinPolqaSfbRecording_cut.wav,3.0,0.0,0.0,2
28634604_MinPolqaSfbRecording_cut.wav,3.5,0.707106781,0.98,2
30253615_MinPolqaSfbRecording_cut.wav,1.5,0.707106781,0.98,2
30138918_MinPolqaSfbRecording_cut.wav,4.0,0.816496581,0.800166649,4
30254806_MinPolqaSfbRecording_cut.wav,3.5,0.577350269,0.565803264,4
30470687_MinPolqaSfbRecording_cut.wav,1.75,0.5,0.49,4
29534892_MinPolqaSfbRecording_cut.wav,2.5,0.577350269,0.565803264,4
30407010_MinPolqaSfbRecording_cut.wav,3.25,0.957427108,0.938278566,4
28202191_MinPolqaSfbRecording_cut.wav,4.25,0.957427108,0.938278566,4
30523379_MinPolqaSfbRecording_cut.wav,3.25,0.5,0.49,4
28171216_MinPolqaSfbRecording_cut.wav,2.0,0.816496581,0.800166649,4
28945335_MinPolqaSfbRecording_cut.wav,4.5,0.577350269,0.565803264,4
30059979_MinPolqaSfbRecording_cut.wav,2.6,1.516575089,1.329336677,5
28962135_MinPolqaSfbRecording_cut.wav,3.6,1.140175425,0.999407825,5
30491747_MinPolqaSfbRecording_cut.wav,3.2,1.095445115,0.960199979,5
30506497_MinPolqaSfbRecording_cut.wav,3.6,1.140175425,0.999407825,5
30150237_MinPolqaSfbRecording_cut.wav,3.8,0.836660027,0.733364848,5
27624042_MinPolqaSfbRecording_cut.wav,3.0,1.414213562,1.239612843,5
28798717_MinPolqaSfbRecording_cut.wav,4.2,0.447213595,0.392,5
30165154_MinPolqaSfbRecording_cut.wav,2.2,1.643167673,1.440299969,5
30487481_MinPolqaSfbRecording_cut.wav,2.333333333,0.577350269,0.653333333,3
30252405_MinPolqaSfbRecording_cut.wav,1.0,0.0,0.0,3
30514358_MinPolqaSfbRecording_cut.wav,3.0,1.0,1.131606528,3
30070146_MinPolqaSfbRecording_cut.wav,3.333333333,1.527525232,1.728557523,3
30166559_MinPolqaSfbRecording_cut.wav,1.333333333,0.577350269,0.653333333,3
30257967_MinPolqaSfbRecording_cut.wav,4.0,1.0,1.131606528,3
30180812_MinPolqaSfbRecording_cut.wav,3.0,0.0,0.0,3
30093184_MinPolqaSfbRecording_cut.wav,1.666666667,0.577350269,0.653333333,3
30076523_MinPolqaSfbRecording_cut.wav,3.0,0.0,0.0,3
29539290_MinPolqaSfbRecording_cut.wav,3.5,0.577350269,0.565803264,4
30441880_MinPolqaSfbRecording_cut.wav,3.0,0.816496581,0.800166649,4
30258383_MinPolqaSfbRecording_cut.wav,3.5,0.577350269,0.565803264,4
30496491_MinPolqaSfbRecording_cut.wav,3.0,0.816496581,0.800166649,4
30421023_MinPolqaSfbRecording_cut.wav,2.75,0.957427108,0.938278566,4
29539268_MinPolqaSfbRecording_cut.wav,4.0,0.816496581,0.800166649,4
30528304_MinPolqaSfbRecording_cut.wav,3.5,0.577350269,0.565803264,4
30161073_MinPolqaSfbRecording_cut.wav,1.6,1.341640786,1.176,5
30202832_MinPolqaSfbRecording_cut.wav,3.8,0.836660027,0.733364848,5
30200784_MinPolqaSfbRecording_cut.wav,4.0,1.0,0.876538647,5
30402073_MinPolqaSfbRecording_cut.wav,3.0,1.224744871,1.073536213,5
30475477_MinPolqaSfbRecording_cut.wav,2.4,1.140175425,0.999407825,5
30111606_MinPolqaSfbRecording_cut.wav,3.4,0.547722558,0.48009999,5
30488257_MinPolqaSfbRecording_cut.wav,3.8,0.836660027,0.733364848,5
28254148_MinPolqaSfbRecording_cut.wav,4.4,0.547722558,0.48009999,5
30485565_MinPolqaSfbRecording_cut.wav,3.6,0.547722558,0.48009999,5
28718287_MinPolqaSfbRecording_cut.wav,4.0,1.224744871,1.073536213,5
30479043_MinPolqaSfbRecording_cut.wav,3.6,1.140175425,0.999407825,5
30156945_MinPolqaSfbRecording_cut.wav,3.2,1.303840481,1.142866571,5
30253969_MinPolqaSfbRecording_cut.wav,4.2,0.836660027,0.733364848,5
27831289_MinPolqaSfbRecording_cut.wav,4.2,0.447213595,0.392,5
28307769_MinPolqaSfbRecording_cut.wav,3.8,1.095445115,0.960199979,5
27769619_MinPolqaSfbRecording_cut.wav,3.2,0.836660027,0.733364848,5
28851104_MinPolqaSfbRecording_cut.wav,3.8,0.836660027,0.733364848,5
30472010_MinPolqaSfbRecording_cut.wav,3.4,0.894427191,0.784,5
30127865_MinPolqaSfbRecording_cut.wav,1.8,1.303840481,1.142866571,5
30101539_MinPolqaSfbRecording_cut.wav,3.8,0.447213595,0.392,5
30432444_MinPolqaSfbRecording_cut.wav,3.8,0.447213595,0.392,5
28980785_MinPolqaSfbRecording_cut.wav,3.2,1.095445115,0.960199979,5
30162137_MinPolqaSfbRecording_cut.wav,2.0,1.0,0.876538647,5
28923559_MinPolqaSfbRecording_cut.wav,3.6,0.547722558,0.48009999,5
30157233_MinPolqaSfbRecording_cut.wav,2.2,1.643167673,1.440299969,5
30257348_MinPolqaSfbRecording_cut.wav,2.6,0.894427191,0.784,5
29535958_MinPolqaSfbRecording_cut.wav,3.4,1.516575089,1.329336677,5
30127668_MinPolqaSfbRecording_cut.wav,4.0,1.224744871,1.073536213,5
30091603_MinPolqaSfbRecording_cut.wav,3.0,1.224744871,1.073536213,5
30431152_MinPolqaSfbRecording_cut.wav,3.0,1.224744871,1.073536213,5
30063261_MinPolqaSfbRecording_cut.wav,3.4,0.894427191,0.784,5
30437487_MinPolqaSfbRecording_cut.wav,2.4,1.341640786,1.176,5
30467548_MinPolqaSfbRecording_cut.wav,3.4,0.894427191,0.784,5
30090032_MinPolqaSfbRecording_cut.wav,3.4,1.516575089,1.329336677,5
30162898_MinPolqaSfbRecording_cut.wav,1.25,0.5,0.49,4
28478586_MinPolqaSfbRecording_cut.wav,4.25,0.5,0.49,4
30479047_MinPolqaSfbRecording_cut.wav,3.0,0.0,0.0,4
30432353_MinPolqaSfbRecording_cut.wav,1.25,0.5,0.49,4
28616376_MinPolqaSfbRecording_cut.wav,4.25,0.5,0.49,4
30163697_MinPolqaSfbRecording_cut.wav,3.0,0.816496581,0.800166649,4
30156923_MinPolqaSfbRecording_cut.wav,1.5,1.0,0.98,4
30147634_MinPolqaSfbRecording_cut.wav,2.0,0.816496581,0.800166649,4
30412936_MinPolqaSfbRecording_cut.wav,3.333333333,0.577350269,0.653333333,3
30093275_MinPolqaSfbRecording_cut.wav,1.333333333,0.577350269,0.653333333,3
30455429_MinPolqaSfbRecording_cut.wav,3.0,1.0,1.131606528,3
29533271_MinPolqaSfbRecording_cut.wav,1.333333333,0.577350269,0.653333333,3
30186028_MinPolqaSfbRecording_cut.wav,1.0,0.0,0.0,3
30109836_MinPolqaSfbRecording_cut.wav,4.0,1.0,1.131606528,3
30161194_MinPolqaSfbRecording_cut.wav,2.666666667,0.577350269,0.653333333,3
30510956_MinPolqaSfbRecording_cut.wav,3.5,1.290994449,1.26517456,4
30104656_MinPolqaSfbRecording_cut.wav,3.5,0.577350269,0.565803264,4
30107213_MinPolqaSfbRecording_cut.wav,3.5,1.0,0.98,4
30189523_MinPolqaSfbRecording_cut.wav,4.25,1.5,1.47,4
30155087_MinPolqaSfbRecording_cut.wav,2.75,0.957427108,0.938278566,4
28238580_MinPolqaSfbRecording_cut.wav,3.75,0.5,0.49,4
30141640_MinPolqaSfbRecording_cut.wav,2.75,0.957427108,0.938278566,4
30128698_MinPolqaSfbRecording_cut.wav,3.0,0.816496581,0.800166649,4
30150163_MinPolqaSfbRecording_cut.wav,4.333333333,0.577350269,0.653333333,3
30439135_MinPolqaSfbRecording_cut.wav,3.0,1.0,1.131606528,3
30069077_MinPolqaSfbRecording_cut.wav,3.333333333,0.577350269,0.653333333,3
30142726_MinPolqaSfbRecording_cut.wav,4.0,1.0,1.131606528,3
27638574_MinPolqaSfbRecording_cut.wav,3.666666667,0.577350269,0.653333333,3
30143009_MinPolqaSfbRecording_cut.wav,4.333333333,0.577350269,0.653333333,3
28810160_MinPolqaSfbRecording_cut.wav,4.333333333,0.577350269,0.653333333,3
30181910_MinPolqaSfbRecording_cut.wav,3.4,0.894427191,0.784,5
30066123_MinPolqaSfbRecording_cut.wav,3.8,0.836660027,0.733364848,5
30259644_MinPolqaSfbRecording_cut.wav,3.6,1.341640786,1.176,5
30063546_MinPolqaSfbRecording_cut.wav,2.0,1.732050808,1.518209472,5
27887046_MinPolqaSfbRecording_cut.wav,4.6,0.547722558,0.48009999,5
27564581_MinPolqaSfbRecording_cut.wav,4.4,0.547722558,0.48009999,5
30086789_MinPolqaSfbRecording_cut.wav,4.0,1.224744871,1.073536213,5
29535394_MinPolqaSfbRecording_cut.wav,3.0,1.224744871,1.073536213,5
30484240_MinPolqaSfbRecording_cut.wav,1.8,1.788854382,1.568,5
30122384_MinPolqaSfbRecording_cut.wav,4.0,0.816496581,0.800166649,4
30430265_MinPolqaSfbRecording_cut.wav,3.25,1.5,1.47,4
30445219_MinPolqaSfbRecording_cut.wav,3.5,1.0,0.98,4
30175329_MinPolqaSfbRecording_cut.wav,3.75,0.5,0.49,4
30493492_MinPolqaSfbRecording_cut.wav,4.25,0.5,0.49,4
30102063_MinPolqaSfbRecording_cut.wav,3.5,1.0,0.98,4
30069495_MinPolqaSfbRecording_cut.wav,3.5,0.577350269,0.565803264,4
30057942_MinPolqaSfbRecording_cut.wav,3.5,0.577350269,0.565803264,4
30437369_MinPolqaSfbRecording_cut.wav,3.25,1.707825128,1.673668625,4
30478653_MinPolqaSfbRecording_cut.wav,3.25,1.258305739,1.233139624,4
30488716_MinPolqaSfbRecording_cut.wav,3.0,1.154700538,1.131606528,4
30100627_MinPolqaSfbRecording_cut.wav,2.25,1.258305739,1.233139624,4
30127116_MinPolqaSfbRecording_cut.wav,3.0,1.154700538,1.131606528,4
30414079_MinPolqaSfbRecording_cut.wav,3.5,1.290994449,1.26517456,4
28733283_MinPolqaSfbRecording_cut.wav,4.0,0.816496581,0.800166649,4
30206582_MinPolqaSfbRecording_cut.wav,3.25,0.5,0.49,4
28833330_MinPolqaSfbRecording_cut.wav,3.75,0.5,0.49,4
28811330_MinPolqaSfbRecording_cut.wav,3.75,0.957427108,0.938278566,4
30129986_MinPolqaSfbRecording_cut.wav,3.25,0.5,0.49,4
30256454_MinPolqaSfbRecording_cut.wav,2.25,0.5,0.49,4
29035537_MinPolqaSfbRecording_cut.wav,4.0,0.0,0.0,4
30470575_MinPolqaSfbRecording_cut.wav,1.75,0.957427108,0.938278566,4
30112282_MinPolqaSfbRecording_cut.wav,1.5,0.577350269,0.565803264,4
28231893_MinPolqaSfbRecording_cut.wav,4.0,1.414213562,1.96,2
30210838_MinPolqaSfbRecording_cut.wav,3.0,1.414213562,1.96,2
30126345_MinPolqaSfbRecording_cut.wav,4.0,1.414213562,1.96,2
30122723_MinPolqaSfbRecording_cut.wav,3.0,1.414213562,1.96,2
28831838_MinPolqaSfbRecording_cut.wav,5.0,0.0,0.0,2
30105961_MinPolqaSfbRecording_cut.wav,4.0,1.414213562,1.96,2
30182819_MinPolqaSfbRecording_cut.wav,3.0,1.414213562,1.96,2
30155619_MinPolqaSfbRecording_cut.wav,4.0,1.414213562,1.96,2
29531946_MinPolqaSfbRecording_cut.wav,3.0,1.414213562,1.96,2
30096936_MinPolqaSfbRecording_cut.wav,3.5,0.577350269,0.565803264,4
30212283_MinPolqaSfbRecording_cut.wav,3.0,0.0,0.0,4
30156295_MinPolqaSfbRecording_cut.wav,4.0,0.0,0.0,4
30138816_MinPolqaSfbRecording_cut.wav,2.25,0.5,0.49,4
30408236_MinPolqaSfbRecording_cut.wav,1.5,0.577350269,0.565803264,4
30076132_MinPolqaSfbRecording_cut.wav,3.75,0.957427108,0.938278566,4
30204382_MinPolqaSfbRecording_cut.wav,4.75,0.5,0.49,4
30113216_MinPolqaSfbRecording_cut.wav,2.0,2.0,1.96,4
30428934_MinPolqaSfbRecording_cut.wav,3.75,0.957427108,0.938278566,4
30173162_MinPolqaSfbRecording_cut.wav,2.75,0.957427108,0.938278566,4
30428983_MinPolqaSfbRecording_cut.wav,2.25,1.892969449,1.85511006,4
29033022_MinPolqaSfbRecording_cut.wav,4.25,0.5,0.49,4
30445637_MinPolqaSfbRecording_cut.wav,3.25,1.258305739,1.233139624,4
30467280_MinPolqaSfbRecording_cut.wav,2.75,1.707825128,1.673668625,4
28255930_MinPolqaSfbRecording_cut.wav,4.25,0.5,0.49,4
30152053_MinPolqaSfbRecording_cut.wav,4.0,0.816496581,0.800166649,4
30487061_MinPolqaSfbRecording_cut.wav,2.5,0.577350269,0.565803264,4
28028063_MinPolqaSfbRecording_cut.wav,3.25,0.5,0.49,4
30147881_MinPolqaSfbRecording_cut.wav,1.0,0.0,0.0,4
27519195_MinPolqaSfbRecording_cut.wav,3.5,0.577350269,0.565803264,4
30260663_MinPolqaSfbRecording_cut.wav,2.75,0.5,0.49,4
30147420_MinPolqaSfbRecording_cut.wav,1.5,0.577350269,0.565803264,4
28500523_MinPolqaSfbRecording_cut.wav,4.0,0.816496581,0.800166649,4
30082601_MinPolqaSfbRecording_cut.wav,3.75,0.957427108,0.938278566,4
30503034_MinPolqaSfbRecording_cut.wav,1.75,0.957427108,0.938278566,4
28325097_MinPolqaSfbRecording_cut.wav,3.75,0.5,0.49,4
28850850_MinPolqaSfbRecording_cut.wav,3.75,0.5,0.49,4
30423395_MinPolqaSfbRecording_cut.wav,2.75,0.5,0.49,4
30433863_MinPolqaSfbRecording_cut.wav,1.75,0.957427108,0.938278566,4
30254848_MinPolqaSfbRecording_cut.wav,3.25,0.5,0.49,4
30467487_MinPolqaSfbRecording_cut.wav,2.75,0.5,0.49,4
30260147_MinPolqaSfbRecording_cut.wav,3.25,0.5,0.49,4
30423841_MinPolqaSfbRecording_cut.wav,2.0,0.0,0.0,4
29535085_MinPolqaSfbRecording_cut.wav,3.6,0.894427191,0.784,5
30256716_MinPolqaSfbRecording_cut.wav,1.8,1.303840481,1.142866571,5
27901025_MinPolqaSfbRecording_cut.wav,4.2,0.836660027,0.733364848,5
30255148_MinPolqaSfbRecording_cut.wav,3.6,0.894427191,0.784,5
30195569_MinPolqaSfbRecording_cut.wav,3.2,0.447213595,0.392,5
30445282_MinPolqaSfbRecording_cut.wav,3.2,0.447213595,0.392,5
28961009_MinPolqaSfbRecording_cut.wav,4.2,0.836660027,0.733364848,5
30171288_MinPolqaSfbRecording_cut.wav,3.2,0.836660027,0.733364848,5
30433977_MinPolqaSfbRecording_cut.wav,3.2,0.447213595,0.392,5
30464352_MinPolqaSfbRecording_cut.wav,4.4,0.547722558,0.48009999,5
30429407_MinPolqaSfbRecording_cut.wav,1.2,0.447213595,0.392,5
30460417_MinPolqaSfbRecording_cut.wav,1.2,0.447213595,0.392,5
30401700_MinPolqaSfbRecording_cut.wav,3.6,0.894427191,0.784,5
30491174_MinPolqaSfbRecording_cut.wav,2.2,0.836660027,0.733364848,5
27983218_MinPolqaSfbRecording_cut.wav,3.8,1.303840481,1.142866571,5
30463176_MinPolqaSfbRecording_cut.wav,3.2,1.483239697,1.300116918,5
29539943_MinPolqaSfbRecording_cut.wav,4.0,0.707106781,0.619806421,5
30434065_MinPolqaSfbRecording_cut.wav,4.0,0.707106781,0.619806421,5
30161608_MinPolqaSfbRecording_cut.wav,3.2,1.643167673,1.440299969,5
30249183_MinPolqaSfbRecording_cut.wav,3.6,1.140175425,0.999407825,5
30166931_MinPolqaSfbRecording_cut.wav,2.8,1.303840481,1.142866571,5
27715583_MinPolqaSfbRecording_cut.wav,3.4,1.341640786,1.176,5
30516258_MinPolqaSfbRecording_cut.wav,3.6,1.140175425,0.999407825,5
30121601_MinPolqaSfbRecording_cut.wav,2.8,0.836660027,0.733364848,5
30163030_MinPolqaSfbRecording_cut.wav,1.8,1.303840481,1.142866571,5
30430809_MinPolqaSfbRecording_cut.wav,3.0,1.414213562,1.239612843,5
29529591_MinPolqaSfbRecording_cut.wav,3.2,0.836660027,0.733364848,5
28204527_MinPolqaSfbRecording_cut.wav,4.2,0.447213595,0.392,5
30064856_MinPolqaSfbRecording_cut.wav,4.0,0.707106781,0.619806421,5
29538839_MinPolqaSfbRecording_cut.wav,2.2,1.095445115,0.960199979,5
30204798_MinPolqaSfbRecording_cut.wav,2.2,1.095445115,0.960199979,5
30117758_MinPolqaSfbRecording_cut.wav,2.666666667,0.577350269,0.653333333,3
30106404_MinPolqaSfbRecording_cut.wav,1.333333333,0.577350269,0.653333333,3
30469658_MinPolqaSfbRecording_cut.wav,3.666666667,0.577350269,0.653333333,3
30107809_MinPolqaSfbRecording_cut.wav,2.333333333,0.577350269,0.653333333,3
30134019_MinPolqaSfbRecording_cut.wav,1.666666667,1.154700538,1.306666667,3
30143863_MinPolqaSfbRecording_cut.wav,3.0,1.0,1.131606528,3
30097105_MinPolqaSfbRecording_cut.wav,3.0,1.0,1.131606528,3
28865920_MinPolqaSfbRecording_cut.wav,4.0,1.0,1.131606528,3
27657198_MinPolqaSfbRecording_cut.wav,3.333333333,0.577350269,0.653333333,3
30429037_MinPolqaSfbRecording_cut.wav,3.0,0.0,0.0,3
30458289_MinPolqaSfbRecording_cut.wav,4.0,0.0,0.0,3
30078533_MinPolqaSfbRecording_cut.wav,2.666666667,0.577350269,0.653333333,3
30087400_MinPolqaSfbRecording_cut.wav,2.666666667,0.577350269,0.653333333,3
28175219_MinPolqaSfbRecording_cut.wav,3.666666667,0.577350269,0.653333333,3
30145572_MinPolqaSfbRecording_cut.wav,2.666666667,0.577350269,0.653333333,3
30068415_MinPolqaSfbRecording_cut.wav,2.333333333,0.577350269,0.653333333,3
28715523_MinPolqaSfbRecording_cut.wav,4.25,0.5,0.49,4
30421955_MinPolqaSfbRecording_cut.wav,2.5,1.0,0.98,4
30113640_MinPolqaSfbRecording_cut.wav,2.75,0.957427108,0.938278566,4
30106412_MinPolqaSfbRecording_cut.wav,3.75,0.957427108,0.938278566,4
30492821_MinPolqaSfbRecording_cut.wav,3.75,0.5,0.49,4
30487992_MinPolqaSfbRecording_cut.wav,2.25,0.957427108,0.938278566,4
30204084_MinPolqaSfbRecording_cut.wav,3.5,0.577350269,0.565803264,4
30158064_MinPolqaSfbRecording_cut.wav,3.8,0.836660027,0.733364848,5
28256141_MinPolqaSfbRecording_cut.wav,3.8,0.836660027,0.733364848,5
30121317_MinPolqaSfbRecording_cut.wav,3.2,1.095445115,0.960199979,5
30252599_MinPolqaSfbRecording_cut.wav,2.4,1.673320053,1.466729696,5
28814077_MinPolqaSfbRecording_cut.wav,4.2,1.095445115,0.960199979,5
30193430_MinPolqaSfbRecording_cut.wav,4.2,1.095445115,0.960199979,5
30433881_MinPolqaSfbRecording_cut.wav,3.5,1.290994449,1.26517456,4
30147145_MinPolqaSfbRecording_cut.wav,2.75,0.957427108,0.938278566,4
30426417_MinPolqaSfbRecording_cut.wav,3.25,1.258305739,1.233139624,4
30062646_MinPolqaSfbRecording_cut.wav,3.0,1.414213562,1.385929291,4
30087437_MinPolqaSfbRecording_cut.wav,3.5,1.0,0.98,4
30084591_MinPolqaSfbRecording_cut.wav,3.75,1.258305739,1.233139624,4
28634030_MinPolqaSfbRecording_cut.wav,4.75,0.5,0.49,4
30213537_MinPolqaSfbRecording_cut.wav,2.5,1.0,0.98,4
28509323_MinPolqaSfbRecording_cut.wav,3.5,0.707106781,0.98,2
30463037_MinPolqaSfbRecording_cut.wav,2.0,0.0,0.0,2
30090522_MinPolqaSfbRecording_cut.wav,2.5,0.707106781,0.98,2
30119492_MinPolqaSfbRecording_cut.wav,2.0,0.0,0.0,2
30181328_MinPolqaSfbRecording_cut.wav,2.0,0.0,0.0,2
30154795_MinPolqaSfbRecording_cut.wav,2.5,0.707106781,0.98,2
30426329_MinPolqaSfbRecording_cut.wav,3.0,1.414213562,1.96,2
30064015_MinPolqaSfbRecording_cut.wav,1.0,0.0,0.0,2
30123014_MinPolqaSfbRecording_cut.wav,2.0,0.0,0.0,2
30179269_MinPolqaSfbRecording_cut.wav,3.75,0.957427108,0.938278566,4
30064947_MinPolqaSfbRecording_cut.wav,2.5,1.290994449,1.26517456,4
30456054_MinPolqaSfbRecording_cut.wav,1.25,0.5,0.49,4
30258018_MinPolqaSfbRecording_cut.wav,3.75,0.957427108,0.938278566,4
30102947_MinPolqaSfbRecording_cut.wav,3.75,0.957427108,0.938278566,4
30249532_MinPolqaSfbRecording_cut.wav,3.25,0.957427108,0.938278566,4
30166419_MinPolqaSfbRecording_cut.wav,3.0,0.0,0.0,4
30092069_MinPolqaSfbRecording_cut.wav,3.75,0.5,0.49,4
30120893_MinPolqaSfbRecording_cut.wav,3.75,0.5,0.49,4
27658048_MinPolqaSfbRecording_cut.wav,3.6,0.547722558,0.48009999,5
28048207_MinPolqaSfbRecording_cut.wav,4.2,0.836660027,0.733364848,5
30076182_MinPolqaSfbRecording_cut.wav,2.4,0.894427191,0.784,5
28084178_MinPolqaSfbRecording_cut.wav,4.2,0.836660027,0.733364848,5
30480812_MinPolqaSfbRecording_cut.wav,2.6,1.516575089,1.329336677,5
30090787_MinPolqaSfbRecording_cut.wav,4.2,0.447213595,0.392,5
30095433_MinPolqaSfbRecording_cut.wav,4.0,1.414213562,1.239612843,5
30258709_MinPolqaSfbRecording_cut.wav,3.6,1.140175425,0.999407825,5
30083856_MinPolqaSfbRecording_cut.wav,3.4,1.140175425,0.999407825,5
27971060_MinPolqaSfbRecording_cut.wav,4.2,0.836660027,0.733364848,5
30080579_MinPolqaSfbRecording_cut.wav,2.4,0.547722558,0.48009999,5
28741031_MinPolqaSfbRecording_cut.wav,4.2,0.836660027,0.733364848,5
30079746_MinPolqaSfbRecording_cut.wav,3.0,1.0,0.876538647,5
30524021_MinPolqaSfbRecording_cut.wav,3.25,0.957427108,0.938278566,4
30496655_MinPolqaSfbRecording_cut.wav,1.75,0.5,0.49,4
30254021_MinPolqaSfbRecording_cut.wav,2.75,0.5,0.49,4
30407491_MinPolqaSfbRecording_cut.wav,1.0,0.0,0.0,4
30479110_MinPolqaSfbRecording_cut.wav,3.0,0.816496581,0.800166649,4
28886473_MinPolqaSfbRecording_cut.wav,2.75,0.5,0.49,4
30485984_MinPolqaSfbRecording_cut.wav,3.25,0.5,0.49,4
30090815_MinPolqaSfbRecording_cut.wav,2.5,0.577350269,0.565803264,4
30480619_MinPolqaSfbRecording_cut.wav,3.0,0.0,0.0,5
29540108_MinPolqaSfbRecording_cut.wav,2.6,0.547722558,0.48009999,5
30199077_MinPolqaSfbRecording_cut.wav,3.6,0.547722558,0.48009999,5
30433265_MinPolqaSfbRecording_cut.wav,1.6,0.547722558,0.48009999,5
30081172_MinPolqaSfbRecording_cut.wav,3.4,0.547722558,0.48009999,5
30520366_MinPolqaSfbRecording_cut.wav,3.2,0.447213595,0.392,5
30509784_MinPolqaSfbRecording_cut.wav,3.0,1.0,1.131606528,3
30531831_MinPolqaSfbRecording_cut.wav,3.333333333,0.577350269,0.653333333,3
30144746_MinPolqaSfbRecording_cut.wav,4.0,1.0,1.131606528,3
28755932_MinPolqaSfbRecording_cut.wav,4.666666667,0.577350269,0.653333333,3
30211838_MinPolqaSfbRecording_cut.wav,2.333333333,1.527525232,1.728557523,3
30085868_MinPolqaSfbRecording_cut.wav,3.0,0.0,0.0,3
30510057_MinPolqaSfbRecording_cut.wav,2.333333333,1.527525232,1.728557523,3
28548448_MinPolqaSfbRecording_cut.wav,4.333333333,0.577350269,0.653333333,3
30064084_MinPolqaSfbRecording_cut.wav,2.333333333,1.527525232,1.728557523,3
28039341_MinPolqaSfbRecording_cut.wav,4.5,0.577350269,0.565803264,4
30494282_MinPolqaSfbRecording_cut.wav,2.5,0.577350269,0.565803264,4
30255287_MinPolqaSfbRecording_cut.wav,4.25,0.5,0.49,4
30520760_MinPolqaSfbRecording_cut.wav,2.25,0.5,0.49,4
30132583_MinPolqaSfbRecording_cut.wav,4.5,0.577350269,0.565803264,4
29541550_MinPolqaSfbRecording_cut.wav,3.5,1.732050808,1.697409791,4
30406501_MinPolqaSfbRecording_cut.wav,3.75,0.957427108,0.938278566,4
30152121_MinPolqaSfbRecording_cut.wav,2.0,0.816496581,0.800166649,4
30261228_MinPolqaSfbRecording_cut.wav,2.6,1.673320053,1.466729696,5
30210878_MinPolqaSfbRecording_cut.wav,2.0,1.0,0.876538647,5
30428107_MinPolqaSfbRecording_cut.wav,2.6,1.516575089,1.329336677,5
30119840_MinPolqaSfbRecording_cut.wav,2.4,1.673320053,1.466729696,5
30105731_MinPolqaSfbRecording_cut.wav,2.8,1.303840481,1.142866571,5
30426183_MinPolqaSfbRecording_cut.wav,2.0,1.224744871,1.073536213,5
30416853_MinPolqaSfbRecording_cut.wav,2.2,1.095445115,0.960199979,5
29027420_MinPolqaSfbRecording_cut.wav,2.6,0.894427191,0.784,5
30185949_MinPolqaSfbRecording_cut.wav,3.0,1.0,0.876538647,5
30470210_MinPolqaSfbRecording_cut.wav,3.25,0.957427108,0.938278566,4
27804270_MinPolqaSfbRecording_cut.wav,2.75,0.5,0.49,4
30437220_MinPolqaSfbRecording_cut.wav,3.75,0.957427108,0.938278566,4
27689505_MinPolqaSfbRecording_cut.wav,3.0,0.816496581,0.800166649,4
30169271_MinPolqaSfbRecording_cut.wav,4.25,0.5,0.49,4
29536197_MinPolqaSfbRecording_cut.wav,3.0,1.154700538,1.131606528,4
28928998_MinPolqaSfbRecording_cut.wav,4.0,0.0,0.0,4
30101046_MinPolqaSfbRecording_cut.wav,2.25,1.258305739,1.233139624,4
28646616_MinPolqaSfbRecording_cut.wav,4.5,0.577350269,0.565803264,4
30149891_MinPolqaSfbRecording_cut.wav,2.75,0.957427108,0.938278566,4
28237648_MinPolqaSfbRecording_cut.wav,4.4,0.547722558,0.48009999,5
30059288_MinPolqaSfbRecording_cut.wav,2.2,1.643167673,1.440299969,5
30259106_MinPolqaSfbRecording_cut.wav,3.8,0.836660027,0.733364848,5
29529674_MinPolqaSfbRecording_cut.wav,3.6,0.547722558,0.48009999,5
27973267_MinPolqaSfbRecording_cut.wav,3.4,0.547722558,0.48009999,5
30109825_MinPolqaSfbRecording_cut.wav,3.8,0.836660027,0.733364848,5
30206040_MinPolqaSfbRecording_cut.wav,4.0,0.0,0.0,5
30425207_MinPolqaSfbRecording_cut.wav,2.2,1.095445115,0.960199979,5
30157552_MinPolqaSfbRecording_cut.wav,3.0,1.0,0.876538647,5
27650389_MinPolqaSfbRecording_cut.wav,4.2,0.836660027,0.733364848,5
30465155_MinPolqaSfbRecording_cut.wav,3.2,0.836660027,0.733364848,5
30141092_MinPolqaSfbRecording_cut.wav,3.8,0.836660027,0.733364848,5
30197787_MinPolqaSfbRecording_cut.wav,2.2,1.303840481,1.142866571,5
30422727_MinPolqaSfbRecording_cut.wav,2.2,0.836660027,0.733364848,5
30259630_MinPolqaSfbRecording_cut.wav,3.0,1.0,0.876538647,5
27752288_MinPolqaSfbRecording_cut.wav,4.6,0.547722558,0.48009999,5
30523923_MinPolqaSfbRecording_cut.wav,3.2,0.836660027,0.733364848,5
30488648_MinPolqaSfbRecording_cut.wav,3.0,0.707106781,0.619806421,5
30455195_MinPolqaSfbRecording_cut.wav,2.2,0.836660027,0.733364848,5
30432183_MinPolqaSfbRecording_cut.wav,3.2,0.447213595,0.392,5
30096036_MinPolqaSfbRecording_cut.wav,2.4,0.547722558,0.48009999,5
30482279_MinPolqaSfbRecording_cut.wav,4.4,0.547722558,0.48009999,5
30522522_MinPolqaSfbRecording_cut.wav,2.6,0.894427191,0.784,5
30509138_MinPolqaSfbRecording_cut.wav,3.8,0.836660027,0.733364848,5
27617294_MinPolqaSfbRecording_cut.wav,3.8,1.303840481,1.142866571,5
28888910_MinPolqaSfbRecording_cut.wav,4.0,1.0,0.876538647,5
30523232_MinPolqaSfbRecording_cut.wav,2.6,0.894427191,0.784,5
30251649_MinPolqaSfbRecording_cut.wav,2.2,1.643167673,1.440299969,5
27771231_MinPolqaSfbRecording_cut.wav,4.0,1.0,0.876538647,5
27838728_MinPolqaSfbRecording_cut.wav,3.0,0.0,0.0,5
30123917_MinPolqaSfbRecording_cut.wav,2.8,1.095445115,0.960199979,5
30209904_MinPolqaSfbRecording_cut.wav,4.0,0.707106781,0.619806421,5
30130863_MinPolqaSfbRecording_cut.wav,2.8,1.303840481,1.142866571,5
30157762_MinPolqaSfbRecording_cut.wav,2.4,1.140175425,0.999407825,5
30488135_MinPolqaSfbRecording_cut.wav,3.75,0.957427108,0.938278566,4
30522942_MinPolqaSfbRecording_cut.wav,3.25,0.957427108,0.938278566,4
30132922_MinPolqaSfbRecording_cut.wav,3.0,1.154700538,1.131606528,4
30413614_MinPolqaSfbRecording_cut.wav,3.0,0.816496581,0.800166649,4
28613157_MinPolqaSfbRecording_cut.wav,4.0,0.0,0.0,4
30169711_MinPolqaSfbRecording_cut.wav,4.75,0.5,0.49,4
30461407_MinPolqaSfbRecording_cut.wav,3.5,1.0,0.98,4
30174050_MinPolqaSfbRecording_cut.wav,3.0,1.825741858,1.789227021,4
29541026_MinPolqaSfbRecording_cut.wav,2.2,1.095445115,0.960199979,5
30425434_MinPolqaSfbRecording_cut.wav,3.2,1.095445115,0.960199979,5
30255447_MinPolqaSfbRecording_cut.wav,2.4,1.140175425,0.999407825,5
30117674_MinPolqaSfbRecording_cut.wav,3.8,1.095445115,0.960199979,5
30104189_MinPolqaSfbRecording_cut.wav,2.4,0.894427191,0.784,5
27580874_MinPolqaSfbRecording_cut.wav,3.8,1.643167673,1.440299969,5
30104749_MinPolqaSfbRecording_cut.wav,3.4,0.894427191,0.784,5
30523678_MinPolqaSfbRecording_cut.wav,1.2,0.447213595,0.392,5
30515879_MinPolqaSfbRecording_cut.wav,1.8,0.836660027,0.733364848,5
28156456_MinPolqaSfbRecording_cut.wav,3.0,0.707106781,0.619806421,5
30483245_MinPolqaSfbRecording_cut.wav,3.8,0.447213595,0.392,5
30070654_MinPolqaSfbRecording_cut.wav,4.6,0.547722558,0.48009999,5
29536463_MinPolqaSfbRecording_cut.wav,3.6,0.894427191,0.784,5
30450146_MinPolqaSfbRecording_cut.wav,2.6,0.547722558,0.48009999,5
30253765_MinPolqaSfbRecording_cut.wav,1.8,0.836660027,0.733364848,5
28907774_MinPolqaSfbRecording_cut.wav,3.8,0.447213595,0.392,5
29538200_MinPolqaSfbRecording_cut.wav,3.8,0.836660027,0.733364848,5
30097867_MinPolqaSfbRecording_cut.wav,4.6,0.547722558,0.48009999,5
30483929_MinPolqaSfbRecording_cut.wav,2.6,0.894427191,0.784,5
30483684_MinPolqaSfbRecording_cut.wav,4.2,0.836660027,0.733364848,5
30107347_MinPolqaSfbRecording_cut.wav,2.8,1.095445115,0.960199979,5
30427459_MinPolqaSfbRecording_cut.wav,2.0,1.0,0.876538647,5
30435166_MinPolqaSfbRecording_cut.wav,2.0,0.707106781,0.619806421,5
29537453_MinPolqaSfbRecording_cut.wav,3.8,1.303840481,1.142866571,5
30174759_MinPolqaSfbRecording_cut.wav,3.6,1.516575089,1.329336677,5
28949193_MinPolqaSfbRecording_cut.wav,3.0,1.632993162,1.600333299,4
30444567_MinPolqaSfbRecording_cut.wav,2.5,1.290994449,1.26517456,4
30207905_MinPolqaSfbRecording_cut.wav,4.0,0.0,0.0,4
27721652_MinPolqaSfbRecording_cut.wav,4.0,0.816496581,0.800166649,4
30122618_MinPolqaSfbRecording_cut.wav,3.25,1.707825128,1.673668625,4
28358747_MinPolqaSfbRecording_cut.wav,3.25,0.5,0.49,4
30142013_MinPolqaSfbRecording_cut.wav,3.25,0.957427108,0.938278566,4
30478990_MinPolqaSfbRecording_cut.wav,2.75,0.957427108,0.938278566,4
28515377_MinPolqaSfbRecording_cut.wav,4.0,0.0,0.0,4
30481172_MinPolqaSfbRecording_cut.wav,2.5,1.0,0.98,4
30426516_MinPolqaSfbRecording_cut.wav,4.0,1.0,1.131606528,3
30100417_MinPolqaSfbRecording_cut.wav,3.666666667,1.154700538,1.306666667,3
30150304_MinPolqaSfbRecording_cut.wav,2.666666667,0.577350269,0.653333333,3
30509420_MinPolqaSfbRecording_cut.wav,3.333333333,0.577350269,0.653333333,3
30506481_MinPolqaSfbRecording_cut.wav,4.0,1.0,1.131606528,3
30160611_MinPolqaSfbRecording_cut.wav,4.0,1.0,1.131606528,3
30176492_MinPolqaSfbRecording_cut.wav,1.666666667,0.577350269,0.653333333,3
27620411_MinPolqaSfbRecording_cut.wav,4.333333333,0.577350269,0.653333333,3
30062848_MinPolqaSfbRecording_cut.wav,1.666666667,1.154700538,1.306666667,3
30069013_MinPolqaSfbRecording_cut.wav,4.333333333,0.577350269,0.653333333,3
30455143_MinPolqaSfbRecording_cut.wav,2.666666667,0.577350269,0.653333333,3
30174527_MinPolqaSfbRecording_cut.wav,4.0,1.0,1.131606528,3
30206243_MinPolqaSfbRecording_cut.wav,4.333333333,0.577350269,0.653333333,3
30482606_MinPolqaSfbRecording_cut.wav,3.666666667,1.527525232,1.728557523,3
30490875_MinPolqaSfbRecording_cut.wav,2.0,1.0,1.131606528,3
30514108_MinPolqaSfbRecording_cut.wav,4.333333333,0.577350269,0.653333333,3
30527458_MinPolqaSfbRecording_cut.wav,3.5,1.0,0.98,4
30467996_MinPolqaSfbRecording_cut.wav,2.5,1.290994449,1.26517456,4
30182821_MinPolqaSfbRecording_cut.wav,2.25,1.258305739,1.233139624,4
30261969_MinPolqaSfbRecording_cut.wav,1.75,0.5,0.49,4
30446950_MinPolqaSfbRecording_cut.wav,2.0,0.816496581,0.800166649,4
30142135_MinPolqaSfbRecording_cut.wav,2.0,0.816496581,0.800166649,4
30508781_MinPolqaSfbRecording_cut.wav,2.0,0.816496581,0.800166649,4
29065438_MinPolqaSfbRecording_cut.wav,3.5,0.577350269,0.565803264,4
29529853_MinPolqaSfbRecording_cut.wav,2.75,1.5,1.47,4
30467861_MinPolqaSfbRecording_cut.wav,2.75,1.707825128,1.673668625,4
30407224_MinPolqaSfbRecording_cut.wav,2.75,1.707825128,1.673668625,4
30185427_MinPolqaSfbRecording_cut.wav,2.75,1.258305739,1.233139624,4
28899140_MinPolqaSfbRecording_cut.wav,4.25,0.5,0.49,4
30098095_MinPolqaSfbRecording_cut.wav,3.25,0.957427108,0.938278566,4
30063283_MinPolqaSfbRecording_cut.wav,3.75,0.5,0.49,4
30181867_MinPolqaSfbRecording_cut.wav,4.0,0.816496581,0.800166649,4
28914951_MinPolqaSfbRecording_cut.wav,3.75,0.5,0.49,4
27642588_MinPolqaSfbRecording_cut.wav,4.5,0.577350269,0.565803264,4
30097448_MinPolqaSfbRecording_cut.wav,4.25,0.5,0.49,4
28952502_MinPolqaSfbRecording_cut.wav,4.25,0.957427108,0.938278566,4
30430603_MinPolqaSfbRecording_cut.wav,3.5,1.0,0.98,4
30254820_MinPolqaSfbRecording_cut.wav,2.25,0.5,0.49,4
29537734_MinPolqaSfbRecording_cut.wav,1.0,0.0,0.0,4
30060012_MinPolqaSfbRecording_cut.wav,4.25,0.5,0.49,4
30150854_MinPolqaSfbRecording_cut.wav,3.5,0.577350269,0.565803264,4
30103804_MinPolqaSfbRecording_cut.wav,2.25,1.258305739,1.233139624,4
30405445_MinPolqaSfbRecording_cut.wav,2.75,0.957427108,0.938278566,4
28979163_MinPolqaSfbRecording_cut.wav,3.75,0.5,0.49,4
28879023_MinPolqaSfbRecording_cut.wav,4.25,0.5,0.49,4
28323248_MinPolqaSfbRecording_cut.wav,3.5,0.577350269,0.565803264,4
30437579_MinPolqaSfbRecording_cut.wav,2.25,1.258305739,1.233139624,4
28190114_MinPolqaSfbRecording_cut.wav,3.75,0.5,0.49,4
30514487_MinPolqaSfbRecording_cut.wav,2.75,0.957427108,0.938278566,4
28332579_MinPolqaSfbRecording_cut.wav,4.75,0.5,0.49,4
30483241_MinPolqaSfbRecording_cut.wav,3.75,0.5,0.49,4
28551205_MinPolqaSfbRecording_cut.wav,4.75,0.5,0.49,4
27578810_MinPolqaSfbRecording_cut.wav,4.0,0.816496581,0.800166649,4
30520605_MinPolqaSfbRecording_cut.wav,3.0,0.816496581,0.800166649,4
30460102_MinPolqaSfbRecording_cut.wav,1.5,0.577350269,0.565803264,4
30436645_MinPolqaSfbRecording_cut.wav,4.6,0.894427191,0.784,5
30160103_MinPolqaSfbRecording_cut.wav,1.6,0.894427191,0.784,5
29538772_MinPolqaSfbRecording_cut.wav,2.6,0.547722558,0.48009999,5
30106178_MinPolqaSfbRecording_cut.wav,1.6,0.894427191,0.784,5
28828640_MinPolqaSfbRecording_cut.wav,4.2,0.836660027,0.733364848,5
28586094_MinPolqaSfbRecording_cut.wav,3.8,0.836660027,0.733364848,5
28782919_MinPolqaSfbRecording_cut.wav,2.6,1.140175425,0.999407825,5
30119341_MinPolqaSfbRecording_cut.wav,3.0,0.707106781,0.619806421,5
30429599_MinPolqaSfbRecording_cut.wav,1.8,0.836660027,0.733364848,5
30422219_MinPolqaSfbRecording_cut.wav,3.0,0.0,0.0,3
28071085_MinPolqaSfbRecording_cut.wav,4.333333333,0.577350269,0.653333333,3
30146234_MinPolqaSfbRecording_cut.wav,2.666666667,0.577350269,0.653333333,3
30477836_MinPolqaSfbRecording_cut.wav,1.0,0.0,0.0,3
30426201_MinPolqaSfbRecording_cut.wav,2.666666667,0.577350269,0.653333333,3
27837863_MinPolqaSfbRecording_cut.wav,2.333333333,0.577350269,0.653333333,3
30471389_MinPolqaSfbRecording_cut.wav,1.666666667,1.154700538,1.306666667,3
28905823_MinPolqaSfbRecording_cut.wav,4.0,0.0,0.0,3
30062462_MinPolqaSfbRecording_cut.wav,4.0,0.0,0.0,3
30405438_MinPolqaSfbRecording_cut.wav,3.0,1.0,1.131606528,3
30129274_MinPolqaSfbRecording_cut.wav,2.666666667,0.577350269,0.653333333,3
30473722_MinPolqaSfbRecording_cut.wav,3.0,1.0,1.131606528,3
27678529_MinPolqaSfbRecording_cut.wav,4.333333333,0.577350269,0.653333333,3
30107583_MinPolqaSfbRecording_cut.wav,2.0,0.0,0.0,3
30474623_MinPolqaSfbRecording_cut.wav,3.333333333,0.577350269,0.653333333,3
28124495_MinPolqaSfbRecording_cut.wav,3.0,1.0,1.131606528,3
30471234_MinPolqaSfbRecording_cut.wav,2.4,0.894427191,0.784,5
30431155_MinPolqaSfbRecording_cut.wav,2.8,0.836660027,0.733364848,5
27820747_MinPolqaSfbRecording_cut.wav,4.0,0.0,0.0,5
30522314_MinPolqaSfbRecording_cut.wav,2.2,1.095445115,0.960199979,5
30452923_MinPolqaSfbRecording_cut.wav,2.6,0.894427191,0.784,5
28749328_MinPolqaSfbRecording_cut.wav,3.6,0.894427191,0.784,5
30125597_MinPolqaSfbRecording_cut.wav,2.4,1.140175425,0.999407825,5
29542159_MinPolqaSfbRecording_cut.wav,2.8,0.836660027,0.733364848,5
30250250_MinPolqaSfbRecording_cut.wav,1.8,1.095445115,0.960199979,5
30527732_MinPolqaSfbRecording_cut.wav,2.0,1.0,0.876538647,5
30156095_MinPolqaSfbRecording_cut.wav,4.25,0.957427108,0.938278566,4
30185474_MinPolqaSfbRecording_cut.wav,3.5,0.577350269,0.565803264,4
30096929_MinPolqaSfbRecording_cut.wav,3.75,0.5,0.49,4
30212524_MinPolqaSfbRecording_cut.wav,3.25,1.258305739,1.233139624,4
30134385_MinPolqaSfbRecording_cut.wav,3.0,0.0,0.0,4
30531890_MinPolqaSfbRecording_cut.wav,2.5,1.732050808,1.697409791,4
28461938_MinPolqaSfbRecording_cut.wav,4.5,0.577350269,0.565803264,4
30443624_MinPolqaSfbRecording_cut.wav,2.75,0.957427108,0.938278566,4
27915438_MinPolqaSfbRecording_cut.wav,4.0,1.0,1.131606528,3
30090086_MinPolqaSfbRecording_cut.wav,2.666666667,0.577350269,0.653333333,3
30486263_MinPolqaSfbRecording_cut.wav,3.0,0.0,0.0,3
30511444_MinPolqaSfbRecording_cut.wav,1.666666667,1.154700538,1.306666667,3
30478916_MinPolqaSfbRecording_cut.wav,2.333333333,0.577350269,0.653333333,3
28535974_MinPolqaSfbRecording_cut.wav,4.0,0.0,0.0,3
30426199_MinPolqaSfbRecording_cut.wav,2.666666667,0.577350269,0.653333333,3
30091744_MinPolqaSfbRecording_cut.wav,2.666666667,1.154700538,1.306666667,3
28648249_MinPolqaSfbRecording_cut.wav,4.0,1.0,1.131606528,3
28736395_MinPolqaSfbRecording_cut.wav,3.8,0.836660027,0.733364848,5
30488803_MinPolqaSfbRecording_cut.wav,2.4,1.140175425,0.999407825,5
30163535_MinPolqaSfbRecording_cut.wav,3.4,0.894427191,0.784,5
30060975_MinPolqaSfbRecording_cut.wav,2.6,1.140175425,0.999407825,5
30528030_MinPolqaSfbRecording_cut.wav,2.4,1.140175425,0.999407825,5
30455276_MinPolqaSfbRecording_cut.wav,2.0,1.0,0.876538647,5
27873406_MinPolqaSfbRecording_cut.wav,2.6,1.341640786,1.176,5
30135684_MinPolqaSfbRecording_cut.wav,4.333333333,1.154700538,1.306666667,3
30509774_MinPolqaSfbRecording_cut.wav,3.666666667,0.577350269,0.653333333,3
30066664_MinPolqaSfbRecording_cut.wav,3.0,0.0,0.0,3
30179183_MinPolqaSfbRecording_cut.wav,3.666666667,0.577350269,0.653333333,3
28053097_MinPolqaSfbRecording_cut.wav,3.333333333,0.577350269,0.653333333,3
30061912_MinPolqaSfbRecording_cut.wav,3.666666667,0.577350269,0.653333333,3
28884280_MinPolqaSfbRecording_cut.wav,3.0,1.0,1.131606528,3
30147919_MinPolqaSfbRecording_cut.wav,3.0,0.0,0.0,3
30121866_MinPolqaSfbRecording_cut.wav,3.0,1.0,1.131606528,3
30075361_MinPolqaSfbRecording_cut.wav,3.333333333,1.527525232,1.728557523,3
30192288_MinPolqaSfbRecording_cut.wav,2.0,1.0,1.131606528,3
30103418_MinPolqaSfbRecording_cut.wav,4.333333333,0.577350269,0.653333333,3
30437231_MinPolqaSfbRecording_cut.wav,3.0,1.0,1.131606528,3
30258975_MinPolqaSfbRecording_cut.wav,2.666666667,2.081665999,2.355626833,3
30176798_MinPolqaSfbRecording_cut.wav,3.0,0.0,0.0,3
28254863_MinPolqaSfbRecording_cut.wav,3.666666667,0.577350269,0.653333333,3
30160632_MinPolqaSfbRecording_cut.wav,2.666666667,1.154700538,1.306666667,3
30208100_MinPolqaSfbRecording_cut.wav,3.2,1.095445115,0.960199979,5
30519435_MinPolqaSfbRecording_cut.wav,3.2,1.303840481,1.142866571,5
30528123_MinPolqaSfbRecording_cut.wav,3.6,1.140175425,0.999407825,5
30429457_MinPolqaSfbRecording_cut.wav,2.6,1.140175425,0.999407825,5
30527324_MinPolqaSfbRecording_cut.wav,3.4,1.516575089,1.329336677,5
30404805_MinPolqaSfbRecording_cut.wav,2.8,1.303840481,1.142866571,5
30180627_MinPolqaSfbRecording_cut.wav,3.0,0.707106781,0.619806421,5
30260870_MinPolqaSfbRecording_cut.wav,3.4,0.894427191,0.784,5
28990348_MinPolqaSfbRecording_cut.wav,4.4,0.547722558,0.48009999,5
30207353_MinPolqaSfbRecording_cut.wav,3.4,0.894427191,0.784,5
30408240_MinPolqaSfbRecording_cut.wav,2.0,1.224744871,1.073536213,5
27919323_MinPolqaSfbRecording_cut.wav,4.2,0.447213595,0.392,5
29544916_MinPolqaSfbRecording_cut.wav,4.2,0.447213595,0.392,5
30527145_MinPolqaSfbRecording_cut.wav,4.0,1.0,0.876538647,5
27627349_MinPolqaSfbRecording_cut.wav,4.4,0.547722558,0.48009999,5
27676350_MinPolqaSfbRecording_cut.wav,3.4,0.547722558,0.48009999,5
30129762_MinPolqaSfbRecording_cut.wav,2.4,1.516575089,1.329336677,5
27762278_MinPolqaSfbRecording_cut.wav,3.5,1.0,0.98,4
29532821_MinPolqaSfbRecording_cut.wav,4.5,0.577350269,0.565803264,4
30507023_MinPolqaSfbRecording_cut.wav,2.75,1.258305739,1.233139624,4
30174199_MinPolqaSfbRecording_cut.wav,4.0,0.816496581,0.800166649,4
30214139_MinPolqaSfbRecording_cut.wav,3.75,0.957427108,0.938278566,4
27768874_MinPolqaSfbRecording_cut.wav,3.25,0.957427108,0.938278566,4
30470168_MinPolqaSfbRecording_cut.wav,3.25,0.957427108,0.938278566,4
30070951_MinPolqaSfbRecording_cut.wav,1.75,1.5,1.47,4
27740657_MinPolqaSfbRecording_cut.wav,4.25,0.957427108,0.938278566,4
30082861_MinPolqaSfbRecording_cut.wav,3.75,0.5,0.49,4
27782438_MinPolqaSfbRecording_cut.wav,4.0,0.707106781,0.619806421,5
30065535_MinPolqaSfbRecording_cut.wav,4.4,0.547722558,0.48009999,5
27665996_MinPolqaSfbRecording_cut.wav,4.6,0.547722558,0.48009999,5
30455030_MinPolqaSfbRecording_cut.wav,3.0,1.58113883,1.385929291,5
29019998_MinPolqaSfbRecording_cut.wav,3.6,1.140175425,0.999407825,5
30470708_MinPolqaSfbRecording_cut.wav,3.4,0.894427191,0.784,5
30173781_MinPolqaSfbRecording_cut.wav,3.6,0.894427191,0.784,5
30520527_MinPolqaSfbRecording_cut.wav,4.0,1.0,0.876538647,5
30263480_MinPolqaSfbRecording_cut.wav,3.5,1.290994449,1.26517456,4
29530737_MinPolqaSfbRecording_cut.wav,3.75,0.957427108,0.938278566,4
30469825_MinPolqaSfbRecording_cut.wav,2.5,1.290994449,1.26517456,4
28640807_MinPolqaSfbRecording_cut.wav,4.0,0.816496581,0.800166649,4
30106953_MinPolqaSfbRecording_cut.wav,2.5,0.577350269,0.565803264,4
30163661_MinPolqaSfbRecording_cut.wav,4.0,1.154700538,1.131606528,4
30113693_MinPolqaSfbRecording_cut.wav,3.0,1.154700538,1.131606528,4
29539704_MinPolqaSfbRecording_cut.wav,2.0,1.414213562,1.385929291,4
30158225_MinPolqaSfbRecording_cut.wav,3.5,0.577350269,0.565803264,4
28963537_MinPolqaSfbRecording_cut.wav,4.6,0.547722558,0.48009999,5
28231957_MinPolqaSfbRecording_cut.wav,4.6,0.547722558,0.48009999,5
30415445_MinPolqaSfbRecording_cut.wav,2.2,0.836660027,0.733364848,5
30434874_MinPolqaSfbRecording_cut.wav,2.8,0.447213595,0.392,5
30478476_MinPolqaSfbRecording_cut.wav,2.0,1.224744871,1.073536213,5
30482039_MinPolqaSfbRecording_cut.wav,3.0,1.224744871,1.073536213,5
30137430_MinPolqaSfbRecording_cut.wav,2.4,0.547722558,0.48009999,5
30487806_MinPolqaSfbRecording_cut.wav,2.8,0.836660027,0.733364848,5
30106798_MinPolqaSfbRecording_cut.wav,1.0,0.0,0.0,5
30106636_MinPolqaSfbRecording_cut.wav,1.6,0.547722558,0.48009999,5
30438935_MinPolqaSfbRecording_cut.wav,4.0,0.707106781,0.619806421,5
30158169_MinPolqaSfbRecording_cut.wav,2.6,0.894427191,0.784,5
27836502_MinPolqaSfbRecording_cut.wav,3.2,0.447213595,0.392,5
30138583_MinPolqaSfbRecording_cut.wav,2.8,0.836660027,0.733364848,5
30114064_MinPolqaSfbRecording_cut.wav,3.8,0.447213595,0.392,5
30103765_MinPolqaSfbRecording_cut.wav,3.2,0.447213595,0.392,5
28761127_MinPolqaSfbRecording_cut.wav,4.6,0.547722558,0.48009999,5
29538379_MinPolqaSfbRecording_cut.wav,3.4,0.547722558,0.48009999,5
30206555_MinPolqaSfbRecording_cut.wav,3.75,0.5,0.49,4
28009672_MinPolqaSfbRecording_cut.wav,3.75,0.957427108,0.938278566,4
30255334_MinPolqaSfbRecording_cut.wav,3.75,1.5,1.47,4
30511291_MinPolqaSfbRecording_cut.wav,4.5,0.577350269,0.565803264,4
30424404_MinPolqaSfbRecording_cut.wav,3.75,0.5,0.49,4
28490420_MinPolqaSfbRecording_cut.wav,4.5,0.577350269,0.565803264,4
30083495_MinPolqaSfbRecording_cut.wav,3.0,1.825741858,1.789227021,4
30507296_MinPolqaSfbRecording_cut.wav,3.25,1.5,1.47,4
30100864_MinPolqaSfbRecording_cut.wav,2.75,2.061552813,2.020321757,4
30110606_MinPolqaSfbRecording_cut.wav,4.0,0.0,0.0,3
27827873_MinPolqaSfbRecording_cut.wav,4.0,0.0,0.0,3
30121174_MinPolqaSfbRecording_cut.wav,3.333333333,0.577350269,0.653333333,3
30475534_MinPolqaSfbRecording_cut.wav,3.666666667,1.527525232,1.728557523,3
28738871_MinPolqaSfbRecording_cut.wav,3.666666667,0.577350269,0.653333333,3
30414215_MinPolqaSfbRecording_cut.wav,4.0,1.0,1.131606528,3
28122299_MinPolqaSfbRecording_cut.wav,3.666666667,0.577350269,0.653333333,3
30107925_MinPolqaSfbRecording_cut.wav,2.333333333,1.154700538,1.306666667,3
27914163_MinPolqaSfbRecording_cut.wav,4.0,1.0,1.131606528,3
30411369_MinPolqaSfbRecording_cut.wav,2.0,1.0,1.131606528,3
28941936_MinPolqaSfbRecording_cut.wav,3.333333333,1.154700538,1.306666667,3
30421580_MinPolqaSfbRecording_cut.wav,3.0,1.0,1.131606528,3
28004855_MinPolqaSfbRecording_cut.wav,3.0,0.0,0.0,3
30175447_MinPolqaSfbRecording_cut.wav,2.0,1.0,1.131606528,3
30412441_MinPolqaSfbRecording_cut.wav,3.333333333,1.154700538,1.306666667,3
30516875_MinPolqaSfbRecording_cut.wav,3.0,1.732050808,1.96,3
30493209_MinPolqaSfbRecording_cut.wav,4.333333333,0.577350269,0.653333333,3
30421468_MinPolqaSfbRecording_cut.wav,4.0,0.816496581,0.800166649,4
30128568_MinPolqaSfbRecording_cut.wav,3.5,1.732050808,1.697409791,4
30252330_MinPolqaSfbRecording_cut.wav,4.0,0.816496581,0.800166649,4
30494136_MinPolqaSfbRecording_cut.wav,4.25,0.957427108,0.938278566,4
30439862_MinPolqaSfbRecording_cut.wav,3.25,1.707825128,1.673668625,4
30491663_MinPolqaSfbRecording_cut.wav,4.25,0.5,0.49,4
28560612_MinPolqaSfbRecording_cut.wav,4.5,0.577350269,0.565803264,4
30496519_MinPolqaSfbRecording_cut.wav,4.0,0.816496581,0.800166649,4
30429081_MinPolqaSfbRecording_cut.wav,1.5,0.577350269,0.565803264,4
30504144_MinPolqaSfbRecording_cut.wav,1.0,0.0,0.0,4
30488563_MinPolqaSfbRecording_cut.wav,3.75,0.5,0.49,4
30117592_MinPolqaSfbRecording_cut.wav,3.5,1.0,0.98,4
29529842_MinPolqaSfbRecording_cut.wav,3.25,0.5,0.49,4
27925497_MinPolqaSfbRecording_cut.wav,3.5,0.577350269,0.565803264,4
30172921_MinPolqaSfbRecording_cut.wav,3.0,0.816496581,0.800166649,4
30087699_MinPolqaSfbRecording_cut.wav,2.5,0.577350269,0.565803264,4
30126993_MinPolqaSfbRecording_cut.wav,3.5,0.577350269,0.565803264,4
30064069_MinPolqaSfbRecording_cut.wav,4.25,0.5,0.49,4
29535426_MinPolqaSfbRecording_cut.wav,3.25,0.5,0.49,4
27597047_MinPolqaSfbRecording_cut.wav,2.25,0.5,0.49,4
30062188_MinPolqaSfbRecording_cut.wav,2.5,0.577350269,0.565803264,4
30421064_MinPolqaSfbRecording_cut.wav,2.5,0.577350269,0.565803264,4
30486317_MinPolqaSfbRecording_cut.wav,2.75,0.5,0.49,4
30516636_MinPolqaSfbRecording_cut.wav,3.25,0.957427108,0.938278566,4
27735183_MinPolqaSfbRecording_cut.wav,4.5,0.577350269,0.565803264,4
30096331_MinPolqaSfbRecording_cut.wav,2.0,1.414213562,1.385929291,4
30092278_MinPolqaSfbRecording_cut.wav,3.5,1.0,0.98,4
30521189_MinPolqaSfbRecording_cut.wav,3.5,0.577350269,0.565803264,4
28855272_MinPolqaSfbRecording_cut.wav,3.75,0.957427108,0.938278566,4
30490104_MinPolqaSfbRecording_cut.wav,1.25,0.5,0.49,4
30173574_MinPolqaSfbRecording_cut.wav,2.75,0.957427108,0.938278566,4
30509206_MinPolqaSfbRecording_cut.wav,3.5,0.577350269,0.565803264,4
30165257_MinPolqaSfbRecording_cut.wav,2.666666667,0.577350269,0.653333333,3
27774671_MinPolqaSfbRecording_cut.wav,4.666666667,0.577350269,0.653333333,3
30209696_MinPolqaSfbRecording_cut.wav,2.666666667,1.154700538,1.306666667,3
30179021_MinPolqaSfbRecording_cut.wav,3.333333333,1.527525232,1.728557523,3
30123246_MinPolqaSfbRecording_cut.wav,3.0,1.0,1.131606528,3
30173724_MinPolqaSfbRecording_cut.wav,4.0,0.0,0.0,3
30169057_MinPolqaSfbRecording_cut.wav,3.666666667,0.577350269,0.653333333,3
30450747_MinPolqaSfbRecording_cut.wav,2.0,1.0,1.131606528,3
30528598_MinPolqaSfbRecording_cut.wav,1.0,0.0,0.0,3
27592926_MinPolqaSfbRecording_cut.wav,4.0,0.816496581,0.800166649,4
30511902_MinPolqaSfbRecording_cut.wav,3.25,0.5,0.49,4
30481892_MinPolqaSfbRecording_cut.wav,2.5,0.577350269,0.565803264,4
30169351_MinPolqaSfbRecording_cut.wav,1.25,0.5,0.49,4
29536679_MinPolqaSfbRecording_cut.wav,1.25,0.5,0.49,4
30252538_MinPolqaSfbRecording_cut.wav,2.5,0.577350269,0.565803264,4
29000608_MinPolqaSfbRecording_cut.wav,4.25,0.957427108,0.938278566,4
30474443_MinPolqaSfbRecording_cut.wav,2.666666667,1.527525232,1.728557523,3
30529310_MinPolqaSfbRecording_cut.wav,2.666666667,0.577350269,0.653333333,3
28912567_MinPolqaSfbRecording_cut.wav,4.333333333,0.577350269,0.653333333,3
30258068_MinPolqaSfbRecording_cut.wav,2.0,1.732050808,1.96,3
28086894_MinPolqaSfbRecording_cut.wav,4.666666667,0.577350269,0.653333333,3
30501158_MinPolqaSfbRecording_cut.wav,2.6,0.894427191,0.784,5
30117130_MinPolqaSfbRecording_cut.wav,3.4,1.140175425,0.999407825,5
30264155_MinPolqaSfbRecording_cut.wav,3.4,0.547722558,0.48009999,5
28061655_MinPolqaSfbRecording_cut.wav,4.0,0.707106781,0.619806421,5
30061249_MinPolqaSfbRecording_cut.wav,3.2,1.095445115,0.960199979,5
28113888_MinPolqaSfbRecording_cut.wav,4.0,0.707106781,0.619806421,5
27970439_MinPolqaSfbRecording_cut.wav,4.2,0.447213595,0.392,5
30181443_MinPolqaSfbRecording_cut.wav,2.5,0.577350269,0.565803264,4
30060307_MinPolqaSfbRecording_cut.wav,2.5,0.577350269,0.565803264,4
30122642_MinPolqaSfbRecording_cut.wav,1.25,0.5,0.49,4
27589668_MinPolqaSfbRecording_cut.wav,4.0,0.816496581,0.800166649,4
30211125_MinPolqaSfbRecording_cut.wav,3.0,0.816496581,0.800166649,4
27660330_MinPolqaSfbRecording_cut.wav,4.0,0.816496581,0.800166649,4
30155247_MinPolqaSfbRecording_cut.wav,1.0,0.0,0.0,4
27566903_MinPolqaSfbRecording_cut.wav,3.0,0.0,0.0,4
28815528_MinPolqaSfbRecording_cut.wav,4.5,0.577350269,0.565803264,4
30432217_MinPolqaSfbRecording_cut.wav,3.25,1.707825128,1.673668625,4
30071693_MinPolqaSfbRecording_cut.wav,1.5,1.0,0.98,4
30264153_MinPolqaSfbRecording_cut.wav,3.25,0.957427108,0.938278566,4
29538106_MinPolqaSfbRecording_cut.wav,3.25,0.957427108,0.938278566,4
30150041_MinPolqaSfbRecording_cut.wav,3.25,1.5,1.47,4
30185755_MinPolqaSfbRecording_cut.wav,3.0,0.816496581,0.800166649,4
27909450_MinPolqaSfbRecording_cut.wav,3.75,0.957427108,0.938278566,4
30258346_MinPolqaSfbRecording_cut.wav,4.25,0.957427108,0.938278566,4
28928545_MinPolqaSfbRecording_cut.wav,4.0,0.707106781,0.619806421,5
30172809_MinPolqaSfbRecording_cut.wav,3.0,1.224744871,1.073536213,5
29544008_MinPolqaSfbRecording_cut.wav,1.8,1.303840481,1.142866571,5
30164852_MinPolqaSfbRecording_cut.wav,3.2,1.095445115,0.960199979,5
28109761_MinPolqaSfbRecording_cut.wav,4.2,0.836660027,0.733364848,5
30490161_MinPolqaSfbRecording_cut.wav,2.2,1.303840481,1.142866571,5
30406784_MinPolqaSfbRecording_cut.wav,2.4,1.140175425,0.999407825,5
30251840_MinPolqaSfbRecording_cut.wav,2.6,1.673320053,1.466729696,5
30123580_MinPolqaSfbRecording_cut.wav,3.8,0.836660027,0.733364848,5
30481932_MinPolqaSfbRecording_cut.wav,2.75,0.957427108,0.938278566,4
30478435_MinPolqaSfbRecording_cut.wav,3.0,0.0,0.0,4
30432892_MinPolqaSfbRecording_cut.wav,2.25,0.957427108,0.938278566,4
30096305_MinPolqaSfbRecording_cut.wav,2.25,0.5,0.49,4
30122358_MinPolqaSfbRecording_cut.wav,1.75,0.5,0.49,4
30513432_MinPolqaSfbRecording_cut.wav,1.5,0.577350269,0.565803264,4
30431704_MinPolqaSfbRecording_cut.wav,1.75,0.5,0.49,4
30109341_MinPolqaSfbRecording_cut.wav,2.25,0.957427108,0.938278566,4
30485002_MinPolqaSfbRecording_cut.wav,3.5,1.0,0.98,4
30501071_MinPolqaSfbRecording_cut.wav,2.8,1.788854382,1.568,5
30259084_MinPolqaSfbRecording_cut.wav,4.2,0.447213595,0.392,5
30092345_MinPolqaSfbRecording_cut.wav,4.4,0.547722558,0.48009999,5
30076520_MinPolqaSfbRecording_cut.wav,3.8,1.095445115,0.960199979,5
30193316_MinPolqaSfbRecording_cut.wav,4.4,0.894427191,0.784,5
27948646_MinPolqaSfbRecording_cut.wav,4.6,0.547722558,0.48009999,5
30503651_MinPolqaSfbRecording_cut.wav,3.2,1.643167673,1.440299969,5
28237957_MinPolqaSfbRecording_cut.wav,4.0,0.707106781,0.619806421,5
30156200_MinPolqaSfbRecording_cut.wav,4.25,0.5,0.49,4
28651701_MinPolqaSfbRecording_cut.wav,4.0,0.816496581,0.800166649,4
30160633_MinPolqaSfbRecording_cut.wav,3.0,0.816496581,0.800166649,4
28704227_MinPolqaSfbRecording_cut.wav,4.5,0.577350269,0.565803264,4
30079428_MinPolqaSfbRecording_cut.wav,2.75,0.957427108,0.938278566,4
30408225_MinPolqaSfbRecording_cut.wav,3.0,0.816496581,0.800166649,4
30095564_MinPolqaSfbRecording_cut.wav,4.0,0.816496581,0.800166649,4
30149887_MinPolqaSfbRecording_cut.wav,1.5,0.577350269,0.565803264,4
30087135_MinPolqaSfbRecording_cut.wav,1.5,0.577350269,0.565803264,4
30432088_MinPolqaSfbRecording_cut.wav,4.0,0.0,0.0,4
28771874_MinPolqaSfbRecording_cut.wav,4.0,0.816496581,0.800166649,4
30095629_MinPolqaSfbRecording_cut.wav,3.0,0.0,0.0,4
30519968_MinPolqaSfbRecording_cut.wav,4.25,0.5,0.49,4
30471096_MinPolqaSfbRecording_cut.wav,1.25,0.5,0.49,4
30157053_MinPolqaSfbRecording_cut.wav,3.25,0.5,0.49,4
30487029_MinPolqaSfbRecording_cut.wav,2.5,0.577350269,0.565803264,4
30202644_MinPolqaSfbRecording_cut.wav,4.0,0.0,0.0,4
30134394_MinPolqaSfbRecording_cut.wav,3.0,1.0,1.131606528,3
30522225_MinPolqaSfbRecording_cut.wav,2.333333333,1.154700538,1.306666667,3
30139281_MinPolqaSfbRecording_cut.wav,4.0,0.0,0.0,3
30254577_MinPolqaSfbRecording_cut.wav,2.666666667,1.527525232,1.728557523,3
28474715_MinPolqaSfbRecording_cut.wav,3.333333333,0.577350269,0.653333333,3
30066206_MinPolqaSfbRecording_cut.wav,2.666666667,1.527525232,1.728557523,3
28285348_MinPolqaSfbRecording_cut.wav,4.0,1.414213562,1.96,2
30066371_MinPolqaSfbRecording_cut.wav,3.0,1.414213562,1.96,2
30259504_MinPolqaSfbRecording_cut.wav,3.0,0.0,0.0,2
30080765_MinPolqaSfbRecording_cut.wav,1.5,0.707106781,0.98,2
30162678_MinPolqaSfbRecording_cut.wav,2.0,1.414213562,1.96,2
30189274_MinPolqaSfbRecording_cut.wav,3.0,1.414213562,1.96,2
30121547_MinPolqaSfbRecording_cut.wav,4.5,0.707106781,0.98,2
30472309_MinPolqaSfbRecording_cut.wav,3.0,1.414213562,1.96,2
30121763_MinPolqaSfbRecording_cut.wav,3.0,1.58113883,1.385929291,5
30137013_MinPolqaSfbRecording_cut.wav,3.0,1.224744871,1.073536213,5
28840191_MinPolqaSfbRecording_cut.wav,4.2,0.447213595,0.392,5
30125631_MinPolqaSfbRecording_cut.wav,3.0,0.707106781,0.619806421,5
30466001_MinPolqaSfbRecording_cut.wav,3.6,0.894427191,0.784,5
30141045_MinPolqaSfbRecording_cut.wav,3.2,0.836660027,0.733364848,5
30128241_MinPolqaSfbRecording_cut.wav,2.8,1.643167673,1.440299969,5
30163915_MinPolqaSfbRecording_cut.wav,3.2,1.303840481,1.142866571,5
30113151_MinPolqaSfbRecording_cut.wav,3.6,1.140175425,0.999407825,5
30148810_MinPolqaSfbRecording_cut.wav,2.5,1.290994449,1.26517456,4
28251899_MinPolqaSfbRecording_cut.wav,3.5,0.577350269,0.565803264,4
30516989_MinPolqaSfbRecording_cut.wav,2.25,1.892969449,1.85511006,4
30404689_MinPolqaSfbRecording_cut.wav,3.75,0.5,0.49,4
30528272_MinPolqaSfbRecording_cut.wav,2.5,1.732050808,1.697409791,4
30213234_MinPolqaSfbRecording_cut.wav,4.0,0.816496581,0.800166649,4
30442607_MinPolqaSfbRecording_cut.wav,2.25,1.5,1.47,4
29530257_MinPolqaSfbRecording_cut.wav,2.75,1.707825128,1.673668625,4
30076512_MinPolqaSfbRecording_cut.wav,3.75,0.957427108,0.938278566,4
30444767_MinPolqaSfbRecording_cut.wav,2.333333333,0.577350269,0.653333333,3
30200305_MinPolqaSfbRecording_cut.wav,3.333333333,0.577350269,0.653333333,3
30453655_MinPolqaSfbRecording_cut.wav,3.333333333,0.577350269,0.653333333,3
30080402_MinPolqaSfbRecording_cut.wav,2.0,1.0,1.131606528,3
28930272_MinPolqaSfbRecording_cut.wav,2.666666667,1.154700538,1.306666667,3
30156594_MinPolqaSfbRecording_cut.wav,3.333333333,1.154700538,1.306666667,3
30423298_MinPolqaSfbRecording_cut.wav,2.333333333,1.154700538,1.306666667,3
29541605_MinPolqaSfbRecording_cut.wav,2.666666667,1.154700538,1.306666667,3
30254477_MinPolqaSfbRecording_cut.wav,2.333333333,1.154700538,1.306666667,3
30093200_MinPolqaSfbRecording_cut.wav,2.333333333,1.154700538,1.306666667,3
30252245_MinPolqaSfbRecording_cut.wav,2.6,1.341640786,1.176,5
30513728_MinPolqaSfbRecording_cut.wav,3.0,1.0,0.876538647,5
30150744_MinPolqaSfbRecording_cut.wav,4.0,1.0,0.876538647,5
30260990_MinPolqaSfbRecording_cut.wav,3.6,0.547722558,0.48009999,5
30177791_MinPolqaSfbRecording_cut.wav,3.4,1.140175425,0.999407825,5
29530110_MinPolqaSfbRecording_cut.wav,4.2,0.836660027,0.733364848,5
28938850_MinPolqaSfbRecording_cut.wav,4.4,0.547722558,0.48009999,5
30133362_MinPolqaSfbRecording_cut.wav,4.6,0.547722558,0.48009999,5
27586676_MinPolqaSfbRecording_cut.wav,3.0,1.0,1.131606528,3
30079371_MinPolqaSfbRecording_cut.wav,2.333333333,1.527525232,1.728557523,3
30484470_MinPolqaSfbRecording_cut.wav,1.666666667,1.154700538,1.306666667,3
27722054_MinPolqaSfbRecording_cut.wav,4.0,0.0,0.0,3
29533958_MinPolqaSfbRecording_cut.wav,3.333333333,0.577350269,0.653333333,3
29542924_MinPolqaSfbRecording_cut.wav,3.333333333,0.577350269,0.653333333,3
30101336_MinPolqaSfbRecording_cut.wav,3.333333333,0.577350269,0.653333333,3
30181963_MinPolqaSfbRecording_cut.wav,3.0,0.0,0.0,3
30138934_MinPolqaSfbRecording_cut.wav,3.75,0.5,0.49,4
30470553_MinPolqaSfbRecording_cut.wav,3.0,0.816496581,0.800166649,4
30442765_MinPolqaSfbRecording_cut.wav,2.0,1.414213562,1.385929291,4
30097449_MinPolqaSfbRecording_cut.wav,4.25,0.957427108,0.938278566,4
30204729_MinPolqaSfbRecording_cut.wav,1.75,1.5,1.47,4
30089357_MinPolqaSfbRecording_cut.wav,2.25,1.5,1.47,4
28862317_MinPolqaSfbRecording_cut.wav,5.0,0.0,0.0,4
30176741_MinPolqaSfbRecording_cut.wav,1.75,0.957427108,0.938278566,4
27737821_MinPolqaSfbRecording_cut.wav,4.5,0.577350269,0.565803264,4
30098430_MinPolqaSfbRecording_cut.wav,1.75,0.5,0.49,4
30530364_MinPolqaSfbRecording_cut.wav,3.75,1.258305739,1.233139624,4
30429664_MinPolqaSfbRecording_cut.wav,2.5,1.290994449,1.26517456,4
30435233_MinPolqaSfbRecording_cut.wav,2.0,0.816496581,0.800166649,4
29530254_MinPolqaSfbRecording_cut.wav,1.4,0.547722558,0.48009999,5
30198281_MinPolqaSfbRecording_cut.wav,2.0,1.414213562,1.239612843,5
28084986_MinPolqaSfbRecording_cut.wav,4.2,0.836660027,0.733364848,5
30073181_MinPolqaSfbRecording_cut.wav,2.0,1.0,0.876538647,5
28511450_MinPolqaSfbRecording_cut.wav,5.0,0.0,0.0,5
29542846_MinPolqaSfbRecording_cut.wav,4.0,0.816496581,0.800166649,4
27768495_MinPolqaSfbRecording_cut.wav,4.0,0.0,0.0,4
30067145_MinPolqaSfbRecording_cut.wav,3.25,0.957427108,0.938278566,4
30259758_MinPolqaSfbRecording_cut.wav,3.25,0.5,0.49,4
30105153_MinPolqaSfbRecording_cut.wav,2.5,0.577350269,0.565803264,4
30161067_MinPolqaSfbRecording_cut.wav,2.0,0.816496581,0.800166649,4
28819238_MinPolqaSfbRecording_cut.wav,4.0,0.0,0.0,4
30426394_MinPolqaSfbRecording_cut.wav,4.0,0.816496581,0.800166649,4
30404596_MinPolqaSfbRecording_cut.wav,2.5,1.290994449,1.26517456,4
30068454_MinPolqaSfbRecording_cut.wav,3.5,0.577350269,0.565803264,4
30206776_MinPolqaSfbRecording_cut.wav,3.8,0.836660027,0.733364848,5
30160143_MinPolqaSfbRecording_cut.wav,3.2,0.836660027,0.733364848,5
30088730_MinPolqaSfbRecording_cut.wav,3.2,0.836660027,0.733364848,5
30136428_MinPolqaSfbRecording_cut.wav,3.2,0.836660027,0.733364848,5
27828548_MinPolqaSfbRecording_cut.wav,3.4,1.516575089,1.329336677,5
30071371_MinPolqaSfbRecording_cut.wav,3.2,0.836660027,0.733364848,5
30181556_MinPolqaSfbRecording_cut.wav,3.4,0.894427191,0.784,5
30150475_MinPolqaSfbRecording_cut.wav,3.4,0.547722558,0.48009999,5
30148879_MinPolqaSfbRecording_cut.wav,3.8,0.836660027,0.733364848,5
28022972_MinPolqaSfbRecording_cut.wav,3.6,1.140175425,0.999407825,5
30421027_MinPolqaSfbRecording_cut.wav,2.8,0.836660027,0.733364848,5
30104739_MinPolqaSfbRecording_cut.wav,3.8,0.836660027,0.733364848,5
28885501_MinPolqaSfbRecording_cut.wav,3.4,1.140175425,0.999407825,5
30204438_MinPolqaSfbRecording_cut.wav,3.8,0.836660027,0.733364848,5
28560611_MinPolqaSfbRecording_cut.wav,3.8,0.836660027,0.733364848,5
28473619_MinPolqaSfbRecording_cut.wav,4.4,0.547722558,0.48009999,5
28950968_MinPolqaSfbRecording_cut.wav,3.0,0.0,0.0,5
30510983_MinPolqaSfbRecording_cut.wav,3.0,1.154700538,1.131606528,4
30062377_MinPolqaSfbRecording_cut.wav,4.0,0.816496581,0.800166649,4
30108161_MinPolqaSfbRecording_cut.wav,2.75,0.5,0.49,4
30180726_MinPolqaSfbRecording_cut.wav,2.0,0.816496581,0.800166649,4
30063123_MinPolqaSfbRecording_cut.wav,3.0,1.154700538,1.131606528,4
28000063_MinPolqaSfbRecording_cut.wav,4.0,0.0,0.0,4
30408777_MinPolqaSfbRecording_cut.wav,2.75,0.957427108,0.938278566,4
30430006_MinPolqaSfbRecording_cut.wav,4.0,0.0,0.0,4
28041506_MinPolqaSfbRecording_cut.wav,4.5,0.577350269,0.565803264,4
28078681_MinPolqaSfbRecording_cut.wav,3.25,0.5,0.49,4
30064190_MinPolqaSfbRecording_cut.wav,4.0,0.0,0.0,4
30452943_MinPolqaSfbRecording_cut.wav,2.25,1.5,1.47,4
30514089_MinPolqaSfbRecording_cut.wav,2.75,0.957427108,0.938278566,4
30488247_MinPolqaSfbRecording_cut.wav,4.0,0.816496581,0.800166649,4
30483184_MinPolqaSfbRecording_cut.wav,3.25,1.5,1.47,4
30473296_MinPolqaSfbRecording_cut.wav,3.5,0.577350269,0.565803264,4
30504585_MinPolqaSfbRecording_cut.wav,2.25,0.957427108,0.938278566,4
28942354_MinPolqaSfbRecording_cut.wav,4.25,0.5,0.49,4
30207623_MinPolqaSfbRecording_cut.wav,1.75,0.957427108,0.938278566,4
30076616_MinPolqaSfbRecording_cut.wav,3.75,0.5,0.49,4
30161782_MinPolqaSfbRecording_cut.wav,3.5,1.0,0.98,4
30133942_MinPolqaSfbRecording_cut.wav,2.75,0.5,0.49,4
28170249_MinPolqaSfbRecording_cut.wav,2.75,0.5,0.49,4
30402078_MinPolqaSfbRecording_cut.wav,2.2,1.303840481,1.142866571,5
28332882_MinPolqaSfbRecording_cut.wav,4.2,0.836660027,0.733364848,5
30510333_MinPolqaSfbRecording_cut.wav,3.8,1.303840481,1.142866571,5
30080302_MinPolqaSfbRecording_cut.wav,3.4,0.547722558,0.48009999,5
30487540_MinPolqaSfbRecording_cut.wav,3.0,1.0,0.876538647,5
30090041_MinPolqaSfbRecording_cut.wav,3.2,1.483239697,1.300116918,5
30157666_MinPolqaSfbRecording_cut.wav,3.4,1.140175425,0.999407825,5
30063537_MinPolqaSfbRecording_cut.wav,4.2,0.836660027,0.733364848,5
27521210_MinPolqaSfbRecording_cut.wav,2.5,0.577350269,0.565803264,4
30439752_MinPolqaSfbRecording_cut.wav,1.5,0.577350269,0.565803264,4
30477459_MinPolqaSfbRecording_cut.wav,1.5,0.577350269,0.565803264,4
30126926_MinPolqaSfbRecording_cut.wav,3.0,0.0,0.0,4
30134383_MinPolqaSfbRecording_cut.wav,3.0,0.816496581,0.800166649,4
28718626_MinPolqaSfbRecording_cut.wav,4.5,0.577350269,0.565803264,4
30529313_MinPolqaSfbRecording_cut.wav,2.75,0.957427108,0.938278566,4
28019773_MinPolqaSfbRecording_cut.wav,3.75,0.5,0.49,4
30108243_MinPolqaSfbRecording_cut.wav,3.0,0.0,0.0,2
30161783_MinPolqaSfbRecording_cut.wav,2.0,0.0,0.0,2
29540416_MinPolqaSfbRecording_cut.wav,1.5,0.707106781,0.98,2
30102832_MinPolqaSfbRecording_cut.wav,3.0,1.414213562,1.96,2
30104925_MinPolqaSfbRecording_cut.wav,1.0,0.0,0.0,2
30179644_MinPolqaSfbRecording_cut.wav,1.0,0.0,0.0,2
30152164_MinPolqaSfbRecording_cut.wav,1.0,0.0,0.0,2
30406645_MinPolqaSfbRecording_cut.wav,1.0,0.0,0.0,2
30062089_MinPolqaSfbRecording_cut.wav,4.5,0.577350269,0.565803264,4
30123413_MinPolqaSfbRecording_cut.wav,3.75,0.5,0.49,4
30154148_MinPolqaSfbRecording_cut.wav,2.0,1.154700538,1.131606528,4
28156798_MinPolqaSfbRecording_cut.wav,4.0,0.0,0.0,4
30496958_MinPolqaSfbRecording_cut.wav,2.0,0.0,0.0,4
30162677_MinPolqaSfbRecording_cut.wav,1.5,0.577350269,0.565803264,4
30457510_MinPolqaSfbRecording_cut.wav,3.25,0.5,0.49,4
30141050_MinPolqaSfbRecording_cut.wav,2.0,0.816496581,0.800166649,4
30445551_MinPolqaSfbRecording_cut.wav,3.8,1.303840481,1.142866571,5
30082668_MinPolqaSfbRecording_cut.wav,1.6,1.341640786,1.176,5
30465835_MinPolqaSfbRecording_cut.wav,1.6,1.341640786,1.176,5
30256356_MinPolqaSfbRecording_cut.wav,4.2,0.836660027,0.733364848,5
30090204_MinPolqaSfbRecording_cut.wav,3.4,1.516575089,1.329336677,5
30465103_MinPolqaSfbRecording_cut.wav,3.2,1.303840481,1.142866571,5
30408293_MinPolqaSfbRecording_cut.wav,3.8,0.836660027,0.733364848,5
30062263_MinPolqaSfbRecording_cut.wav,3.8,1.303840481,1.142866571,5
30183239_MinPolqaSfbRecording_cut.wav,3.6,1.140175425,0.999407825,5
30147829_MinPolqaSfbRecording_cut.wav,1.0,,,1
30200907_MinPolqaSfbRecording_cut.wav,1.0,,,1
30437821_MinPolqaSfbRecording_cut.wav,1.0,,,1
30091465_MinPolqaSfbRecording_cut.wav,4.0,,,1
30482442_MinPolqaSfbRecording_cut.wav,2.0,,,1
28281363_MinPolqaSfbRecording_cut.wav,2.0,,,1
30261494_MinPolqaSfbRecording_cut.wav,1.0,,,1
28313440_MinPolqaSfbRecording_cut.wav,5.0,,,1
30193215_MinPolqaSfbRecording_cut.wav,3.5,0.707106781,0.98,2
28058501_MinPolqaSfbRecording_cut.wav,4.5,0.707106781,0.98,2
30436291_MinPolqaSfbRecording_cut.wav,3.0,0.0,0.0,2
27829173_MinPolqaSfbRecording_cut.wav,4.5,0.707106781,0.98,2
30465660_MinPolqaSfbRecording_cut.wav,3.5,0.707106781,0.98,2
30488964_MinPolqaSfbRecording_cut.wav,3.5,0.707106781,0.98,2
28483138_MinPolqaSfbRecording_cut.wav,3.5,0.707106781,0.98,2
30110355_MinPolqaSfbRecording_cut.wav,4.0,0.0,0.0,2
29529637_MinPolqaSfbRecording_cut.wav,4.0,0.0,0.0,2
30080905_MinPolqaSfbRecording_cut.wav,2.0,0.0,0.0,2
30256741_MinPolqaSfbRecording_cut.wav,3.0,1.0,1.131606528,3
30262217_MinPolqaSfbRecording_cut.wav,2.0,0.0,0.0,3
30439693_MinPolqaSfbRecording_cut.wav,3.0,0.0,0.0,3
30061544_MinPolqaSfbRecording_cut.wav,3.666666667,0.577350269,0.653333333,3
27790242_MinPolqaSfbRecording_cut.wav,3.666666667,0.577350269,0.653333333,3
30467016_MinPolqaSfbRecording_cut.wav,4.666666667,0.577350269,0.653333333,3
30488896_MinPolqaSfbRecording_cut.wav,4.0,1.0,1.131606528,3
30079256_MinPolqaSfbRecording_cut.wav,4.0,0.707106781,0.619806421,5
29542491_MinPolqaSfbRecording_cut.wav,3.8,0.836660027,0.733364848,5
30174101_MinPolqaSfbRecording_cut.wav,3.6,1.140175425,0.999407825,5
30183076_MinPolqaSfbRecording_cut.wav,3.6,0.894427191,0.784,5
28440669_MinPolqaSfbRecording_cut.wav,4.2,0.836660027,0.733364848,5
27627785_MinPolqaSfbRecording_cut.wav,4.0,0.707106781,0.619806421,5
30084010_MinPolqaSfbRecording_cut.wav,2.6,1.673320053,1.466729696,5
30123702_MinPolqaSfbRecording_cut.wav,4.6,0.547722558,0.48009999,5
30521188_MinPolqaSfbRecording_cut.wav,3.5,0.577350269,0.565803264,4
30501169_MinPolqaSfbRecording_cut.wav,2.75,1.258305739,1.233139624,4
30145503_MinPolqaSfbRecording_cut.wav,3.25,0.957427108,0.938278566,4
28162562_MinPolqaSfbRecording_cut.wav,4.0,0.0,0.0,4
30475196_MinPolqaSfbRecording_cut.wav,2.75,0.957427108,0.938278566,4
30460415_MinPolqaSfbRecording_cut.wav,2.75,0.957427108,0.938278566,4
27690373_MinPolqaSfbRecording_cut.wav,4.0,0.816496581,0.800166649,4
28780210_MinPolqaSfbRecording_cut.wav,3.75,0.5,0.49,4
30109813_MinPolqaSfbRecording_cut.wav,3.0,0.816496581,0.800166649,4
30255217_MinPolqaSfbRecording_cut.wav,3.666666667,0.577350269,0.653333333,3
28796003_MinPolqaSfbRecording_cut.wav,3.666666667,0.577350269,0.653333333,3
30509528_MinPolqaSfbRecording_cut.wav,3.333333333,0.577350269,0.653333333,3
30465802_MinPolqaSfbRecording_cut.wav,3.666666667,0.577350269,0.653333333,3
30120961_MinPolqaSfbRecording_cut.wav,3.0,1.0,1.131606528,3
30503212_MinPolqaSfbRecording_cut.wav,1.333333333,0.577350269,0.653333333,3
30082689_MinPolqaSfbRecording_cut.wav,3.333333333,0.577350269,0.653333333,3
27967183_MinPolqaSfbRecording_cut.wav,4.0,0.0,0.0,3
28193050_MinPolqaSfbRecording_cut.wav,3.2,0.836660027,0.733364848,5
30430627_MinPolqaSfbRecording_cut.wav,2.6,0.547722558,0.48009999,5
28502134_MinPolqaSfbRecording_cut.wav,4.0,1.0,0.876538647,5
30480434_MinPolqaSfbRecording_cut.wav,3.4,1.140175425,0.999407825,5
28745415_MinPolqaSfbRecording_cut.wav,4.0,0.707106781,0.619806421,5
27930062_MinPolqaSfbRecording_cut.wav,4.2,0.447213595,0.392,5
28980590_MinPolqaSfbRecording_cut.wav,3.0,1.414213562,1.239612843,5
30087540_MinPolqaSfbRecording_cut.wav,2.6,1.673320053,1.466729696,5
30251660_MinPolqaSfbRecording_cut.wav,4.0,0.707106781,0.619806421,5
30508452_MinPolqaSfbRecording_cut.wav,3.0,1.0,1.131606528,3
30177553_MinPolqaSfbRecording_cut.wav,2.666666667,1.154700538,1.306666667,3
30426320_MinPolqaSfbRecording_cut.wav,2.0,1.732050808,1.96,3
30453037_MinPolqaSfbRecording_cut.wav,3.666666667,0.577350269,0.653333333,3
30497494_MinPolqaSfbRecording_cut.wav,3.333333333,0.577350269,0.653333333,3
28796045_MinPolqaSfbRecording_cut.wav,4.333333333,0.577350269,0.653333333,3
28863472_MinPolqaSfbRecording_cut.wav,3.333333333,0.577350269,0.653333333,3
30096343_MinPolqaSfbRecording_cut.wav,2.666666667,1.527525232,1.728557523,3
30104341_MinPolqaSfbRecording_cut.wav,4.0,0.816496581,0.800166649,4
30185574_MinPolqaSfbRecording_cut.wav,4.25,0.5,0.49,4
30131912_MinPolqaSfbRecording_cut.wav,3.5,1.290994449,1.26517456,4
30080770_MinPolqaSfbRecording_cut.wav,4.0,0.816496581,0.800166649,4
27909505_MinPolqaSfbRecording_cut.wav,4.0,0.816496581,0.800166649,4
28907561_MinPolqaSfbRecording_cut.wav,3.75,0.5,0.49,4
28456941_MinPolqaSfbRecording_cut.wav,3.75,0.5,0.49,4
27816557_MinPolqaSfbRecording_cut.wav,3.5,0.577350269,0.565803264,4
29538121_MinPolqaSfbRecording_cut.wav,3.25,1.5,1.47,4
30078947_MinPolqaSfbRecording_cut.wav,4.0,0.0,0.0,5
30087621_MinPolqaSfbRecording_cut.wav,3.0,0.707106781,0.619806421,5
30460256_MinPolqaSfbRecording_cut.wav,2.2,1.303840481,1.142866571,5
30523318_MinPolqaSfbRecording_cut.wav,2.0,1.732050808,1.518209472,5
30501990_MinPolqaSfbRecording_cut.wav,2.8,0.836660027,0.733364848,5
27716476_MinPolqaSfbRecording_cut.wav,4.0,0.707106781,0.619806421,5
30066199_MinPolqaSfbRecording_cut.wav,4.0,0.0,0.0,5
28238225_MinPolqaSfbRecording_cut.wav,3.8,0.447213595,0.392,5
30462175_MinPolqaSfbRecording_cut.wav,1.0,0.0,0.0,4
30517018_MinPolqaSfbRecording_cut.wav,4.0,0.816496581,0.800166649,4
30437356_MinPolqaSfbRecording_cut.wav,3.0,0.816496581,0.800166649,4
30188879_MinPolqaSfbRecording_cut.wav,3.25,0.5,0.49,4
30148361_MinPolqaSfbRecording_cut.wav,4.75,0.5,0.49,4
30150057_MinPolqaSfbRecording_cut.wav,2.75,0.5,0.49,4
30113587_MinPolqaSfbRecording_cut.wav,1.75,0.957427108,0.938278566,4
30449065_MinPolqaSfbRecording_cut.wav,2.5,0.577350269,0.565803264,4
30121302_MinPolqaSfbRecording_cut.wav,4.5,1.0,0.98,4
28459223_MinPolqaSfbRecording_cut.wav,3.2,1.303840481,1.142866571,5
30460686_MinPolqaSfbRecording_cut.wav,2.4,1.341640786,1.176,5
30198386_MinPolqaSfbRecording_cut.wav,2.8,1.303840481,1.142866571,5
30129142_MinPolqaSfbRecording_cut.wav,3.6,0.894427191,0.784,5
30423192_MinPolqaSfbRecording_cut.wav,2.8,1.483239697,1.300116918,5
28820046_MinPolqaSfbRecording_cut.wav,3.6,1.140175425,0.999407825,5
28010750_MinPolqaSfbRecording_cut.wav,3.4,0.894427191,0.784,5
28906394_MinPolqaSfbRecording_cut.wav,3.4,1.341640786,1.176,5
28256094_MinPolqaSfbRecording_cut.wav,3.6,1.673320053,1.466729696,5
30520673_MinPolqaSfbRecording_cut.wav,3.75,0.5,0.49,4
30264290_MinPolqaSfbRecording_cut.wav,3.75,0.957427108,0.938278566,4
28841158_MinPolqaSfbRecording_cut.wav,4.0,0.816496581,0.800166649,4
30425355_MinPolqaSfbRecording_cut.wav,3.75,0.5,0.49,4
30082978_MinPolqaSfbRecording_cut.wav,1.75,1.5,1.47,4
28864536_MinPolqaSfbRecording_cut.wav,4.0,0.816496581,0.800166649,4
30421723_MinPolqaSfbRecording_cut.wav,3.75,0.957427108,0.938278566,4
29538752_MinPolqaSfbRecording_cut.wav,3.75,0.957427108,0.938278566,4
30122015_MinPolqaSfbRecording_cut.wav,3.333333333,0.577350269,0.653333333,3
30078916_MinPolqaSfbRecording_cut.wav,4.0,1.0,1.131606528,3
30439621_MinPolqaSfbRecording_cut.wav,4.0,1.0,1.131606528,3
30169806_MinPolqaSfbRecording_cut.wav,4.0,0.0,0.0,3
30429535_MinPolqaSfbRecording_cut.wav,4.0,1.0,1.131606528,3
30253945_MinPolqaSfbRecording_cut.wav,4.333333333,1.154700538,1.306666667,3
30183091_MinPolqaSfbRecording_cut.wav,4.0,1.0,1.131606528,3
27965306_MinPolqaSfbRecording_cut.wav,3.333333333,0.577350269,0.653333333,3
30457330_MinPolqaSfbRecording_cut.wav,3.666666667,0.577350269,0.653333333,3
30486497_MinPolqaSfbRecording_cut.wav,3.333333333,0.577350269,0.653333333,3
30078950_MinPolqaSfbRecording_cut.wav,3.5,0.577350269,0.565803264,4
30064453_MinPolqaSfbRecording_cut.wav,4.5,0.577350269,0.565803264,4
30106413_MinPolqaSfbRecording_cut.wav,3.5,0.577350269,0.565803264,4
30457766_MinPolqaSfbRecording_cut.wav,3.0,0.0,0.0,4
28182884_MinPolqaSfbRecording_cut.wav,4.5,0.577350269,0.565803264,4
30137520_MinPolqaSfbRecording_cut.wav,2.25,1.5,1.47,4
27972079_MinPolqaSfbRecording_cut.wav,4.0,0.816496581,0.800166649,4
30483095_MinPolqaSfbRecording_cut.wav,3.75,0.5,0.49,4
30194024_MinPolqaSfbRecording_cut.wav,2.333333333,1.154700538,1.306666667,3
28300559_MinPolqaSfbRecording_cut.wav,4.333333333,1.154700538,1.306666667,3
30067678_MinPolqaSfbRecording_cut.wav,3.333333333,1.154700538,1.306666667,3
30058405_MinPolqaSfbRecording_cut.wav,3.333333333,0.577350269,0.653333333,3
30257571_MinPolqaSfbRecording_cut.wav,3.333333333,0.577350269,0.653333333,3
30128605_MinPolqaSfbRecording_cut.wav,2.333333333,1.527525232,1.728557523,3
30453527_MinPolqaSfbRecording_cut.wav,2.666666667,1.527525232,1.728557523,3
30194316_MinPolqaSfbRecording_cut.wav,3.5,1.290994449,1.26517456,4
30093015_MinPolqaSfbRecording_cut.wav,2.75,1.5,1.47,4
30121331_MinPolqaSfbRecording_cut.wav,3.75,0.957427108,0.938278566,4
30503213_MinPolqaSfbRecording_cut.wav,2.75,1.5,1.47,4
30478018_MinPolqaSfbRecording_cut.wav,2.75,1.258305739,1.233139624,4
30474793_MinPolqaSfbRecording_cut.wav,3.25,1.258305739,1.233139624,4
30158921_MinPolqaSfbRecording_cut.wav,2.25,0.957427108,0.938278566,4
30062159_MinPolqaSfbRecording_cut.wav,3.25,0.957427108,0.938278566,4
30178114_MinPolqaSfbRecording_cut.wav,3.5,1.0,0.98,4
30085523_MinPolqaSfbRecording_cut.wav,3.75,0.5,0.49,4
29543799_MinPolqaSfbRecording_cut.wav,2.25,0.5,0.49,4
29539485_MinPolqaSfbRecording_cut.wav,3.5,1.0,0.98,4
30428985_MinPolqaSfbRecording_cut.wav,1.75,0.957427108,0.938278566,4
30156219_MinPolqaSfbRecording_cut.wav,2.75,0.5,0.49,4
30461909_MinPolqaSfbRecording_cut.wav,4.25,0.957427108,0.938278566,4
30120932_MinPolqaSfbRecording_cut.wav,5.0,0.0,0.0,4
30136589_MinPolqaSfbRecording_cut.wav,2.75,0.957427108,0.938278566,4
30466418_MinPolqaSfbRecording_cut.wav,2.6,0.894427191,0.784,5
30416096_MinPolqaSfbRecording_cut.wav,3.6,0.894427191,0.784,5
30200129_MinPolqaSfbRecording_cut.wav,4.0,1.0,0.876538647,5
29543786_MinPolqaSfbRecording_cut.wav,2.8,0.836660027,0.733364848,5
30104245_MinPolqaSfbRecording_cut.wav,3.4,0.894427191,0.784,5
30507824_MinPolqaSfbRecording_cut.wav,3.2,0.836660027,0.733364848,5
30404913_MinPolqaSfbRecording_cut.wav,4.0,0.0,0.0,5
29533798_MinPolqaSfbRecording_cut.wav,4.6,0.547722558,0.48009999,5
28230919_MinPolqaSfbRecording_cut.wav,4.5,0.577350269,0.565803264,4
30195094_MinPolqaSfbRecording_cut.wav,3.5,1.290994449,1.26517456,4
30144991_MinPolqaSfbRecording_cut.wav,2.5,1.0,0.98,4
28652173_MinPolqaSfbRecording_cut.wav,4.25,0.5,0.49,4
30177921_MinPolqaSfbRecording_cut.wav,2.25,0.957427108,0.938278566,4
30149371_MinPolqaSfbRecording_cut.wav,3.5,0.577350269,0.565803264,4
30063222_MinPolqaSfbRecording_cut.wav,2.4,1.140175425,0.999407825,5
27855419_MinPolqaSfbRecording_cut.wav,4.0,0.0,0.0,5
27565207_MinPolqaSfbRecording_cut.wav,3.0,0.707106781,0.619806421,5
29043533_MinPolqaSfbRecording_cut.wav,4.6,0.547722558,0.48009999,5
30090836_MinPolqaSfbRecording_cut.wav,3.4,0.547722558,0.48009999,5
28007624_MinPolqaSfbRecording_cut.wav,4.0,0.0,0.0,5
30150025_MinPolqaSfbRecording_cut.wav,2.8,1.303840481,1.142866571,5
27871427_MinPolqaSfbRecording_cut.wav,3.8,0.836660027,0.733364848,5
30173541_MinPolqaSfbRecording_cut.wav,2.2,1.303840481,1.142866571,5
30090590_MinPolqaSfbRecording_cut.wav,3.6,0.894427191,0.784,5
30454820_MinPolqaSfbRecording_cut.wav,3.0,1.414213562,1.96,2
30201856_MinPolqaSfbRecording_cut.wav,4.5,0.707106781,0.98,2
30522124_MinPolqaSfbRecording_cut.wav,4.0,1.414213562,1.96,2
30162686_MinPolqaSfbRecording_cut.wav,4.0,1.414213562,1.96,2
27953662_MinPolqaSfbRecording_cut.wav,4.5,0.707106781,0.98,2
28172774_MinPolqaSfbRecording_cut.wav,5.0,0.0,0.0,2
30062125_MinPolqaSfbRecording_cut.wav,3.5,0.707106781,0.98,2
30485892_MinPolqaSfbRecording_cut.wav,4.5,0.707106781,0.98,2
30487733_MinPolqaSfbRecording_cut.wav,2.6,0.894427191,0.784,5
30083938_MinPolqaSfbRecording_cut.wav,3.2,0.836660027,0.733364848,5
30127484_MinPolqaSfbRecording_cut.wav,1.6,1.341640786,1.176,5
27911930_MinPolqaSfbRecording_cut.wav,3.6,0.894427191,0.784,5
30089161_MinPolqaSfbRecording_cut.wav,2.8,0.836660027,0.733364848,5
30406561_MinPolqaSfbRecording_cut.wav,3.2,0.447213595,0.392,5
27574319_MinPolqaSfbRecording_cut.wav,4.2,0.447213595,0.392,5
30105394_MinPolqaSfbRecording_cut.wav,3.6,0.894427191,0.784,5
30256810_MinPolqaSfbRecording_cut.wav,3.0,0.707106781,0.619806421,5
28912511_MinPolqaSfbRecording_cut.wav,3.8,0.447213595,0.392,5
28898330_MinPolqaSfbRecording_cut.wav,4.2,0.836660027,0.733364848,5
30468018_MinPolqaSfbRecording_cut.wav,3.0,0.707106781,0.619806421,5
28350006_MinPolqaSfbRecording_cut.wav,4.0,0.707106781,0.619806421,5
30463100_MinPolqaSfbRecording_cut.wav,2.8,0.836660027,0.733364848,5
30514096_MinPolqaSfbRecording_cut.wav,3.4,0.894427191,0.784,5
30442780_MinPolqaSfbRecording_cut.wav,1.6,1.341640786,1.176,5
30527903_MinPolqaSfbRecording_cut.wav,2.2,1.095445115,0.960199979,5
30193095_MinPolqaSfbRecording_cut.wav,1.6,1.341640786,1.176,5
28857227_MinPolqaSfbRecording_cut.wav,3.2,0.836660027,0.733364848,5
30211378_MinPolqaSfbRecording_cut.wav,4.0,0.707106781,0.619806421,5
30448474_MinPolqaSfbRecording_cut.wav,4.2,1.095445115,0.960199979,5
30149060_MinPolqaSfbRecording_cut.wav,1.8,0.836660027,0.733364848,5
30516142_MinPolqaSfbRecording_cut.wav,2.0,0.707106781,0.619806421,5
30128776_MinPolqaSfbRecording_cut.wav,2.0,,,1
28198578_MinPolqaSfbRecording_cut.wav,3.0,,,1
30437363_MinPolqaSfbRecording_cut.wav,2.0,,,1
30132392_MinPolqaSfbRecording_cut.wav,4.0,,,1
30165952_MinPolqaSfbRecording_cut.wav,1.0,,,1
29026774_MinPolqaSfbRecording_cut.wav,3.0,,,1
30087366_MinPolqaSfbRecording_cut.wav,2.0,,,1
30205282_MinPolqaSfbRecording_cut.wav,1.0,,,1
30252693_MinPolqaSfbRecording_cut.wav,2.5,0.577350269,0.565803264,4
30452325_MinPolqaSfbRecording_cut.wav,1.5,1.0,0.98,4
28808142_MinPolqaSfbRecording_cut.wav,4.75,0.5,0.49,4
30198488_MinPolqaSfbRecording_cut.wav,2.0,0.816496581,0.800166649,4
30427181_MinPolqaSfbRecording_cut.wav,2.0,1.414213562,1.385929291,4
30177621_MinPolqaSfbRecording_cut.wav,2.25,1.258305739,1.233139624,4
30075171_MinPolqaSfbRecording_cut.wav,4.25,0.5,0.49,4
30122694_MinPolqaSfbRecording_cut.wav,4.0,0.816496581,0.800166649,4
30468099_MinPolqaSfbRecording_cut.wav,4.0,0.816496581,0.800166649,4
30119354_MinPolqaSfbRecording_cut.wav,3.75,0.5,0.49,4
30513852_MinPolqaSfbRecording_cut.wav,3.25,0.957427108,0.938278566,4
30065331_MinPolqaSfbRecording_cut.wav,4.25,0.5,0.49,4
30147453_MinPolqaSfbRecording_cut.wav,4.25,0.5,0.49,4
28438972_MinPolqaSfbRecording_cut.wav,4.0,0.816496581,0.800166649,4
29007353_MinPolqaSfbRecording_cut.wav,3.0,0.816496581,0.800166649,4
27641586_MinPolqaSfbRecording_cut.wav,4.75,0.5,0.49,4
30144827_MinPolqaSfbRecording_cut.wav,2.0,0.816496581,0.800166649,4
30485862_MinPolqaSfbRecording_cut.wav,2.0,0.816496581,0.800166649,4
30199090_MinPolqaSfbRecording_cut.wav,3.0,0.816496581,0.800166649,4
28101933_MinPolqaSfbRecording_cut.wav,3.5,1.290994449,1.26517456,4
30058769_MinPolqaSfbRecording_cut.wav,3.0,0.816496581,0.800166649,4
30175122_MinPolqaSfbRecording_cut.wav,3.25,0.957427108,0.938278566,4
30505756_MinPolqaSfbRecording_cut.wav,3.25,1.707825128,1.673668625,4
30170945_MinPolqaSfbRecording_cut.wav,3.25,1.707825128,1.673668625,4
30212111_MinPolqaSfbRecording_cut.wav,4.25,0.5,0.49,4
30092633_MinPolqaSfbRecording_cut.wav,3.0,1.632993162,1.600333299,4
30428197_MinPolqaSfbRecording_cut.wav,3.25,1.258305739,1.233139624,4
27895540_MinPolqaSfbRecording_cut.wav,3.0,1.414213562,1.385929291,4
30102423_MinPolqaSfbRecording_cut.wav,2.0,0.816496581,0.800166649,4
27630492_MinPolqaSfbRecording_cut.wav,3.25,1.707825128,1.673668625,4
30183800_MinPolqaSfbRecording_cut.wav,3.0,1.632993162,1.600333299,4
30407647_MinPolqaSfbRecording_cut.wav,1.75,0.5,0.49,4
30146251_MinPolqaSfbRecording_cut.wav,1.75,0.5,0.49,4
30448297_MinPolqaSfbRecording_cut.wav,1.25,0.5,0.49,4
29543189_MinPolqaSfbRecording_cut.wav,3.0,1.414213562,1.385929291,4
30207704_MinPolqaSfbRecording_cut.wav,3.0,1.414213562,1.385929291,4
30183341_MinPolqaSfbRecording_cut.wav,2.5,1.0,0.98,4
28968287_MinPolqaSfbRecording_cut.wav,4.5,0.577350269,0.565803264,4
30520757_MinPolqaSfbRecording_cut.wav,3.25,1.258305739,1.233139624,4
30090061_MinPolqaSfbRecording_cut.wav,2.5,1.290994449,1.26517456,4
30149529_MinPolqaSfbRecording_cut.wav,3.75,0.5,0.49,4
30114012_MinPolqaSfbRecording_cut.wav,4.5,0.577350269,0.565803264,4
30097405_MinPolqaSfbRecording_cut.wav,2.75,0.957427108,0.938278566,4
28251269_MinPolqaSfbRecording_cut.wav,4.5,0.577350269,0.565803264,4
27710190_MinPolqaSfbRecording_cut.wav,4.5,0.577350269,0.565803264,4
30437589_MinPolqaSfbRecording_cut.wav,4.25,0.5,0.49,4
30063986_MinPolqaSfbRecording_cut.wav,4.25,0.5,0.49,4
30064937_MinPolqaSfbRecording_cut.wav,2.0,0.816496581,0.800166649,4
30179157_MinPolqaSfbRecording_cut.wav,2.75,0.957427108,0.938278566,4
28872298_MinPolqaSfbRecording_cut.wav,3.5,0.577350269,0.565803264,4
30174192_MinPolqaSfbRecording_cut.wav,3.25,0.5,0.49,4
29041585_MinPolqaSfbRecording_cut.wav,4.5,0.577350269,0.565803264,4
30058845_MinPolqaSfbRecording_cut.wav,4.25,0.5,0.49,4
30100421_MinPolqaSfbRecording_cut.wav,3.5,1.290994449,1.26517456,4
30125570_MinPolqaSfbRecording_cut.wav,4.0,0.0,0.0,4
27813232_MinPolqaSfbRecording_cut.wav,4.0,0.816496581,0.800166649,4
30248858_MinPolqaSfbRecording_cut.wav,1.75,0.957427108,0.938278566,4
30165788_MinPolqaSfbRecording_cut.wav,3.25,1.258305739,1.233139624,4
30141985_MinPolqaSfbRecording_cut.wav,4.75,0.5,0.49,4
30149731_MinPolqaSfbRecording_cut.wav,3.5,0.577350269,0.565803264,4
30149423_MinPolqaSfbRecording_cut.wav,4.25,0.957427108,0.938278566,4
30406745_MinPolqaSfbRecording_cut.wav,3.75,0.5,0.49,4
30141602_MinPolqaSfbRecording_cut.wav,3.75,0.957427108,0.938278566,4
28675936_MinPolqaSfbRecording_cut.wav,2.5,0.577350269,0.565803264,4
29538738_MinPolqaSfbRecording_cut.wav,2.25,1.5,1.47,4
27961262_MinPolqaSfbRecording_cut.wav,4.5,0.577350269,0.565803264,4
30205581_MinPolqaSfbRecording_cut.wav,1.75,0.957427108,0.938278566,4
30104421_MinPolqaSfbRecording_cut.wav,2.5,0.577350269,0.565803264,4
30061746_MinPolqaSfbRecording_cut.wav,2.75,0.957427108,0.938278566,4
28846692_MinPolqaSfbRecording_cut.wav,3.0,0.0,0.0,4
28878055_MinPolqaSfbRecording_cut.wav,3.75,0.5,0.49,4
30488721_MinPolqaSfbRecording_cut.wav,4.5,1.0,0.98,4
30080824_MinPolqaSfbRecording_cut.wav,1.75,0.957427108,0.938278566,4
30414152_MinPolqaSfbRecording_cut.wav,2.75,1.5,1.47,4
30134162_MinPolqaSfbRecording_cut.wav,2.25,1.5,1.47,4
30106738_MinPolqaSfbRecording_cut.wav,3.75,0.957427108,0.938278566,4
30445357_MinPolqaSfbRecording_cut.wav,3.5,0.577350269,0.565803264,4
30481976_MinPolqaSfbRecording_cut.wav,3.75,1.258305739,1.233139624,4
30455428_MinPolqaSfbRecording_cut.wav,4.0,0.816496581,0.800166649,4
30213481_MinPolqaSfbRecording_cut.wav,3.25,0.957427108,0.938278566,4
28529268_MinPolqaSfbRecording_cut.wav,4.0,0.0,0.0,2
28432157_MinPolqaSfbRecording_cut.wav,4.0,0.0,0.0,2
30254321_MinPolqaSfbRecording_cut.wav,4.5,0.707106781,0.98,2
30472129_MinPolqaSfbRecording_cut.wav,3.0,0.0,0.0,2
30062584_MinPolqaSfbRecording_cut.wav,4.0,0.0,0.0,2
30473605_MinPolqaSfbRecording_cut.wav,2.5,0.707106781,0.98,2
28731416_MinPolqaSfbRecording_cut.wav,3.5,0.707106781,0.98,2
30183778_MinPolqaSfbRecording_cut.wav,1.5,0.707106781,0.98,2
30061881_MinPolqaSfbRecording_cut.wav,3.5,0.707106781,0.98,2
30086752_MinPolqaSfbRecording_cut.wav,2.5,2.121320344,2.94,2
30109679_MinPolqaSfbRecording_cut.wav,4.5,0.707106781,0.98,2
30130082_MinPolqaSfbRecording_cut.wav,4.0,1.414213562,1.96,2
30430086_MinPolqaSfbRecording_cut.wav,3.0,1.414213562,1.96,2
30173630_MinPolqaSfbRecording_cut.wav,3.5,0.707106781,0.98,2
30093040_MinPolqaSfbRecording_cut.wav,2.5,2.121320344,2.94,2
30063512_MinPolqaSfbRecording_cut.wav,3.5,0.707106781,0.98,2
30494042_MinPolqaSfbRecording_cut.wav,4.5,0.707106781,0.98,2
30523378_MinPolqaSfbRecording_cut.wav,3.0,0.707106781,0.619806421,5
30147475_MinPolqaSfbRecording_cut.wav,3.6,0.547722558,0.48009999,5
30424606_MinPolqaSfbRecording_cut.wav,3.4,0.547722558,0.48009999,5
29532975_MinPolqaSfbRecording_cut.wav,2.6,1.341640786,1.176,5
30416964_MinPolqaSfbRecording_cut.wav,2.6,0.894427191,0.784,5
30248626_MinPolqaSfbRecording_cut.wav,3.8,0.447213595,0.392,5
30113465_MinPolqaSfbRecording_cut.wav,3.6,0.547722558,0.48009999,5
30098829_MinPolqaSfbRecording_cut.wav,2.2,0.836660027,0.733364848,5
29532603_MinPolqaSfbRecording_cut.wav,3.333333333,1.527525232,1.728557523,3
30097718_MinPolqaSfbRecording_cut.wav,3.333333333,1.527525232,1.728557523,3
30069943_MinPolqaSfbRecording_cut.wav,3.333333333,1.527525232,1.728557523,3
30527299_MinPolqaSfbRecording_cut.wav,1.0,0.0,0.0,3
28613220_MinPolqaSfbRecording_cut.wav,4.0,0.0,0.0,3
30089105_MinPolqaSfbRecording_cut.wav,4.333333333,0.577350269,0.653333333,3
28748310_MinPolqaSfbRecording_cut.wav,4.333333333,0.577350269,0.653333333,3
28175015_MinPolqaSfbRecording_cut.wav,4.0,1.0,1.131606528,3
30083645_MinPolqaSfbRecording_cut.wav,3.666666667,1.527525232,1.728557523,3
28530902_MinPolqaSfbRecording_cut.wav,3.666666667,0.577350269,0.653333333,3
30063105_MinPolqaSfbRecording_cut.wav,1.333333333,0.577350269,0.653333333,3
30469181_MinPolqaSfbRecording_cut.wav,1.333333333,0.577350269,0.653333333,3
30416539_MinPolqaSfbRecording_cut.wav,2.666666667,0.577350269,0.653333333,3
30259411_MinPolqaSfbRecording_cut.wav,2.666666667,1.154700538,1.306666667,3
27825404_MinPolqaSfbRecording_cut.wav,3.666666667,1.154700538,1.306666667,3
28159053_MinPolqaSfbRecording_cut.wav,4.333333333,1.154700538,1.306666667,3
30453723_MinPolqaSfbRecording_cut.wav,2.0,1.0,1.131606528,3
28972347_MinPolqaSfbRecording_cut.wav,4.333333333,0.577350269,0.653333333,3
29542543_MinPolqaSfbRecording_cut.wav,2.0,1.0,1.131606528,3
30091731_MinPolqaSfbRecording_cut.wav,4.333333333,0.577350269,0.653333333,3
30415295_MinPolqaSfbRecording_cut.wav,1.666666667,0.577350269,0.653333333,3
30465917_MinPolqaSfbRecording_cut.wav,3.666666667,0.577350269,0.653333333,3
30134079_MinPolqaSfbRecording_cut.wav,2.333333333,1.154700538,1.306666667,3
28261367_MinPolqaSfbRecording_cut.wav,4.0,1.0,1.131606528,3
30446470_MinPolqaSfbRecording_cut.wav,3.666666667,0.577350269,0.653333333,3
30144914_MinPolqaSfbRecording_cut.wav,2.333333333,0.577350269,0.653333333,3
30466283_MinPolqaSfbRecording_cut.wav,2.666666667,0.577350269,0.653333333,3
27631413_MinPolqaSfbRecording_cut.wav,3.333333333,0.577350269,0.653333333,3
28734904_MinPolqaSfbRecording_cut.wav,3.666666667,0.577350269,0.653333333,3
30089947_MinPolqaSfbRecording_cut.wav,2.333333333,1.527525232,1.728557523,3
30111607_MinPolqaSfbRecording_cut.wav,2.666666667,1.154700538,1.306666667,3
30201465_MinPolqaSfbRecording_cut.wav,3.0,1.0,1.131606528,3
30185563_MinPolqaSfbRecording_cut.wav,1.333333333,0.577350269,0.653333333,3
28452981_MinPolqaSfbRecording_cut.wav,4.0,1.0,1.131606528,3
30255703_MinPolqaSfbRecording_cut.wav,3.666666667,0.577350269,0.653333333,3
30072904_MinPolqaSfbRecording_cut.wav,2.5,1.0,0.98,4
29542589_MinPolqaSfbRecording_cut.wav,2.25,1.258305739,1.233139624,4
27782990_MinPolqaSfbRecording_cut.wav,4.25,0.5,0.49,4
30138659_MinPolqaSfbRecording_cut.wav,2.5,1.290994449,1.26517456,4
30092220_MinPolqaSfbRecording_cut.wav,3.25,0.5,0.49,4
27936836_MinPolqaSfbRecording_cut.wav,3.25,0.957427108,0.938278566,4
30202449_MinPolqaSfbRecording_cut.wav,3.25,0.5,0.49,4
30139280_MinPolqaSfbRecording_cut.wav,4.0,0.816496581,0.800166649,4
30136631_MinPolqaSfbRecording_cut.wav,2.5,1.290994449,1.26517456,4
29063336_MinPolqaSfbRecording_cut.wav,4.25,0.5,0.49,4
30173858_MinPolqaSfbRecording_cut.wav,1.75,0.957427108,0.938278566,4
30142981_MinPolqaSfbRecording_cut.wav,3.5,0.577350269,0.565803264,4
28556313_MinPolqaSfbRecording_cut.wav,4.0,0.816496581,0.800166649,4
28821225_MinPolqaSfbRecording_cut.wav,4.0,0.0,0.0,4
30163718_MinPolqaSfbRecording_cut.wav,3.0,0.0,0.0,4
30123099_MinPolqaSfbRecording_cut.wav,2.5,0.577350269,0.565803264,4
28072129_MinPolqaSfbRecording_cut.wav,3.5,1.0,0.98,4
30083071_MinPolqaSfbRecording_cut.wav,3.0,0.0,0.0,4
30155339_MinPolqaSfbRecording_cut.wav,4.5,0.707106781,0.98,2
28239639_MinPolqaSfbRecording_cut.wav,4.0,0.0,0.0,2
29556504_MinPolqaSfbRecording_cut.wav,3.5,0.707106781,0.98,2
30408897_MinPolqaSfbRecording_cut.wav,3.0,1.414213562,1.96,2
30433454_MinPolqaSfbRecording_cut.wav,3.0,1.414213562,1.96,2
29044085_MinPolqaSfbRecording_cut.wav,4.0,0.0,0.0,2
30156912_MinPolqaSfbRecording_cut.wav,2.5,0.707106781,0.98,2
30096401_MinPolqaSfbRecording_cut.wav,2.5,0.707106781,0.98,2
30457352_MinPolqaSfbRecording_cut.wav,3.5,0.707106781,0.98,2
30148393_MinPolqaSfbRecording_cut.wav,2.6,1.140175425,0.999407825,5
30485464_MinPolqaSfbRecording_cut.wav,2.4,1.140175425,0.999407825,5
30472385_MinPolqaSfbRecording_cut.wav,1.8,0.836660027,0.733364848,5
30158078_MinPolqaSfbRecording_cut.wav,2.6,0.894427191,0.784,5
30061742_MinPolqaSfbRecording_cut.wav,2.8,1.303840481,1.142866571,5
30126163_MinPolqaSfbRecording_cut.wav,3.6,0.547722558,0.48009999,5
30422747_MinPolqaSfbRecording_cut.wav,2.0,0.707106781,0.619806421,5
30063667_MinPolqaSfbRecording_cut.wav,1.666666667,0.577350269,0.653333333,3
28102393_MinPolqaSfbRecording_cut.wav,3.666666667,0.577350269,0.653333333,3
30195683_MinPolqaSfbRecording_cut.wav,1.333333333,0.577350269,0.653333333,3
30063001_MinPolqaSfbRecording_cut.wav,1.333333333,0.577350269,0.653333333,3
30130081_MinPolqaSfbRecording_cut.wav,3.0,0.0,0.0,3
30148133_MinPolqaSfbRecording_cut.wav,2.0,0.0,0.0,3
30184939_MinPolqaSfbRecording_cut.wav,3.333333333,0.577350269,0.653333333,3
30454211_MinPolqaSfbRecording_cut.wav,4.0,1.0,1.131606528,3
30250946_MinPolqaSfbRecording_cut.wav,4.8,0.447213595,0.392,5
30098230_MinPolqaSfbRecording_cut.wav,2.8,0.836660027,0.733364848,5
30434900_MinPolqaSfbRecording_cut.wav,2.6,1.140175425,0.999407825,5
28217436_MinPolqaSfbRecording_cut.wav,4.2,0.447213595,0.392,5
30523246_MinPolqaSfbRecording_cut.wav,3.8,1.095445115,0.960199979,5
30179587_MinPolqaSfbRecording_cut.wav,3.0,0.707106781,0.619806421,5
30256264_MinPolqaSfbRecording_cut.wav,4.2,0.447213595,0.392,5
28739427_MinPolqaSfbRecording_cut.wav,4.2,1.095445115,0.960199979,5
29010255_MinPolqaSfbRecording_cut.wav,3.4,0.547722558,0.48009999,5
30068251_MinPolqaSfbRecording_cut.wav,2.4,1.140175425,0.999407825,5
30484904_MinPolqaSfbRecording_cut.wav,2.0,1.224744871,1.073536213,5
30257988_MinPolqaSfbRecording_cut.wav,3.6,0.547722558,0.48009999,5
28069560_MinPolqaSfbRecording_cut.wav,3.8,0.447213595,0.392,5
30467124_MinPolqaSfbRecording_cut.wav,4.6,0.547722558,0.48009999,5
30087162_MinPolqaSfbRecording_cut.wav,3.6,0.547722558,0.48009999,5
30126922_MinPolqaSfbRecording_cut.wav,3.2,0.447213595,0.392,5
30149638_MinPolqaSfbRecording_cut.wav,1.8,0.836660027,0.733364848,5
30179281_MinPolqaSfbRecording_cut.wav,1.4,0.894427191,0.784,5
30492772_MinPolqaSfbRecording_cut.wav,4.6,0.547722558,0.48009999,5
28723924_MinPolqaSfbRecording_cut.wav,3.4,0.547722558,0.48009999,5
30172025_MinPolqaSfbRecording_cut.wav,2.8,0.447213595,0.392,5
30082143_MinPolqaSfbRecording_cut.wav,2.6,0.547722558,0.48009999,5
30486515_MinPolqaSfbRecording_cut.wav,2.666666667,0.577350269,0.653333333,3
30065068_MinPolqaSfbRecording_cut.wav,2.333333333,0.577350269,0.653333333,3
30091535_MinPolqaSfbRecording_cut.wav,1.333333333,0.577350269,0.653333333,3
30205786_MinPolqaSfbRecording_cut.wav,1.333333333,0.577350269,0.653333333,3
30159591_MinPolqaSfbRecording_cut.wav,3.666666667,0.577350269,0.653333333,3
30193782_MinPolqaSfbRecording_cut.wav,3.333333333,0.577350269,0.653333333,3
30122381_MinPolqaSfbRecording_cut.wav,3.333333333,0.577350269,0.653333333,3
28628102_MinPolqaSfbRecording_cut.wav,3.666666667,0.577350269,0.653333333,3
30177003_MinPolqaSfbRecording_cut.wav,2.5,0.707106781,0.98,2
30113519_MinPolqaSfbRecording_cut.wav,3.5,0.707106781,0.98,2
30501391_MinPolqaSfbRecording_cut.wav,2.5,0.707106781,0.98,2
29541331_MinPolqaSfbRecording_cut.wav,1.5,0.707106781,0.98,2
30526926_MinPolqaSfbRecording_cut.wav,3.0,0.0,0.0,2
30159318_MinPolqaSfbRecording_cut.wav,2.0,1.414213562,1.96,2
27781958_MinPolqaSfbRecording_cut.wav,4.0,1.414213562,1.96,2
28714474_MinPolqaSfbRecording_cut.wav,4.0,0.816496581,0.800166649,4
30129589_MinPolqaSfbRecording_cut.wav,3.25,0.5,0.49,4
27749872_MinPolqaSfbRecording_cut.wav,4.0,0.816496581,0.800166649,4
28269733_MinPolqaSfbRecording_cut.wav,4.75,0.5,0.49,4
30147314_MinPolqaSfbRecording_cut.wav,2.25,1.892969449,1.85511006,4
27970680_MinPolqaSfbRecording_cut.wav,3.4,0.547722558,0.48009999,5
29049546_MinPolqaSfbRecording_cut.wav,4.0,1.0,0.876538647,5
30069392_MinPolqaSfbRecording_cut.wav,3.6,0.894427191,0.784,5
30081193_MinPolqaSfbRecording_cut.wav,3.8,0.836660027,0.733364848,5
30141694_MinPolqaSfbRecording_cut.wav,4.0,0.707106781,0.619806421,5
30404672_MinPolqaSfbRecording_cut.wav,1.8,1.095445115,0.960199979,5
28721210_MinPolqaSfbRecording_cut.wav,4.0,1.0,0.876538647,5
30514829_MinPolqaSfbRecording_cut.wav,3.0,0.707106781,0.619806421,5
30085995_MinPolqaSfbRecording_cut.wav,2.4,1.140175425,0.999407825,5
30446490_MinPolqaSfbRecording_cut.wav,2.0,0.816496581,0.800166649,4
30081292_MinPolqaSfbRecording_cut.wav,3.25,0.957427108,0.938278566,4
30100191_MinPolqaSfbRecording_cut.wav,2.25,0.957427108,0.938278566,4
27574909_MinPolqaSfbRecording_cut.wav,3.75,0.957427108,0.938278566,4
30124714_MinPolqaSfbRecording_cut.wav,2.5,1.290994449,1.26517456,4
28778876_MinPolqaSfbRecording_cut.wav,3.0,0.816496581,0.800166649,4
30479714_MinPolqaSfbRecording_cut.wav,2.5,1.290994449,1.26517456,4
30451112_MinPolqaSfbRecording_cut.wav,3.333333333,1.527525232,1.728557523,3
30431354_MinPolqaSfbRecording_cut.wav,3.0,1.732050808,1.96,3
30108452_MinPolqaSfbRecording_cut.wav,2.666666667,1.154700538,1.306666667,3
28996772_MinPolqaSfbRecording_cut.wav,4.0,1.0,1.131606528,3
30062198_MinPolqaSfbRecording_cut.wav,3.666666667,1.154700538,1.306666667,3
30475545_MinPolqaSfbRecording_cut.wav,3.666666667,1.154700538,1.306666667,3
30404804_MinPolqaSfbRecording_cut.wav,2.333333333,1.527525232,1.728557523,3
30250273_MinPolqaSfbRecording_cut.wav,3.0,1.0,1.131606528,3
30421894_MinPolqaSfbRecording_cut.wav,3.0,1.732050808,1.96,3
30483871_MinPolqaSfbRecording_cut.wav,3.0,1.732050808,1.96,3
30073382_MinPolqaSfbRecording_cut.wav,3.25,1.707825128,1.673668625,4
30083594_MinPolqaSfbRecording_cut.wav,3.5,1.732050808,1.697409791,4
28210636_MinPolqaSfbRecording_cut.wav,4.5,0.577350269,0.565803264,4
30449467_MinPolqaSfbRecording_cut.wav,3.0,1.632993162,1.600333299,4
27981019_MinPolqaSfbRecording_cut.wav,4.25,0.5,0.49,4
30133462_MinPolqaSfbRecording_cut.wav,3.25,1.707825128,1.673668625,4
30063122_MinPolqaSfbRecording_cut.wav,3.25,1.5,1.47,4
30444774_MinPolqaSfbRecording_cut.wav,3.25,0.957427108,0.938278566,4
30204091_MinPolqaSfbRecording_cut.wav,2.5,1.732050808,1.697409791,4
30168815_MinPolqaSfbRecording_cut.wav,3.5,1.290994449,1.26517456,4
30509324_MinPolqaSfbRecording_cut.wav,1.75,1.5,1.47,4
30109789_MinPolqaSfbRecording_cut.wav,4.75,0.5,0.49,4
30255722_MinPolqaSfbRecording_cut.wav,2.75,1.5,1.47,4
27821560_MinPolqaSfbRecording_cut.wav,3.25,1.258305739,1.233139624,4
30162770_MinPolqaSfbRecording_cut.wav,4.0,1.154700538,1.131606528,4
30171621_MinPolqaSfbRecording_cut.wav,2.5,1.914854216,1.876557131,4
30086937_MinPolqaSfbRecording_cut.wav,2.8,0.836660027,0.733364848,5
30064437_MinPolqaSfbRecording_cut.wav,3.2,0.836660027,0.733364848,5
27702601_MinPolqaSfbRecording_cut.wav,4.0,0.707106781,0.619806421,5
30186589_MinPolqaSfbRecording_cut.wav,3.0,1.0,0.876538647,5
30489217_MinPolqaSfbRecording_cut.wav,4.0,0.707106781,0.619806421,5
29540997_MinPolqaSfbRecording_cut.wav,3.0,0.707106781,0.619806421,5
28530992_MinPolqaSfbRecording_cut.wav,3.6,0.547722558,0.48009999,5
30102845_MinPolqaSfbRecording_cut.wav,2.6,0.894427191,0.784,5
30104120_MinPolqaSfbRecording_cut.wav,3.0,1.0,1.131606528,3
29027324_MinPolqaSfbRecording_cut.wav,3.666666667,1.527525232,1.728557523,3
30098706_MinPolqaSfbRecording_cut.wav,3.0,1.732050808,1.96,3
30090441_MinPolqaSfbRecording_cut.wav,3.333333333,0.577350269,0.653333333,3
30257636_MinPolqaSfbRecording_cut.wav,2.333333333,1.527525232,1.728557523,3
30168574_MinPolqaSfbRecording_cut.wav,3.333333333,1.527525232,1.728557523,3
30150758_MinPolqaSfbRecording_cut.wav,3.0,1.0,1.131606528,3
30113786_MinPolqaSfbRecording_cut.wav,2.666666667,1.154700538,1.306666667,3
30174714_MinPolqaSfbRecording_cut.wav,2.666666667,1.154700538,1.306666667,3
30521013_MinPolqaSfbRecording_cut.wav,2.333333333,0.577350269,0.653333333,3
30057535_MinPolqaSfbRecording_cut.wav,3.8,0.836660027,0.733364848,5
30070394_MinPolqaSfbRecording_cut.wav,2.8,0.836660027,0.733364848,5
30076656_MinPolqaSfbRecording_cut.wav,2.8,0.447213595,0.392,5
29540715_MinPolqaSfbRecording_cut.wav,1.8,1.303840481,1.142866571,5
30510292_MinPolqaSfbRecording_cut.wav,1.6,0.894427191,0.784,5
29064611_MinPolqaSfbRecording_cut.wav,3.4,0.547722558,0.48009999,5
29069063_MinPolqaSfbRecording_cut.wav,3.6,0.547722558,0.48009999,5
30157021_MinPolqaSfbRecording_cut.wav,2.25,0.5,0.49,4
30089140_MinPolqaSfbRecording_cut.wav,3.25,0.5,0.49,4
27866423_MinPolqaSfbRecording_cut.wav,2.5,1.0,0.98,4
30261972_MinPolqaSfbRecording_cut.wav,1.75,1.5,1.47,4
30061026_MinPolqaSfbRecording_cut.wav,3.25,0.957427108,0.938278566,4
30483416_MinPolqaSfbRecording_cut.wav,2.0,1.414213562,1.385929291,4
30070628_MinPolqaSfbRecording_cut.wav,1.75,1.5,1.47,4
30422342_MinPolqaSfbRecording_cut.wav,3.0,0.707106781,0.619806421,5
29541821_MinPolqaSfbRecording_cut.wav,1.2,0.447213595,0.392,5
27557251_MinPolqaSfbRecording_cut.wav,4.6,0.547722558,0.48009999,5
27770909_MinPolqaSfbRecording_cut.wav,3.4,0.547722558,0.48009999,5
30118438_MinPolqaSfbRecording_cut.wav,3.0,0.0,0.0,5
30141098_MinPolqaSfbRecording_cut.wav,3.0,0.707106781,0.619806421,5
28990700_MinPolqaSfbRecording_cut.wav,3.8,0.447213595,0.392,5
30252158_MinPolqaSfbRecording_cut.wav,2.4,1.140175425,0.999407825,5
30149180_MinPolqaSfbRecording_cut.wav,2.4,0.547722558,0.48009999,5
30182583_MinPolqaSfbRecording_cut.wav,1.333333333,0.577350269,0.653333333,3
30090593_MinPolqaSfbRecording_cut.wav,2.333333333,0.577350269,0.653333333,3
29533264_MinPolqaSfbRecording_cut.wav,3.333333333,0.577350269,0.653333333,3
30173856_MinPolqaSfbRecording_cut.wav,1.666666667,0.577350269,0.653333333,3
30155470_MinPolqaSfbRecording_cut.wav,3.0,0.0,0.0,3
30401619_MinPolqaSfbRecording_cut.wav,3.0,0.0,0.0,3
30257843_MinPolqaSfbRecording_cut.wav,4.0,1.0,1.131606528,3
30130004_MinPolqaSfbRecording_cut.wav,2.0,1.0,1.131606528,3
27622625_MinPolqaSfbRecording_cut.wav,3.5,1.0,0.98,4
28254555_MinPolqaSfbRecording_cut.wav,3.75,0.5,0.49,4
30058522_MinPolqaSfbRecording_cut.wav,1.75,1.5,1.47,4
30428637_MinPolqaSfbRecording_cut.wav,2.5,1.290994449,1.26517456,4
30195630_MinPolqaSfbRecording_cut.wav,3.25,0.957427108,0.938278566,4
28904080_MinPolqaSfbRecording_cut.wav,3.75,0.5,0.49,4
30118804_MinPolqaSfbRecording_cut.wav,3.75,1.258305739,1.233139624,4
30250139_MinPolqaSfbRecording_cut.wav,2.5,0.707106781,0.98,2
30201265_MinPolqaSfbRecording_cut.wav,4.5,0.707106781,0.98,2
30466448_MinPolqaSfbRecording_cut.wav,3.5,2.121320344,2.94,2
30504341_MinPolqaSfbRecording_cut.wav,2.5,2.121320344,2.94,2
28912716_MinPolqaSfbRecording_cut.wav,4.0,0.0,0.0,2
30084334_MinPolqaSfbRecording_cut.wav,3.0,1.414213562,1.96,2
27916623_MinPolqaSfbRecording_cut.wav,4.5,0.707106781,0.98,2
28062706_MinPolqaSfbRecording_cut.wav,4.0,0.0,0.0,2
30117544_MinPolqaSfbRecording_cut.wav,3.5,0.707106781,0.98,2
30151687_MinPolqaSfbRecording_cut.wav,4.0,1.414213562,1.96,2
30207687_MinPolqaSfbRecording_cut.wav,3.25,0.5,0.49,4
30142702_MinPolqaSfbRecording_cut.wav,1.25,0.5,0.49,4
28706836_MinPolqaSfbRecording_cut.wav,3.0,0.0,0.0,4
30173985_MinPolqaSfbRecording_cut.wav,4.25,0.957427108,0.938278566,4
28981156_MinPolqaSfbRecording_cut.wav,4.75,0.5,0.49,4
30059584_MinPolqaSfbRecording_cut.wav,3.5,0.577350269,0.565803264,4
30477171_MinPolqaSfbRecording_cut.wav,2.75,0.5,0.49,4
30519985_MinPolqaSfbRecording_cut.wav,3.75,1.258305739,1.233139624,4
30137376_MinPolqaSfbRecording_cut.wav,4.25,0.5,0.49,4
30142105_MinPolqaSfbRecording_cut.wav,3.25,0.957427108,0.938278566,4
27605748_MinPolqaSfbRecording_cut.wav,4.0,0.816496581,0.800166649,4
30506332_MinPolqaSfbRecording_cut.wav,4.5,0.577350269,0.565803264,4
30148913_MinPolqaSfbRecording_cut.wav,3.25,0.957427108,0.938278566,4
28243998_MinPolqaSfbRecording_cut.wav,3.75,0.5,0.49,4
28850157_MinPolqaSfbRecording_cut.wav,4.5,0.577350269,0.565803264,4
30157515_MinPolqaSfbRecording_cut.wav,2.5,0.577350269,0.565803264,4
30174562_MinPolqaSfbRecording_cut.wav,1.0,0.0,0.0,4
28741518_MinPolqaSfbRecording_cut.wav,4.25,0.5,0.49,4
30146348_MinPolqaSfbRecording_cut.wav,1.0,0.0,0.0,4
30111709_MinPolqaSfbRecording_cut.wav,1.5,0.577350269,0.565803264,4
30087256_MinPolqaSfbRecording_cut.wav,2.25,0.957427108,0.938278566,4
30086885_MinPolqaSfbRecording_cut.wav,1.75,0.5,0.49,4
30147125_MinPolqaSfbRecording_cut.wav,4.25,0.957427108,0.938278566,4
30516792_MinPolqaSfbRecording_cut.wav,2.75,1.5,1.47,4
28797034_MinPolqaSfbRecording_cut.wav,3.25,0.5,0.49,4
30261360_MinPolqaSfbRecording_cut.wav,3.25,0.957427108,0.938278566,4
30500670_MinPolqaSfbRecording_cut.wav,2.5,1.0,0.98,4
30096170_MinPolqaSfbRecording_cut.wav,4.333333333,0.577350269,0.653333333,3
27556157_MinPolqaSfbRecording_cut.wav,4.333333333,0.577350269,0.653333333,3
30105075_MinPolqaSfbRecording_cut.wav,3.0,0.0,0.0,3
30491219_MinPolqaSfbRecording_cut.wav,3.0,0.0,0.0,3
30430122_MinPolqaSfbRecording_cut.wav,4.0,1.0,1.131606528,3
27958371_MinPolqaSfbRecording_cut.wav,4.666666667,0.577350269,0.653333333,3
30073101_MinPolqaSfbRecording_cut.wav,3.0,0.0,0.0,3
27901503_MinPolqaSfbRecording_cut.wav,3.5,0.577350269,0.565803264,4
30171111_MinPolqaSfbRecording_cut.wav,2.75,0.957427108,0.938278566,4
28793687_MinPolqaSfbRecording_cut.wav,4.0,0.816496581,0.800166649,4
30254016_MinPolqaSfbRecording_cut.wav,2.5,1.290994449,1.26517456,4
30524022_MinPolqaSfbRecording_cut.wav,3.5,1.0,0.98,4
28831271_MinPolqaSfbRecording_cut.wav,4.0,1.154700538,1.131606528,4
30193096_MinPolqaSfbRecording_cut.wav,1.75,0.5,0.49,4
30259301_MinPolqaSfbRecording_cut.wav,2.75,0.957427108,0.938278566,4
30509521_MinPolqaSfbRecording_cut.wav,2.25,1.892969449,1.85511006,4
30457853_MinPolqaSfbRecording_cut.wav,4.0,0.816496581,0.800166649,4
30162800_MinPolqaSfbRecording_cut.wav,3.75,0.957427108,0.938278566,4
30523065_MinPolqaSfbRecording_cut.wav,2.5,1.914854216,1.876557131,4
30520000_MinPolqaSfbRecording_cut.wav,4.0,0.0,0.0,4
28365821_MinPolqaSfbRecording_cut.wav,3.75,0.5,0.49,4
30528179_MinPolqaSfbRecording_cut.wav,2.5,1.290994449,1.26517456,4
30060202_MinPolqaSfbRecording_cut.wav,1.4,0.547722558,0.48009999,5
30162082_MinPolqaSfbRecording_cut.wav,2.6,0.547722558,0.48009999,5
30183162_MinPolqaSfbRecording_cut.wav,2.2,0.836660027,0.733364848,5
28125609_MinPolqaSfbRecording_cut.wav,3.6,0.547722558,0.48009999,5
27932129_MinPolqaSfbRecording_cut.wav,4.4,0.547722558,0.48009999,5
30125743_MinPolqaSfbRecording_cut.wav,2.8,0.836660027,0.733364848,5
28855682_MinPolqaSfbRecording_cut.wav,4.6,0.894427191,0.784,5
30063325_MinPolqaSfbRecording_cut.wav,3.2,0.836660027,0.733364848,5
28764851_MinPolqaSfbRecording_cut.wav,3.8,0.836660027,0.733364848,5
30205246_MinPolqaSfbRecording_cut.wav,2.4,0.894427191,0.784,5
30195794_MinPolqaSfbRecording_cut.wav,3.6,1.140175425,0.999407825,5
27586018_MinPolqaSfbRecording_cut.wav,3.4,1.516575089,1.329336677,5
30069139_MinPolqaSfbRecording_cut.wav,2.8,1.095445115,0.960199979,5
30493490_MinPolqaSfbRecording_cut.wav,3.4,1.516575089,1.329336677,5
28795314_MinPolqaSfbRecording_cut.wav,4.0,1.414213562,1.239612843,5
30155038_MinPolqaSfbRecording_cut.wav,3.75,0.957427108,0.938278566,4
30485143_MinPolqaSfbRecording_cut.wav,2.0,1.414213562,1.385929291,4
30138827_MinPolqaSfbRecording_cut.wav,2.5,1.0,0.98,4
30507093_MinPolqaSfbRecording_cut.wav,3.0,0.816496581,0.800166649,4
29534963_MinPolqaSfbRecording_cut.wav,2.0,0.816496581,0.800166649,4
30465213_MinPolqaSfbRecording_cut.wav,3.75,0.957427108,0.938278566,4
30136887_MinPolqaSfbRecording_cut.wav,2.0,1.414213562,1.96,2
30084626_MinPolqaSfbRecording_cut.wav,1.5,0.707106781,0.98,2
30070597_MinPolqaSfbRecording_cut.wav,2.0,1.414213562,1.96,2
30526665_MinPolqaSfbRecording_cut.wav,3.5,0.707106781,0.98,2
30083386_MinPolqaSfbRecording_cut.wav,2.0,1.414213562,1.96,2
30209365_MinPolqaSfbRecording_cut.wav,3.5,0.707106781,0.98,2
30262817_MinPolqaSfbRecording_cut.wav,3.5,0.707106781,0.98,2
28981127_MinPolqaSfbRecording_cut.wav,4.5,0.707106781,0.98,2
30155770_MinPolqaSfbRecording_cut.wav,3.5,0.707106781,0.98,2
30201763_MinPolqaSfbRecording_cut.wav,3.0,1.224744871,1.073536213,5
30206546_MinPolqaSfbRecording_cut.wav,3.6,1.516575089,1.329336677,5
28773165_MinPolqaSfbRecording_cut.wav,4.0,0.707106781,0.619806421,5
30075242_MinPolqaSfbRecording_cut.wav,3.6,1.673320053,1.466729696,5
30105469_MinPolqaSfbRecording_cut.wav,3.6,1.673320053,1.466729696,5
30081133_MinPolqaSfbRecording_cut.wav,3.6,1.516575089,1.329336677,5
30080780_MinPolqaSfbRecording_cut.wav,3.4,1.516575089,1.329336677,5
30414251_MinPolqaSfbRecording_cut.wav,3.2,1.483239697,1.300116918,5
29537496_MinPolqaSfbRecording_cut.wav,4.25,0.5,0.49,4
28348813_MinPolqaSfbRecording_cut.wav,4.25,0.957427108,0.938278566,4
28312119_MinPolqaSfbRecording_cut.wav,4.5,1.0,0.98,4
30425393_MinPolqaSfbRecording_cut.wav,3.5,1.290994449,1.26517456,4
28941086_MinPolqaSfbRecording_cut.wav,4.5,0.577350269,0.565803264,4
30096734_MinPolqaSfbRecording_cut.wav,3.0,1.154700538,1.131606528,4
30097415_MinPolqaSfbRecording_cut.wav,3.5,1.290994449,1.26517456,4
30113706_MinPolqaSfbRecording_cut.wav,4.5,1.0,0.98,4
30123584_MinPolqaSfbRecording_cut.wav,2.8,0.447213595,0.392,5
28839824_MinPolqaSfbRecording_cut.wav,3.4,0.894427191,0.784,5
30531430_MinPolqaSfbRecording_cut.wav,1.0,0.0,0.0,5
30519754_MinPolqaSfbRecording_cut.wav,1.8,0.836660027,0.733364848,5
30152033_MinPolqaSfbRecording_cut.wav,2.0,1.0,0.876538647,5
28673935_MinPolqaSfbRecording_cut.wav,3.2,0.836660027,0.733364848,5
30176411_MinPolqaSfbRecording_cut.wav,2.2,0.836660027,0.733364848,5
27768416_MinPolqaSfbRecording_cut.wav,2.4,0.547722558,0.48009999,5
30180281_MinPolqaSfbRecording_cut.wav,3.2,0.447213595,0.392,5
30527545_MinPolqaSfbRecording_cut.wav,3.25,0.957427108,0.938278566,4
30491418_MinPolqaSfbRecording_cut.wav,3.5,1.0,0.98,4
30413061_MinPolqaSfbRecording_cut.wav,3.0,1.414213562,1.385929291,4
29535169_MinPolqaSfbRecording_cut.wav,3.5,1.732050808,1.697409791,4
27812959_MinPolqaSfbRecording_cut.wav,4.0,0.816496581,0.800166649,4
27927151_MinPolqaSfbRecording_cut.wav,4.25,0.957427108,0.938278566,4
28518897_MinPolqaSfbRecording_cut.wav,4.0,1.414213562,1.385929291,4
30263765_MinPolqaSfbRecording_cut.wav,3.75,1.892969449,1.85511006,4
27712694_MinPolqaSfbRecording_cut.wav,2.5,1.732050808,1.697409791,4
30069908_MinPolqaSfbRecording_cut.wav,3.5,1.0,0.98,4
30174150_MinPolqaSfbRecording_cut.wav,4.25,0.5,0.49,4
30469108_MinPolqaSfbRecording_cut.wav,4.25,0.957427108,0.938278566,4
30068187_MinPolqaSfbRecording_cut.wav,3.75,0.957427108,0.938278566,4
29540142_MinPolqaSfbRecording_cut.wav,3.5,0.577350269,0.565803264,4
30255794_MinPolqaSfbRecording_cut.wav,3.5,0.577350269,0.565803264,4
30135880_MinPolqaSfbRecording_cut.wav,3.0,0.816496581,0.800166649,4
30181868_MinPolqaSfbRecording_cut.wav,3.5,1.290994449,1.26517456,4
30426250_MinPolqaSfbRecording_cut.wav,3.5,1.0,0.98,4
29068281_MinPolqaSfbRecording_cut.wav,4.0,0.816496581,0.800166649,4
30460974_MinPolqaSfbRecording_cut.wav,2.25,0.5,0.49,4
30166743_MinPolqaSfbRecording_cut.wav,3.5,0.577350269,0.565803264,4
30210392_MinPolqaSfbRecording_cut.wav,3.75,0.5,0.49,4
30456992_MinPolqaSfbRecording_cut.wav,3.25,1.258305739,1.233139624,4
30461220_MinPolqaSfbRecording_cut.wav,3.4,0.894427191,0.784,5
27940087_MinPolqaSfbRecording_cut.wav,3.0,1.0,0.876538647,5
30211510_MinPolqaSfbRecording_cut.wav,2.8,0.836660027,0.733364848,5
30409797_MinPolqaSfbRecording_cut.wav,2.2,1.303840481,1.142866571,5
30108627_MinPolqaSfbRecording_cut.wav,2.8,0.447213595,0.392,5
27860986_MinPolqaSfbRecording_cut.wav,4.4,0.547722558,0.48009999,5
30128120_MinPolqaSfbRecording_cut.wav,4.0,0.0,0.0,5
28332916_MinPolqaSfbRecording_cut.wav,3.0,1.0,0.876538647,5
30108211_MinPolqaSfbRecording_cut.wav,2.4,1.673320053,1.466729696,5
30484340_MinPolqaSfbRecording_cut.wav,2.2,1.303840481,1.142866571,5
30450205_MinPolqaSfbRecording_cut.wav,3.666666667,1.527525232,1.728557523,3
30092729_MinPolqaSfbRecording_cut.wav,4.0,1.0,1.131606528,3
30163024_MinPolqaSfbRecording_cut.wav,4.333333333,1.154700538,1.306666667,3
30078493_MinPolqaSfbRecording_cut.wav,4.0,1.0,1.131606528,3
30463121_MinPolqaSfbRecording_cut.wav,2.666666667,1.527525232,1.728557523,3
29533450_MinPolqaSfbRecording_cut.wav,3.666666667,1.527525232,1.728557523,3
28431128_MinPolqaSfbRecording_cut.wav,4.333333333,1.154700538,1.306666667,3
30426784_MinPolqaSfbRecording_cut.wav,2.333333333,1.527525232,1.728557523,3
30444128_MinPolqaSfbRecording_cut.wav,3.0,0.0,0.0,3
30137580_MinPolqaSfbRecording_cut.wav,2.666666667,1.154700538,1.306666667,3
27610378_MinPolqaSfbRecording_cut.wav,4.0,1.0,1.131606528,3
30061072_MinPolqaSfbRecording_cut.wav,2.666666667,0.577350269,0.653333333,3
29531405_MinPolqaSfbRecording_cut.wav,1.0,0.0,0.0,3
28934849_MinPolqaSfbRecording_cut.wav,3.0,1.0,1.131606528,3
30436839_MinPolqaSfbRecording_cut.wav,2.8,0.836660027,0.733364848,5
30141661_MinPolqaSfbRecording_cut.wav,3.0,1.0,0.876538647,5
30469310_MinPolqaSfbRecording_cut.wav,3.6,0.894427191,0.784,5
30090728_MinPolqaSfbRecording_cut.wav,2.6,1.516575089,1.329336677,5
30506165_MinPolqaSfbRecording_cut.wav,2.8,0.447213595,0.392,5
30066403_MinPolqaSfbRecording_cut.wav,2.6,1.140175425,0.999407825,5
30184272_MinPolqaSfbRecording_cut.wav,3.0,0.707106781,0.619806421,5
28757244_MinPolqaSfbRecording_cut.wav,3.8,0.836660027,0.733364848,5
28201192_MinPolqaSfbRecording_cut.wav,3.8,0.836660027,0.733364848,5
30099551_MinPolqaSfbRecording_cut.wav,2.6,1.140175425,0.999407825,5
27971048_MinPolqaSfbRecording_cut.wav,4.0,0.707106781,0.619806421,5
30438096_MinPolqaSfbRecording_cut.wav,2.6,1.341640786,1.176,5
29048472_MinPolqaSfbRecording_cut.wav,4.0,0.707106781,0.619806421,5
30519607_MinPolqaSfbRecording_cut.wav,3.2,0.836660027,0.733364848,5
30060330_MinPolqaSfbRecording_cut.wav,2.8,1.483239697,1.300116918,5
27746255_MinPolqaSfbRecording_cut.wav,4.0,1.224744871,1.073536213,5
30195851_MinPolqaSfbRecording_cut.wav,2.8,0.836660027,0.733364848,5
30132556_MinPolqaSfbRecording_cut.wav,3.0,1.0,0.876538647,5
29536355_MinPolqaSfbRecording_cut.wav,3.0,1.224744871,1.073536213,5
30069123_MinPolqaSfbRecording_cut.wav,2.0,1.0,0.876538647,5
30188791_MinPolqaSfbRecording_cut.wav,2.4,1.140175425,0.999407825,5
30263935_MinPolqaSfbRecording_cut.wav,2.8,0.836660027,0.733364848,5
30173238_MinPolqaSfbRecording_cut.wav,2.2,1.095445115,0.960199979,5
28152962_MinPolqaSfbRecording_cut.wav,3.8,0.447213595,0.392,5
30204331_MinPolqaSfbRecording_cut.wav,2.6,0.894427191,0.784,5
30144174_MinPolqaSfbRecording_cut.wav,1.4,0.894427191,0.784,5
27568382_MinPolqaSfbRecording_cut.wav,4.0,1.0,0.876538647,5
28342301_MinPolqaSfbRecording_cut.wav,4.0,1.0,0.876538647,5
27955549_MinPolqaSfbRecording_cut.wav,4.2,0.836660027,0.733364848,5
30253939_MinPolqaSfbRecording_cut.wav,4.2,0.836660027,0.733364848,5
29540233_MinPolqaSfbRecording_cut.wav,2.0,1.224744871,1.073536213,5
30471995_MinPolqaSfbRecording_cut.wav,2.4,1.140175425,0.999407825,5
30071305_MinPolqaSfbRecording_cut.wav,5.0,0.0,0.0,3
29049271_MinPolqaSfbRecording_cut.wav,2.333333333,0.577350269,0.653333333,3
28035194_MinPolqaSfbRecording_cut.wav,3.666666667,0.577350269,0.653333333,3
27628869_MinPolqaSfbRecording_cut.wav,4.0,0.0,0.0,3
29054224_MinPolqaSfbRecording_cut.wav,3.333333333,0.577350269,0.653333333,3
30110633_MinPolqaSfbRecording_cut.wav,3.0,0.0,0.0,3
30431148_MinPolqaSfbRecording_cut.wav,3.0,1.0,1.131606528,3
30254969_MinPolqaSfbRecording_cut.wav,1.666666667,0.577350269,0.653333333,3
30169726_MinPolqaSfbRecording_cut.wav,3.333333333,0.577350269,0.653333333,3
28471911_MinPolqaSfbRecording_cut.wav,4.333333333,0.577350269,0.653333333,3
28202259_MinPolqaSfbRecording_cut.wav,3.6,1.140175425,0.999407825,5
27857623_MinPolqaSfbRecording_cut.wav,3.8,0.447213595,0.392,5
30488940_MinPolqaSfbRecording_cut.wav,2.2,1.643167673,1.440299969,5
30448859_MinPolqaSfbRecording_cut.wav,4.0,0.707106781,0.619806421,5
30446821_MinPolqaSfbRecording_cut.wav,3.4,1.140175425,0.999407825,5
30465001_MinPolqaSfbRecording_cut.wav,2.2,1.788854382,1.568,5
29532376_MinPolqaSfbRecording_cut.wav,4.0,0.707106781,0.619806421,5
30137502_MinPolqaSfbRecording_cut.wav,2.0,1.414213562,1.239612843,5
28497618_MinPolqaSfbRecording_cut.wav,4.4,0.547722558,0.48009999,5
30249605_MinPolqaSfbRecording_cut.wav,1.25,0.5,0.49,4
30426263_MinPolqaSfbRecording_cut.wav,3.0,0.816496581,0.800166649,4
30488109_MinPolqaSfbRecording_cut.wav,3.25,0.5,0.49,4
30405827_MinPolqaSfbRecording_cut.wav,3.0,1.154700538,1.131606528,4
30178958_MinPolqaSfbRecording_cut.wav,1.5,1.0,0.98,4
30436139_MinPolqaSfbRecording_cut.wav,3.5,1.0,0.98,4
30097746_MinPolqaSfbRecording_cut.wav,1.75,0.957427108,0.938278566,4
30174116_MinPolqaSfbRecording_cut.wav,3.0,1.154700538,1.131606528,4
30068485_MinPolqaSfbRecording_cut.wav,3.666666667,0.577350269,0.653333333,3
27597746_MinPolqaSfbRecording_cut.wav,3.666666667,0.577350269,0.653333333,3
30064538_MinPolqaSfbRecording_cut.wav,3.0,1.732050808,1.96,3
30123245_MinPolqaSfbRecording_cut.wav,3.333333333,0.577350269,0.653333333,3
30134051_MinPolqaSfbRecording_cut.wav,4.0,1.0,1.131606528,3
30406151_MinPolqaSfbRecording_cut.wav,3.333333333,0.577350269,0.653333333,3
30109540_MinPolqaSfbRecording_cut.wav,2.666666667,1.527525232,1.728557523,3
30165959_MinPolqaSfbRecording_cut.wav,1.5,0.577350269,0.565803264,4
28793221_MinPolqaSfbRecording_cut.wav,3.75,0.957427108,0.938278566,4
30125614_MinPolqaSfbRecording_cut.wav,4.0,0.816496581,0.800166649,4
28208507_MinPolqaSfbRecording_cut.wav,4.25,0.5,0.49,4
30527083_MinPolqaSfbRecording_cut.wav,3.5,1.290994449,1.26517456,4
28549836_MinPolqaSfbRecording_cut.wav,4.5,1.0,0.98,4
28740426_MinPolqaSfbRecording_cut.wav,3.5,0.577350269,0.565803264,4
30147724_MinPolqaSfbRecording_cut.wav,4.0,0.0,0.0,4
30142063_MinPolqaSfbRecording_cut.wav,3.0,1.154700538,1.131606528,4
28164320_MinPolqaSfbRecording_cut.wav,4.25,0.5,0.49,4
30506122_MinPolqaSfbRecording_cut.wav,3.25,1.5,1.47,4
30065134_MinPolqaSfbRecording_cut.wav,3.75,0.957427108,0.938278566,4
30518975_MinPolqaSfbRecording_cut.wav,3.25,0.5,0.49,4
30252491_MinPolqaSfbRecording_cut.wav,3.25,0.957427108,0.938278566,4
30099921_MinPolqaSfbRecording_cut.wav,3.25,1.707825128,1.673668625,4
30159620_MinPolqaSfbRecording_cut.wav,3.5,1.290994449,1.26517456,4
30422189_MinPolqaSfbRecording_cut.wav,3.75,0.5,0.49,4
30523086_MinPolqaSfbRecording_cut.wav,3.75,0.5,0.49,4
30098497_MinPolqaSfbRecording_cut.wav,3.25,0.5,0.49,4
30516358_MinPolqaSfbRecording_cut.wav,3.0,0.816496581,0.800166649,4
30477063_MinPolqaSfbRecording_cut.wav,2.25,1.258305739,1.233139624,4
30425630_MinPolqaSfbRecording_cut.wav,2.5,1.290994449,1.26517456,4
30410970_MinPolqaSfbRecording_cut.wav,3.5,1.0,0.98,4
30109563_MinPolqaSfbRecording_cut.wav,2.75,0.957427108,0.938278566,4
30121761_MinPolqaSfbRecording_cut.wav,1.5,1.0,0.98,4
30068881_MinPolqaSfbRecording_cut.wav,4.0,0.816496581,0.800166649,4
30512448_MinPolqaSfbRecording_cut.wav,2.0,0.816496581,0.800166649,4
30092241_MinPolqaSfbRecording_cut.wav,4.0,0.816496581,0.800166649,4
30090841_MinPolqaSfbRecording_cut.wav,2.5,1.0,0.98,4
28088084_MinPolqaSfbRecording_cut.wav,3.5,0.577350269,0.565803264,4
30472204_MinPolqaSfbRecording_cut.wav,3.5,0.577350269,0.565803264,4
30147346_MinPolqaSfbRecording_cut.wav,2.75,0.957427108,0.938278566,4
30184340_MinPolqaSfbRecording_cut.wav,2.5,0.577350269,0.565803264,4
30444025_MinPolqaSfbRecording_cut.wav,3.0,0.816496581,0.800166649,4
28647553_MinPolqaSfbRecording_cut.wav,3.75,0.5,0.49,4
30264476_MinPolqaSfbRecording_cut.wav,3.0,0.816496581,0.800166649,4
27766167_MinPolqaSfbRecording_cut.wav,3.4,0.547722558,0.48009999,5
29542110_MinPolqaSfbRecording_cut.wav,4.4,0.894427191,0.784,5
27786292_MinPolqaSfbRecording_cut.wav,4.2,0.447213595,0.392,5
30068088_MinPolqaSfbRecording_cut.wav,2.8,1.483239697,1.300116918,5
30163301_MinPolqaSfbRecording_cut.wav,2.8,0.836660027,0.733364848,5
27807643_MinPolqaSfbRecording_cut.wav,4.8,0.447213595,0.392,5
30429428_MinPolqaSfbRecording_cut.wav,1.6,0.894427191,0.784,5
30171263_MinPolqaSfbRecording_cut.wav,3.6,0.894427191,0.784,5
29539769_MinPolqaSfbRecording_cut.wav,2.8,0.836660027,0.733364848,5
30112858_MinPolqaSfbRecording_cut.wav,1.6,0.894427191,0.784,5
30482170_MinPolqaSfbRecording_cut.wav,2.2,1.095445115,0.960199979,5
28733275_MinPolqaSfbRecording_cut.wav,3.8,0.836660027,0.733364848,5
30488523_MinPolqaSfbRecording_cut.wav,3.8,1.095445115,0.960199979,5
27831066_MinPolqaSfbRecording_cut.wav,2.2,1.095445115,0.960199979,5
30474542_MinPolqaSfbRecording_cut.wav,2.2,1.303840481,1.142866571,5
30256763_MinPolqaSfbRecording_cut.wav,3.4,1.140175425,0.999407825,5
30429494_MinPolqaSfbRecording_cut.wav,3.8,0.836660027,0.733364848,5
30182681_MinPolqaSfbRecording_cut.wav,3.25,0.5,0.49,4
30091038_MinPolqaSfbRecording_cut.wav,3.25,0.957427108,0.938278566,4
27518341_MinPolqaSfbRecording_cut.wav,4.25,0.957427108,0.938278566,4
30425300_MinPolqaSfbRecording_cut.wav,1.0,0.0,0.0,4
30411603_MinPolqaSfbRecording_cut.wav,1.5,1.0,0.98,4
30480529_MinPolqaSfbRecording_cut.wav,2.0,0.816496581,0.800166649,4
28750786_MinPolqaSfbRecording_cut.wav,3.5,0.577350269,0.565803264,4
30083929_MinPolqaSfbRecording_cut.wav,3.25,0.5,0.49,4
30132198_MinPolqaSfbRecording_cut.wav,2.75,0.5,0.49,4
29533097_MinPolqaSfbRecording_cut.wav,4.333333333,0.577350269,0.653333333,3
27788098_MinPolqaSfbRecording_cut.wav,4.0,1.0,1.131606528,3
30462152_MinPolqaSfbRecording_cut.wav,3.666666667,0.577350269,0.653333333,3
29532344_MinPolqaSfbRecording_cut.wav,4.333333333,1.154700538,1.306666667,3
30496588_MinPolqaSfbRecording_cut.wav,4.0,1.0,1.131606528,3
30179981_MinPolqaSfbRecording_cut.wav,2.666666667,2.081665999,2.355626833,3
30107027_MinPolqaSfbRecording_cut.wav,3.333333333,1.154700538,1.306666667,3
30079369_MinPolqaSfbRecording_cut.wav,2.666666667,1.154700538,1.306666667,3
30109179_MinPolqaSfbRecording_cut.wav,4.333333333,0.577350269,0.653333333,3
30489860_MinPolqaSfbRecording_cut.wav,4.333333333,0.577350269,0.653333333,3
30473989_MinPolqaSfbRecording_cut.wav,3.25,0.5,0.49,4
30099599_MinPolqaSfbRecording_cut.wav,1.75,1.5,1.47,4
30263433_MinPolqaSfbRecording_cut.wav,4.0,1.154700538,1.131606528,4
30111884_MinPolqaSfbRecording_cut.wav,3.0,0.816496581,0.800166649,4
30421181_MinPolqaSfbRecording_cut.wav,3.75,0.5,0.49,4
30492663_MinPolqaSfbRecording_cut.wav,4.0,0.816496581,0.800166649,4
30083120_MinPolqaSfbRecording_cut.wav,3.25,0.5,0.49,4
30081093_MinPolqaSfbRecording_cut.wav,2.5,1.290994449,1.26517456,4
30107961_MinPolqaSfbRecording_cut.wav,2.5,0.577350269,0.565803264,4
30502472_MinPolqaSfbRecording_cut.wav,3.25,1.5,1.47,4
30199511_MinPolqaSfbRecording_cut.wav,3.333333333,0.577350269,0.653333333,3
30068484_MinPolqaSfbRecording_cut.wav,3.0,1.0,1.131606528,3
30492093_MinPolqaSfbRecording_cut.wav,3.0,0.0,0.0,3
28586486_MinPolqaSfbRecording_cut.wav,4.0,1.0,1.131606528,3
30107823_MinPolqaSfbRecording_cut.wav,2.333333333,0.577350269,0.653333333,3
28239661_MinPolqaSfbRecording_cut.wav,4.75,0.5,0.49,4
30105878_MinPolqaSfbRecording_cut.wav,2.75,1.258305739,1.233139624,4
30174152_MinPolqaSfbRecording_cut.wav,4.5,0.577350269,0.565803264,4
30164506_MinPolqaSfbRecording_cut.wav,3.25,1.5,1.47,4
28000252_MinPolqaSfbRecording_cut.wav,4.25,0.5,0.49,4
30529242_MinPolqaSfbRecording_cut.wav,4.75,0.5,0.49,4
30260464_MinPolqaSfbRecording_cut.wav,3.25,0.957427108,0.938278566,4
30408824_MinPolqaSfbRecording_cut.wav,3.5,0.577350269,0.565803264,4
28466369_MinPolqaSfbRecording_cut.wav,4.5,0.577350269,0.565803264,4
30068953_MinPolqaSfbRecording_cut.wav,3.0,1.154700538,1.131606528,4
30120914_MinPolqaSfbRecording_cut.wav,2.25,1.5,1.47,4
30464746_MinPolqaSfbRecording_cut.wav,4.0,0.816496581,0.800166649,4
30250024_MinPolqaSfbRecording_cut.wav,3.5,1.0,0.98,4
28558023_MinPolqaSfbRecording_cut.wav,4.0,0.816496581,0.800166649,4
30063007_MinPolqaSfbRecording_cut.wav,2.25,0.957427108,0.938278566,4
30471502_MinPolqaSfbRecording_cut.wav,3.25,1.258305739,1.233139624,4
30405599_MinPolqaSfbRecording_cut.wav,4.5,0.707106781,0.98,2
28961015_MinPolqaSfbRecording_cut.wav,4.0,0.0,0.0,2
30422555_MinPolqaSfbRecording_cut.wav,4.5,0.707106781,0.98,2
30087234_MinPolqaSfbRecording_cut.wav,4.5,0.707106781,0.98,2
30179571_MinPolqaSfbRecording_cut.wav,3.0,0.0,0.0,2
30506036_MinPolqaSfbRecording_cut.wav,4.0,1.414213562,1.96,2
30096225_MinPolqaSfbRecording_cut.wav,4.0,1.414213562,1.96,2
28290622_MinPolqaSfbRecording_cut.wav,4.0,0.0,0.0,2
30067785_MinPolqaSfbRecording_cut.wav,3.0,1.414213562,1.96,2
30508717_MinPolqaSfbRecording_cut.wav,1.333333333,0.577350269,0.653333333,3
30529857_MinPolqaSfbRecording_cut.wav,2.333333333,0.577350269,0.653333333,3
29537061_MinPolqaSfbRecording_cut.wav,3.333333333,0.577350269,0.653333333,3
28927323_MinPolqaSfbRecording_cut.wav,4.666666667,0.577350269,0.653333333,3
28020806_MinPolqaSfbRecording_cut.wav,4.0,0.0,0.0,3
28110099_MinPolqaSfbRecording_cut.wav,2.666666667,0.577350269,0.653333333,3
29535911_MinPolqaSfbRecording_cut.wav,1.333333333,0.577350269,0.653333333,3
28132867_MinPolqaSfbRecording_cut.wav,3.333333333,0.577350269,0.653333333,3
30163068_MinPolqaSfbRecording_cut.wav,3.666666667,1.154700538,1.306666667,3
25997507_MinPolqaSfbRecording_cut.wav,3.666666667,0.577350269,0.653333333,3
30488791_MinPolqaSfbRecording_cut.wav,3.6,0.894427191,0.784,5
30529445_MinPolqaSfbRecording_cut.wav,2.4,1.516575089,1.329336677,5
30250042_MinPolqaSfbRecording_cut.wav,2.4,1.140175425,0.999407825,5
28877484_MinPolqaSfbRecording_cut.wav,3.4,0.547722558,0.48009999,5
30506336_MinPolqaSfbRecording_cut.wav,2.2,1.303840481,1.142866571,5
30096912_MinPolqaSfbRecording_cut.wav,2.4,1.140175425,0.999407825,5
30080644_MinPolqaSfbRecording_cut.wav,3.6,1.140175425,0.999407825,5
29027232_MinPolqaSfbRecording_cut.wav,4.333333333,0.577350269,0.653333333,3
30410891_MinPolqaSfbRecording_cut.wav,4.0,0.0,0.0,3
30201326_MinPolqaSfbRecording_cut.wav,3.0,0.0,0.0,3
30263342_MinPolqaSfbRecording_cut.wav,3.333333333,1.154700538,1.306666667,3
28425533_MinPolqaSfbRecording_cut.wav,3.666666667,0.577350269,0.653333333,3
30461788_MinPolqaSfbRecording_cut.wav,2.333333333,1.154700538,1.306666667,3
30248059_MinPolqaSfbRecording_cut.wav,2.0,1.0,1.131606528,3
30497515_MinPolqaSfbRecording_cut.wav,1.666666667,0.577350269,0.653333333,3
30463838_MinPolqaSfbRecording_cut.wav,3.333333333,0.577350269,0.653333333,3
30207845_MinPolqaSfbRecording_cut.wav,3.666666667,0.577350269,0.653333333,3
30517021_MinPolqaSfbRecording_cut.wav,4.0,0.0,0.0,3
30436213_MinPolqaSfbRecording_cut.wav,1.666666667,1.154700538,1.306666667,3
30160711_MinPolqaSfbRecording_cut.wav,3.666666667,0.577350269,0.653333333,3
30431716_MinPolqaSfbRecording_cut.wav,1.0,0.0,0.0,3
30408596_MinPolqaSfbRecording_cut.wav,1.333333333,0.577350269,0.653333333,3
30102852_MinPolqaSfbRecording_cut.wav,3.8,0.447213595,0.392,5
30470682_MinPolqaSfbRecording_cut.wav,3.0,1.224744871,1.073536213,5
30259944_MinPolqaSfbRecording_cut.wav,2.8,1.303840481,1.142866571,5
29017170_MinPolqaSfbRecording_cut.wav,3.6,1.140175425,0.999407825,5
27951025_MinPolqaSfbRecording_cut.wav,3.6,1.140175425,0.999407825,5
30171968_MinPolqaSfbRecording_cut.wav,3.6,1.673320053,1.466729696,5
30136399_MinPolqaSfbRecording_cut.wav,3.0,1.58113883,1.385929291,5
30188867_MinPolqaSfbRecording_cut.wav,4.0,1.224744871,1.073536213,5
28811276_MinPolqaSfbRecording_cut.wav,3.8,1.303840481,1.142866571,5
30195562_MinPolqaSfbRecording_cut.wav,3.4,1.516575089,1.329336677,5
27688850_MinPolqaSfbRecording_cut.wav,3.8,0.447213595,0.392,5
30079008_MinPolqaSfbRecording_cut.wav,2.8,1.303840481,1.142866571,5
30489118_MinPolqaSfbRecording_cut.wav,2.6,1.140175425,0.999407825,5
30480043_MinPolqaSfbRecording_cut.wav,3.0,1.224744871,1.073536213,5
30168500_MinPolqaSfbRecording_cut.wav,3.4,1.516575089,1.329336677,5
30472313_MinPolqaSfbRecording_cut.wav,3.4,0.894427191,0.784,5
30260178_MinPolqaSfbRecording_cut.wav,2.8,1.095445115,0.960199979,5
28990904_MinPolqaSfbRecording_cut.wav,3.0,1.224744871,1.073536213,5
30096596_MinPolqaSfbRecording_cut.wav,2.8,1.303840481,1.142866571,5
30118877_MinPolqaSfbRecording_cut.wav,3.0,1.154700538,1.131606528,4
30067672_MinPolqaSfbRecording_cut.wav,3.5,0.577350269,0.565803264,4
28551611_MinPolqaSfbRecording_cut.wav,4.0,0.816496581,0.800166649,4
30090935_MinPolqaSfbRecording_cut.wav,2.75,1.5,1.47,4
30120933_MinPolqaSfbRecording_cut.wav,4.25,0.5,0.49,4
30148915_MinPolqaSfbRecording_cut.wav,2.5,1.290994449,1.26517456,4
30105269_MinPolqaSfbRecording_cut.wav,2.75,1.258305739,1.233139624,4
30259759_MinPolqaSfbRecording_cut.wav,3.0,1.0,0.876538647,5
27835406_MinPolqaSfbRecording_cut.wav,3.8,0.447213595,0.392,5
30101000_MinPolqaSfbRecording_cut.wav,2.4,0.547722558,0.48009999,5
30466417_MinPolqaSfbRecording_cut.wav,2.0,1.414213562,1.239612843,5
27896963_MinPolqaSfbRecording_cut.wav,3.8,0.447213595,0.392,5
30443270_MinPolqaSfbRecording_cut.wav,3.2,0.836660027,0.733364848,5
27665361_MinPolqaSfbRecording_cut.wav,4.4,0.894427191,0.784,5
30510403_MinPolqaSfbRecording_cut.wav,3.75,0.5,0.49,4
30434067_MinPolqaSfbRecording_cut.wav,3.5,0.577350269,0.565803264,4
30521192_MinPolqaSfbRecording_cut.wav,3.5,1.290994449,1.26517456,4
29541946_MinPolqaSfbRecording_cut.wav,4.0,0.816496581,0.800166649,4
30161368_MinPolqaSfbRecording_cut.wav,2.25,0.957427108,0.938278566,4
30186084_MinPolqaSfbRecording_cut.wav,2.75,1.258305739,1.233139624,4
30491187_MinPolqaSfbRecording_cut.wav,3.25,0.957427108,0.938278566,4
30063533_MinPolqaSfbRecording_cut.wav,4.0,0.816496581,0.800166649,4
30467576_MinPolqaSfbRecording_cut.wav,2.75,0.957427108,0.938278566,4
30500812_MinPolqaSfbRecording_cut.wav,2.75,0.957427108,0.938278566,4
30501372_MinPolqaSfbRecording_cut.wav,3.0,0.816496581,0.800166649,4
30106977_MinPolqaSfbRecording_cut.wav,3.25,1.258305739,1.233139624,4
30151969_MinPolqaSfbRecording_cut.wav,3.5,0.577350269,0.565803264,4
30119795_MinPolqaSfbRecording_cut.wav,3.5,0.577350269,0.565803264,4
30102952_MinPolqaSfbRecording_cut.wav,3.75,0.5,0.49,4
27841906_MinPolqaSfbRecording_cut.wav,4.0,0.816496581,0.800166649,4
30161163_MinPolqaSfbRecording_cut.wav,4.5,0.577350269,0.565803264,4
30210865_MinPolqaSfbRecording_cut.wav,4.0,0.816496581,0.800166649,4
30075231_MinPolqaSfbRecording_cut.wav,3.25,0.5,0.49,4
30189431_MinPolqaSfbRecording_cut.wav,4.25,0.5,0.49,4
30529198_MinPolqaSfbRecording_cut.wav,4.0,0.816496581,0.800166649,4
30402611_MinPolqaSfbRecording_cut.wav,4.0,0.816496581,0.800166649,4
30247718_MinPolqaSfbRecording_cut.wav,3.5,1.0,0.98,4
30067190_MinPolqaSfbRecording_cut.wav,3.6,0.894427191,0.784,5
30436602_MinPolqaSfbRecording_cut.wav,3.2,1.303840481,1.142866571,5
30084600_MinPolqaSfbRecording_cut.wav,2.6,1.140175425,0.999407825,5
30439286_MinPolqaSfbRecording_cut.wav,4.2,0.836660027,0.733364848,5
30475651_MinPolqaSfbRecording_cut.wav,4.0,1.224744871,1.073536213,5
30483627_MinPolqaSfbRecording_cut.wav,3.2,1.483239697,1.300116918,5
30519678_MinPolqaSfbRecording_cut.wav,4.2,0.836660027,0.733364848,5
30185539_MinPolqaSfbRecording_cut.wav,3.5,0.577350269,0.565803264,4
30206458_MinPolqaSfbRecording_cut.wav,3.25,1.5,1.47,4
30208871_MinPolqaSfbRecording_cut.wav,2.5,0.577350269,0.565803264,4
30084016_MinPolqaSfbRecording_cut.wav,2.5,1.290994449,1.26517456,4
30405815_MinPolqaSfbRecording_cut.wav,3.75,0.5,0.49,4
30096399_MinPolqaSfbRecording_cut.wav,3.5,1.290994449,1.26517456,4
30102931_MinPolqaSfbRecording_cut.wav,3.75,0.957427108,0.938278566,4
30161216_MinPolqaSfbRecording_cut.wav,1.75,0.957427108,0.938278566,4
30250080_MinPolqaSfbRecording_cut.wav,2.75,1.5,1.47,4
30076562_MinPolqaSfbRecording_cut.wav,4.25,0.957427108,0.938278566,4
30109841_MinPolqaSfbRecording_cut.wav,4.5,0.577350269,0.565803264,4
27735132_MinPolqaSfbRecording_cut.wav,3.5,1.290994449,1.26517456,4
30060843_MinPolqaSfbRecording_cut.wav,3.5,1.0,0.98,4
29536461_MinPolqaSfbRecording_cut.wav,2.75,1.5,1.47,4
30199807_MinPolqaSfbRecording_cut.wav,4.0,0.816496581,0.800166649,4
30110537_MinPolqaSfbRecording_cut.wav,4.0,0.816496581,0.800166649,4
30522170_MinPolqaSfbRecording_cut.wav,2.75,1.5,1.47,4
30076617_MinPolqaSfbRecording_cut.wav,4.25,0.5,0.49,4
30060347_MinPolqaSfbRecording_cut.wav,3.25,1.258305739,1.233139624,4
30189434_MinPolqaSfbRecording_cut.wav,3.75,0.5,0.49,4
30146160_MinPolqaSfbRecording_cut.wav,2.25,0.957427108,0.938278566,4
30196198_MinPolqaSfbRecording_cut.wav,3.25,0.5,0.49,4
28331164_MinPolqaSfbRecording_cut.wav,4.5,0.577350269,0.565803264,4
28531982_MinPolqaSfbRecording_cut.wav,4.25,0.5,0.49,4
30448482_MinPolqaSfbRecording_cut.wav,3.5,0.577350269,0.565803264,4
30155288_MinPolqaSfbRecording_cut.wav,2.75,0.5,0.49,4
30254018_MinPolqaSfbRecording_cut.wav,3.75,0.5,0.49,4
30086369_MinPolqaSfbRecording_cut.wav,2.5,0.577350269,0.565803264,4
28347404_MinPolqaSfbRecording_cut.wav,4.0,0.0,0.0,4
30494073_MinPolqaSfbRecording_cut.wav,3.8,0.836660027,0.733364848,5
28821252_MinPolqaSfbRecording_cut.wav,4.4,0.547722558,0.48009999,5
30137298_MinPolqaSfbRecording_cut.wav,4.2,0.447213595,0.392,5
30175281_MinPolqaSfbRecording_cut.wav,2.0,1.414213562,1.239612843,5
28943004_MinPolqaSfbRecording_cut.wav,4.2,0.447213595,0.392,5
28479852_MinPolqaSfbRecording_cut.wav,3.6,0.547722558,0.48009999,5
28555350_MinPolqaSfbRecording_cut.wav,3.8,1.303840481,1.142866571,5
30084690_MinPolqaSfbRecording_cut.wav,3.0,1.58113883,1.385929291,5
27554578_MinPolqaSfbRecording_cut.wav,4.25,0.5,0.49,4
30249580_MinPolqaSfbRecording_cut.wav,3.5,0.577350269,0.565803264,4
27681015_MinPolqaSfbRecording_cut.wav,3.75,0.957427108,0.938278566,4
27928315_MinPolqaSfbRecording_cut.wav,3.0,1.414213562,1.385929291,4
30069476_MinPolqaSfbRecording_cut.wav,2.5,0.577350269,0.565803264,4
30519489_MinPolqaSfbRecording_cut.wav,2.5,1.0,0.98,4
28152887_MinPolqaSfbRecording_cut.wav,3.75,0.5,0.49,4
29542818_MinPolqaSfbRecording_cut.wav,3.0,0.816496581,0.800166649,4
28551724_MinPolqaSfbRecording_cut.wav,3.75,0.957427108,0.938278566,4
29538038_MinPolqaSfbRecording_cut.wav,1.0,0.0,0.0,5
30443598_MinPolqaSfbRecording_cut.wav,3.8,0.836660027,0.733364848,5
28916912_MinPolqaSfbRecording_cut.wav,4.0,0.707106781,0.619806421,5
30119060_MinPolqaSfbRecording_cut.wav,3.0,1.0,0.876538647,5
30069690_MinPolqaSfbRecording_cut.wav,3.0,0.707106781,0.619806421,5
30465823_MinPolqaSfbRecording_cut.wav,2.6,0.894427191,0.784,5
30207380_MinPolqaSfbRecording_cut.wav,2.4,0.894427191,0.784,5
30522107_MinPolqaSfbRecording_cut.wav,2.6,0.547722558,0.48009999,5
30069939_MinPolqaSfbRecording_cut.wav,3.333333333,0.577350269,0.653333333,3
30504393_MinPolqaSfbRecording_cut.wav,3.666666667,1.527525232,1.728557523,3
28325079_MinPolqaSfbRecording_cut.wav,5.0,0.0,0.0,3
30477968_MinPolqaSfbRecording_cut.wav,3.333333333,1.527525232,1.728557523,3
30483808_MinPolqaSfbRecording_cut.wav,3.333333333,1.527525232,1.728557523,3
28686598_MinPolqaSfbRecording_cut.wav,4.0,1.0,1.131606528,3
30430920_MinPolqaSfbRecording_cut.wav,2.666666667,1.154700538,1.306666667,3
27750601_MinPolqaSfbRecording_cut.wav,4.666666667,0.577350269,0.653333333,3
30448651_MinPolqaSfbRecording_cut.wav,4.0,1.0,1.131606528,3
30098207_MinPolqaSfbRecording_cut.wav,4.333333333,0.577350269,0.653333333,3
30263222_MinPolqaSfbRecording_cut.wav,3.666666667,1.154700538,1.306666667,3
28088214_MinPolqaSfbRecording_cut.wav,3.333333333,0.577350269,0.653333333,3
28292106_MinPolqaSfbRecording_cut.wav,4.0,1.0,1.131606528,3
30144010_MinPolqaSfbRecording_cut.wav,3.0,1.732050808,1.96,3
30458202_MinPolqaSfbRecording_cut.wav,2.666666667,1.527525232,1.728557523,3
30151481_MinPolqaSfbRecording_cut.wav,2.333333333,1.154700538,1.306666667,3
28355088_MinPolqaSfbRecording_cut.wav,3.333333333,1.527525232,1.728557523,3
28992561_MinPolqaSfbRecording_cut.wav,3.333333333,0.577350269,0.653333333,3
30156545_MinPolqaSfbRecording_cut.wav,4.0,,,1
30100861_MinPolqaSfbRecording_cut.wav,3.0,,,1
30121882_MinPolqaSfbRecording_cut.wav,4.0,,,1
30162513_MinPolqaSfbRecording_cut.wav,2.0,,,1
30180772_MinPolqaSfbRecording_cut.wav,2.0,,,1
27707611_MinPolqaSfbRecording_cut.wav,4.0,,,1
29533228_MinPolqaSfbRecording_cut.wav,4.0,,,1
30213335_MinPolqaSfbRecording_cut.wav,4.0,,,1
30152396_MinPolqaSfbRecording_cut.wav,3.0,,,1
30446070_MinPolqaSfbRecording_cut.wav,1.0,,,1
30491224_MinPolqaSfbRecording_cut.wav,3.25,0.957427108,0.938278566,4
30075375_MinPolqaSfbRecording_cut.wav,4.25,0.5,0.49,4
30530243_MinPolqaSfbRecording_cut.wav,2.25,1.258305739,1.233139624,4
30458432_MinPolqaSfbRecording_cut.wav,4.0,0.816496581,0.800166649,4
30127826_MinPolqaSfbRecording_cut.wav,3.0,0.816496581,0.800166649,4
28964994_MinPolqaSfbRecording_cut.wav,4.0,0.816496581,0.800166649,4
28589322_MinPolqaSfbRecording_cut.wav,4.25,0.5,0.49,4
30151433_MinPolqaSfbRecording_cut.wav,2.25,1.892969449,1.85511006,4
27746775_MinPolqaSfbRecording_cut.wav,3.75,0.957427108,0.938278566,4
30118421_MinPolqaSfbRecording_cut.wav,3.0,1.825741858,1.789227021,4
30097952_MinPolqaSfbRecording_cut.wav,1.75,1.5,1.47,4
28889164_MinPolqaSfbRecording_cut.wav,2.75,1.5,1.47,4
30144873_MinPolqaSfbRecording_cut.wav,2.75,1.5,1.47,4
30526465_MinPolqaSfbRecording_cut.wav,1.75,0.957427108,0.938278566,4
30169117_MinPolqaSfbRecording_cut.wav,3.25,0.957427108,0.938278566,4
30151139_MinPolqaSfbRecording_cut.wav,2.25,1.5,1.47,4
30432272_MinPolqaSfbRecording_cut.wav,3.25,0.5,0.49,4
30113340_MinPolqaSfbRecording_cut.wav,3.25,0.5,0.49,4
30108422_MinPolqaSfbRecording_cut.wav,2.75,0.5,0.49,4
30477235_MinPolqaSfbRecording_cut.wav,3.0,0.816496581,0.800166649,4
28956615_MinPolqaSfbRecording_cut.wav,4.25,0.5,0.49,4
30103794_MinPolqaSfbRecording_cut.wav,3.5,0.577350269,0.565803264,4
29531676_MinPolqaSfbRecording_cut.wav,3.5,0.577350269,0.565803264,4
28821291_MinPolqaSfbRecording_cut.wav,3.5,0.577350269,0.565803264,4
30436903_MinPolqaSfbRecording_cut.wav,3.75,1.258305739,1.233139624,4
30478878_MinPolqaSfbRecording_cut.wav,1.0,0.0,0.0,4
30166326_MinPolqaSfbRecording_cut.wav,2.25,0.957427108,0.938278566,4
30445183_MinPolqaSfbRecording_cut.wav,2.75,1.258305739,1.233139624,4
30416346_MinPolqaSfbRecording_cut.wav,3.75,1.258305739,1.233139624,4
29533096_MinPolqaSfbRecording_cut.wav,2.5,1.290994449,1.26517456,4
30117705_MinPolqaSfbRecording_cut.wav,3.0,1.414213562,1.385929291,4
30409169_MinPolqaSfbRecording_cut.wav,1.0,0.0,0.0,4
28883524_MinPolqaSfbRecording_cut.wav,3.25,1.5,1.47,4
30076640_MinPolqaSfbRecording_cut.wav,3.0,1.0,1.131606528,3
28535733_MinPolqaSfbRecording_cut.wav,3.666666667,0.577350269,0.653333333,3
30155826_MinPolqaSfbRecording_cut.wav,3.333333333,1.154700538,1.306666667,3
27770568_MinPolqaSfbRecording_cut.wav,3.333333333,1.154700538,1.306666667,3
30428629_MinPolqaSfbRecording_cut.wav,2.666666667,1.527525232,1.728557523,3
30092289_MinPolqaSfbRecording_cut.wav,3.666666667,0.577350269,0.653333333,3
30263762_MinPolqaSfbRecording_cut.wav,2.666666667,0.577350269,0.653333333,3
28737173_MinPolqaSfbRecording_cut.wav,3.666666667,0.577350269,0.653333333,3
30474652_MinPolqaSfbRecording_cut.wav,3.666666667,0.577350269,0.653333333,3
30073053_MinPolqaSfbRecording_cut.wav,3.0,1.414213562,1.96,2
30164826_MinPolqaSfbRecording_cut.wav,4.0,0.0,0.0,2
29541101_MinPolqaSfbRecording_cut.wav,4.0,0.0,0.0,2
30153812_MinPolqaSfbRecording_cut.wav,3.5,0.707106781,0.98,2
30486277_MinPolqaSfbRecording_cut.wav,3.0,1.414213562,1.96,2
30461947_MinPolqaSfbRecording_cut.wav,2.0,0.0,0.0,2
27737869_MinPolqaSfbRecording_cut.wav,3.5,0.707106781,0.98,2
30123335_MinPolqaSfbRecording_cut.wav,3.0,1.414213562,1.96,2
30148412_MinPolqaSfbRecording_cut.wav,2.5,2.121320344,2.94,2
28242096_MinPolqaSfbRecording_cut.wav,3.5,0.707106781,0.98,2
30082980_MinPolqaSfbRecording_cut.wav,2.0,1.414213562,1.96,2
30503506_MinPolqaSfbRecording_cut.wav,2.0,0.0,0.0,2
30428966_MinPolqaSfbRecording_cut.wav,1.5,0.707106781,0.98,2
28520503_MinPolqaSfbRecording_cut.wav,4.0,0.0,0.0,2
30136815_MinPolqaSfbRecording_cut.wav,3.5,0.707106781,0.98,2
30083879_MinPolqaSfbRecording_cut.wav,2.0,0.0,0.0,2
30264006_MinPolqaSfbRecording_cut.wav,3.0,0.0,0.0,2
30147564_MinPolqaSfbRecording_cut.wav,2.0,0.0,0.0,2
30429652_MinPolqaSfbRecording_cut.wav,2.0,1.414213562,1.96,2
30177917_MinPolqaSfbRecording_cut.wav,3.0,2.828427125,3.92,2
30207149_MinPolqaSfbRecording_cut.wav,3.0,2.828427125,3.92,2
30075355_MinPolqaSfbRecording_cut.wav,3.0,2.828427125,3.92,2
28969665_MinPolqaSfbRecording_cut.wav,3.0,1.414213562,1.96,2
30454663_MinPolqaSfbRecording_cut.wav,2.5,2.121320344,2.94,2
30424219_MinPolqaSfbRecording_cut.wav,2.0,1.414213562,1.96,2
30129967_MinPolqaSfbRecording_cut.wav,2.5,2.121320344,2.94,2
30529405_MinPolqaSfbRecording_cut.wav,3.0,2.828427125,3.92,2
27560988_MinPolqaSfbRecording_cut.wav,4.5,0.577350269,0.565803264,4
28668200_MinPolqaSfbRecording_cut.wav,4.25,0.957427108,0.938278566,4
30448916_MinPolqaSfbRecording_cut.wav,3.5,1.290994449,1.26517456,4
30084307_MinPolqaSfbRecording_cut.wav,3.25,0.957427108,0.938278566,4
28077717_MinPolqaSfbRecording_cut.wav,4.0,1.154700538,1.131606528,4
30410820_MinPolqaSfbRecording_cut.wav,3.0,1.414213562,1.385929291,4
27928721_MinPolqaSfbRecording_cut.wav,4.0,1.154700538,1.131606528,4
30249607_MinPolqaSfbRecording_cut.wav,2.5,1.290994449,1.26517456,4
30477938_MinPolqaSfbRecording_cut.wav,3.0,0.816496581,0.800166649,4
30161634_MinPolqaSfbRecording_cut.wav,3.0,0.816496581,0.800166649,4
30204892_MinPolqaSfbRecording_cut.wav,3.5,0.577350269,0.565803264,4
30449911_MinPolqaSfbRecording_cut.wav,1.25,0.5,0.49,4
30481930_MinPolqaSfbRecording_cut.wav,3.0,0.816496581,0.800166649,4
29531940_MinPolqaSfbRecording_cut.wav,2.0,0.816496581,0.800166649,4
30478377_MinPolqaSfbRecording_cut.wav,3.5,0.577350269,0.565803264,4
27673046_MinPolqaSfbRecording_cut.wav,4.4,0.894427191,0.784,5
30140886_MinPolqaSfbRecording_cut.wav,2.8,1.483239697,1.300116918,5
30528273_MinPolqaSfbRecording_cut.wav,2.0,1.414213562,1.239612843,5
30147498_MinPolqaSfbRecording_cut.wav,2.2,1.643167673,1.440299969,5
30464450_MinPolqaSfbRecording_cut.wav,1.6,0.894427191,0.784,5
30064359_MinPolqaSfbRecording_cut.wav,3.4,0.547722558,0.48009999,5
30504187_MinPolqaSfbRecording_cut.wav,2.6,1.140175425,0.999407825,5
30130120_MinPolqaSfbRecording_cut.wav,2.0,1.414213562,1.239612843,5
30137538_MinPolqaSfbRecording_cut.wav,2.8,1.303840481,1.142866571,5
30075195_MinPolqaSfbRecording_cut.wav,3.6,1.516575089,1.329336677,5
30426810_MinPolqaSfbRecording_cut.wav,3.6,0.894427191,0.784,5
30083693_MinPolqaSfbRecording_cut.wav,3.2,0.836660027,0.733364848,5
30162007_MinPolqaSfbRecording_cut.wav,3.4,0.894427191,0.784,5
30151164_MinPolqaSfbRecording_cut.wav,3.4,1.140175425,0.999407825,5
30106641_MinPolqaSfbRecording_cut.wav,3.2,0.836660027,0.733364848,5
30408893_MinPolqaSfbRecording_cut.wav,4.2,0.836660027,0.733364848,5
30484783_MinPolqaSfbRecording_cut.wav,4.4,0.894427191,0.784,5
28104015_MinPolqaSfbRecording_cut.wav,4.0,0.707106781,0.619806421,5
30076682_MinPolqaSfbRecording_cut.wav,4.2,0.836660027,0.733364848,5
27629625_MinPolqaSfbRecording_cut.wav,4.4,0.894427191,0.784,5
30522445_MinPolqaSfbRecording_cut.wav,3.0,0.0,0.0,2
28871387_MinPolqaSfbRecording_cut.wav,5.0,0.0,0.0,2
30469563_MinPolqaSfbRecording_cut.wav,3.5,0.707106781,0.98,2
30208178_MinPolqaSfbRecording_cut.wav,1.5,0.707106781,0.98,2
30140929_MinPolqaSfbRecording_cut.wav,1.5,0.707106781,0.98,2
30122767_MinPolqaSfbRecording_cut.wav,2.0,0.0,0.0,2
28078258_MinPolqaSfbRecording_cut.wav,4.0,0.0,0.0,2
30139041_MinPolqaSfbRecording_cut.wav,2.5,0.707106781,0.98,2
30172329_MinPolqaSfbRecording_cut.wav,1.5,0.577350269,0.565803264,4
28367218_MinPolqaSfbRecording_cut.wav,3.5,0.577350269,0.565803264,4
30515261_MinPolqaSfbRecording_cut.wav,1.75,0.957427108,0.938278566,4
27782394_MinPolqaSfbRecording_cut.wav,4.25,0.5,0.49,4
30113592_MinPolqaSfbRecording_cut.wav,1.5,0.577350269,0.565803264,4
30470187_MinPolqaSfbRecording_cut.wav,2.75,0.5,0.49,4
30119227_MinPolqaSfbRecording_cut.wav,1.25,0.5,0.49,4
30430711_MinPolqaSfbRecording_cut.wav,2.75,0.5,0.49,4
30446396_MinPolqaSfbRecording_cut.wav,2.333333333,0.577350269,0.653333333,3
30406685_MinPolqaSfbRecording_cut.wav,3.666666667,0.577350269,0.653333333,3
28013114_MinPolqaSfbRecording_cut.wav,4.0,0.0,0.0,3
25709883_MinPolqaSfbRecording_cut.wav,4.333333333,0.577350269,0.653333333,3
30150491_MinPolqaSfbRecording_cut.wav,2.0,0.0,0.0,3
30214073_MinPolqaSfbRecording_cut.wav,1.333333333,0.577350269,0.653333333,3
30488394_MinPolqaSfbRecording_cut.wav,3.666666667,0.577350269,0.653333333,3
30100029_MinPolqaSfbRecording_cut.wav,1.666666667,0.577350269,0.653333333,3
28115790_MinPolqaSfbRecording_cut.wav,3.0,0.0,0.0,3
30514150_MinPolqaSfbRecording_cut.wav,2.666666667,0.577350269,0.653333333,3
28155135_MinPolqaSfbRecording_cut.wav,4.0,0.0,0.0,3
30148812_MinPolqaSfbRecording_cut.wav,3.0,1.0,1.131606528,3
29529579_MinPolqaSfbRecording_cut.wav,3.666666667,1.154700538,1.306666667,3
30406722_MinPolqaSfbRecording_cut.wav,2.0,1.732050808,1.96,3
30516818_MinPolqaSfbRecording_cut.wav,2.333333333,2.309401077,2.613333333,3
30075285_MinPolqaSfbRecording_cut.wav,4.0,1.0,1.131606528,3
27858133_MinPolqaSfbRecording_cut.wav,4.666666667,0.577350269,0.653333333,3
30252304_MinPolqaSfbRecording_cut.wav,2.666666667,1.154700538,1.306666667,3
29532703_MinPolqaSfbRecording_cut.wav,3.666666667,1.154700538,1.306666667,3
30469279_MinPolqaSfbRecording_cut.wav,3.666666667,0.577350269,0.653333333,3
28505425_MinPolqaSfbRecording_cut.wav,4.0,0.0,0.0,3
30135428_MinPolqaSfbRecording_cut.wav,3.666666667,0.577350269,0.653333333,3
30429252_MinPolqaSfbRecording_cut.wav,3.666666667,0.577350269,0.653333333,3
30161977_MinPolqaSfbRecording_cut.wav,3.666666667,0.577350269,0.653333333,3
30504672_MinPolqaSfbRecording_cut.wav,2.666666667,0.577350269,0.653333333,3
30260864_MinPolqaSfbRecording_cut.wav,3.0,1.0,1.131606528,3
30504662_MinPolqaSfbRecording_cut.wav,3.666666667,1.154700538,1.306666667,3
30192573_MinPolqaSfbRecording_cut.wav,3.666666667,0.577350269,0.653333333,3
27668004_MinPolqaSfbRecording_cut.wav,4.333333333,0.577350269,0.653333333,3
30159807_MinPolqaSfbRecording_cut.wav,3.0,1.732050808,1.96,3
28221351_MinPolqaSfbRecording_cut.wav,4.333333333,0.577350269,0.653333333,3
30200141_MinPolqaSfbRecording_cut.wav,4.333333333,0.577350269,0.653333333,3
28169828_MinPolqaSfbRecording_cut.wav,3.666666667,0.577350269,0.653333333,3
28508650_MinPolqaSfbRecording_cut.wav,3.666666667,0.577350269,0.653333333,3
27665798_MinPolqaSfbRecording_cut.wav,4.333333333,0.577350269,0.653333333,3
28914273_MinPolqaSfbRecording_cut.wav,4.2,0.836660027,0.733364848,5
30099550_MinPolqaSfbRecording_cut.wav,3.4,1.140175425,0.999407825,5
30412421_MinPolqaSfbRecording_cut.wav,2.4,1.673320053,1.466729696,5
28943538_MinPolqaSfbRecording_cut.wav,3.6,0.894427191,0.784,5
30193000_MinPolqaSfbRecording_cut.wav,4.0,0.707106781,0.619806421,5
27783517_MinPolqaSfbRecording_cut.wav,4.2,0.836660027,0.733364848,5
30106315_MinPolqaSfbRecording_cut.wav,3.6,0.894427191,0.784,5
27751197_MinPolqaSfbRecording_cut.wav,4.2,0.836660027,0.733364848,5
30469683_MinPolqaSfbRecording_cut.wav,4.25,0.5,0.49,4
28551765_MinPolqaSfbRecording_cut.wav,4.25,0.957427108,0.938278566,4
30090239_MinPolqaSfbRecording_cut.wav,3.25,0.957427108,0.938278566,4
27605304_MinPolqaSfbRecording_cut.wav,3.75,1.258305739,1.233139624,4
30501408_MinPolqaSfbRecording_cut.wav,3.75,0.5,0.49,4
30072724_MinPolqaSfbRecording_cut.wav,3.75,1.258305739,1.233139624,4
30110231_MinPolqaSfbRecording_cut.wav,4.25,0.5,0.49,4
30123717_MinPolqaSfbRecording_cut.wav,4.5,0.577350269,0.565803264,4
30511365_MinPolqaSfbRecording_cut.wav,3.25,2.061552813,2.020321757,4
27718168_MinPolqaSfbRecording_cut.wav,4.4,0.547722558,0.48009999,5
30406150_MinPolqaSfbRecording_cut.wav,2.6,0.894427191,0.784,5
28665333_MinPolqaSfbRecording_cut.wav,3.8,0.836660027,0.733364848,5
30064933_MinPolqaSfbRecording_cut.wav,2.4,1.140175425,0.999407825,5
30520393_MinPolqaSfbRecording_cut.wav,3.6,1.140175425,0.999407825,5
29056334_MinPolqaSfbRecording_cut.wav,3.8,1.303840481,1.142866571,5
30519066_MinPolqaSfbRecording_cut.wav,4.0,0.707106781,0.619806421,5
30411665_MinPolqaSfbRecording_cut.wav,4.0,0.816496581,0.800166649,4
30508719_MinPolqaSfbRecording_cut.wav,1.75,0.957427108,0.938278566,4
28600955_MinPolqaSfbRecording_cut.wav,4.0,0.0,0.0,4
30484692_MinPolqaSfbRecording_cut.wav,2.0,1.414213562,1.385929291,4
30071639_MinPolqaSfbRecording_cut.wav,2.0,2.0,1.96,4
30089215_MinPolqaSfbRecording_cut.wav,2.5,0.577350269,0.565803264,4
29534557_MinPolqaSfbRecording_cut.wav,1.75,1.5,1.47,4
30258832_MinPolqaSfbRecording_cut.wav,3.0,1.414213562,1.385929291,4
30482434_MinPolqaSfbRecording_cut.wav,2.75,0.5,0.49,4
30125709_MinPolqaSfbRecording_cut.wav,2.75,1.258305739,1.233139624,4
30172051_MinPolqaSfbRecording_cut.wav,3.75,0.957427108,0.938278566,4
30254534_MinPolqaSfbRecording_cut.wav,3.5,0.577350269,0.565803264,4
30084078_MinPolqaSfbRecording_cut.wav,1.75,0.957427108,0.938278566,4
30193422_MinPolqaSfbRecording_cut.wav,2.25,0.957427108,0.938278566,4
28300000_MinPolqaSfbRecording_cut.wav,3.25,1.5,1.47,4
30262566_MinPolqaSfbRecording_cut.wav,3.5,1.0,0.98,4
30162669_MinPolqaSfbRecording_cut.wav,2.25,0.957427108,0.938278566,4
30141634_MinPolqaSfbRecording_cut.wav,4.6,0.547722558,0.48009999,5
30126991_MinPolqaSfbRecording_cut.wav,3.0,0.707106781,0.619806421,5
30480344_MinPolqaSfbRecording_cut.wav,2.6,0.894427191,0.784,5
30107289_MinPolqaSfbRecording_cut.wav,3.0,0.0,0.0,5
28270334_MinPolqaSfbRecording_cut.wav,4.4,0.547722558,0.48009999,5
30462453_MinPolqaSfbRecording_cut.wav,3.0,1.0,0.876538647,5
30171246_MinPolqaSfbRecording_cut.wav,2.8,0.447213595,0.392,5
30069491_MinPolqaSfbRecording_cut.wav,4.0,0.707106781,0.619806421,5
27882567_MinPolqaSfbRecording_cut.wav,3.75,0.5,0.49,4
29535691_MinPolqaSfbRecording_cut.wav,1.75,1.5,1.47,4
30097851_MinPolqaSfbRecording_cut.wav,2.5,0.577350269,0.565803264,4
30494030_MinPolqaSfbRecording_cut.wav,2.5,1.290994449,1.26517456,4
30437014_MinPolqaSfbRecording_cut.wav,2.75,1.258305739,1.233139624,4
30249378_MinPolqaSfbRecording_cut.wav,3.25,0.5,0.49,4
30087576_MinPolqaSfbRecording_cut.wav,2.0,0.816496581,0.800166649,4
30184403_MinPolqaSfbRecording_cut.wav,3.25,0.957427108,0.938278566,4
27714248_MinPolqaSfbRecording_cut.wav,3.75,0.5,0.49,4
30107147_MinPolqaSfbRecording_cut.wav,2.75,1.258305739,1.233139624,4
28439492_MinPolqaSfbRecording_cut.wav,3.666666667,1.154700538,1.306666667,3
30429518_MinPolqaSfbRecording_cut.wav,4.333333333,0.577350269,0.653333333,3
30060433_MinPolqaSfbRecording_cut.wav,1.0,0.0,0.0,3
30118568_MinPolqaSfbRecording_cut.wav,3.333333333,0.577350269,0.653333333,3
30457705_MinPolqaSfbRecording_cut.wav,3.333333333,0.577350269,0.653333333,3
30193922_MinPolqaSfbRecording_cut.wav,2.333333333,0.577350269,0.653333333,3
30427022_MinPolqaSfbRecording_cut.wav,1.0,0.0,0.0,3
30096972_MinPolqaSfbRecording_cut.wav,1.333333333,0.577350269,0.653333333,3
30065740_MinPolqaSfbRecording_cut.wav,3.25,0.5,0.49,4
28665146_MinPolqaSfbRecording_cut.wav,4.0,0.0,0.0,4
30070704_MinPolqaSfbRecording_cut.wav,4.25,0.5,0.49,4
28007576_MinPolqaSfbRecording_cut.wav,4.5,0.577350269,0.565803264,4
30177684_MinPolqaSfbRecording_cut.wav,4.25,0.5,0.49,4
30107609_MinPolqaSfbRecording_cut.wav,3.25,0.5,0.49,4
30248705_MinPolqaSfbRecording_cut.wav,4.25,0.5,0.49,4
30151755_MinPolqaSfbRecording_cut.wav,3.5,1.290994449,1.26517456,4
30152479_MinPolqaSfbRecording_cut.wav,3.5,0.577350269,0.565803264,4
27953131_MinPolqaSfbRecording_cut.wav,3.25,1.258305739,1.233139624,4
27712953_MinPolqaSfbRecording_cut.wav,3.75,0.957427108,0.938278566,4
29537446_MinPolqaSfbRecording_cut.wav,4.0,0.816496581,0.800166649,4
30120401_MinPolqaSfbRecording_cut.wav,4.25,0.957427108,0.938278566,4
30261981_MinPolqaSfbRecording_cut.wav,3.0,0.816496581,0.800166649,4
30177808_MinPolqaSfbRecording_cut.wav,3.25,0.5,0.49,4
30101011_MinPolqaSfbRecording_cut.wav,4.0,1.154700538,1.131606528,4
28438385_MinPolqaSfbRecording_cut.wav,4.333333333,0.577350269,0.653333333,3
30514152_MinPolqaSfbRecording_cut.wav,3.666666667,0.577350269,0.653333333,3
28259190_MinPolqaSfbRecording_cut.wav,4.333333333,0.577350269,0.653333333,3
30426285_MinPolqaSfbRecording_cut.wav,3.0,1.732050808,1.96,3
30092740_MinPolqaSfbRecording_cut.wav,4.0,1.0,1.131606528,3
30469101_MinPolqaSfbRecording_cut.wav,3.0,0.0,0.0,3
30112501_MinPolqaSfbRecording_cut.wav,2.666666667,1.154700538,1.306666667,3
30471130_MinPolqaSfbRecording_cut.wav,2.333333333,0.577350269,0.653333333,3
28813329_MinPolqaSfbRecording_cut.wav,4.0,0.0,0.0,5
30085320_MinPolqaSfbRecording_cut.wav,2.4,1.673320053,1.466729696,5
29538749_MinPolqaSfbRecording_cut.wav,3.6,0.547722558,0.48009999,5
30251727_MinPolqaSfbRecording_cut.wav,3.4,0.547722558,0.48009999,5
30101580_MinPolqaSfbRecording_cut.wav,4.2,0.447213595,0.392,5
30079339_MinPolqaSfbRecording_cut.wav,3.6,0.547722558,0.48009999,5
28867422_MinPolqaSfbRecording_cut.wav,3.6,1.341640786,1.176,5
30125616_MinPolqaSfbRecording_cut.wav,3.8,0.836660027,0.733364848,5
30256738_MinPolqaSfbRecording_cut.wav,3.0,1.0,0.876538647,5
30497483_MinPolqaSfbRecording_cut.wav,4.0,0.707106781,0.619806421,5
30489492_MinPolqaSfbRecording_cut.wav,2.6,0.547722558,0.48009999,5
30428847_MinPolqaSfbRecording_cut.wav,3.0,1.224744871,1.073536213,5
30144565_MinPolqaSfbRecording_cut.wav,3.2,0.447213595,0.392,5
28841416_MinPolqaSfbRecording_cut.wav,3.8,1.095445115,0.960199979,5
28037647_MinPolqaSfbRecording_cut.wav,4.4,0.547722558,0.48009999,5
29532369_MinPolqaSfbRecording_cut.wav,2.0,1.224744871,1.073536213,5
28760557_MinPolqaSfbRecording_cut.wav,4.0,1.0,0.876538647,5
30147470_MinPolqaSfbRecording_cut.wav,3.6,1.140175425,0.999407825,5
30163217_MinPolqaSfbRecording_cut.wav,3.2,1.095445115,0.960199979,5
30194997_MinPolqaSfbRecording_cut.wav,4.0,0.707106781,0.619806421,5
30207689_MinPolqaSfbRecording_cut.wav,3.0,1.224744871,1.073536213,5
30163725_MinPolqaSfbRecording_cut.wav,3.0,1.58113883,1.385929291,5
30123342_MinPolqaSfbRecording_cut.wav,3.2,0.447213595,0.392,5
30063296_MinPolqaSfbRecording_cut.wav,2.8,0.836660027,0.733364848,5
27563012_MinPolqaSfbRecording_cut.wav,4.0,0.707106781,0.619806421,5
30488741_MinPolqaSfbRecording_cut.wav,1.333333333,0.577350269,0.653333333,3
29540090_MinPolqaSfbRecording_cut.wav,2.0,0.0,0.0,3
30138818_MinPolqaSfbRecording_cut.wav,3.333333333,0.577350269,0.653333333,3
30065340_MinPolqaSfbRecording_cut.wav,4.0,1.0,1.131606528,3
30264477_MinPolqaSfbRecording_cut.wav,4.0,1.0,1.131606528,3
30166391_MinPolqaSfbRecording_cut.wav,2.0,0.0,0.0,3
30264185_MinPolqaSfbRecording_cut.wav,4.0,0.0,0.0,3
28815913_MinPolqaSfbRecording_cut.wav,3.0,0.816496581,0.800166649,4
30197780_MinPolqaSfbRecording_cut.wav,3.5,1.290994449,1.26517456,4
28069546_MinPolqaSfbRecording_cut.wav,3.75,1.258305739,1.233139624,4
30159068_MinPolqaSfbRecording_cut.wav,3.0,0.816496581,0.800166649,4
28841790_MinPolqaSfbRecording_cut.wav,3.75,0.957427108,0.938278566,4
30430392_MinPolqaSfbRecording_cut.wav,2.0,0.0,0.0,4
29008157_MinPolqaSfbRecording_cut.wav,4.0,0.816496581,0.800166649,4
27679781_MinPolqaSfbRecording_cut.wav,4.0,1.414213562,1.385929291,4
30062290_MinPolqaSfbRecording_cut.wav,3.25,0.957427108,0.938278566,4
30255463_MinPolqaSfbRecording_cut.wav,3.25,0.957427108,0.938278566,4
28211188_MinPolqaSfbRecording_cut.wav,4.0,0.816496581,0.800166649,4
30420803_MinPolqaSfbRecording_cut.wav,3.0,0.816496581,0.800166649,4
30138027_MinPolqaSfbRecording_cut.wav,2.25,0.957427108,0.938278566,4
30201673_MinPolqaSfbRecording_cut.wav,2.25,0.957427108,0.938278566,4
30156920_MinPolqaSfbRecording_cut.wav,2.25,1.5,1.47,4
27849514_MinPolqaSfbRecording_cut.wav,4.0,0.816496581,0.800166649,4
30082513_MinPolqaSfbRecording_cut.wav,3.25,0.957427108,0.938278566,4
30416960_MinPolqaSfbRecording_cut.wav,2.75,0.957427108,0.938278566,4
30135706_MinPolqaSfbRecording_cut.wav,3.0,0.816496581,0.800166649,4
30071552_MinPolqaSfbRecording_cut.wav,3.25,0.5,0.49,4
30206248_MinPolqaSfbRecording_cut.wav,3.25,0.5,0.49,4
30509672_MinPolqaSfbRecording_cut.wav,4.25,0.957427108,0.938278566,4
28894300_MinPolqaSfbRecording_cut.wav,3.75,1.5,1.47,4
30212666_MinPolqaSfbRecording_cut.wav,2.25,0.5,0.49,4
30504609_MinPolqaSfbRecording_cut.wav,1.75,0.957427108,0.938278566,4
30213475_MinPolqaSfbRecording_cut.wav,2.0,0.816496581,0.800166649,4
30138485_MinPolqaSfbRecording_cut.wav,4.0,0.0,0.0,4
30439053_MinPolqaSfbRecording_cut.wav,2.0,1.414213562,1.96,2
30437581_MinPolqaSfbRecording_cut.wav,2.5,0.707106781,0.98,2
30091375_MinPolqaSfbRecording_cut.wav,2.5,0.707106781,0.98,2
30185423_MinPolqaSfbRecording_cut.wav,3.0,0.0,0.0,2
28478143_MinPolqaSfbRecording_cut.wav,4.5,0.707106781,0.98,2
30182235_MinPolqaSfbRecording_cut.wav,3.0,1.414213562,1.96,2
30490863_MinPolqaSfbRecording_cut.wav,2.0,0.0,0.0,2
30169951_MinPolqaSfbRecording_cut.wav,4.0,0.0,0.0,2
27648719_MinPolqaSfbRecording_cut.wav,4.5,0.707106781,0.98,2
30528012_MinPolqaSfbRecording_cut.wav,3.5,0.707106781,0.98,2
30182901_MinPolqaSfbRecording_cut.wav,1.25,0.5,0.49,4
30157023_MinPolqaSfbRecording_cut.wav,3.75,0.957427108,0.938278566,4
30484290_MinPolqaSfbRecording_cut.wav,2.75,0.957427108,0.938278566,4
30140633_MinPolqaSfbRecording_cut.wav,2.75,0.5,0.49,4
30424515_MinPolqaSfbRecording_cut.wav,3.0,0.816496581,0.800166649,4
30465116_MinPolqaSfbRecording_cut.wav,3.5,0.577350269,0.565803264,4
30259811_MinPolqaSfbRecording_cut.wav,4.5,0.577350269,0.565803264,4
30125859_MinPolqaSfbRecording_cut.wav,4.0,0.0,0.0,4
30090538_MinPolqaSfbRecording_cut.wav,2.25,0.957427108,0.938278566,4
30522663_MinPolqaSfbRecording_cut.wav,3.4,0.547722558,0.48009999,5
30141568_MinPolqaSfbRecording_cut.wav,2.8,1.643167673,1.440299969,5
28050468_MinPolqaSfbRecording_cut.wav,4.6,0.547722558,0.48009999,5
30527524_MinPolqaSfbRecording_cut.wav,2.4,1.516575089,1.329336677,5
28470653_MinPolqaSfbRecording_cut.wav,4.6,0.547722558,0.48009999,5
30253442_MinPolqaSfbRecording_cut.wav,2.8,1.303840481,1.142866571,5
30507771_MinPolqaSfbRecording_cut.wav,3.6,0.894427191,0.784,5
28277533_MinPolqaSfbRecording_cut.wav,2.5,0.577350269,0.565803264,4
30504670_MinPolqaSfbRecording_cut.wav,3.75,0.957427108,0.938278566,4
30061709_MinPolqaSfbRecording_cut.wav,3.25,1.5,1.47,4
28624201_MinPolqaSfbRecording_cut.wav,4.0,0.816496581,0.800166649,4
27922369_MinPolqaSfbRecording_cut.wav,3.5,1.290994449,1.26517456,4
29533771_MinPolqaSfbRecording_cut.wav,3.5,1.290994449,1.26517456,4
27563782_MinPolqaSfbRecording_cut.wav,4.0,0.816496581,0.800166649,4
28022848_MinPolqaSfbRecording_cut.wav,3.75,0.957427108,0.938278566,4
30179561_MinPolqaSfbRecording_cut.wav,1.75,0.957427108,0.938278566,4
30451757_MinPolqaSfbRecording_cut.wav,4.5,0.577350269,0.565803264,4
30132762_MinPolqaSfbRecording_cut.wav,3.5,0.577350269,0.565803264,4
28434231_MinPolqaSfbRecording_cut.wav,2.5,1.290994449,1.26517456,4
30254478_MinPolqaSfbRecording_cut.wav,3.5,0.577350269,0.565803264,4
30431504_MinPolqaSfbRecording_cut.wav,2.75,1.5,1.47,4
30526715_MinPolqaSfbRecording_cut.wav,4.0,1.154700538,1.131606528,4
30152584_MinPolqaSfbRecording_cut.wav,2.5,1.290994449,1.26517456,4
30205989_MinPolqaSfbRecording_cut.wav,2.25,1.5,1.47,4
30413459_MinPolqaSfbRecording_cut.wav,2.25,1.5,1.47,4
30157168_MinPolqaSfbRecording_cut.wav,3.25,1.707825128,1.673668625,4
30432227_MinPolqaSfbRecording_cut.wav,3.25,1.5,1.47,4
30171570_MinPolqaSfbRecording_cut.wav,4.0,0.816496581,0.800166649,4
30060656_MinPolqaSfbRecording_cut.wav,3.5,1.732050808,1.697409791,4
30068919_MinPolqaSfbRecording_cut.wav,3.0,1.414213562,1.385929291,4
30213581_MinPolqaSfbRecording_cut.wav,3.25,1.707825128,1.673668625,4
30484237_MinPolqaSfbRecording_cut.wav,2.0,0.816496581,0.800166649,4
30504213_MinPolqaSfbRecording_cut.wav,4.2,0.447213595,0.392,5
28809948_MinPolqaSfbRecording_cut.wav,4.4,0.547722558,0.48009999,5
30489126_MinPolqaSfbRecording_cut.wav,3.2,0.836660027,0.733364848,5
30504530_MinPolqaSfbRecording_cut.wav,1.6,0.894427191,0.784,5
30485024_MinPolqaSfbRecording_cut.wav,3.8,0.836660027,0.733364848,5
30156043_MinPolqaSfbRecording_cut.wav,3.6,0.894427191,0.784,5
30195449_MinPolqaSfbRecording_cut.wav,3.0,0.707106781,0.619806421,5
30184646_MinPolqaSfbRecording_cut.wav,2.4,1.516575089,1.329336677,5
30103651_MinPolqaSfbRecording_cut.wav,2.8,1.643167673,1.440299969,5
30449657_MinPolqaSfbRecording_cut.wav,2.4,1.673320053,1.466729696,5
27574605_MinPolqaSfbRecording_cut.wav,3.4,1.140175425,0.999407825,5
29055159_MinPolqaSfbRecording_cut.wav,3.8,1.095445115,0.960199979,5
30509876_MinPolqaSfbRecording_cut.wav,3.6,1.140175425,0.999407825,5
30478464_MinPolqaSfbRecording_cut.wav,3.8,0.836660027,0.733364848,5
28998531_MinPolqaSfbRecording_cut.wav,3.8,0.836660027,0.733364848,5
30129302_MinPolqaSfbRecording_cut.wav,1.666666667,0.577350269,0.653333333,3
30484999_MinPolqaSfbRecording_cut.wav,3.333333333,0.577350269,0.653333333,3
30108255_MinPolqaSfbRecording_cut.wav,3.0,0.0,0.0,3
29029044_MinPolqaSfbRecording_cut.wav,3.333333333,0.577350269,0.653333333,3
30477849_MinPolqaSfbRecording_cut.wav,2.0,0.0,0.0,3
30493916_MinPolqaSfbRecording_cut.wav,2.0,0.0,0.0,3
28086311_MinPolqaSfbRecording_cut.wav,3.333333333,0.577350269,0.653333333,3
30157689_MinPolqaSfbRecording_cut.wav,2.333333333,0.577350269,0.653333333,3
28616485_MinPolqaSfbRecording_cut.wav,4.2,1.095445115,0.960199979,5
30198582_MinPolqaSfbRecording_cut.wav,3.4,1.140175425,0.999407825,5
30522577_MinPolqaSfbRecording_cut.wav,2.0,0.707106781,0.619806421,5
29535019_MinPolqaSfbRecording_cut.wav,1.6,0.547722558,0.48009999,5
30176848_MinPolqaSfbRecording_cut.wav,2.0,0.707106781,0.619806421,5
27854511_MinPolqaSfbRecording_cut.wav,3.2,0.836660027,0.733364848,5
30192644_MinPolqaSfbRecording_cut.wav,4.6,0.547722558,0.48009999,5
30515700_MinPolqaSfbRecording_cut.wav,4.4,0.894427191,0.784,5
28225247_MinPolqaSfbRecording_cut.wav,3.5,0.707106781,0.98,2
29531896_MinPolqaSfbRecording_cut.wav,2.0,1.414213562,1.96,2
30137991_MinPolqaSfbRecording_cut.wav,2.5,2.121320344,2.94,2
30445389_MinPolqaSfbRecording_cut.wav,2.0,1.414213562,1.96,2
27716196_MinPolqaSfbRecording_cut.wav,4.5,0.707106781,0.98,2
30154976_MinPolqaSfbRecording_cut.wav,2.0,1.414213562,1.96,2
27903693_MinPolqaSfbRecording_cut.wav,4.5,0.707106781,0.98,2
30527043_MinPolqaSfbRecording_cut.wav,4.0,0.0,0.0,2
30415170_MinPolqaSfbRecording_cut.wav,3.0,1.414213562,1.96,2
30083531_MinPolqaSfbRecording_cut.wav,2.5,0.707106781,0.98,2
30194029_MinPolqaSfbRecording_cut.wav,3.0,1.414213562,1.96,2
30129124_MinPolqaSfbRecording_cut.wav,2.5,0.707106781,0.98,2
30445665_MinPolqaSfbRecording_cut.wav,3.0,1.414213562,1.96,2
30163072_MinPolqaSfbRecording_cut.wav,3.0,1.414213562,1.96,2
30177439_MinPolqaSfbRecording_cut.wav,3.0,0.0,0.0,2
27945724_MinPolqaSfbRecording_cut.wav,3.0,0.0,0.0,2
28010300_MinPolqaSfbRecording_cut.wav,3.5,0.707106781,0.98,2
30505965_MinPolqaSfbRecording_cut.wav,1.5,1.0,0.98,4
30130051_MinPolqaSfbRecording_cut.wav,1.5,1.0,0.98,4
30456057_MinPolqaSfbRecording_cut.wav,1.75,1.5,1.47,4
28151550_MinPolqaSfbRecording_cut.wav,3.75,0.957427108,0.938278566,4
28990993_MinPolqaSfbRecording_cut.wav,4.25,0.5,0.49,4
30167029_MinPolqaSfbRecording_cut.wav,1.75,0.957427108,0.938278566,4
30075086_MinPolqaSfbRecording_cut.wav,2.5,1.732050808,1.697409791,4
27644038_MinPolqaSfbRecording_cut.wav,3.25,1.258305739,1.233139624,4
30057986_MinPolqaSfbRecording_cut.wav,2.333333333,1.154700538,1.306666667,3
29533304_MinPolqaSfbRecording_cut.wav,3.333333333,0.577350269,0.653333333,3
30138732_MinPolqaSfbRecording_cut.wav,2.666666667,1.154700538,1.306666667,3
27594975_MinPolqaSfbRecording_cut.wav,4.666666667,0.577350269,0.653333333,3
30249733_MinPolqaSfbRecording_cut.wav,1.333333333,0.577350269,0.653333333,3
29542497_MinPolqaSfbRecording_cut.wav,2.666666667,0.577350269,0.653333333,3
30514205_MinPolqaSfbRecording_cut.wav,4.333333333,0.577350269,0.653333333,3
30513471_MinPolqaSfbRecording_cut.wav,1.333333333,0.577350269,0.653333333,3
30131747_MinPolqaSfbRecording_cut.wav,3.666666667,0.577350269,0.653333333,3
27723879_MinPolqaSfbRecording_cut.wav,4.25,0.957427108,0.938278566,4
30123160_MinPolqaSfbRecording_cut.wav,2.75,1.258305739,1.233139624,4
30437003_MinPolqaSfbRecording_cut.wav,2.75,0.5,0.49,4
30474738_MinPolqaSfbRecording_cut.wav,3.0,0.816496581,0.800166649,4
30176636_MinPolqaSfbRecording_cut.wav,3.75,0.957427108,0.938278566,4
30211521_MinPolqaSfbRecording_cut.wav,3.25,0.957427108,0.938278566,4
28316691_MinPolqaSfbRecording_cut.wav,4.5,0.577350269,0.565803264,4
30259658_MinPolqaSfbRecording_cut.wav,3.25,0.5,0.49,4
30166403_MinPolqaSfbRecording_cut.wav,3.5,0.577350269,0.565803264,4
30134003_MinPolqaSfbRecording_cut.wav,3.75,0.957427108,0.938278566,4
30083077_MinPolqaSfbRecording_cut.wav,3.75,0.5,0.49,4
30069655_MinPolqaSfbRecording_cut.wav,3.5,1.290994449,1.26517456,4
28048572_MinPolqaSfbRecording_cut.wav,3.5,0.577350269,0.565803264,4
30408690_MinPolqaSfbRecording_cut.wav,4.0,0.816496581,0.800166649,4
30067971_MinPolqaSfbRecording_cut.wav,3.75,0.957427108,0.938278566,4
28515340_MinPolqaSfbRecording_cut.wav,3.25,1.258305739,1.233139624,4
29533477_MinPolqaSfbRecording_cut.wav,4.0,0.816496581,0.800166649,4
30084604_MinPolqaSfbRecording_cut.wav,1.75,1.5,1.47,4
27796519_MinPolqaSfbRecording_cut.wav,4.0,0.0,0.0,4
30067315_MinPolqaSfbRecording_cut.wav,2.25,1.258305739,1.233139624,4
30208173_MinPolqaSfbRecording_cut.wav,3.25,1.5,1.47,4
28135833_MinPolqaSfbRecording_cut.wav,4.5,0.577350269,0.565803264,4
30514886_MinPolqaSfbRecording_cut.wav,4.25,0.957427108,0.938278566,4
30522111_MinPolqaSfbRecording_cut.wav,2.0,0.816496581,0.800166649,4
30085450_MinPolqaSfbRecording_cut.wav,3.0,0.0,0.0,4
27912342_MinPolqaSfbRecording_cut.wav,4.0,1.154700538,1.131606528,4
30062670_MinPolqaSfbRecording_cut.wav,2.0,0.0,0.0,4
27951309_MinPolqaSfbRecording_cut.wav,3.5,1.290994449,1.26517456,4
30473703_MinPolqaSfbRecording_cut.wav,3.0,0.0,0.0,4
30478743_MinPolqaSfbRecording_cut.wav,1.5,0.577350269,0.565803264,4
30529061_MinPolqaSfbRecording_cut.wav,1.25,0.5,0.49,4
28754173_MinPolqaSfbRecording_cut.wav,3.5,0.577350269,0.565803264,4
29031076_MinPolqaSfbRecording_cut.wav,3.75,0.957427108,0.938278566,4
30086656_MinPolqaSfbRecording_cut.wav,1.75,0.5,0.49,4
30519591_MinPolqaSfbRecording_cut.wav,1.5,0.577350269,0.565803264,4
30513567_MinPolqaSfbRecording_cut.wav,2.25,0.957427108,0.938278566,4
30483746_MinPolqaSfbRecording_cut.wav,3.25,0.5,0.49,4
28791957_MinPolqaSfbRecording_cut.wav,3.75,0.957427108,0.938278566,4
28725175_MinPolqaSfbRecording_cut.wav,3.75,0.957427108,0.938278566,4
30522499_MinPolqaSfbRecording_cut.wav,4.5,0.577350269,0.565803264,4
30414169_MinPolqaSfbRecording_cut.wav,1.25,0.5,0.49,4
30174331_MinPolqaSfbRecording_cut.wav,2.0,0.816496581,0.800166649,4
30142463_MinPolqaSfbRecording_cut.wav,3.0,1.732050808,1.96,3
28306679_MinPolqaSfbRecording_cut.wav,3.0,1.0,1.131606528,3
30147882_MinPolqaSfbRecording_cut.wav,2.333333333,1.527525232,1.728557523,3
30414044_MinPolqaSfbRecording_cut.wav,2.333333333,1.527525232,1.728557523,3
28168078_MinPolqaSfbRecording_cut.wav,2.666666667,2.081665999,2.355626833,3
30438101_MinPolqaSfbRecording_cut.wav,2.0,1.732050808,1.96,3
28123379_MinPolqaSfbRecording_cut.wav,3.0,1.732050808,1.96,3
30153836_MinPolqaSfbRecording_cut.wav,2.666666667,1.527525232,1.728557523,3
28793163_MinPolqaSfbRecording_cut.wav,3.333333333,1.154700538,1.306666667,3
30485205_MinPolqaSfbRecording_cut.wav,4.2,0.836660027,0.733364848,5
29053640_MinPolqaSfbRecording_cut.wav,4.0,0.707106781,0.619806421,5
28868491_MinPolqaSfbRecording_cut.wav,3.6,0.547722558,0.48009999,5
30147468_MinPolqaSfbRecording_cut.wav,3.4,1.516575089,1.329336677,5
30258062_MinPolqaSfbRecording_cut.wav,3.6,1.140175425,0.999407825,5
28424997_MinPolqaSfbRecording_cut.wav,4.0,0.707106781,0.619806421,5
30147095_MinPolqaSfbRecording_cut.wav,3.6,1.140175425,0.999407825,5
30472674_MinPolqaSfbRecording_cut.wav,3.8,0.836660027,0.733364848,5
30185946_MinPolqaSfbRecording_cut.wav,2.0,0.816496581,0.800166649,4
30428883_MinPolqaSfbRecording_cut.wav,3.25,0.957427108,0.938278566,4
30121508_MinPolqaSfbRecording_cut.wav,2.0,0.0,0.0,4
30416626_MinPolqaSfbRecording_cut.wav,2.5,0.577350269,0.565803264,4
27739473_MinPolqaSfbRecording_cut.wav,4.0,0.816496581,0.800166649,4
30081233_MinPolqaSfbRecording_cut.wav,2.5,0.577350269,0.565803264,4
30159865_MinPolqaSfbRecording_cut.wav,1.75,0.5,0.49,4
30091335_MinPolqaSfbRecording_cut.wav,2.25,0.5,0.49,4
30435048_MinPolqaSfbRecording_cut.wav,4.0,0.0,0.0,3
30520473_MinPolqaSfbRecording_cut.wav,4.0,1.0,1.131606528,3
30424374_MinPolqaSfbRecording_cut.wav,2.666666667,1.527525232,1.728557523,3
30510405_MinPolqaSfbRecording_cut.wav,2.666666667,0.577350269,0.653333333,3
30432051_MinPolqaSfbRecording_cut.wav,3.0,1.732050808,1.96,3
28042791_MinPolqaSfbRecording_cut.wav,3.333333333,0.577350269,0.653333333,3
28261898_MinPolqaSfbRecording_cut.wav,4.666666667,0.577350269,0.653333333,3
30450650_MinPolqaSfbRecording_cut.wav,2.0,1.0,0.876538647,5
30108258_MinPolqaSfbRecording_cut.wav,3.8,0.836660027,0.733364848,5
30522195_MinPolqaSfbRecording_cut.wav,2.4,1.140175425,0.999407825,5
30433237_MinPolqaSfbRecording_cut.wav,2.4,0.894427191,0.784,5
30098825_MinPolqaSfbRecording_cut.wav,3.0,1.0,0.876538647,5
30484650_MinPolqaSfbRecording_cut.wav,3.8,0.836660027,0.733364848,5
30530948_MinPolqaSfbRecording_cut.wav,2.8,0.836660027,0.733364848,5
30075848_MinPolqaSfbRecording_cut.wav,4.2,0.836660027,0.733364848,5
28979900_MinPolqaSfbRecording_cut.wav,4.4,0.547722558,0.48009999,5
28482365_MinPolqaSfbRecording_cut.wav,4.0,0.707106781,0.619806421,5
30124254_MinPolqaSfbRecording_cut.wav,3.2,1.303840481,1.142866571,5
30484065_MinPolqaSfbRecording_cut.wav,4.0,1.0,0.876538647,5
30119391_MinPolqaSfbRecording_cut.wav,4.4,0.894427191,0.784,5
30129313_MinPolqaSfbRecording_cut.wav,3.6,0.894427191,0.784,5
30096317_MinPolqaSfbRecording_cut.wav,2.6,1.140175425,0.999407825,5
30406773_MinPolqaSfbRecording_cut.wav,3.666666667,0.577350269,0.653333333,3
30504018_MinPolqaSfbRecording_cut.wav,3.666666667,0.577350269,0.653333333,3
30468194_MinPolqaSfbRecording_cut.wav,2.0,0.0,0.0,3
30172034_MinPolqaSfbRecording_cut.wav,2.0,1.0,1.131606528,3
30174334_MinPolqaSfbRecording_cut.wav,2.666666667,0.577350269,0.653333333,3
27656643_MinPolqaSfbRecording_cut.wav,3.666666667,0.577350269,0.653333333,3
30261521_MinPolqaSfbRecording_cut.wav,3.0,0.0,0.0,3
30184961_MinPolqaSfbRecording_cut.wav,2.333333333,0.577350269,0.653333333,3
30085839_MinPolqaSfbRecording_cut.wav,4.0,1.414213562,1.96,2
28263777_MinPolqaSfbRecording_cut.wav,4.5,0.707106781,0.98,2
28781954_MinPolqaSfbRecording_cut.wav,3.0,0.0,0.0,2
30473611_MinPolqaSfbRecording_cut.wav,1.5,0.707106781,0.98,2
28865734_MinPolqaSfbRecording_cut.wav,3.5,0.707106781,0.98,2
30483679_MinPolqaSfbRecording_cut.wav,3.5,0.707106781,0.98,2
30112732_MinPolqaSfbRecording_cut.wav,3.0,0.0,0.0,2
30206354_MinPolqaSfbRecording_cut.wav,2.0,1.414213562,1.96,2
30441713_MinPolqaSfbRecording_cut.wav,3.0,0.0,0.0,2
30146209_MinPolqaSfbRecording_cut.wav,2.4,1.516575089,1.329336677,5
30497479_MinPolqaSfbRecording_cut.wav,4.4,0.547722558,0.48009999,5
30063295_MinPolqaSfbRecording_cut.wav,2.8,1.095445115,0.960199979,5
28636767_MinPolqaSfbRecording_cut.wav,4.4,0.547722558,0.48009999,5
30144749_MinPolqaSfbRecording_cut.wav,4.2,0.836660027,0.733364848,5
30172903_MinPolqaSfbRecording_cut.wav,4.4,0.894427191,0.784,5
30136356_MinPolqaSfbRecording_cut.wav,3.2,0.836660027,0.733364848,5
28182102_MinPolqaSfbRecording_cut.wav,4.0,0.707106781,0.619806421,5
28441074_MinPolqaSfbRecording_cut.wav,3.75,0.957427108,0.938278566,4
28291053_MinPolqaSfbRecording_cut.wav,4.5,1.0,0.98,4
30096733_MinPolqaSfbRecording_cut.wav,2.0,0.816496581,0.800166649,4
30164197_MinPolqaSfbRecording_cut.wav,1.0,0.0,0.0,4
30491183_MinPolqaSfbRecording_cut.wav,3.25,1.258305739,1.233139624,4
30085895_MinPolqaSfbRecording_cut.wav,3.0,0.816496581,0.800166649,4
30449573_MinPolqaSfbRecording_cut.wav,3.75,0.5,0.49,4
27966995_MinPolqaSfbRecording_cut.wav,4.5,0.577350269,0.565803264,4
30514628_MinPolqaSfbRecording_cut.wav,2.2,1.303840481,1.142866571,5
27943279_MinPolqaSfbRecording_cut.wav,4.4,0.547722558,0.48009999,5
30065748_MinPolqaSfbRecording_cut.wav,3.2,1.095445115,0.960199979,5
30504195_MinPolqaSfbRecording_cut.wav,3.4,1.140175425,0.999407825,5
30091348_MinPolqaSfbRecording_cut.wav,4.0,0.707106781,0.619806421,5
30262717_MinPolqaSfbRecording_cut.wav,3.2,1.788854382,1.568,5
30206618_MinPolqaSfbRecording_cut.wav,2.666666667,1.154700538,1.306666667,3
30436364_MinPolqaSfbRecording_cut.wav,2.0,1.0,1.131606528,3
30136184_MinPolqaSfbRecording_cut.wav,2.0,1.732050808,1.96,3
28495768_MinPolqaSfbRecording_cut.wav,4.333333333,0.577350269,0.653333333,3
30208845_MinPolqaSfbRecording_cut.wav,2.0,1.732050808,1.96,3
30095476_MinPolqaSfbRecording_cut.wav,2.0,0.0,0.0,3
30142168_MinPolqaSfbRecording_cut.wav,2.666666667,1.154700538,1.306666667,3
30456916_MinPolqaSfbRecording_cut.wav,2.333333333,1.527525232,1.728557523,3
30512816_MinPolqaSfbRecording_cut.wav,4.0,,,1
29532347_MinPolqaSfbRecording_cut.wav,4.0,,,1
30123380_MinPolqaSfbRecording_cut.wav,4.0,,,1
30198473_MinPolqaSfbRecording_cut.wav,2.0,,,1
30262356_MinPolqaSfbRecording_cut.wav,3.0,,,1
30083126_MinPolqaSfbRecording_cut.wav,5.0,,,1
28655037_MinPolqaSfbRecording_cut.wav,5.0,,,1
29533885_MinPolqaSfbRecording_cut.wav,4.0,,,1
30512134_MinPolqaSfbRecording_cut.wav,4.0,0.0,0.0,3
28631535_MinPolqaSfbRecording_cut.wav,5.0,0.0,0.0,3
30479557_MinPolqaSfbRecording_cut.wav,4.666666667,0.577350269,0.653333333,3
30118840_MinPolqaSfbRecording_cut.wav,3.666666667,0.577350269,0.653333333,3
30167100_MinPolqaSfbRecording_cut.wav,3.666666667,1.527525232,1.728557523,3
30420838_MinPolqaSfbRecording_cut.wav,4.0,1.0,1.131606528,3
30078100_MinPolqaSfbRecording_cut.wav,3.333333333,0.577350269,0.653333333,3
30180365_MinPolqaSfbRecording_cut.wav,4.666666667,0.577350269,0.653333333,3
30503793_MinPolqaSfbRecording_cut.wav,3.666666667,0.577350269,0.653333333,3
30431246_MinPolqaSfbRecording_cut.wav,3.666666667,0.577350269,0.653333333,3
30507033_MinPolqaSfbRecording_cut.wav,3.333333333,0.577350269,0.653333333,3
30448863_MinPolqaSfbRecording_cut.wav,3.666666667,0.577350269,0.653333333,3
30155207_MinPolqaSfbRecording_cut.wav,2.333333333,1.154700538,1.306666667,3
29535163_MinPolqaSfbRecording_cut.wav,1.333333333,0.577350269,0.653333333,3
30174721_MinPolqaSfbRecording_cut.wav,2.333333333,0.577350269,0.653333333,3
30483609_MinPolqaSfbRecording_cut.wav,1.0,0.0,0.0,3
30171970_MinPolqaSfbRecording_cut.wav,2.0,0.0,0.0,3
30076038_MinPolqaSfbRecording_cut.wav,2.333333333,0.577350269,0.653333333,3
29042149_MinPolqaSfbRecording_cut.wav,4.2,0.447213595,0.392,5
30210988_MinPolqaSfbRecording_cut.wav,2.6,0.894427191,0.784,5
30075167_MinPolqaSfbRecording_cut.wav,3.8,1.095445115,0.960199979,5
30490229_MinPolqaSfbRecording_cut.wav,2.8,0.836660027,0.733364848,5
28341819_MinPolqaSfbRecording_cut.wav,4.2,0.447213595,0.392,5
30087370_MinPolqaSfbRecording_cut.wav,2.6,1.140175425,0.999407825,5
28201527_MinPolqaSfbRecording_cut.wav,4.2,0.836660027,0.733364848,5
28745191_MinPolqaSfbRecording_cut.wav,4.0,0.0,0.0,5
30430469_MinPolqaSfbRecording_cut.wav,5.0,0.0,0.0,3
30205787_MinPolqaSfbRecording_cut.wav,2.666666667,2.081665999,2.355626833,3
27830174_MinPolqaSfbRecording_cut.wav,3.333333333,0.577350269,0.653333333,3
30189421_MinPolqaSfbRecording_cut.wav,4.0,1.0,1.131606528,3
28134076_MinPolqaSfbRecording_cut.wav,5.0,0.0,0.0,3
30090776_MinPolqaSfbRecording_cut.wav,4.333333333,1.154700538,1.306666667,3
28723638_MinPolqaSfbRecording_cut.wav,4.333333333,1.154700538,1.306666667,3
30526676_MinPolqaSfbRecording_cut.wav,1.333333333,0.577350269,0.653333333,3
30157171_MinPolqaSfbRecording_cut.wav,2.333333333,1.527525232,1.728557523,3
28826310_MinPolqaSfbRecording_cut.wav,4.666666667,0.577350269,0.653333333,3
30070288_MinPolqaSfbRecording_cut.wav,3.0,1.0,1.131606528,3
29543838_MinPolqaSfbRecording_cut.wav,2.666666667,1.527525232,1.728557523,3
30105593_MinPolqaSfbRecording_cut.wav,3.0,1.0,1.131606528,3
30066438_MinPolqaSfbRecording_cut.wav,4.0,0.0,0.0,3
30504745_MinPolqaSfbRecording_cut.wav,3.0,1.0,1.131606528,3
30468305_MinPolqaSfbRecording_cut.wav,2.333333333,1.527525232,1.728557523,3
30128015_MinPolqaSfbRecording_cut.wav,2.666666667,0.577350269,0.653333333,3
30085395_MinPolqaSfbRecording_cut.wav,2.333333333,1.154700538,1.306666667,3
30066134_MinPolqaSfbRecording_cut.wav,2.0,1.0,1.131606528,3
30150872_MinPolqaSfbRecording_cut.wav,3.0,1.0,1.131606528,3
30410137_MinPolqaSfbRecording_cut.wav,1.666666667,0.577350269,0.653333333,3
28664010_MinPolqaSfbRecording_cut.wav,3.0,1.0,1.131606528,3
30069701_MinPolqaSfbRecording_cut.wav,3.333333333,0.577350269,0.653333333,3
30424861_MinPolqaSfbRecording_cut.wav,2.333333333,0.577350269,0.653333333,3
30078971_MinPolqaSfbRecording_cut.wav,2.333333333,0.577350269,0.653333333,3
30195147_MinPolqaSfbRecording_cut.wav,1.666666667,1.154700538,1.306666667,3
29535549_MinPolqaSfbRecording_cut.wav,3.0,1.0,1.131606528,3
30425323_MinPolqaSfbRecording_cut.wav,3.666666667,0.577350269,0.653333333,3
30152119_MinPolqaSfbRecording_cut.wav,2.333333333,1.154700538,1.306666667,3
28256573_MinPolqaSfbRecording_cut.wav,4.2,0.836660027,0.733364848,5
30406274_MinPolqaSfbRecording_cut.wav,2.2,1.303840481,1.142866571,5
30059198_MinPolqaSfbRecording_cut.wav,2.4,1.140175425,0.999407825,5
30430268_MinPolqaSfbRecording_cut.wav,2.0,1.0,0.876538647,5
28202315_MinPolqaSfbRecording_cut.wav,3.6,0.894427191,0.784,5
30130225_MinPolqaSfbRecording_cut.wav,2.2,1.643167673,1.440299969,5
29529496_MinPolqaSfbRecording_cut.wav,3.0,1.0,0.876538647,5
28107411_MinPolqaSfbRecording_cut.wav,4.2,0.836660027,0.733364848,5
29530158_MinPolqaSfbRecording_cut.wav,2.6,1.140175425,0.999407825,5
30426773_MinPolqaSfbRecording_cut.wav,4.0,0.0,0.0,3
30528752_MinPolqaSfbRecording_cut.wav,4.0,0.0,0.0,3
29536453_MinPolqaSfbRecording_cut.wav,3.0,1.0,1.131606528,3
30134387_MinPolqaSfbRecording_cut.wav,4.0,0.0,0.0,3
30259673_MinPolqaSfbRecording_cut.wav,3.333333333,0.577350269,0.653333333,3
30413607_MinPolqaSfbRecording_cut.wav,4.0,1.0,1.131606528,3
30456126_MinPolqaSfbRecording_cut.wav,2.333333333,1.527525232,1.728557523,3
30154041_MinPolqaSfbRecording_cut.wav,3.666666667,0.577350269,0.653333333,3
30529734_MinPolqaSfbRecording_cut.wav,1.333333333,0.577350269,0.653333333,3
30444421_MinPolqaSfbRecording_cut.wav,1.75,0.957427108,0.938278566,4
27745037_MinPolqaSfbRecording_cut.wav,4.0,0.816496581,0.800166649,4
30422163_MinPolqaSfbRecording_cut.wav,3.25,1.5,1.47,4
30176159_MinPolqaSfbRecording_cut.wav,3.0,0.816496581,0.800166649,4
30126967_MinPolqaSfbRecording_cut.wav,3.25,0.957427108,0.938278566,4
28706304_MinPolqaSfbRecording_cut.wav,3.75,0.957427108,0.938278566,4
28506064_MinPolqaSfbRecording_cut.wav,3.75,0.957427108,0.938278566,4
30208831_MinPolqaSfbRecording_cut.wav,3.5,1.290994449,1.26517456,4
30097130_MinPolqaSfbRecording_cut.wav,3.25,0.957427108,0.938278566,4
28854104_MinPolqaSfbRecording_cut.wav,3.25,0.5,0.49,4
28449725_MinPolqaSfbRecording_cut.wav,4.0,0.0,0.0,4
30408468_MinPolqaSfbRecording_cut.wav,3.5,1.290994449,1.26517456,4
30212173_MinPolqaSfbRecording_cut.wav,2.25,1.892969449,1.85511006,4
30528264_MinPolqaSfbRecording_cut.wav,2.75,1.258305739,1.233139624,4
30410331_MinPolqaSfbRecording_cut.wav,4.0,0.816496581,0.800166649,4
30202730_MinPolqaSfbRecording_cut.wav,4.25,0.957427108,0.938278566,4
27745672_MinPolqaSfbRecording_cut.wav,4.5,0.577350269,0.565803264,4
30136663_MinPolqaSfbRecording_cut.wav,3.5,1.290994449,1.26517456,4
30062495_MinPolqaSfbRecording_cut.wav,3.75,0.5,0.49,4
30421068_MinPolqaSfbRecording_cut.wav,1.25,0.5,0.49,4
27803970_MinPolqaSfbRecording_cut.wav,4.0,0.816496581,0.800166649,4
30426808_MinPolqaSfbRecording_cut.wav,2.25,0.5,0.49,4
30090244_MinPolqaSfbRecording_cut.wav,1.5,0.577350269,0.565803264,4
27701273_MinPolqaSfbRecording_cut.wav,2.75,1.258305739,1.233139624,4
30177350_MinPolqaSfbRecording_cut.wav,4.666666667,0.577350269,0.653333333,3
30133242_MinPolqaSfbRecording_cut.wav,3.333333333,0.577350269,0.653333333,3
30527414_MinPolqaSfbRecording_cut.wav,2.666666667,1.154700538,1.306666667,3
30416291_MinPolqaSfbRecording_cut.wav,4.0,1.0,1.131606528,3
28929499_MinPolqaSfbRecording_cut.wav,4.666666667,0.577350269,0.653333333,3
30183163_MinPolqaSfbRecording_cut.wav,3.333333333,0.577350269,0.653333333,3
30073099_MinPolqaSfbRecording_cut.wav,3.666666667,1.527525232,1.728557523,3
30177496_MinPolqaSfbRecording_cut.wav,1.333333333,0.577350269,0.653333333,3
30113956_MinPolqaSfbRecording_cut.wav,4.25,0.5,0.49,4
30479740_MinPolqaSfbRecording_cut.wav,3.0,0.816496581,0.800166649,4
27781745_MinPolqaSfbRecording_cut.wav,4.25,0.5,0.49,4
30138410_MinPolqaSfbRecording_cut.wav,1.75,0.957427108,0.938278566,4
30258496_MinPolqaSfbRecording_cut.wav,4.5,1.0,0.98,4
29539272_MinPolqaSfbRecording_cut.wav,3.25,0.957427108,0.938278566,4
30146561_MinPolqaSfbRecording_cut.wav,3.25,0.957427108,0.938278566,4
30455780_MinPolqaSfbRecording_cut.wav,2.5,1.732050808,1.697409791,4
30522574_MinPolqaSfbRecording_cut.wav,2.6,1.516575089,1.329336677,5
30162484_MinPolqaSfbRecording_cut.wav,2.6,1.516575089,1.329336677,5
30109661_MinPolqaSfbRecording_cut.wav,2.8,1.483239697,1.300116918,5
30194626_MinPolqaSfbRecording_cut.wav,4.0,1.0,0.876538647,5
27821490_MinPolqaSfbRecording_cut.wav,3.8,1.095445115,0.960199979,5
30175256_MinPolqaSfbRecording_cut.wav,3.6,1.516575089,1.329336677,5
30145742_MinPolqaSfbRecording_cut.wav,3.4,0.894427191,0.784,5
30425234_MinPolqaSfbRecording_cut.wav,3.0,1.414213562,1.239612843,5
30450306_MinPolqaSfbRecording_cut.wav,1.666666667,1.154700538,1.306666667,3
29534628_MinPolqaSfbRecording_cut.wav,3.0,1.0,1.131606528,3
30247813_MinPolqaSfbRecording_cut.wav,2.666666667,0.577350269,0.653333333,3
30058546_MinPolqaSfbRecording_cut.wav,2.333333333,0.577350269,0.653333333,3
30423806_MinPolqaSfbRecording_cut.wav,3.666666667,0.577350269,0.653333333,3
30520045_MinPolqaSfbRecording_cut.wav,1.0,0.0,0.0,3
28127797_MinPolqaSfbRecording_cut.wav,3.666666667,0.577350269,0.653333333,3
30513297_MinPolqaSfbRecording_cut.wav,2.333333333,0.577350269,0.653333333,3
29043422_MinPolqaSfbRecording_cut.wav,3.333333333,1.527525232,1.728557523,3
27939081_MinPolqaSfbRecording_cut.wav,3.333333333,1.527525232,1.728557523,3
30146667_MinPolqaSfbRecording_cut.wav,2.666666667,0.577350269,0.653333333,3
30202859_MinPolqaSfbRecording_cut.wav,1.0,0.0,0.0,3
28723796_MinPolqaSfbRecording_cut.wav,1.666666667,0.577350269,0.653333333,3
30471388_MinPolqaSfbRecording_cut.wav,1.333333333,0.577350269,0.653333333,3
30423017_MinPolqaSfbRecording_cut.wav,1.333333333,0.577350269,0.653333333,3
30453546_MinPolqaSfbRecording_cut.wav,2.0,0.707106781,0.619806421,5
30157229_MinPolqaSfbRecording_cut.wav,1.8,0.447213595,0.392,5
30071278_MinPolqaSfbRecording_cut.wav,1.8,0.447213595,0.392,5
30098281_MinPolqaSfbRecording_cut.wav,3.2,0.447213595,0.392,5
30083780_MinPolqaSfbRecording_cut.wav,1.2,0.447213595,0.392,5
28285768_MinPolqaSfbRecording_cut.wav,4.0,1.0,0.876538647,5
27643843_MinPolqaSfbRecording_cut.wav,4.0,0.707106781,0.619806421,5
30488962_MinPolqaSfbRecording_cut.wav,2.2,0.447213595,0.392,5
30516699_MinPolqaSfbRecording_cut.wav,3.0,0.816496581,0.800166649,4
30141484_MinPolqaSfbRecording_cut.wav,3.75,0.957427108,0.938278566,4
30192670_MinPolqaSfbRecording_cut.wav,3.5,0.577350269,0.565803264,4
30179773_MinPolqaSfbRecording_cut.wav,3.25,1.5,1.47,4
30429524_MinPolqaSfbRecording_cut.wav,3.5,1.0,0.98,4
30469074_MinPolqaSfbRecording_cut.wav,4.5,0.577350269,0.565803264,4
27710389_MinPolqaSfbRecording_cut.wav,4.0,0.816496581,0.800166649,4
27791305_MinPolqaSfbRecording_cut.wav,4.0,0.816496581,0.800166649,4
30175128_MinPolqaSfbRecording_cut.wav,4.0,0.816496581,0.800166649,4
27585173_MinPolqaSfbRecording_cut.wav,4.5,0.577350269,0.565803264,4
27794783_MinPolqaSfbRecording_cut.wav,4.2,0.836660027,0.733364848,5
30148270_MinPolqaSfbRecording_cut.wav,3.8,0.836660027,0.733364848,5
28439461_MinPolqaSfbRecording_cut.wav,4.4,0.894427191,0.784,5
30496866_MinPolqaSfbRecording_cut.wav,3.2,0.447213595,0.392,5
27691305_MinPolqaSfbRecording_cut.wav,4.2,0.836660027,0.733364848,5
30253935_MinPolqaSfbRecording_cut.wav,4.4,0.894427191,0.784,5
25914495_MinPolqaSfbRecording_cut.wav,4.4,0.894427191,0.784,5
30204090_MinPolqaSfbRecording_cut.wav,3.8,0.836660027,0.733364848,5
30500744_MinPolqaSfbRecording_cut.wav,3.0,1.414213562,1.385929291,4
30460086_MinPolqaSfbRecording_cut.wav,2.0,0.816496581,0.800166649,4
30147106_MinPolqaSfbRecording_cut.wav,2.0,0.816496581,0.800166649,4
30469621_MinPolqaSfbRecording_cut.wav,2.0,0.816496581,0.800166649,4
30482523_MinPolqaSfbRecording_cut.wav,3.25,1.258305739,1.233139624,4
28680084_MinPolqaSfbRecording_cut.wav,3.75,0.957427108,0.938278566,4
30163669_MinPolqaSfbRecording_cut.wav,3.0,0.816496581,0.800166649,4
30409340_MinPolqaSfbRecording_cut.wav,3.25,1.5,1.47,4
30429542_MinPolqaSfbRecording_cut.wav,3.75,0.957427108,0.938278566,4
28888254_MinPolqaSfbRecording_cut.wav,3.5,1.290994449,1.26517456,4
30098772_MinPolqaSfbRecording_cut.wav,3.0,0.816496581,0.800166649,4
30071199_MinPolqaSfbRecording_cut.wav,4.25,0.5,0.49,4
28329268_MinPolqaSfbRecording_cut.wav,4.25,0.957427108,0.938278566,4
30172088_MinPolqaSfbRecording_cut.wav,4.25,0.957427108,0.938278566,4
30442154_MinPolqaSfbRecording_cut.wav,3.75,0.957427108,0.938278566,4
30455647_MinPolqaSfbRecording_cut.wav,1.666666667,0.577350269,0.653333333,3
27865025_MinPolqaSfbRecording_cut.wav,3.0,1.0,1.131606528,3
30059308_MinPolqaSfbRecording_cut.wav,3.0,1.0,1.131606528,3
30157065_MinPolqaSfbRecording_cut.wav,1.666666667,0.577350269,0.653333333,3
29542169_MinPolqaSfbRecording_cut.wav,1.666666667,1.154700538,1.306666667,3
30461946_MinPolqaSfbRecording_cut.wav,1.333333333,0.577350269,0.653333333,3
30435072_MinPolqaSfbRecording_cut.wav,3.0,0.707106781,0.619806421,5
30449933_MinPolqaSfbRecording_cut.wav,3.6,0.547722558,0.48009999,5
30093190_MinPolqaSfbRecording_cut.wav,3.4,0.894427191,0.784,5
28248653_MinPolqaSfbRecording_cut.wav,3.6,0.547722558,0.48009999,5
30145422_MinPolqaSfbRecording_cut.wav,3.4,0.547722558,0.48009999,5
30254280_MinPolqaSfbRecording_cut.wav,3.4,1.341640786,1.176,5
30076367_MinPolqaSfbRecording_cut.wav,3.2,0.836660027,0.733364848,5
30477722_MinPolqaSfbRecording_cut.wav,2.75,1.258305739,1.233139624,4
29530748_MinPolqaSfbRecording_cut.wav,2.0,0.816496581,0.800166649,4
30184219_MinPolqaSfbRecording_cut.wav,2.25,0.957427108,0.938278566,4
30134436_MinPolqaSfbRecording_cut.wav,2.75,1.258305739,1.233139624,4
30261324_MinPolqaSfbRecording_cut.wav,2.5,1.0,0.98,4
30073059_MinPolqaSfbRecording_cut.wav,3.5,1.732050808,1.697409791,4
28352942_MinPolqaSfbRecording_cut.wav,4.4,0.547722558,0.48009999,5
30065421_MinPolqaSfbRecording_cut.wav,3.8,0.836660027,0.733364848,5
30156559_MinPolqaSfbRecording_cut.wav,3.6,0.894427191,0.784,5
30483585_MinPolqaSfbRecording_cut.wav,3.8,0.836660027,0.733364848,5
30122227_MinPolqaSfbRecording_cut.wav,3.2,0.447213595,0.392,5
30096940_MinPolqaSfbRecording_cut.wav,4.0,1.0,0.876538647,5
28775121_MinPolqaSfbRecording_cut.wav,4.2,0.836660027,0.733364848,5
30105473_MinPolqaSfbRecording_cut.wav,4.0,0.707106781,0.619806421,5
30444235_MinPolqaSfbRecording_cut.wav,2.8,0.836660027,0.733364848,5
30069858_MinPolqaSfbRecording_cut.wav,2.0,1.224744871,1.073536213,5
27688310_MinPolqaSfbRecording_cut.wav,3.0,0.707106781,0.619806421,5
29529840_MinPolqaSfbRecording_cut.wav,2.4,1.140175425,0.999407825,5
30120760_MinPolqaSfbRecording_cut.wav,1.6,0.894427191,0.784,5
30108455_MinPolqaSfbRecording_cut.wav,2.6,1.140175425,0.999407825,5
30137490_MinPolqaSfbRecording_cut.wav,2.4,0.894427191,0.784,5
30060609_MinPolqaSfbRecording_cut.wav,1.8,1.303840481,1.142866571,5
30137505_MinPolqaSfbRecording_cut.wav,2.2,1.303840481,1.142866571,5
30250048_MinPolqaSfbRecording_cut.wav,2.4,1.341640786,1.176,5
30509140_MinPolqaSfbRecording_cut.wav,4.25,0.5,0.49,4
30059407_MinPolqaSfbRecording_cut.wav,3.25,0.957427108,0.938278566,4
30128851_MinPolqaSfbRecording_cut.wav,3.5,0.577350269,0.565803264,4
30256158_MinPolqaSfbRecording_cut.wav,3.25,0.5,0.49,4
30107284_MinPolqaSfbRecording_cut.wav,4.0,0.816496581,0.800166649,4
30082045_MinPolqaSfbRecording_cut.wav,4.75,0.5,0.49,4
29021452_MinPolqaSfbRecording_cut.wav,4.0,0.816496581,0.800166649,4
30488287_MinPolqaSfbRecording_cut.wav,4.0,0.816496581,0.800166649,4
28609853_MinPolqaSfbRecording_cut.wav,4.5,0.577350269,0.565803264,4
30082884_MinPolqaSfbRecording_cut.wav,4.5,0.577350269,0.565803264,4
30519676_MinPolqaSfbRecording_cut.wav,3.25,1.258305739,1.233139624,4
29537247_MinPolqaSfbRecording_cut.wav,1.5,0.577350269,0.565803264,4
28919947_MinPolqaSfbRecording_cut.wav,3.25,1.258305739,1.233139624,4
28962922_MinPolqaSfbRecording_cut.wav,3.75,0.5,0.49,4
30171532_MinPolqaSfbRecording_cut.wav,3.0,0.816496581,0.800166649,4
30078882_MinPolqaSfbRecording_cut.wav,3.25,0.5,0.49,4
30159993_MinPolqaSfbRecording_cut.wav,1.5,0.577350269,0.565803264,4
28827732_MinPolqaSfbRecording_cut.wav,4.0,0.816496581,0.800166649,4
30149858_MinPolqaSfbRecording_cut.wav,3.5,0.577350269,0.565803264,4
30086201_MinPolqaSfbRecording_cut.wav,2.75,0.957427108,0.938278566,4
30142408_MinPolqaSfbRecording_cut.wav,2.25,1.5,1.47,4
29536702_MinPolqaSfbRecording_cut.wav,4.0,0.816496581,0.800166649,4
28715004_MinPolqaSfbRecording_cut.wav,4.0,0.816496581,0.800166649,4
30430468_MinPolqaSfbRecording_cut.wav,3.75,0.5,0.49,4
28211468_MinPolqaSfbRecording_cut.wav,3.5,0.577350269,0.565803264,4
30489766_MinPolqaSfbRecording_cut.wav,4.0,0.0,0.0,4
28354939_MinPolqaSfbRecording_cut.wav,3.75,0.5,0.49,4
30428955_MinPolqaSfbRecording_cut.wav,4.25,0.5,0.49,4
30083008_MinPolqaSfbRecording_cut.wav,4.0,0.816496581,0.800166649,4
30494002_MinPolqaSfbRecording_cut.wav,3.75,0.5,0.49,4
30421648_MinPolqaSfbRecording_cut.wav,3.75,0.5,0.49,4
30522374_MinPolqaSfbRecording_cut.wav,2.0,0.816496581,0.800166649,4
30089006_MinPolqaSfbRecording_cut.wav,3.75,0.5,0.49,4
30102726_MinPolqaSfbRecording_cut.wav,3.0,0.816496581,0.800166649,4
30483495_MinPolqaSfbRecording_cut.wav,3.2,1.303840481,1.142866571,5
30500682_MinPolqaSfbRecording_cut.wav,3.8,1.303840481,1.142866571,5
30142580_MinPolqaSfbRecording_cut.wav,3.4,1.341640786,1.176,5
30147489_MinPolqaSfbRecording_cut.wav,2.8,1.303840481,1.142866571,5
30140899_MinPolqaSfbRecording_cut.wav,1.2,0.447213595,0.392,5
30106410_MinPolqaSfbRecording_cut.wav,3.8,0.836660027,0.733364848,5
28455537_MinPolqaSfbRecording_cut.wav,3.8,0.836660027,0.733364848,5
30102958_MinPolqaSfbRecording_cut.wav,3.6,1.140175425,0.999407825,5
30514071_MinPolqaSfbRecording_cut.wav,3.6,1.516575089,1.329336677,5
30200193_MinPolqaSfbRecording_cut.wav,5.0,0.0,0.0,2
30401835_MinPolqaSfbRecording_cut.wav,3.0,0.0,0.0,2
30432521_MinPolqaSfbRecording_cut.wav,2.5,0.707106781,0.98,2
30443822_MinPolqaSfbRecording_cut.wav,4.0,1.414213562,1.96,2
29533234_MinPolqaSfbRecording_cut.wav,3.0,0.0,0.0,2
30206605_MinPolqaSfbRecording_cut.wav,3.0,1.414213562,1.96,2
30406560_MinPolqaSfbRecording_cut.wav,4.0,0.0,0.0,2
29051776_MinPolqaSfbRecording_cut.wav,4.0,1.414213562,1.96,2
27782001_MinPolqaSfbRecording_cut.wav,4.5,0.707106781,0.98,2
28137214_MinPolqaSfbRecording_cut.wav,4.25,0.5,0.49,4
30406673_MinPolqaSfbRecording_cut.wav,2.5,1.290994449,1.26517456,4
30162399_MinPolqaSfbRecording_cut.wav,2.0,1.414213562,1.385929291,4
30135221_MinPolqaSfbRecording_cut.wav,2.25,0.957427108,0.938278566,4
28052147_MinPolqaSfbRecording_cut.wav,2.75,1.258305739,1.233139624,4
30506406_MinPolqaSfbRecording_cut.wav,2.25,0.957427108,0.938278566,4
30259562_MinPolqaSfbRecording_cut.wav,2.0,1.414213562,1.385929291,4
30254602_MinPolqaSfbRecording_cut.wav,1.75,0.957427108,0.938278566,4
30516796_MinPolqaSfbRecording_cut.wav,3.25,1.707825128,1.673668625,4
30408146_MinPolqaSfbRecording_cut.wav,2.0,1.414213562,1.385929291,4
30122049_MinPolqaSfbRecording_cut.wav,3.5,0.577350269,0.565803264,4
30261970_MinPolqaSfbRecording_cut.wav,1.75,0.957427108,0.938278566,4
30208425_MinPolqaSfbRecording_cut.wav,2.25,0.957427108,0.938278566,4
28236578_MinPolqaSfbRecording_cut.wav,3.5,0.577350269,0.565803264,4
27938703_MinPolqaSfbRecording_cut.wav,4.75,0.5,0.49,4
30422760_MinPolqaSfbRecording_cut.wav,3.0,0.816496581,0.800166649,4
30258994_MinPolqaSfbRecording_cut.wav,2.75,1.258305739,1.233139624,4
30522791_MinPolqaSfbRecording_cut.wav,2.0,0.0,0.0,5
30431684_MinPolqaSfbRecording_cut.wav,1.6,0.547722558,0.48009999,5
30201394_MinPolqaSfbRecording_cut.wav,2.2,0.447213595,0.392,5
28137824_MinPolqaSfbRecording_cut.wav,3.6,1.140175425,0.999407825,5
30183562_MinPolqaSfbRecording_cut.wav,1.2,0.447213595,0.392,5
30147749_MinPolqaSfbRecording_cut.wav,2.6,0.894427191,0.784,5
30171324_MinPolqaSfbRecording_cut.wav,2.2,0.447213595,0.392,5
30174720_MinPolqaSfbRecording_cut.wav,2.0,0.0,0.0,5
30169276_MinPolqaSfbRecording_cut.wav,4.0,0.816496581,0.800166649,4
30096638_MinPolqaSfbRecording_cut.wav,2.25,1.5,1.47,4
30148297_MinPolqaSfbRecording_cut.wav,2.75,0.957427108,0.938278566,4
28347043_MinPolqaSfbRecording_cut.wav,3.75,0.957427108,0.938278566,4
27797472_MinPolqaSfbRecording_cut.wav,4.0,1.154700538,1.131606528,4
30145616_MinPolqaSfbRecording_cut.wav,3.0,0.0,0.0,4
30201428_MinPolqaSfbRecording_cut.wav,3.5,0.577350269,0.565803264,4
30059965_MinPolqaSfbRecording_cut.wav,2.75,0.957427108,0.938278566,4
29541335_MinPolqaSfbRecording_cut.wav,2.0,1.732050808,1.518209472,5
30448884_MinPolqaSfbRecording_cut.wav,3.4,1.140175425,0.999407825,5
30106923_MinPolqaSfbRecording_cut.wav,2.0,1.224744871,1.073536213,5
30193303_MinPolqaSfbRecording_cut.wav,4.0,0.707106781,0.619806421,5
30413186_MinPolqaSfbRecording_cut.wav,2.2,1.095445115,0.960199979,5
30161638_MinPolqaSfbRecording_cut.wav,3.2,0.836660027,0.733364848,5
30120971_MinPolqaSfbRecording_cut.wav,4.0,0.707106781,0.619806421,5
30487039_MinPolqaSfbRecording_cut.wav,3.0,1.224744871,1.073536213,5
30148370_MinPolqaSfbRecording_cut.wav,4.0,0.0,0.0,5
30150297_MinPolqaSfbRecording_cut.wav,3.333333333,0.577350269,0.653333333,3
29540216_MinPolqaSfbRecording_cut.wav,2.0,0.0,0.0,3
30483231_MinPolqaSfbRecording_cut.wav,2.666666667,0.577350269,0.653333333,3
30482537_MinPolqaSfbRecording_cut.wav,3.666666667,0.577350269,0.653333333,3
30142081_MinPolqaSfbRecording_cut.wav,3.0,1.0,1.131606528,3
30112964_MinPolqaSfbRecording_cut.wav,1.666666667,0.577350269,0.653333333,3
30186139_MinPolqaSfbRecording_cut.wav,3.0,0.0,0.0,3
30469690_MinPolqaSfbRecording_cut.wav,3.5,1.290994449,1.26517456,4
28532122_MinPolqaSfbRecording_cut.wav,4.0,0.816496581,0.800166649,4
30429353_MinPolqaSfbRecording_cut.wav,2.0,1.414213562,1.385929291,4
28248137_MinPolqaSfbRecording_cut.wav,4.75,0.5,0.49,4
30448659_MinPolqaSfbRecording_cut.wav,4.0,0.816496581,0.800166649,4
30155796_MinPolqaSfbRecording_cut.wav,3.25,1.258305739,1.233139624,4
30162134_MinPolqaSfbRecording_cut.wav,2.75,0.957427108,0.938278566,4
29532685_MinPolqaSfbRecording_cut.wav,4.333333333,0.577350269,0.653333333,3
30089278_MinPolqaSfbRecording_cut.wav,4.0,1.0,1.131606528,3
30475047_MinPolqaSfbRecording_cut.wav,4.333333333,0.577350269,0.653333333,3
30214402_MinPolqaSfbRecording_cut.wav,4.333333333,0.577350269,0.653333333,3
30423274_MinPolqaSfbRecording_cut.wav,4.0,0.0,0.0,3
30156046_MinPolqaSfbRecording_cut.wav,4.333333333,1.154700538,1.306666667,3
29047866_MinPolqaSfbRecording_cut.wav,3.666666667,0.577350269,0.653333333,3
30161183_MinPolqaSfbRecording_cut.wav,3.0,2.0,2.263213055,3
30092611_MinPolqaSfbRecording_cut.wav,3.333333333,0.577350269,0.653333333,3
30487944_MinPolqaSfbRecording_cut.wav,2.666666667,1.527525232,1.728557523,3
29542444_MinPolqaSfbRecording_cut.wav,3.333333333,1.527525232,1.728557523,3
30137676_MinPolqaSfbRecording_cut.wav,3.0,2.0,2.263213055,3
28215778_MinPolqaSfbRecording_cut.wav,4.0,1.0,1.131606528,3
30091799_MinPolqaSfbRecording_cut.wav,2.666666667,2.081665999,2.355626833,3
30460972_MinPolqaSfbRecording_cut.wav,2.0,0.0,0.0,4
28199177_MinPolqaSfbRecording_cut.wav,3.75,0.5,0.49,4
28022581_MinPolqaSfbRecording_cut.wav,4.0,0.816496581,0.800166649,4
30179712_MinPolqaSfbRecording_cut.wav,1.0,0.0,0.0,4
30446363_MinPolqaSfbRecording_cut.wav,1.0,0.0,0.0,4
27893114_MinPolqaSfbRecording_cut.wav,4.0,0.0,0.0,4
30505854_MinPolqaSfbRecording_cut.wav,4.25,0.5,0.49,4
30137266_MinPolqaSfbRecording_cut.wav,2.0,0.0,0.0,4
27933876_MinPolqaSfbRecording_cut.wav,4.0,0.816496581,0.800166649,4
30124253_MinPolqaSfbRecording_cut.wav,1.25,0.5,0.49,4
30145193_MinPolqaSfbRecording_cut.wav,3.333333333,0.577350269,0.653333333,3
28917211_MinPolqaSfbRecording_cut.wav,3.666666667,0.577350269,0.653333333,3
28650298_MinPolqaSfbRecording_cut.wav,4.666666667,0.577350269,0.653333333,3
30183763_MinPolqaSfbRecording_cut.wav,2.0,1.732050808,1.96,3
30148406_MinPolqaSfbRecording_cut.wav,2.333333333,0.577350269,0.653333333,3
30113962_MinPolqaSfbRecording_cut.wav,2.666666667,1.154700538,1.306666667,3
28131037_MinPolqaSfbRecording_cut.wav,4.666666667,0.577350269,0.653333333,3
30264333_MinPolqaSfbRecording_cut.wav,3.0,1.0,1.131606528,3
30208194_MinPolqaSfbRecording_cut.wav,3.666666667,0.577350269,0.653333333,3
28512646_MinPolqaSfbRecording_cut.wav,4.0,0.0,0.0,3
27820447_MinPolqaSfbRecording_cut.wav,2.8,1.095445115,0.960199979,5
30177036_MinPolqaSfbRecording_cut.wav,1.8,1.303840481,1.142866571,5
29010922_MinPolqaSfbRecording_cut.wav,3.4,1.516575089,1.329336677,5
28475718_MinPolqaSfbRecording_cut.wav,4.0,0.707106781,0.619806421,5
30068945_MinPolqaSfbRecording_cut.wav,3.8,1.643167673,1.440299969,5
29544153_MinPolqaSfbRecording_cut.wav,2.4,1.140175425,0.999407825,5
28343942_MinPolqaSfbRecording_cut.wav,4.4,1.341640786,1.176,5
30467048_MinPolqaSfbRecording_cut.wav,2.2,1.303840481,1.142866571,5
27788621_MinPolqaSfbRecording_cut.wav,4.25,0.5,0.49,4
30122683_MinPolqaSfbRecording_cut.wav,3.0,0.816496581,0.800166649,4
29005225_MinPolqaSfbRecording_cut.wav,4.25,0.957427108,0.938278566,4
27757890_MinPolqaSfbRecording_cut.wav,4.0,0.816496581,0.800166649,4
30426971_MinPolqaSfbRecording_cut.wav,3.75,1.258305739,1.233139624,4
30063161_MinPolqaSfbRecording_cut.wav,2.75,0.957427108,0.938278566,4
30098573_MinPolqaSfbRecording_cut.wav,3.5,1.0,0.98,4
30148154_MinPolqaSfbRecording_cut.wav,3.0,0.816496581,0.800166649,4
30149770_MinPolqaSfbRecording_cut.wav,4.0,,,1
28006537_MinPolqaSfbRecording_cut.wav,4.0,,,1
30154809_MinPolqaSfbRecording_cut.wav,4.0,,,1
30515704_MinPolqaSfbRecording_cut.wav,5.0,,,1
30102421_MinPolqaSfbRecording_cut.wav,4.0,,,1
30472816_MinPolqaSfbRecording_cut.wav,4.0,,,1
28629239_MinPolqaSfbRecording_cut.wav,5.0,,,1
28524438_MinPolqaSfbRecording_cut.wav,3.8,0.836660027,0.733364848,5
30505714_MinPolqaSfbRecording_cut.wav,3.6,0.894427191,0.784,5
30259087_MinPolqaSfbRecording_cut.wav,3.8,0.447213595,0.392,5
30159368_MinPolqaSfbRecording_cut.wav,4.0,1.0,0.876538647,5
30497281_MinPolqaSfbRecording_cut.wav,2.4,1.140175425,0.999407825,5
28308858_MinPolqaSfbRecording_cut.wav,4.0,0.707106781,0.619806421,5
30183064_MinPolqaSfbRecording_cut.wav,3.8,1.095445115,0.960199979,5
30131889_MinPolqaSfbRecording_cut.wav,3.25,1.707825128,1.673668625,4
30081249_MinPolqaSfbRecording_cut.wav,4.25,0.957427108,0.938278566,4
27723219_MinPolqaSfbRecording_cut.wav,4.0,0.816496581,0.800166649,4
30523926_MinPolqaSfbRecording_cut.wav,2.75,0.957427108,0.938278566,4
30205903_MinPolqaSfbRecording_cut.wav,3.25,0.5,0.49,4
30502069_MinPolqaSfbRecording_cut.wav,3.25,0.5,0.49,4
30149702_MinPolqaSfbRecording_cut.wav,2.75,1.5,1.47,4
30207906_MinPolqaSfbRecording_cut.wav,4.0,0.816496581,0.800166649,4
30107323_MinPolqaSfbRecording_cut.wav,4.0,0.816496581,0.800166649,4
30182737_MinPolqaSfbRecording_cut.wav,3.75,0.957427108,0.938278566,4
30209179_MinPolqaSfbRecording_cut.wav,3.0,0.0,0.0,2
30164333_MinPolqaSfbRecording_cut.wav,3.0,0.0,0.0,2
30201228_MinPolqaSfbRecording_cut.wav,3.5,0.707106781,0.98,2
30164407_MinPolqaSfbRecording_cut.wav,3.0,0.0,0.0,2
30502782_MinPolqaSfbRecording_cut.wav,3.0,1.414213562,1.96,2
28835799_MinPolqaSfbRecording_cut.wav,4.5,0.707106781,0.98,2
29032985_MinPolqaSfbRecording_cut.wav,5.0,0.0,0.0,2
30124348_MinPolqaSfbRecording_cut.wav,3.0,0.0,0.0,2
30443913_MinPolqaSfbRecording_cut.wav,2.25,0.957427108,0.938278566,4
30453590_MinPolqaSfbRecording_cut.wav,2.75,0.957427108,0.938278566,4
30183233_MinPolqaSfbRecording_cut.wav,3.0,0.816496581,0.800166649,4
30134028_MinPolqaSfbRecording_cut.wav,3.75,0.5,0.49,4
30183742_MinPolqaSfbRecording_cut.wav,3.0,0.816496581,0.800166649,4
30099651_MinPolqaSfbRecording_cut.wav,3.0,0.816496581,0.800166649,4
30527157_MinPolqaSfbRecording_cut.wav,3.0,1.414213562,1.385929291,4
30472386_MinPolqaSfbRecording_cut.wav,2.75,0.957427108,0.938278566,4
28941874_MinPolqaSfbRecording_cut.wav,3.0,0.816496581,0.800166649,4
30122275_MinPolqaSfbRecording_cut.wav,3.5,0.577350269,0.565803264,4
30478466_MinPolqaSfbRecording_cut.wav,4.0,0.0,0.0,3
30160565_MinPolqaSfbRecording_cut.wav,3.666666667,1.154700538,1.306666667,3
30477231_MinPolqaSfbRecording_cut.wav,3.666666667,0.577350269,0.653333333,3
30182490_MinPolqaSfbRecording_cut.wav,1.0,0.0,0.0,3
27652409_MinPolqaSfbRecording_cut.wav,4.666666667,0.577350269,0.653333333,3
28463924_MinPolqaSfbRecording_cut.wav,3.666666667,0.577350269,0.653333333,3
28808599_MinPolqaSfbRecording_cut.wav,3.333333333,0.577350269,0.653333333,3
30519807_MinPolqaSfbRecording_cut.wav,4.75,0.5,0.49,4
30090026_MinPolqaSfbRecording_cut.wav,3.75,0.5,0.49,4
28059445_MinPolqaSfbRecording_cut.wav,4.25,0.957427108,0.938278566,4
28842345_MinPolqaSfbRecording_cut.wav,4.5,0.577350269,0.565803264,4
29530827_MinPolqaSfbRecording_cut.wav,4.5,0.577350269,0.565803264,4
30131698_MinPolqaSfbRecording_cut.wav,3.25,0.957427108,0.938278566,4
30090067_MinPolqaSfbRecording_cut.wav,3.75,1.258305739,1.233139624,4
30413580_MinPolqaSfbRecording_cut.wav,3.0,1.414213562,1.385929291,4
28141214_MinPolqaSfbRecording_cut.wav,4.5,0.577350269,0.565803264,4
30156610_MinPolqaSfbRecording_cut.wav,3.5,1.290994449,1.26517456,4
29530156_MinPolqaSfbRecording_cut.wav,3.75,1.258305739,1.233139624,4
28009120_MinPolqaSfbRecording_cut.wav,3.75,1.258305739,1.233139624,4
30117779_MinPolqaSfbRecording_cut.wav,3.75,1.258305739,1.233139624,4
30060569_MinPolqaSfbRecording_cut.wav,3.25,1.707825128,1.673668625,4
30092969_MinPolqaSfbRecording_cut.wav,3.5,0.577350269,0.565803264,4
30061867_MinPolqaSfbRecording_cut.wav,4.25,0.5,0.49,4
27832198_MinPolqaSfbRecording_cut.wav,4.0,0.816496581,0.800166649,4
30211144_MinPolqaSfbRecording_cut.wav,4.25,0.5,0.49,4
28977072_MinPolqaSfbRecording_cut.wav,4.5,0.577350269,0.565803264,4
30149592_MinPolqaSfbRecording_cut.wav,2.0,1.414213562,1.385929291,4
30151357_MinPolqaSfbRecording_cut.wav,2.25,0.957427108,0.938278566,4
28958127_MinPolqaSfbRecording_cut.wav,3.75,1.258305739,1.233139624,4
28634145_MinPolqaSfbRecording_cut.wav,4.5,0.577350269,0.565803264,4
30087558_MinPolqaSfbRecording_cut.wav,3.25,0.957427108,0.938278566,4
28826770_MinPolqaSfbRecording_cut.wav,4.5,0.577350269,0.565803264,4
30514663_MinPolqaSfbRecording_cut.wav,1.75,0.957427108,0.938278566,4
30080712_MinPolqaSfbRecording_cut.wav,4.5,1.0,0.98,4
30102863_MinPolqaSfbRecording_cut.wav,3.5,0.577350269,0.565803264,4
30204071_MinPolqaSfbRecording_cut.wav,3.25,0.957427108,0.938278566,4
30067914_MinPolqaSfbRecording_cut.wav,2.75,0.957427108,0.938278566,4
30195879_MinPolqaSfbRecording_cut.wav,3.25,1.5,1.47,4
30208815_MinPolqaSfbRecording_cut.wav,3.75,0.5,0.49,4
30458362_MinPolqaSfbRecording_cut.wav,2.25,0.5,0.49,4
28869686_MinPolqaSfbRecording_cut.wav,4.5,1.0,0.98,4
27751304_MinPolqaSfbRecording_cut.wav,4.25,0.957427108,0.938278566,4
30192931_MinPolqaSfbRecording_cut.wav,3.75,1.258305739,1.233139624,4
27662808_MinPolqaSfbRecording_cut.wav,3.75,1.5,1.47,4
30426843_MinPolqaSfbRecording_cut.wav,4.5,0.577350269,0.565803264,4
30164877_MinPolqaSfbRecording_cut.wav,2.5,1.290994449,1.26517456,4
30511492_MinPolqaSfbRecording_cut.wav,4.25,0.957427108,0.938278566,4
30429112_MinPolqaSfbRecording_cut.wav,1.666666667,1.154700538,1.306666667,3
30146171_MinPolqaSfbRecording_cut.wav,1.333333333,0.577350269,0.653333333,3
30456208_MinPolqaSfbRecording_cut.wav,2.333333333,0.577350269,0.653333333,3
30195739_MinPolqaSfbRecording_cut.wav,1.666666667,0.577350269,0.653333333,3
30164347_MinPolqaSfbRecording_cut.wav,3.0,1.0,1.131606528,3
30083373_MinPolqaSfbRecording_cut.wav,2.666666667,0.577350269,0.653333333,3
30470651_MinPolqaSfbRecording_cut.wav,3.0,1.0,1.131606528,3
30154883_MinPolqaSfbRecording_cut.wav,2.666666667,0.577350269,0.653333333,3
30472256_MinPolqaSfbRecording_cut.wav,3.333333333,1.154700538,1.306666667,3
30119792_MinPolqaSfbRecording_cut.wav,4.0,0.0,0.0,3
30062659_MinPolqaSfbRecording_cut.wav,4.0,1.0,1.131606528,3
30182767_MinPolqaSfbRecording_cut.wav,3.0,2.0,2.263213055,3
30143208_MinPolqaSfbRecording_cut.wav,4.0,1.0,1.131606528,3
27560217_MinPolqaSfbRecording_cut.wav,4.333333333,0.577350269,0.653333333,3
29063022_MinPolqaSfbRecording_cut.wav,3.666666667,1.527525232,1.728557523,3
30489692_MinPolqaSfbRecording_cut.wav,3.0,2.0,2.263213055,3
27950576_MinPolqaSfbRecording_cut.wav,3.666666667,0.577350269,0.653333333,3
30522128_MinPolqaSfbRecording_cut.wav,3.8,1.095445115,0.960199979,5
28685198_MinPolqaSfbRecording_cut.wav,4.0,1.224744871,1.073536213,5
30138893_MinPolqaSfbRecording_cut.wav,3.2,1.643167673,1.440299969,5
28369264_MinPolqaSfbRecording_cut.wav,4.0,1.0,0.876538647,5
27846955_MinPolqaSfbRecording_cut.wav,4.0,1.224744871,1.073536213,5
30514678_MinPolqaSfbRecording_cut.wav,3.2,1.483239697,1.300116918,5
30066499_MinPolqaSfbRecording_cut.wav,4.4,0.547722558,0.48009999,5
30263766_MinPolqaSfbRecording_cut.wav,4.0,0.707106781,0.619806421,5
29060591_MinPolqaSfbRecording_cut.wav,4.4,0.547722558,0.48009999,5
30205820_MinPolqaSfbRecording_cut.wav,3.6,1.516575089,1.329336677,5
30147968_MinPolqaSfbRecording_cut.wav,4.6,0.547722558,0.48009999,5
28038784_MinPolqaSfbRecording_cut.wav,4.4,0.547722558,0.48009999,5
30147055_MinPolqaSfbRecording_cut.wav,4.0,1.224744871,1.073536213,5
30207645_MinPolqaSfbRecording_cut.wav,3.8,1.303840481,1.142866571,5
30261934_MinPolqaSfbRecording_cut.wav,3.333333333,1.154700538,1.306666667,3
30211950_MinPolqaSfbRecording_cut.wav,3.0,1.0,1.131606528,3
30090354_MinPolqaSfbRecording_cut.wav,3.666666667,0.577350269,0.653333333,3
30134532_MinPolqaSfbRecording_cut.wav,3.0,1.0,1.131606528,3
30506933_MinPolqaSfbRecording_cut.wav,4.0,1.0,1.131606528,3
30193475_MinPolqaSfbRecording_cut.wav,3.333333333,1.527525232,1.728557523,3
30154960_MinPolqaSfbRecording_cut.wav,3.666666667,1.527525232,1.728557523,3
30257326_MinPolqaSfbRecording_cut.wav,3.333333333,0.577350269,0.653333333,3
29534448_MinPolqaSfbRecording_cut.wav,2.666666667,1.527525232,1.728557523,3
29001976_MinPolqaSfbRecording_cut.wav,4.666666667,0.577350269,0.653333333,3
30122153_MinPolqaSfbRecording_cut.wav,4.666666667,0.577350269,0.653333333,3
30060138_MinPolqaSfbRecording_cut.wav,2.666666667,1.527525232,1.728557523,3
30439552_MinPolqaSfbRecording_cut.wav,3.333333333,1.154700538,1.306666667,3
30510911_MinPolqaSfbRecording_cut.wav,3.333333333,0.577350269,0.653333333,3
29535080_MinPolqaSfbRecording_cut.wav,4.666666667,0.577350269,0.653333333,3
28621509_MinPolqaSfbRecording_cut.wav,5.0,0.0,0.0,3
30194153_MinPolqaSfbRecording_cut.wav,2.666666667,1.527525232,1.728557523,3
28057600_MinPolqaSfbRecording_cut.wav,4.0,1.0,1.131606528,3
30188994_MinPolqaSfbRecording_cut.wav,1.5,0.577350269,0.565803264,4
30113555_MinPolqaSfbRecording_cut.wav,3.5,1.0,0.98,4
30089280_MinPolqaSfbRecording_cut.wav,2.0,0.816496581,0.800166649,4
29539764_MinPolqaSfbRecording_cut.wav,2.25,0.957427108,0.938278566,4
30213426_MinPolqaSfbRecording_cut.wav,3.25,0.5,0.49,4
30465969_MinPolqaSfbRecording_cut.wav,3.0,0.0,0.0,4
27681679_MinPolqaSfbRecording_cut.wav,3.75,0.957427108,0.938278566,4
30402156_MinPolqaSfbRecording_cut.wav,2.25,0.957427108,0.938278566,4
30198839_MinPolqaSfbRecording_cut.wav,2.6,1.341640786,1.176,5
30061390_MinPolqaSfbRecording_cut.wav,3.0,1.0,0.876538647,5
30147886_MinPolqaSfbRecording_cut.wav,3.8,0.836660027,0.733364848,5
30452497_MinPolqaSfbRecording_cut.wav,2.8,0.836660027,0.733364848,5
29530807_MinPolqaSfbRecording_cut.wav,2.8,1.095445115,0.960199979,5
30513998_MinPolqaSfbRecording_cut.wav,3.2,0.836660027,0.733364848,5
30439386_MinPolqaSfbRecording_cut.wav,2.2,1.095445115,0.960199979,5
27739446_MinPolqaSfbRecording_cut.wav,3.6,0.547722558,0.48009999,5
30519500_MinPolqaSfbRecording_cut.wav,3.2,0.447213595,0.392,5
30444563_MinPolqaSfbRecording_cut.wav,2.8,1.303840481,1.142866571,5
30212873_MinPolqaSfbRecording_cut.wav,3.4,0.894427191,0.784,5
30079324_MinPolqaSfbRecording_cut.wav,2.6,1.516575089,1.329336677,5
30076343_MinPolqaSfbRecording_cut.wav,2.2,1.303840481,1.142866571,5
30437856_MinPolqaSfbRecording_cut.wav,2.8,1.303840481,1.142866571,5
30161565_MinPolqaSfbRecording_cut.wav,3.0,1.0,0.876538647,5
30084090_MinPolqaSfbRecording_cut.wav,3.6,1.341640786,1.176,5
30415867_MinPolqaSfbRecording_cut.wav,2.6,1.341640786,1.176,5
30442252_MinPolqaSfbRecording_cut.wav,3.0,0.707106781,0.619806421,5
30149852_MinPolqaSfbRecording_cut.wav,3.4,0.547722558,0.48009999,5
28488086_MinPolqaSfbRecording_cut.wav,4.4,0.547722558,0.48009999,5
30444292_MinPolqaSfbRecording_cut.wav,1.8,1.095445115,0.960199979,5
30255591_MinPolqaSfbRecording_cut.wav,3.4,0.547722558,0.48009999,5
30132578_MinPolqaSfbRecording_cut.wav,4.6,0.547722558,0.48009999,5
30140903_MinPolqaSfbRecording_cut.wav,1.6,1.341640786,1.176,5
28836365_MinPolqaSfbRecording_cut.wav,4.2,0.447213595,0.392,5
30402643_MinPolqaSfbRecording_cut.wav,3.6,0.547722558,0.48009999,5
30099296_MinPolqaSfbRecording_cut.wav,4.0,0.0,0.0,5
30503422_MinPolqaSfbRecording_cut.wav,4.2,0.447213595,0.392,5
30097666_MinPolqaSfbRecording_cut.wav,2.8,1.788854382,1.568,5
30128869_MinPolqaSfbRecording_cut.wav,3.0,0.707106781,0.619806421,5
28053354_MinPolqaSfbRecording_cut.wav,4.4,0.547722558,0.48009999,5
28470057_MinPolqaSfbRecording_cut.wav,4.2,0.447213595,0.392,5
30431701_MinPolqaSfbRecording_cut.wav,3.2,0.836660027,0.733364848,5
30249592_MinPolqaSfbRecording_cut.wav,2.8,1.095445115,0.960199979,5
30172829_MinPolqaSfbRecording_cut.wav,2.6,1.140175425,0.999407825,5
30066108_MinPolqaSfbRecording_cut.wav,3.0,1.224744871,1.073536213,5
30129727_MinPolqaSfbRecording_cut.wav,2.0,1.414213562,1.239612843,5
30442720_MinPolqaSfbRecording_cut.wav,3.8,0.836660027,0.733364848,5
28778072_MinPolqaSfbRecording_cut.wav,3.2,1.303840481,1.142866571,5
30453938_MinPolqaSfbRecording_cut.wav,2.4,1.341640786,1.176,5
30156433_MinPolqaSfbRecording_cut.wav,3.5,0.707106781,0.98,2
30154271_MinPolqaSfbRecording_cut.wav,2.5,2.121320344,2.94,2
30431769_MinPolqaSfbRecording_cut.wav,2.5,2.121320344,2.94,2
28334546_MinPolqaSfbRecording_cut.wav,4.5,0.707106781,0.98,2
30086799_MinPolqaSfbRecording_cut.wav,2.0,1.414213562,1.96,2
30249626_MinPolqaSfbRecording_cut.wav,4.0,1.414213562,1.96,2
28732595_MinPolqaSfbRecording_cut.wav,3.5,0.707106781,0.98,2
30439985_MinPolqaSfbRecording_cut.wav,2.5,2.121320344,2.94,2
30407189_MinPolqaSfbRecording_cut.wav,3.5,0.707106781,0.98,2
29542979_MinPolqaSfbRecording_cut.wav,3.0,0.0,0.0,2
30442631_MinPolqaSfbRecording_cut.wav,4.0,0.0,0.0,2
30492003_MinPolqaSfbRecording_cut.wav,3.0,0.0,0.0,2
30263785_MinPolqaSfbRecording_cut.wav,4.0,0.0,0.0,2
27961681_MinPolqaSfbRecording_cut.wav,4.0,0.0,0.0,2
30507355_MinPolqaSfbRecording_cut.wav,3.0,0.0,0.0,2
29048145_MinPolqaSfbRecording_cut.wav,4.5,0.707106781,0.98,2
30511923_MinPolqaSfbRecording_cut.wav,3.2,1.303840481,1.142866571,5
28167473_MinPolqaSfbRecording_cut.wav,4.4,0.547722558,0.48009999,5
27835470_MinPolqaSfbRecording_cut.wav,3.4,1.140175425,0.999407825,5
30452690_MinPolqaSfbRecording_cut.wav,2.0,1.0,0.876538647,5
30157551_MinPolqaSfbRecording_cut.wav,4.4,0.547722558,0.48009999,5
28811644_MinPolqaSfbRecording_cut.wav,4.8,0.447213595,0.392,5
29538698_MinPolqaSfbRecording_cut.wav,4.2,0.836660027,0.733364848,5
30098308_MinPolqaSfbRecording_cut.wav,3.0,1.154700538,1.131606528,4
30480141_MinPolqaSfbRecording_cut.wav,3.75,0.5,0.49,4
30169919_MinPolqaSfbRecording_cut.wav,3.75,1.258305739,1.233139624,4
28889426_MinPolqaSfbRecording_cut.wav,3.5,0.577350269,0.565803264,4
30102880_MinPolqaSfbRecording_cut.wav,4.0,0.0,0.0,4
30429322_MinPolqaSfbRecording_cut.wav,3.75,0.5,0.49,4
27839752_MinPolqaSfbRecording_cut.wav,4.0,0.816496581,0.800166649,4
30438500_MinPolqaSfbRecording_cut.wav,3.2,1.483239697,1.300116918,5
25742040_MinPolqaSfbRecording_cut.wav,4.2,0.836660027,0.733364848,5
30132518_MinPolqaSfbRecording_cut.wav,2.4,1.673320053,1.466729696,5
30159815_MinPolqaSfbRecording_cut.wav,2.8,1.303840481,1.142866571,5
30091074_MinPolqaSfbRecording_cut.wav,3.0,1.224744871,1.073536213,5
30101513_MinPolqaSfbRecording_cut.wav,3.8,1.095445115,0.960199979,5
30527138_MinPolqaSfbRecording_cut.wav,3.8,0.836660027,0.733364848,5
30157721_MinPolqaSfbRecording_cut.wav,3.6,1.140175425,0.999407825,5
30175676_MinPolqaSfbRecording_cut.wav,3.2,1.303840481,1.142866571,5
30177437_MinPolqaSfbRecording_cut.wav,1.75,0.957427108,0.938278566,4
27668983_MinPolqaSfbRecording_cut.wav,3.5,0.577350269,0.565803264,4
30427092_MinPolqaSfbRecording_cut.wav,4.0,0.816496581,0.800166649,4
30466647_MinPolqaSfbRecording_cut.wav,2.75,0.957427108,0.938278566,4
30502529_MinPolqaSfbRecording_cut.wav,1.25,0.5,0.49,4
30473899_MinPolqaSfbRecording_cut.wav,2.75,0.5,0.49,4
30256811_MinPolqaSfbRecording_cut.wav,3.25,0.5,0.49,4
28004915_MinPolqaSfbRecording_cut.wav,4.0,0.816496581,0.800166649,4
30174717_MinPolqaSfbRecording_cut.wav,1.5,0.707106781,0.98,2
27851176_MinPolqaSfbRecording_cut.wav,3.5,2.121320344,2.94,2
30186055_MinPolqaSfbRecording_cut.wav,2.0,1.414213562,1.96,2
30521152_MinPolqaSfbRecording_cut.wav,1.0,0.0,0.0,2
30410292_MinPolqaSfbRecording_cut.wav,3.5,2.121320344,2.94,2
30177909_MinPolqaSfbRecording_cut.wav,3.333333333,0.577350269,0.653333333,3
27811736_MinPolqaSfbRecording_cut.wav,3.333333333,0.577350269,0.653333333,3
27694388_MinPolqaSfbRecording_cut.wav,4.333333333,0.577350269,0.653333333,3
29013012_MinPolqaSfbRecording_cut.wav,3.0,1.0,1.131606528,3
30163665_MinPolqaSfbRecording_cut.wav,2.0,1.0,1.131606528,3
29540236_MinPolqaSfbRecording_cut.wav,1.333333333,0.577350269,0.653333333,3
30453599_MinPolqaSfbRecording_cut.wav,3.666666667,1.154700538,1.306666667,3
30486076_MinPolqaSfbRecording_cut.wav,3.0,1.0,1.131606528,3
30158090_MinPolqaSfbRecording_cut.wav,3.333333333,0.577350269,0.653333333,3
28084893_MinPolqaSfbRecording_cut.wav,3.5,1.290994449,1.26517456,4
30122447_MinPolqaSfbRecording_cut.wav,3.25,0.5,0.49,4
30251436_MinPolqaSfbRecording_cut.wav,3.25,1.258305739,1.233139624,4
30069933_MinPolqaSfbRecording_cut.wav,3.0,0.816496581,0.800166649,4
30154422_MinPolqaSfbRecording_cut.wav,1.5,0.577350269,0.565803264,4
30065715_MinPolqaSfbRecording_cut.wav,4.5,0.577350269,0.565803264,4
27577519_MinPolqaSfbRecording_cut.wav,4.0,1.154700538,1.131606528,4
30256086_MinPolqaSfbRecording_cut.wav,2.0,1.154700538,1.131606528,4
28823937_MinPolqaSfbRecording_cut.wav,4.5,0.577350269,0.565803264,4
30179006_MinPolqaSfbRecording_cut.wav,3.75,1.5,1.47,4
30145942_MinPolqaSfbRecording_cut.wav,1.75,1.5,1.47,4
30117756_MinPolqaSfbRecording_cut.wav,3.25,1.258305739,1.233139624,4
30180367_MinPolqaSfbRecording_cut.wav,3.0,1.825741858,1.789227021,4
30207773_MinPolqaSfbRecording_cut.wav,3.5,1.0,0.98,4
30119400_MinPolqaSfbRecording_cut.wav,3.5,0.577350269,0.565803264,4
27804058_MinPolqaSfbRecording_cut.wav,4.0,0.816496581,0.800166649,4
30111590_MinPolqaSfbRecording_cut.wav,4.25,0.5,0.49,4
30070324_MinPolqaSfbRecording_cut.wav,2.0,0.816496581,0.800166649,4
30468541_MinPolqaSfbRecording_cut.wav,3.25,0.5,0.49,4
29539155_MinPolqaSfbRecording_cut.wav,4.0,0.816496581,0.800166649,4
27849262_MinPolqaSfbRecording_cut.wav,3.5,1.0,0.98,4
28333528_MinPolqaSfbRecording_cut.wav,4.5,0.577350269,0.565803264,4
30200209_MinPolqaSfbRecording_cut.wav,3.333333333,0.577350269,0.653333333,3
30073520_MinPolqaSfbRecording_cut.wav,3.333333333,1.154700538,1.306666667,3
27733478_MinPolqaSfbRecording_cut.wav,4.0,0.0,0.0,3
28030596_MinPolqaSfbRecording_cut.wav,4.333333333,0.577350269,0.653333333,3
30106527_MinPolqaSfbRecording_cut.wav,3.666666667,0.577350269,0.653333333,3
30122688_MinPolqaSfbRecording_cut.wav,3.666666667,0.577350269,0.653333333,3
30250241_MinPolqaSfbRecording_cut.wav,3.333333333,1.154700538,1.306666667,3
30078994_MinPolqaSfbRecording_cut.wav,4.0,0.0,0.0,3
28666470_MinPolqaSfbRecording_cut.wav,4.0,1.0,1.131606528,3
30069811_MinPolqaSfbRecording_cut.wav,3.0,0.816496581,0.800166649,4
30177529_MinPolqaSfbRecording_cut.wav,2.75,0.5,0.49,4
30250255_MinPolqaSfbRecording_cut.wav,2.0,0.0,0.0,4
27731112_MinPolqaSfbRecording_cut.wav,3.75,0.5,0.49,4
30195682_MinPolqaSfbRecording_cut.wav,1.5,0.577350269,0.565803264,4
29530602_MinPolqaSfbRecording_cut.wav,2.0,0.0,0.0,4
30264182_MinPolqaSfbRecording_cut.wav,3.25,0.5,0.49,4
30096147_MinPolqaSfbRecording_cut.wav,3.0,0.0,0.0,4
30213117_MinPolqaSfbRecording_cut.wav,3.0,0.816496581,0.800166649,4
30079297_MinPolqaSfbRecording_cut.wav,2.5,1.732050808,1.697409791,4
30078463_MinPolqaSfbRecording_cut.wav,2.5,1.732050808,1.697409791,4
30185045_MinPolqaSfbRecording_cut.wav,3.0,1.632993162,1.600333299,4
30451591_MinPolqaSfbRecording_cut.wav,3.5,1.290994449,1.26517456,4
30109793_MinPolqaSfbRecording_cut.wav,3.0,1.632993162,1.600333299,4
30064971_MinPolqaSfbRecording_cut.wav,3.0,1.632993162,1.600333299,4
28787423_MinPolqaSfbRecording_cut.wav,3.25,1.707825128,1.673668625,4
28470584_MinPolqaSfbRecording_cut.wav,4.25,0.957427108,0.938278566,4
30253561_MinPolqaSfbRecording_cut.wav,4.333333333,0.577350269,0.653333333,3
30160170_MinPolqaSfbRecording_cut.wav,3.333333333,1.154700538,1.306666667,3
30415935_MinPolqaSfbRecording_cut.wav,1.666666667,1.154700538,1.306666667,3
30157513_MinPolqaSfbRecording_cut.wav,3.0,0.0,0.0,3
30104425_MinPolqaSfbRecording_cut.wav,4.333333333,0.577350269,0.653333333,3
30474536_MinPolqaSfbRecording_cut.wav,3.0,0.0,0.0,3
28468507_MinPolqaSfbRecording_cut.wav,5.0,0.0,0.0,3
30113426_MinPolqaSfbRecording_cut.wav,3.666666667,1.527525232,1.728557523,3
28476351_MinPolqaSfbRecording_cut.wav,3.0,0.816496581,0.800166649,4
30488853_MinPolqaSfbRecording_cut.wav,2.0,0.816496581,0.800166649,4
30163239_MinPolqaSfbRecording_cut.wav,3.25,0.5,0.49,4
30477712_MinPolqaSfbRecording_cut.wav,2.25,0.957427108,0.938278566,4
30259056_MinPolqaSfbRecording_cut.wav,3.5,0.577350269,0.565803264,4
28482225_MinPolqaSfbRecording_cut.wav,4.0,0.816496581,0.800166649,4
28718435_MinPolqaSfbRecording_cut.wav,4.0,0.816496581,0.800166649,4
27666957_MinPolqaSfbRecording_cut.wav,4.5,0.577350269,0.565803264,4
30251504_MinPolqaSfbRecording_cut.wav,2.5,1.290994449,1.26517456,4
30259997_MinPolqaSfbRecording_cut.wav,1.0,0.0,0.0,4
30135651_MinPolqaSfbRecording_cut.wav,3.5,0.707106781,0.98,2
30183679_MinPolqaSfbRecording_cut.wav,4.0,1.414213562,1.96,2
30183204_MinPolqaSfbRecording_cut.wav,2.5,0.707106781,0.98,2
30263181_MinPolqaSfbRecording_cut.wav,4.0,0.0,0.0,2
30108142_MinPolqaSfbRecording_cut.wav,2.5,0.707106781,0.98,2
28744278_MinPolqaSfbRecording_cut.wav,4.5,0.707106781,0.98,2
28294435_MinPolqaSfbRecording_cut.wav,4.0,1.414213562,1.96,2
30478965_MinPolqaSfbRecording_cut.wav,1.5,0.707106781,0.98,2
30432106_MinPolqaSfbRecording_cut.wav,2.0,0.0,0.0,2
30207490_MinPolqaSfbRecording_cut.wav,1.0,0.0,0.0,2
30151429_MinPolqaSfbRecording_cut.wav,1.25,0.5,0.49,4
28975735_MinPolqaSfbRecording_cut.wav,2.25,0.957427108,0.938278566,4
28422400_MinPolqaSfbRecording_cut.wav,4.75,0.5,0.49,4
30082564_MinPolqaSfbRecording_cut.wav,2.25,1.5,1.47,4
27733271_MinPolqaSfbRecording_cut.wav,2.75,0.957427108,0.938278566,4
28073492_MinPolqaSfbRecording_cut.wav,5.0,0.0,0.0,4
30423908_MinPolqaSfbRecording_cut.wav,4.25,0.957427108,0.938278566,4
30134103_MinPolqaSfbRecording_cut.wav,2.75,0.5,0.49,4
30063542_MinPolqaSfbRecording_cut.wav,3.0,1.154700538,1.131606528,4
30460251_MinPolqaSfbRecording_cut.wav,3.75,0.5,0.49,4
30454161_MinPolqaSfbRecording_cut.wav,3.25,1.5,1.47,4
30131860_MinPolqaSfbRecording_cut.wav,3.25,0.5,0.49,4
27925558_MinPolqaSfbRecording_cut.wav,4.0,0.0,0.0,4
30135911_MinPolqaSfbRecording_cut.wav,2.5,1.290994449,1.26517456,4
30523182_MinPolqaSfbRecording_cut.wav,4.25,0.957427108,0.938278566,4
30065283_MinPolqaSfbRecording_cut.wav,4.0,1.0,1.131606528,3
30166023_MinPolqaSfbRecording_cut.wav,2.666666667,1.527525232,1.728557523,3
30500747_MinPolqaSfbRecording_cut.wav,3.333333333,0.577350269,0.653333333,3
28817933_MinPolqaSfbRecording_cut.wav,4.333333333,0.577350269,0.653333333,3
30446184_MinPolqaSfbRecording_cut.wav,4.333333333,0.577350269,0.653333333,3
30522621_MinPolqaSfbRecording_cut.wav,2.333333333,1.527525232,1.728557523,3
30504217_MinPolqaSfbRecording_cut.wav,3.666666667,0.577350269,0.653333333,3
30493954_MinPolqaSfbRecording_cut.wav,2.333333333,1.154700538,1.306666667,3
27834030_MinPolqaSfbRecording_cut.wav,4.0,1.0,1.131606528,3
30465937_MinPolqaSfbRecording_cut.wav,4.0,0.816496581,0.800166649,4
30428613_MinPolqaSfbRecording_cut.wav,2.75,0.957427108,0.938278566,4
30181972_MinPolqaSfbRecording_cut.wav,2.5,0.577350269,0.565803264,4
30259060_MinPolqaSfbRecording_cut.wav,3.25,0.5,0.49,4
30514176_MinPolqaSfbRecording_cut.wav,3.0,0.816496581,0.800166649,4
27141551_MinPolqaSfbRecording_cut.wav,4.5,0.577350269,0.565803264,4
30467055_MinPolqaSfbRecording_cut.wav,2.75,0.957427108,0.938278566,4
30138332_MinPolqaSfbRecording_cut.wav,3.5,0.577350269,0.565803264,4
27758443_MinPolqaSfbRecording_cut.wav,4.0,0.816496581,0.800166649,4
30472911_MinPolqaSfbRecording_cut.wav,1.2,0.447213595,0.392,5
30424916_MinPolqaSfbRecording_cut.wav,1.6,0.547722558,0.48009999,5
30073433_MinPolqaSfbRecording_cut.wav,1.8,0.836660027,0.733364848,5
28733594_MinPolqaSfbRecording_cut.wav,3.4,1.140175425,0.999407825,5
30182441_MinPolqaSfbRecording_cut.wav,2.4,0.894427191,0.784,5
30213974_MinPolqaSfbRecording_cut.wav,2.2,1.303840481,1.142866571,5
29532927_MinPolqaSfbRecording_cut.wav,2.0,1.0,0.876538647,5
30133100_MinPolqaSfbRecording_cut.wav,2.8,1.095445115,0.960199979,5
28232882_MinPolqaSfbRecording_cut.wav,4.333333333,0.577350269,0.653333333,3
30092733_MinPolqaSfbRecording_cut.wav,4.333333333,0.577350269,0.653333333,3
27748671_MinPolqaSfbRecording_cut.wav,4.333333333,0.577350269,0.653333333,3
28327870_MinPolqaSfbRecording_cut.wav,3.333333333,0.577350269,0.653333333,3
30090087_MinPolqaSfbRecording_cut.wav,3.333333333,1.154700538,1.306666667,3
30519405_MinPolqaSfbRecording_cut.wav,3.333333333,1.154700538,1.306666667,3
30169828_MinPolqaSfbRecording_cut.wav,2.666666667,0.577350269,0.653333333,3
30129085_MinPolqaSfbRecording_cut.wav,3.0,0.816496581,0.800166649,4
30158100_MinPolqaSfbRecording_cut.wav,3.0,0.816496581,0.800166649,4
28757088_MinPolqaSfbRecording_cut.wav,3.0,0.0,0.0,4
30151731_MinPolqaSfbRecording_cut.wav,1.75,0.957427108,0.938278566,4
27775091_MinPolqaSfbRecording_cut.wav,4.25,0.5,0.49,4
30211005_MinPolqaSfbRecording_cut.wav,2.5,1.290994449,1.26517456,4
30181966_MinPolqaSfbRecording_cut.wav,2.25,0.957427108,0.938278566,4
27841950_MinPolqaSfbRecording_cut.wav,4.0,0.816496581,0.800166649,4
30211002_MinPolqaSfbRecording_cut.wav,2.5,1.290994449,1.26517456,4
28521159_MinPolqaSfbRecording_cut.wav,3.75,0.957427108,0.938278566,4
30194967_MinPolqaSfbRecording_cut.wav,2.0,1.414213562,1.96,2
30081642_MinPolqaSfbRecording_cut.wav,2.5,2.121320344,2.94,2
30487569_MinPolqaSfbRecording_cut.wav,2.5,2.121320344,2.94,2
30092308_MinPolqaSfbRecording_cut.wav,2.5,2.121320344,2.94,2
29543853_MinPolqaSfbRecording_cut.wav,3.0,2.828427125,3.92,2
30163136_MinPolqaSfbRecording_cut.wav,3.0,2.828427125,3.92,2
30146065_MinPolqaSfbRecording_cut.wav,2.0,1.414213562,1.96,2
28685891_MinPolqaSfbRecording_cut.wav,5.0,0.0,0.0,2
30154962_MinPolqaSfbRecording_cut.wav,2.5,2.121320344,2.94,2
30254656_MinPolqaSfbRecording_cut.wav,3.5,2.121320344,2.94,2
27576216_MinPolqaSfbRecording_cut.wav,4.0,1.414213562,1.96,2
28154848_MinPolqaSfbRecording_cut.wav,5.0,0.0,0.0,2
27859376_MinPolqaSfbRecording_cut.wav,5.0,0.0,0.0,2
30070860_MinPolqaSfbRecording_cut.wav,3.5,0.707106781,0.98,2
29530331_MinPolqaSfbRecording_cut.wav,3.0,0.0,0.0,2
30490713_MinPolqaSfbRecording_cut.wav,4.0,0.0,0.0,2
30429719_MinPolqaSfbRecording_cut.wav,4.0,0.0,0.0,2
30117704_MinPolqaSfbRecording_cut.wav,4.0,1.414213562,1.96,2
30214199_MinPolqaSfbRecording_cut.wav,5.0,0.0,0.0,2
30065630_MinPolqaSfbRecording_cut.wav,2.4,1.516575089,1.329336677,5
30076012_MinPolqaSfbRecording_cut.wav,3.6,1.341640786,1.176,5
30080424_MinPolqaSfbRecording_cut.wav,2.2,0.836660027,0.733364848,5
27704285_MinPolqaSfbRecording_cut.wav,3.8,1.303840481,1.142866571,5
29538376_MinPolqaSfbRecording_cut.wav,3.4,0.894427191,0.784,5
30207093_MinPolqaSfbRecording_cut.wav,4.0,1.224744871,1.073536213,5
30067773_MinPolqaSfbRecording_cut.wav,4.2,0.447213595,0.392,5
30112916_MinPolqaSfbRecording_cut.wav,2.2,1.303840481,1.142866571,5
30150734_MinPolqaSfbRecording_cut.wav,4.2,0.836660027,0.733364848,5
28003101_MinPolqaSfbRecording_cut.wav,4.4,0.894427191,0.784,5
30081998_MinPolqaSfbRecording_cut.wav,3.0,0.707106781,0.619806421,5
28633824_MinPolqaSfbRecording_cut.wav,3.6,0.547722558,0.48009999,5
30422390_MinPolqaSfbRecording_cut.wav,3.6,0.894427191,0.784,5
30461370_MinPolqaSfbRecording_cut.wav,3.6,0.547722558,0.48009999,5
27838259_MinPolqaSfbRecording_cut.wav,4.0,0.0,0.0,5
30442725_MinPolqaSfbRecording_cut.wav,3.0,1.224744871,1.073536213,5
27908882_MinPolqaSfbRecording_cut.wav,2.75,1.258305739,1.233139624,4
30174705_MinPolqaSfbRecording_cut.wav,3.25,0.957427108,0.938278566,4
30522166_MinPolqaSfbRecording_cut.wav,2.5,1.290994449,1.26517456,4
30468043_MinPolqaSfbRecording_cut.wav,2.75,1.258305739,1.233139624,4
30424953_MinPolqaSfbRecording_cut.wav,2.5,1.290994449,1.26517456,4
30488893_MinPolqaSfbRecording_cut.wav,3.5,1.0,0.98,4
30199170_MinPolqaSfbRecording_cut.wav,2.25,1.258305739,1.233139624,4
30486303_MinPolqaSfbRecording_cut.wav,3.2,1.303840481,1.142866571,5
27953897_MinPolqaSfbRecording_cut.wav,3.6,0.894427191,0.784,5
30410929_MinPolqaSfbRecording_cut.wav,1.8,0.447213595,0.392,5
30176638_MinPolqaSfbRecording_cut.wav,4.0,1.0,0.876538647,5
30491137_MinPolqaSfbRecording_cut.wav,3.4,1.140175425,0.999407825,5
30466040_MinPolqaSfbRecording_cut.wav,1.0,0.0,0.0,5
30195194_MinPolqaSfbRecording_cut.wav,3.4,1.140175425,0.999407825,5
30204922_MinPolqaSfbRecording_cut.wav,3.4,0.547722558,0.48009999,5
28903090_MinPolqaSfbRecording_cut.wav,4.2,0.836660027,0.733364848,5
30436698_MinPolqaSfbRecording_cut.wav,3.333333333,0.577350269,0.653333333,3
30431639_MinPolqaSfbRecording_cut.wav,2.0,1.0,1.131606528,3
30465150_MinPolqaSfbRecording_cut.wav,2.0,1.732050808,1.96,3
30192761_MinPolqaSfbRecording_cut.wav,2.666666667,1.154700538,1.306666667,3
30108006_MinPolqaSfbRecording_cut.wav,2.666666667,1.154700538,1.306666667,3
30467598_MinPolqaSfbRecording_cut.wav,2.333333333,1.527525232,1.728557523,3
30078869_MinPolqaSfbRecording_cut.wav,2.666666667,1.154700538,1.306666667,3
30401431_MinPolqaSfbRecording_cut.wav,4.333333333,0.577350269,0.653333333,3
27685413_MinPolqaSfbRecording_cut.wav,4.0,1.0,1.131606528,3
30128511_MinPolqaSfbRecording_cut.wav,2.333333333,1.154700538,1.306666667,3
29058626_MinPolqaSfbRecording_cut.wav,4.0,0.0,0.0,3
30150942_MinPolqaSfbRecording_cut.wav,3.0,1.0,1.131606528,3
30510471_MinPolqaSfbRecording_cut.wav,2.333333333,1.154700538,1.306666667,3
30402698_MinPolqaSfbRecording_cut.wav,3.666666667,0.577350269,0.653333333,3
30081741_MinPolqaSfbRecording_cut.wav,2.666666667,1.527525232,1.728557523,3
30200035_MinPolqaSfbRecording_cut.wav,3.0,1.0,1.131606528,3
30502695_MinPolqaSfbRecording_cut.wav,2.666666667,0.577350269,0.653333333,3
30092861_MinPolqaSfbRecording_cut.wav,2.0,1.154700538,1.131606528,4
30120386_MinPolqaSfbRecording_cut.wav,3.25,0.957427108,0.938278566,4
30066805_MinPolqaSfbRecording_cut.wav,2.0,0.816496581,0.800166649,4
30502483_MinPolqaSfbRecording_cut.wav,4.0,0.816496581,0.800166649,4
30438371_MinPolqaSfbRecording_cut.wav,3.5,1.0,0.98,4
29536359_MinPolqaSfbRecording_cut.wav,2.75,1.258305739,1.233139624,4
30171957_MinPolqaSfbRecording_cut.wav,3.75,1.5,1.47,4
30142581_MinPolqaSfbRecording_cut.wav,2.6,1.516575089,1.329336677,5
30490638_MinPolqaSfbRecording_cut.wav,3.8,1.095445115,0.960199979,5
30210553_MinPolqaSfbRecording_cut.wav,3.6,1.341640786,1.176,5
30202433_MinPolqaSfbRecording_cut.wav,4.4,0.547722558,0.48009999,5
30504077_MinPolqaSfbRecording_cut.wav,2.6,1.516575089,1.329336677,5
28063905_MinPolqaSfbRecording_cut.wav,4.0,1.0,0.876538647,5
30068050_MinPolqaSfbRecording_cut.wav,3.6,0.547722558,0.48009999,5
30478441_MinPolqaSfbRecording_cut.wav,4.0,1.0,0.876538647,5
30156195_MinPolqaSfbRecording_cut.wav,3.2,1.483239697,1.300116918,5
30257357_MinPolqaSfbRecording_cut.wav,3.2,1.303840481,1.142866571,5
30105133_MinPolqaSfbRecording_cut.wav,3.8,0.836660027,0.733364848,5
30455228_MinPolqaSfbRecording_cut.wav,2.2,0.836660027,0.733364848,5
30164210_MinPolqaSfbRecording_cut.wav,3.0,0.707106781,0.619806421,5
28898500_MinPolqaSfbRecording_cut.wav,3.8,0.836660027,0.733364848,5
30085393_MinPolqaSfbRecording_cut.wav,2.8,0.447213595,0.392,5
30444618_MinPolqaSfbRecording_cut.wav,2.75,0.957427108,0.938278566,4
30470208_MinPolqaSfbRecording_cut.wav,4.25,0.5,0.49,4
28832070_MinPolqaSfbRecording_cut.wav,3.5,0.577350269,0.565803264,4
28451234_MinPolqaSfbRecording_cut.wav,4.25,0.5,0.49,4
28855779_MinPolqaSfbRecording_cut.wav,3.25,0.5,0.49,4
30484831_MinPolqaSfbRecording_cut.wav,2.0,1.154700538,1.131606528,4
27913572_MinPolqaSfbRecording_cut.wav,3.5,0.577350269,0.565803264,4
30404216_MinPolqaSfbRecording_cut.wav,3.0,0.816496581,0.800166649,4
30406399_MinPolqaSfbRecording_cut.wav,3.0,1.414213562,1.385929291,4
27601227_MinPolqaSfbRecording_cut.wav,4.25,0.957427108,0.938278566,4
30256220_MinPolqaSfbRecording_cut.wav,3.75,0.5,0.49,4
30426412_MinPolqaSfbRecording_cut.wav,3.5,0.577350269,0.565803264,4
30508027_MinPolqaSfbRecording_cut.wav,3.0,0.816496581,0.800166649,4
30176381_MinPolqaSfbRecording_cut.wav,3.5,0.577350269,0.565803264,4
30096637_MinPolqaSfbRecording_cut.wav,2.25,0.5,0.49,4
30414232_MinPolqaSfbRecording_cut.wav,4.5,0.577350269,0.565803264,4
30122011_MinPolqaSfbRecording_cut.wav,4.0,0.0,0.0,4
30527703_MinPolqaSfbRecording_cut.wav,3.5,1.732050808,1.697409791,4
27785822_MinPolqaSfbRecording_cut.wav,2.25,0.957427108,0.938278566,4
30146208_MinPolqaSfbRecording_cut.wav,1.25,0.5,0.49,4
30426420_MinPolqaSfbRecording_cut.wav,2.5,1.0,0.98,4
29542205_MinPolqaSfbRecording_cut.wav,1.0,0.0,0.0,4
28664267_MinPolqaSfbRecording_cut.wav,2.75,1.258305739,1.233139624,4
27708894_MinPolqaSfbRecording_cut.wav,3.25,0.5,0.49,4
30481934_MinPolqaSfbRecording_cut.wav,1.5,0.577350269,0.565803264,4
30138584_MinPolqaSfbRecording_cut.wav,3.0,0.816496581,0.800166649,4
30149622_MinPolqaSfbRecording_cut.wav,3.0,0.816496581,0.800166649,4
30509129_MinPolqaSfbRecording_cut.wav,4.0,0.816496581,0.800166649,4
30144325_MinPolqaSfbRecording_cut.wav,4.0,0.816496581,0.800166649,4
30209057_MinPolqaSfbRecording_cut.wav,3.75,0.5,0.49,4
30439590_MinPolqaSfbRecording_cut.wav,2.5,0.577350269,0.565803264,4
30460810_MinPolqaSfbRecording_cut.wav,4.25,0.5,0.49,4
30151742_MinPolqaSfbRecording_cut.wav,3.0,1.154700538,1.131606528,4
30140668_MinPolqaSfbRecording_cut.wav,3.25,0.5,0.49,4
30090539_MinPolqaSfbRecording_cut.wav,2.5,1.290994449,1.26517456,4
28858430_MinPolqaSfbRecording_cut.wav,3.75,0.5,0.49,4
28287043_MinPolqaSfbRecording_cut.wav,3.25,0.957427108,0.938278566,4
30429537_MinPolqaSfbRecording_cut.wav,3.25,0.5,0.49,4
30198801_MinPolqaSfbRecording_cut.wav,3.25,0.5,0.49,4
28432476_MinPolqaSfbRecording_cut.wav,2.75,0.5,0.49,4
27892625_MinPolqaSfbRecording_cut.wav,3.75,0.5,0.49,4
30106333_MinPolqaSfbRecording_cut.wav,3.5,0.577350269,0.565803264,4
27636054_MinPolqaSfbRecording_cut.wav,4.0,0.0,0.0,2
30520444_MinPolqaSfbRecording_cut.wav,3.0,1.414213562,1.96,2
29536525_MinPolqaSfbRecording_cut.wav,4.5,0.707106781,0.98,2
30133278_MinPolqaSfbRecording_cut.wav,4.5,0.707106781,0.98,2
30211985_MinPolqaSfbRecording_cut.wav,3.5,0.707106781,0.98,2
28606875_MinPolqaSfbRecording_cut.wav,5.0,0.0,0.0,2
30076592_MinPolqaSfbRecording_cut.wav,3.5,0.707106781,0.98,2
30250592_MinPolqaSfbRecording_cut.wav,4.0,0.0,0.0,2
30068637_MinPolqaSfbRecording_cut.wav,4.0,1.414213562,1.96,2
30092344_MinPolqaSfbRecording_cut.wav,4.5,0.707106781,0.98,2
30068502_MinPolqaSfbRecording_cut.wav,3.0,0.707106781,0.619806421,5
28149146_MinPolqaSfbRecording_cut.wav,4.0,0.707106781,0.619806421,5
30450645_MinPolqaSfbRecording_cut.wav,1.4,0.894427191,0.784,5
30132322_MinPolqaSfbRecording_cut.wav,3.8,0.447213595,0.392,5
30137561_MinPolqaSfbRecording_cut.wav,2.0,1.224744871,1.073536213,5
30421166_MinPolqaSfbRecording_cut.wav,3.0,1.0,0.876538647,5
28910380_MinPolqaSfbRecording_cut.wav,4.2,0.836660027,0.733364848,5
30482440_MinPolqaSfbRecording_cut.wav,2.4,0.547722558,0.48009999,5
30206093_MinPolqaSfbRecording_cut.wav,2.5,1.732050808,1.697409791,4
30205171_MinPolqaSfbRecording_cut.wav,2.0,1.414213562,1.385929291,4
29537026_MinPolqaSfbRecording_cut.wav,3.0,1.154700538,1.131606528,4
30211000_MinPolqaSfbRecording_cut.wav,3.5,1.0,0.98,4
30455947_MinPolqaSfbRecording_cut.wav,3.25,1.707825128,1.673668625,4
30148007_MinPolqaSfbRecording_cut.wav,2.25,1.258305739,1.233139624,4
30119005_MinPolqaSfbRecording_cut.wav,2.5,1.290994449,1.26517456,4
30182765_MinPolqaSfbRecording_cut.wav,2.25,1.258305739,1.233139624,4
30163603_MinPolqaSfbRecording_cut.wav,1.6,0.894427191,0.784,5
30071638_MinPolqaSfbRecording_cut.wav,2.0,0.707106781,0.619806421,5
28513644_MinPolqaSfbRecording_cut.wav,3.8,0.836660027,0.733364848,5
30099125_MinPolqaSfbRecording_cut.wav,1.8,1.303840481,1.142866571,5
30205582_MinPolqaSfbRecording_cut.wav,1.8,0.447213595,0.392,5
30128438_MinPolqaSfbRecording_cut.wav,3.4,0.894427191,0.784,5
30505810_MinPolqaSfbRecording_cut.wav,3.4,0.894427191,0.784,5
30194390_MinPolqaSfbRecording_cut.wav,2.2,1.095445115,0.960199979,5
30096226_MinPolqaSfbRecording_cut.wav,3.75,0.957427108,0.938278566,4
30154885_MinPolqaSfbRecording_cut.wav,3.5,1.290994449,1.26517456,4
30149207_MinPolqaSfbRecording_cut.wav,2.0,1.414213562,1.385929291,4
30512111_MinPolqaSfbRecording_cut.wav,2.0,1.414213562,1.385929291,4
28953349_MinPolqaSfbRecording_cut.wav,3.5,1.0,0.98,4
28909630_MinPolqaSfbRecording_cut.wav,4.25,0.957427108,0.938278566,4
28350205_MinPolqaSfbRecording_cut.wav,3.5,1.0,0.98,4
30117570_MinPolqaSfbRecording_cut.wav,3.0,1.0,0.876538647,5
30106415_MinPolqaSfbRecording_cut.wav,3.6,0.547722558,0.48009999,5
30084015_MinPolqaSfbRecording_cut.wav,3.0,1.0,0.876538647,5
30156151_MinPolqaSfbRecording_cut.wav,3.6,0.547722558,0.48009999,5
30444870_MinPolqaSfbRecording_cut.wav,2.4,1.140175425,0.999407825,5
30422761_MinPolqaSfbRecording_cut.wav,3.2,0.447213595,0.392,5
29529773_MinPolqaSfbRecording_cut.wav,2.2,1.095445115,0.960199979,5
30513362_MinPolqaSfbRecording_cut.wav,3.2,0.836660027,0.733364848,5
28136344_MinPolqaSfbRecording_cut.wav,4.25,0.5,0.49,4
30091367_MinPolqaSfbRecording_cut.wav,3.75,0.957427108,0.938278566,4
30467433_MinPolqaSfbRecording_cut.wav,3.75,0.5,0.49,4
30147649_MinPolqaSfbRecording_cut.wav,3.0,0.816496581,0.800166649,4
30487613_MinPolqaSfbRecording_cut.wav,4.25,0.957427108,0.938278566,4
30065231_MinPolqaSfbRecording_cut.wav,4.0,0.816496581,0.800166649,4
30151269_MinPolqaSfbRecording_cut.wav,3.0,0.816496581,0.800166649,4
30106932_MinPolqaSfbRecording_cut.wav,2.5,1.0,0.98,4
27885236_MinPolqaSfbRecording_cut.wav,3.75,0.957427108,0.938278566,4
30103230_MinPolqaSfbRecording_cut.wav,2.75,1.258305739,1.233139624,4
30474071_MinPolqaSfbRecording_cut.wav,2.75,0.957427108,0.938278566,4
28085114_MinPolqaSfbRecording_cut.wav,3.5,1.290994449,1.26517456,4
28781791_MinPolqaSfbRecording_cut.wav,3.5,0.577350269,0.565803264,4
30133881_MinPolqaSfbRecording_cut.wav,4.0,0.816496581,0.800166649,4
27658888_MinPolqaSfbRecording_cut.wav,3.25,0.957427108,0.938278566,4
30452132_MinPolqaSfbRecording_cut.wav,3.5,0.577350269,0.565803264,4
30135669_MinPolqaSfbRecording_cut.wav,3.333333333,0.577350269,0.653333333,3
27899116_MinPolqaSfbRecording_cut.wav,3.666666667,0.577350269,0.653333333,3
30492812_MinPolqaSfbRecording_cut.wav,2.333333333,0.577350269,0.653333333,3
30113575_MinPolqaSfbRecording_cut.wav,1.333333333,0.577350269,0.653333333,3
30213501_MinPolqaSfbRecording_cut.wav,4.0,1.0,1.131606528,3
30064067_MinPolqaSfbRecording_cut.wav,4.666666667,0.577350269,0.653333333,3
27669167_MinPolqaSfbRecording_cut.wav,4.666666667,0.577350269,0.653333333,3
28956030_MinPolqaSfbRecording_cut.wav,4.0,1.0,1.131606528,3
30492123_MinPolqaSfbRecording_cut.wav,4.333333333,0.577350269,0.653333333,3
30135750_MinPolqaSfbRecording_cut.wav,4.0,1.0,1.131606528,3
27863306_MinPolqaSfbRecording_cut.wav,4.666666667,0.577350269,0.653333333,3
30427266_MinPolqaSfbRecording_cut.wav,2.333333333,2.309401077,2.613333333,3
30213427_MinPolqaSfbRecording_cut.wav,3.666666667,0.577350269,0.653333333,3
28838705_MinPolqaSfbRecording_cut.wav,4.333333333,0.577350269,0.653333333,3
28196067_MinPolqaSfbRecording_cut.wav,4.666666667,0.577350269,0.653333333,3
30095474_MinPolqaSfbRecording_cut.wav,3.0,1.0,1.131606528,3
30080814_MinPolqaSfbRecording_cut.wav,4.0,0.0,0.0,3
27789708_MinPolqaSfbRecording_cut.wav,4.333333333,0.577350269,0.653333333,3
30500764_MinPolqaSfbRecording_cut.wav,3.666666667,0.577350269,0.653333333,3
30509537_MinPolqaSfbRecording_cut.wav,3.333333333,1.154700538,1.306666667,3
30212069_MinPolqaSfbRecording_cut.wav,3.333333333,0.577350269,0.653333333,3
30205240_MinPolqaSfbRecording_cut.wav,3.0,1.0,1.131606528,3
30446213_MinPolqaSfbRecording_cut.wav,3.0,0.0,0.0,3
27729059_MinPolqaSfbRecording_cut.wav,4.0,0.816496581,0.800166649,4
30192820_MinPolqaSfbRecording_cut.wav,3.75,0.5,0.49,4
28919201_MinPolqaSfbRecording_cut.wav,4.75,0.5,0.49,4
30106965_MinPolqaSfbRecording_cut.wav,4.0,0.816496581,0.800166649,4
30068456_MinPolqaSfbRecording_cut.wav,3.5,0.577350269,0.565803264,4
30249604_MinPolqaSfbRecording_cut.wav,3.25,0.5,0.49,4
30403892_MinPolqaSfbRecording_cut.wav,4.25,0.5,0.49,4
28088628_MinPolqaSfbRecording_cut.wav,4.75,0.5,0.49,4
30069925_MinPolqaSfbRecording_cut.wav,2.333333333,0.577350269,0.653333333,3
30097989_MinPolqaSfbRecording_cut.wav,1.333333333,0.577350269,0.653333333,3
30064006_MinPolqaSfbRecording_cut.wav,3.666666667,1.154700538,1.306666667,3
30500766_MinPolqaSfbRecording_cut.wav,2.333333333,0.577350269,0.653333333,3
30144969_MinPolqaSfbRecording_cut.wav,3.0,0.0,0.0,3
30430365_MinPolqaSfbRecording_cut.wav,1.0,0.0,0.0,3
27633333_MinPolqaSfbRecording_cut.wav,4.0,1.0,1.131606528,3
30472631_MinPolqaSfbRecording_cut.wav,2.333333333,1.154700538,1.306666667,3
28050070_MinPolqaSfbRecording_cut.wav,3.666666667,1.154700538,1.306666667,3
28688687_MinPolqaSfbRecording_cut.wav,3.666666667,1.154700538,1.306666667,3
30427587_MinPolqaSfbRecording_cut.wav,2.75,1.5,1.47,4
30100581_MinPolqaSfbRecording_cut.wav,3.75,0.5,0.49,4
30399244_MinPolqaSfbRecording_cut.wav,3.5,0.577350269,0.565803264,4
30487568_MinPolqaSfbRecording_cut.wav,4.0,0.816496581,0.800166649,4
27656941_MinPolqaSfbRecording_cut.wav,3.75,0.5,0.49,4
30173242_MinPolqaSfbRecording_cut.wav,3.0,1.825741858,1.789227021,4
30408795_MinPolqaSfbRecording_cut.wav,1.0,0.0,0.0,3
30263395_MinPolqaSfbRecording_cut.wav,2.333333333,1.527525232,1.728557523,3
30510778_MinPolqaSfbRecording_cut.wav,2.0,1.0,1.131606528,3
28172188_MinPolqaSfbRecording_cut.wav,2.0,1.0,1.131606528,3
30445810_MinPolqaSfbRecording_cut.wav,1.0,0.0,0.0,3
30179591_MinPolqaSfbRecording_cut.wav,3.0,1.732050808,1.96,3
27870997_MinPolqaSfbRecording_cut.wav,3.0,1.0,1.131606528,3
30488111_MinPolqaSfbRecording_cut.wav,1.333333333,0.577350269,0.653333333,3
30141275_MinPolqaSfbRecording_cut.wav,2.0,1.0,1.131606528,3
30158873_MinPolqaSfbRecording_cut.wav,1.666666667,0.577350269,0.653333333,3
27595285_MinPolqaSfbRecording_cut.wav,3.333333333,0.577350269,0.653333333,3
30520219_MinPolqaSfbRecording_cut.wav,1.666666667,0.577350269,0.653333333,3
30489096_MinPolqaSfbRecording_cut.wav,1.333333333,0.577350269,0.653333333,3
30068958_MinPolqaSfbRecording_cut.wav,2.333333333,1.154700538,1.306666667,3
27738518_MinPolqaSfbRecording_cut.wav,3.333333333,0.577350269,0.653333333,3
30431328_MinPolqaSfbRecording_cut.wav,2.666666667,0.577350269,0.653333333,3
30262062_MinPolqaSfbRecording_cut.wav,1.666666667,0.577350269,0.653333333,3
30255449_MinPolqaSfbRecording_cut.wav,2.0,0.0,0.0,3
27791485_MinPolqaSfbRecording_cut.wav,3.333333333,0.577350269,0.653333333,3
30172188_MinPolqaSfbRecording_cut.wav,2.666666667,0.577350269,0.653333333,3
30423905_MinPolqaSfbRecording_cut.wav,1.666666667,0.577350269,0.653333333,3
30156831_MinPolqaSfbRecording_cut.wav,4.0,0.0,0.0,3
30257859_MinPolqaSfbRecording_cut.wav,1.0,0.0,0.0,3
30436927_MinPolqaSfbRecording_cut.wav,3.0,1.0,1.131606528,3
30508921_MinPolqaSfbRecording_cut.wav,3.333333333,0.577350269,0.653333333,3
30154257_MinPolqaSfbRecording_cut.wav,4.0,0.0,0.0,3
30441881_MinPolqaSfbRecording_cut.wav,3.666666667,0.577350269,0.653333333,3
30185588_MinPolqaSfbRecording_cut.wav,3.333333333,0.577350269,0.653333333,3
30062308_MinPolqaSfbRecording_cut.wav,2.333333333,1.154700538,1.306666667,3
30136168_MinPolqaSfbRecording_cut.wav,5.0,0.0,0.0,3
30492653_MinPolqaSfbRecording_cut.wav,3.333333333,1.527525232,1.728557523,3
27723505_MinPolqaSfbRecording_cut.wav,4.666666667,0.577350269,0.653333333,3
28913226_MinPolqaSfbRecording_cut.wav,4.666666667,0.577350269,0.653333333,3
30415864_MinPolqaSfbRecording_cut.wav,2.666666667,1.527525232,1.728557523,3
29539457_MinPolqaSfbRecording_cut.wav,3.25,1.707825128,1.673668625,4
28183248_MinPolqaSfbRecording_cut.wav,3.75,1.258305739,1.233139624,4
28729421_MinPolqaSfbRecording_cut.wav,3.5,1.0,0.98,4
30185885_MinPolqaSfbRecording_cut.wav,2.5,1.290994449,1.26517456,4
30192989_MinPolqaSfbRecording_cut.wav,3.5,1.914854216,1.876557131,4
30423833_MinPolqaSfbRecording_cut.wav,4.0,1.154700538,1.131606528,4
28782404_MinPolqaSfbRecording_cut.wav,3.75,1.258305739,1.233139624,4
30260869_MinPolqaSfbRecording_cut.wav,3.25,1.707825128,1.673668625,4
30090439_MinPolqaSfbRecording_cut.wav,3.5,1.0,0.98,4
28825946_MinPolqaSfbRecording_cut.wav,3.5,1.0,0.98,4
30128777_MinPolqaSfbRecording_cut.wav,4.25,0.957427108,0.938278566,4
30449062_MinPolqaSfbRecording_cut.wav,3.0,1.414213562,1.385929291,4
30200848_MinPolqaSfbRecording_cut.wav,3.25,1.5,1.47,4
30515193_MinPolqaSfbRecording_cut.wav,3.0,0.816496581,0.800166649,4
30148136_MinPolqaSfbRecording_cut.wav,4.0,0.816496581,0.800166649,4
30421171_MinPolqaSfbRecording_cut.wav,4.0,0.0,0.0,4
28966669_MinPolqaSfbRecording_cut.wav,4.0,0.816496581,0.800166649,4
30195547_MinPolqaSfbRecording_cut.wav,4.0,0.816496581,0.800166649,4
30410555_MinPolqaSfbRecording_cut.wav,2.2,1.303840481,1.142866571,5
30059379_MinPolqaSfbRecording_cut.wav,3.6,0.547722558,0.48009999,5
27958280_MinPolqaSfbRecording_cut.wav,4.2,0.447213595,0.392,5
30147113_MinPolqaSfbRecording_cut.wav,2.8,1.483239697,1.300116918,5
30166281_MinPolqaSfbRecording_cut.wav,4.0,0.0,0.0,5
27942711_MinPolqaSfbRecording_cut.wav,4.0,0.707106781,0.619806421,5
30210727_MinPolqaSfbRecording_cut.wav,3.0,1.414213562,1.239612843,5
30198267_MinPolqaSfbRecording_cut.wav,3.0,1.0,0.876538647,5
30466447_MinPolqaSfbRecording_cut.wav,3.0,0.707106781,0.619806421,5
30497557_MinPolqaSfbRecording_cut.wav,3.4,0.894427191,0.784,5
28222293_MinPolqaSfbRecording_cut.wav,4.0,0.0,0.0,5
30529141_MinPolqaSfbRecording_cut.wav,3.0,1.0,0.876538647,5
30177412_MinPolqaSfbRecording_cut.wav,3.8,0.447213595,0.392,5
30432086_MinPolqaSfbRecording_cut.wav,3.6,0.547722558,0.48009999,5
30104782_MinPolqaSfbRecording_cut.wav,3.4,0.547722558,0.48009999,5
30491524_MinPolqaSfbRecording_cut.wav,2.0,1.414213562,1.385929291,4
30513801_MinPolqaSfbRecording_cut.wav,3.25,0.5,0.49,4
30129312_MinPolqaSfbRecording_cut.wav,3.75,0.5,0.49,4
30523228_MinPolqaSfbRecording_cut.wav,1.75,0.957427108,0.938278566,4
30089192_MinPolqaSfbRecording_cut.wav,2.25,1.258305739,1.233139624,4
30088493_MinPolqaSfbRecording_cut.wav,2.25,1.258305739,1.233139624,4
30064416_MinPolqaSfbRecording_cut.wav,3.5,0.577350269,0.565803264,4
30086792_MinPolqaSfbRecording_cut.wav,4.25,0.5,0.49,4
30103256_MinPolqaSfbRecording_cut.wav,3.25,0.5,0.49,4
28771199_MinPolqaSfbRecording_cut.wav,3.75,0.5,0.49,4
30454075_MinPolqaSfbRecording_cut.wav,2.75,1.5,1.47,4
30469564_MinPolqaSfbRecording_cut.wav,2.5,1.290994449,1.26517456,4
30142285_MinPolqaSfbRecording_cut.wav,4.0,0.816496581,0.800166649,4
30122176_MinPolqaSfbRecording_cut.wav,2.5,1.290994449,1.26517456,4
30423832_MinPolqaSfbRecording_cut.wav,4.0,0.816496581,0.800166649,4
30157130_MinPolqaSfbRecording_cut.wav,3.5,1.290994449,1.26517456,4
30429062_MinPolqaSfbRecording_cut.wav,3.25,0.957427108,0.938278566,4
27608277_MinPolqaSfbRecording_cut.wav,3.75,1.258305739,1.233139624,4
30530971_MinPolqaSfbRecording_cut.wav,2.0,0.0,0.0,3
28207882_MinPolqaSfbRecording_cut.wav,3.0,0.0,0.0,3
30095498_MinPolqaSfbRecording_cut.wav,3.333333333,0.577350269,0.653333333,3
30171394_MinPolqaSfbRecording_cut.wav,2.0,1.0,1.131606528,3
30468596_MinPolqaSfbRecording_cut.wav,3.666666667,0.577350269,0.653333333,3
30065348_MinPolqaSfbRecording_cut.wav,4.0,0.0,0.0,3
30197838_MinPolqaSfbRecording_cut.wav,2.666666667,0.577350269,0.653333333,3
30101203_MinPolqaSfbRecording_cut.wav,3.5,0.577350269,0.565803264,4
30490431_MinPolqaSfbRecording_cut.wav,4.0,0.816496581,0.800166649,4
27786324_MinPolqaSfbRecording_cut.wav,3.75,0.957427108,0.938278566,4
28792038_MinPolqaSfbRecording_cut.wav,4.0,0.816496581,0.800166649,4
28802420_MinPolqaSfbRecording_cut.wav,4.25,0.957427108,0.938278566,4
30416360_MinPolqaSfbRecording_cut.wav,3.0,0.816496581,0.800166649,4
29538755_MinPolqaSfbRecording_cut.wav,3.5,0.577350269,0.565803264,4
28424602_MinPolqaSfbRecording_cut.wav,2.666666667,1.527525232,1.728557523,3
30250645_MinPolqaSfbRecording_cut.wav,2.0,1.0,1.131606528,3
30201512_MinPolqaSfbRecording_cut.wav,2.0,1.732050808,1.96,3
30066372_MinPolqaSfbRecording_cut.wav,2.333333333,1.527525232,1.728557523,3
30409701_MinPolqaSfbRecording_cut.wav,3.333333333,1.154700538,1.306666667,3
30078389_MinPolqaSfbRecording_cut.wav,2.0,1.732050808,1.96,3
30102939_MinPolqaSfbRecording_cut.wav,3.666666667,1.527525232,1.728557523,3
30480888_MinPolqaSfbRecording_cut.wav,2.666666667,2.081665999,2.355626833,3
30158178_MinPolqaSfbRecording_cut.wav,2.4,1.140175425,0.999407825,5
30078941_MinPolqaSfbRecording_cut.wav,4.0,0.707106781,0.619806421,5
30456210_MinPolqaSfbRecording_cut.wav,2.0,1.732050808,1.518209472,5
30423985_MinPolqaSfbRecording_cut.wav,3.4,1.140175425,0.999407825,5
30110353_MinPolqaSfbRecording_cut.wav,3.8,0.836660027,0.733364848,5
30158049_MinPolqaSfbRecording_cut.wav,2.6,1.140175425,0.999407825,5
28250997_MinPolqaSfbRecording_cut.wav,3.8,0.447213595,0.392,5
30472858_MinPolqaSfbRecording_cut.wav,3.6,0.547722558,0.48009999,5
30174180_MinPolqaSfbRecording_cut.wav,3.333333333,0.577350269,0.653333333,3
30527886_MinPolqaSfbRecording_cut.wav,4.333333333,0.577350269,0.653333333,3
30199804_MinPolqaSfbRecording_cut.wav,3.0,0.0,0.0,3
30402700_MinPolqaSfbRecording_cut.wav,4.666666667,0.577350269,0.653333333,3
30096346_MinPolqaSfbRecording_cut.wav,3.333333333,0.577350269,0.653333333,3
30255150_MinPolqaSfbRecording_cut.wav,4.333333333,0.577350269,0.653333333,3
30065771_MinPolqaSfbRecording_cut.wav,3.333333333,0.577350269,0.653333333,3
28584992_MinPolqaSfbRecording_cut.wav,4.75,0.5,0.49,4
30181683_MinPolqaSfbRecording_cut.wav,3.25,0.957427108,0.938278566,4
30068443_MinPolqaSfbRecording_cut.wav,4.0,1.154700538,1.131606528,4
30523782_MinPolqaSfbRecording_cut.wav,2.25,1.258305739,1.233139624,4
28707384_MinPolqaSfbRecording_cut.wav,5.0,0.0,0.0,4
30158379_MinPolqaSfbRecording_cut.wav,2.5,1.290994449,1.26517456,4
29543741_MinPolqaSfbRecording_cut.wav,2.75,0.957427108,0.938278566,4
30514137_MinPolqaSfbRecording_cut.wav,3.25,0.957427108,0.938278566,4
30162126_MinPolqaSfbRecording_cut.wav,3.75,0.957427108,0.938278566,4
30189805_MinPolqaSfbRecording_cut.wav,3.0,1.154700538,1.131606528,4
30183829_MinPolqaSfbRecording_cut.wav,3.5,1.732050808,1.697409791,4
30176667_MinPolqaSfbRecording_cut.wav,3.25,0.957427108,0.938278566,4
30519588_MinPolqaSfbRecording_cut.wav,3.75,0.5,0.49,4
29532175_MinPolqaSfbRecording_cut.wav,2.75,0.5,0.49,4
30475163_MinPolqaSfbRecording_cut.wav,3.75,0.5,0.49,4
30102102_MinPolqaSfbRecording_cut.wav,3.0,1.0,1.131606528,3
30406666_MinPolqaSfbRecording_cut.wav,4.666666667,0.577350269,0.653333333,3
29032062_MinPolqaSfbRecording_cut.wav,3.666666667,0.577350269,0.653333333,3
29533230_MinPolqaSfbRecording_cut.wav,4.0,1.0,1.131606528,3
29542103_MinPolqaSfbRecording_cut.wav,4.0,0.0,0.0,3
30091769_MinPolqaSfbRecording_cut.wav,4.0,0.0,0.0,3
27694196_MinPolqaSfbRecording_cut.wav,4.666666667,0.577350269,0.653333333,3
30406741_MinPolqaSfbRecording_cut.wav,4.666666667,0.577350269,0.653333333,3
29539736_MinPolqaSfbRecording_cut.wav,3.0,1.0,1.131606528,3
30509918_MinPolqaSfbRecording_cut.wav,2.666666667,1.154700538,1.306666667,3
30411963_MinPolqaSfbRecording_cut.wav,3.333333333,0.577350269,0.653333333,3
30508213_MinPolqaSfbRecording_cut.wav,3.333333333,1.527525232,1.728557523,3
30177425_MinPolqaSfbRecording_cut.wav,3.0,1.0,1.131606528,3
30199512_MinPolqaSfbRecording_cut.wav,2.333333333,1.527525232,1.728557523,3
30194697_MinPolqaSfbRecording_cut.wav,3.0,1.732050808,1.96,3
30154204_MinPolqaSfbRecording_cut.wav,1.333333333,0.577350269,0.653333333,3
28981818_MinPolqaSfbRecording_cut.wav,3.0,1.0,1.131606528,3
30183588_MinPolqaSfbRecording_cut.wav,3.0,1.0,1.131606528,3
30526411_MinPolqaSfbRecording_cut.wav,4.5,0.707106781,0.98,2
30108381_MinPolqaSfbRecording_cut.wav,4.5,0.707106781,0.98,2
30501263_MinPolqaSfbRecording_cut.wav,4.0,0.0,0.0,2
30505268_MinPolqaSfbRecording_cut.wav,4.0,0.0,0.0,2
28466848_MinPolqaSfbRecording_cut.wav,4.0,0.0,0.0,2
30446218_MinPolqaSfbRecording_cut.wav,4.0,1.414213562,1.96,2
30063099_MinPolqaSfbRecording_cut.wav,3.5,0.707106781,0.98,2
30432147_MinPolqaSfbRecording_cut.wav,4.0,1.414213562,1.96,2
30104646_MinPolqaSfbRecording_cut.wav,4.0,0.0,0.0,2
27659879_MinPolqaSfbRecording_cut.wav,2.666666667,0.577350269,0.653333333,3
30410157_MinPolqaSfbRecording_cut.wav,2.666666667,1.527525232,1.728557523,3
30501562_MinPolqaSfbRecording_cut.wav,2.666666667,1.527525232,1.728557523,3
30067532_MinPolqaSfbRecording_cut.wav,3.333333333,0.577350269,0.653333333,3
30212284_MinPolqaSfbRecording_cut.wav,3.0,1.0,1.131606528,3
30175332_MinPolqaSfbRecording_cut.wav,3.333333333,1.154700538,1.306666667,3
28767893_MinPolqaSfbRecording_cut.wav,4.0,0.0,0.0,3
30262316_MinPolqaSfbRecording_cut.wav,2.0,1.0,1.131606528,3
30446393_MinPolqaSfbRecording_cut.wav,3.333333333,0.577350269,0.653333333,3
30490033_MinPolqaSfbRecording_cut.wav,3.0,2.0,2.263213055,3
30263869_MinPolqaSfbRecording_cut.wav,4.0,0.707106781,0.619806421,5
28484728_MinPolqaSfbRecording_cut.wav,4.2,0.836660027,0.733364848,5
30105216_MinPolqaSfbRecording_cut.wav,2.4,1.341640786,1.176,5
30432148_MinPolqaSfbRecording_cut.wav,3.6,1.140175425,0.999407825,5
28440364_MinPolqaSfbRecording_cut.wav,3.8,0.447213595,0.392,5
30151430_MinPolqaSfbRecording_cut.wav,2.6,1.516575089,1.329336677,5
30530647_MinPolqaSfbRecording_cut.wav,4.0,1.0,0.876538647,5
30162936_MinPolqaSfbRecording_cut.wav,2.6,1.516575089,1.329336677,5
30413624_MinPolqaSfbRecording_cut.wav,2.8,0.836660027,0.733364848,5
28487763_MinPolqaSfbRecording_cut.wav,4.4,0.894427191,0.784,5
30168652_MinPolqaSfbRecording_cut.wav,2.6,1.341640786,1.176,5
30515273_MinPolqaSfbRecording_cut.wav,1.2,0.447213595,0.392,5
27922195_MinPolqaSfbRecording_cut.wav,4.2,0.836660027,0.733364848,5
30169857_MinPolqaSfbRecording_cut.wav,2.4,1.516575089,1.329336677,5
30065961_MinPolqaSfbRecording_cut.wav,3.0,1.414213562,1.239612843,5
28626814_MinPolqaSfbRecording_cut.wav,4.6,0.547722558,0.48009999,5
30102638_MinPolqaSfbRecording_cut.wav,3.75,0.957427108,0.938278566,4
30105487_MinPolqaSfbRecording_cut.wav,3.5,1.290994449,1.26517456,4
30086883_MinPolqaSfbRecording_cut.wav,2.25,1.258305739,1.233139624,4
30195379_MinPolqaSfbRecording_cut.wav,3.75,0.957427108,0.938278566,4
30258531_MinPolqaSfbRecording_cut.wav,2.75,1.707825128,1.673668625,4
29534832_MinPolqaSfbRecording_cut.wav,2.5,1.914854216,1.876557131,4
30060671_MinPolqaSfbRecording_cut.wav,3.75,0.957427108,0.938278566,4
30424398_MinPolqaSfbRecording_cut.wav,3.25,1.5,1.47,4
30102088_MinPolqaSfbRecording_cut.wav,2.0,0.816496581,0.800166649,4
30160427_MinPolqaSfbRecording_cut.wav,2.0,0.816496581,0.800166649,4
30411065_MinPolqaSfbRecording_cut.wav,1.25,0.5,0.49,4
30500733_MinPolqaSfbRecording_cut.wav,3.75,1.258305739,1.233139624,4
30201669_MinPolqaSfbRecording_cut.wav,2.0,0.816496581,0.800166649,4
28554142_MinPolqaSfbRecording_cut.wav,4.666666667,0.577350269,0.653333333,3
28653969_MinPolqaSfbRecording_cut.wav,4.333333333,0.577350269,0.653333333,3
30162010_MinPolqaSfbRecording_cut.wav,4.0,1.0,1.131606528,3
30069703_MinPolqaSfbRecording_cut.wav,4.0,1.0,1.131606528,3
30179849_MinPolqaSfbRecording_cut.wav,3.666666667,1.154700538,1.306666667,3
30250070_MinPolqaSfbRecording_cut.wav,4.0,1.732050808,1.96,3
30468748_MinPolqaSfbRecording_cut.wav,3.0,1.0,1.131606528,3
30529138_MinPolqaSfbRecording_cut.wav,3.0,1.0,1.131606528,3
30117786_MinPolqaSfbRecording_cut.wav,2.75,0.957427108,0.938278566,4
30450643_MinPolqaSfbRecording_cut.wav,2.75,0.957427108,0.938278566,4
30509432_MinPolqaSfbRecording_cut.wav,3.5,1.0,0.98,4
28038762_MinPolqaSfbRecording_cut.wav,4.5,0.577350269,0.565803264,4
30489224_MinPolqaSfbRecording_cut.wav,3.75,0.957427108,0.938278566,4
27711555_MinPolqaSfbRecording_cut.wav,4.0,1.154700538,1.131606528,4
28772556_MinPolqaSfbRecording_cut.wav,3.75,0.957427108,0.938278566,4
28338578_MinPolqaSfbRecording_cut.wav,2.6,1.341640786,1.176,5
30177889_MinPolqaSfbRecording_cut.wav,4.0,0.707106781,0.619806421,5
28759377_MinPolqaSfbRecording_cut.wav,4.2,0.447213595,0.392,5
28814207_MinPolqaSfbRecording_cut.wav,4.0,0.707106781,0.619806421,5
30102847_MinPolqaSfbRecording_cut.wav,2.4,1.673320053,1.466729696,5
30117521_MinPolqaSfbRecording_cut.wav,4.0,0.707106781,0.619806421,5
30063097_MinPolqaSfbRecording_cut.wav,3.0,1.58113883,1.385929291,5
30076475_MinPolqaSfbRecording_cut.wav,3.5,1.290994449,1.26517456,4
27861185_MinPolqaSfbRecording_cut.wav,4.75,0.5,0.49,4
30110676_MinPolqaSfbRecording_cut.wav,2.5,1.290994449,1.26517456,4
30090345_MinPolqaSfbRecording_cut.wav,3.5,0.577350269,0.565803264,4
30213623_MinPolqaSfbRecording_cut.wav,4.25,0.5,0.49,4
28286957_MinPolqaSfbRecording_cut.wav,4.75,0.5,0.49,4
30426192_MinPolqaSfbRecording_cut.wav,2.25,1.258305739,1.233139624,4
30423848_MinPolqaSfbRecording_cut.wav,3.75,0.957427108,0.938278566,4
29046751_MinPolqaSfbRecording_cut.wav,4.0,,,1
30200172_MinPolqaSfbRecording_cut.wav,3.0,,,1
28631868_MinPolqaSfbRecording_cut.wav,4.0,,,1
30083892_MinPolqaSfbRecording_cut.wav,4.0,,,1
30066632_MinPolqaSfbRecording_cut.wav,4.0,,,1
28286026_MinPolqaSfbRecording_cut.wav,4.0,,,1
30421196_MinPolqaSfbRecording_cut.wav,4.0,,,1
30133244_MinPolqaSfbRecording_cut.wav,5.0,,,1
30080895_MinPolqaSfbRecording_cut.wav,3.666666667,1.154700538,1.306666667,3
30207748_MinPolqaSfbRecording_cut.wav,3.666666667,1.154700538,1.306666667,3
30121366_MinPolqaSfbRecording_cut.wav,2.666666667,1.154700538,1.306666667,3
30073273_MinPolqaSfbRecording_cut.wav,1.666666667,1.154700538,1.306666667,3
30132732_MinPolqaSfbRecording_cut.wav,2.666666667,1.154700538,1.306666667,3
30169717_MinPolqaSfbRecording_cut.wav,3.0,1.0,1.131606528,3
30528668_MinPolqaSfbRecording_cut.wav,1.666666667,0.577350269,0.653333333,3
30157593_MinPolqaSfbRecording_cut.wav,3.0,1.414213562,1.385929291,4
30522002_MinPolqaSfbRecording_cut.wav,2.0,0.816496581,0.800166649,4
30069936_MinPolqaSfbRecording_cut.wav,3.75,0.5,0.49,4
29543844_MinPolqaSfbRecording_cut.wav,2.5,1.0,0.98,4
30106561_MinPolqaSfbRecording_cut.wav,2.0,2.0,1.96,4
30429162_MinPolqaSfbRecording_cut.wav,2.75,0.957427108,0.938278566,4
30429416_MinPolqaSfbRecording_cut.wav,1.75,1.5,1.47,4
27647970_MinPolqaSfbRecording_cut.wav,4.0,0.0,0.0,4
30494047_MinPolqaSfbRecording_cut.wav,4.2,0.836660027,0.733364848,5
30443976_MinPolqaSfbRecording_cut.wav,4.0,0.707106781,0.619806421,5
30409317_MinPolqaSfbRecording_cut.wav,2.6,1.140175425,0.999407825,5
30156474_MinPolqaSfbRecording_cut.wav,3.6,0.547722558,0.48009999,5
30137581_MinPolqaSfbRecording_cut.wav,2.4,1.140175425,0.999407825,5
30146668_MinPolqaSfbRecording_cut.wav,3.8,0.836660027,0.733364848,5
30126808_MinPolqaSfbRecording_cut.wav,3.4,1.140175425,0.999407825,5
28117220_MinPolqaSfbRecording_cut.wav,4.2,0.447213595,0.392,5
30414154_MinPolqaSfbRecording_cut.wav,3.75,0.957427108,0.938278566,4
30258488_MinPolqaSfbRecording_cut.wav,4.0,0.816496581,0.800166649,4
30100018_MinPolqaSfbRecording_cut.wav,3.25,1.258305739,1.233139624,4
30508832_MinPolqaSfbRecording_cut.wav,4.25,0.5,0.49,4
29537782_MinPolqaSfbRecording_cut.wav,3.25,0.5,0.49,4
30151940_MinPolqaSfbRecording_cut.wav,3.5,1.290994449,1.26517456,4
30070216_MinPolqaSfbRecording_cut.wav,4.0,0.816496581,0.800166649,4
30153742_MinPolqaSfbRecording_cut.wav,3.5,1.290994449,1.26517456,4
27694883_MinPolqaSfbRecording_cut.wav,3.75,0.5,0.49,4
30077986_MinPolqaSfbRecording_cut.wav,3.5,1.0,0.98,4
27830366_MinPolqaSfbRecording_cut.wav,4.25,0.5,0.49,4
30076150_MinPolqaSfbRecording_cut.wav,3.25,0.5,0.49,4
28480265_MinPolqaSfbRecording_cut.wav,4.0,0.0,0.0,4
28775979_MinPolqaSfbRecording_cut.wav,4.0,0.816496581,0.800166649,4
30106479_MinPolqaSfbRecording_cut.wav,3.75,0.957427108,0.938278566,4
28618442_MinPolqaSfbRecording_cut.wav,3.5,0.577350269,0.565803264,4
30161553_MinPolqaSfbRecording_cut.wav,3.25,1.5,1.47,4
30427359_MinPolqaSfbRecording_cut.wav,3.0,1.414213562,1.385929291,4
28358393_MinPolqaSfbRecording_cut.wav,4.0,0.0,0.0,4
27514278_MinPolqaSfbRecording_cut.wav,4.0,0.816496581,0.800166649,4
30465330_MinPolqaSfbRecording_cut.wav,2.25,0.5,0.49,4
30081414_MinPolqaSfbRecording_cut.wav,3.75,0.5,0.49,4
30166240_MinPolqaSfbRecording_cut.wav,2.75,0.5,0.49,4
30174739_MinPolqaSfbRecording_cut.wav,3.75,0.5,0.49,4
30528499_MinPolqaSfbRecording_cut.wav,3.25,0.5,0.49,4
29556340_MinPolqaSfbRecording_cut.wav,2.25,0.5,0.49,4
30082284_MinPolqaSfbRecording_cut.wav,3.0,0.0,0.0,4
28853132_MinPolqaSfbRecording_cut.wav,3.75,0.5,0.49,4
30405352_MinPolqaSfbRecording_cut.wav,3.5,1.290994449,1.26517456,4
30450639_MinPolqaSfbRecording_cut.wav,1.75,0.957427108,0.938278566,4
30114060_MinPolqaSfbRecording_cut.wav,3.5,1.0,0.98,4
27759209_MinPolqaSfbRecording_cut.wav,3.25,1.258305739,1.233139624,4
30151984_MinPolqaSfbRecording_cut.wav,4.25,0.5,0.49,4
28658029_MinPolqaSfbRecording_cut.wav,3.75,1.258305739,1.233139624,4
28972235_MinPolqaSfbRecording_cut.wav,3.25,0.957427108,0.938278566,4
30118422_MinPolqaSfbRecording_cut.wav,3.75,1.258305739,1.233139624,4
30118331_MinPolqaSfbRecording_cut.wav,3.5,1.290994449,1.26517456,4
30165745_MinPolqaSfbRecording_cut.wav,4.5,0.577350269,0.565803264,4
30416306_MinPolqaSfbRecording_cut.wav,2.5,1.732050808,1.697409791,4
29540934_MinPolqaSfbRecording_cut.wav,3.0,1.154700538,1.131606528,4
30437013_MinPolqaSfbRecording_cut.wav,3.5,1.290994449,1.26517456,4
30510476_MinPolqaSfbRecording_cut.wav,3.25,0.957427108,0.938278566,4
28334549_MinPolqaSfbRecording_cut.wav,4.5,0.577350269,0.565803264,4
30206720_MinPolqaSfbRecording_cut.wav,3.2,0.836660027,0.733364848,5
30252261_MinPolqaSfbRecording_cut.wav,4.0,1.224744871,1.073536213,5
30165515_MinPolqaSfbRecording_cut.wav,4.0,1.0,0.876538647,5
28810127_MinPolqaSfbRecording_cut.wav,4.4,0.894427191,0.784,5
30527220_MinPolqaSfbRecording_cut.wav,4.0,1.0,0.876538647,5
30489113_MinPolqaSfbRecording_cut.wav,2.6,1.140175425,0.999407825,5
30129608_MinPolqaSfbRecording_cut.wav,4.0,1.0,0.876538647,5
30252374_MinPolqaSfbRecording_cut.wav,3.6,0.894427191,0.784,5
30422257_MinPolqaSfbRecording_cut.wav,4.0,0.707106781,0.619806421,5
27679771_MinPolqaSfbRecording_cut.wav,3.6,1.140175425,0.999407825,5
30163236_MinPolqaSfbRecording_cut.wav,3.0,0.707106781,0.619806421,5
30102766_MinPolqaSfbRecording_cut.wav,3.4,1.140175425,0.999407825,5
30250220_MinPolqaSfbRecording_cut.wav,3.0,1.414213562,1.239612843,5
30427780_MinPolqaSfbRecording_cut.wav,1.2,0.447213595,0.392,5
28492649_MinPolqaSfbRecording_cut.wav,2.6,0.894427191,0.784,5
30182743_MinPolqaSfbRecording_cut.wav,2.2,1.095445115,0.960199979,5
30102894_MinPolqaSfbRecording_cut.wav,3.6,0.894427191,0.784,5
28798050_MinPolqaSfbRecording_cut.wav,3.0,0.707106781,0.619806421,5
30450201_MinPolqaSfbRecording_cut.wav,3.0,1.414213562,1.385929291,4
30458717_MinPolqaSfbRecording_cut.wav,2.25,1.892969449,1.85511006,4
30163118_MinPolqaSfbRecording_cut.wav,2.5,1.732050808,1.697409791,4
27966555_MinPolqaSfbRecording_cut.wav,3.25,1.258305739,1.233139624,4
30522014_MinPolqaSfbRecording_cut.wav,1.75,1.5,1.47,4
30159582_MinPolqaSfbRecording_cut.wav,1.75,1.5,1.47,4
30119433_MinPolqaSfbRecording_cut.wav,2.75,1.5,1.47,4
30469569_MinPolqaSfbRecording_cut.wav,2.5,1.914854216,1.876557131,4
27834362_MinPolqaSfbRecording_cut.wav,5.0,0.0,0.0,4
30060842_MinPolqaSfbRecording_cut.wav,4.0,1.0,0.876538647,5
30086733_MinPolqaSfbRecording_cut.wav,1.4,0.547722558,0.48009999,5
30484910_MinPolqaSfbRecording_cut.wav,3.4,1.140175425,0.999407825,5
30108716_MinPolqaSfbRecording_cut.wav,3.2,0.836660027,0.733364848,5
30436910_MinPolqaSfbRecording_cut.wav,3.0,0.707106781,0.619806421,5
30063277_MinPolqaSfbRecording_cut.wav,3.6,0.894427191,0.784,5
30158266_MinPolqaSfbRecording_cut.wav,3.0,0.707106781,0.619806421,5
29533340_MinPolqaSfbRecording_cut.wav,2.2,1.303840481,1.142866571,5
30176810_MinPolqaSfbRecording_cut.wav,2.6,0.894427191,0.784,5
30113373_MinPolqaSfbRecording_cut.wav,3.0,0.816496581,0.800166649,4
30258238_MinPolqaSfbRecording_cut.wav,2.75,0.957427108,0.938278566,4
27868227_MinPolqaSfbRecording_cut.wav,4.25,0.5,0.49,4
30528510_MinPolqaSfbRecording_cut.wav,4.5,0.577350269,0.565803264,4
30178607_MinPolqaSfbRecording_cut.wav,3.0,1.154700538,1.131606528,4
30176448_MinPolqaSfbRecording_cut.wav,3.75,1.5,1.47,4
30186160_MinPolqaSfbRecording_cut.wav,2.75,0.957427108,0.938278566,4
30469539_MinPolqaSfbRecording_cut.wav,3.25,0.5,0.49,4
30523274_MinPolqaSfbRecording_cut.wav,2.333333333,1.154700538,1.306666667,3
30098563_MinPolqaSfbRecording_cut.wav,2.333333333,1.527525232,1.728557523,3
30096039_MinPolqaSfbRecording_cut.wav,2.0,1.732050808,1.96,3
27515788_MinPolqaSfbRecording_cut.wav,3.0,0.0,0.0,3
28222810_MinPolqaSfbRecording_cut.wav,2.333333333,1.154700538,1.306666667,3
30401082_MinPolqaSfbRecording_cut.wav,3.333333333,2.081665999,2.355626833,3
30178113_MinPolqaSfbRecording_cut.wav,4.0,1.0,1.131606528,3
30490610_MinPolqaSfbRecording_cut.wav,4.0,1.732050808,1.96,3
28968791_MinPolqaSfbRecording_cut.wav,3.333333333,0.577350269,0.653333333,3
30151999_MinPolqaSfbRecording_cut.wav,3.333333333,2.081665999,2.355626833,3
30454490_MinPolqaSfbRecording_cut.wav,3.333333333,2.081665999,2.355626833,3
28803225_MinPolqaSfbRecording_cut.wav,3.8,0.836660027,0.733364848,5
28016297_MinPolqaSfbRecording_cut.wav,3.8,0.447213595,0.392,5
27599869_MinPolqaSfbRecording_cut.wav,3.4,0.547722558,0.48009999,5
29532214_MinPolqaSfbRecording_cut.wav,3.0,1.0,0.876538647,5
30403617_MinPolqaSfbRecording_cut.wav,3.6,0.547722558,0.48009999,5
30122680_MinPolqaSfbRecording_cut.wav,3.6,0.547722558,0.48009999,5
30433112_MinPolqaSfbRecording_cut.wav,2.6,0.894427191,0.784,5
30527065_MinPolqaSfbRecording_cut.wav,4.2,0.836660027,0.733364848,5
30522640_MinPolqaSfbRecording_cut.wav,2.2,0.836660027,0.733364848,5
30135740_MinPolqaSfbRecording_cut.wav,3.6,0.894427191,0.784,5
30212765_MinPolqaSfbRecording_cut.wav,4.0,1.0,1.131606528,3
29030127_MinPolqaSfbRecording_cut.wav,3.0,1.0,1.131606528,3
30135913_MinPolqaSfbRecording_cut.wav,2.666666667,1.527525232,1.728557523,3
30263805_MinPolqaSfbRecording_cut.wav,2.666666667,0.577350269,0.653333333,3
30422355_MinPolqaSfbRecording_cut.wav,3.333333333,0.577350269,0.653333333,3
30076578_MinPolqaSfbRecording_cut.wav,4.0,1.0,1.131606528,3
28423984_MinPolqaSfbRecording_cut.wav,3.666666667,0.577350269,0.653333333,3
30490528_MinPolqaSfbRecording_cut.wav,3.8,1.095445115,0.960199979,5
30467879_MinPolqaSfbRecording_cut.wav,3.4,0.894427191,0.784,5
30104163_MinPolqaSfbRecording_cut.wav,3.4,0.894427191,0.784,5
30180141_MinPolqaSfbRecording_cut.wav,3.0,1.224744871,1.073536213,5
29534392_MinPolqaSfbRecording_cut.wav,3.4,0.894427191,0.784,5
28837904_MinPolqaSfbRecording_cut.wav,4.0,1.224744871,1.073536213,5
28115355_MinPolqaSfbRecording_cut.wav,3.6,0.547722558,0.48009999,5
30135240_MinPolqaSfbRecording_cut.wav,3.2,1.303840481,1.142866571,5
30149809_MinPolqaSfbRecording_cut.wav,3.6,0.547722558,0.48009999,5
30506323_MinPolqaSfbRecording_cut.wav,1.5,0.707106781,0.98,2
30195196_MinPolqaSfbRecording_cut.wav,2.0,1.414213562,1.96,2
29542439_MinPolqaSfbRecording_cut.wav,3.0,1.414213562,1.96,2
28426320_MinPolqaSfbRecording_cut.wav,3.0,1.414213562,1.96,2
30519936_MinPolqaSfbRecording_cut.wav,2.0,1.414213562,1.96,2
30523072_MinPolqaSfbRecording_cut.wav,1.5,0.707106781,0.98,2
30491578_MinPolqaSfbRecording_cut.wav,2.0,1.414213562,1.96,2
30143037_MinPolqaSfbRecording_cut.wav,1.5,0.707106781,0.98,2
30109080_MinPolqaSfbRecording_cut.wav,2.75,0.5,0.49,4
30182480_MinPolqaSfbRecording_cut.wav,3.5,1.290994449,1.26517456,4
30130833_MinPolqaSfbRecording_cut.wav,3.75,0.5,0.49,4
29013554_MinPolqaSfbRecording_cut.wav,3.0,1.154700538,1.131606528,4
30461006_MinPolqaSfbRecording_cut.wav,3.0,1.154700538,1.131606528,4
30474314_MinPolqaSfbRecording_cut.wav,3.5,1.0,0.98,4
30189676_MinPolqaSfbRecording_cut.wav,4.0,0.707106781,0.619806421,5
30095928_MinPolqaSfbRecording_cut.wav,2.8,1.303840481,1.142866571,5
30180246_MinPolqaSfbRecording_cut.wav,3.0,1.224744871,1.073536213,5
30081248_MinPolqaSfbRecording_cut.wav,4.0,1.0,0.876538647,5
30481235_MinPolqaSfbRecording_cut.wav,3.8,0.447213595,0.392,5
30512560_MinPolqaSfbRecording_cut.wav,4.0,0.707106781,0.619806421,5
30254526_MinPolqaSfbRecording_cut.wav,3.6,1.140175425,0.999407825,5
30127514_MinPolqaSfbRecording_cut.wav,3.0,0.816496581,0.800166649,4
30110131_MinPolqaSfbRecording_cut.wav,3.25,0.957427108,0.938278566,4
30123148_MinPolqaSfbRecording_cut.wav,2.75,0.957427108,0.938278566,4
30184864_MinPolqaSfbRecording_cut.wav,4.0,1.154700538,1.131606528,4
30178554_MinPolqaSfbRecording_cut.wav,4.0,1.154700538,1.131606528,4
30492215_MinPolqaSfbRecording_cut.wav,3.5,0.577350269,0.565803264,4
30109317_MinPolqaSfbRecording_cut.wav,3.666666667,0.577350269,0.653333333,3
30510598_MinPolqaSfbRecording_cut.wav,2.0,0.0,0.0,3
30132485_MinPolqaSfbRecording_cut.wav,1.333333333,0.577350269,0.653333333,3
30129344_MinPolqaSfbRecording_cut.wav,2.333333333,1.154700538,1.306666667,3
30178964_MinPolqaSfbRecording_cut.wav,3.0,0.0,0.0,3
30125780_MinPolqaSfbRecording_cut.wav,2.333333333,1.154700538,1.306666667,3
30110322_MinPolqaSfbRecording_cut.wav,2.666666667,1.527525232,1.728557523,3
27670027_MinPolqaSfbRecording_cut.wav,3.666666667,0.577350269,0.653333333,3
30118220_MinPolqaSfbRecording_cut.wav,3.333333333,0.577350269,0.653333333,3
28156141_MinPolqaSfbRecording_cut.wav,5.0,0.0,0.0,3
30113544_MinPolqaSfbRecording_cut.wav,4.333333333,0.577350269,0.653333333,3
29531944_MinPolqaSfbRecording_cut.wav,4.0,1.0,1.131606528,3
30100186_MinPolqaSfbRecording_cut.wav,4.666666667,0.577350269,0.653333333,3
29532692_MinPolqaSfbRecording_cut.wav,4.0,0.0,0.0,3
30528121_MinPolqaSfbRecording_cut.wav,4.666666667,0.577350269,0.653333333,3
28902444_MinPolqaSfbRecording_cut.wav,5.0,0.0,0.0,3
27788664_MinPolqaSfbRecording_cut.wav,5.0,0.0,0.0,3
30186165_MinPolqaSfbRecording_cut.wav,3.666666667,1.527525232,1.728557523,3
30522602_MinPolqaSfbRecording_cut.wav,4.25,0.957427108,0.938278566,4
30150480_MinPolqaSfbRecording_cut.wav,3.0,0.816496581,0.800166649,4
30489927_MinPolqaSfbRecording_cut.wav,4.25,0.5,0.49,4
30102796_MinPolqaSfbRecording_cut.wav,3.75,0.5,0.49,4
30081749_MinPolqaSfbRecording_cut.wav,2.0,0.816496581,0.800166649,4
28221593_MinPolqaSfbRecording_cut.wav,3.25,0.5,0.49,4
30090983_MinPolqaSfbRecording_cut.wav,3.25,0.5,0.49,4
30095483_MinPolqaSfbRecording_cut.wav,3.25,0.5,0.49,4
30405986_MinPolqaSfbRecording_cut.wav,3.8,0.836660027,0.733364848,5
29027181_MinPolqaSfbRecording_cut.wav,4.4,0.547722558,0.48009999,5
29540187_MinPolqaSfbRecording_cut.wav,4.4,0.547722558,0.48009999,5
30146232_MinPolqaSfbRecording_cut.wav,4.0,0.707106781,0.619806421,5
30255235_MinPolqaSfbRecording_cut.wav,4.4,0.547722558,0.48009999,5
30067517_MinPolqaSfbRecording_cut.wav,2.8,0.836660027,0.733364848,5
30406737_MinPolqaSfbRecording_cut.wav,3.25,1.5,1.47,4
28106352_MinPolqaSfbRecording_cut.wav,3.75,0.5,0.49,4
30060037_MinPolqaSfbRecording_cut.wav,3.25,0.957427108,0.938278566,4
30076119_MinPolqaSfbRecording_cut.wav,3.25,1.5,1.47,4
30408226_MinPolqaSfbRecording_cut.wav,2.5,1.290994449,1.26517456,4
30488661_MinPolqaSfbRecording_cut.wav,3.75,1.892969449,1.85511006,4
30415368_MinPolqaSfbRecording_cut.wav,3.0,0.816496581,0.800166649,4
30079341_MinPolqaSfbRecording_cut.wav,2.25,1.5,1.47,4
30449774_MinPolqaSfbRecording_cut.wav,3.25,1.5,1.47,4
30088775_MinPolqaSfbRecording_cut.wav,3.5,0.577350269,0.565803264,4
28852889_MinPolqaSfbRecording_cut.wav,4.0,0.0,0.0,4
30256757_MinPolqaSfbRecording_cut.wav,3.5,0.577350269,0.565803264,4
30142631_MinPolqaSfbRecording_cut.wav,3.25,0.957427108,0.938278566,4
29533177_MinPolqaSfbRecording_cut.wav,4.75,0.5,0.49,4
30516235_MinPolqaSfbRecording_cut.wav,3.75,0.5,0.49,4
30445685_MinPolqaSfbRecording_cut.wav,2.5,0.577350269,0.565803264,4
30490592_MinPolqaSfbRecording_cut.wav,4.0,0.816496581,0.800166649,4
30118200_MinPolqaSfbRecording_cut.wav,2.75,0.5,0.49,4
29556513_MinPolqaSfbRecording_cut.wav,4.5,0.707106781,0.98,2
28665105_MinPolqaSfbRecording_cut.wav,5.0,0.0,0.0,2
27792043_MinPolqaSfbRecording_cut.wav,4.5,0.707106781,0.98,2
30178180_MinPolqaSfbRecording_cut.wav,4.0,1.414213562,1.96,2
30172052_MinPolqaSfbRecording_cut.wav,4.5,0.707106781,0.98,2
30463163_MinPolqaSfbRecording_cut.wav,4.0,1.414213562,1.96,2
30106419_MinPolqaSfbRecording_cut.wav,4.5,0.707106781,0.98,2
30111583_MinPolqaSfbRecording_cut.wav,4.0,0.0,0.0,2
30147286_MinPolqaSfbRecording_cut.wav,4.2,0.836660027,0.733364848,5
30428999_MinPolqaSfbRecording_cut.wav,4.0,0.707106781,0.619806421,5
30473241_MinPolqaSfbRecording_cut.wav,4.2,0.447213595,0.392,5
30488007_MinPolqaSfbRecording_cut.wav,3.2,1.095445115,0.960199979,5
30097662_MinPolqaSfbRecording_cut.wav,3.2,1.303840481,1.142866571,5
30076527_MinPolqaSfbRecording_cut.wav,3.6,1.140175425,0.999407825,5
30453070_MinPolqaSfbRecording_cut.wav,4.0,0.707106781,0.619806421,5
30135701_MinPolqaSfbRecording_cut.wav,3.2,1.303840481,1.142866571,5
30175283_MinPolqaSfbRecording_cut.wav,2.0,1.0,1.131606528,3
28310923_MinPolqaSfbRecording_cut.wav,4.0,1.0,1.131606528,3
27806595_MinPolqaSfbRecording_cut.wav,4.0,0.0,0.0,3
27739937_MinPolqaSfbRecording_cut.wav,4.333333333,1.154700538,1.306666667,3
30460049_MinPolqaSfbRecording_cut.wav,2.333333333,1.154700538,1.306666667,3
30497036_MinPolqaSfbRecording_cut.wav,2.666666667,0.577350269,0.653333333,3
30421306_MinPolqaSfbRecording_cut.wav,3.666666667,0.577350269,0.653333333,3
30071913_MinPolqaSfbRecording_cut.wav,2.75,1.258305739,1.233139624,4
30442175_MinPolqaSfbRecording_cut.wav,4.25,0.5,0.49,4
30257459_MinPolqaSfbRecording_cut.wav,3.0,0.816496581,0.800166649,4
30250621_MinPolqaSfbRecording_cut.wav,3.25,0.957427108,0.938278566,4
28699221_MinPolqaSfbRecording_cut.wav,4.25,0.5,0.49,4
30252508_MinPolqaSfbRecording_cut.wav,3.25,1.707825128,1.673668625,4
30444477_MinPolqaSfbRecording_cut.wav,4.0,0.816496581,0.800166649,4
30066279_MinPolqaSfbRecording_cut.wav,1.75,0.957427108,0.938278566,4
28844904_MinPolqaSfbRecording_cut.wav,3.75,0.5,0.49,4
30434762_MinPolqaSfbRecording_cut.wav,3.75,1.258305739,1.233139624,4
30123531_MinPolqaSfbRecording_cut.wav,1.75,0.957427108,0.938278566,4
29537209_MinPolqaSfbRecording_cut.wav,2.0,0.816496581,0.800166649,4
30101051_MinPolqaSfbRecording_cut.wav,2.75,1.258305739,1.233139624,4
30108623_MinPolqaSfbRecording_cut.wav,3.75,0.957427108,0.938278566,4
30454903_MinPolqaSfbRecording_cut.wav,2.75,1.5,1.47,4
30207418_MinPolqaSfbRecording_cut.wav,3.4,1.140175425,0.999407825,5
30404681_MinPolqaSfbRecording_cut.wav,2.0,0.707106781,0.619806421,5
30090914_MinPolqaSfbRecording_cut.wav,4.2,0.447213595,0.392,5
30212872_MinPolqaSfbRecording_cut.wav,3.8,1.095445115,0.960199979,5
30404856_MinPolqaSfbRecording_cut.wav,2.6,1.516575089,1.329336677,5
30137571_MinPolqaSfbRecording_cut.wav,3.0,1.0,0.876538647,5
30137637_MinPolqaSfbRecording_cut.wav,2.6,1.341640786,1.176,5
30479058_MinPolqaSfbRecording_cut.wav,2.6,0.894427191,0.784,5
30446277_MinPolqaSfbRecording_cut.wav,4.0,0.707106781,0.619806421,5
30458219_MinPolqaSfbRecording_cut.wav,2.4,1.140175425,0.999407825,5
30080419_MinPolqaSfbRecording_cut.wav,2.2,0.836660027,0.733364848,5
30461870_MinPolqaSfbRecording_cut.wav,3.6,0.547722558,0.48009999,5
30409178_MinPolqaSfbRecording_cut.wav,2.4,0.547722558,0.48009999,5
30162507_MinPolqaSfbRecording_cut.wav,2.8,0.447213595,0.392,5
28171348_MinPolqaSfbRecording_cut.wav,4.0,1.0,0.876538647,5
30150306_MinPolqaSfbRecording_cut.wav,2.8,0.836660027,0.733364848,5
30158096_MinPolqaSfbRecording_cut.wav,3.6,0.894427191,0.784,5
28194562_MinPolqaSfbRecording_cut.wav,4.2,0.836660027,0.733364848,5
30161845_MinPolqaSfbRecording_cut.wav,3.6,0.547722558,0.48009999,5
30209993_MinPolqaSfbRecording_cut.wav,2.8,0.836660027,0.733364848,5
30497041_MinPolqaSfbRecording_cut.wav,2.6,0.547722558,0.48009999,5
30455494_MinPolqaSfbRecording_cut.wav,3.0,1.58113883,1.385929291,5
30189341_MinPolqaSfbRecording_cut.wav,2.6,0.894427191,0.784,5
30066568_MinPolqaSfbRecording_cut.wav,3.8,0.447213595,0.392,5
28550498_MinPolqaSfbRecording_cut.wav,4.0,1.0,1.131606528,3
30404137_MinPolqaSfbRecording_cut.wav,3.333333333,1.527525232,1.728557523,3
28559762_MinPolqaSfbRecording_cut.wav,3.666666667,0.577350269,0.653333333,3
30071075_MinPolqaSfbRecording_cut.wav,2.333333333,0.577350269,0.653333333,3
30253277_MinPolqaSfbRecording_cut.wav,4.0,1.0,1.131606528,3
27980989_MinPolqaSfbRecording_cut.wav,4.666666667,0.577350269,0.653333333,3
30090658_MinPolqaSfbRecording_cut.wav,3.666666667,1.154700538,1.306666667,3
30213074_MinPolqaSfbRecording_cut.wav,3.666666667,0.577350269,0.653333333,3
27860450_MinPolqaSfbRecording_cut.wav,4.0,0.0,0.0,3
27645973_MinPolqaSfbRecording_cut.wav,3.666666667,0.577350269,0.653333333,3
30060515_MinPolqaSfbRecording_cut.wav,1.333333333,0.577350269,0.653333333,3
30471406_MinPolqaSfbRecording_cut.wav,3.666666667,1.527525232,1.728557523,3
30076510_MinPolqaSfbRecording_cut.wav,3.333333333,0.577350269,0.653333333,3
30082776_MinPolqaSfbRecording_cut.wav,3.333333333,1.527525232,1.728557523,3
30100609_MinPolqaSfbRecording_cut.wav,2.666666667,1.527525232,1.728557523,3
28023136_MinPolqaSfbRecording_cut.wav,3.666666667,0.577350269,0.653333333,3
30089138_MinPolqaSfbRecording_cut.wav,4.2,0.447213595,0.392,5
30105118_MinPolqaSfbRecording_cut.wav,2.8,0.447213595,0.392,5
28361208_MinPolqaSfbRecording_cut.wav,4.8,0.447213595,0.392,5
30483276_MinPolqaSfbRecording_cut.wav,3.6,0.547722558,0.48009999,5
30093401_MinPolqaSfbRecording_cut.wav,2.4,0.894427191,0.784,5
28642453_MinPolqaSfbRecording_cut.wav,3.6,0.547722558,0.48009999,5
28836375_MinPolqaSfbRecording_cut.wav,4.4,0.547722558,0.48009999,5
30069656_MinPolqaSfbRecording_cut.wav,3.4,0.547722558,0.48009999,5
30255511_MinPolqaSfbRecording_cut.wav,1.6,0.894427191,0.784,5
30196206_MinPolqaSfbRecording_cut.wav,2.6,1.140175425,0.999407825,5
30488299_MinPolqaSfbRecording_cut.wav,2.2,0.836660027,0.733364848,5
30106326_MinPolqaSfbRecording_cut.wav,2.6,1.140175425,0.999407825,5
30480143_MinPolqaSfbRecording_cut.wav,3.0,1.224744871,1.073536213,5
30067778_MinPolqaSfbRecording_cut.wav,3.6,0.894427191,0.784,5
27822362_MinPolqaSfbRecording_cut.wav,3.6,0.894427191,0.784,5
30183308_MinPolqaSfbRecording_cut.wav,2.8,1.303840481,1.142866571,5
30423615_MinPolqaSfbRecording_cut.wav,1.6,0.547722558,0.48009999,5
30069012_MinPolqaSfbRecording_cut.wav,3.0,1.0,1.131606528,3
28044212_MinPolqaSfbRecording_cut.wav,3.333333333,0.577350269,0.653333333,3
30461719_MinPolqaSfbRecording_cut.wav,1.666666667,0.577350269,0.653333333,3
30098210_MinPolqaSfbRecording_cut.wav,4.0,1.0,1.131606528,3
30470464_MinPolqaSfbRecording_cut.wav,2.333333333,1.527525232,1.728557523,3
28621211_MinPolqaSfbRecording_cut.wav,3.666666667,1.527525232,1.728557523,3
30105923_MinPolqaSfbRecording_cut.wav,3.0,1.732050808,1.96,3
30466383_MinPolqaSfbRecording_cut.wav,3.4,0.547722558,0.48009999,5
30430676_MinPolqaSfbRecording_cut.wav,2.4,0.547722558,0.48009999,5
30260717_MinPolqaSfbRecording_cut.wav,2.8,0.836660027,0.733364848,5
30189569_MinPolqaSfbRecording_cut.wav,2.4,0.547722558,0.48009999,5
30468833_MinPolqaSfbRecording_cut.wav,3.0,0.707106781,0.619806421,5
30503605_MinPolqaSfbRecording_cut.wav,2.6,0.547722558,0.48009999,5
29544420_MinPolqaSfbRecording_cut.wav,4.2,0.836660027,0.733364848,5
27862979_MinPolqaSfbRecording_cut.wav,4.0,0.707106781,0.619806421,5
28200590_MinPolqaSfbRecording_cut.wav,4.4,0.547722558,0.48009999,5
30441675_MinPolqaSfbRecording_cut.wav,4.2,0.836660027,0.733364848,5
30126908_MinPolqaSfbRecording_cut.wav,3.2,0.836660027,0.733364848,5
30435043_MinPolqaSfbRecording_cut.wav,3.2,0.447213595,0.392,5
28433359_MinPolqaSfbRecording_cut.wav,3.6,0.547722558,0.48009999,5
27739250_MinPolqaSfbRecording_cut.wav,4.0,0.0,0.0,5
30253463_MinPolqaSfbRecording_cut.wav,1.8,0.836660027,0.733364848,5
30142520_MinPolqaSfbRecording_cut.wav,2.4,0.894427191,0.784,5
27962128_MinPolqaSfbRecording_cut.wav,3.6,1.140175425,0.999407825,5
27644633_MinPolqaSfbRecording_cut.wav,3.6,0.547722558,0.48009999,5
30455223_MinPolqaSfbRecording_cut.wav,1.6,0.894427191,0.784,5
27849738_MinPolqaSfbRecording_cut.wav,4.8,0.447213595,0.392,5
28631708_MinPolqaSfbRecording_cut.wav,4.6,0.547722558,0.48009999,5
30433667_MinPolqaSfbRecording_cut.wav,2.4,0.547722558,0.48009999,5
30142022_MinPolqaSfbRecording_cut.wav,3.2,1.643167673,1.440299969,5
30520413_MinPolqaSfbRecording_cut.wav,3.75,0.957427108,0.938278566,4
30192015_MinPolqaSfbRecording_cut.wav,3.5,1.290994449,1.26517456,4
29529802_MinPolqaSfbRecording_cut.wav,3.5,1.290994449,1.26517456,4
28086873_MinPolqaSfbRecording_cut.wav,4.0,1.154700538,1.131606528,4
30249875_MinPolqaSfbRecording_cut.wav,3.5,0.577350269,0.565803264,4
30462052_MinPolqaSfbRecording_cut.wav,4.0,0.816496581,0.800166649,4
30430087_MinPolqaSfbRecording_cut.wav,3.0,1.414213562,1.385929291,4
28162656_MinPolqaSfbRecording_cut.wav,3.5,1.290994449,1.26517456,4
30515235_MinPolqaSfbRecording_cut.wav,2.5,2.121320344,2.94,2
30249191_MinPolqaSfbRecording_cut.wav,2.5,2.121320344,2.94,2
30208834_MinPolqaSfbRecording_cut.wav,2.5,0.707106781,0.98,2
30451996_MinPolqaSfbRecording_cut.wav,3.5,0.707106781,0.98,2
30155380_MinPolqaSfbRecording_cut.wav,2.5,2.121320344,2.94,2
29543906_MinPolqaSfbRecording_cut.wav,2.5,2.121320344,2.94,2
30509191_MinPolqaSfbRecording_cut.wav,3.0,1.414213562,1.96,2
28840776_MinPolqaSfbRecording_cut.wav,3.5,0.707106781,0.98,2
30430861_MinPolqaSfbRecording_cut.wav,3.0,1.414213562,1.385929291,4
28647402_MinPolqaSfbRecording_cut.wav,3.75,0.957427108,0.938278566,4
27934542_MinPolqaSfbRecording_cut.wav,3.25,0.5,0.49,4
30165513_MinPolqaSfbRecording_cut.wav,3.75,0.957427108,0.938278566,4
30522886_MinPolqaSfbRecording_cut.wav,2.5,1.290994449,1.26517456,4
30072809_MinPolqaSfbRecording_cut.wav,3.25,1.5,1.47,4
30257976_MinPolqaSfbRecording_cut.wav,1.666666667,0.577350269,0.653333333,3
30167305_MinPolqaSfbRecording_cut.wav,1.0,0.0,0.0,3
30062200_MinPolqaSfbRecording_cut.wav,4.333333333,0.577350269,0.653333333,3
28015583_MinPolqaSfbRecording_cut.wav,3.0,0.0,0.0,3
28497635_MinPolqaSfbRecording_cut.wav,4.333333333,0.577350269,0.653333333,3
30211843_MinPolqaSfbRecording_cut.wav,1.0,0.0,0.0,3
30067673_MinPolqaSfbRecording_cut.wav,2.0,1.0,1.131606528,3
28692732_MinPolqaSfbRecording_cut.wav,3.0,1.0,1.131606528,3
27655902_MinPolqaSfbRecording_cut.wav,3.333333333,0.577350269,0.653333333,3
30254795_MinPolqaSfbRecording_cut.wav,4.0,0.707106781,0.619806421,5
30462374_MinPolqaSfbRecording_cut.wav,3.6,0.894427191,0.784,5
30161574_MinPolqaSfbRecording_cut.wav,3.4,0.894427191,0.784,5
30164267_MinPolqaSfbRecording_cut.wav,3.6,0.547722558,0.48009999,5
30081948_MinPolqaSfbRecording_cut.wav,3.0,1.0,0.876538647,5
30189571_MinPolqaSfbRecording_cut.wav,2.8,0.836660027,0.733364848,5
30471996_MinPolqaSfbRecording_cut.wav,3.0,1.0,0.876538647,5
30174151_MinPolqaSfbRecording_cut.wav,3.2,1.303840481,1.142866571,5
30160897_MinPolqaSfbRecording_cut.wav,3.333333333,0.577350269,0.653333333,3
30156930_MinPolqaSfbRecording_cut.wav,2.333333333,0.577350269,0.653333333,3
30423542_MinPolqaSfbRecording_cut.wav,2.666666667,0.577350269,0.653333333,3
30130040_MinPolqaSfbRecording_cut.wav,4.0,0.0,0.0,3
30516652_MinPolqaSfbRecording_cut.wav,1.333333333,0.577350269,0.653333333,3
30127331_MinPolqaSfbRecording_cut.wav,3.333333333,0.577350269,0.653333333,3
28054630_MinPolqaSfbRecording_cut.wav,4.0,0.0,0.0,3
30479091_MinPolqaSfbRecording_cut.wav,3.666666667,0.577350269,0.653333333,3
30106741_MinPolqaSfbRecording_cut.wav,2.5,0.577350269,0.565803264,4
30259085_MinPolqaSfbRecording_cut.wav,3.75,0.5,0.49,4
30071245_MinPolqaSfbRecording_cut.wav,2.0,0.0,0.0,4
27965563_MinPolqaSfbRecording_cut.wav,2.5,0.577350269,0.565803264,4
30153768_MinPolqaSfbRecording_cut.wav,3.5,0.577350269,0.565803264,4
30126196_MinPolqaSfbRecording_cut.wav,3.25,0.957427108,0.938278566,4
30488622_MinPolqaSfbRecording_cut.wav,1.75,0.5,0.49,4
30249958_MinPolqaSfbRecording_cut.wav,2.25,0.5,0.49,4
30100729_MinPolqaSfbRecording_cut.wav,3.25,0.957427108,0.938278566,4
28722427_MinPolqaSfbRecording_cut.wav,4.0,1.0,0.876538647,5
30151943_MinPolqaSfbRecording_cut.wav,3.0,1.0,0.876538647,5
30206274_MinPolqaSfbRecording_cut.wav,3.4,0.547722558,0.48009999,5
30124972_MinPolqaSfbRecording_cut.wav,2.8,0.836660027,0.733364848,5
30497370_MinPolqaSfbRecording_cut.wav,2.2,1.095445115,0.960199979,5
30508248_MinPolqaSfbRecording_cut.wav,2.8,0.836660027,0.733364848,5
30083377_MinPolqaSfbRecording_cut.wav,3.0,1.224744871,1.073536213,5
28039866_MinPolqaSfbRecording_cut.wav,3.5,0.577350269,0.565803264,4
28227312_MinPolqaSfbRecording_cut.wav,3.75,0.5,0.49,4
30122676_MinPolqaSfbRecording_cut.wav,3.5,0.577350269,0.565803264,4
30118808_MinPolqaSfbRecording_cut.wav,3.5,0.577350269,0.565803264,4
30528343_MinPolqaSfbRecording_cut.wav,3.25,1.707825128,1.673668625,4
30120899_MinPolqaSfbRecording_cut.wav,3.5,0.577350269,0.565803264,4
30158221_MinPolqaSfbRecording_cut.wav,3.75,0.957427108,0.938278566,4
30112803_MinPolqaSfbRecording_cut.wav,3.0,0.816496581,0.800166649,4
30432439_MinPolqaSfbRecording_cut.wav,3.25,1.258305739,1.233139624,4
30106830_MinPolqaSfbRecording_cut.wav,2.25,1.5,1.47,4
30137666_MinPolqaSfbRecording_cut.wav,2.25,1.892969449,1.85511006,4
28312761_MinPolqaSfbRecording_cut.wav,3.25,1.707825128,1.673668625,4
30479954_MinPolqaSfbRecording_cut.wav,2.25,1.892969449,1.85511006,4
30426491_MinPolqaSfbRecording_cut.wav,3.25,1.258305739,1.233139624,4
30490585_MinPolqaSfbRecording_cut.wav,3.5,0.577350269,0.565803264,4
30065293_MinPolqaSfbRecording_cut.wav,2.75,1.258305739,1.233139624,4
30422256_MinPolqaSfbRecording_cut.wav,2.0,1.414213562,1.385929291,4
30164593_MinPolqaSfbRecording_cut.wav,2.5,1.290994449,1.26517456,4
30468012_MinPolqaSfbRecording_cut.wav,2.5,1.0,0.98,4
30212266_MinPolqaSfbRecording_cut.wav,2.666666667,1.527525232,1.728557523,3
30076151_MinPolqaSfbRecording_cut.wav,2.666666667,1.527525232,1.728557523,3
30117634_MinPolqaSfbRecording_cut.wav,2.333333333,1.154700538,1.306666667,3
30470601_MinPolqaSfbRecording_cut.wav,2.0,1.0,1.131606528,3
28510950_MinPolqaSfbRecording_cut.wav,3.666666667,1.154700538,1.306666667,3
30520326_MinPolqaSfbRecording_cut.wav,3.0,1.732050808,1.96,3
30505848_MinPolqaSfbRecording_cut.wav,2.666666667,1.527525232,1.728557523,3
30114030_MinPolqaSfbRecording_cut.wav,2.333333333,1.154700538,1.306666667,3
30425305_MinPolqaSfbRecording_cut.wav,1.666666667,1.154700538,1.306666667,3
30068112_MinPolqaSfbRecording_cut.wav,2.666666667,0.577350269,0.653333333,3
30469477_MinPolqaSfbRecording_cut.wav,2.333333333,1.154700538,1.306666667,3
29053104_MinPolqaSfbRecording_cut.wav,3.666666667,1.154700538,1.306666667,3
29011999_MinPolqaSfbRecording_cut.wav,3.666666667,0.577350269,0.653333333,3
30155173_MinPolqaSfbRecording_cut.wav,2.333333333,0.577350269,0.653333333,3
30473592_MinPolqaSfbRecording_cut.wav,3.666666667,0.577350269,0.653333333,3
30255647_MinPolqaSfbRecording_cut.wav,3.666666667,0.577350269,0.653333333,3
28926975_MinPolqaSfbRecording_cut.wav,4.666666667,0.577350269,0.653333333,3
30182644_MinPolqaSfbRecording_cut.wav,3.333333333,0.577350269,0.653333333,3
29536357_MinPolqaSfbRecording_cut.wav,2.333333333,0.577350269,0.653333333,3
30207848_MinPolqaSfbRecording_cut.wav,4.0,0.0,0.0,3
30256901_MinPolqaSfbRecording_cut.wav,3.333333333,0.577350269,0.653333333,3
30484655_MinPolqaSfbRecording_cut.wav,3.333333333,0.577350269,0.653333333,3
30256233_MinPolqaSfbRecording_cut.wav,2.666666667,0.577350269,0.653333333,3
29535898_MinPolqaSfbRecording_cut.wav,1.0,0.0,0.0,3
30261201_MinPolqaSfbRecording_cut.wav,4.666666667,0.577350269,0.653333333,3
30417284_MinPolqaSfbRecording_cut.wav,2.0,1.0,1.131606528,3
28423045_MinPolqaSfbRecording_cut.wav,3.75,0.5,0.49,4
30253843_MinPolqaSfbRecording_cut.wav,3.5,1.290994449,1.26517456,4
30145270_MinPolqaSfbRecording_cut.wav,3.5,0.577350269,0.565803264,4
30186044_MinPolqaSfbRecording_cut.wav,3.5,1.0,0.98,4
30181687_MinPolqaSfbRecording_cut.wav,3.75,0.5,0.49,4
30096146_MinPolqaSfbRecording_cut.wav,3.25,0.5,0.49,4
30252408_MinPolqaSfbRecording_cut.wav,3.25,1.5,1.47,4
30101096_MinPolqaSfbRecording_cut.wav,4.0,0.0,0.0,4
30514471_MinPolqaSfbRecording_cut.wav,2.0,1.414213562,1.385929291,4
30129580_MinPolqaSfbRecording_cut.wav,3.0,0.707106781,0.619806421,5
28079591_MinPolqaSfbRecording_cut.wav,4.2,0.447213595,0.392,5
30100541_MinPolqaSfbRecording_cut.wav,2.2,1.303840481,1.142866571,5
27960626_MinPolqaSfbRecording_cut.wav,3.6,0.894427191,0.784,5
30511467_MinPolqaSfbRecording_cut.wav,2.4,1.673320053,1.466729696,5
29059473_MinPolqaSfbRecording_cut.wav,3.6,0.894427191,0.784,5
30483626_MinPolqaSfbRecording_cut.wav,3.0,1.0,1.131606528,3
30528633_MinPolqaSfbRecording_cut.wav,4.0,1.0,1.131606528,3
29537530_MinPolqaSfbRecording_cut.wav,3.666666667,0.577350269,0.653333333,3
29532367_MinPolqaSfbRecording_cut.wav,3.333333333,1.154700538,1.306666667,3
30256174_MinPolqaSfbRecording_cut.wav,4.666666667,0.577350269,0.653333333,3
30073030_MinPolqaSfbRecording_cut.wav,3.666666667,0.577350269,0.653333333,3
30135588_MinPolqaSfbRecording_cut.wav,3.666666667,0.577350269,0.653333333,3
30467012_MinPolqaSfbRecording_cut.wav,4.333333333,0.577350269,0.653333333,3
27886353_MinPolqaSfbRecording_cut.wav,4.333333333,0.577350269,0.653333333,3
30125184_MinPolqaSfbRecording_cut.wav,3.5,0.577350269,0.565803264,4
28500247_MinPolqaSfbRecording_cut.wav,3.25,0.5,0.49,4
30104188_MinPolqaSfbRecording_cut.wav,2.75,0.957427108,0.938278566,4
29532160_MinPolqaSfbRecording_cut.wav,3.75,1.258305739,1.233139624,4
29537077_MinPolqaSfbRecording_cut.wav,3.75,0.5,0.49,4
30060543_MinPolqaSfbRecording_cut.wav,3.0,0.816496581,0.800166649,4
30435018_MinPolqaSfbRecording_cut.wav,3.0,0.816496581,0.800166649,4
30102425_MinPolqaSfbRecording_cut.wav,4.25,0.957427108,0.938278566,4
30137314_MinPolqaSfbRecording_cut.wav,2.5,0.577350269,0.565803264,4
30469025_MinPolqaSfbRecording_cut.wav,2.0,0.816496581,0.800166649,4
30183356_MinPolqaSfbRecording_cut.wav,2.5,1.0,0.98,4
28353505_MinPolqaSfbRecording_cut.wav,2.5,1.290994449,1.26517456,4
30260643_MinPolqaSfbRecording_cut.wav,2.75,0.957427108,0.938278566,4
30251694_MinPolqaSfbRecording_cut.wav,1.25,0.5,0.49,4
30170785_MinPolqaSfbRecording_cut.wav,3.0,0.816496581,0.800166649,4
30156424_MinPolqaSfbRecording_cut.wav,3.0,0.816496581,0.800166649,4
30168552_MinPolqaSfbRecording_cut.wav,3.25,0.957427108,0.938278566,4
30067192_MinPolqaSfbRecording_cut.wav,3.25,0.957427108,0.938278566,4
30193949_MinPolqaSfbRecording_cut.wav,3.0,0.816496581,0.800166649,4
30149825_MinPolqaSfbRecording_cut.wav,4.0,0.816496581,0.800166649,4
30195947_MinPolqaSfbRecording_cut.wav,3.5,1.0,0.98,4
30471425_MinPolqaSfbRecording_cut.wav,4.0,0.816496581,0.800166649,4
30059862_MinPolqaSfbRecording_cut.wav,2.75,0.957427108,0.938278566,4
30135690_MinPolqaSfbRecording_cut.wav,2.25,0.957427108,0.938278566,4
30166414_MinPolqaSfbRecording_cut.wav,2.5,0.577350269,0.565803264,4
28843095_MinPolqaSfbRecording_cut.wav,3.75,0.5,0.49,4
27914455_MinPolqaSfbRecording_cut.wav,4.0,0.816496581,0.800166649,4
27575804_MinPolqaSfbRecording_cut.wav,4.5,0.577350269,0.565803264,4
30147496_MinPolqaSfbRecording_cut.wav,2.25,0.5,0.49,4
30066634_MinPolqaSfbRecording_cut.wav,4.5,0.707106781,0.98,2
27717933_MinPolqaSfbRecording_cut.wav,4.5,0.707106781,0.98,2
30168769_MinPolqaSfbRecording_cut.wav,5.0,0.0,0.0,2
30065243_MinPolqaSfbRecording_cut.wav,4.0,0.0,0.0,2
30184144_MinPolqaSfbRecording_cut.wav,3.0,1.414213562,1.96,2
30062306_MinPolqaSfbRecording_cut.wav,2.5,0.707106781,0.98,2
30164192_MinPolqaSfbRecording_cut.wav,1.5,0.707106781,0.98,2
30468011_MinPolqaSfbRecording_cut.wav,4.5,0.707106781,0.98,2
30082603_MinPolqaSfbRecording_cut.wav,4.0,0.0,0.0,2
30522676_MinPolqaSfbRecording_cut.wav,2.5,0.707106781,0.98,2
30114037_MinPolqaSfbRecording_cut.wav,2.25,0.5,0.49,4
30163563_MinPolqaSfbRecording_cut.wav,2.75,0.957427108,0.938278566,4
30164105_MinPolqaSfbRecording_cut.wav,2.75,0.5,0.49,4
28971266_MinPolqaSfbRecording_cut.wav,3.75,0.5,0.49,4
30059638_MinPolqaSfbRecording_cut.wav,3.5,0.577350269,0.565803264,4
30456153_MinPolqaSfbRecording_cut.wav,3.25,0.5,0.49,4
30522713_MinPolqaSfbRecording_cut.wav,3.5,0.577350269,0.565803264,4
28261500_MinPolqaSfbRecording_cut.wav,4.25,0.5,0.49,4
30260995_MinPolqaSfbRecording_cut.wav,2.75,0.5,0.49,4
30455914_MinPolqaSfbRecording_cut.wav,3.25,0.5,0.49,4
27920450_MinPolqaSfbRecording_cut.wav,4.25,0.5,0.49,4
30130163_MinPolqaSfbRecording_cut.wav,1.5,0.577350269,0.565803264,4
28856215_MinPolqaSfbRecording_cut.wav,3.0,0.0,0.0,4
27885982_MinPolqaSfbRecording_cut.wav,4.5,0.577350269,0.565803264,4
27595972_MinPolqaSfbRecording_cut.wav,3.5,0.577350269,0.565803264,4
28197397_MinPolqaSfbRecording_cut.wav,3.5,0.577350269,0.565803264,4
28239133_MinPolqaSfbRecording_cut.wav,4.5,0.577350269,0.565803264,4
30251109_MinPolqaSfbRecording_cut.wav,4.0,0.0,0.0,4
30166726_MinPolqaSfbRecording_cut.wav,3.75,0.957427108,0.938278566,4
30149865_MinPolqaSfbRecording_cut.wav,3.25,1.707825128,1.673668625,4
30128754_MinPolqaSfbRecording_cut.wav,4.0,0.0,0.0,4
27523454_MinPolqaSfbRecording_cut.wav,4.25,0.957427108,0.938278566,4
30182688_MinPolqaSfbRecording_cut.wav,4.0,0.816496581,0.800166649,4
29529530_MinPolqaSfbRecording_cut.wav,4.0,0.816496581,0.800166649,4
30208868_MinPolqaSfbRecording_cut.wav,3.0,0.816496581,0.800166649,4
28908962_MinPolqaSfbRecording_cut.wav,4.5,0.577350269,0.565803264,4
30092155_MinPolqaSfbRecording_cut.wav,3.5,1.290994449,1.26517456,4
28337982_MinPolqaSfbRecording_cut.wav,4.5,0.577350269,0.565803264,4
30067535_MinPolqaSfbRecording_cut.wav,3.25,0.5,0.49,4
28976341_MinPolqaSfbRecording_cut.wav,4.25,0.5,0.49,4
30211535_MinPolqaSfbRecording_cut.wav,3.0,0.816496581,0.800166649,4
28562389_MinPolqaSfbRecording_cut.wav,4.25,0.957427108,0.938278566,4
29538609_MinPolqaSfbRecording_cut.wav,2.5,1.290994449,1.26517456,4
28974542_MinPolqaSfbRecording_cut.wav,4.0,0.816496581,0.800166649,4
30489232_MinPolqaSfbRecording_cut.wav,4.0,0.816496581,0.800166649,4
30432200_MinPolqaSfbRecording_cut.wav,3.0,1.825741858,1.789227021,4
30430704_MinPolqaSfbRecording_cut.wav,4.0,0.816496581,0.800166649,4
30073047_MinPolqaSfbRecording_cut.wav,3.25,1.5,1.47,4
30141606_MinPolqaSfbRecording_cut.wav,4.0,0.816496581,0.800166649,4
30475268_MinPolqaSfbRecording_cut.wav,4.5,1.0,0.98,4
28613637_MinPolqaSfbRecording_cut.wav,3.75,0.957427108,0.938278566,4
30065718_MinPolqaSfbRecording_cut.wav,4.25,0.5,0.49,4
30202613_MinPolqaSfbRecording_cut.wav,4.0,1.0,0.876538647,5
30399520_MinPolqaSfbRecording_cut.wav,3.6,0.547722558,0.48009999,5
30059907_MinPolqaSfbRecording_cut.wav,3.0,1.0,0.876538647,5
30428950_MinPolqaSfbRecording_cut.wav,3.8,0.836660027,0.733364848,5
30512536_MinPolqaSfbRecording_cut.wav,2.0,0.707106781,0.619806421,5
30199846_MinPolqaSfbRecording_cut.wav,2.8,0.836660027,0.733364848,5
28504167_MinPolqaSfbRecording_cut.wav,4.0,1.0,0.876538647,5
30255868_MinPolqaSfbRecording_cut.wav,2.6,1.341640786,1.176,5
30158138_MinPolqaSfbRecording_cut.wav,2.8,1.303840481,1.142866571,5
30076654_MinPolqaSfbRecording_cut.wav,3.2,1.483239697,1.300116918,5
28255295_MinPolqaSfbRecording_cut.wav,3.75,0.957427108,0.938278566,4
28712587_MinPolqaSfbRecording_cut.wav,4.5,0.577350269,0.565803264,4
30426825_MinPolqaSfbRecording_cut.wav,4.75,0.5,0.49,4
29535011_MinPolqaSfbRecording_cut.wav,1.5,1.0,0.98,4
27687134_MinPolqaSfbRecording_cut.wav,4.75,0.5,0.49,4
30095632_MinPolqaSfbRecording_cut.wav,2.75,1.5,1.47,4
30194047_MinPolqaSfbRecording_cut.wav,2.75,0.957427108,0.938278566,4
30406404_MinPolqaSfbRecording_cut.wav,2.25,1.5,1.47,4
30508079_MinPolqaSfbRecording_cut.wav,3.0,0.816496581,0.800166649,4
30258120_MinPolqaSfbRecording_cut.wav,3.2,0.447213595,0.392,5
30177020_MinPolqaSfbRecording_cut.wav,3.4,0.894427191,0.784,5
29536689_MinPolqaSfbRecording_cut.wav,2.4,1.140175425,0.999407825,5
30065743_MinPolqaSfbRecording_cut.wav,3.6,1.140175425,0.999407825,5
30255614_MinPolqaSfbRecording_cut.wav,3.6,0.547722558,0.48009999,5
30092310_MinPolqaSfbRecording_cut.wav,2.8,0.836660027,0.733364848,5
30430813_MinPolqaSfbRecording_cut.wav,1.6,0.894427191,0.784,5
29535451_MinPolqaSfbRecording_cut.wav,2.2,1.095445115,0.960199979,5
28556643_MinPolqaSfbRecording_cut.wav,3.0,1.224744871,1.073536213,5
30123070_MinPolqaSfbRecording_cut.wav,1.8,1.788854382,1.568,5
30501689_MinPolqaSfbRecording_cut.wav,2.2,1.303840481,1.142866571,5
27810611_MinPolqaSfbRecording_cut.wav,3.8,0.836660027,0.733364848,5
30413698_MinPolqaSfbRecording_cut.wav,3.0,1.414213562,1.239612843,5
30092146_MinPolqaSfbRecording_cut.wav,2.8,0.447213595,0.392,5
30522882_MinPolqaSfbRecording_cut.wav,2.2,0.836660027,0.733364848,5
30455121_MinPolqaSfbRecording_cut.wav,2.8,0.836660027,0.733364848,5
30516200_MinPolqaSfbRecording_cut.wav,2.8,0.836660027,0.733364848,5
28114040_MinPolqaSfbRecording_cut.wav,4.2,0.836660027,0.733364848,5
28905145_MinPolqaSfbRecording_cut.wav,4.2,0.836660027,0.733364848,5
30406526_MinPolqaSfbRecording_cut.wav,3.4,0.547722558,0.48009999,5
30060044_MinPolqaSfbRecording_cut.wav,3.8,1.095445115,0.960199979,5
30436422_MinPolqaSfbRecording_cut.wav,3.2,1.303840481,1.142866571,5
30128406_MinPolqaSfbRecording_cut.wav,3.8,1.643167673,1.440299969,5
30513653_MinPolqaSfbRecording_cut.wav,1.75,0.5,0.49,4
30161012_MinPolqaSfbRecording_cut.wav,2.5,1.290994449,1.26517456,4
28864103_MinPolqaSfbRecording_cut.wav,4.0,0.816496581,0.800166649,4
30527415_MinPolqaSfbRecording_cut.wav,2.5,1.0,0.98,4
30105005_MinPolqaSfbRecording_cut.wav,1.5,0.577350269,0.565803264,4
27570733_MinPolqaSfbRecording_cut.wav,3.5,1.290994449,1.26517456,4
30206933_MinPolqaSfbRecording_cut.wav,2.5,0.577350269,0.565803264,4
30504095_MinPolqaSfbRecording_cut.wav,3.5,0.577350269,0.565803264,4
30078738_MinPolqaSfbRecording_cut.wav,1.75,0.957427108,0.938278566,4
30527217_MinPolqaSfbRecording_cut.wav,4.0,1.0,1.131606528,3
28280915_MinPolqaSfbRecording_cut.wav,4.666666667,0.577350269,0.653333333,3
30214088_MinPolqaSfbRecording_cut.wav,3.666666667,0.577350269,0.653333333,3
30128277_MinPolqaSfbRecording_cut.wav,2.666666667,0.577350269,0.653333333,3
30144761_MinPolqaSfbRecording_cut.wav,4.0,0.0,0.0,3
30211724_MinPolqaSfbRecording_cut.wav,2.0,1.732050808,1.96,3
30184910_MinPolqaSfbRecording_cut.wav,5.0,0.0,0.0,5
30465929_MinPolqaSfbRecording_cut.wav,3.8,0.836660027,0.733364848,5
28435529_MinPolqaSfbRecording_cut.wav,4.4,0.894427191,0.784,5
30083172_MinPolqaSfbRecording_cut.wav,3.6,0.547722558,0.48009999,5
30423392_MinPolqaSfbRecording_cut.wav,3.0,1.224744871,1.073536213,5
30060765_MinPolqaSfbRecording_cut.wav,4.0,0.0,0.0,5
30151637_MinPolqaSfbRecording_cut.wav,3.8,0.836660027,0.733364848,5
30110303_MinPolqaSfbRecording_cut.wav,3.333333333,0.577350269,0.653333333,3
30091764_MinPolqaSfbRecording_cut.wav,3.333333333,0.577350269,0.653333333,3
29544343_MinPolqaSfbRecording_cut.wav,3.666666667,1.154700538,1.306666667,3
30137121_MinPolqaSfbRecording_cut.wav,3.0,1.732050808,1.96,3
30520454_MinPolqaSfbRecording_cut.wav,3.666666667,1.527525232,1.728557523,3
30098798_MinPolqaSfbRecording_cut.wav,4.0,1.0,1.131606528,3
27863938_MinPolqaSfbRecording_cut.wav,3.666666667,0.577350269,0.653333333,3
30451291_MinPolqaSfbRecording_cut.wav,4.333333333,1.154700538,1.306666667,3
30194373_MinPolqaSfbRecording_cut.wav,4.5,1.0,0.98,4
30511748_MinPolqaSfbRecording_cut.wav,2.75,1.5,1.47,4
30490545_MinPolqaSfbRecording_cut.wav,3.25,0.957427108,0.938278566,4
30095936_MinPolqaSfbRecording_cut.wav,3.25,0.5,0.49,4
28208845_MinPolqaSfbRecording_cut.wav,4.0,0.816496581,0.800166649,4
27809312_MinPolqaSfbRecording_cut.wav,4.5,0.577350269,0.565803264,4
30110731_MinPolqaSfbRecording_cut.wav,2.25,1.258305739,1.233139624,4
30180402_MinPolqaSfbRecording_cut.wav,2.25,0.957427108,0.938278566,4
30162741_MinPolqaSfbRecording_cut.wav,2.0,0.816496581,0.800166649,4
30135739_MinPolqaSfbRecording_cut.wav,3.25,0.5,0.49,4
30426378_MinPolqaSfbRecording_cut.wav,3.5,1.0,0.98,4
28130010_MinPolqaSfbRecording_cut.wav,3.0,0.0,0.0,4
30083375_MinPolqaSfbRecording_cut.wav,2.0,0.816496581,0.800166649,4
30424774_MinPolqaSfbRecording_cut.wav,3.75,0.5,0.49,4
30155659_MinPolqaSfbRecording_cut.wav,3.5,1.0,0.98,4
28972452_MinPolqaSfbRecording_cut.wav,3.75,0.5,0.49,4
28832544_MinPolqaSfbRecording_cut.wav,4.0,0.816496581,0.800166649,4
30520857_MinPolqaSfbRecording_cut.wav,3.25,1.258305739,1.233139624,4
30481636_MinPolqaSfbRecording_cut.wav,3.5,0.577350269,0.565803264,4
28525953_MinPolqaSfbRecording_cut.wav,4.0,0.0,0.0,4
27789751_MinPolqaSfbRecording_cut.wav,3.75,0.5,0.49,4
30408308_MinPolqaSfbRecording_cut.wav,4.25,0.957427108,0.938278566,4
28774065_MinPolqaSfbRecording_cut.wav,4.0,0.0,0.0,4
30090014_MinPolqaSfbRecording_cut.wav,3.0,1.414213562,1.385929291,4
30175022_MinPolqaSfbRecording_cut.wav,2.75,0.957427108,0.938278566,4
30174868_MinPolqaSfbRecording_cut.wav,4.0,1.0,0.876538647,5
30213447_MinPolqaSfbRecording_cut.wav,3.4,0.894427191,0.784,5
30107962_MinPolqaSfbRecording_cut.wav,3.4,0.547722558,0.48009999,5
30149805_MinPolqaSfbRecording_cut.wav,3.4,0.894427191,0.784,5
30082144_MinPolqaSfbRecording_cut.wav,3.4,1.140175425,0.999407825,5
30484247_MinPolqaSfbRecording_cut.wav,3.6,0.894427191,0.784,5
30068489_MinPolqaSfbRecording_cut.wav,2.8,1.095445115,0.960199979,5
30425517_MinPolqaSfbRecording_cut.wav,3.8,0.447213595,0.392,5
30470211_MinPolqaSfbRecording_cut.wav,3.8,0.836660027,0.733364848,5
30065711_MinPolqaSfbRecording_cut.wav,4.0,0.816496581,0.800166649,4
28049301_MinPolqaSfbRecording_cut.wav,4.0,1.154700538,1.131606528,4
30070561_MinPolqaSfbRecording_cut.wav,3.75,0.5,0.49,4
30093302_MinPolqaSfbRecording_cut.wav,3.75,0.5,0.49,4
29538455_MinPolqaSfbRecording_cut.wav,4.5,0.577350269,0.565803264,4
30107709_MinPolqaSfbRecording_cut.wav,3.5,0.577350269,0.565803264,4
28288472_MinPolqaSfbRecording_cut.wav,4.5,0.577350269,0.565803264,4
28317414_MinPolqaSfbRecording_cut.wav,4.75,0.5,0.49,4
30407007_MinPolqaSfbRecording_cut.wav,4.5,0.577350269,0.565803264,4
30060335_MinPolqaSfbRecording_cut.wav,2.5,1.914854216,1.876557131,4
29537619_MinPolqaSfbRecording_cut.wav,3.5,0.577350269,0.565803264,4
30470695_MinPolqaSfbRecording_cut.wav,3.25,0.957427108,0.938278566,4
28664634_MinPolqaSfbRecording_cut.wav,4.25,0.5,0.49,4
30489302_MinPolqaSfbRecording_cut.wav,1.75,1.5,1.47,4
30083577_MinPolqaSfbRecording_cut.wav,3.75,0.957427108,0.938278566,4
30096381_MinPolqaSfbRecording_cut.wav,4.5,0.707106781,0.98,2
30212863_MinPolqaSfbRecording_cut.wav,3.5,0.707106781,0.98,2
28814273_MinPolqaSfbRecording_cut.wav,4.0,0.0,0.0,2
30179042_MinPolqaSfbRecording_cut.wav,3.0,1.414213562,1.96,2
30478649_MinPolqaSfbRecording_cut.wav,4.0,0.0,0.0,2
30107892_MinPolqaSfbRecording_cut.wav,4.5,0.707106781,0.98,2
30248666_MinPolqaSfbRecording_cut.wav,3.0,0.0,0.0,2
30172190_MinPolqaSfbRecording_cut.wav,3.333333333,1.154700538,1.306666667,3
28852869_MinPolqaSfbRecording_cut.wav,4.666666667,0.577350269,0.653333333,3
30080852_MinPolqaSfbRecording_cut.wav,3.333333333,1.154700538,1.306666667,3
25959274_MinPolqaSfbRecording_cut.wav,4.0,1.0,1.131606528,3
30157477_MinPolqaSfbRecording_cut.wav,3.333333333,1.154700538,1.306666667,3
28713159_MinPolqaSfbRecording_cut.wav,4.333333333,0.577350269,0.653333333,3
28454142_MinPolqaSfbRecording_cut.wav,4.0,1.0,1.131606528,3
30163551_MinPolqaSfbRecording_cut.wav,2.666666667,0.577350269,0.653333333,3
30168551_MinPolqaSfbRecording_cut.wav,2.5,1.290994449,1.26517456,4
30160156_MinPolqaSfbRecording_cut.wav,2.5,0.577350269,0.565803264,4
30110590_MinPolqaSfbRecording_cut.wav,3.5,1.732050808,1.697409791,4
28642881_MinPolqaSfbRecording_cut.wav,2.75,1.258305739,1.233139624,4
30485833_MinPolqaSfbRecording_cut.wav,2.5,1.290994449,1.26517456,4
30483680_MinPolqaSfbRecording_cut.wav,2.5,1.290994449,1.26517456,4
30145944_MinPolqaSfbRecording_cut.wav,2.0,1.414213562,1.385929291,4
30461111_MinPolqaSfbRecording_cut.wav,3.25,1.5,1.47,4
30477857_MinPolqaSfbRecording_cut.wav,3.75,1.258305739,1.233139624,4
30084670_MinPolqaSfbRecording_cut.wav,2.25,0.957427108,0.938278566,4
30177416_MinPolqaSfbRecording_cut.wav,2.75,1.258305739,1.233139624,4
30406895_MinPolqaSfbRecording_cut.wav,2.75,1.258305739,1.233139624,4
30113553_MinPolqaSfbRecording_cut.wav,3.0,1.414213562,1.385929291,4
30183340_MinPolqaSfbRecording_cut.wav,2.5,1.0,0.98,4
30511178_MinPolqaSfbRecording_cut.wav,3.5,0.577350269,0.565803264,4
30447416_MinPolqaSfbRecording_cut.wav,3.75,0.5,0.49,4
30186040_MinPolqaSfbRecording_cut.wav,4.0,0.816496581,0.800166649,4
27857391_MinPolqaSfbRecording_cut.wav,4.25,0.5,0.49,4
30174053_MinPolqaSfbRecording_cut.wav,2.5,1.0,0.98,4
30145427_MinPolqaSfbRecording_cut.wav,3.25,0.5,0.49,4
30522167_MinPolqaSfbRecording_cut.wav,3.0,0.816496581,0.800166649,4
28008084_MinPolqaSfbRecording_cut.wav,4.75,0.5,0.49,4
30065736_MinPolqaSfbRecording_cut.wav,3.75,0.957427108,0.938278566,4
29537499_MinPolqaSfbRecording_cut.wav,3.5,0.577350269,0.565803264,4
30435046_MinPolqaSfbRecording_cut.wav,3.8,0.447213595,0.392,5
30141706_MinPolqaSfbRecording_cut.wav,3.0,0.707106781,0.619806421,5
30261386_MinPolqaSfbRecording_cut.wav,3.6,1.140175425,0.999407825,5
30528746_MinPolqaSfbRecording_cut.wav,3.4,0.547722558,0.48009999,5
30424450_MinPolqaSfbRecording_cut.wav,3.4,0.547722558,0.48009999,5
30508191_MinPolqaSfbRecording_cut.wav,3.6,0.547722558,0.48009999,5
30475423_MinPolqaSfbRecording_cut.wav,2.4,0.547722558,0.48009999,5
28019812_MinPolqaSfbRecording_cut.wav,4.2,0.447213595,0.392,5
30165544_MinPolqaSfbRecording_cut.wav,3.4,0.547722558,0.48009999,5
30502054_MinPolqaSfbRecording_cut.wav,3.2,0.447213595,0.392,5
27680415_MinPolqaSfbRecording_cut.wav,4.25,0.5,0.49,4
30103745_MinPolqaSfbRecording_cut.wav,2.75,0.957427108,0.938278566,4
30252281_MinPolqaSfbRecording_cut.wav,3.75,0.957427108,0.938278566,4
30251759_MinPolqaSfbRecording_cut.wav,2.0,1.414213562,1.385929291,4
30527133_MinPolqaSfbRecording_cut.wav,2.0,1.414213562,1.385929291,4
30452998_MinPolqaSfbRecording_cut.wav,4.25,0.5,0.49,4
30154172_MinPolqaSfbRecording_cut.wav,2.25,1.258305739,1.233139624,4
30452067_MinPolqaSfbRecording_cut.wav,1.75,1.5,1.47,4
30482010_MinPolqaSfbRecording_cut.wav,4.0,0.816496581,0.800166649,4
30132599_MinPolqaSfbRecording_cut.wav,2.5,0.577350269,0.565803264,4
30260829_MinPolqaSfbRecording_cut.wav,2.75,0.5,0.49,4
28169926_MinPolqaSfbRecording_cut.wav,3.75,0.5,0.49,4
30513038_MinPolqaSfbRecording_cut.wav,2.5,0.577350269,0.565803264,4
27824570_MinPolqaSfbRecording_cut.wav,3.75,0.5,0.49,4
30057537_MinPolqaSfbRecording_cut.wav,3.25,0.957427108,0.938278566,4
30522507_MinPolqaSfbRecording_cut.wav,1.75,0.957427108,0.938278566,4
27623901_MinPolqaSfbRecording_cut.wav,3.25,0.5,0.49,4
30157768_MinPolqaSfbRecording_cut.wav,3.75,0.957427108,0.938278566,4
28276314_MinPolqaSfbRecording_cut.wav,4.0,0.816496581,0.800166649,4
30432895_MinPolqaSfbRecording_cut.wav,1.0,0.0,0.0,4
30468048_MinPolqaSfbRecording_cut.wav,3.5,1.290994449,1.26517456,4
28528685_MinPolqaSfbRecording_cut.wav,4.0,1.154700538,1.131606528,4
30450626_MinPolqaSfbRecording_cut.wav,2.5,1.290994449,1.26517456,4
30461856_MinPolqaSfbRecording_cut.wav,3.75,1.5,1.47,4
28981169_MinPolqaSfbRecording_cut.wav,4.0,0.816496581,0.800166649,4
30161249_MinPolqaSfbRecording_cut.wav,2.0,0.816496581,0.800166649,4
30427408_MinPolqaSfbRecording_cut.wav,1.25,0.5,0.49,4
30067204_MinPolqaSfbRecording_cut.wav,1.25,0.5,0.49,4
29543595_MinPolqaSfbRecording_cut.wav,2.75,0.5,0.49,4
28302842_MinPolqaSfbRecording_cut.wav,3.5,0.577350269,0.565803264,4
28047669_MinPolqaSfbRecording_cut.wav,4.75,0.5,0.49,4
30147043_MinPolqaSfbRecording_cut.wav,2.25,0.5,0.49,4
30262036_MinPolqaSfbRecording_cut.wav,2.0,1.414213562,1.385929291,4
30260365_MinPolqaSfbRecording_cut.wav,3.75,0.957427108,0.938278566,4
30128656_MinPolqaSfbRecording_cut.wav,4.0,1.0,0.876538647,5
30067157_MinPolqaSfbRecording_cut.wav,3.8,0.836660027,0.733364848,5
27819767_MinPolqaSfbRecording_cut.wav,4.2,0.836660027,0.733364848,5
30194429_MinPolqaSfbRecording_cut.wav,3.0,1.0,0.876538647,5
30062454_MinPolqaSfbRecording_cut.wav,4.0,0.707106781,0.619806421,5
30488991_MinPolqaSfbRecording_cut.wav,3.8,0.836660027,0.733364848,5
28736994_MinPolqaSfbRecording_cut.wav,4.0,0.707106781,0.619806421,5
30099286_MinPolqaSfbRecording_cut.wav,3.2,0.836660027,0.733364848,5
29063215_MinPolqaSfbRecording_cut.wav,4.2,0.836660027,0.733364848,5
29534787_MinPolqaSfbRecording_cut.wav,2.0,1.414213562,1.385929291,4
30465494_MinPolqaSfbRecording_cut.wav,1.75,0.957427108,0.938278566,4
30455197_MinPolqaSfbRecording_cut.wav,2.0,0.816496581,0.800166649,4
30065857_MinPolqaSfbRecording_cut.wav,2.0,0.816496581,0.800166649,4
30142047_MinPolqaSfbRecording_cut.wav,1.75,0.5,0.49,4
30467504_MinPolqaSfbRecording_cut.wav,2.0,0.816496581,0.800166649,4
30448582_MinPolqaSfbRecording_cut.wav,2.0,0.816496581,0.800166649,4
30180314_MinPolqaSfbRecording_cut.wav,2.5,0.577350269,0.565803264,4
30160550_MinPolqaSfbRecording_cut.wav,2.25,0.957427108,0.938278566,4
30132414_MinPolqaSfbRecording_cut.wav,2.25,0.957427108,0.938278566,4
30405496_MinPolqaSfbRecording_cut.wav,3.0,1.224744871,1.073536213,5
28034562_MinPolqaSfbRecording_cut.wav,4.4,0.547722558,0.48009999,5
30155757_MinPolqaSfbRecording_cut.wav,2.8,1.303840481,1.142866571,5
28330643_MinPolqaSfbRecording_cut.wav,4.4,0.547722558,0.48009999,5
30478913_MinPolqaSfbRecording_cut.wav,3.2,1.303840481,1.142866571,5
30071304_MinPolqaSfbRecording_cut.wav,3.8,0.836660027,0.733364848,5
30192937_MinPolqaSfbRecording_cut.wav,3.6,1.140175425,0.999407825,5
30469248_MinPolqaSfbRecording_cut.wav,4.0,0.0,0.0,5
30096893_MinPolqaSfbRecording_cut.wav,3.4,0.547722558,0.48009999,5
28152896_MinPolqaSfbRecording_cut.wav,4.0,1.0,1.131606528,3
30166366_MinPolqaSfbRecording_cut.wav,4.0,1.0,1.131606528,3
30413469_MinPolqaSfbRecording_cut.wav,3.333333333,1.154700538,1.306666667,3
30258959_MinPolqaSfbRecording_cut.wav,4.0,1.0,1.131606528,3
30437107_MinPolqaSfbRecording_cut.wav,3.0,1.0,1.131606528,3
30445635_MinPolqaSfbRecording_cut.wav,3.333333333,1.154700538,1.306666667,3
30205221_MinPolqaSfbRecording_cut.wav,3.0,1.0,1.131606528,3
30084101_MinPolqaSfbRecording_cut.wav,2.666666667,0.577350269,0.653333333,3
30405897_MinPolqaSfbRecording_cut.wav,1.333333333,0.577350269,0.653333333,3
30186068_MinPolqaSfbRecording_cut.wav,3.4,0.894427191,0.784,5
28887053_MinPolqaSfbRecording_cut.wav,4.2,0.836660027,0.733364848,5
30209923_MinPolqaSfbRecording_cut.wav,2.2,1.643167673,1.440299969,5
28636992_MinPolqaSfbRecording_cut.wav,4.8,0.447213595,0.392,5
30090117_MinPolqaSfbRecording_cut.wav,4.0,0.707106781,0.619806421,5
30470353_MinPolqaSfbRecording_cut.wav,4.4,0.894427191,0.784,5
30477455_MinPolqaSfbRecording_cut.wav,3.4,1.140175425,0.999407825,5
30432087_MinPolqaSfbRecording_cut.wav,4.0,0.707106781,0.619806421,5
28118526_MinPolqaSfbRecording_cut.wav,4.0,0.707106781,0.619806421,5
28117844_MinPolqaSfbRecording_cut.wav,3.75,0.5,0.49,4
30479514_MinPolqaSfbRecording_cut.wav,2.5,1.732050808,1.697409791,4
29040987_MinPolqaSfbRecording_cut.wav,3.25,0.5,0.49,4
30195600_MinPolqaSfbRecording_cut.wav,2.75,1.707825128,1.673668625,4
30130033_MinPolqaSfbRecording_cut.wav,2.25,1.258305739,1.233139624,4
29539686_MinPolqaSfbRecording_cut.wav,2.5,1.732050808,1.697409791,4
30454948_MinPolqaSfbRecording_cut.wav,2.5,1.290994449,1.26517456,4
30261783_MinPolqaSfbRecording_cut.wav,2.0,1.0,1.131606528,3
27668708_MinPolqaSfbRecording_cut.wav,4.333333333,0.577350269,0.653333333,3
30526464_MinPolqaSfbRecording_cut.wav,3.0,1.732050808,1.96,3
30405806_MinPolqaSfbRecording_cut.wav,3.666666667,1.154700538,1.306666667,3
27905054_MinPolqaSfbRecording_cut.wav,3.0,1.0,1.131606528,3
30443269_MinPolqaSfbRecording_cut.wav,3.666666667,1.527525232,1.728557523,3
30258533_MinPolqaSfbRecording_cut.wav,3.0,1.732050808,1.96,3
30189622_MinPolqaSfbRecording_cut.wav,3.333333333,1.527525232,1.728557523,3
28299136_MinPolqaSfbRecording_cut.wav,2.666666667,0.577350269,0.653333333,3
30137596_MinPolqaSfbRecording_cut.wav,1.666666667,1.154700538,1.306666667,3
30192911_MinPolqaSfbRecording_cut.wav,2.333333333,0.577350269,0.653333333,3
28683460_MinPolqaSfbRecording_cut.wav,3.333333333,0.577350269,0.653333333,3
30097286_MinPolqaSfbRecording_cut.wav,3.0,1.0,1.131606528,3
30528687_MinPolqaSfbRecording_cut.wav,1.666666667,1.154700538,1.306666667,3
30135985_MinPolqaSfbRecording_cut.wav,4.0,1.0,1.131606528,3
30182621_MinPolqaSfbRecording_cut.wav,3.0,1.0,1.131606528,3
30091398_MinPolqaSfbRecording_cut.wav,3.333333333,0.577350269,0.653333333,3
30491860_MinPolqaSfbRecording_cut.wav,3.0,0.816496581,0.800166649,4
30484787_MinPolqaSfbRecording_cut.wav,4.25,0.957427108,0.938278566,4
30109787_MinPolqaSfbRecording_cut.wav,5.0,0.0,0.0,4
30151192_MinPolqaSfbRecording_cut.wav,4.25,0.5,0.49,4
28732479_MinPolqaSfbRecording_cut.wav,4.25,0.957427108,0.938278566,4
30157464_MinPolqaSfbRecording_cut.wav,2.75,0.5,0.49,4
30068183_MinPolqaSfbRecording_cut.wav,4.25,0.957427108,0.938278566,4
28851182_MinPolqaSfbRecording_cut.wav,4.5,0.577350269,0.565803264,4
30484840_MinPolqaSfbRecording_cut.wav,3.25,0.957427108,0.938278566,4
30466260_MinPolqaSfbRecording_cut.wav,3.75,0.5,0.49,4
28032196_MinPolqaSfbRecording_cut.wav,4.0,0.0,0.0,4
30173490_MinPolqaSfbRecording_cut.wav,3.5,0.577350269,0.565803264,4
30109487_MinPolqaSfbRecording_cut.wav,2.75,0.957427108,0.938278566,4
30068873_MinPolqaSfbRecording_cut.wav,2.75,1.5,1.47,4
28456158_MinPolqaSfbRecording_cut.wav,4.0,0.816496581,0.800166649,4
30078915_MinPolqaSfbRecording_cut.wav,3.0,0.816496581,0.800166649,4
29539230_MinPolqaSfbRecording_cut.wav,3.0,1.414213562,1.385929291,4
30157668_MinPolqaSfbRecording_cut.wav,3.75,1.5,1.47,4
30253534_MinPolqaSfbRecording_cut.wav,3.75,0.957427108,0.938278566,4
30404861_MinPolqaSfbRecording_cut.wav,3.4,0.894427191,0.784,5
27847085_MinPolqaSfbRecording_cut.wav,3.4,0.894427191,0.784,5
28980944_MinPolqaSfbRecording_cut.wav,3.0,0.707106781,0.619806421,5
30509137_MinPolqaSfbRecording_cut.wav,3.4,0.894427191,0.784,5
30194003_MinPolqaSfbRecording_cut.wav,3.6,0.547722558,0.48009999,5
30127851_MinPolqaSfbRecording_cut.wav,4.4,0.547722558,0.48009999,5
30484805_MinPolqaSfbRecording_cut.wav,2.4,1.140175425,0.999407825,5
30197815_MinPolqaSfbRecording_cut.wav,2.8,0.836660027,0.733364848,5
28863597_MinPolqaSfbRecording_cut.wav,3.8,1.095445115,0.960199979,5
30120332_MinPolqaSfbRecording_cut.wav,2.2,0.836660027,0.733364848,5
29531917_MinPolqaSfbRecording_cut.wav,3.0,0.707106781,0.619806421,5
29543548_MinPolqaSfbRecording_cut.wav,2.8,1.303840481,1.142866571,5
30489376_MinPolqaSfbRecording_cut.wav,1.4,0.547722558,0.48009999,5
30067168_MinPolqaSfbRecording_cut.wav,2.6,0.547722558,0.48009999,5
30403803_MinPolqaSfbRecording_cut.wav,2.8,0.447213595,0.392,5
28602163_MinPolqaSfbRecording_cut.wav,3.2,1.483239697,1.300116918,5
30143067_MinPolqaSfbRecording_cut.wav,3.2,1.483239697,1.300116918,5
30132917_MinPolqaSfbRecording_cut.wav,2.0,1.0,0.876538647,5
27617075_MinPolqaSfbRecording_cut.wav,3.2,1.483239697,1.300116918,5
28617448_MinPolqaSfbRecording_cut.wav,2.8,1.095445115,0.960199979,5
29529912_MinPolqaSfbRecording_cut.wav,2.4,0.894427191,0.784,5
27862125_MinPolqaSfbRecording_cut.wav,3.4,1.516575089,1.329336677,5
30090297_MinPolqaSfbRecording_cut.wav,3.6,1.673320053,1.466729696,5
30166216_MinPolqaSfbRecording_cut.wav,2.2,1.095445115,0.960199979,5
30128121_MinPolqaSfbRecording_cut.wav,4.6,0.547722558,0.48009999,5
27551996_MinPolqaSfbRecording_cut.wav,4.8,0.447213595,0.392,5
30255716_MinPolqaSfbRecording_cut.wav,3.8,1.095445115,0.960199979,5
28356257_MinPolqaSfbRecording_cut.wav,4.8,0.447213595,0.392,5
30521153_MinPolqaSfbRecording_cut.wav,1.8,0.836660027,0.733364848,5
30081232_MinPolqaSfbRecording_cut.wav,3.0,0.707106781,0.619806421,5
30106411_MinPolqaSfbRecording_cut.wav,4.0,0.707106781,0.619806421,5
30156652_MinPolqaSfbRecording_cut.wav,2.6,0.547722558,0.48009999,5
30177982_MinPolqaSfbRecording_cut.wav,3.0,1.224744871,1.073536213,5
28678872_MinPolqaSfbRecording_cut.wav,3.6,0.547722558,0.48009999,5
28052025_MinPolqaSfbRecording_cut.wav,3.8,0.447213595,0.392,5
30406774_MinPolqaSfbRecording_cut.wav,3.4,0.547722558,0.48009999,5
30127424_MinPolqaSfbRecording_cut.wav,1.6,0.894427191,0.784,5
27966914_MinPolqaSfbRecording_cut.wav,3.8,0.836660027,0.733364848,5
30083374_MinPolqaSfbRecording_cut.wav,3.0,0.0,0.0,5
30257105_MinPolqaSfbRecording_cut.wav,3.4,0.547722558,0.48009999,5
30188920_MinPolqaSfbRecording_cut.wav,2.25,1.5,1.47,4
27702674_MinPolqaSfbRecording_cut.wav,2.75,0.5,0.49,4
28048931_MinPolqaSfbRecording_cut.wav,4.0,0.816496581,0.800166649,4
30211309_MinPolqaSfbRecording_cut.wav,2.25,1.5,1.47,4
30201600_MinPolqaSfbRecording_cut.wav,3.25,0.957427108,0.938278566,4
30412080_MinPolqaSfbRecording_cut.wav,3.5,0.577350269,0.565803264,4
28558638_MinPolqaSfbRecording_cut.wav,3.25,0.5,0.49,4
30113656_MinPolqaSfbRecording_cut.wav,2.0,1.414213562,1.385929291,4
30159216_MinPolqaSfbRecording_cut.wav,3.75,0.5,0.49,4
28464583_MinPolqaSfbRecording_cut.wav,3.5,0.577350269,0.565803264,4
27797942_MinPolqaSfbRecording_cut.wav,3.75,1.258305739,1.233139624,4
30468821_MinPolqaSfbRecording_cut.wav,3.0,0.0,0.0,4
30471117_MinPolqaSfbRecording_cut.wav,2.75,1.5,1.47,4
27656497_MinPolqaSfbRecording_cut.wav,4.5,0.577350269,0.565803264,4
30106075_MinPolqaSfbRecording_cut.wav,3.5,0.577350269,0.565803264,4
30206137_MinPolqaSfbRecording_cut.wav,2.75,0.5,0.49,4
28239143_MinPolqaSfbRecording_cut.wav,4.25,0.957427108,0.938278566,4
28228565_MinPolqaSfbRecording_cut.wav,3.8,0.836660027,0.733364848,5
30483558_MinPolqaSfbRecording_cut.wav,2.6,0.894427191,0.784,5
28828254_MinPolqaSfbRecording_cut.wav,2.6,0.547722558,0.48009999,5
30063487_MinPolqaSfbRecording_cut.wav,3.6,0.894427191,0.784,5
30118136_MinPolqaSfbRecording_cut.wav,2.0,1.0,0.876538647,5
30200599_MinPolqaSfbRecording_cut.wav,4.0,1.0,0.876538647,5
28923134_MinPolqaSfbRecording_cut.wav,4.2,0.447213595,0.392,5
30133485_MinPolqaSfbRecording_cut.wav,4.0,1.414213562,1.385929291,4
30155085_MinPolqaSfbRecording_cut.wav,1.25,0.5,0.49,4
28781770_MinPolqaSfbRecording_cut.wav,2.75,0.957427108,0.938278566,4
30149691_MinPolqaSfbRecording_cut.wav,2.0,1.154700538,1.131606528,4
30171762_MinPolqaSfbRecording_cut.wav,3.75,0.5,0.49,4
27522065_MinPolqaSfbRecording_cut.wav,4.5,0.577350269,0.565803264,4
30120710_MinPolqaSfbRecording_cut.wav,2.0,0.816496581,0.800166649,4
30198880_MinPolqaSfbRecording_cut.wav,2.75,0.5,0.49,4
30066268_MinPolqaSfbRecording_cut.wav,3.5,0.577350269,0.565803264,4
30102422_MinPolqaSfbRecording_cut.wav,3.5,1.290994449,1.26517456,4
29536676_MinPolqaSfbRecording_cut.wav,2.0,0.816496581,0.800166649,4
30406109_MinPolqaSfbRecording_cut.wav,3.0,1.414213562,1.385929291,4
30440640_MinPolqaSfbRecording_cut.wav,4.25,0.5,0.49,4
30458502_MinPolqaSfbRecording_cut.wav,2.75,1.5,1.47,4
30467842_MinPolqaSfbRecording_cut.wav,1.5,0.577350269,0.565803264,4
30181434_MinPolqaSfbRecording_cut.wav,3.75,0.5,0.49,4
30072788_MinPolqaSfbRecording_cut.wav,3.0,1.632993162,1.600333299,4
30213081_MinPolqaSfbRecording_cut.wav,3.25,0.957427108,0.938278566,4
30193737_MinPolqaSfbRecording_cut.wav,3.5,1.0,0.98,4
27815232_MinPolqaSfbRecording_cut.wav,4.25,0.957427108,0.938278566,4
30103285_MinPolqaSfbRecording_cut.wav,2.5,1.290994449,1.26517456,4
29556516_MinPolqaSfbRecording_cut.wav,3.25,1.5,1.47,4
30155384_MinPolqaSfbRecording_cut.wav,2.0,1.414213562,1.385929291,4
30098121_MinPolqaSfbRecording_cut.wav,4.25,0.5,0.49,4
30508272_MinPolqaSfbRecording_cut.wav,2.25,0.957427108,0.938278566,4
30075295_MinPolqaSfbRecording_cut.wav,4.0,1.414213562,1.385929291,4
30506549_MinPolqaSfbRecording_cut.wav,2.5,1.0,0.98,4
30212975_MinPolqaSfbRecording_cut.wav,3.25,0.957427108,0.938278566,4
30173730_MinPolqaSfbRecording_cut.wav,2.5,0.577350269,0.565803264,4
30114056_MinPolqaSfbRecording_cut.wav,3.0,0.816496581,0.800166649,4
30065350_MinPolqaSfbRecording_cut.wav,3.75,0.5,0.49,4
30165364_MinPolqaSfbRecording_cut.wav,3.25,0.5,0.49,4
30143631_MinPolqaSfbRecording_cut.wav,3.0,0.816496581,0.800166649,4
30202278_MinPolqaSfbRecording_cut.wav,3.75,0.5,0.49,4
28818729_MinPolqaSfbRecording_cut.wav,4.25,0.5,0.49,4
30205306_MinPolqaSfbRecording_cut.wav,2.8,0.836660027,0.733364848,5
30451620_MinPolqaSfbRecording_cut.wav,3.2,1.643167673,1.440299969,5
30407360_MinPolqaSfbRecording_cut.wav,3.6,0.894427191,0.784,5
30161046_MinPolqaSfbRecording_cut.wav,3.2,0.447213595,0.392,5
30521102_MinPolqaSfbRecording_cut.wav,3.4,0.894427191,0.784,5
30516398_MinPolqaSfbRecording_cut.wav,2.6,1.140175425,0.999407825,5
30185747_MinPolqaSfbRecording_cut.wav,3.4,0.894427191,0.784,5
30080274_MinPolqaSfbRecording_cut.wav,3.4,0.547722558,0.48009999,5
30212165_MinPolqaSfbRecording_cut.wav,3.8,0.836660027,0.733364848,5
29531795_MinPolqaSfbRecording_cut.wav,2.6,1.673320053,1.466729696,5
28218976_MinPolqaSfbRecording_cut.wav,3.8,0.447213595,0.392,5
29535554_MinPolqaSfbRecording_cut.wav,2.4,1.140175425,0.999407825,5
28952083_MinPolqaSfbRecording_cut.wav,3.8,1.095445115,0.960199979,5
30446026_MinPolqaSfbRecording_cut.wav,2.8,1.483239697,1.300116918,5
27587095_MinPolqaSfbRecording_cut.wav,4.0,0.707106781,0.619806421,5
30466731_MinPolqaSfbRecording_cut.wav,3.0,1.0,1.131606528,3
28976257_MinPolqaSfbRecording_cut.wav,4.333333333,0.577350269,0.653333333,3
30466726_MinPolqaSfbRecording_cut.wav,3.333333333,0.577350269,0.653333333,3
28497428_MinPolqaSfbRecording_cut.wav,4.0,0.0,0.0,3
30431355_MinPolqaSfbRecording_cut.wav,2.666666667,1.527525232,1.728557523,3
30479035_MinPolqaSfbRecording_cut.wav,4.333333333,0.577350269,0.653333333,3
27626534_MinPolqaSfbRecording_cut.wav,4.666666667,0.577350269,0.653333333,3
30140715_MinPolqaSfbRecording_cut.wav,4.333333333,0.577350269,0.653333333,3
30070802_MinPolqaSfbRecording_cut.wav,4.333333333,0.577350269,0.653333333,3
30428256_MinPolqaSfbRecording_cut.wav,1.0,0.0,0.0,4
27686995_MinPolqaSfbRecording_cut.wav,3.75,0.5,0.49,4
30122368_MinPolqaSfbRecording_cut.wav,3.25,0.5,0.49,4
30256969_MinPolqaSfbRecording_cut.wav,2.0,0.816496581,0.800166649,4
30070793_MinPolqaSfbRecording_cut.wav,3.5,0.577350269,0.565803264,4
30471241_MinPolqaSfbRecording_cut.wav,3.25,0.957427108,0.938278566,4
30506225_MinPolqaSfbRecording_cut.wav,3.75,0.957427108,0.938278566,4
30406671_MinPolqaSfbRecording_cut.wav,3.25,0.5,0.49,4
27921232_MinPolqaSfbRecording_cut.wav,3.8,0.836660027,0.733364848,5
30477711_MinPolqaSfbRecording_cut.wav,2.4,1.140175425,0.999407825,5
30163660_MinPolqaSfbRecording_cut.wav,2.8,0.836660027,0.733364848,5
30156840_MinPolqaSfbRecording_cut.wav,4.2,0.836660027,0.733364848,5
30439748_MinPolqaSfbRecording_cut.wav,1.8,0.447213595,0.392,5
28605421_MinPolqaSfbRecording_cut.wav,2.0,0.707106781,0.619806421,5
30429406_MinPolqaSfbRecording_cut.wav,1.6,0.894427191,0.784,5
30130827_MinPolqaSfbRecording_cut.wav,4.6,0.547722558,0.48009999,5
30180323_MinPolqaSfbRecording_cut.wav,3.2,0.836660027,0.733364848,5
30451418_MinPolqaSfbRecording_cut.wav,2.333333333,1.527525232,1.728557523,3
28002927_MinPolqaSfbRecording_cut.wav,4.333333333,0.577350269,0.653333333,3
30157942_MinPolqaSfbRecording_cut.wav,1.666666667,1.154700538,1.306666667,3
30061371_MinPolqaSfbRecording_cut.wav,3.333333333,1.154700538,1.306666667,3
27591661_MinPolqaSfbRecording_cut.wav,3.333333333,0.577350269,0.653333333,3
30212559_MinPolqaSfbRecording_cut.wav,3.666666667,1.154700538,1.306666667,3
30097362_MinPolqaSfbRecording_cut.wav,3.0,1.0,1.131606528,3
28981946_MinPolqaSfbRecording_cut.wav,4.666666667,0.577350269,0.653333333,3
30258424_MinPolqaSfbRecording_cut.wav,2.0,,,1
30506846_MinPolqaSfbRecording_cut.wav,1.0,,,1
27825276_MinPolqaSfbRecording_cut.wav,4.0,,,1
28344577_MinPolqaSfbRecording_cut.wav,3.0,,,1
30087541_MinPolqaSfbRecording_cut.wav,3.0,,,1
30409775_MinPolqaSfbRecording_cut.wav,2.0,,,1
30523858_MinPolqaSfbRecording_cut.wav,2.0,,,1
28488025_MinPolqaSfbRecording_cut.wav,4.0,,,1
30185592_MinPolqaSfbRecording_cut.wav,3.0,,,1
28304383_MinPolqaSfbRecording_cut.wav,4.0,,,1
30504655_MinPolqaSfbRecording_cut.wav,3.333333333,0.577350269,0.653333333,3
30404886_MinPolqaSfbRecording_cut.wav,1.666666667,0.577350269,0.653333333,3
30249539_MinPolqaSfbRecording_cut.wav,3.666666667,1.154700538,1.306666667,3
30118453_MinPolqaSfbRecording_cut.wav,3.666666667,1.154700538,1.306666667,3
28790328_MinPolqaSfbRecording_cut.wav,4.666666667,0.577350269,0.653333333,3
30254213_MinPolqaSfbRecording_cut.wav,3.0,1.0,1.131606528,3
28196156_MinPolqaSfbRecording_cut.wav,5.0,0.0,0.0,3
28248117_MinPolqaSfbRecording_cut.wav,4.0,0.0,0.0,3
30109112_MinPolqaSfbRecording_cut.wav,2.333333333,0.577350269,0.653333333,3
28016465_MinPolqaSfbRecording_cut.wav,4.75,0.5,0.49,4
30096283_MinPolqaSfbRecording_cut.wav,3.75,0.957427108,0.938278566,4
29531681_MinPolqaSfbRecording_cut.wav,3.75,0.957427108,0.938278566,4
28077877_MinPolqaSfbRecording_cut.wav,4.25,0.5,0.49,4
28367451_MinPolqaSfbRecording_cut.wav,4.0,0.816496581,0.800166649,4
29533180_MinPolqaSfbRecording_cut.wav,4.5,0.577350269,0.565803264,4
30186590_MinPolqaSfbRecording_cut.wav,3.0,0.0,0.0,4
30257785_MinPolqaSfbRecording_cut.wav,2.25,0.5,0.49,4
30200026_MinPolqaSfbRecording_cut.wav,3.25,0.5,0.49,4
28131830_MinPolqaSfbRecording_cut.wav,3.5,0.577350269,0.565803264,4
30401083_MinPolqaSfbRecording_cut.wav,2.25,1.258305739,1.233139624,4
30169813_MinPolqaSfbRecording_cut.wav,2.5,1.732050808,1.697409791,4
30432160_MinPolqaSfbRecording_cut.wav,2.75,0.957427108,0.938278566,4
30526903_MinPolqaSfbRecording_cut.wav,2.0,0.816496581,0.800166649,4
27865799_MinPolqaSfbRecording_cut.wav,4.25,0.5,0.49,4
29039637_MinPolqaSfbRecording_cut.wav,4.5,0.577350269,0.565803264,4
30101034_MinPolqaSfbRecording_cut.wav,4.333333333,0.577350269,0.653333333,3
28157948_MinPolqaSfbRecording_cut.wav,3.666666667,0.577350269,0.653333333,3
28845224_MinPolqaSfbRecording_cut.wav,4.333333333,0.577350269,0.653333333,3
30098251_MinPolqaSfbRecording_cut.wav,2.0,1.732050808,1.96,3
28052573_MinPolqaSfbRecording_cut.wav,4.666666667,0.577350269,0.653333333,3
28985069_MinPolqaSfbRecording_cut.wav,3.666666667,0.577350269,0.653333333,3
30177811_MinPolqaSfbRecording_cut.wav,3.333333333,1.154700538,1.306666667,3
30138605_MinPolqaSfbRecording_cut.wav,3.666666667,1.154700538,1.306666667,3
30261500_MinPolqaSfbRecording_cut.wav,4.0,0.816496581,0.800166649,4
27675461_MinPolqaSfbRecording_cut.wav,4.0,0.0,0.0,4
27955432_MinPolqaSfbRecording_cut.wav,4.0,0.816496581,0.800166649,4
30058844_MinPolqaSfbRecording_cut.wav,4.25,0.957427108,0.938278566,4
30155045_MinPolqaSfbRecording_cut.wav,3.25,1.258305739,1.233139624,4
30212649_MinPolqaSfbRecording_cut.wav,3.25,1.258305739,1.233139624,4
27631137_MinPolqaSfbRecording_cut.wav,4.0,1.154700538,1.131606528,4
30468606_MinPolqaSfbRecording_cut.wav,3.5,0.577350269,0.565803264,4
30061374_MinPolqaSfbRecording_cut.wav,4.25,0.957427108,0.938278566,4
30063390_MinPolqaSfbRecording_cut.wav,2.333333333,1.154700538,1.306666667,3
30185643_MinPolqaSfbRecording_cut.wav,3.333333333,1.154700538,1.306666667,3
30141778_MinPolqaSfbRecording_cut.wav,4.333333333,0.577350269,0.653333333,3
27884669_MinPolqaSfbRecording_cut.wav,4.333333333,0.577350269,0.653333333,3
29534238_MinPolqaSfbRecording_cut.wav,3.0,1.0,1.131606528,3
28182782_MinPolqaSfbRecording_cut.wav,4.333333333,0.577350269,0.653333333,3
29062656_MinPolqaSfbRecording_cut.wav,3.666666667,1.527525232,1.728557523,3
30484120_MinPolqaSfbRecording_cut.wav,3.6,0.547722558,0.48009999,5
27983669_MinPolqaSfbRecording_cut.wav,4.0,1.224744871,1.073536213,5
28525454_MinPolqaSfbRecording_cut.wav,4.2,0.447213595,0.392,5
27832756_MinPolqaSfbRecording_cut.wav,4.2,1.303840481,1.142866571,5
30148164_MinPolqaSfbRecording_cut.wav,3.6,0.547722558,0.48009999,5
29543161_MinPolqaSfbRecording_cut.wav,2.2,0.836660027,0.733364848,5
30105743_MinPolqaSfbRecording_cut.wav,3.0,1.224744871,1.073536213,5
30455231_MinPolqaSfbRecording_cut.wav,1.25,0.5,0.49,4
28768030_MinPolqaSfbRecording_cut.wav,3.5,0.577350269,0.565803264,4
28847854_MinPolqaSfbRecording_cut.wav,3.75,0.5,0.49,4
30118832_MinPolqaSfbRecording_cut.wav,2.75,0.5,0.49,4
30073127_MinPolqaSfbRecording_cut.wav,2.5,0.577350269,0.565803264,4
27568063_MinPolqaSfbRecording_cut.wav,4.0,0.816496581,0.800166649,4
30170947_MinPolqaSfbRecording_cut.wav,1.75,0.957427108,0.938278566,4
30454691_MinPolqaSfbRecording_cut.wav,2.5,0.577350269,0.565803264,4
28161342_MinPolqaSfbRecording_cut.wav,4.6,0.547722558,0.48009999,5
30523855_MinPolqaSfbRecording_cut.wav,3.8,1.095445115,0.960199979,5
30161416_MinPolqaSfbRecording_cut.wav,4.0,1.0,0.876538647,5
29067334_MinPolqaSfbRecording_cut.wav,4.2,0.447213595,0.392,5
30163713_MinPolqaSfbRecording_cut.wav,3.6,1.341640786,1.176,5
30484464_MinPolqaSfbRecording_cut.wav,3.2,1.483239697,1.300116918,5
30437857_MinPolqaSfbRecording_cut.wav,3.8,1.095445115,0.960199979,5
28017076_MinPolqaSfbRecording_cut.wav,4.4,0.547722558,0.48009999,5
30173580_MinPolqaSfbRecording_cut.wav,2.0,1.0,0.876538647,5
30179052_MinPolqaSfbRecording_cut.wav,2.4,1.341640786,1.176,5
30171871_MinPolqaSfbRecording_cut.wav,1.8,0.836660027,0.733364848,5
30510465_MinPolqaSfbRecording_cut.wav,3.0,0.707106781,0.619806421,5
30501180_MinPolqaSfbRecording_cut.wav,2.4,1.516575089,1.329336677,5
30470980_MinPolqaSfbRecording_cut.wav,2.4,1.140175425,0.999407825,5
30207070_MinPolqaSfbRecording_cut.wav,3.0,1.0,0.876538647,5
30213077_MinPolqaSfbRecording_cut.wav,2.8,1.095445115,0.960199979,5
30064417_MinPolqaSfbRecording_cut.wav,3.2,0.836660027,0.733364848,5
28974497_MinPolqaSfbRecording_cut.wav,4.0,0.707106781,0.619806421,5
28252479_MinPolqaSfbRecording_cut.wav,3.4,0.894427191,0.784,5
29538932_MinPolqaSfbRecording_cut.wav,2.6,1.516575089,1.329336677,5
30128752_MinPolqaSfbRecording_cut.wav,3.8,0.836660027,0.733364848,5
30173069_MinPolqaSfbRecording_cut.wav,3.4,0.547722558,0.48009999,5
30262354_MinPolqaSfbRecording_cut.wav,2.6,0.894427191,0.784,5
30072719_MinPolqaSfbRecording_cut.wav,3.0,0.707106781,0.619806421,5
30207584_MinPolqaSfbRecording_cut.wav,2.6,0.894427191,0.784,5
30122283_MinPolqaSfbRecording_cut.wav,2.8,0.836660027,0.733364848,5
30508018_MinPolqaSfbRecording_cut.wav,3.0,1.224744871,1.073536213,5
30135656_MinPolqaSfbRecording_cut.wav,4.25,0.5,0.49,4
30181899_MinPolqaSfbRecording_cut.wav,3.75,0.957427108,0.938278566,4
30449437_MinPolqaSfbRecording_cut.wav,3.0,1.414213562,1.385929291,4
30172252_MinPolqaSfbRecording_cut.wav,3.5,0.577350269,0.565803264,4
28761111_MinPolqaSfbRecording_cut.wav,4.5,0.577350269,0.565803264,4
28310000_MinPolqaSfbRecording_cut.wav,4.5,0.577350269,0.565803264,4
27810215_MinPolqaSfbRecording_cut.wav,4.5,0.577350269,0.565803264,4
30133103_MinPolqaSfbRecording_cut.wav,3.75,0.5,0.49,4
30100157_MinPolqaSfbRecording_cut.wav,3.5,0.577350269,0.565803264,4
30208727_MinPolqaSfbRecording_cut.wav,3.25,0.5,0.49,4
30492140_MinPolqaSfbRecording_cut.wav,3.4,1.673320053,1.466729696,5
30511451_MinPolqaSfbRecording_cut.wav,3.6,0.547722558,0.48009999,5
30137618_MinPolqaSfbRecording_cut.wav,4.0,0.707106781,0.619806421,5
30412712_MinPolqaSfbRecording_cut.wav,3.6,0.894427191,0.784,5
30171960_MinPolqaSfbRecording_cut.wav,4.2,1.095445115,0.960199979,5
30078511_MinPolqaSfbRecording_cut.wav,4.2,0.447213595,0.392,5
27618750_MinPolqaSfbRecording_cut.wav,4.0,0.707106781,0.619806421,5
30469961_MinPolqaSfbRecording_cut.wav,3.0,1.870828693,1.639853652,5
30106019_MinPolqaSfbRecording_cut.wav,2.8,1.303840481,1.142866571,5
30085776_MinPolqaSfbRecording_cut.wav,3.2,1.303840481,1.142866571,5
30488670_MinPolqaSfbRecording_cut.wav,3.4,0.894427191,0.784,5
30067555_MinPolqaSfbRecording_cut.wav,3.4,0.547722558,0.48009999,5
28995389_MinPolqaSfbRecording_cut.wav,4.0,0.0,0.0,5
30458130_MinPolqaSfbRecording_cut.wav,3.2,1.095445115,0.960199979,5
30435163_MinPolqaSfbRecording_cut.wav,2.6,0.894427191,0.784,5
30070244_MinPolqaSfbRecording_cut.wav,1.8,1.303840481,1.142866571,5
30414089_MinPolqaSfbRecording_cut.wav,3.6,1.949358869,1.708688386,5
30173243_MinPolqaSfbRecording_cut.wav,2.0,0.707106781,0.619806421,5
30489203_MinPolqaSfbRecording_cut.wav,2.4,1.140175425,0.999407825,5
30424350_MinPolqaSfbRecording_cut.wav,3.4,1.816590212,1.592311527,5
29543702_MinPolqaSfbRecording_cut.wav,4.4,0.894427191,0.784,5
29530523_MinPolqaSfbRecording_cut.wav,2.4,1.140175425,0.999407825,5
28560062_MinPolqaSfbRecording_cut.wav,5.0,0.0,0.0,5
27952291_MinPolqaSfbRecording_cut.wav,4.6,0.547722558,0.48009999,5
30183587_MinPolqaSfbRecording_cut.wav,3.8,1.643167673,1.440299969,5
30091336_MinPolqaSfbRecording_cut.wav,2.5,1.290994449,1.26517456,4
30425321_MinPolqaSfbRecording_cut.wav,3.5,1.0,0.98,4
30428935_MinPolqaSfbRecording_cut.wav,2.75,0.957427108,0.938278566,4
28202002_MinPolqaSfbRecording_cut.wav,3.25,0.5,0.49,4
30109837_MinPolqaSfbRecording_cut.wav,4.25,0.957427108,0.938278566,4
30251088_MinPolqaSfbRecording_cut.wav,3.5,1.290994449,1.26517456,4
28036672_MinPolqaSfbRecording_cut.wav,3.25,0.957427108,0.938278566,4
30195457_MinPolqaSfbRecording_cut.wav,4.0,0.816496581,0.800166649,4
30161655_MinPolqaSfbRecording_cut.wav,4.25,0.957427108,0.938278566,4
30467882_MinPolqaSfbRecording_cut.wav,2.5,0.577350269,0.565803264,4
30404420_MinPolqaSfbRecording_cut.wav,3.8,0.836660027,0.733364848,5
30205943_MinPolqaSfbRecording_cut.wav,3.8,0.447213595,0.392,5
30431708_MinPolqaSfbRecording_cut.wav,3.2,1.095445115,0.960199979,5
30096240_MinPolqaSfbRecording_cut.wav,3.0,0.0,0.0,5
30515651_MinPolqaSfbRecording_cut.wav,1.6,1.341640786,1.176,5
30502256_MinPolqaSfbRecording_cut.wav,3.0,0.707106781,0.619806421,5
30060397_MinPolqaSfbRecording_cut.wav,3.2,1.095445115,0.960199979,5
30132755_MinPolqaSfbRecording_cut.wav,2.6,0.547722558,0.48009999,5
29024523_MinPolqaSfbRecording_cut.wav,4.4,0.547722558,0.48009999,5
29009026_MinPolqaSfbRecording_cut.wav,5.0,0.0,0.0,5
28494274_MinPolqaSfbRecording_cut.wav,4.0,0.0,0.0,3
30208722_MinPolqaSfbRecording_cut.wav,4.666666667,0.577350269,0.653333333,3
30083788_MinPolqaSfbRecording_cut.wav,3.0,1.732050808,1.96,3
30401122_MinPolqaSfbRecording_cut.wav,3.666666667,1.527525232,1.728557523,3
27887303_MinPolqaSfbRecording_cut.wav,4.666666667,0.577350269,0.653333333,3
30075374_MinPolqaSfbRecording_cut.wav,4.333333333,0.577350269,0.653333333,3
30511605_MinPolqaSfbRecording_cut.wav,4.666666667,0.577350269,0.653333333,3
30504649_MinPolqaSfbRecording_cut.wav,4.333333333,1.154700538,1.306666667,3
29556521_MinPolqaSfbRecording_cut.wav,3.0,1.732050808,1.96,3
28207356_MinPolqaSfbRecording_cut.wav,4.6,0.547722558,0.48009999,5
29531662_MinPolqaSfbRecording_cut.wav,4.2,0.836660027,0.733364848,5
28316755_MinPolqaSfbRecording_cut.wav,4.6,0.894427191,0.784,5
30084864_MinPolqaSfbRecording_cut.wav,3.0,1.58113883,1.385929291,5
30205322_MinPolqaSfbRecording_cut.wav,4.2,0.836660027,0.733364848,5
28919183_MinPolqaSfbRecording_cut.wav,4.8,0.447213595,0.392,5
27727082_MinPolqaSfbRecording_cut.wav,4.6,0.547722558,0.48009999,5
27935677_MinPolqaSfbRecording_cut.wav,4.6,0.547722558,0.48009999,5
30432764_MinPolqaSfbRecording_cut.wav,3.6,0.547722558,0.48009999,5
30442644_MinPolqaSfbRecording_cut.wav,2.6,1.140175425,0.999407825,5
30089303_MinPolqaSfbRecording_cut.wav,3.0,1.224744871,1.073536213,5
30522127_MinPolqaSfbRecording_cut.wav,3.4,0.547722558,0.48009999,5
30520361_MinPolqaSfbRecording_cut.wav,3.0,0.707106781,0.619806421,5
30260765_MinPolqaSfbRecording_cut.wav,3.2,0.836660027,0.733364848,5
30421681_MinPolqaSfbRecording_cut.wav,2.4,1.140175425,0.999407825,5
30083860_MinPolqaSfbRecording_cut.wav,3.6,1.140175425,0.999407825,5
30063253_MinPolqaSfbRecording_cut.wav,4.0,1.0,0.876538647,5
30137141_MinPolqaSfbRecording_cut.wav,3.2,0.836660027,0.733364848,5
30260323_MinPolqaSfbRecording_cut.wav,3.2,1.483239697,1.300116918,5
30133361_MinPolqaSfbRecording_cut.wav,3.4,1.516575089,1.329336677,5
30432006_MinPolqaSfbRecording_cut.wav,3.2,0.836660027,0.733364848,5
30130228_MinPolqaSfbRecording_cut.wav,1.8,1.303840481,1.142866571,5
27961875_MinPolqaSfbRecording_cut.wav,4.2,0.836660027,0.733364848,5
30424371_MinPolqaSfbRecording_cut.wav,3.0,1.414213562,1.239612843,5
30143305_MinPolqaSfbRecording_cut.wav,2.8,1.095445115,0.960199979,5
28169187_MinPolqaSfbRecording_cut.wav,3.6,1.516575089,1.329336677,5
30154352_MinPolqaSfbRecording_cut.wav,3.8,1.643167673,1.440299969,5
30438400_MinPolqaSfbRecording_cut.wav,2.8,1.303840481,1.142866571,5
30062099_MinPolqaSfbRecording_cut.wav,3.8,0.447213595,0.392,5
28951954_MinPolqaSfbRecording_cut.wav,3.8,0.447213595,0.392,5
30460392_MinPolqaSfbRecording_cut.wav,4.2,1.303840481,1.142866571,5
30117596_MinPolqaSfbRecording_cut.wav,3.8,1.303840481,1.142866571,5
30205907_MinPolqaSfbRecording_cut.wav,3.0,0.816496581,0.800166649,4
30438991_MinPolqaSfbRecording_cut.wav,3.5,1.0,0.98,4
30159682_MinPolqaSfbRecording_cut.wav,3.75,0.5,0.49,4
30100073_MinPolqaSfbRecording_cut.wav,2.5,1.290994449,1.26517456,4
28551353_MinPolqaSfbRecording_cut.wav,4.0,0.816496581,0.800166649,4
28459780_MinPolqaSfbRecording_cut.wav,4.5,0.577350269,0.565803264,4
30531193_MinPolqaSfbRecording_cut.wav,3.75,0.5,0.49,4
30137925_MinPolqaSfbRecording_cut.wav,4.5,0.577350269,0.565803264,4
30112529_MinPolqaSfbRecording_cut.wav,3.0,1.825741858,1.789227021,4
27736523_MinPolqaSfbRecording_cut.wav,4.5,0.577350269,0.565803264,4
30163079_MinPolqaSfbRecording_cut.wav,3.25,0.957427108,0.938278566,4
30469651_MinPolqaSfbRecording_cut.wav,3.5,1.0,0.98,4
30502313_MinPolqaSfbRecording_cut.wav,3.5,1.290994449,1.26517456,4
28771941_MinPolqaSfbRecording_cut.wav,4.5,0.577350269,0.565803264,4
30496549_MinPolqaSfbRecording_cut.wav,3.5,1.0,0.98,4
28832519_MinPolqaSfbRecording_cut.wav,4.25,0.5,0.49,4
30129618_MinPolqaSfbRecording_cut.wav,3.5,1.290994449,1.26517456,4
30468262_MinPolqaSfbRecording_cut.wav,3.0,1.414213562,1.385929291,4
30410106_MinPolqaSfbRecording_cut.wav,1.333333333,0.577350269,0.653333333,3
28549602_MinPolqaSfbRecording_cut.wav,4.0,1.0,1.131606528,3
30147169_MinPolqaSfbRecording_cut.wav,2.666666667,0.577350269,0.653333333,3
30468535_MinPolqaSfbRecording_cut.wav,1.666666667,0.577350269,0.653333333,3
30159941_MinPolqaSfbRecording_cut.wav,1.0,0.0,0.0,3
30261564_MinPolqaSfbRecording_cut.wav,2.0,0.0,0.0,3
28166898_MinPolqaSfbRecording_cut.wav,4.0,1.0,1.131606528,3
27606711_MinPolqaSfbRecording_cut.wav,3.5,0.707106781,0.98,2
28132482_MinPolqaSfbRecording_cut.wav,4.0,0.0,0.0,2
28850046_MinPolqaSfbRecording_cut.wav,4.0,1.414213562,1.96,2
30414632_MinPolqaSfbRecording_cut.wav,2.5,2.121320344,2.94,2
30123103_MinPolqaSfbRecording_cut.wav,2.0,1.414213562,1.96,2
30114112_MinPolqaSfbRecording_cut.wav,2.5,0.707106781,0.98,2
30461503_MinPolqaSfbRecording_cut.wav,3.666666667,0.577350269,0.653333333,3
30175909_MinPolqaSfbRecording_cut.wav,3.666666667,1.527525232,1.728557523,3
28257985_MinPolqaSfbRecording_cut.wav,4.666666667,0.577350269,0.653333333,3
30414400_MinPolqaSfbRecording_cut.wav,3.666666667,0.577350269,0.653333333,3
30071843_MinPolqaSfbRecording_cut.wav,3.333333333,1.154700538,1.306666667,3
30483556_MinPolqaSfbRecording_cut.wav,4.333333333,0.577350269,0.653333333,3
29537210_MinPolqaSfbRecording_cut.wav,3.0,0.0,0.0,4
30090413_MinPolqaSfbRecording_cut.wav,3.5,0.577350269,0.565803264,4
29529952_MinPolqaSfbRecording_cut.wav,3.0,0.0,0.0,4
30451288_MinPolqaSfbRecording_cut.wav,3.5,0.577350269,0.565803264,4
30180566_MinPolqaSfbRecording_cut.wav,3.0,0.816496581,0.800166649,4
30112699_MinPolqaSfbRecording_cut.wav,2.5,0.577350269,0.565803264,4
27594114_MinPolqaSfbRecording_cut.wav,3.75,0.957427108,0.938278566,4
28114141_MinPolqaSfbRecording_cut.wav,4.6,0.547722558,0.48009999,5
28133632_MinPolqaSfbRecording_cut.wav,4.6,0.547722558,0.48009999,5
30063722_MinPolqaSfbRecording_cut.wav,3.6,0.547722558,0.48009999,5
28214677_MinPolqaSfbRecording_cut.wav,4.2,0.447213595,0.392,5
30171883_MinPolqaSfbRecording_cut.wav,4.4,0.547722558,0.48009999,5
30173542_MinPolqaSfbRecording_cut.wav,2.0,0.707106781,0.619806421,5
30431315_MinPolqaSfbRecording_cut.wav,2.6,0.894427191,0.784,5
28508100_MinPolqaSfbRecording_cut.wav,4.6,0.894427191,0.784,5
30200103_MinPolqaSfbRecording_cut.wav,3.4,1.140175425,0.999407825,5
30520456_MinPolqaSfbRecording_cut.wav,2.75,0.5,0.49,4
30434182_MinPolqaSfbRecording_cut.wav,3.75,0.5,0.49,4
30062285_MinPolqaSfbRecording_cut.wav,2.75,0.5,0.49,4
30178452_MinPolqaSfbRecording_cut.wav,3.25,0.5,0.49,4
29529804_MinPolqaSfbRecording_cut.wav,4.0,0.0,0.0,4
28889922_MinPolqaSfbRecording_cut.wav,4.0,0.816496581,0.800166649,4
30157087_MinPolqaSfbRecording_cut.wav,3.5,0.577350269,0.565803264,4
30433867_MinPolqaSfbRecording_cut.wav,1.0,0.0,0.0,4
29008726_MinPolqaSfbRecording_cut.wav,4.0,0.816496581,0.800166649,4
30471191_MinPolqaSfbRecording_cut.wav,3.5,0.577350269,0.565803264,4
30087214_MinPolqaSfbRecording_cut.wav,3.25,0.5,0.49,4
30154959_MinPolqaSfbRecording_cut.wav,3.0,0.816496581,0.800166649,4
30213066_MinPolqaSfbRecording_cut.wav,2.0,0.816496581,0.800166649,4
30117977_MinPolqaSfbRecording_cut.wav,1.75,0.957427108,0.938278566,4
30153818_MinPolqaSfbRecording_cut.wav,4.0,0.816496581,0.800166649,4
30087350_MinPolqaSfbRecording_cut.wav,3.0,0.816496581,0.800166649,4
29533936_MinPolqaSfbRecording_cut.wav,3.0,0.816496581,0.800166649,4
30142948_MinPolqaSfbRecording_cut.wav,4.0,1.0,1.131606528,3
30491199_MinPolqaSfbRecording_cut.wav,2.0,1.0,1.131606528,3
30470556_MinPolqaSfbRecording_cut.wav,3.0,1.0,1.131606528,3
28832163_MinPolqaSfbRecording_cut.wav,4.0,0.0,0.0,3
30507725_MinPolqaSfbRecording_cut.wav,4.333333333,0.577350269,0.653333333,3
29542489_MinPolqaSfbRecording_cut.wav,3.2,1.303840481,1.142866571,5
30163536_MinPolqaSfbRecording_cut.wav,4.0,0.707106781,0.619806421,5
29060596_MinPolqaSfbRecording_cut.wav,4.4,0.894427191,0.784,5
30488655_MinPolqaSfbRecording_cut.wav,3.2,0.836660027,0.733364848,5
30154825_MinPolqaSfbRecording_cut.wav,3.0,1.224744871,1.073536213,5
27815740_MinPolqaSfbRecording_cut.wav,4.2,1.303840481,1.142866571,5
29539883_MinPolqaSfbRecording_cut.wav,2.4,0.894427191,0.784,5
27711183_MinPolqaSfbRecording_cut.wav,3.4,0.894427191,0.784,5
30172021_MinPolqaSfbRecording_cut.wav,3.0,1.58113883,1.385929291,5
27890635_MinPolqaSfbRecording_cut.wav,4.6,0.547722558,0.48009999,5
30109099_MinPolqaSfbRecording_cut.wav,3.4,0.894427191,0.784,5
30479142_MinPolqaSfbRecording_cut.wav,1.8,1.095445115,0.960199979,5
30200272_MinPolqaSfbRecording_cut.wav,2.2,0.836660027,0.733364848,5
27944596_MinPolqaSfbRecording_cut.wav,4.2,0.836660027,0.733364848,5
30097368_MinPolqaSfbRecording_cut.wav,3.2,0.836660027,0.733364848,5
30488248_MinPolqaSfbRecording_cut.wav,4.0,1.0,0.876538647,5
28024234_MinPolqaSfbRecording_cut.wav,3.8,0.836660027,0.733364848,5
30521156_MinPolqaSfbRecording_cut.wav,3.25,0.957427108,0.938278566,4
30515290_MinPolqaSfbRecording_cut.wav,3.75,0.5,0.49,4
30261944_MinPolqaSfbRecording_cut.wav,4.5,0.577350269,0.565803264,4
30435165_MinPolqaSfbRecording_cut.wav,2.5,1.0,0.98,4
30091390_MinPolqaSfbRecording_cut.wav,3.75,0.5,0.49,4
30147025_MinPolqaSfbRecording_cut.wav,2.5,1.0,0.98,4
30255903_MinPolqaSfbRecording_cut.wav,2.75,0.957427108,0.938278566,4
27889903_MinPolqaSfbRecording_cut.wav,3.75,0.957427108,0.938278566,4
28003216_MinPolqaSfbRecording_cut.wav,3.75,0.5,0.49,4
30072565_MinPolqaSfbRecording_cut.wav,2.25,1.258305739,1.233139624,4
30146282_MinPolqaSfbRecording_cut.wav,3.666666667,1.154700538,1.306666667,3
28013245_MinPolqaSfbRecording_cut.wav,4.0,1.0,1.131606528,3
30140748_MinPolqaSfbRecording_cut.wav,4.0,1.732050808,1.96,3
30155697_MinPolqaSfbRecording_cut.wav,3.666666667,1.527525232,1.728557523,3
30109667_MinPolqaSfbRecording_cut.wav,3.0,1.0,1.131606528,3
30173626_MinPolqaSfbRecording_cut.wav,3.666666667,0.577350269,0.653333333,3
30467649_MinPolqaSfbRecording_cut.wav,3.0,1.732050808,1.96,3
30164582_MinPolqaSfbRecording_cut.wav,4.333333333,0.577350269,0.653333333,3
30444798_MinPolqaSfbRecording_cut.wav,2.0,1.732050808,1.96,3
30092820_MinPolqaSfbRecording_cut.wav,2.333333333,1.527525232,1.728557523,3
27849195_MinPolqaSfbRecording_cut.wav,4.666666667,0.577350269,0.653333333,3
30133455_MinPolqaSfbRecording_cut.wav,4.333333333,0.577350269,0.653333333,3
30509899_MinPolqaSfbRecording_cut.wav,4.0,1.0,1.131606528,3
30137562_MinPolqaSfbRecording_cut.wav,3.333333333,1.527525232,1.728557523,3
30249686_MinPolqaSfbRecording_cut.wav,3.0,1.0,1.131606528,3
30250512_MinPolqaSfbRecording_cut.wav,3.666666667,0.577350269,0.653333333,3
30411971_MinPolqaSfbRecording_cut.wav,3.333333333,0.577350269,0.653333333,3
30162056_MinPolqaSfbRecording_cut.wav,2.666666667,1.154700538,1.306666667,3
30107819_MinPolqaSfbRecording_cut.wav,1.6,1.341640786,1.176,5
29044008_MinPolqaSfbRecording_cut.wav,3.0,1.414213562,1.239612843,5
27745652_MinPolqaSfbRecording_cut.wav,3.8,1.095445115,0.960199979,5
30257382_MinPolqaSfbRecording_cut.wav,3.2,0.447213595,0.392,5
30092765_MinPolqaSfbRecording_cut.wav,3.6,0.894427191,0.784,5
28631248_MinPolqaSfbRecording_cut.wav,4.0,1.0,0.876538647,5
30513816_MinPolqaSfbRecording_cut.wav,1.4,0.894427191,0.784,5
30160180_MinPolqaSfbRecording_cut.wav,3.25,0.5,0.49,4
27605582_MinPolqaSfbRecording_cut.wav,3.75,0.5,0.49,4
30183668_MinPolqaSfbRecording_cut.wav,2.75,0.957427108,0.938278566,4
30202138_MinPolqaSfbRecording_cut.wav,3.5,0.577350269,0.565803264,4
30145228_MinPolqaSfbRecording_cut.wav,2.5,0.577350269,0.565803264,4
27878675_MinPolqaSfbRecording_cut.wav,4.0,0.816496581,0.800166649,4
27644597_MinPolqaSfbRecording_cut.wav,4.0,0.816496581,0.800166649,4
30405757_MinPolqaSfbRecording_cut.wav,2.25,1.258305739,1.233139624,4
28341010_MinPolqaSfbRecording_cut.wav,3.5,0.577350269,0.565803264,4
30423278_MinPolqaSfbRecording_cut.wav,3.0,0.816496581,0.800166649,4
30402067_MinPolqaSfbRecording_cut.wav,3.25,0.5,0.49,4
30117498_MinPolqaSfbRecording_cut.wav,2.25,0.5,0.49,4
30132455_MinPolqaSfbRecording_cut.wav,3.0,0.816496581,0.800166649,4
30251724_MinPolqaSfbRecording_cut.wav,1.0,0.0,0.0,4
30078791_MinPolqaSfbRecording_cut.wav,2.5,0.577350269,0.565803264,4
30512958_MinPolqaSfbRecording_cut.wav,1.75,0.5,0.49,4
27837292_MinPolqaSfbRecording_cut.wav,3.75,0.957427108,0.938278566,4
30520574_MinPolqaSfbRecording_cut.wav,3.75,0.5,0.49,4
27941193_MinPolqaSfbRecording_cut.wav,4.0,0.816496581,0.800166649,4
30141100_MinPolqaSfbRecording_cut.wav,3.5,0.577350269,0.565803264,4
29535162_MinPolqaSfbRecording_cut.wav,2.75,1.5,1.47,4
30429721_MinPolqaSfbRecording_cut.wav,4.25,0.5,0.49,4
30124219_MinPolqaSfbRecording_cut.wav,2.5,1.290994449,1.26517456,4
27971120_MinPolqaSfbRecording_cut.wav,3.25,0.957427108,0.938278566,4
30250617_MinPolqaSfbRecording_cut.wav,3.5,0.577350269,0.565803264,4
30209910_MinPolqaSfbRecording_cut.wav,2.2,1.303840481,1.142866571,5
30099535_MinPolqaSfbRecording_cut.wav,2.6,0.894427191,0.784,5
28809196_MinPolqaSfbRecording_cut.wav,3.6,0.894427191,0.784,5
30522363_MinPolqaSfbRecording_cut.wav,2.4,1.341640786,1.176,5
28450304_MinPolqaSfbRecording_cut.wav,3.0,1.58113883,1.385929291,5
30137916_MinPolqaSfbRecording_cut.wav,2.8,1.095445115,0.960199979,5
30468705_MinPolqaSfbRecording_cut.wav,3.0,1.0,0.876538647,5
30100074_MinPolqaSfbRecording_cut.wav,2.8,1.303840481,1.142866571,5
30123687_MinPolqaSfbRecording_cut.wav,3.8,0.447213595,0.392,5
28026586_MinPolqaSfbRecording_cut.wav,4.4,0.547722558,0.48009999,5
28089479_MinPolqaSfbRecording_cut.wav,4.8,0.447213595,0.392,5
30523735_MinPolqaSfbRecording_cut.wav,3.6,0.547722558,0.48009999,5
30528724_MinPolqaSfbRecording_cut.wav,3.6,0.547722558,0.48009999,5
30510681_MinPolqaSfbRecording_cut.wav,3.8,0.447213595,0.392,5
28991394_MinPolqaSfbRecording_cut.wav,4.0,0.0,0.0,5
30511328_MinPolqaSfbRecording_cut.wav,2.8,1.095445115,0.960199979,5
28214584_MinPolqaSfbRecording_cut.wav,4.333333333,0.577350269,0.653333333,3
28964558_MinPolqaSfbRecording_cut.wav,4.333333333,0.577350269,0.653333333,3
28922799_MinPolqaSfbRecording_cut.wav,4.333333333,0.577350269,0.653333333,3
30082632_MinPolqaSfbRecording_cut.wav,4.0,1.0,1.131606528,3
30523919_MinPolqaSfbRecording_cut.wav,3.666666667,0.577350269,0.653333333,3
30207247_MinPolqaSfbRecording_cut.wav,3.666666667,0.577350269,0.653333333,3
30127348_MinPolqaSfbRecording_cut.wav,3.666666667,0.577350269,0.653333333,3
28134745_MinPolqaSfbRecording_cut.wav,4.0,1.0,1.131606528,3
30075407_MinPolqaSfbRecording_cut.wav,3.0,1.0,1.131606528,3
27140705_MinPolqaSfbRecording_cut.wav,4.0,1.0,1.131606528,3
30250794_MinPolqaSfbRecording_cut.wav,2.333333333,0.577350269,0.653333333,3
28845033_MinPolqaSfbRecording_cut.wav,4.0,1.0,1.131606528,3
30070845_MinPolqaSfbRecording_cut.wav,3.0,0.0,0.0,3
30443069_MinPolqaSfbRecording_cut.wav,1.666666667,1.154700538,1.306666667,3
27859882_MinPolqaSfbRecording_cut.wav,4.333333333,0.577350269,0.653333333,3
30087345_MinPolqaSfbRecording_cut.wav,2.666666667,0.577350269,0.653333333,3
30142139_MinPolqaSfbRecording_cut.wav,3.0,0.0,0.0,3
30252329_MinPolqaSfbRecording_cut.wav,2.666666667,0.577350269,0.653333333,3
30092665_MinPolqaSfbRecording_cut.wav,3.5,0.577350269,0.565803264,4
30205053_MinPolqaSfbRecording_cut.wav,3.25,0.5,0.49,4
30096394_MinPolqaSfbRecording_cut.wav,4.0,1.154700538,1.131606528,4
28835684_MinPolqaSfbRecording_cut.wav,4.25,0.5,0.49,4
30102768_MinPolqaSfbRecording_cut.wav,4.25,0.957427108,0.938278566,4
30501352_MinPolqaSfbRecording_cut.wav,3.75,0.957427108,0.938278566,4
25950801_MinPolqaSfbRecording_cut.wav,3.5,1.0,0.98,4
27654334_MinPolqaSfbRecording_cut.wav,4.0,0.816496581,0.800166649,4
30180841_MinPolqaSfbRecording_cut.wav,2.75,0.957427108,0.938278566,4
30247755_MinPolqaSfbRecording_cut.wav,3.25,1.258305739,1.233139624,4
30256232_MinPolqaSfbRecording_cut.wav,3.25,1.5,1.47,4
30426868_MinPolqaSfbRecording_cut.wav,3.75,0.957427108,0.938278566,4
28057760_MinPolqaSfbRecording_cut.wav,4.5,0.577350269,0.565803264,4
29532680_MinPolqaSfbRecording_cut.wav,3.5,0.577350269,0.565803264,4
28140188_MinPolqaSfbRecording_cut.wav,3.75,0.957427108,0.938278566,4
30081612_MinPolqaSfbRecording_cut.wav,3.8,0.447213595,0.392,5
30142600_MinPolqaSfbRecording_cut.wav,4.4,0.547722558,0.48009999,5
30067158_MinPolqaSfbRecording_cut.wav,3.4,0.894427191,0.784,5
30085023_MinPolqaSfbRecording_cut.wav,2.2,0.836660027,0.733364848,5
30407624_MinPolqaSfbRecording_cut.wav,4.0,0.707106781,0.619806421,5
30148283_MinPolqaSfbRecording_cut.wav,3.0,0.707106781,0.619806421,5
28156918_MinPolqaSfbRecording_cut.wav,4.4,0.894427191,0.784,5
30123149_MinPolqaSfbRecording_cut.wav,2.8,0.836660027,0.733364848,5
30101337_MinPolqaSfbRecording_cut.wav,3.2,1.095445115,0.960199979,5
30472722_MinPolqaSfbRecording_cut.wav,1.666666667,1.154700538,1.306666667,3
30441800_MinPolqaSfbRecording_cut.wav,3.666666667,1.154700538,1.306666667,3
27776295_MinPolqaSfbRecording_cut.wav,5.0,0.0,0.0,3
30483893_MinPolqaSfbRecording_cut.wav,2.333333333,1.527525232,1.728557523,3
30207983_MinPolqaSfbRecording_cut.wav,4.333333333,0.577350269,0.653333333,3
30425284_MinPolqaSfbRecording_cut.wav,1.666666667,1.154700538,1.306666667,3
30416267_MinPolqaSfbRecording_cut.wav,4.0,1.0,1.131606528,3
29053132_MinPolqaSfbRecording_cut.wav,4.666666667,0.577350269,0.653333333,3
30097392_MinPolqaSfbRecording_cut.wav,4.333333333,0.577350269,0.653333333,3
30177407_MinPolqaSfbRecording_cut.wav,4.0,1.0,1.131606528,3
27649039_MinPolqaSfbRecording_cut.wav,3.0,0.0,0.0,4
30101230_MinPolqaSfbRecording_cut.wav,2.25,0.957427108,0.938278566,4
30486575_MinPolqaSfbRecording_cut.wav,1.75,0.957427108,0.938278566,4
28460128_MinPolqaSfbRecording_cut.wav,3.25,0.5,0.49,4
30085928_MinPolqaSfbRecording_cut.wav,3.75,0.957427108,0.938278566,4
30528882_MinPolqaSfbRecording_cut.wav,2.5,0.577350269,0.565803264,4
30247702_MinPolqaSfbRecording_cut.wav,3.25,0.5,0.49,4
28302739_MinPolqaSfbRecording_cut.wav,3.5,1.0,0.98,4
30183836_MinPolqaSfbRecording_cut.wav,2.5,1.0,0.98,4
30189023_MinPolqaSfbRecording_cut.wav,2.25,1.258305739,1.233139624,4
30461133_MinPolqaSfbRecording_cut.wav,1.75,1.5,1.47,4
30250538_MinPolqaSfbRecording_cut.wav,4.25,0.5,0.49,4
30478180_MinPolqaSfbRecording_cut.wav,1.75,0.5,0.49,4
30205311_MinPolqaSfbRecording_cut.wav,3.5,0.577350269,0.565803264,4
30171033_MinPolqaSfbRecording_cut.wav,3.25,0.957427108,0.938278566,4
30424661_MinPolqaSfbRecording_cut.wav,4.5,0.577350269,0.565803264,4
30478989_MinPolqaSfbRecording_cut.wav,3.0,0.816496581,0.800166649,4
30078022_MinPolqaSfbRecording_cut.wav,2.5,1.0,0.98,4
27813172_MinPolqaSfbRecording_cut.wav,4.0,,,1
30138929_MinPolqaSfbRecording_cut.wav,5.0,,,1
30185839_MinPolqaSfbRecording_cut.wav,4.0,,,1
30145520_MinPolqaSfbRecording_cut.wav,3.0,,,1
27961607_MinPolqaSfbRecording_cut.wav,5.0,,,1
27854863_MinPolqaSfbRecording_cut.wav,4.0,,,1
30516208_MinPolqaSfbRecording_cut.wav,2.0,,,1
30430816_MinPolqaSfbRecording_cut.wav,3.0,1.224744871,1.073536213,5
27525940_MinPolqaSfbRecording_cut.wav,4.6,0.894427191,0.784,5
30117440_MinPolqaSfbRecording_cut.wav,4.6,0.547722558,0.48009999,5
30413125_MinPolqaSfbRecording_cut.wav,2.2,1.303840481,1.142866571,5
30484785_MinPolqaSfbRecording_cut.wav,4.2,0.447213595,0.392,5
30206402_MinPolqaSfbRecording_cut.wav,4.0,1.0,0.876538647,5
27898992_MinPolqaSfbRecording_cut.wav,3.4,0.547722558,0.48009999,5
30524019_MinPolqaSfbRecording_cut.wav,4.0,0.0,0.0,5
28873027_MinPolqaSfbRecording_cut.wav,3.6,0.547722558,0.48009999,5
30084991_MinPolqaSfbRecording_cut.wav,3.2,0.836660027,0.733364848,5
30213016_MinPolqaSfbRecording_cut.wav,4.0,0.707106781,0.619806421,5
28067779_MinPolqaSfbRecording_cut.wav,3.8,0.836660027,0.733364848,5
30507929_MinPolqaSfbRecording_cut.wav,3.2,0.836660027,0.733364848,5
28882168_MinPolqaSfbRecording_cut.wav,3.4,0.894427191,0.784,5
28298091_MinPolqaSfbRecording_cut.wav,4.6,0.547722558,0.48009999,5
30507425_MinPolqaSfbRecording_cut.wav,4.0,0.707106781,0.619806421,5
30444617_MinPolqaSfbRecording_cut.wav,3.2,0.447213595,0.392,5
30516740_MinPolqaSfbRecording_cut.wav,3.2,0.836660027,0.733364848,5
30483650_MinPolqaSfbRecording_cut.wav,4.2,0.447213595,0.392,5
28162831_MinPolqaSfbRecording_cut.wav,4.6,0.547722558,0.48009999,5
27949072_MinPolqaSfbRecording_cut.wav,4.0,1.0,0.876538647,5
30530381_MinPolqaSfbRecording_cut.wav,1.8,0.447213595,0.392,5
30133923_MinPolqaSfbRecording_cut.wav,3.0,1.0,1.131606528,3
28092166_MinPolqaSfbRecording_cut.wav,4.666666667,0.577350269,0.653333333,3
27520891_MinPolqaSfbRecording_cut.wav,4.666666667,0.577350269,0.653333333,3
30180326_MinPolqaSfbRecording_cut.wav,2.0,1.0,1.131606528,3
29529586_MinPolqaSfbRecording_cut.wav,3.666666667,0.577350269,0.653333333,3
30429452_MinPolqaSfbRecording_cut.wav,2.666666667,0.577350269,0.653333333,3
30519007_MinPolqaSfbRecording_cut.wav,4.0,0.0,0.0,3
29530656_MinPolqaSfbRecording_cut.wav,3.333333333,0.577350269,0.653333333,3
30457851_MinPolqaSfbRecording_cut.wav,4.0,0.0,0.0,3
30086853_MinPolqaSfbRecording_cut.wav,4.0,0.816496581,0.800166649,4
30161911_MinPolqaSfbRecording_cut.wav,3.25,0.957427108,0.938278566,4
30423404_MinPolqaSfbRecording_cut.wav,3.0,0.816496581,0.800166649,4
30211110_MinPolqaSfbRecording_cut.wav,4.25,0.957427108,0.938278566,4
30082993_MinPolqaSfbRecording_cut.wav,3.75,0.957427108,0.938278566,4
30427436_MinPolqaSfbRecording_cut.wav,2.75,1.258305739,1.233139624,4
30474977_MinPolqaSfbRecording_cut.wav,4.25,0.957427108,0.938278566,4
28266507_MinPolqaSfbRecording_cut.wav,3.75,0.957427108,0.938278566,4
28945324_MinPolqaSfbRecording_cut.wav,4.25,0.5,0.49,4
30444765_MinPolqaSfbRecording_cut.wav,2.75,1.258305739,1.233139624,4
30118640_MinPolqaSfbRecording_cut.wav,1.75,1.5,1.47,4
30486790_MinPolqaSfbRecording_cut.wav,2.5,1.290994449,1.26517456,4
30444762_MinPolqaSfbRecording_cut.wav,2.25,1.892969449,1.85511006,4
30488503_MinPolqaSfbRecording_cut.wav,2.25,1.5,1.47,4
30120976_MinPolqaSfbRecording_cut.wav,4.0,0.0,0.0,4
29036225_MinPolqaSfbRecording_cut.wav,4.25,0.957427108,0.938278566,4
30085287_MinPolqaSfbRecording_cut.wav,3.0,1.732050808,1.96,3
27875893_MinPolqaSfbRecording_cut.wav,5.0,0.0,0.0,3
30425280_MinPolqaSfbRecording_cut.wav,3.0,1.0,1.131606528,3
30148899_MinPolqaSfbRecording_cut.wav,4.333333333,0.577350269,0.653333333,3
30121047_MinPolqaSfbRecording_cut.wav,3.666666667,0.577350269,0.653333333,3
30420899_MinPolqaSfbRecording_cut.wav,3.333333333,1.154700538,1.306666667,3
30150930_MinPolqaSfbRecording_cut.wav,3.0,1.732050808,1.96,3
30206722_MinPolqaSfbRecording_cut.wav,2.666666667,1.527525232,1.728557523,3
30253984_MinPolqaSfbRecording_cut.wav,3.666666667,1.527525232,1.728557523,3
29044335_MinPolqaSfbRecording_cut.wav,4.666666667,0.577350269,0.653333333,3
30504583_MinPolqaSfbRecording_cut.wav,2.666666667,0.577350269,0.653333333,3
30523312_MinPolqaSfbRecording_cut.wav,1.333333333,0.577350269,0.653333333,3
30431768_MinPolqaSfbRecording_cut.wav,3.0,1.0,1.131606528,3
30091945_MinPolqaSfbRecording_cut.wav,2.666666667,1.154700538,1.306666667,3
30192717_MinPolqaSfbRecording_cut.wav,1.666666667,0.577350269,0.653333333,3
30260243_MinPolqaSfbRecording_cut.wav,1.0,0.0,0.0,3
30522654_MinPolqaSfbRecording_cut.wav,3.0,1.0,1.131606528,3
30173639_MinPolqaSfbRecording_cut.wav,3.333333333,0.577350269,0.653333333,3
30454118_MinPolqaSfbRecording_cut.wav,4.0,1.0,1.131606528,3
29543330_MinPolqaSfbRecording_cut.wav,2.0,1.0,1.131606528,3
30071301_MinPolqaSfbRecording_cut.wav,3.0,1.0,1.131606528,3
29556481_MinPolqaSfbRecording_cut.wav,2.333333333,1.527525232,1.728557523,3
29051453_MinPolqaSfbRecording_cut.wav,1.666666667,0.577350269,0.653333333,3
30179608_MinPolqaSfbRecording_cut.wav,2.666666667,0.577350269,0.653333333,3
30413071_MinPolqaSfbRecording_cut.wav,2.333333333,0.577350269,0.653333333,3
30422641_MinPolqaSfbRecording_cut.wav,2.666666667,0.577350269,0.653333333,3
30076245_MinPolqaSfbRecording_cut.wav,3.666666667,0.577350269,0.653333333,3
30133310_MinPolqaSfbRecording_cut.wav,2.666666667,0.577350269,0.653333333,3
30070731_MinPolqaSfbRecording_cut.wav,4.0,1.0,1.131606528,3
30469397_MinPolqaSfbRecording_cut.wav,1.666666667,1.154700538,1.306666667,3
30430120_MinPolqaSfbRecording_cut.wav,3.666666667,0.577350269,0.653333333,3
27599683_MinPolqaSfbRecording_cut.wav,4.333333333,0.577350269,0.653333333,3
30075426_MinPolqaSfbRecording_cut.wav,2.0,1.0,1.131606528,3
29539875_MinPolqaSfbRecording_cut.wav,2.5,0.707106781,0.98,2
28606076_MinPolqaSfbRecording_cut.wav,3.5,0.707106781,0.98,2
28729933_MinPolqaSfbRecording_cut.wav,4.0,0.0,0.0,2
28073885_MinPolqaSfbRecording_cut.wav,4.5,0.707106781,0.98,2
30410925_MinPolqaSfbRecording_cut.wav,4.0,0.0,0.0,2
30078584_MinPolqaSfbRecording_cut.wav,3.5,2.121320344,2.94,2
30151492_MinPolqaSfbRecording_cut.wav,3.0,0.0,0.0,2
30140492_MinPolqaSfbRecording_cut.wav,2.0,0.0,0.0,2
30530485_MinPolqaSfbRecording_cut.wav,3.0,0.0,0.0,2
30079479_MinPolqaSfbRecording_cut.wav,2.75,1.258305739,1.233139624,4
30472338_MinPolqaSfbRecording_cut.wav,2.0,0.816496581,0.800166649,4
30127003_MinPolqaSfbRecording_cut.wav,2.75,0.957427108,0.938278566,4
28149069_MinPolqaSfbRecording_cut.wav,3.75,1.892969449,1.85511006,4
30107282_MinPolqaSfbRecording_cut.wav,3.75,0.957427108,0.938278566,4
30078873_MinPolqaSfbRecording_cut.wav,3.0,1.825741858,1.789227021,4
30085377_MinPolqaSfbRecording_cut.wav,2.0,1.154700538,1.131606528,4
30157567_MinPolqaSfbRecording_cut.wav,4.75,0.5,0.49,4
30149540_MinPolqaSfbRecording_cut.wav,3.6,0.547722558,0.48009999,5
28790923_MinPolqaSfbRecording_cut.wav,3.8,0.836660027,0.733364848,5
29544966_MinPolqaSfbRecording_cut.wav,2.6,0.894427191,0.784,5
30089217_MinPolqaSfbRecording_cut.wav,2.2,1.303840481,1.142866571,5
28335055_MinPolqaSfbRecording_cut.wav,4.4,0.547722558,0.48009999,5
30145282_MinPolqaSfbRecording_cut.wav,2.8,0.836660027,0.733364848,5
30487971_MinPolqaSfbRecording_cut.wav,2.0,1.224744871,1.073536213,5
30066829_MinPolqaSfbRecording_cut.wav,4.2,0.447213595,0.392,5
27708470_MinPolqaSfbRecording_cut.wav,3.333333333,0.577350269,0.653333333,3
27865012_MinPolqaSfbRecording_cut.wav,3.333333333,0.577350269,0.653333333,3
30143924_MinPolqaSfbRecording_cut.wav,3.333333333,1.154700538,1.306666667,3
30194298_MinPolqaSfbRecording_cut.wav,3.0,1.0,1.131606528,3
30488676_MinPolqaSfbRecording_cut.wav,3.666666667,0.577350269,0.653333333,3
30474949_MinPolqaSfbRecording_cut.wav,2.333333333,1.527525232,1.728557523,3
30136761_MinPolqaSfbRecording_cut.wav,2.0,1.732050808,1.96,3
30212350_MinPolqaSfbRecording_cut.wav,2.333333333,1.154700538,1.306666667,3
30186220_MinPolqaSfbRecording_cut.wav,3.0,0.707106781,0.619806421,5
30108729_MinPolqaSfbRecording_cut.wav,3.4,0.894427191,0.784,5
30092697_MinPolqaSfbRecording_cut.wav,1.8,0.836660027,0.733364848,5
27760140_MinPolqaSfbRecording_cut.wav,3.2,0.836660027,0.733364848,5
30467651_MinPolqaSfbRecording_cut.wav,1.6,0.547722558,0.48009999,5
30185360_MinPolqaSfbRecording_cut.wav,1.6,0.547722558,0.48009999,5
30141004_MinPolqaSfbRecording_cut.wav,3.8,0.447213595,0.392,5
30449479_MinPolqaSfbRecording_cut.wav,1.6,0.547722558,0.48009999,5
28816848_MinPolqaSfbRecording_cut.wav,3.4,0.547722558,0.48009999,5
30105509_MinPolqaSfbRecording_cut.wav,1.0,0.0,0.0,5
30147137_MinPolqaSfbRecording_cut.wav,2.8,0.836660027,0.733364848,5
30520356_MinPolqaSfbRecording_cut.wav,2.8,0.447213595,0.392,5
30133303_MinPolqaSfbRecording_cut.wav,2.6,0.547722558,0.48009999,5
30183044_MinPolqaSfbRecording_cut.wav,2.6,0.547722558,0.48009999,5
30071686_MinPolqaSfbRecording_cut.wav,2.0,0.707106781,0.619806421,5
29541513_MinPolqaSfbRecording_cut.wav,3.6,1.140175425,0.999407825,5
30106314_MinPolqaSfbRecording_cut.wav,3.4,0.547722558,0.48009999,5
30424553_MinPolqaSfbRecording_cut.wav,2.8,0.447213595,0.392,5
30200841_MinPolqaSfbRecording_cut.wav,4.2,0.447213595,0.392,5
30247703_MinPolqaSfbRecording_cut.wav,3.4,0.547722558,0.48009999,5
30160701_MinPolqaSfbRecording_cut.wav,3.0,1.414213562,1.239612843,5
28621141_MinPolqaSfbRecording_cut.wav,4.0,1.0,0.876538647,5
30192990_MinPolqaSfbRecording_cut.wav,3.4,0.547722558,0.48009999,5
27855681_MinPolqaSfbRecording_cut.wav,2.6,1.816590212,1.592311527,5
30470068_MinPolqaSfbRecording_cut.wav,1.8,1.303840481,1.142866571,5
30150767_MinPolqaSfbRecording_cut.wav,2.8,1.643167673,1.440299969,5
30148205_MinPolqaSfbRecording_cut.wav,2.4,1.140175425,0.999407825,5
30458083_MinPolqaSfbRecording_cut.wav,3.6,0.547722558,0.48009999,5
30529747_MinPolqaSfbRecording_cut.wav,3.6,0.547722558,0.48009999,5
30170711_MinPolqaSfbRecording_cut.wav,3.8,0.836660027,0.733364848,5
30205432_MinPolqaSfbRecording_cut.wav,3.6,0.547722558,0.48009999,5
30096917_MinPolqaSfbRecording_cut.wav,3.6,0.894427191,0.784,5
30205356_MinPolqaSfbRecording_cut.wav,3.8,0.447213595,0.392,5
30097076_MinPolqaSfbRecording_cut.wav,2.0,0.707106781,0.619806421,5
30124993_MinPolqaSfbRecording_cut.wav,3.6,1.140175425,0.999407825,5
30174046_MinPolqaSfbRecording_cut.wav,4.0,0.0,0.0,3
30416097_MinPolqaSfbRecording_cut.wav,3.0,1.0,1.131606528,3
30084335_MinPolqaSfbRecording_cut.wav,3.666666667,1.527525232,1.728557523,3
30162280_MinPolqaSfbRecording_cut.wav,3.0,1.732050808,1.96,3
30473947_MinPolqaSfbRecording_cut.wav,4.0,1.0,1.131606528,3
30097923_MinPolqaSfbRecording_cut.wav,3.666666667,1.154700538,1.306666667,3
30091035_MinPolqaSfbRecording_cut.wav,4.0,1.0,1.131606528,3
30433542_MinPolqaSfbRecording_cut.wav,1.666666667,0.577350269,0.653333333,3
30428936_MinPolqaSfbRecording_cut.wav,3.0,0.0,0.0,3
30428181_MinPolqaSfbRecording_cut.wav,2.666666667,0.577350269,0.653333333,3
30148745_MinPolqaSfbRecording_cut.wav,1.333333333,0.577350269,0.653333333,3
30065252_MinPolqaSfbRecording_cut.wav,3.666666667,0.577350269,0.653333333,3
29545085_MinPolqaSfbRecording_cut.wav,3.0,0.0,0.0,3
30474711_MinPolqaSfbRecording_cut.wav,3.333333333,0.577350269,0.653333333,3
30134409_MinPolqaSfbRecording_cut.wav,1.0,0.0,0.0,3
28913183_MinPolqaSfbRecording_cut.wav,3.666666667,0.577350269,0.653333333,3
30404134_MinPolqaSfbRecording_cut.wav,2.0,0.0,0.0,3
30081092_MinPolqaSfbRecording_cut.wav,2.333333333,0.577350269,0.653333333,3
28366639_MinPolqaSfbRecording_cut.wav,3.333333333,0.577350269,0.653333333,3
27605530_MinPolqaSfbRecording_cut.wav,3.0,1.0,1.131606528,3
30490648_MinPolqaSfbRecording_cut.wav,3.0,1.0,1.131606528,3
30490767_MinPolqaSfbRecording_cut.wav,3.666666667,0.577350269,0.653333333,3
30082101_MinPolqaSfbRecording_cut.wav,3.333333333,1.527525232,1.728557523,3
30496986_MinPolqaSfbRecording_cut.wav,3.75,0.957427108,0.938278566,4
30530650_MinPolqaSfbRecording_cut.wav,3.0,0.0,0.0,4
30259214_MinPolqaSfbRecording_cut.wav,4.0,0.816496581,0.800166649,4
30106951_MinPolqaSfbRecording_cut.wav,2.0,0.816496581,0.800166649,4
27853495_MinPolqaSfbRecording_cut.wav,3.0,1.414213562,1.385929291,4
30090107_MinPolqaSfbRecording_cut.wav,4.25,0.5,0.49,4
30200105_MinPolqaSfbRecording_cut.wav,2.25,1.258305739,1.233139624,4
30178267_MinPolqaSfbRecording_cut.wav,3.75,0.5,0.49,4
30421045_MinPolqaSfbRecording_cut.wav,4.0,0.0,0.0,4
30151972_MinPolqaSfbRecording_cut.wav,3.5,1.290994449,1.26517456,4
30480715_MinPolqaSfbRecording_cut.wav,3.5,1.0,0.98,4
30150231_MinPolqaSfbRecording_cut.wav,2.25,1.258305739,1.233139624,4
30153905_MinPolqaSfbRecording_cut.wav,3.25,0.957427108,0.938278566,4
30450067_MinPolqaSfbRecording_cut.wav,2.75,1.258305739,1.233139624,4
30101207_MinPolqaSfbRecording_cut.wav,3.25,0.5,0.49,4
30081173_MinPolqaSfbRecording_cut.wav,3.5,1.0,0.98,4
30423259_MinPolqaSfbRecording_cut.wav,3.25,1.707825128,1.673668625,4
30099094_MinPolqaSfbRecording_cut.wav,3.0,1.414213562,1.385929291,4
30085018_MinPolqaSfbRecording_cut.wav,2.25,1.892969449,1.85511006,4
30429438_MinPolqaSfbRecording_cut.wav,3.75,0.957427108,0.938278566,4
28945495_MinPolqaSfbRecording_cut.wav,3.0,0.816496581,0.800166649,4
30412728_MinPolqaSfbRecording_cut.wav,3.25,1.258305739,1.233139624,4
28177143_MinPolqaSfbRecording_cut.wav,3.75,0.957427108,0.938278566,4
27891130_MinPolqaSfbRecording_cut.wav,3.5,0.577350269,0.565803264,4
28345097_MinPolqaSfbRecording_cut.wav,3.5,0.577350269,0.565803264,4
30450889_MinPolqaSfbRecording_cut.wav,2.75,1.707825128,1.673668625,4
30105168_MinPolqaSfbRecording_cut.wav,3.25,0.957427108,0.938278566,4
30090206_MinPolqaSfbRecording_cut.wav,2.25,0.957427108,0.938278566,4
28643119_MinPolqaSfbRecording_cut.wav,3.5,1.0,0.98,4
30492685_MinPolqaSfbRecording_cut.wav,2.75,1.258305739,1.233139624,4
28234162_MinPolqaSfbRecording_cut.wav,3.5,0.577350269,0.565803264,4
30253901_MinPolqaSfbRecording_cut.wav,2.5,1.0,0.98,4
30067737_MinPolqaSfbRecording_cut.wav,3.25,0.957427108,0.938278566,4
30129159_MinPolqaSfbRecording_cut.wav,2.5,1.0,0.98,4
30096725_MinPolqaSfbRecording_cut.wav,1.75,0.957427108,0.938278566,4
30204083_MinPolqaSfbRecording_cut.wav,2.0,0.816496581,0.800166649,4
30073058_MinPolqaSfbRecording_cut.wav,3.75,0.957427108,0.938278566,4
30109658_MinPolqaSfbRecording_cut.wav,3.25,0.5,0.49,4
30484243_MinPolqaSfbRecording_cut.wav,3.5,0.577350269,0.565803264,4
28515076_MinPolqaSfbRecording_cut.wav,3.5,0.577350269,0.565803264,4
30256743_MinPolqaSfbRecording_cut.wav,3.5,0.577350269,0.565803264,4
29039545_MinPolqaSfbRecording_cut.wav,3.25,0.957427108,0.938278566,4
30258272_MinPolqaSfbRecording_cut.wav,3.75,0.5,0.49,4
30061515_MinPolqaSfbRecording_cut.wav,4.25,0.5,0.49,4
30164121_MinPolqaSfbRecording_cut.wav,2.0,0.816496581,0.800166649,4
28236297_MinPolqaSfbRecording_cut.wav,4.0,1.414213562,1.385929291,4
30156542_MinPolqaSfbRecording_cut.wav,3.75,1.258305739,1.233139624,4
28560692_MinPolqaSfbRecording_cut.wav,4.5,1.0,0.98,4
29530702_MinPolqaSfbRecording_cut.wav,2.5,0.577350269,0.565803264,4
29535781_MinPolqaSfbRecording_cut.wav,3.5,0.577350269,0.565803264,4
30182700_MinPolqaSfbRecording_cut.wav,1.5,1.0,0.98,4
30104342_MinPolqaSfbRecording_cut.wav,4.0,0.816496581,0.800166649,4
30084946_MinPolqaSfbRecording_cut.wav,3.5,0.577350269,0.565803264,4
30103995_MinPolqaSfbRecording_cut.wav,2.75,0.957427108,0.938278566,4
30491207_MinPolqaSfbRecording_cut.wav,2.5,1.290994449,1.26517456,4
30146069_MinPolqaSfbRecording_cut.wav,2.25,0.957427108,0.938278566,4
30496567_MinPolqaSfbRecording_cut.wav,3.25,0.957427108,0.938278566,4
30156904_MinPolqaSfbRecording_cut.wav,2.5,1.290994449,1.26517456,4
30105467_MinPolqaSfbRecording_cut.wav,2.666666667,0.577350269,0.653333333,3
28943067_MinPolqaSfbRecording_cut.wav,4.0,0.0,0.0,3
30169489_MinPolqaSfbRecording_cut.wav,3.0,1.0,1.131606528,3
30510157_MinPolqaSfbRecording_cut.wav,4.0,1.0,1.131606528,3
30059305_MinPolqaSfbRecording_cut.wav,4.0,0.0,0.0,3
30488256_MinPolqaSfbRecording_cut.wav,3.333333333,0.577350269,0.653333333,3
30148268_MinPolqaSfbRecording_cut.wav,3.0,1.732050808,1.96,3
30264207_MinPolqaSfbRecording_cut.wav,4.0,0.0,0.0,3
28228082_MinPolqaSfbRecording_cut.wav,4.333333333,1.154700538,1.306666667,3
30437083_MinPolqaSfbRecording_cut.wav,4.0,0.0,0.0,4
30183738_MinPolqaSfbRecording_cut.wav,3.0,0.0,0.0,4
30446187_MinPolqaSfbRecording_cut.wav,3.5,0.577350269,0.565803264,4
30125139_MinPolqaSfbRecording_cut.wav,1.0,0.0,0.0,4
30475479_MinPolqaSfbRecording_cut.wav,2.0,0.816496581,0.800166649,4
30109626_MinPolqaSfbRecording_cut.wav,2.75,1.258305739,1.233139624,4
30200266_MinPolqaSfbRecording_cut.wav,3.5,0.577350269,0.565803264,4
30138709_MinPolqaSfbRecording_cut.wav,3.25,0.5,0.49,4
28947209_MinPolqaSfbRecording_cut.wav,4.25,0.5,0.49,4
30489800_MinPolqaSfbRecording_cut.wav,2.75,0.957427108,0.938278566,4
27556343_MinPolqaSfbRecording_cut.wav,4.75,0.5,0.49,4
30127840_MinPolqaSfbRecording_cut.wav,4.5,1.0,0.98,4
30449514_MinPolqaSfbRecording_cut.wav,4.75,0.5,0.49,4
30069444_MinPolqaSfbRecording_cut.wav,3.5,0.577350269,0.565803264,4
30098403_MinPolqaSfbRecording_cut.wav,3.0,1.414213562,1.385929291,4
29043707_MinPolqaSfbRecording_cut.wav,4.25,0.957427108,0.938278566,4
30201038_MinPolqaSfbRecording_cut.wav,3.75,0.957427108,0.938278566,4
30424773_MinPolqaSfbRecording_cut.wav,4.5,1.0,0.98,4
30157172_MinPolqaSfbRecording_cut.wav,2.25,1.258305739,1.233139624,4
28056451_MinPolqaSfbRecording_cut.wav,4.25,0.957427108,0.938278566,4
30111604_MinPolqaSfbRecording_cut.wav,4.25,1.5,1.47,4
30522790_MinPolqaSfbRecording_cut.wav,3.25,1.258305739,1.233139624,4
27634391_MinPolqaSfbRecording_cut.wav,4.5,1.0,0.98,4
30458067_MinPolqaSfbRecording_cut.wav,3.75,0.957427108,0.938278566,4
30462926_MinPolqaSfbRecording_cut.wav,4.0,0.816496581,0.800166649,4
29543162_MinPolqaSfbRecording_cut.wav,3.25,1.5,1.47,4
30184647_MinPolqaSfbRecording_cut.wav,2.25,0.957427108,0.938278566,4
30064832_MinPolqaSfbRecording_cut.wav,4.25,0.5,0.49,4
30253457_MinPolqaSfbRecording_cut.wav,3.25,2.061552813,2.020321757,4
30458590_MinPolqaSfbRecording_cut.wav,2.75,2.061552813,2.020321757,4
30207156_MinPolqaSfbRecording_cut.wav,3.0,1.825741858,1.789227021,4
28216542_MinPolqaSfbRecording_cut.wav,4.0,0.816496581,0.800166649,4
28071211_MinPolqaSfbRecording_cut.wav,3.75,1.258305739,1.233139624,4
30141327_MinPolqaSfbRecording_cut.wav,3.8,0.447213595,0.392,5
30523314_MinPolqaSfbRecording_cut.wav,2.8,0.836660027,0.733364848,5
30100402_MinPolqaSfbRecording_cut.wav,2.6,0.894427191,0.784,5
25737653_MinPolqaSfbRecording_cut.wav,4.4,0.547722558,0.48009999,5
30461489_MinPolqaSfbRecording_cut.wav,2.8,1.095445115,0.960199979,5
30475455_MinPolqaSfbRecording_cut.wav,3.0,1.224744871,1.073536213,5
27919174_MinPolqaSfbRecording_cut.wav,3.8,0.447213595,0.392,5
30082150_MinPolqaSfbRecording_cut.wav,3.8,0.836660027,0.733364848,5
30425813_MinPolqaSfbRecording_cut.wav,1.666666667,0.577350269,0.653333333,3
30136161_MinPolqaSfbRecording_cut.wav,1.666666667,1.154700538,1.306666667,3
28457899_MinPolqaSfbRecording_cut.wav,4.0,1.0,1.131606528,3
30161558_MinPolqaSfbRecording_cut.wav,3.0,0.0,0.0,3
30121494_MinPolqaSfbRecording_cut.wav,3.333333333,0.577350269,0.653333333,3
30214462_MinPolqaSfbRecording_cut.wav,3.0,1.0,1.131606528,3
30469182_MinPolqaSfbRecording_cut.wav,1.666666667,0.577350269,0.653333333,3
30139283_MinPolqaSfbRecording_cut.wav,3.666666667,0.577350269,0.653333333,3
30118482_MinPolqaSfbRecording_cut.wav,2.666666667,0.577350269,0.653333333,3
30516303_MinPolqaSfbRecording_cut.wav,2.666666667,0.577350269,0.653333333,3
30151075_MinPolqaSfbRecording_cut.wav,3.666666667,1.527525232,1.728557523,3
30199819_MinPolqaSfbRecording_cut.wav,2.333333333,1.154700538,1.306666667,3
30188852_MinPolqaSfbRecording_cut.wav,3.666666667,0.577350269,0.653333333,3
30184906_MinPolqaSfbRecording_cut.wav,4.333333333,0.577350269,0.653333333,3
30078460_MinPolqaSfbRecording_cut.wav,3.333333333,1.527525232,1.728557523,3
30119734_MinPolqaSfbRecording_cut.wav,2.666666667,1.527525232,1.728557523,3
29060470_MinPolqaSfbRecording_cut.wav,4.333333333,0.577350269,0.653333333,3
30113492_MinPolqaSfbRecording_cut.wav,3.666666667,0.577350269,0.653333333,3
30436073_MinPolqaSfbRecording_cut.wav,3.333333333,0.577350269,0.653333333,3
30194064_MinPolqaSfbRecording_cut.wav,3.5,0.577350269,0.565803264,4
30081462_MinPolqaSfbRecording_cut.wav,2.75,0.957427108,0.938278566,4
28758424_MinPolqaSfbRecording_cut.wav,3.75,0.5,0.49,4
30441991_MinPolqaSfbRecording_cut.wav,3.25,0.5,0.49,4
30415201_MinPolqaSfbRecording_cut.wav,4.0,0.816496581,0.800166649,4
30195501_MinPolqaSfbRecording_cut.wav,3.25,0.957427108,0.938278566,4
29023284_MinPolqaSfbRecording_cut.wav,3.75,0.5,0.49,4
29532756_MinPolqaSfbRecording_cut.wav,3.333333333,1.154700538,1.306666667,3
30482508_MinPolqaSfbRecording_cut.wav,3.333333333,1.154700538,1.306666667,3
30148385_MinPolqaSfbRecording_cut.wav,4.0,1.0,1.131606528,3
30154494_MinPolqaSfbRecording_cut.wav,4.333333333,1.154700538,1.306666667,3
30466906_MinPolqaSfbRecording_cut.wav,4.0,1.0,1.131606528,3
30080900_MinPolqaSfbRecording_cut.wav,4.0,1.0,1.131606528,3
27913124_MinPolqaSfbRecording_cut.wav,4.333333333,1.154700538,1.306666667,3
30206930_MinPolqaSfbRecording_cut.wav,4.0,1.0,1.131606528,3
30097964_MinPolqaSfbRecording_cut.wav,3.666666667,1.527525232,1.728557523,3
30192668_MinPolqaSfbRecording_cut.wav,3.666666667,1.154700538,1.306666667,3
30180961_MinPolqaSfbRecording_cut.wav,3.25,0.957427108,0.938278566,4
29060636_MinPolqaSfbRecording_cut.wav,4.0,0.0,0.0,4
30408202_MinPolqaSfbRecording_cut.wav,3.25,0.5,0.49,4
27854467_MinPolqaSfbRecording_cut.wav,4.0,0.816496581,0.800166649,4
28143308_MinPolqaSfbRecording_cut.wav,4.0,0.0,0.0,4
30101028_MinPolqaSfbRecording_cut.wav,4.0,0.816496581,0.800166649,4
27764797_MinPolqaSfbRecording_cut.wav,4.25,0.5,0.49,4
30136164_MinPolqaSfbRecording_cut.wav,3.75,0.5,0.49,4
30212287_MinPolqaSfbRecording_cut.wav,3.75,0.5,0.49,4
30202858_MinPolqaSfbRecording_cut.wav,2.0,1.154700538,1.131606528,4
27578635_MinPolqaSfbRecording_cut.wav,4.5,0.707106781,0.98,2
30152618_MinPolqaSfbRecording_cut.wav,4.0,0.0,0.0,2
30255335_MinPolqaSfbRecording_cut.wav,3.5,0.707106781,0.98,2
30264404_MinPolqaSfbRecording_cut.wav,4.0,0.0,0.0,2
30109491_MinPolqaSfbRecording_cut.wav,4.0,0.0,0.0,2
30513851_MinPolqaSfbRecording_cut.wav,4.0,0.0,0.0,2
30195635_MinPolqaSfbRecording_cut.wav,3.5,0.707106781,0.98,2
30200069_MinPolqaSfbRecording_cut.wav,3.5,1.290994449,1.26517456,4
29535931_MinPolqaSfbRecording_cut.wav,2.75,0.957427108,0.938278566,4
30431703_MinPolqaSfbRecording_cut.wav,2.75,1.5,1.47,4
30205312_MinPolqaSfbRecording_cut.wav,3.25,0.957427108,0.938278566,4
30248667_MinPolqaSfbRecording_cut.wav,3.5,1.0,0.98,4
30423060_MinPolqaSfbRecording_cut.wav,3.25,1.258305739,1.233139624,4
28898018_MinPolqaSfbRecording_cut.wav,4.0,0.816496581,0.800166649,4
30091376_MinPolqaSfbRecording_cut.wav,4.0,0.816496581,0.800166649,4
30060228_MinPolqaSfbRecording_cut.wav,2.75,1.707825128,1.673668625,4
30189107_MinPolqaSfbRecording_cut.wav,2.75,1.5,1.47,4
27856488_MinPolqaSfbRecording_cut.wav,4.5,0.577350269,0.565803264,4
30422147_MinPolqaSfbRecording_cut.wav,3.75,1.258305739,1.233139624,4
30211721_MinPolqaSfbRecording_cut.wav,2.5,1.290994449,1.26517456,4
30444069_MinPolqaSfbRecording_cut.wav,3.0,1.414213562,1.385929291,4
30169804_MinPolqaSfbRecording_cut.wav,4.25,0.5,0.49,4
28153971_MinPolqaSfbRecording_cut.wav,4.0,0.816496581,0.800166649,4
30161861_MinPolqaSfbRecording_cut.wav,2.5,1.0,0.98,4
30426268_MinPolqaSfbRecording_cut.wav,2.75,1.258305739,1.233139624,4
30520479_MinPolqaSfbRecording_cut.wav,4.0,0.0,0.0,3
28818462_MinPolqaSfbRecording_cut.wav,4.333333333,0.577350269,0.653333333,3
30179841_MinPolqaSfbRecording_cut.wav,3.666666667,0.577350269,0.653333333,3
30193321_MinPolqaSfbRecording_cut.wav,3.666666667,0.577350269,0.653333333,3
30129918_MinPolqaSfbRecording_cut.wav,3.666666667,0.577350269,0.653333333,3
30463311_MinPolqaSfbRecording_cut.wav,4.0,1.0,1.131606528,3
30406167_MinPolqaSfbRecording_cut.wav,3.333333333,0.577350269,0.653333333,3
27790311_MinPolqaSfbRecording_cut.wav,4.333333333,0.577350269,0.653333333,3
30211256_MinPolqaSfbRecording_cut.wav,3.5,0.577350269,0.565803264,4
28245839_MinPolqaSfbRecording_cut.wav,4.5,0.577350269,0.565803264,4
30148123_MinPolqaSfbRecording_cut.wav,4.5,0.577350269,0.565803264,4
30107435_MinPolqaSfbRecording_cut.wav,3.0,0.816496581,0.800166649,4
30428747_MinPolqaSfbRecording_cut.wav,4.0,0.816496581,0.800166649,4
30092954_MinPolqaSfbRecording_cut.wav,2.5,1.290994449,1.26517456,4
30157056_MinPolqaSfbRecording_cut.wav,3.5,1.732050808,1.697409791,4
30429929_MinPolqaSfbRecording_cut.wav,3.0,0.816496581,0.800166649,4
30123200_MinPolqaSfbRecording_cut.wav,3.25,0.957427108,0.938278566,4
30469080_MinPolqaSfbRecording_cut.wav,4.25,0.5,0.49,4
28631463_MinPolqaSfbRecording_cut.wav,4.2,0.836660027,0.733364848,5
30091389_MinPolqaSfbRecording_cut.wav,3.6,1.140175425,0.999407825,5
30205857_MinPolqaSfbRecording_cut.wav,4.2,0.447213595,0.392,5
30070817_MinPolqaSfbRecording_cut.wav,2.0,1.224744871,1.073536213,5
30145983_MinPolqaSfbRecording_cut.wav,1.8,1.303840481,1.142866571,5
30204506_MinPolqaSfbRecording_cut.wav,3.2,1.095445115,0.960199979,5
28004265_MinPolqaSfbRecording_cut.wav,4.0,1.0,0.876538647,5
29544426_MinPolqaSfbRecording_cut.wav,4.2,0.836660027,0.733364848,5
30070829_MinPolqaSfbRecording_cut.wav,3.6,0.894427191,0.784,5
28836236_MinPolqaSfbRecording_cut.wav,5.0,0.0,0.0,3
30150321_MinPolqaSfbRecording_cut.wav,4.0,1.0,1.131606528,3
30155185_MinPolqaSfbRecording_cut.wav,2.666666667,1.527525232,1.728557523,3
28277937_MinPolqaSfbRecording_cut.wav,3.666666667,0.577350269,0.653333333,3
30480997_MinPolqaSfbRecording_cut.wav,2.333333333,1.527525232,1.728557523,3
28562027_MinPolqaSfbRecording_cut.wav,3.666666667,0.577350269,0.653333333,3
30151153_MinPolqaSfbRecording_cut.wav,3.0,1.0,1.131606528,3
29022296_MinPolqaSfbRecording_cut.wav,4.333333333,0.577350269,0.653333333,3
30489797_MinPolqaSfbRecording_cut.wav,4.0,0.0,0.0,3
30161714_MinPolqaSfbRecording_cut.wav,3.333333333,0.577350269,0.653333333,3
30515954_MinPolqaSfbRecording_cut.wav,4.0,0.0,0.0,3
29539650_MinPolqaSfbRecording_cut.wav,3.333333333,0.577350269,0.653333333,3
30414248_MinPolqaSfbRecording_cut.wav,4.0,1.0,1.131606528,3
30207018_MinPolqaSfbRecording_cut.wav,2.333333333,0.577350269,0.653333333,3
30449268_MinPolqaSfbRecording_cut.wav,4.333333333,0.577350269,0.653333333,3
29537087_MinPolqaSfbRecording_cut.wav,3.333333333,0.577350269,0.653333333,3
27912740_MinPolqaSfbRecording_cut.wav,4.2,0.836660027,0.733364848,5
30068779_MinPolqaSfbRecording_cut.wav,4.0,0.707106781,0.619806421,5
30431505_MinPolqaSfbRecording_cut.wav,2.4,1.516575089,1.329336677,5
27946620_MinPolqaSfbRecording_cut.wav,4.0,0.0,0.0,5
30082723_MinPolqaSfbRecording_cut.wav,3.8,0.447213595,0.392,5
30060971_MinPolqaSfbRecording_cut.wav,2.6,0.547722558,0.48009999,5
30163737_MinPolqaSfbRecording_cut.wav,2.8,1.095445115,0.960199979,5
30211500_MinPolqaSfbRecording_cut.wav,3.6,0.547722558,0.48009999,5
30159800_MinPolqaSfbRecording_cut.wav,3.25,0.957427108,0.938278566,4
30126138_MinPolqaSfbRecording_cut.wav,2.75,1.5,1.47,4
30528194_MinPolqaSfbRecording_cut.wav,3.25,1.5,1.47,4
30064381_MinPolqaSfbRecording_cut.wav,4.0,1.414213562,1.385929291,4
30198494_MinPolqaSfbRecording_cut.wav,2.5,0.577350269,0.565803264,4
30065769_MinPolqaSfbRecording_cut.wav,4.25,1.5,1.47,4
30070550_MinPolqaSfbRecording_cut.wav,2.333333333,0.577350269,0.653333333,3
30134050_MinPolqaSfbRecording_cut.wav,2.666666667,0.577350269,0.653333333,3
30502464_MinPolqaSfbRecording_cut.wav,3.0,0.0,0.0,3
30117299_MinPolqaSfbRecording_cut.wav,2.333333333,0.577350269,0.653333333,3
28079549_MinPolqaSfbRecording_cut.wav,4.0,0.0,0.0,3
30263154_MinPolqaSfbRecording_cut.wav,2.333333333,0.577350269,0.653333333,3
30206542_MinPolqaSfbRecording_cut.wav,3.0,1.0,1.131606528,3
30421345_MinPolqaSfbRecording_cut.wav,2.666666667,0.577350269,0.653333333,3
30472236_MinPolqaSfbRecording_cut.wav,4.666666667,0.577350269,0.653333333,3
28531783_MinPolqaSfbRecording_cut.wav,4.666666667,0.577350269,0.653333333,3
30262787_MinPolqaSfbRecording_cut.wav,4.333333333,0.577350269,0.653333333,3
29539389_MinPolqaSfbRecording_cut.wav,2.666666667,1.154700538,1.306666667,3
30252407_MinPolqaSfbRecording_cut.wav,1.666666667,1.154700538,1.306666667,3
30123722_MinPolqaSfbRecording_cut.wav,4.0,0.0,0.0,3
30469047_MinPolqaSfbRecording_cut.wav,4.666666667,0.577350269,0.653333333,3
28455960_MinPolqaSfbRecording_cut.wav,4.666666667,0.577350269,0.653333333,3
30460106_MinPolqaSfbRecording_cut.wav,2.333333333,1.154700538,1.306666667,3
27953109_MinPolqaSfbRecording_cut.wav,4.5,0.577350269,0.565803264,4
30435234_MinPolqaSfbRecording_cut.wav,3.0,0.816496581,0.800166649,4
30098744_MinPolqaSfbRecording_cut.wav,3.0,0.816496581,0.800166649,4
30184507_MinPolqaSfbRecording_cut.wav,3.75,0.957427108,0.938278566,4
30211941_MinPolqaSfbRecording_cut.wav,2.25,1.258305739,1.233139624,4
30402461_MinPolqaSfbRecording_cut.wav,3.75,0.5,0.49,4
30134391_MinPolqaSfbRecording_cut.wav,4.5,0.577350269,0.565803264,4
30120265_MinPolqaSfbRecording_cut.wav,4.5,0.577350269,0.565803264,4
30140545_MinPolqaSfbRecording_cut.wav,2.75,1.707825128,1.673668625,4
30155358_MinPolqaSfbRecording_cut.wav,3.5,0.577350269,0.565803264,4
28903039_MinPolqaSfbRecording_cut.wav,4.0,0.0,0.0,4
30254925_MinPolqaSfbRecording_cut.wav,3.75,0.5,0.49,4
30110256_MinPolqaSfbRecording_cut.wav,3.5,0.577350269,0.565803264,4
30485780_MinPolqaSfbRecording_cut.wav,2.25,0.957427108,0.938278566,4
29536917_MinPolqaSfbRecording_cut.wav,2.5,1.0,0.98,4
30249017_MinPolqaSfbRecording_cut.wav,3.25,1.5,1.47,4
30067203_MinPolqaSfbRecording_cut.wav,3.0,1.154700538,1.131606528,4
30259179_MinPolqaSfbRecording_cut.wav,3.333333333,0.577350269,0.653333333,3
27704406_MinPolqaSfbRecording_cut.wav,2.0,0.0,0.0,3
28156476_MinPolqaSfbRecording_cut.wav,2.333333333,0.577350269,0.653333333,3
30137089_MinPolqaSfbRecording_cut.wav,1.666666667,0.577350269,0.653333333,3
29049346_MinPolqaSfbRecording_cut.wav,2.666666667,0.577350269,0.653333333,3
30483096_MinPolqaSfbRecording_cut.wav,3.333333333,0.577350269,0.653333333,3
30087176_MinPolqaSfbRecording_cut.wav,2.666666667,0.577350269,0.653333333,3
30106122_MinPolqaSfbRecording_cut.wav,2.333333333,0.577350269,0.653333333,3
30474392_MinPolqaSfbRecording_cut.wav,3.8,0.836660027,0.733364848,5
30062640_MinPolqaSfbRecording_cut.wav,3.2,0.836660027,0.733364848,5
29030347_MinPolqaSfbRecording_cut.wav,4.0,1.0,0.876538647,5
30462477_MinPolqaSfbRecording_cut.wav,4.0,1.224744871,1.073536213,5
30431637_MinPolqaSfbRecording_cut.wav,1.8,1.095445115,0.960199979,5
30409585_MinPolqaSfbRecording_cut.wav,1.2,0.447213595,0.392,5
30429493_MinPolqaSfbRecording_cut.wav,4.2,0.836660027,0.733364848,5
30081617_MinPolqaSfbRecording_cut.wav,2.4,1.673320053,1.466729696,5
30108379_MinPolqaSfbRecording_cut.wav,3.0,0.0,0.0,5
29543149_MinPolqaSfbRecording_cut.wav,5.0,0.0,0.0,3
30424603_MinPolqaSfbRecording_cut.wav,5.0,0.0,0.0,3
30142201_MinPolqaSfbRecording_cut.wav,2.333333333,1.154700538,1.306666667,3
28138240_MinPolqaSfbRecording_cut.wav,3.666666667,0.577350269,0.653333333,3
30264376_MinPolqaSfbRecording_cut.wav,4.666666667,0.577350269,0.653333333,3
30488875_MinPolqaSfbRecording_cut.wav,2.666666667,0.577350269,0.653333333,3
29544152_MinPolqaSfbRecording_cut.wav,3.6,1.140175425,0.999407825,5
30457588_MinPolqaSfbRecording_cut.wav,3.0,0.707106781,0.619806421,5
30189726_MinPolqaSfbRecording_cut.wav,3.4,0.547722558,0.48009999,5
30446919_MinPolqaSfbRecording_cut.wav,3.8,0.447213595,0.392,5
30089203_MinPolqaSfbRecording_cut.wav,3.8,1.303840481,1.142866571,5
29004072_MinPolqaSfbRecording_cut.wav,4.2,0.836660027,0.733364848,5
30140823_MinPolqaSfbRecording_cut.wav,2.25,1.5,1.47,4
29028336_MinPolqaSfbRecording_cut.wav,5.0,0.0,0.0,4
28686974_MinPolqaSfbRecording_cut.wav,3.75,0.957427108,0.938278566,4
29031645_MinPolqaSfbRecording_cut.wav,4.75,0.5,0.49,4
30443974_MinPolqaSfbRecording_cut.wav,4.25,0.957427108,0.938278566,4
30465784_MinPolqaSfbRecording_cut.wav,2.75,1.5,1.47,4
30483586_MinPolqaSfbRecording_cut.wav,3.75,1.5,1.47,4
29544406_MinPolqaSfbRecording_cut.wav,4.25,0.957427108,0.938278566,4
27604630_MinPolqaSfbRecording_cut.wav,4.25,0.5,0.49,4
28949719_MinPolqaSfbRecording_cut.wav,4.5,0.577350269,0.565803264,4
29544404_MinPolqaSfbRecording_cut.wav,3.25,0.957427108,0.938278566,4
30142635_MinPolqaSfbRecording_cut.wav,2.0,0.816496581,0.800166649,4
30138361_MinPolqaSfbRecording_cut.wav,2.25,0.957427108,0.938278566,4
30522228_MinPolqaSfbRecording_cut.wav,3.0,1.154700538,1.131606528,4
30121477_MinPolqaSfbRecording_cut.wav,2.75,0.957427108,0.938278566,4
27785802_MinPolqaSfbRecording_cut.wav,3.5,1.0,0.98,4
27563513_MinPolqaSfbRecording_cut.wav,3.75,0.957427108,0.938278566,4
30423331_MinPolqaSfbRecording_cut.wav,2.25,0.957427108,0.938278566,4
30198640_MinPolqaSfbRecording_cut.wav,3.5,1.290994449,1.26517456,4
30118002_MinPolqaSfbRecording_cut.wav,3.0,1.414213562,1.239612843,5
30503072_MinPolqaSfbRecording_cut.wav,1.6,0.894427191,0.784,5
30155088_MinPolqaSfbRecording_cut.wav,2.2,1.303840481,1.142866571,5
30207925_MinPolqaSfbRecording_cut.wav,4.0,0.707106781,0.619806421,5
30172251_MinPolqaSfbRecording_cut.wav,3.8,0.836660027,0.733364848,5
30060205_MinPolqaSfbRecording_cut.wav,2.0,1.414213562,1.239612843,5
27721516_MinPolqaSfbRecording_cut.wav,4.2,0.836660027,0.733364848,5
30091797_MinPolqaSfbRecording_cut.wav,3.8,1.303840481,1.142866571,5
30138892_MinPolqaSfbRecording_cut.wav,3.4,0.894427191,0.784,5
30104742_MinPolqaSfbRecording_cut.wav,3.75,0.957427108,0.938278566,4
30258688_MinPolqaSfbRecording_cut.wav,3.0,1.414213562,1.385929291,4
27645191_MinPolqaSfbRecording_cut.wav,4.0,0.0,0.0,4
28940662_MinPolqaSfbRecording_cut.wav,3.75,0.957427108,0.938278566,4
27628579_MinPolqaSfbRecording_cut.wav,3.75,0.5,0.49,4
30161178_MinPolqaSfbRecording_cut.wav,2.75,0.957427108,0.938278566,4
30409517_MinPolqaSfbRecording_cut.wav,3.75,0.957427108,0.938278566,4
30129605_MinPolqaSfbRecording_cut.wav,3.5,1.290994449,1.26517456,4
30486650_MinPolqaSfbRecording_cut.wav,2.6,1.341640786,1.176,5
30408207_MinPolqaSfbRecording_cut.wav,3.4,0.894427191,0.784,5
29543801_MinPolqaSfbRecording_cut.wav,2.8,0.836660027,0.733364848,5
30430154_MinPolqaSfbRecording_cut.wav,3.0,1.0,0.876538647,5
30200309_MinPolqaSfbRecording_cut.wav,3.6,0.894427191,0.784,5
29022265_MinPolqaSfbRecording_cut.wav,4.4,0.547722558,0.48009999,5
30119785_MinPolqaSfbRecording_cut.wav,4.0,0.707106781,0.619806421,5
27860888_MinPolqaSfbRecording_cut.wav,4.4,0.894427191,0.784,5
30137744_MinPolqaSfbRecording_cut.wav,3.2,1.303840481,1.142866571,5
30078992_MinPolqaSfbRecording_cut.wav,3.2,1.095445115,0.960199979,5
30425409_MinPolqaSfbRecording_cut.wav,2.2,0.447213595,0.392,5
28323067_MinPolqaSfbRecording_cut.wav,4.0,1.414213562,1.239612843,5
30189998_MinPolqaSfbRecording_cut.wav,2.4,0.894427191,0.784,5
30527398_MinPolqaSfbRecording_cut.wav,2.4,1.140175425,0.999407825,5
30508179_MinPolqaSfbRecording_cut.wav,3.6,1.140175425,0.999407825,5
30474303_MinPolqaSfbRecording_cut.wav,2.2,0.447213595,0.392,5
28610898_MinPolqaSfbRecording_cut.wav,3.0,0.707106781,0.619806421,5
30506405_MinPolqaSfbRecording_cut.wav,2.4,1.140175425,0.999407825,5
27930076_MinPolqaSfbRecording_cut.wav,4.5,0.577350269,0.565803264,4
29541344_MinPolqaSfbRecording_cut.wav,2.25,0.957427108,0.938278566,4
28539987_MinPolqaSfbRecording_cut.wav,4.25,0.5,0.49,4
30092420_MinPolqaSfbRecording_cut.wav,3.25,0.957427108,0.938278566,4
30421162_MinPolqaSfbRecording_cut.wav,3.0,0.816496581,0.800166649,4
30427593_MinPolqaSfbRecording_cut.wav,2.5,1.732050808,1.697409791,4
28003261_MinPolqaSfbRecording_cut.wav,3.5,0.577350269,0.565803264,4
30075326_MinPolqaSfbRecording_cut.wav,3.75,0.5,0.49,4
29542787_MinPolqaSfbRecording_cut.wav,4.25,0.957427108,0.938278566,4
30255554_MinPolqaSfbRecording_cut.wav,3.5,1.0,0.98,4
30432182_MinPolqaSfbRecording_cut.wav,3.0,0.816496581,0.800166649,4
30426274_MinPolqaSfbRecording_cut.wav,2.75,2.061552813,2.020321757,4
28670264_MinPolqaSfbRecording_cut.wav,3.75,0.957427108,0.938278566,4
30124973_MinPolqaSfbRecording_cut.wav,2.25,0.957427108,0.938278566,4
30174854_MinPolqaSfbRecording_cut.wav,2.75,0.957427108,0.938278566,4
30467502_MinPolqaSfbRecording_cut.wav,3.75,0.957427108,0.938278566,4
30189111_MinPolqaSfbRecording_cut.wav,3.75,0.957427108,0.938278566,4
27661491_MinPolqaSfbRecording_cut.wav,3.75,0.5,0.49,4
28682226_MinPolqaSfbRecording_cut.wav,4.25,0.5,0.49,4
28909465_MinPolqaSfbRecording_cut.wav,4.25,0.5,0.49,4
30106899_MinPolqaSfbRecording_cut.wav,4.25,0.957427108,0.938278566,4
30069698_MinPolqaSfbRecording_cut.wav,3.5,1.0,0.98,4
30124744_MinPolqaSfbRecording_cut.wav,3.5,1.290994449,1.26517456,4
30175906_MinPolqaSfbRecording_cut.wav,3.5,1.290994449,1.26517456,4
30079586_MinPolqaSfbRecording_cut.wav,3.5,1.290994449,1.26517456,4
30123716_MinPolqaSfbRecording_cut.wav,4.0,1.414213562,1.385929291,4
30422187_MinPolqaSfbRecording_cut.wav,4.5,0.577350269,0.565803264,4
30467972_MinPolqaSfbRecording_cut.wav,2.5,0.577350269,0.565803264,4
30504889_MinPolqaSfbRecording_cut.wav,4.0,0.0,0.0,4
30424754_MinPolqaSfbRecording_cut.wav,3.0,0.816496581,0.800166649,4
30522622_MinPolqaSfbRecording_cut.wav,2.25,1.258305739,1.233139624,4
30249762_MinPolqaSfbRecording_cut.wav,2.75,0.5,0.49,4
30406278_MinPolqaSfbRecording_cut.wav,3.0,0.816496581,0.800166649,4
30443620_MinPolqaSfbRecording_cut.wav,2.666666667,0.577350269,0.653333333,3
30161959_MinPolqaSfbRecording_cut.wav,2.333333333,0.577350269,0.653333333,3
30483493_MinPolqaSfbRecording_cut.wav,2.333333333,0.577350269,0.653333333,3
27807552_MinPolqaSfbRecording_cut.wav,3.666666667,0.577350269,0.653333333,3
30453083_MinPolqaSfbRecording_cut.wav,3.0,1.0,1.131606528,3
30162799_MinPolqaSfbRecording_cut.wav,3.0,1.0,1.131606528,3
30161913_MinPolqaSfbRecording_cut.wav,1.666666667,0.577350269,0.653333333,3
30489112_MinPolqaSfbRecording_cut.wav,1.666666667,0.577350269,0.653333333,3
30174074_MinPolqaSfbRecording_cut.wav,1.666666667,1.154700538,1.306666667,3
30193689_MinPolqaSfbRecording_cut.wav,3.0,0.0,0.0,2
30457996_MinPolqaSfbRecording_cut.wav,4.5,0.707106781,0.98,2
30164766_MinPolqaSfbRecording_cut.wav,5.0,0.0,0.0,2
30262757_MinPolqaSfbRecording_cut.wav,4.0,0.0,0.0,2
30140701_MinPolqaSfbRecording_cut.wav,4.0,0.0,0.0,2
30202588_MinPolqaSfbRecording_cut.wav,4.5,0.707106781,0.98,2
28334896_MinPolqaSfbRecording_cut.wav,5.0,0.0,0.0,2
30524018_MinPolqaSfbRecording_cut.wav,4.0,0.0,0.0,2
30102893_MinPolqaSfbRecording_cut.wav,4.0,0.0,0.0,3
30472069_MinPolqaSfbRecording_cut.wav,4.333333333,0.577350269,0.653333333,3
30183370_MinPolqaSfbRecording_cut.wav,3.333333333,1.154700538,1.306666667,3
30496415_MinPolqaSfbRecording_cut.wav,3.0,0.0,0.0,3
30200268_MinPolqaSfbRecording_cut.wav,2.666666667,0.577350269,0.653333333,3
30177037_MinPolqaSfbRecording_cut.wav,1.333333333,0.577350269,0.653333333,3
28042806_MinPolqaSfbRecording_cut.wav,3.666666667,1.154700538,1.306666667,3
30105130_MinPolqaSfbRecording_cut.wav,4.0,0.0,0.0,3
30492461_MinPolqaSfbRecording_cut.wav,2.75,0.957427108,0.938278566,4
30427664_MinPolqaSfbRecording_cut.wav,3.5,0.577350269,0.565803264,4
28313618_MinPolqaSfbRecording_cut.wav,4.5,0.577350269,0.565803264,4
30118809_MinPolqaSfbRecording_cut.wav,4.25,0.5,0.49,4
30087560_MinPolqaSfbRecording_cut.wav,2.75,0.957427108,0.938278566,4
30431675_MinPolqaSfbRecording_cut.wav,3.25,0.5,0.49,4
30086557_MinPolqaSfbRecording_cut.wav,3.75,0.957427108,0.938278566,4
27765314_MinPolqaSfbRecording_cut.wav,3.75,0.5,0.49,4
30148998_MinPolqaSfbRecording_cut.wav,4.75,0.5,0.49,4
30412366_MinPolqaSfbRecording_cut.wav,3.4,0.894427191,0.784,5
30059575_MinPolqaSfbRecording_cut.wav,3.8,0.447213595,0.392,5
28945551_MinPolqaSfbRecording_cut.wav,3.8,0.836660027,0.733364848,5
30091363_MinPolqaSfbRecording_cut.wav,3.4,0.547722558,0.48009999,5
30442446_MinPolqaSfbRecording_cut.wav,3.8,1.303840481,1.142866571,5
30473941_MinPolqaSfbRecording_cut.wav,3.0,1.224744871,1.073536213,5
30132665_MinPolqaSfbRecording_cut.wav,3.75,0.5,0.49,4
30070021_MinPolqaSfbRecording_cut.wav,3.75,1.258305739,1.233139624,4
30135780_MinPolqaSfbRecording_cut.wav,3.0,0.816496581,0.800166649,4
30083371_MinPolqaSfbRecording_cut.wav,4.25,0.5,0.49,4
30426312_MinPolqaSfbRecording_cut.wav,4.0,0.0,0.0,4
30443006_MinPolqaSfbRecording_cut.wav,3.5,1.0,0.98,4
30439842_MinPolqaSfbRecording_cut.wav,4.25,0.5,0.49,4
29535555_MinPolqaSfbRecording_cut.wav,3.75,0.5,0.49,4
30403785_MinPolqaSfbRecording_cut.wav,3.75,0.5,0.49,4
30445028_MinPolqaSfbRecording_cut.wav,1.75,0.957427108,0.938278566,4
30148038_MinPolqaSfbRecording_cut.wav,3.0,1.825741858,1.789227021,4
28879171_MinPolqaSfbRecording_cut.wav,3.75,0.957427108,0.938278566,4
30421835_MinPolqaSfbRecording_cut.wav,4.0,0.816496581,0.800166649,4
27826967_MinPolqaSfbRecording_cut.wav,4.0,0.816496581,0.800166649,4
27732742_MinPolqaSfbRecording_cut.wav,4.25,0.957427108,0.938278566,4
30213327_MinPolqaSfbRecording_cut.wav,3.25,0.957427108,0.938278566,4
30165268_MinPolqaSfbRecording_cut.wav,4.0,0.816496581,0.800166649,4
29531702_MinPolqaSfbRecording_cut.wav,4.75,0.5,0.49,4
30067237_MinPolqaSfbRecording_cut.wav,4.0,0.0,0.0,4
27696297_MinPolqaSfbRecording_cut.wav,3.5,0.577350269,0.565803264,4
30472403_MinPolqaSfbRecording_cut.wav,4.0,0.816496581,0.800166649,4
30197882_MinPolqaSfbRecording_cut.wav,3.5,1.290994449,1.26517456,4
28768013_MinPolqaSfbRecording_cut.wav,3.75,0.5,0.49,4
30520114_MinPolqaSfbRecording_cut.wav,2.25,1.5,1.47,4
27624415_MinPolqaSfbRecording_cut.wav,4.5,0.577350269,0.565803264,4
28875367_MinPolqaSfbRecording_cut.wav,3.5,0.577350269,0.565803264,4
30433923_MinPolqaSfbRecording_cut.wav,3.75,0.5,0.49,4
28114701_MinPolqaSfbRecording_cut.wav,4.75,0.5,0.49,4
27721040_MinPolqaSfbRecording_cut.wav,4.333333333,0.577350269,0.653333333,3
28034692_MinPolqaSfbRecording_cut.wav,3.666666667,1.154700538,1.306666667,3
30137671_MinPolqaSfbRecording_cut.wav,3.0,1.0,1.131606528,3
30204456_MinPolqaSfbRecording_cut.wav,3.666666667,1.527525232,1.728557523,3
30161090_MinPolqaSfbRecording_cut.wav,3.0,1.0,1.131606528,3
30409179_MinPolqaSfbRecording_cut.wav,2.0,1.0,1.131606528,3
28823619_MinPolqaSfbRecording_cut.wav,4.666666667,0.577350269,0.653333333,3
25763416_MinPolqaSfbRecording_cut.wav,4.333333333,0.577350269,0.653333333,3
30159666_MinPolqaSfbRecording_cut.wav,1.0,0.0,0.0,4
30089380_MinPolqaSfbRecording_cut.wav,2.5,1.290994449,1.26517456,4
30179018_MinPolqaSfbRecording_cut.wav,2.5,1.290994449,1.26517456,4
30135552_MinPolqaSfbRecording_cut.wav,2.0,0.816496581,0.800166649,4
29534400_MinPolqaSfbRecording_cut.wav,2.5,1.290994449,1.26517456,4
28939818_MinPolqaSfbRecording_cut.wav,3.25,1.5,1.47,4
30497453_MinPolqaSfbRecording_cut.wav,3.5,0.577350269,0.565803264,4
30171475_MinPolqaSfbRecording_cut.wav,4.0,1.0,1.131606528,3
30408768_MinPolqaSfbRecording_cut.wav,3.0,0.0,0.0,3
30193319_MinPolqaSfbRecording_cut.wav,3.333333333,0.577350269,0.653333333,3
28752766_MinPolqaSfbRecording_cut.wav,3.666666667,0.577350269,0.653333333,3
30124107_MinPolqaSfbRecording_cut.wav,4.666666667,0.577350269,0.653333333,3
29537979_MinPolqaSfbRecording_cut.wav,3.333333333,0.577350269,0.653333333,3
30484062_MinPolqaSfbRecording_cut.wav,3.333333333,0.577350269,0.653333333,3
25992893_MinPolqaSfbRecording_cut.wav,3.666666667,0.577350269,0.653333333,3
30489308_MinPolqaSfbRecording_cut.wav,2.25,1.258305739,1.233139624,4
30105176_MinPolqaSfbRecording_cut.wav,3.25,1.258305739,1.233139624,4
30505840_MinPolqaSfbRecording_cut.wav,4.5,0.577350269,0.565803264,4
30154282_MinPolqaSfbRecording_cut.wav,3.0,0.816496581,0.800166649,4
30256303_MinPolqaSfbRecording_cut.wav,3.5,1.0,0.98,4
30138513_MinPolqaSfbRecording_cut.wav,3.25,0.5,0.49,4
30501366_MinPolqaSfbRecording_cut.wav,2.0,1.414213562,1.385929291,4
30408767_MinPolqaSfbRecording_cut.wav,3.75,0.957427108,0.938278566,4
29536052_MinPolqaSfbRecording_cut.wav,2.5,1.0,0.98,4
28467763_MinPolqaSfbRecording_cut.wav,4.2,0.836660027,0.733364848,5
30262870_MinPolqaSfbRecording_cut.wav,3.8,0.836660027,0.733364848,5
30205726_MinPolqaSfbRecording_cut.wav,2.8,1.303840481,1.142866571,5
29538540_MinPolqaSfbRecording_cut.wav,3.0,1.224744871,1.073536213,5
28555940_MinPolqaSfbRecording_cut.wav,3.2,0.447213595,0.392,5
30117161_MinPolqaSfbRecording_cut.wav,3.0,0.707106781,0.619806421,5
28138894_MinPolqaSfbRecording_cut.wav,4.0,1.0,0.876538647,5
30162207_MinPolqaSfbRecording_cut.wav,3.8,0.836660027,0.733364848,5
30429568_MinPolqaSfbRecording_cut.wav,3.0,1.0,1.131606528,3
30199795_MinPolqaSfbRecording_cut.wav,3.333333333,0.577350269,0.653333333,3
30261454_MinPolqaSfbRecording_cut.wav,4.0,0.0,0.0,3
30157287_MinPolqaSfbRecording_cut.wav,4.0,0.0,0.0,3
27723314_MinPolqaSfbRecording_cut.wav,4.0,0.0,0.0,3
29006628_MinPolqaSfbRecording_cut.wav,3.666666667,0.577350269,0.653333333,3
30118016_MinPolqaSfbRecording_cut.wav,4.0,0.0,0.0,3
30078822_MinPolqaSfbRecording_cut.wav,3.75,0.957427108,0.938278566,4
30207738_MinPolqaSfbRecording_cut.wav,1.75,0.957427108,0.938278566,4
30128820_MinPolqaSfbRecording_cut.wav,3.25,1.258305739,1.233139624,4
30511687_MinPolqaSfbRecording_cut.wav,2.75,0.957427108,0.938278566,4
28086780_MinPolqaSfbRecording_cut.wav,4.5,0.577350269,0.565803264,4
30177408_MinPolqaSfbRecording_cut.wav,3.75,1.5,1.47,4
27934280_MinPolqaSfbRecording_cut.wav,4.25,0.957427108,0.938278566,4
30164441_MinPolqaSfbRecording_cut.wav,3.25,0.957427108,0.938278566,4
28017400_MinPolqaSfbRecording_cut.wav,4.25,0.957427108,0.938278566,4
30455479_MinPolqaSfbRecording_cut.wav,3.2,0.836660027,0.733364848,5
30141597_MinPolqaSfbRecording_cut.wav,4.0,0.707106781,0.619806421,5
29538163_MinPolqaSfbRecording_cut.wav,3.0,1.224744871,1.073536213,5
28365408_MinPolqaSfbRecording_cut.wav,3.4,0.894427191,0.784,5
27856794_MinPolqaSfbRecording_cut.wav,3.6,0.547722558,0.48009999,5
30430147_MinPolqaSfbRecording_cut.wav,3.4,1.516575089,1.329336677,5
30146145_MinPolqaSfbRecording_cut.wav,3.4,1.140175425,0.999407825,5
30097767_MinPolqaSfbRecording_cut.wav,3.6,1.140175425,0.999407825,5
29533099_MinPolqaSfbRecording_cut.wav,4.0,1.0,0.876538647,5
30513680_MinPolqaSfbRecording_cut.wav,4.0,1.224744871,1.073536213,5
29536947_MinPolqaSfbRecording_cut.wav,3.4,1.673320053,1.466729696,5
28644261_MinPolqaSfbRecording_cut.wav,4.2,0.836660027,0.733364848,5
28419837_MinPolqaSfbRecording_cut.wav,4.6,0.547722558,0.48009999,5
30199618_MinPolqaSfbRecording_cut.wav,2.6,1.516575089,1.329336677,5
30165269_MinPolqaSfbRecording_cut.wav,3.8,0.836660027,0.733364848,5
30175216_MinPolqaSfbRecording_cut.wav,3.0,0.707106781,0.619806421,5
30509725_MinPolqaSfbRecording_cut.wav,3.8,1.303840481,1.142866571,5
30427085_MinPolqaSfbRecording_cut.wav,4.2,0.447213595,0.392,5
30462389_MinPolqaSfbRecording_cut.wav,2.6,0.547722558,0.48009999,5
29021319_MinPolqaSfbRecording_cut.wav,3.8,0.447213595,0.392,5
30139297_MinPolqaSfbRecording_cut.wav,2.0,0.0,0.0,5
30121292_MinPolqaSfbRecording_cut.wav,4.0,0.0,0.0,5
30179661_MinPolqaSfbRecording_cut.wav,3.8,0.447213595,0.392,5
28818490_MinPolqaSfbRecording_cut.wav,4.5,0.577350269,0.565803264,4
28358083_MinPolqaSfbRecording_cut.wav,3.5,1.732050808,1.697409791,4
30522638_MinPolqaSfbRecording_cut.wav,2.25,1.5,1.47,4
30195852_MinPolqaSfbRecording_cut.wav,3.25,0.957427108,0.938278566,4
27872928_MinPolqaSfbRecording_cut.wav,4.5,0.577350269,0.565803264,4
30100648_MinPolqaSfbRecording_cut.wav,2.0,1.414213562,1.385929291,4
30188844_MinPolqaSfbRecording_cut.wav,2.5,1.290994449,1.26517456,4
30155716_MinPolqaSfbRecording_cut.wav,3.0,1.414213562,1.385929291,4
30463168_MinPolqaSfbRecording_cut.wav,2.25,0.957427108,0.938278566,4
30089068_MinPolqaSfbRecording_cut.wav,3.0,1.825741858,1.789227021,4
30260466_MinPolqaSfbRecording_cut.wav,2.333333333,1.527525232,1.728557523,3
30260823_MinPolqaSfbRecording_cut.wav,3.666666667,0.577350269,0.653333333,3
30065884_MinPolqaSfbRecording_cut.wav,3.333333333,1.154700538,1.306666667,3
27838946_MinPolqaSfbRecording_cut.wav,3.666666667,1.154700538,1.306666667,3
30096224_MinPolqaSfbRecording_cut.wav,4.0,1.0,1.131606528,3
30182937_MinPolqaSfbRecording_cut.wav,3.333333333,1.154700538,1.306666667,3
30081097_MinPolqaSfbRecording_cut.wav,3.333333333,0.577350269,0.653333333,3
30136708_MinPolqaSfbRecording_cut.wav,3.75,0.957427108,0.938278566,4
28991047_MinPolqaSfbRecording_cut.wav,4.5,0.577350269,0.565803264,4
30160759_MinPolqaSfbRecording_cut.wav,3.25,1.258305739,1.233139624,4
30149095_MinPolqaSfbRecording_cut.wav,3.75,0.5,0.49,4
28538416_MinPolqaSfbRecording_cut.wav,4.0,0.816496581,0.800166649,4
30129948_MinPolqaSfbRecording_cut.wav,2.25,1.5,1.47,4
30087570_MinPolqaSfbRecording_cut.wav,2.75,1.5,1.47,4
30414233_MinPolqaSfbRecording_cut.wav,4.5,0.577350269,0.565803264,4
27955908_MinPolqaSfbRecording_cut.wav,4.75,0.5,0.49,4
30193347_MinPolqaSfbRecording_cut.wav,4.0,1.154700538,1.131606528,4
29542383_MinPolqaSfbRecording_cut.wav,3.0,0.816496581,0.800166649,4
30082782_MinPolqaSfbRecording_cut.wav,3.25,0.5,0.49,4
30103682_MinPolqaSfbRecording_cut.wav,2.75,0.5,0.49,4
28525412_MinPolqaSfbRecording_cut.wav,4.5,0.577350269,0.565803264,4
30450542_MinPolqaSfbRecording_cut.wav,1.5,0.577350269,0.565803264,4
29542162_MinPolqaSfbRecording_cut.wav,3.5,0.577350269,0.565803264,4
30064633_MinPolqaSfbRecording_cut.wav,1.5,0.577350269,0.565803264,4
30500657_MinPolqaSfbRecording_cut.wav,2.75,0.957427108,0.938278566,4
30075385_MinPolqaSfbRecording_cut.wav,3.75,0.957427108,0.938278566,4
30483575_MinPolqaSfbRecording_cut.wav,2.25,1.5,1.47,4
28366791_MinPolqaSfbRecording_cut.wav,3.5,1.0,0.98,4
29533827_MinPolqaSfbRecording_cut.wav,4.25,0.5,0.49,4
28177371_MinPolqaSfbRecording_cut.wav,4.0,0.816496581,0.800166649,4
30188975_MinPolqaSfbRecording_cut.wav,2.75,0.957427108,0.938278566,4
30426518_MinPolqaSfbRecording_cut.wav,3.5,0.577350269,0.565803264,4
30509534_MinPolqaSfbRecording_cut.wav,2.75,0.957427108,0.938278566,4
30141228_MinPolqaSfbRecording_cut.wav,3.25,0.5,0.49,4
30184230_MinPolqaSfbRecording_cut.wav,2.75,1.5,1.47,4
30081114_MinPolqaSfbRecording_cut.wav,4.5,0.577350269,0.565803264,4
30407358_MinPolqaSfbRecording_cut.wav,2.75,0.957427108,0.938278566,4
28716978_MinPolqaSfbRecording_cut.wav,4.25,0.957427108,0.938278566,4
30469324_MinPolqaSfbRecording_cut.wav,4.25,0.5,0.49,4
30528386_MinPolqaSfbRecording_cut.wav,3.5,0.577350269,0.565803264,4
30519941_MinPolqaSfbRecording_cut.wav,4.0,0.816496581,0.800166649,4
30421650_MinPolqaSfbRecording_cut.wav,3.2,0.836660027,0.733364848,5
30138002_MinPolqaSfbRecording_cut.wav,2.4,1.140175425,0.999407825,5
30178520_MinPolqaSfbRecording_cut.wav,2.8,1.483239697,1.300116918,5
30520103_MinPolqaSfbRecording_cut.wav,2.6,1.140175425,0.999407825,5
28839722_MinPolqaSfbRecording_cut.wav,3.4,0.894427191,0.784,5
30193569_MinPolqaSfbRecording_cut.wav,3.0,1.224744871,1.073536213,5
30255078_MinPolqaSfbRecording_cut.wav,3.2,0.447213595,0.392,5
30497443_MinPolqaSfbRecording_cut.wav,3.8,0.836660027,0.733364848,5
30530344_MinPolqaSfbRecording_cut.wav,2.8,0.836660027,0.733364848,5
30137158_MinPolqaSfbRecording_cut.wav,3.8,0.447213595,0.392,5
30424582_MinPolqaSfbRecording_cut.wav,3.6,0.894427191,0.784,5
30491412_MinPolqaSfbRecording_cut.wav,3.0,1.224744871,1.073536213,5
30436731_MinPolqaSfbRecording_cut.wav,3.6,0.547722558,0.48009999,5
30060526_MinPolqaSfbRecording_cut.wav,4.6,0.547722558,0.48009999,5
28228108_MinPolqaSfbRecording_cut.wav,3.6,0.547722558,0.48009999,5
30195499_MinPolqaSfbRecording_cut.wav,2.75,1.258305739,1.233139624,4
28318772_MinPolqaSfbRecording_cut.wav,4.0,0.816496581,0.800166649,4
30059942_MinPolqaSfbRecording_cut.wav,3.0,0.816496581,0.800166649,4
30201671_MinPolqaSfbRecording_cut.wav,1.75,0.5,0.49,4
28170367_MinPolqaSfbRecording_cut.wav,2.75,0.5,0.49,4
30161428_MinPolqaSfbRecording_cut.wav,3.0,0.0,0.0,4
28716102_MinPolqaSfbRecording_cut.wav,4.5,0.577350269,0.565803264,4
30250985_MinPolqaSfbRecording_cut.wav,3.4,0.547722558,0.48009999,5
30066588_MinPolqaSfbRecording_cut.wav,4.0,0.707106781,0.619806421,5
30075172_MinPolqaSfbRecording_cut.wav,4.0,1.0,0.876538647,5
28995098_MinPolqaSfbRecording_cut.wav,3.8,0.836660027,0.733364848,5
28349948_MinPolqaSfbRecording_cut.wav,4.4,0.547722558,0.48009999,5
28012646_MinPolqaSfbRecording_cut.wav,4.0,0.707106781,0.619806421,5
30505912_MinPolqaSfbRecording_cut.wav,4.0,1.0,0.876538647,5
30511008_MinPolqaSfbRecording_cut.wav,4.0,0.707106781,0.619806421,5
30442449_MinPolqaSfbRecording_cut.wav,3.0,1.0,1.131606528,3
30473940_MinPolqaSfbRecording_cut.wav,2.0,1.0,1.131606528,3
30183124_MinPolqaSfbRecording_cut.wav,4.333333333,0.577350269,0.653333333,3
27721022_MinPolqaSfbRecording_cut.wav,4.0,0.0,0.0,3
30193210_MinPolqaSfbRecording_cut.wav,4.333333333,1.154700538,1.306666667,3
30461874_MinPolqaSfbRecording_cut.wav,3.0,0.0,0.0,3
30160715_MinPolqaSfbRecording_cut.wav,4.333333333,0.577350269,0.653333333,3
30113558_MinPolqaSfbRecording_cut.wav,4.666666667,0.577350269,0.653333333,3
30439067_MinPolqaSfbRecording_cut.wav,4.0,1.0,1.131606528,3
30510450_MinPolqaSfbRecording_cut.wav,2.666666667,1.527525232,1.728557523,3
29532699_MinPolqaSfbRecording_cut.wav,3.666666667,0.577350269,0.653333333,3
30185444_MinPolqaSfbRecording_cut.wav,3.333333333,1.527525232,1.728557523,3
30468019_MinPolqaSfbRecording_cut.wav,3.666666667,1.527525232,1.728557523,3
30251177_MinPolqaSfbRecording_cut.wav,3.666666667,0.577350269,0.653333333,3
30404396_MinPolqaSfbRecording_cut.wav,4.333333333,0.577350269,0.653333333,3
28103358_MinPolqaSfbRecording_cut.wav,4.333333333,0.577350269,0.653333333,3
30083627_MinPolqaSfbRecording_cut.wav,2.333333333,1.527525232,1.728557523,3
30166480_MinPolqaSfbRecording_cut.wav,4.0,1.0,1.131606528,3
27676654_MinPolqaSfbRecording_cut.wav,5.0,0.0,0.0,3
30070815_MinPolqaSfbRecording_cut.wav,4.0,1.732050808,1.96,3
30172432_MinPolqaSfbRecording_cut.wav,3.666666667,1.154700538,1.306666667,3
30470463_MinPolqaSfbRecording_cut.wav,4.0,1.0,1.131606528,3
30065298_MinPolqaSfbRecording_cut.wav,3.333333333,0.577350269,0.653333333,3
30529822_MinPolqaSfbRecording_cut.wav,4.0,1.0,1.131606528,3
28104764_MinPolqaSfbRecording_cut.wav,4.333333333,0.577350269,0.653333333,3
28742862_MinPolqaSfbRecording_cut.wav,3.75,0.5,0.49,4
30531071_MinPolqaSfbRecording_cut.wav,2.0,1.414213562,1.385929291,4
30182582_MinPolqaSfbRecording_cut.wav,2.25,1.892969449,1.85511006,4
30519755_MinPolqaSfbRecording_cut.wav,2.5,1.0,0.98,4
27652345_MinPolqaSfbRecording_cut.wav,4.25,0.957427108,0.938278566,4
30193413_MinPolqaSfbRecording_cut.wav,4.5,0.577350269,0.565803264,4
28541634_MinPolqaSfbRecording_cut.wav,4.5,0.577350269,0.565803264,4
27657046_MinPolqaSfbRecording_cut.wav,3.75,0.957427108,0.938278566,4
25643502_MinPolqaSfbRecording_cut.wav,4.4,0.894427191,0.784,5
29533808_MinPolqaSfbRecording_cut.wav,2.6,1.341640786,1.176,5
29039479_MinPolqaSfbRecording_cut.wav,3.6,1.673320053,1.466729696,5
30528520_MinPolqaSfbRecording_cut.wav,3.2,1.303840481,1.142866571,5
28305587_MinPolqaSfbRecording_cut.wav,4.6,0.547722558,0.48009999,5
28615961_MinPolqaSfbRecording_cut.wav,3.6,1.516575089,1.329336677,5
30403478_MinPolqaSfbRecording_cut.wav,3.2,1.483239697,1.300116918,5
30181258_MinPolqaSfbRecording_cut.wav,3.2,1.643167673,1.440299969,5
30083666_MinPolqaSfbRecording_cut.wav,3.0,1.0,0.876538647,5
30457850_MinPolqaSfbRecording_cut.wav,3.8,1.643167673,1.440299969,5
28195607_MinPolqaSfbRecording_cut.wav,4.0,0.816496581,0.800166649,4
30469024_MinPolqaSfbRecording_cut.wav,3.0,0.816496581,0.800166649,4
30462482_MinPolqaSfbRecording_cut.wav,3.0,0.816496581,0.800166649,4
30529170_MinPolqaSfbRecording_cut.wav,3.0,0.0,0.0,4
30449375_MinPolqaSfbRecording_cut.wav,3.5,1.0,0.98,4
30075425_MinPolqaSfbRecording_cut.wav,3.25,0.957427108,0.938278566,4
30103775_MinPolqaSfbRecording_cut.wav,2.75,0.957427108,0.938278566,4
30148382_MinPolqaSfbRecording_cut.wav,4.333333333,0.577350269,0.653333333,3
30466507_MinPolqaSfbRecording_cut.wav,4.333333333,0.577350269,0.653333333,3
28898230_MinPolqaSfbRecording_cut.wav,4.333333333,1.154700538,1.306666667,3
30472751_MinPolqaSfbRecording_cut.wav,3.333333333,1.527525232,1.728557523,3
30140844_MinPolqaSfbRecording_cut.wav,4.0,0.0,0.0,3
30204847_MinPolqaSfbRecording_cut.wav,4.333333333,0.577350269,0.653333333,3
30469665_MinPolqaSfbRecording_cut.wav,3.666666667,0.577350269,0.653333333,3
30516788_MinPolqaSfbRecording_cut.wav,2.6,0.894427191,0.784,5
30149064_MinPolqaSfbRecording_cut.wav,2.8,1.788854382,1.568,5
30194026_MinPolqaSfbRecording_cut.wav,3.0,1.414213562,1.239612843,5
30257425_MinPolqaSfbRecording_cut.wav,2.2,1.643167673,1.440299969,5
28238972_MinPolqaSfbRecording_cut.wav,4.6,0.894427191,0.784,5
30087246_MinPolqaSfbRecording_cut.wav,2.6,1.673320053,1.466729696,5
30488172_MinPolqaSfbRecording_cut.wav,3.75,0.957427108,0.938278566,4
30261528_MinPolqaSfbRecording_cut.wav,3.5,1.290994449,1.26517456,4
28982153_MinPolqaSfbRecording_cut.wav,4.25,0.5,0.49,4
30180776_MinPolqaSfbRecording_cut.wav,2.0,1.414213562,1.385929291,4
30210868_MinPolqaSfbRecording_cut.wav,4.0,0.816496581,0.800166649,4
30439192_MinPolqaSfbRecording_cut.wav,2.5,1.732050808,1.697409791,4
30400528_MinPolqaSfbRecording_cut.wav,1.75,1.5,1.47,4
30067340_MinPolqaSfbRecording_cut.wav,2.75,1.258305739,1.233139624,4
30263870_MinPolqaSfbRecording_cut.wav,3.25,1.5,1.47,4
30491249_MinPolqaSfbRecording_cut.wav,4.25,0.5,0.49,4
30404358_MinPolqaSfbRecording_cut.wav,4.25,0.5,0.49,4
30161165_MinPolqaSfbRecording_cut.wav,4.25,0.5,0.49,4
30133959_MinPolqaSfbRecording_cut.wav,3.75,0.957427108,0.938278566,4
30142594_MinPolqaSfbRecording_cut.wav,2.75,0.957427108,0.938278566,4
30483565_MinPolqaSfbRecording_cut.wav,4.0,1.154700538,1.131606528,4
30176382_MinPolqaSfbRecording_cut.wav,3.4,0.894427191,0.784,5
29020661_MinPolqaSfbRecording_cut.wav,4.2,0.836660027,0.733364848,5
30186252_MinPolqaSfbRecording_cut.wav,4.0,1.0,0.876538647,5
30437232_MinPolqaSfbRecording_cut.wav,3.6,1.140175425,0.999407825,5
30156521_MinPolqaSfbRecording_cut.wav,4.0,1.0,0.876538647,5
28289137_MinPolqaSfbRecording_cut.wav,4.0,0.707106781,0.619806421,5
30502434_MinPolqaSfbRecording_cut.wav,3.4,0.547722558,0.48009999,5
30426872_MinPolqaSfbRecording_cut.wav,4.4,0.894427191,0.784,5
30508334_MinPolqaSfbRecording_cut.wav,2.5,1.732050808,1.697409791,4
30065372_MinPolqaSfbRecording_cut.wav,3.5,1.0,0.98,4
27601985_MinPolqaSfbRecording_cut.wav,3.75,1.258305739,1.233139624,4
30467878_MinPolqaSfbRecording_cut.wav,3.25,0.957427108,0.938278566,4
30091801_MinPolqaSfbRecording_cut.wav,2.75,1.5,1.47,4
30493981_MinPolqaSfbRecording_cut.wav,3.75,1.258305739,1.233139624,4
27840637_MinPolqaSfbRecording_cut.wav,3.75,1.258305739,1.233139624,4
30174797_MinPolqaSfbRecording_cut.wav,3.25,0.957427108,0.938278566,4
30081770_MinPolqaSfbRecording_cut.wav,3.5,1.290994449,1.26517456,4
30142104_MinPolqaSfbRecording_cut.wav,3.6,1.140175425,0.999407825,5
30252803_MinPolqaSfbRecording_cut.wav,3.0,1.0,0.876538647,5
30121779_MinPolqaSfbRecording_cut.wav,3.6,1.516575089,1.329336677,5
30195372_MinPolqaSfbRecording_cut.wav,4.0,1.0,0.876538647,5
30491341_MinPolqaSfbRecording_cut.wav,3.0,1.58113883,1.385929291,5
30503104_MinPolqaSfbRecording_cut.wav,3.0,1.414213562,1.239612843,5
30249468_MinPolqaSfbRecording_cut.wav,3.8,0.836660027,0.733364848,5
30438856_MinPolqaSfbRecording_cut.wav,3.8,0.836660027,0.733364848,5
30141031_MinPolqaSfbRecording_cut.wav,3.8,0.836660027,0.733364848,5
30260704_MinPolqaSfbRecording_cut.wav,2.6,1.516575089,1.329336677,5
30101115_MinPolqaSfbRecording_cut.wav,4.666666667,0.577350269,0.653333333,3
28667307_MinPolqaSfbRecording_cut.wav,4.333333333,0.577350269,0.653333333,3
30206545_MinPolqaSfbRecording_cut.wav,3.666666667,0.577350269,0.653333333,3
27730929_MinPolqaSfbRecording_cut.wav,4.333333333,0.577350269,0.653333333,3
28473430_MinPolqaSfbRecording_cut.wav,4.666666667,0.577350269,0.653333333,3
28561497_MinPolqaSfbRecording_cut.wav,4.666666667,0.577350269,0.653333333,3
30099515_MinPolqaSfbRecording_cut.wav,3.5,0.577350269,0.565803264,4
30180317_MinPolqaSfbRecording_cut.wav,3.0,1.154700538,1.131606528,4
30080269_MinPolqaSfbRecording_cut.wav,3.75,0.5,0.49,4
28819552_MinPolqaSfbRecording_cut.wav,3.75,0.5,0.49,4
30400815_MinPolqaSfbRecording_cut.wav,2.0,0.816496581,0.800166649,4
30479635_MinPolqaSfbRecording_cut.wav,3.25,0.5,0.49,4
30478480_MinPolqaSfbRecording_cut.wav,2.75,0.5,0.49,4
30462959_MinPolqaSfbRecording_cut.wav,4.25,0.5,0.49,4
29542108_MinPolqaSfbRecording_cut.wav,1.0,0.0,0.0,4
30200255_MinPolqaSfbRecording_cut.wav,3.25,1.707825128,1.673668625,4
27969851_MinPolqaSfbRecording_cut.wav,4.0,0.816496581,0.800166649,4
27657906_MinPolqaSfbRecording_cut.wav,3.5,1.290994449,1.26517456,4
30257102_MinPolqaSfbRecording_cut.wav,3.25,1.5,1.47,4
29053144_MinPolqaSfbRecording_cut.wav,3.75,1.258305739,1.233139624,4
30090872_MinPolqaSfbRecording_cut.wav,2.5,1.290994449,1.26517456,4
30446278_MinPolqaSfbRecording_cut.wav,3.5,1.290994449,1.26517456,4
27904725_MinPolqaSfbRecording_cut.wav,4.25,0.5,0.49,4
28042040_MinPolqaSfbRecording_cut.wav,3.333333333,0.577350269,0.653333333,3
30207473_MinPolqaSfbRecording_cut.wav,3.666666667,1.154700538,1.306666667,3
30130821_MinPolqaSfbRecording_cut.wav,3.333333333,0.577350269,0.653333333,3
30159758_MinPolqaSfbRecording_cut.wav,3.666666667,0.577350269,0.653333333,3
30436751_MinPolqaSfbRecording_cut.wav,2.666666667,0.577350269,0.653333333,3
30112728_MinPolqaSfbRecording_cut.wav,3.333333333,0.577350269,0.653333333,3
28255639_MinPolqaSfbRecording_cut.wav,4.333333333,0.577350269,0.653333333,3
27814186_MinPolqaSfbRecording_cut.wav,3.333333333,0.577350269,0.653333333,3
30064786_MinPolqaSfbRecording_cut.wav,3.4,1.140175425,0.999407825,5
30247771_MinPolqaSfbRecording_cut.wav,2.4,1.140175425,0.999407825,5
30486836_MinPolqaSfbRecording_cut.wav,2.6,1.516575089,1.329336677,5
28759165_MinPolqaSfbRecording_cut.wav,4.4,0.547722558,0.48009999,5
30465909_MinPolqaSfbRecording_cut.wav,3.8,0.836660027,0.733364848,5
30464038_MinPolqaSfbRecording_cut.wav,3.4,1.140175425,0.999407825,5
30193929_MinPolqaSfbRecording_cut.wav,2.4,1.140175425,0.999407825,5
30431362_MinPolqaSfbRecording_cut.wav,2.6,1.673320053,1.466729696,5
30175351_MinPolqaSfbRecording_cut.wav,2.25,1.258305739,1.233139624,4
30139276_MinPolqaSfbRecording_cut.wav,3.5,0.577350269,0.565803264,4
30508149_MinPolqaSfbRecording_cut.wav,3.75,0.5,0.49,4
30132824_MinPolqaSfbRecording_cut.wav,1.25,0.5,0.49,4
30068900_MinPolqaSfbRecording_cut.wav,3.5,0.577350269,0.565803264,4
30446219_MinPolqaSfbRecording_cut.wav,3.5,1.0,0.98,4
30152191_MinPolqaSfbRecording_cut.wav,2.0,1.154700538,1.131606528,4
30105399_MinPolqaSfbRecording_cut.wav,3.75,0.5,0.49,4
30069903_MinPolqaSfbRecording_cut.wav,3.75,0.5,0.49,4
30185018_MinPolqaSfbRecording_cut.wav,3.5,0.577350269,0.565803264,4
30137137_MinPolqaSfbRecording_cut.wav,2.75,0.5,0.49,4
30514164_MinPolqaSfbRecording_cut.wav,2.25,0.957427108,0.938278566,4
30463039_MinPolqaSfbRecording_cut.wav,2.5,1.0,0.98,4
30174513_MinPolqaSfbRecording_cut.wav,2.75,1.5,1.47,4
30100231_MinPolqaSfbRecording_cut.wav,3.75,1.258305739,1.233139624,4
30429357_MinPolqaSfbRecording_cut.wav,2.0,0.816496581,0.800166649,4
30137578_MinPolqaSfbRecording_cut.wav,3.0,0.816496581,0.800166649,4
27759028_MinPolqaSfbRecording_cut.wav,4.5,0.577350269,0.565803264,4
28336822_MinPolqaSfbRecording_cut.wav,4.5,0.577350269,0.565803264,4
29535083_MinPolqaSfbRecording_cut.wav,4.0,0.0,0.0,4
27802474_MinPolqaSfbRecording_cut.wav,3.75,0.957427108,0.938278566,4
30129422_MinPolqaSfbRecording_cut.wav,3.5,1.0,0.98,4
30120950_MinPolqaSfbRecording_cut.wav,2.5,1.0,0.98,4
28705482_MinPolqaSfbRecording_cut.wav,4.25,0.5,0.49,4
29540096_MinPolqaSfbRecording_cut.wav,3.5,1.0,0.98,4
30416552_MinPolqaSfbRecording_cut.wav,2.75,0.957427108,0.938278566,4
28971605_MinPolqaSfbRecording_cut.wav,2.75,0.957427108,0.938278566,4
30425506_MinPolqaSfbRecording_cut.wav,3.2,0.836660027,0.733364848,5
30482179_MinPolqaSfbRecording_cut.wav,3.8,0.447213595,0.392,5
30097298_MinPolqaSfbRecording_cut.wav,4.4,0.894427191,0.784,5
30424267_MinPolqaSfbRecording_cut.wav,3.4,0.547722558,0.48009999,5
28017620_MinPolqaSfbRecording_cut.wav,3.8,0.447213595,0.392,5
30142603_MinPolqaSfbRecording_cut.wav,4.2,0.447213595,0.392,5
30454502_MinPolqaSfbRecording_cut.wav,2.2,0.836660027,0.733364848,5
28464595_MinPolqaSfbRecording_cut.wav,4.6,0.547722558,0.48009999,5
30493489_MinPolqaSfbRecording_cut.wav,4.4,0.894427191,0.784,5
29535389_MinPolqaSfbRecording_cut.wav,2.4,1.140175425,0.999407825,5
30421465_MinPolqaSfbRecording_cut.wav,2.4,1.140175425,0.999407825,5
30515945_MinPolqaSfbRecording_cut.wav,3.0,0.707106781,0.619806421,5
30208495_MinPolqaSfbRecording_cut.wav,2.4,1.673320053,1.466729696,5
30061022_MinPolqaSfbRecording_cut.wav,3.8,0.836660027,0.733364848,5
30504439_MinPolqaSfbRecording_cut.wav,2.0,1.414213562,1.96,2
29537167_MinPolqaSfbRecording_cut.wav,3.5,0.707106781,0.98,2
30530779_MinPolqaSfbRecording_cut.wav,3.5,0.707106781,0.98,2
27974645_MinPolqaSfbRecording_cut.wav,4.0,1.414213562,1.96,2
30172381_MinPolqaSfbRecording_cut.wav,2.0,0.0,0.0,2
30263163_MinPolqaSfbRecording_cut.wav,3.0,0.0,0.0,2
30478183_MinPolqaSfbRecording_cut.wav,1.0,0.0,0.0,2
30523245_MinPolqaSfbRecording_cut.wav,2.5,0.707106781,0.98,2
30494036_MinPolqaSfbRecording_cut.wav,4.0,1.414213562,1.96,2
30184135_MinPolqaSfbRecording_cut.wav,4.0,0.816496581,0.800166649,4
27906908_MinPolqaSfbRecording_cut.wav,3.75,0.5,0.49,4
30470937_MinPolqaSfbRecording_cut.wav,3.0,1.154700538,1.131606528,4
30520451_MinPolqaSfbRecording_cut.wav,2.5,1.732050808,1.697409791,4
30485384_MinPolqaSfbRecording_cut.wav,4.0,0.816496581,0.800166649,4
27912173_MinPolqaSfbRecording_cut.wav,4.75,0.5,0.49,4
30098146_MinPolqaSfbRecording_cut.wav,4.5,0.577350269,0.565803264,4
30071220_MinPolqaSfbRecording_cut.wav,3.25,0.957427108,0.938278566,4
30066296_MinPolqaSfbRecording_cut.wav,4.0,0.816496581,0.800166649,4
30166940_MinPolqaSfbRecording_cut.wav,4.0,0.816496581,0.800166649,4
27645224_MinPolqaSfbRecording_cut.wav,4.25,0.957427108,0.938278566,4
27922673_MinPolqaSfbRecording_cut.wav,4.25,0.957427108,0.938278566,4
27786863_MinPolqaSfbRecording_cut.wav,4.25,0.957427108,0.938278566,4
30197412_MinPolqaSfbRecording_cut.wav,2.5,1.0,0.98,4
30425814_MinPolqaSfbRecording_cut.wav,3.25,1.5,1.47,4
30502097_MinPolqaSfbRecording_cut.wav,3.75,0.957427108,0.938278566,4
30206535_MinPolqaSfbRecording_cut.wav,4.0,0.816496581,0.800166649,4
30249207_MinPolqaSfbRecording_cut.wav,3.0,0.0,0.0,3
30141607_MinPolqaSfbRecording_cut.wav,4.0,1.0,1.131606528,3
30491393_MinPolqaSfbRecording_cut.wav,2.666666667,0.577350269,0.653333333,3
30263910_MinPolqaSfbRecording_cut.wav,1.0,0.0,0.0,3
30095943_MinPolqaSfbRecording_cut.wav,4.333333333,1.154700538,1.306666667,3
30109547_MinPolqaSfbRecording_cut.wav,1.333333333,0.577350269,0.653333333,3
30071491_MinPolqaSfbRecording_cut.wav,4.666666667,0.577350269,0.653333333,3
30501763_MinPolqaSfbRecording_cut.wav,2.666666667,0.577350269,0.653333333,3
30067224_MinPolqaSfbRecording_cut.wav,1.666666667,1.154700538,1.306666667,3
28181781_MinPolqaSfbRecording_cut.wav,4.0,1.0,1.131606528,3
30458591_MinPolqaSfbRecording_cut.wav,2.75,1.5,1.47,4
30437345_MinPolqaSfbRecording_cut.wav,2.5,1.290994449,1.26517456,4
28879576_MinPolqaSfbRecording_cut.wav,4.0,0.816496581,0.800166649,4
30258489_MinPolqaSfbRecording_cut.wav,4.25,0.5,0.49,4
27522561_MinPolqaSfbRecording_cut.wav,4.25,0.5,0.49,4
27970339_MinPolqaSfbRecording_cut.wav,4.5,0.577350269,0.565803264,4
30157672_MinPolqaSfbRecording_cut.wav,3.0,1.154700538,1.131606528,4
30165994_MinPolqaSfbRecording_cut.wav,3.75,0.957427108,0.938278566,4
30130866_MinPolqaSfbRecording_cut.wav,3.25,1.258305739,1.233139624,4
30063181_MinPolqaSfbRecording_cut.wav,2.0,1.0,0.876538647,5
29537400_MinPolqaSfbRecording_cut.wav,3.2,0.447213595,0.392,5
27783653_MinPolqaSfbRecording_cut.wav,3.2,0.836660027,0.733364848,5
27798267_MinPolqaSfbRecording_cut.wav,3.4,0.547722558,0.48009999,5
28182139_MinPolqaSfbRecording_cut.wav,2.6,1.140175425,0.999407825,5
30177832_MinPolqaSfbRecording_cut.wav,2.0,1.414213562,1.239612843,5
30492180_MinPolqaSfbRecording_cut.wav,2.2,1.095445115,0.960199979,5
27750707_MinPolqaSfbRecording_cut.wav,4.8,0.447213595,0.392,5
30059380_MinPolqaSfbRecording_cut.wav,4.0,0.0,0.0,5
30524160_MinPolqaSfbRecording_cut.wav,3.0,0.707106781,0.619806421,5
30061770_MinPolqaSfbRecording_cut.wav,3.8,0.447213595,0.392,5
30456125_MinPolqaSfbRecording_cut.wav,3.0,1.224744871,1.073536213,5
27788462_MinPolqaSfbRecording_cut.wav,4.8,0.447213595,0.392,5
30068458_MinPolqaSfbRecording_cut.wav,3.4,0.547722558,0.48009999,5
30421593_MinPolqaSfbRecording_cut.wav,2.6,1.140175425,0.999407825,5
30145239_MinPolqaSfbRecording_cut.wav,4.4,0.547722558,0.48009999,5
27851321_MinPolqaSfbRecording_cut.wav,3.75,0.957427108,0.938278566,4
27625127_MinPolqaSfbRecording_cut.wav,4.25,0.5,0.49,4
30071776_MinPolqaSfbRecording_cut.wav,3.75,0.957427108,0.938278566,4
30469622_MinPolqaSfbRecording_cut.wav,3.0,1.154700538,1.131606528,4
30501927_MinPolqaSfbRecording_cut.wav,4.0,1.414213562,1.385929291,4
30186591_MinPolqaSfbRecording_cut.wav,3.0,1.154700538,1.131606528,4
30132068_MinPolqaSfbRecording_cut.wav,3.0,1.0,1.131606528,3
27718855_MinPolqaSfbRecording_cut.wav,4.0,1.0,1.131606528,3
27927637_MinPolqaSfbRecording_cut.wav,3.666666667,0.577350269,0.653333333,3
30491417_MinPolqaSfbRecording_cut.wav,4.333333333,0.577350269,0.653333333,3
30095434_MinPolqaSfbRecording_cut.wav,4.333333333,0.577350269,0.653333333,3
30505874_MinPolqaSfbRecording_cut.wav,3.666666667,0.577350269,0.653333333,3
27757937_MinPolqaSfbRecording_cut.wav,4.0,1.0,1.131606528,3
30126742_MinPolqaSfbRecording_cut.wav,4.666666667,0.577350269,0.653333333,3
30174723_MinPolqaSfbRecording_cut.wav,3.5,0.577350269,0.565803264,4
27678641_MinPolqaSfbRecording_cut.wav,3.75,0.5,0.49,4
27702877_MinPolqaSfbRecording_cut.wav,3.75,0.5,0.49,4
30530817_MinPolqaSfbRecording_cut.wav,2.25,0.5,0.49,4
27709452_MinPolqaSfbRecording_cut.wav,4.0,0.816496581,0.800166649,4
30075739_MinPolqaSfbRecording_cut.wav,4.0,0.816496581,0.800166649,4
30470080_MinPolqaSfbRecording_cut.wav,1.5,1.0,0.98,4
29533323_MinPolqaSfbRecording_cut.wav,4.0,0.0,0.0,4
27874246_MinPolqaSfbRecording_cut.wav,4.0,0.816496581,0.800166649,4
28957375_MinPolqaSfbRecording_cut.wav,4.5,0.577350269,0.565803264,4
28777026_MinPolqaSfbRecording_cut.wav,4.0,0.0,0.0,4
30260969_MinPolqaSfbRecording_cut.wav,3.5,1.0,0.98,4
30164298_MinPolqaSfbRecording_cut.wav,3.5,0.577350269,0.565803264,4
30178111_MinPolqaSfbRecording_cut.wav,3.25,0.957427108,0.938278566,4
28152539_MinPolqaSfbRecording_cut.wav,4.0,0.707106781,0.619806421,5
30438637_MinPolqaSfbRecording_cut.wav,2.4,1.516575089,1.329336677,5
30437486_MinPolqaSfbRecording_cut.wav,3.2,1.303840481,1.142866571,5
30428923_MinPolqaSfbRecording_cut.wav,3.4,0.547722558,0.48009999,5
30436675_MinPolqaSfbRecording_cut.wav,4.2,0.836660027,0.733364848,5
28860721_MinPolqaSfbRecording_cut.wav,4.2,0.836660027,0.733364848,5
30194326_MinPolqaSfbRecording_cut.wav,3.6,0.894427191,0.784,5
30096490_MinPolqaSfbRecording_cut.wav,2.0,1.0,0.876538647,5
30493054_MinPolqaSfbRecording_cut.wav,2.8,0.836660027,0.733364848,5
30511888_MinPolqaSfbRecording_cut.wav,3.0,1.0,0.876538647,5
30146855_MinPolqaSfbRecording_cut.wav,3.2,1.095445115,0.960199979,5
30157057_MinPolqaSfbRecording_cut.wav,4.0,1.0,0.876538647,5
30492819_MinPolqaSfbRecording_cut.wav,3.8,0.447213595,0.392,5
29532687_MinPolqaSfbRecording_cut.wav,3.4,0.547722558,0.48009999,5
30521038_MinPolqaSfbRecording_cut.wav,3.6,1.140175425,0.999407825,5
30529388_MinPolqaSfbRecording_cut.wav,3.4,0.894427191,0.784,5
30205586_MinPolqaSfbRecording_cut.wav,2.8,0.836660027,0.733364848,5
30408257_MinPolqaSfbRecording_cut.wav,3.8,0.447213595,0.392,5
28693348_MinPolqaSfbRecording_cut.wav,4.75,0.5,0.49,4
30166291_MinPolqaSfbRecording_cut.wav,4.25,0.957427108,0.938278566,4
28422380_MinPolqaSfbRecording_cut.wav,3.75,1.892969449,1.85511006,4
28759120_MinPolqaSfbRecording_cut.wav,4.0,0.816496581,0.800166649,4
30430164_MinPolqaSfbRecording_cut.wav,4.0,0.0,0.0,4
28120315_MinPolqaSfbRecording_cut.wav,4.5,0.577350269,0.565803264,4
28518448_MinPolqaSfbRecording_cut.wav,4.0,0.816496581,0.800166649,4
28040884_MinPolqaSfbRecording_cut.wav,4.0,0.0,0.0,4
30253440_MinPolqaSfbRecording_cut.wav,3.333333333,0.577350269,0.653333333,3
30211519_MinPolqaSfbRecording_cut.wav,4.0,1.0,1.131606528,3
27856252_MinPolqaSfbRecording_cut.wav,4.0,0.0,0.0,3
30177284_MinPolqaSfbRecording_cut.wav,4.333333333,0.577350269,0.653333333,3
30076652_MinPolqaSfbRecording_cut.wav,4.0,0.0,0.0,3
30253074_MinPolqaSfbRecording_cut.wav,3.0,1.0,1.131606528,3
30513304_MinPolqaSfbRecording_cut.wav,3.666666667,1.154700538,1.306666667,3
30513868_MinPolqaSfbRecording_cut.wav,3.333333333,1.154700538,1.306666667,3
30430495_MinPolqaSfbRecording_cut.wav,2.666666667,0.577350269,0.653333333,3
27687360_MinPolqaSfbRecording_cut.wav,3.666666667,0.577350269,0.653333333,3
30182663_MinPolqaSfbRecording_cut.wav,4.0,1.0,1.131606528,3
30060525_MinPolqaSfbRecording_cut.wav,4.333333333,0.577350269,0.653333333,3
28893598_MinPolqaSfbRecording_cut.wav,4.333333333,0.577350269,0.653333333,3
30433773_MinPolqaSfbRecording_cut.wav,3.666666667,1.154700538,1.306666667,3
30207216_MinPolqaSfbRecording_cut.wav,1.666666667,1.154700538,1.306666667,3
30530267_MinPolqaSfbRecording_cut.wav,2.0,1.0,1.131606528,3
30120873_MinPolqaSfbRecording_cut.wav,4.333333333,0.577350269,0.653333333,3
30488246_MinPolqaSfbRecording_cut.wav,3.333333333,1.527525232,1.728557523,3
28267127_MinPolqaSfbRecording_cut.wav,4.0,1.0,1.131606528,3
30211142_MinPolqaSfbRecording_cut.wav,3.2,0.447213595,0.392,5
30139359_MinPolqaSfbRecording_cut.wav,3.4,0.894427191,0.784,5
30154429_MinPolqaSfbRecording_cut.wav,3.2,0.447213595,0.392,5
30527575_MinPolqaSfbRecording_cut.wav,3.4,1.140175425,0.999407825,5
30519284_MinPolqaSfbRecording_cut.wav,2.4,0.894427191,0.784,5
30073474_MinPolqaSfbRecording_cut.wav,1.6,0.547722558,0.48009999,5
30482589_MinPolqaSfbRecording_cut.wav,3.25,0.5,0.49,4
30503073_MinPolqaSfbRecording_cut.wav,2.5,1.0,0.98,4
30407687_MinPolqaSfbRecording_cut.wav,3.5,0.577350269,0.565803264,4
28587783_MinPolqaSfbRecording_cut.wav,3.75,0.5,0.49,4
30095429_MinPolqaSfbRecording_cut.wav,4.25,0.5,0.49,4
28781486_MinPolqaSfbRecording_cut.wav,4.0,0.816496581,0.800166649,4
28964334_MinPolqaSfbRecording_cut.wav,4.0,0.816496581,0.800166649,4
27583795_MinPolqaSfbRecording_cut.wav,4.25,0.957427108,0.938278566,4
30158097_MinPolqaSfbRecording_cut.wav,3.75,0.957427108,0.938278566,4
27723766_MinPolqaSfbRecording_cut.wav,4.75,0.5,0.49,4
30117951_MinPolqaSfbRecording_cut.wav,4.0,0.816496581,0.800166649,4
30174795_MinPolqaSfbRecording_cut.wav,4.25,0.957427108,0.938278566,4
30151565_MinPolqaSfbRecording_cut.wav,3.0,1.0,1.131606528,3
30507986_MinPolqaSfbRecording_cut.wav,2.0,1.0,1.131606528,3
28923616_MinPolqaSfbRecording_cut.wav,3.666666667,0.577350269,0.653333333,3
30211432_MinPolqaSfbRecording_cut.wav,4.0,0.0,0.0,3
30423541_MinPolqaSfbRecording_cut.wav,3.0,1.0,1.131606528,3
30214020_MinPolqaSfbRecording_cut.wav,3.0,1.732050808,1.96,3
30433859_MinPolqaSfbRecording_cut.wav,3.0,1.732050808,1.96,3
30507052_MinPolqaSfbRecording_cut.wav,4.2,1.095445115,0.960199979,5
30443742_MinPolqaSfbRecording_cut.wav,3.0,1.58113883,1.385929291,5
30413122_MinPolqaSfbRecording_cut.wav,3.0,1.58113883,1.385929291,5
30413075_MinPolqaSfbRecording_cut.wav,2.4,1.140175425,0.999407825,5
30473284_MinPolqaSfbRecording_cut.wav,3.8,1.303840481,1.142866571,5
28746746_MinPolqaSfbRecording_cut.wav,4.2,0.447213595,0.392,5
30129200_MinPolqaSfbRecording_cut.wav,2.8,1.095445115,0.960199979,5
28919255_MinPolqaSfbRecording_cut.wav,4.6,0.547722558,0.48009999,5
30528863_MinPolqaSfbRecording_cut.wav,3.0,0.816496581,0.800166649,4
30509716_MinPolqaSfbRecording_cut.wav,3.5,1.0,0.98,4
30520520_MinPolqaSfbRecording_cut.wav,3.25,1.258305739,1.233139624,4
30259607_MinPolqaSfbRecording_cut.wav,2.75,0.957427108,0.938278566,4
30087217_MinPolqaSfbRecording_cut.wav,2.5,0.577350269,0.565803264,4
30441768_MinPolqaSfbRecording_cut.wav,2.75,0.957427108,0.938278566,4
29058805_MinPolqaSfbRecording_cut.wav,3.0,0.816496581,0.800166649,4
28039453_MinPolqaSfbRecording_cut.wav,3.75,0.5,0.49,4
29533446_MinPolqaSfbRecording_cut.wav,3.25,0.5,0.49,4
28907457_MinPolqaSfbRecording_cut.wav,4.25,0.957427108,0.938278566,4
30207236_MinPolqaSfbRecording_cut.wav,3.6,0.547722558,0.48009999,5
30090089_MinPolqaSfbRecording_cut.wav,3.8,0.447213595,0.392,5
30069090_MinPolqaSfbRecording_cut.wav,3.8,0.447213595,0.392,5
27858091_MinPolqaSfbRecording_cut.wav,4.4,0.894427191,0.784,5
30168954_MinPolqaSfbRecording_cut.wav,3.4,0.547722558,0.48009999,5
30092732_MinPolqaSfbRecording_cut.wav,4.0,0.0,0.0,5
30523799_MinPolqaSfbRecording_cut.wav,3.4,0.894427191,0.784,5
30060936_MinPolqaSfbRecording_cut.wav,3.6,1.140175425,0.999407825,5
30156166_MinPolqaSfbRecording_cut.wav,3.6,1.140175425,0.999407825,5
30428465_MinPolqaSfbRecording_cut.wav,2.6,1.341640786,1.176,5
30080273_MinPolqaSfbRecording_cut.wav,3.6,0.547722558,0.48009999,5
30128081_MinPolqaSfbRecording_cut.wav,4.2,0.836660027,0.733364848,5
30480305_MinPolqaSfbRecording_cut.wav,3.0,1.0,0.876538647,5
27603894_MinPolqaSfbRecording_cut.wav,4.2,0.447213595,0.392,5
30177651_MinPolqaSfbRecording_cut.wav,2.4,1.140175425,0.999407825,5
30084426_MinPolqaSfbRecording_cut.wav,2.6,0.894427191,0.784,5
27923249_MinPolqaSfbRecording_cut.wav,4.0,1.224744871,1.073536213,5
30254760_MinPolqaSfbRecording_cut.wav,3.2,0.836660027,0.733364848,5
30439883_MinPolqaSfbRecording_cut.wav,3.0,0.707106781,0.619806421,5
30132744_MinPolqaSfbRecording_cut.wav,3.4,0.894427191,0.784,5
28198913_MinPolqaSfbRecording_cut.wav,3.8,0.836660027,0.733364848,5
30206278_MinPolqaSfbRecording_cut.wav,3.6,1.140175425,0.999407825,5
30513956_MinPolqaSfbRecording_cut.wav,3.2,1.095445115,0.960199979,5
30455482_MinPolqaSfbRecording_cut.wav,3.2,1.095445115,0.960199979,5
29529774_MinPolqaSfbRecording_cut.wav,3.6,1.140175425,0.999407825,5
30170017_MinPolqaSfbRecording_cut.wav,4.2,0.836660027,0.733364848,5
30264296_MinPolqaSfbRecording_cut.wav,3.4,1.140175425,0.999407825,5
30086737_MinPolqaSfbRecording_cut.wav,2.6,0.894427191,0.784,5
28755136_MinPolqaSfbRecording_cut.wav,4.4,0.894427191,0.784,5
28215680_MinPolqaSfbRecording_cut.wav,4.0,1.414213562,1.239612843,5
27902581_MinPolqaSfbRecording_cut.wav,4.6,0.547722558,0.48009999,5
30079039_MinPolqaSfbRecording_cut.wav,2.75,0.957427108,0.938278566,4
30488317_MinPolqaSfbRecording_cut.wav,3.5,0.577350269,0.565803264,4
27639394_MinPolqaSfbRecording_cut.wav,4.5,0.577350269,0.565803264,4
30444322_MinPolqaSfbRecording_cut.wav,3.5,0.577350269,0.565803264,4
30501832_MinPolqaSfbRecording_cut.wav,3.5,0.577350269,0.565803264,4
30527155_MinPolqaSfbRecording_cut.wav,3.5,0.577350269,0.565803264,4
30093196_MinPolqaSfbRecording_cut.wav,3.75,0.5,0.49,4
30150586_MinPolqaSfbRecording_cut.wav,2.75,1.5,1.47,4
30415493_MinPolqaSfbRecording_cut.wav,2.0,1.154700538,1.131606528,4
30085942_MinPolqaSfbRecording_cut.wav,4.0,0.0,0.0,4
30481428_MinPolqaSfbRecording_cut.wav,2.25,1.5,1.47,4
30091785_MinPolqaSfbRecording_cut.wav,2.75,0.957427108,0.938278566,4
30118174_MinPolqaSfbRecording_cut.wav,3.25,0.5,0.49,4
30497009_MinPolqaSfbRecording_cut.wav,3.0,0.0,0.0,4
30105565_MinPolqaSfbRecording_cut.wav,3.25,0.5,0.49,4
30508017_MinPolqaSfbRecording_cut.wav,3.0,0.816496581,0.800166649,4
30110376_MinPolqaSfbRecording_cut.wav,4.25,0.5,0.49,4
29543858_MinPolqaSfbRecording_cut.wav,2.75,1.707825128,1.673668625,4
30091910_MinPolqaSfbRecording_cut.wav,2.6,0.547722558,0.48009999,5
30067641_MinPolqaSfbRecording_cut.wav,3.8,0.836660027,0.733364848,5
28553502_MinPolqaSfbRecording_cut.wav,4.0,0.707106781,0.619806421,5
30061033_MinPolqaSfbRecording_cut.wav,2.0,1.224744871,1.073536213,5
30438760_MinPolqaSfbRecording_cut.wav,3.4,0.894427191,0.784,5
30442217_MinPolqaSfbRecording_cut.wav,3.2,0.447213595,0.392,5
30467472_MinPolqaSfbRecording_cut.wav,1.8,0.836660027,0.733364848,5
30128379_MinPolqaSfbRecording_cut.wav,3.333333333,0.577350269,0.653333333,3
30251065_MinPolqaSfbRecording_cut.wav,2.666666667,0.577350269,0.653333333,3
29532752_MinPolqaSfbRecording_cut.wav,2.0,1.732050808,1.96,3
30416240_MinPolqaSfbRecording_cut.wav,3.666666667,0.577350269,0.653333333,3
27946917_MinPolqaSfbRecording_cut.wav,4.0,0.0,0.0,3
30430558_MinPolqaSfbRecording_cut.wav,1.666666667,1.154700538,1.306666667,3
30506335_MinPolqaSfbRecording_cut.wav,3.0,1.732050808,1.96,3
30089656_MinPolqaSfbRecording_cut.wav,2.0,1.0,1.131606528,3
29061301_MinPolqaSfbRecording_cut.wav,4.0,0.0,0.0,3
30150396_MinPolqaSfbRecording_cut.wav,4.2,1.303840481,1.142866571,5
30457269_MinPolqaSfbRecording_cut.wav,2.8,1.788854382,1.568,5
30108502_MinPolqaSfbRecording_cut.wav,2.8,0.836660027,0.733364848,5
30431229_MinPolqaSfbRecording_cut.wav,2.0,1.414213562,1.239612843,5
28761815_MinPolqaSfbRecording_cut.wav,3.8,1.643167673,1.440299969,5
30171480_MinPolqaSfbRecording_cut.wav,1.4,0.547722558,0.48009999,5
30262725_MinPolqaSfbRecording_cut.wav,3.2,1.303840481,1.142866571,5
30152054_MinPolqaSfbRecording_cut.wav,3.8,0.836660027,0.733364848,5
27827569_MinPolqaSfbRecording_cut.wav,2.8,1.095445115,0.960199979,5
30137702_MinPolqaSfbRecording_cut.wav,4.0,0.816496581,0.800166649,4
30425187_MinPolqaSfbRecording_cut.wav,3.25,0.957427108,0.938278566,4
30073671_MinPolqaSfbRecording_cut.wav,2.75,1.258305739,1.233139624,4
29543573_MinPolqaSfbRecording_cut.wav,3.5,0.577350269,0.565803264,4
30186328_MinPolqaSfbRecording_cut.wav,3.5,1.732050808,1.697409791,4
30409982_MinPolqaSfbRecording_cut.wav,3.5,1.0,0.98,4
30514015_MinPolqaSfbRecording_cut.wav,3.75,0.5,0.49,4
30057626_MinPolqaSfbRecording_cut.wav,3.5,1.0,0.98,4
30134065_MinPolqaSfbRecording_cut.wav,2.8,1.643167673,1.440299969,5
30087447_MinPolqaSfbRecording_cut.wav,4.0,0.0,0.0,5
28867518_MinPolqaSfbRecording_cut.wav,3.6,0.547722558,0.48009999,5
30508684_MinPolqaSfbRecording_cut.wav,4.2,0.447213595,0.392,5
30469245_MinPolqaSfbRecording_cut.wav,4.0,0.707106781,0.619806421,5
30174520_MinPolqaSfbRecording_cut.wav,3.6,1.140175425,0.999407825,5
30479051_MinPolqaSfbRecording_cut.wav,2.8,0.836660027,0.733364848,5
27665234_MinPolqaSfbRecording_cut.wav,4.0,0.816496581,0.800166649,4
30060344_MinPolqaSfbRecording_cut.wav,3.25,1.707825128,1.673668625,4
30501059_MinPolqaSfbRecording_cut.wav,3.5,0.577350269,0.565803264,4
30070626_MinPolqaSfbRecording_cut.wav,2.25,1.5,1.47,4
30117609_MinPolqaSfbRecording_cut.wav,2.5,1.290994449,1.26517456,4
30067165_MinPolqaSfbRecording_cut.wav,3.5,0.577350269,0.565803264,4
28224059_MinPolqaSfbRecording_cut.wav,4.25,0.5,0.49,4
28979621_MinPolqaSfbRecording_cut.wav,4.25,0.957427108,0.938278566,4
30070047_MinPolqaSfbRecording_cut.wav,3.25,0.957427108,0.938278566,4
30417239_MinPolqaSfbRecording_cut.wav,4.25,0.957427108,0.938278566,4
30160610_MinPolqaSfbRecording_cut.wav,3.75,0.957427108,0.938278566,4
30202577_MinPolqaSfbRecording_cut.wav,2.75,1.258305739,1.233139624,4
30060655_MinPolqaSfbRecording_cut.wav,3.75,0.957427108,0.938278566,4
28805943_MinPolqaSfbRecording_cut.wav,4.25,0.957427108,0.938278566,4
30173226_MinPolqaSfbRecording_cut.wav,4.25,0.957427108,0.938278566,4
30423900_MinPolqaSfbRecording_cut.wav,2.6,1.140175425,0.999407825,5
30493231_MinPolqaSfbRecording_cut.wav,2.6,1.341640786,1.176,5
28749867_MinPolqaSfbRecording_cut.wav,3.2,1.303840481,1.142866571,5
30066698_MinPolqaSfbRecording_cut.wav,3.6,1.673320053,1.466729696,5
30194998_MinPolqaSfbRecording_cut.wav,3.2,1.303840481,1.142866571,5
30148299_MinPolqaSfbRecording_cut.wav,3.4,0.894427191,0.784,5
28286999_MinPolqaSfbRecording_cut.wav,3.8,0.447213595,0.392,5
30486412_MinPolqaSfbRecording_cut.wav,3.8,1.095445115,0.960199979,5
30530250_MinPolqaSfbRecording_cut.wav,3.4,1.140175425,0.999407825,5
28267631_MinPolqaSfbRecording_cut.wav,4.2,0.836660027,0.733364848,5
30107280_MinPolqaSfbRecording_cut.wav,4.0,0.707106781,0.619806421,5
30489752_MinPolqaSfbRecording_cut.wav,3.2,1.095445115,0.960199979,5
30166349_MinPolqaSfbRecording_cut.wav,3.4,0.547722558,0.48009999,5
30147890_MinPolqaSfbRecording_cut.wav,3.4,0.547722558,0.48009999,5
29542499_MinPolqaSfbRecording_cut.wav,3.6,0.547722558,0.48009999,5
30136401_MinPolqaSfbRecording_cut.wav,3.2,0.447213595,0.392,5
28894537_MinPolqaSfbRecording_cut.wav,3.6,1.673320053,1.466729696,5
29543851_MinPolqaSfbRecording_cut.wav,2.8,0.836660027,0.733364848,5
30253419_MinPolqaSfbRecording_cut.wav,2.0,1.0,0.876538647,5
30470647_MinPolqaSfbRecording_cut.wav,3.2,0.836660027,0.733364848,5
27726242_MinPolqaSfbRecording_cut.wav,3.4,0.894427191,0.784,5
28949219_MinPolqaSfbRecording_cut.wav,3.8,0.447213595,0.392,5
28463994_MinPolqaSfbRecording_cut.wav,3.0,1.224744871,1.073536213,5
30179900_MinPolqaSfbRecording_cut.wav,4.2,0.836660027,0.733364848,5
30156992_MinPolqaSfbRecording_cut.wav,3.4,0.547722558,0.48009999,5
30264113_MinPolqaSfbRecording_cut.wav,4.2,1.095445115,0.960199979,5
25897552_MinPolqaSfbRecording_cut.wav,4.0,1.0,0.876538647,5
30454688_MinPolqaSfbRecording_cut.wav,3.4,1.140175425,0.999407825,5
30513692_MinPolqaSfbRecording_cut.wav,2.0,0.816496581,0.800166649,4
30408193_MinPolqaSfbRecording_cut.wav,2.75,0.5,0.49,4
30140898_MinPolqaSfbRecording_cut.wav,1.0,0.0,0.0,4
30253460_MinPolqaSfbRecording_cut.wav,2.0,0.816496581,0.800166649,4
30121425_MinPolqaSfbRecording_cut.wav,3.0,0.816496581,0.800166649,4
30531054_MinPolqaSfbRecording_cut.wav,2.5,1.290994449,1.26517456,4
30099796_MinPolqaSfbRecording_cut.wav,1.25,0.5,0.49,4
30163267_MinPolqaSfbRecording_cut.wav,1.5,0.577350269,0.565803264,4
30156577_MinPolqaSfbRecording_cut.wav,2.25,0.957427108,0.938278566,4
30174694_MinPolqaSfbRecording_cut.wav,4.25,0.5,0.49,4
30470400_MinPolqaSfbRecording_cut.wav,2.0,0.816496581,0.800166649,4
28645175_MinPolqaSfbRecording_cut.wav,4.0,0.0,0.0,4
30137019_MinPolqaSfbRecording_cut.wav,2.0,1.154700538,1.131606528,4
27896973_MinPolqaSfbRecording_cut.wav,4.0,0.0,0.0,4
30157525_MinPolqaSfbRecording_cut.wav,3.75,0.957427108,0.938278566,4
30192935_MinPolqaSfbRecording_cut.wav,2.25,0.957427108,0.938278566,4
30513571_MinPolqaSfbRecording_cut.wav,3.0,0.816496581,0.800166649,4
30516316_MinPolqaSfbRecording_cut.wav,3.75,0.957427108,0.938278566,4
28900654_MinPolqaSfbRecording_cut.wav,3.5,0.707106781,0.98,2
30137661_MinPolqaSfbRecording_cut.wav,2.5,0.707106781,0.98,2
30431909_MinPolqaSfbRecording_cut.wav,2.5,0.707106781,0.98,2
28959453_MinPolqaSfbRecording_cut.wav,3.5,0.707106781,0.98,2
30131956_MinPolqaSfbRecording_cut.wav,3.0,1.414213562,1.96,2
30413106_MinPolqaSfbRecording_cut.wav,2.5,0.707106781,0.98,2
30071327_MinPolqaSfbRecording_cut.wav,3.6,0.547722558,0.48009999,5
28052519_MinPolqaSfbRecording_cut.wav,4.0,0.707106781,0.619806421,5
30105476_MinPolqaSfbRecording_cut.wav,3.6,0.547722558,0.48009999,5
30060785_MinPolqaSfbRecording_cut.wav,3.4,0.547722558,0.48009999,5
30408472_MinPolqaSfbRecording_cut.wav,2.8,1.303840481,1.142866571,5
30177945_MinPolqaSfbRecording_cut.wav,2.2,1.095445115,0.960199979,5
30530281_MinPolqaSfbRecording_cut.wav,3.0,0.707106781,0.619806421,5
30122759_MinPolqaSfbRecording_cut.wav,3.333333333,1.527525232,1.728557523,3
27905597_MinPolqaSfbRecording_cut.wav,3.0,1.0,1.131606528,3
30502920_MinPolqaSfbRecording_cut.wav,2.0,1.732050808,1.96,3
30189528_MinPolqaSfbRecording_cut.wav,2.666666667,1.527525232,1.728557523,3
30149737_MinPolqaSfbRecording_cut.wav,2.333333333,0.577350269,0.653333333,3
30090619_MinPolqaSfbRecording_cut.wav,3.0,1.0,1.131606528,3
30442638_MinPolqaSfbRecording_cut.wav,2.0,1.154700538,1.131606528,4
30515097_MinPolqaSfbRecording_cut.wav,4.5,0.577350269,0.565803264,4
30073018_MinPolqaSfbRecording_cut.wav,3.25,0.5,0.49,4
28660691_MinPolqaSfbRecording_cut.wav,4.5,0.577350269,0.565803264,4
28767463_MinPolqaSfbRecording_cut.wav,4.5,0.577350269,0.565803264,4
28813894_MinPolqaSfbRecording_cut.wav,4.25,0.5,0.49,4
28761751_MinPolqaSfbRecording_cut.wav,4.5,0.577350269,0.565803264,4
30456963_MinPolqaSfbRecording_cut.wav,2.25,0.5,0.49,4
27827828_MinPolqaSfbRecording_cut.wav,4.25,0.957427108,0.938278566,4
30071457_MinPolqaSfbRecording_cut.wav,3.25,0.957427108,0.938278566,4
30464447_MinPolqaSfbRecording_cut.wav,2.25,1.258305739,1.233139624,4
30214348_MinPolqaSfbRecording_cut.wav,3.25,0.957427108,0.938278566,4
30107268_MinPolqaSfbRecording_cut.wav,2.0,1.414213562,1.385929291,4
30488633_MinPolqaSfbRecording_cut.wav,2.75,0.957427108,0.938278566,4
30091780_MinPolqaSfbRecording_cut.wav,3.25,0.5,0.49,4
30171561_MinPolqaSfbRecording_cut.wav,1.75,1.5,1.47,4
30469765_MinPolqaSfbRecording_cut.wav,1.75,0.957427108,0.938278566,4
30206401_MinPolqaSfbRecording_cut.wav,3.25,0.957427108,0.938278566,4
29052259_MinPolqaSfbRecording_cut.wav,4.5,0.577350269,0.565803264,4
30473204_MinPolqaSfbRecording_cut.wav,2.25,1.258305739,1.233139624,4
30082412_MinPolqaSfbRecording_cut.wav,3.5,0.577350269,0.565803264,4
29037341_MinPolqaSfbRecording_cut.wav,4.25,0.5,0.49,4
30436453_MinPolqaSfbRecording_cut.wav,3.25,0.5,0.49,4
30470542_MinPolqaSfbRecording_cut.wav,2.5,1.0,0.98,4
30475481_MinPolqaSfbRecording_cut.wav,2.5,1.290994449,1.26517456,4
29538565_MinPolqaSfbRecording_cut.wav,3.25,0.957427108,0.938278566,4
30209378_MinPolqaSfbRecording_cut.wav,2.75,0.957427108,0.938278566,4
27902185_MinPolqaSfbRecording_cut.wav,3.75,0.5,0.49,4
30072863_MinPolqaSfbRecording_cut.wav,3.0,0.816496581,0.800166649,4
30407162_MinPolqaSfbRecording_cut.wav,4.25,0.5,0.49,4
27911174_MinPolqaSfbRecording_cut.wav,4.5,0.577350269,0.565803264,4
28948213_MinPolqaSfbRecording_cut.wav,3.75,1.258305739,1.233139624,4
30140660_MinPolqaSfbRecording_cut.wav,3.5,1.290994449,1.26517456,4
30188868_MinPolqaSfbRecording_cut.wav,4.75,0.5,0.49,4
28431197_MinPolqaSfbRecording_cut.wav,3.75,0.5,0.49,4
30091114_MinPolqaSfbRecording_cut.wav,2.4,1.341640786,1.176,5
29541886_MinPolqaSfbRecording_cut.wav,4.2,0.836660027,0.733364848,5
28432246_MinPolqaSfbRecording_cut.wav,4.4,0.547722558,0.48009999,5
30146138_MinPolqaSfbRecording_cut.wav,3.0,0.707106781,0.619806421,5
30199588_MinPolqaSfbRecording_cut.wav,4.4,0.547722558,0.48009999,5
28523644_MinPolqaSfbRecording_cut.wav,4.2,0.836660027,0.733364848,5
30465942_MinPolqaSfbRecording_cut.wav,3.8,0.447213595,0.392,5
30480185_MinPolqaSfbRecording_cut.wav,2.2,0.836660027,0.733364848,5
30261056_MinPolqaSfbRecording_cut.wav,3.4,0.547722558,0.48009999,5
30212337_MinPolqaSfbRecording_cut.wav,3.333333333,0.577350269,0.653333333,3
30522960_MinPolqaSfbRecording_cut.wav,3.0,1.0,1.131606528,3
30415845_MinPolqaSfbRecording_cut.wav,2.666666667,1.154700538,1.306666667,3
30512297_MinPolqaSfbRecording_cut.wav,3.0,0.0,0.0,3
30082536_MinPolqaSfbRecording_cut.wav,4.0,0.0,0.0,3
30075247_MinPolqaSfbRecording_cut.wav,1.666666667,1.154700538,1.306666667,3
30090119_MinPolqaSfbRecording_cut.wav,4.0,0.0,0.0,3
30510411_MinPolqaSfbRecording_cut.wav,2.666666667,1.154700538,1.306666667,3
30206034_MinPolqaSfbRecording_cut.wav,3.0,0.0,0.0,3
30250132_MinPolqaSfbRecording_cut.wav,1.5,0.577350269,0.565803264,4
30511967_MinPolqaSfbRecording_cut.wav,3.5,1.0,0.98,4
30211508_MinPolqaSfbRecording_cut.wav,3.0,0.816496581,0.800166649,4
30422869_MinPolqaSfbRecording_cut.wav,3.25,0.957427108,0.938278566,4
28810057_MinPolqaSfbRecording_cut.wav,2.25,0.957427108,0.938278566,4
30528190_MinPolqaSfbRecording_cut.wav,1.75,0.5,0.49,4
28815221_MinPolqaSfbRecording_cut.wav,4.5,0.577350269,0.565803264,4
30174250_MinPolqaSfbRecording_cut.wav,2.25,0.957427108,0.938278566,4
30527300_MinPolqaSfbRecording_cut.wav,3.0,0.816496581,0.800166649,4
28190757_MinPolqaSfbRecording_cut.wav,4.25,0.957427108,0.938278566,4
30151587_MinPolqaSfbRecording_cut.wav,3.75,0.957427108,0.938278566,4
29062289_MinPolqaSfbRecording_cut.wav,4.0,0.816496581,0.800166649,4
30060407_MinPolqaSfbRecording_cut.wav,3.25,0.957427108,0.938278566,4
30527757_MinPolqaSfbRecording_cut.wav,4.0,0.816496581,0.800166649,4
30140802_MinPolqaSfbRecording_cut.wav,4.25,0.5,0.49,4
30448473_MinPolqaSfbRecording_cut.wav,4.25,0.5,0.49,4
30099652_MinPolqaSfbRecording_cut.wav,3.5,0.577350269,0.565803264,4
30109337_MinPolqaSfbRecording_cut.wav,3.25,0.5,0.49,4
30096516_MinPolqaSfbRecording_cut.wav,2.333333333,1.527525232,1.728557523,3
30068141_MinPolqaSfbRecording_cut.wav,3.333333333,2.081665999,2.355626833,3
30111538_MinPolqaSfbRecording_cut.wav,2.333333333,1.154700538,1.306666667,3
27932115_MinPolqaSfbRecording_cut.wav,3.333333333,1.154700538,1.306666667,3
30097491_MinPolqaSfbRecording_cut.wav,2.666666667,1.527525232,1.728557523,3
30511851_MinPolqaSfbRecording_cut.wav,3.333333333,1.527525232,1.728557523,3
30178361_MinPolqaSfbRecording_cut.wav,2.0,1.732050808,1.96,3
30488518_MinPolqaSfbRecording_cut.wav,1.25,0.5,0.49,4
28073269_MinPolqaSfbRecording_cut.wav,3.5,0.577350269,0.565803264,4
30180262_MinPolqaSfbRecording_cut.wav,3.5,1.0,0.98,4
30063663_MinPolqaSfbRecording_cut.wav,1.25,0.5,0.49,4
30199844_MinPolqaSfbRecording_cut.wav,2.0,1.414213562,1.385929291,4
29539178_MinPolqaSfbRecording_cut.wav,1.25,0.5,0.49,4
28808876_MinPolqaSfbRecording_cut.wav,4.5,0.577350269,0.565803264,4
30175102_MinPolqaSfbRecording_cut.wav,1.5,1.0,0.98,4
30523199_MinPolqaSfbRecording_cut.wav,1.25,0.5,0.49,4
27955681_MinPolqaSfbRecording_cut.wav,3.0,0.816496581,0.800166649,4
30138328_MinPolqaSfbRecording_cut.wav,3.4,0.547722558,0.48009999,5
29541524_MinPolqaSfbRecording_cut.wav,3.4,0.547722558,0.48009999,5
30420529_MinPolqaSfbRecording_cut.wav,3.2,0.836660027,0.733364848,5
30483704_MinPolqaSfbRecording_cut.wav,3.2,0.836660027,0.733364848,5
27903688_MinPolqaSfbRecording_cut.wav,3.8,0.836660027,0.733364848,5
30404855_MinPolqaSfbRecording_cut.wav,1.8,1.303840481,1.142866571,5
30072978_MinPolqaSfbRecording_cut.wav,3.2,0.836660027,0.733364848,5
27674161_MinPolqaSfbRecording_cut.wav,4.2,0.836660027,0.733364848,5
30119809_MinPolqaSfbRecording_cut.wav,2.5,1.290994449,1.26517456,4
30133520_MinPolqaSfbRecording_cut.wav,3.0,0.816496581,0.800166649,4
30249445_MinPolqaSfbRecording_cut.wav,2.75,0.957427108,0.938278566,4
30083528_MinPolqaSfbRecording_cut.wav,2.0,0.816496581,0.800166649,4
30516768_MinPolqaSfbRecording_cut.wav,3.75,0.5,0.49,4
30436693_MinPolqaSfbRecording_cut.wav,1.75,0.957427108,0.938278566,4
28680730_MinPolqaSfbRecording_cut.wav,3.75,0.957427108,0.938278566,4
28878940_MinPolqaSfbRecording_cut.wav,3.25,0.5,0.49,4
30097720_MinPolqaSfbRecording_cut.wav,2.0,1.154700538,1.131606528,4
30404780_MinPolqaSfbRecording_cut.wav,3.0,0.0,0.0,2
30491706_MinPolqaSfbRecording_cut.wav,1.0,0.0,0.0,2
28664714_MinPolqaSfbRecording_cut.wav,5.0,0.0,0.0,2
30400205_MinPolqaSfbRecording_cut.wav,4.0,0.0,0.0,2
28053265_MinPolqaSfbRecording_cut.wav,4.0,0.0,0.0,2
27980418_MinPolqaSfbRecording_cut.wav,4.5,0.707106781,0.98,2
28719101_MinPolqaSfbRecording_cut.wav,3.0,0.0,0.0,2
30175362_MinPolqaSfbRecording_cut.wav,1.5,0.707106781,0.98,2
30148607_MinPolqaSfbRecording_cut.wav,1.6,0.894427191,0.784,5
30090990_MinPolqaSfbRecording_cut.wav,1.8,0.836660027,0.733364848,5
28988641_MinPolqaSfbRecording_cut.wav,4.0,0.707106781,0.619806421,5
30083190_MinPolqaSfbRecording_cut.wav,3.2,1.483239697,1.300116918,5
30413066_MinPolqaSfbRecording_cut.wav,2.4,1.140175425,0.999407825,5
30063358_MinPolqaSfbRecording_cut.wav,2.2,1.095445115,0.960199979,5
30101124_MinPolqaSfbRecording_cut.wav,3.6,0.894427191,0.784,5
28673326_MinPolqaSfbRecording_cut.wav,3.2,0.836660027,0.733364848,5
30075271_MinPolqaSfbRecording_cut.wav,3.6,0.547722558,0.48009999,5
30083572_MinPolqaSfbRecording_cut.wav,3.333333333,1.154700538,1.306666667,3
28453645_MinPolqaSfbRecording_cut.wav,3.666666667,0.577350269,0.653333333,3
30091878_MinPolqaSfbRecording_cut.wav,4.666666667,0.577350269,0.653333333,3
30207729_MinPolqaSfbRecording_cut.wav,3.0,1.732050808,1.96,3
30471879_MinPolqaSfbRecording_cut.wav,3.666666667,0.577350269,0.653333333,3
30137131_MinPolqaSfbRecording_cut.wav,3.666666667,0.577350269,0.653333333,3
28534516_MinPolqaSfbRecording_cut.wav,4.0,1.0,1.131606528,3
30260324_MinPolqaSfbRecording_cut.wav,2.666666667,0.577350269,0.653333333,3
30110369_MinPolqaSfbRecording_cut.wav,3.666666667,0.577350269,0.653333333,3
30431751_MinPolqaSfbRecording_cut.wav,2.75,1.258305739,1.233139624,4
29537597_MinPolqaSfbRecording_cut.wav,3.0,0.816496581,0.800166649,4
28164396_MinPolqaSfbRecording_cut.wav,4.0,0.816496581,0.800166649,4
28914805_MinPolqaSfbRecording_cut.wav,4.25,0.5,0.49,4
30089088_MinPolqaSfbRecording_cut.wav,2.0,1.154700538,1.131606528,4
30156515_MinPolqaSfbRecording_cut.wav,4.0,0.816496581,0.800166649,4
28344818_MinPolqaSfbRecording_cut.wav,3.25,0.5,0.49,4
28198685_MinPolqaSfbRecording_cut.wav,4.25,0.957427108,0.938278566,4
28255236_MinPolqaSfbRecording_cut.wav,3.5,0.577350269,0.565803264,4
30259145_MinPolqaSfbRecording_cut.wav,3.25,0.5,0.49,4
30159570_MinPolqaSfbRecording_cut.wav,3.75,0.5,0.49,4
30097157_MinPolqaSfbRecording_cut.wav,3.5,0.577350269,0.565803264,4
30436901_MinPolqaSfbRecording_cut.wav,3.5,0.577350269,0.565803264,4
30090915_MinPolqaSfbRecording_cut.wav,3.25,0.5,0.49,4
30091856_MinPolqaSfbRecording_cut.wav,3.5,0.577350269,0.565803264,4
30512312_MinPolqaSfbRecording_cut.wav,2.25,0.957427108,0.938278566,4
28604658_MinPolqaSfbRecording_cut.wav,3.0,1.414213562,1.385929291,4
30523165_MinPolqaSfbRecording_cut.wav,4.4,0.547722558,0.48009999,5
29541346_MinPolqaSfbRecording_cut.wav,3.2,1.095445115,0.960199979,5
30147503_MinPolqaSfbRecording_cut.wav,4.4,0.547722558,0.48009999,5
30118480_MinPolqaSfbRecording_cut.wav,2.8,0.836660027,0.733364848,5
28499672_MinPolqaSfbRecording_cut.wav,4.2,0.836660027,0.733364848,5
29536073_MinPolqaSfbRecording_cut.wav,4.2,0.836660027,0.733364848,5
30063430_MinPolqaSfbRecording_cut.wav,3.0,2.0,1.753077294,5
30408373_MinPolqaSfbRecording_cut.wav,2.0,1.0,0.876538647,5
30436232_MinPolqaSfbRecording_cut.wav,2.6,1.816590212,1.592311527,5
30430117_MinPolqaSfbRecording_cut.wav,3.75,1.258305739,1.233139624,4
27763735_MinPolqaSfbRecording_cut.wav,3.75,0.957427108,0.938278566,4
30112872_MinPolqaSfbRecording_cut.wav,3.0,0.816496581,0.800166649,4
30427147_MinPolqaSfbRecording_cut.wav,2.5,1.0,0.98,4
29531893_MinPolqaSfbRecording_cut.wav,1.75,0.957427108,0.938278566,4
30208496_MinPolqaSfbRecording_cut.wav,1.75,0.5,0.49,4
27897988_MinPolqaSfbRecording_cut.wav,3.75,1.5,1.47,4
30076316_MinPolqaSfbRecording_cut.wav,3.0,1.0,1.131606528,3
30105992_MinPolqaSfbRecording_cut.wav,3.333333333,0.577350269,0.653333333,3
30079036_MinPolqaSfbRecording_cut.wav,2.666666667,1.154700538,1.306666667,3
27921061_MinPolqaSfbRecording_cut.wav,3.333333333,0.577350269,0.653333333,3
30474834_MinPolqaSfbRecording_cut.wav,3.0,1.0,1.131606528,3
30184318_MinPolqaSfbRecording_cut.wav,3.333333333,1.154700538,1.306666667,3
30075997_MinPolqaSfbRecording_cut.wav,3.333333333,1.154700538,1.306666667,3
30118090_MinPolqaSfbRecording_cut.wav,3.0,1.0,1.131606528,3
25665267_MinPolqaSfbRecording_cut.wav,3.666666667,1.154700538,1.306666667,3
30168493_MinPolqaSfbRecording_cut.wav,2.333333333,0.577350269,0.653333333,3
30178604_MinPolqaSfbRecording_cut.wav,3.333333333,1.154700538,1.306666667,3
27713815_MinPolqaSfbRecording_cut.wav,4.0,1.0,1.131606528,3
28671425_MinPolqaSfbRecording_cut.wav,3.666666667,0.577350269,0.653333333,3
28536746_MinPolqaSfbRecording_cut.wav,4.0,0.0,0.0,3
30169160_MinPolqaSfbRecording_cut.wav,2.666666667,0.577350269,0.653333333,3
27621144_MinPolqaSfbRecording_cut.wav,2.0,1.0,1.131606528,3
30450523_MinPolqaSfbRecording_cut.wav,2.6,1.516575089,1.329336677,5
30202080_MinPolqaSfbRecording_cut.wav,3.8,1.303840481,1.142866571,5
30109823_MinPolqaSfbRecording_cut.wav,3.6,1.140175425,0.999407825,5
30109814_MinPolqaSfbRecording_cut.wav,3.4,0.894427191,0.784,5
30413597_MinPolqaSfbRecording_cut.wav,3.2,0.836660027,0.733364848,5
28069182_MinPolqaSfbRecording_cut.wav,3.6,0.894427191,0.784,5
30103718_MinPolqaSfbRecording_cut.wav,3.8,0.836660027,0.733364848,5
30142388_MinPolqaSfbRecording_cut.wav,4.0,0.707106781,0.619806421,5
30412311_MinPolqaSfbRecording_cut.wav,4.0,1.0,0.876538647,5
30180739_MinPolqaSfbRecording_cut.wav,3.0,1.154700538,1.131606528,4
30097068_MinPolqaSfbRecording_cut.wav,3.0,0.816496581,0.800166649,4
30432978_MinPolqaSfbRecording_cut.wav,3.75,0.5,0.49,4
30471527_MinPolqaSfbRecording_cut.wav,2.25,1.258305739,1.233139624,4
28773002_MinPolqaSfbRecording_cut.wav,4.0,0.816496581,0.800166649,4
30098767_MinPolqaSfbRecording_cut.wav,2.5,1.0,0.98,4
30472150_MinPolqaSfbRecording_cut.wav,4.0,0.816496581,0.800166649,4
28795430_MinPolqaSfbRecording_cut.wav,3.6,0.894427191,0.784,5
30100091_MinPolqaSfbRecording_cut.wav,3.6,0.547722558,0.48009999,5
30129180_MinPolqaSfbRecording_cut.wav,1.6,0.894427191,0.784,5
30141615_MinPolqaSfbRecording_cut.wav,2.2,0.836660027,0.733364848,5
30152562_MinPolqaSfbRecording_cut.wav,1.8,0.836660027,0.733364848,5
30154220_MinPolqaSfbRecording_cut.wav,3.6,0.894427191,0.784,5
28464822_MinPolqaSfbRecording_cut.wav,2.8,0.447213595,0.392,5
27597159_MinPolqaSfbRecording_cut.wav,3.8,0.836660027,0.733364848,5
30109228_MinPolqaSfbRecording_cut.wav,3.333333333,0.577350269,0.653333333,3
30203062_MinPolqaSfbRecording_cut.wav,3.0,1.0,1.131606528,3
30069680_MinPolqaSfbRecording_cut.wav,2.666666667,1.154700538,1.306666667,3
30497001_MinPolqaSfbRecording_cut.wav,3.666666667,0.577350269,0.653333333,3
30076629_MinPolqaSfbRecording_cut.wav,3.666666667,0.577350269,0.653333333,3
30169680_MinPolqaSfbRecording_cut.wav,2.666666667,0.577350269,0.653333333,3
30101130_MinPolqaSfbRecording_cut.wav,3.333333333,1.154700538,1.306666667,3
30254067_MinPolqaSfbRecording_cut.wav,3.333333333,0.577350269,0.653333333,3
30059007_MinPolqaSfbRecording_cut.wav,3.5,0.577350269,0.565803264,4
30105125_MinPolqaSfbRecording_cut.wav,2.5,0.577350269,0.565803264,4
30470297_MinPolqaSfbRecording_cut.wav,2.0,0.0,0.0,4
30164656_MinPolqaSfbRecording_cut.wav,2.25,0.5,0.49,4
30408203_MinPolqaSfbRecording_cut.wav,3.75,0.5,0.49,4
30126406_MinPolqaSfbRecording_cut.wav,1.75,0.957427108,0.938278566,4
30492856_MinPolqaSfbRecording_cut.wav,2.75,0.5,0.49,4
30195027_MinPolqaSfbRecording_cut.wav,3.25,0.5,0.49,4
30443107_MinPolqaSfbRecording_cut.wav,1.5,1.0,0.98,4
30134502_MinPolqaSfbRecording_cut.wav,4.0,0.0,0.0,2
30096955_MinPolqaSfbRecording_cut.wav,4.0,0.0,0.0,2
30142904_MinPolqaSfbRecording_cut.wav,4.5,0.707106781,0.98,2
30258882_MinPolqaSfbRecording_cut.wav,4.0,0.0,0.0,2
28518673_MinPolqaSfbRecording_cut.wav,3.5,0.707106781,0.98,2
30081463_MinPolqaSfbRecording_cut.wav,4.0,0.0,0.0,2
30436141_MinPolqaSfbRecording_cut.wav,3.75,1.892969449,1.85511006,4
30428160_MinPolqaSfbRecording_cut.wav,2.0,0.816496581,0.800166649,4
30201408_MinPolqaSfbRecording_cut.wav,2.5,1.290994449,1.26517456,4
30108241_MinPolqaSfbRecording_cut.wav,3.5,1.732050808,1.697409791,4
28221103_MinPolqaSfbRecording_cut.wav,2.5,1.290994449,1.26517456,4
30176161_MinPolqaSfbRecording_cut.wav,2.25,0.957427108,0.938278566,4
30255226_MinPolqaSfbRecording_cut.wav,4.75,0.5,0.49,4
30214356_MinPolqaSfbRecording_cut.wav,2.0,1.414213562,1.385929291,4
30100011_MinPolqaSfbRecording_cut.wav,2.25,1.258305739,1.233139624,4
29543438_MinPolqaSfbRecording_cut.wav,3.75,0.957427108,0.938278566,4
30453506_MinPolqaSfbRecording_cut.wav,2.75,0.957427108,0.938278566,4
30467165_MinPolqaSfbRecording_cut.wav,3.25,0.957427108,0.938278566,4
30105674_MinPolqaSfbRecording_cut.wav,3.0,0.816496581,0.800166649,4
30259951_MinPolqaSfbRecording_cut.wav,2.5,1.290994449,1.26517456,4
30467000_MinPolqaSfbRecording_cut.wav,3.0,0.816496581,0.800166649,4
30173586_MinPolqaSfbRecording_cut.wav,3.25,0.957427108,0.938278566,4
30093668_MinPolqaSfbRecording_cut.wav,3.25,0.5,0.49,4
28814235_MinPolqaSfbRecording_cut.wav,3.5,0.577350269,0.565803264,4
28217021_MinPolqaSfbRecording_cut.wav,3.75,0.957427108,0.938278566,4
30460235_MinPolqaSfbRecording_cut.wav,1.75,0.957427108,0.938278566,4
27755685_MinPolqaSfbRecording_cut.wav,3.5,0.577350269,0.565803264,4
30084120_MinPolqaSfbRecording_cut.wav,3.75,0.5,0.49,4
30082184_MinPolqaSfbRecording_cut.wav,3.25,0.5,0.49,4
28170076_MinPolqaSfbRecording_cut.wav,3.666666667,0.577350269,0.653333333,3
30402607_MinPolqaSfbRecording_cut.wav,4.0,1.0,1.131606528,3
30083079_MinPolqaSfbRecording_cut.wav,3.333333333,0.577350269,0.653333333,3
30210835_MinPolqaSfbRecording_cut.wav,3.666666667,1.154700538,1.306666667,3
30505705_MinPolqaSfbRecording_cut.wav,3.333333333,0.577350269,0.653333333,3
30428522_MinPolqaSfbRecording_cut.wav,3.666666667,0.577350269,0.653333333,3
30073064_MinPolqaSfbRecording_cut.wav,2.333333333,0.577350269,0.653333333,3
28953938_MinPolqaSfbRecording_cut.wav,3.0,1.0,1.131606528,3
29529860_MinPolqaSfbRecording_cut.wav,1.666666667,0.577350269,0.653333333,3
30131862_MinPolqaSfbRecording_cut.wav,2.25,1.258305739,1.233139624,4
30064915_MinPolqaSfbRecording_cut.wav,2.5,1.0,0.98,4
30083598_MinPolqaSfbRecording_cut.wav,3.75,1.258305739,1.233139624,4
28340324_MinPolqaSfbRecording_cut.wav,3.25,1.258305739,1.233139624,4
30150804_MinPolqaSfbRecording_cut.wav,1.25,0.5,0.49,4
30118053_MinPolqaSfbRecording_cut.wav,3.0,1.414213562,1.385929291,4
30454166_MinPolqaSfbRecording_cut.wav,2.0,1.154700538,1.131606528,4
30133557_MinPolqaSfbRecording_cut.wav,2.0,1.414213562,1.385929291,4
27689770_MinPolqaSfbRecording_cut.wav,4.75,0.5,0.49,4
28111695_MinPolqaSfbRecording_cut.wav,4.25,0.5,0.49,4
27640713_MinPolqaSfbRecording_cut.wav,4.5,1.0,0.98,4
30504152_MinPolqaSfbRecording_cut.wav,4.0,0.816496581,0.800166649,4
30193342_MinPolqaSfbRecording_cut.wav,4.25,0.5,0.49,4
28115167_MinPolqaSfbRecording_cut.wav,4.25,0.957427108,0.938278566,4
27830864_MinPolqaSfbRecording_cut.wav,4.25,0.957427108,0.938278566,4
30408469_MinPolqaSfbRecording_cut.wav,3.25,0.957427108,0.938278566,4
28285812_MinPolqaSfbRecording_cut.wav,4.5,0.577350269,0.565803264,4
29541598_MinPolqaSfbRecording_cut.wav,2.75,1.707825128,1.673668625,4
30486378_MinPolqaSfbRecording_cut.wav,3.75,0.5,0.49,4
30435336_MinPolqaSfbRecording_cut.wav,4.0,0.0,0.0,4
30106893_MinPolqaSfbRecording_cut.wav,4.0,0.816496581,0.800166649,4
30149646_MinPolqaSfbRecording_cut.wav,2.75,0.5,0.49,4
30205248_MinPolqaSfbRecording_cut.wav,3.5,0.577350269,0.565803264,4
27745540_MinPolqaSfbRecording_cut.wav,4.75,0.5,0.49,4
30128709_MinPolqaSfbRecording_cut.wav,2.0,1.0,0.876538647,5
30169121_MinPolqaSfbRecording_cut.wav,2.6,1.341640786,1.176,5
30057540_MinPolqaSfbRecording_cut.wav,3.2,1.303840481,1.142866571,5
29536180_MinPolqaSfbRecording_cut.wav,1.0,0.0,0.0,5
30523731_MinPolqaSfbRecording_cut.wav,2.0,0.707106781,0.619806421,5
29556505_MinPolqaSfbRecording_cut.wav,2.4,1.140175425,0.999407825,5
30150409_MinPolqaSfbRecording_cut.wav,3.0,0.707106781,0.619806421,5
28737774_MinPolqaSfbRecording_cut.wav,3.4,0.894427191,0.784,5
30180250_MinPolqaSfbRecording_cut.wav,2.0,0.707106781,0.619806421,5
30416428_MinPolqaSfbRecording_cut.wav,4.2,0.836660027,0.733364848,5
30433855_MinPolqaSfbRecording_cut.wav,2.6,1.516575089,1.329336677,5
30192376_MinPolqaSfbRecording_cut.wav,3.2,0.836660027,0.733364848,5
29537299_MinPolqaSfbRecording_cut.wav,2.0,1.0,0.876538647,5
30463835_MinPolqaSfbRecording_cut.wav,4.6,0.547722558,0.48009999,5
30070114_MinPolqaSfbRecording_cut.wav,3.0,1.0,0.876538647,5
30510973_MinPolqaSfbRecording_cut.wav,2.2,1.095445115,0.960199979,5
30444871_MinPolqaSfbRecording_cut.wav,2.8,1.303840481,1.142866571,5
30483559_MinPolqaSfbRecording_cut.wav,2.666666667,0.577350269,0.653333333,3
30097733_MinPolqaSfbRecording_cut.wav,4.0,0.0,0.0,3
27791245_MinPolqaSfbRecording_cut.wav,3.0,1.0,1.131606528,3
30507482_MinPolqaSfbRecording_cut.wav,4.0,0.0,0.0,3
30406078_MinPolqaSfbRecording_cut.wav,2.666666667,0.577350269,0.653333333,3
30082590_MinPolqaSfbRecording_cut.wav,3.0,0.0,0.0,3
28246462_MinPolqaSfbRecording_cut.wav,3.333333333,0.577350269,0.653333333,3
30253416_MinPolqaSfbRecording_cut.wav,2.6,0.894427191,0.784,5
30184455_MinPolqaSfbRecording_cut.wav,3.4,0.894427191,0.784,5
30428705_MinPolqaSfbRecording_cut.wav,2.8,1.303840481,1.142866571,5
28090041_MinPolqaSfbRecording_cut.wav,4.2,0.836660027,0.733364848,5
30156544_MinPolqaSfbRecording_cut.wav,2.4,1.140175425,0.999407825,5
28250477_MinPolqaSfbRecording_cut.wav,3.6,0.894427191,0.784,5
28817302_MinPolqaSfbRecording_cut.wav,3.6,0.894427191,0.784,5
30068414_MinPolqaSfbRecording_cut.wav,3.6,0.894427191,0.784,5
30128091_MinPolqaSfbRecording_cut.wav,3.666666667,1.154700538,1.306666667,3
30425389_MinPolqaSfbRecording_cut.wav,4.0,1.0,1.131606528,3
30491115_MinPolqaSfbRecording_cut.wav,3.0,1.0,1.131606528,3
30127845_MinPolqaSfbRecording_cut.wav,3.333333333,0.577350269,0.653333333,3
30506490_MinPolqaSfbRecording_cut.wav,4.0,0.0,0.0,3
30123101_MinPolqaSfbRecording_cut.wav,3.333333333,0.577350269,0.653333333,3
30072021_MinPolqaSfbRecording_cut.wav,4.0,1.0,1.131606528,3
30152110_MinPolqaSfbRecording_cut.wav,3.666666667,0.577350269,0.653333333,3
30505511_MinPolqaSfbRecording_cut.wav,4.0,1.0,1.131606528,3
30105932_MinPolqaSfbRecording_cut.wav,3.0,1.0,0.876538647,5
30068481_MinPolqaSfbRecording_cut.wav,3.4,0.547722558,0.48009999,5
29534520_MinPolqaSfbRecording_cut.wav,2.6,1.140175425,0.999407825,5
30444159_MinPolqaSfbRecording_cut.wav,2.2,1.303840481,1.142866571,5
30430772_MinPolqaSfbRecording_cut.wav,2.4,1.140175425,0.999407825,5
30080882_MinPolqaSfbRecording_cut.wav,2.2,1.095445115,0.960199979,5
28684962_MinPolqaSfbRecording_cut.wav,4.2,0.447213595,0.392,5
30133772_MinPolqaSfbRecording_cut.wav,2.0,1.224744871,1.073536213,5
30159979_MinPolqaSfbRecording_cut.wav,3.0,1.224744871,1.073536213,5
30503491_MinPolqaSfbRecording_cut.wav,2.5,1.0,0.98,4
27584295_MinPolqaSfbRecording_cut.wav,3.5,0.577350269,0.565803264,4
30073167_MinPolqaSfbRecording_cut.wav,1.5,0.577350269,0.565803264,4
30522231_MinPolqaSfbRecording_cut.wav,2.75,0.5,0.49,4
28606801_MinPolqaSfbRecording_cut.wav,2.5,0.577350269,0.565803264,4
30503136_MinPolqaSfbRecording_cut.wav,3.25,0.5,0.49,4
28362409_MinPolqaSfbRecording_cut.wav,3.5,0.577350269,0.565803264,4
30523234_MinPolqaSfbRecording_cut.wav,1.75,0.957427108,0.938278566,4
30510473_MinPolqaSfbRecording_cut.wav,3.0,0.816496581,0.800166649,4
30105143_MinPolqaSfbRecording_cut.wav,2.25,0.5,0.49,4
30068070_MinPolqaSfbRecording_cut.wav,3.25,0.5,0.49,4
30090974_MinPolqaSfbRecording_cut.wav,3.5,0.577350269,0.565803264,4
30084310_MinPolqaSfbRecording_cut.wav,2.75,0.5,0.49,4
30133236_MinPolqaSfbRecording_cut.wav,2.25,0.957427108,0.938278566,4
30485679_MinPolqaSfbRecording_cut.wav,2.0,0.816496581,0.800166649,4
28154308_MinPolqaSfbRecording_cut.wav,3.5,1.0,0.98,4
30496442_MinPolqaSfbRecording_cut.wav,2.75,1.258305739,1.233139624,4
30183801_MinPolqaSfbRecording_cut.wav,3.5,0.577350269,0.565803264,4
28986998_MinPolqaSfbRecording_cut.wav,4.0,0.0,0.0,4
30410887_MinPolqaSfbRecording_cut.wav,3.75,0.5,0.49,4
30508661_MinPolqaSfbRecording_cut.wav,2.5,1.0,0.98,4
28121448_MinPolqaSfbRecording_cut.wav,3.75,0.957427108,0.938278566,4
30253470_MinPolqaSfbRecording_cut.wav,3.25,1.258305739,1.233139624,4
30262160_MinPolqaSfbRecording_cut.wav,3.5,1.0,0.98,4
30164251_MinPolqaSfbRecording_cut.wav,3.25,0.5,0.49,4
30160100_MinPolqaSfbRecording_cut.wav,2.0,1.0,1.131606528,3
29532808_MinPolqaSfbRecording_cut.wav,2.333333333,1.154700538,1.306666667,3
30069507_MinPolqaSfbRecording_cut.wav,3.0,1.0,1.131606528,3
30076232_MinPolqaSfbRecording_cut.wav,4.0,1.0,1.131606528,3
30091385_MinPolqaSfbRecording_cut.wav,4.666666667,0.577350269,0.653333333,3
28766918_MinPolqaSfbRecording_cut.wav,4.333333333,0.577350269,0.653333333,3
30478836_MinPolqaSfbRecording_cut.wav,2.333333333,1.527525232,1.728557523,3
30183560_MinPolqaSfbRecording_cut.wav,2.5,1.290994449,1.26517456,4
30514170_MinPolqaSfbRecording_cut.wav,3.75,1.5,1.47,4
30154984_MinPolqaSfbRecording_cut.wav,2.75,0.957427108,0.938278566,4
30475114_MinPolqaSfbRecording_cut.wav,3.5,1.290994449,1.26517456,4
30161333_MinPolqaSfbRecording_cut.wav,3.5,1.290994449,1.26517456,4
30177815_MinPolqaSfbRecording_cut.wav,3.5,1.290994449,1.26517456,4
29529592_MinPolqaSfbRecording_cut.wav,3.5,1.732050808,1.697409791,4
30432109_MinPolqaSfbRecording_cut.wav,3.5,1.0,0.98,4
27825323_MinPolqaSfbRecording_cut.wav,4.5,1.0,0.98,4
30064275_MinPolqaSfbRecording_cut.wav,2.75,0.957427108,0.938278566,4
30443965_MinPolqaSfbRecording_cut.wav,2.75,2.061552813,2.020321757,4
28301836_MinPolqaSfbRecording_cut.wav,3.25,1.5,1.47,4
30164213_MinPolqaSfbRecording_cut.wav,3.0,0.816496581,0.800166649,4
30144909_MinPolqaSfbRecording_cut.wav,4.0,0.816496581,0.800166649,4
30414253_MinPolqaSfbRecording_cut.wav,4.0,0.816496581,0.800166649,4
30160023_MinPolqaSfbRecording_cut.wav,3.25,0.957427108,0.938278566,4
30156580_MinPolqaSfbRecording_cut.wav,3.0,1.825741858,1.789227021,4
27942557_MinPolqaSfbRecording_cut.wav,3.75,1.5,1.47,4
30178611_MinPolqaSfbRecording_cut.wav,4.25,0.957427108,0.938278566,4
27893312_MinPolqaSfbRecording_cut.wav,4.0,1.0,0.876538647,5
30148352_MinPolqaSfbRecording_cut.wav,4.4,0.547722558,0.48009999,5
30438617_MinPolqaSfbRecording_cut.wav,4.0,1.0,0.876538647,5
27919351_MinPolqaSfbRecording_cut.wav,4.6,0.547722558,0.48009999,5
28020922_MinPolqaSfbRecording_cut.wav,4.4,0.894427191,0.784,5
30490866_MinPolqaSfbRecording_cut.wav,2.8,1.788854382,1.568,5
30401084_MinPolqaSfbRecording_cut.wav,2.4,0.894427191,0.784,5
28849495_MinPolqaSfbRecording_cut.wav,4.6,0.547722558,0.48009999,5
30171422_MinPolqaSfbRecording_cut.wav,1.4,0.894427191,0.784,5
30531500_MinPolqaSfbRecording_cut.wav,2.25,0.5,0.49,4
27826928_MinPolqaSfbRecording_cut.wav,4.25,0.5,0.49,4
29530762_MinPolqaSfbRecording_cut.wav,2.5,1.0,0.98,4
30435074_MinPolqaSfbRecording_cut.wav,2.0,1.414213562,1.385929291,4
28699535_MinPolqaSfbRecording_cut.wav,3.75,1.5,1.47,4
28818651_MinPolqaSfbRecording_cut.wav,3.75,0.957427108,0.938278566,4
27732896_MinPolqaSfbRecording_cut.wav,3.25,1.258305739,1.233139624,4
27737575_MinPolqaSfbRecording_cut.wav,3.0,0.816496581,0.800166649,4
30213744_MinPolqaSfbRecording_cut.wav,3.5,1.0,0.98,4
29531065_MinPolqaSfbRecording_cut.wav,2.8,0.836660027,0.733364848,5
30213730_MinPolqaSfbRecording_cut.wav,1.8,1.303840481,1.142866571,5
30080447_MinPolqaSfbRecording_cut.wav,1.8,1.303840481,1.142866571,5
30123515_MinPolqaSfbRecording_cut.wav,4.0,0.707106781,0.619806421,5
30450585_MinPolqaSfbRecording_cut.wav,1.8,0.836660027,0.733364848,5
30145696_MinPolqaSfbRecording_cut.wav,3.0,1.224744871,1.073536213,5
30090243_MinPolqaSfbRecording_cut.wav,2.2,1.095445115,0.960199979,5
30258367_MinPolqaSfbRecording_cut.wav,3.2,0.836660027,0.733364848,5
30435075_MinPolqaSfbRecording_cut.wav,2.4,1.341640786,1.176,5
30438622_MinPolqaSfbRecording_cut.wav,3.0,1.224744871,1.073536213,5
28484600_MinPolqaSfbRecording_cut.wav,4.0,0.0,0.0,3
30472962_MinPolqaSfbRecording_cut.wav,2.666666667,1.154700538,1.306666667,3
28167008_MinPolqaSfbRecording_cut.wav,4.0,1.0,1.131606528,3
30483345_MinPolqaSfbRecording_cut.wav,2.333333333,0.577350269,0.653333333,3
30156202_MinPolqaSfbRecording_cut.wav,3.666666667,0.577350269,0.653333333,3
30213532_MinPolqaSfbRecording_cut.wav,2.666666667,0.577350269,0.653333333,3
30254929_MinPolqaSfbRecording_cut.wav,3.333333333,1.154700538,1.306666667,3
30188962_MinPolqaSfbRecording_cut.wav,2.333333333,1.527525232,1.728557523,3
30182013_MinPolqaSfbRecording_cut.wav,4.333333333,0.577350269,0.653333333,3
28258060_MinPolqaSfbRecording_cut.wav,4.6,0.547722558,0.48009999,5
30102089_MinPolqaSfbRecording_cut.wav,2.2,0.447213595,0.392,5
27577911_MinPolqaSfbRecording_cut.wav,4.2,0.836660027,0.733364848,5
30471814_MinPolqaSfbRecording_cut.wav,3.2,0.447213595,0.392,5
30161094_MinPolqaSfbRecording_cut.wav,1.6,0.547722558,0.48009999,5
30470560_MinPolqaSfbRecording_cut.wav,3.2,0.447213595,0.392,5
30194979_MinPolqaSfbRecording_cut.wav,1.4,0.547722558,0.48009999,5
30482044_MinPolqaSfbRecording_cut.wav,2.6,1.140175425,0.999407825,5
30472387_MinPolqaSfbRecording_cut.wav,2.2,0.836660027,0.733364848,5
30093721_MinPolqaSfbRecording_cut.wav,2.8,0.836660027,0.733364848,5
30501706_MinPolqaSfbRecording_cut.wav,2.8,1.095445115,0.960199979,5
30522458_MinPolqaSfbRecording_cut.wav,1.0,0.0,0.0,5
30529122_MinPolqaSfbRecording_cut.wav,2.6,1.140175425,0.999407825,5
29529429_MinPolqaSfbRecording_cut.wav,3.4,0.547722558,0.48009999,5
30430917_MinPolqaSfbRecording_cut.wav,3.6,0.547722558,0.48009999,5
28818565_MinPolqaSfbRecording_cut.wav,4.6,0.547722558,0.48009999,5
27776890_MinPolqaSfbRecording_cut.wav,3.8,1.095445115,0.960199979,5
29532865_MinPolqaSfbRecording_cut.wav,4.0,1.0,0.876538647,5
30467128_MinPolqaSfbRecording_cut.wav,4.4,0.547722558,0.48009999,5
27724230_MinPolqaSfbRecording_cut.wav,3.8,0.836660027,0.733364848,5
30472526_MinPolqaSfbRecording_cut.wav,3.4,0.894427191,0.784,5
30059123_MinPolqaSfbRecording_cut.wav,4.0,0.816496581,0.800166649,4
29532049_MinPolqaSfbRecording_cut.wav,2.75,0.957427108,0.938278566,4
30467412_MinPolqaSfbRecording_cut.wav,3.5,0.577350269,0.565803264,4
27894428_MinPolqaSfbRecording_cut.wav,3.5,0.577350269,0.565803264,4
30137761_MinPolqaSfbRecording_cut.wav,2.75,0.957427108,0.938278566,4
30183677_MinPolqaSfbRecording_cut.wav,3.5,0.577350269,0.565803264,4
30212478_MinPolqaSfbRecording_cut.wav,3.5,0.577350269,0.565803264,4
30263841_MinPolqaSfbRecording_cut.wav,2.75,1.258305739,1.233139624,4
28861913_MinPolqaSfbRecording_cut.wav,3.75,0.5,0.49,4
30254282_MinPolqaSfbRecording_cut.wav,4.0,0.816496581,0.800166649,4
30149357_MinPolqaSfbRecording_cut.wav,4.75,0.5,0.49,4
29544045_MinPolqaSfbRecording_cut.wav,3.75,1.5,1.47,4
30252122_MinPolqaSfbRecording_cut.wav,3.0,1.154700538,1.131606528,4
28929879_MinPolqaSfbRecording_cut.wav,4.5,0.577350269,0.565803264,4
27881256_MinPolqaSfbRecording_cut.wav,4.25,0.5,0.49,4
30189428_MinPolqaSfbRecording_cut.wav,3.75,1.5,1.47,4
30065278_MinPolqaSfbRecording_cut.wav,3.75,0.957427108,0.938278566,4
28277182_MinPolqaSfbRecording_cut.wav,3.333333333,0.577350269,0.653333333,3
30179641_MinPolqaSfbRecording_cut.wav,1.333333333,0.577350269,0.653333333,3
30091874_MinPolqaSfbRecording_cut.wav,3.0,2.0,2.263213055,3
30092664_MinPolqaSfbRecording_cut.wav,2.333333333,0.577350269,0.653333333,3
30516786_MinPolqaSfbRecording_cut.wav,2.0,0.0,0.0,3
30426379_MinPolqaSfbRecording_cut.wav,3.4,1.140175425,0.999407825,5
30143456_MinPolqaSfbRecording_cut.wav,2.2,1.303840481,1.142866571,5
30501166_MinPolqaSfbRecording_cut.wav,2.8,1.303840481,1.142866571,5
30522608_MinPolqaSfbRecording_cut.wav,3.2,1.095445115,0.960199979,5
30145288_MinPolqaSfbRecording_cut.wav,2.6,1.140175425,0.999407825,5
27742613_MinPolqaSfbRecording_cut.wav,4.2,0.836660027,0.733364848,5
28035765_MinPolqaSfbRecording_cut.wav,4.0,0.707106781,0.619806421,5
30497137_MinPolqaSfbRecording_cut.wav,2.2,1.643167673,1.440299969,5
30212556_MinPolqaSfbRecording_cut.wav,3.6,0.894427191,0.784,5
30500974_MinPolqaSfbRecording_cut.wav,2.333333333,0.577350269,0.653333333,3
30412816_MinPolqaSfbRecording_cut.wav,3.0,1.0,1.131606528,3
30145483_MinPolqaSfbRecording_cut.wav,2.333333333,0.577350269,0.653333333,3
30125183_MinPolqaSfbRecording_cut.wav,4.0,0.0,0.0,3
29037522_MinPolqaSfbRecording_cut.wav,3.666666667,0.577350269,0.653333333,3
30166464_MinPolqaSfbRecording_cut.wav,4.333333333,0.577350269,0.653333333,3
29556452_MinPolqaSfbRecording_cut.wav,3.333333333,0.577350269,0.653333333,3
30152365_MinPolqaSfbRecording_cut.wav,3.5,0.577350269,0.565803264,4
30515850_MinPolqaSfbRecording_cut.wav,3.25,0.5,0.49,4
30257312_MinPolqaSfbRecording_cut.wav,3.5,1.290994449,1.26517456,4
30107260_MinPolqaSfbRecording_cut.wav,3.25,0.957427108,0.938278566,4
29029277_MinPolqaSfbRecording_cut.wav,4.0,0.0,0.0,4
27677704_MinPolqaSfbRecording_cut.wav,4.0,0.816496581,0.800166649,4
30151773_MinPolqaSfbRecording_cut.wav,3.5,1.0,0.98,4
30126802_MinPolqaSfbRecording_cut.wav,2.75,0.957427108,0.938278566,4
28825533_MinPolqaSfbRecording_cut.wav,3.25,0.5,0.49,4
30100248_MinPolqaSfbRecording_cut.wav,2.75,0.957427108,0.938278566,4
28813398_MinPolqaSfbRecording_cut.wav,4.25,0.5,0.49,4
30063322_MinPolqaSfbRecording_cut.wav,3.75,1.258305739,1.233139624,4
29067592_MinPolqaSfbRecording_cut.wav,4.0,0.816496581,0.800166649,4
30093093_MinPolqaSfbRecording_cut.wav,3.25,0.5,0.49,4
29536013_MinPolqaSfbRecording_cut.wav,2.25,1.258305739,1.233139624,4
30513644_MinPolqaSfbRecording_cut.wav,3.0,1.414213562,1.385929291,4
29539653_MinPolqaSfbRecording_cut.wav,3.0,1.632993162,1.600333299,4
30079294_MinPolqaSfbRecording_cut.wav,2.75,1.258305739,1.233139624,4
30105486_MinPolqaSfbRecording_cut.wav,3.6,0.894427191,0.784,5
30431120_MinPolqaSfbRecording_cut.wav,3.6,0.894427191,0.784,5
30169756_MinPolqaSfbRecording_cut.wav,3.0,1.414213562,1.239612843,5
30140730_MinPolqaSfbRecording_cut.wav,3.2,0.447213595,0.392,5
30119334_MinPolqaSfbRecording_cut.wav,2.6,0.894427191,0.784,5
30117916_MinPolqaSfbRecording_cut.wav,3.4,0.547722558,0.48009999,5
30461501_MinPolqaSfbRecording_cut.wav,4.0,0.0,0.0,3
30426157_MinPolqaSfbRecording_cut.wav,3.666666667,1.154700538,1.306666667,3
30122686_MinPolqaSfbRecording_cut.wav,4.333333333,1.154700538,1.306666667,3
30084781_MinPolqaSfbRecording_cut.wav,3.333333333,0.577350269,0.653333333,3
28222971_MinPolqaSfbRecording_cut.wav,4.333333333,0.577350269,0.653333333,3
30128110_MinPolqaSfbRecording_cut.wav,2.666666667,1.527525232,1.728557523,3
28846514_MinPolqaSfbRecording_cut.wav,3.666666667,0.577350269,0.653333333,3
30082001_MinPolqaSfbRecording_cut.wav,3.25,1.5,1.47,4
30176593_MinPolqaSfbRecording_cut.wav,3.5,0.577350269,0.565803264,4
28226354_MinPolqaSfbRecording_cut.wav,3.25,0.957427108,0.938278566,4
30175043_MinPolqaSfbRecording_cut.wav,4.0,0.816496581,0.800166649,4
30154986_MinPolqaSfbRecording_cut.wav,3.25,0.957427108,0.938278566,4
30484279_MinPolqaSfbRecording_cut.wav,2.5,1.732050808,1.697409791,4
30147180_MinPolqaSfbRecording_cut.wav,3.0,1.414213562,1.385929291,4
30437933_MinPolqaSfbRecording_cut.wav,2.75,1.5,1.47,4
30501988_MinPolqaSfbRecording_cut.wav,4.0,0.816496581,0.800166649,4
30133261_MinPolqaSfbRecording_cut.wav,3.25,1.258305739,1.233139624,4
30450446_MinPolqaSfbRecording_cut.wav,3.25,0.5,0.49,4
30192975_MinPolqaSfbRecording_cut.wav,3.5,0.577350269,0.565803264,4
30121741_MinPolqaSfbRecording_cut.wav,3.25,0.5,0.49,4
28986713_MinPolqaSfbRecording_cut.wav,4.25,0.5,0.49,4
30161733_MinPolqaSfbRecording_cut.wav,2.5,1.0,0.98,4
30145734_MinPolqaSfbRecording_cut.wav,1.75,0.5,0.49,4
30493557_MinPolqaSfbRecording_cut.wav,3.75,0.5,0.49,4
28256107_MinPolqaSfbRecording_cut.wav,3.75,0.957427108,0.938278566,4
30435327_MinPolqaSfbRecording_cut.wav,2.25,1.5,1.47,4
30488613_MinPolqaSfbRecording_cut.wav,3.25,1.258305739,1.233139624,4
30070050_MinPolqaSfbRecording_cut.wav,3.5,0.577350269,0.565803264,4
27634617_MinPolqaSfbRecording_cut.wav,3.75,0.957427108,0.938278566,4
30108727_MinPolqaSfbRecording_cut.wav,3.75,0.957427108,0.938278566,4
28839778_MinPolqaSfbRecording_cut.wav,4.0,0.0,0.0,4
30445017_MinPolqaSfbRecording_cut.wav,3.0,0.816496581,0.800166649,4
27881712_MinPolqaSfbRecording_cut.wav,3.75,0.5,0.49,4
29002031_MinPolqaSfbRecording_cut.wav,3.5,0.577350269,0.565803264,4
28078794_MinPolqaSfbRecording_cut.wav,3.75,0.5,0.49,4
30064490_MinPolqaSfbRecording_cut.wav,3.0,0.816496581,0.800166649,4
30488965_MinPolqaSfbRecording_cut.wav,2.75,0.5,0.49,4
30467498_MinPolqaSfbRecording_cut.wav,3.0,0.816496581,0.800166649,4
28434646_MinPolqaSfbRecording_cut.wav,3.5,0.707106781,0.98,2
27878009_MinPolqaSfbRecording_cut.wav,4.0,0.0,0.0,2
30264204_MinPolqaSfbRecording_cut.wav,4.5,0.707106781,0.98,2
27716307_MinPolqaSfbRecording_cut.wav,5.0,0.0,0.0,2
30510958_MinPolqaSfbRecording_cut.wav,3.0,0.0,0.0,2
30067197_MinPolqaSfbRecording_cut.wav,2.5,0.707106781,0.98,2
29544430_MinPolqaSfbRecording_cut.wav,2.5,0.707106781,0.98,2
27906469_MinPolqaSfbRecording_cut.wav,3.0,0.0,0.0,2
30505838_MinPolqaSfbRecording_cut.wav,3.0,0.816496581,0.800166649,4
28543886_MinPolqaSfbRecording_cut.wav,3.0,0.0,0.0,4
28005387_MinPolqaSfbRecording_cut.wav,4.0,0.0,0.0,4
30422264_MinPolqaSfbRecording_cut.wav,2.0,0.816496581,0.800166649,4
27658646_MinPolqaSfbRecording_cut.wav,4.0,0.816496581,0.800166649,4
30122230_MinPolqaSfbRecording_cut.wav,2.25,0.957427108,0.938278566,4
28286733_MinPolqaSfbRecording_cut.wav,3.75,0.5,0.49,4
28695505_MinPolqaSfbRecording_cut.wav,4.0,0.816496581,0.800166649,4
30166375_MinPolqaSfbRecording_cut.wav,2.75,0.5,0.49,4
30144330_MinPolqaSfbRecording_cut.wav,1.666666667,1.154700538,1.306666667,3
30255137_MinPolqaSfbRecording_cut.wav,2.333333333,0.577350269,0.653333333,3
30211006_MinPolqaSfbRecording_cut.wav,2.666666667,0.577350269,0.653333333,3
29536134_MinPolqaSfbRecording_cut.wav,2.0,1.0,1.131606528,3
30166918_MinPolqaSfbRecording_cut.wav,3.0,0.0,0.0,3
30069153_MinPolqaSfbRecording_cut.wav,2.333333333,1.154700538,1.306666667,3
30065309_MinPolqaSfbRecording_cut.wav,1.0,0.0,0.0,3
30123667_MinPolqaSfbRecording_cut.wav,1.666666667,0.577350269,0.653333333,3
30109908_MinPolqaSfbRecording_cut.wav,2.333333333,0.577350269,0.653333333,3
30121049_MinPolqaSfbRecording_cut.wav,2.333333333,0.577350269,0.653333333,3
30412388_MinPolqaSfbRecording_cut.wav,3.75,0.5,0.49,4
30256437_MinPolqaSfbRecording_cut.wav,1.75,0.957427108,0.938278566,4
30413605_MinPolqaSfbRecording_cut.wav,3.75,0.5,0.49,4
28682039_MinPolqaSfbRecording_cut.wav,3.75,0.5,0.49,4
30510184_MinPolqaSfbRecording_cut.wav,2.0,0.816496581,0.800166649,4
30088759_MinPolqaSfbRecording_cut.wav,1.75,0.957427108,0.938278566,4
29532866_MinPolqaSfbRecording_cut.wav,3.25,1.258305739,1.233139624,4
30453771_MinPolqaSfbRecording_cut.wav,3.75,0.957427108,0.938278566,4
30087189_MinPolqaSfbRecording_cut.wav,3.25,0.5,0.49,4
30529066_MinPolqaSfbRecording_cut.wav,1.6,1.341640786,1.176,5
28231306_MinPolqaSfbRecording_cut.wav,4.2,0.836660027,0.733364848,5
30106572_MinPolqaSfbRecording_cut.wav,3.0,0.707106781,0.619806421,5
29058352_MinPolqaSfbRecording_cut.wav,3.4,0.547722558,0.48009999,5
30161564_MinPolqaSfbRecording_cut.wav,2.6,1.140175425,0.999407825,5
30249131_MinPolqaSfbRecording_cut.wav,2.4,0.547722558,0.48009999,5
29534554_MinPolqaSfbRecording_cut.wav,1.6,1.341640786,1.176,5
30172919_MinPolqaSfbRecording_cut.wav,3.8,0.447213595,0.392,5
28943552_MinPolqaSfbRecording_cut.wav,4.666666667,0.577350269,0.653333333,3
30513230_MinPolqaSfbRecording_cut.wav,4.666666667,0.577350269,0.653333333,3
28047115_MinPolqaSfbRecording_cut.wav,4.666666667,0.577350269,0.653333333,3
30522168_MinPolqaSfbRecording_cut.wav,4.333333333,0.577350269,0.653333333,3
30443642_MinPolqaSfbRecording_cut.wav,3.333333333,0.577350269,0.653333333,3
30255152_MinPolqaSfbRecording_cut.wav,4.333333333,0.577350269,0.653333333,3
28432124_MinPolqaSfbRecording_cut.wav,4.666666667,0.577350269,0.653333333,3
30483596_MinPolqaSfbRecording_cut.wav,3.333333333,0.577350269,0.653333333,3
28662498_MinPolqaSfbRecording_cut.wav,5.0,0.0,0.0,3
28427002_MinPolqaSfbRecording_cut.wav,4.0,0.0,0.0,3
30129027_MinPolqaSfbRecording_cut.wav,3.333333333,0.577350269,0.653333333,3
30104903_MinPolqaSfbRecording_cut.wav,4.0,0.0,0.0,3
30129825_MinPolqaSfbRecording_cut.wav,4.333333333,0.577350269,0.653333333,3
30460062_MinPolqaSfbRecording_cut.wav,3.666666667,0.577350269,0.653333333,3
30063631_MinPolqaSfbRecording_cut.wav,4.333333333,0.577350269,0.653333333,3
30404382_MinPolqaSfbRecording_cut.wav,3.0,0.0,0.0,3
30158267_MinPolqaSfbRecording_cut.wav,3.666666667,0.577350269,0.653333333,3
30081453_MinPolqaSfbRecording_cut.wav,3.0,0.0,0.0,2
30059943_MinPolqaSfbRecording_cut.wav,3.5,0.707106781,0.98,2
28350787_MinPolqaSfbRecording_cut.wav,4.5,0.707106781,0.98,2
30200203_MinPolqaSfbRecording_cut.wav,2.5,0.707106781,0.98,2
28695309_MinPolqaSfbRecording_cut.wav,3.5,0.707106781,0.98,2
30134012_MinPolqaSfbRecording_cut.wav,2.0,1.414213562,1.96,2
30150569_MinPolqaSfbRecording_cut.wav,2.0,1.414213562,1.96,2
30092435_MinPolqaSfbRecording_cut.wav,1.5,0.707106781,0.98,2
28489016_MinPolqaSfbRecording_cut.wav,4.0,1.0,1.131606528,3
30183083_MinPolqaSfbRecording_cut.wav,2.333333333,0.577350269,0.653333333,3
28693294_MinPolqaSfbRecording_cut.wav,4.0,0.0,0.0,3
30207425_MinPolqaSfbRecording_cut.wav,2.666666667,0.577350269,0.653333333,3
30484847_MinPolqaSfbRecording_cut.wav,3.666666667,0.577350269,0.653333333,3
29539636_MinPolqaSfbRecording_cut.wav,4.333333333,1.154700538,1.306666667,3
30500686_MinPolqaSfbRecording_cut.wav,4.333333333,0.577350269,0.653333333,3
30431595_MinPolqaSfbRecording_cut.wav,1.666666667,1.154700538,1.306666667,3
30176898_MinPolqaSfbRecording_cut.wav,3.666666667,1.154700538,1.306666667,3
30124697_MinPolqaSfbRecording_cut.wav,3.666666667,0.577350269,0.653333333,3
30450646_MinPolqaSfbRecording_cut.wav,1.333333333,0.577350269,0.653333333,3
28249231_MinPolqaSfbRecording_cut.wav,3.333333333,0.577350269,0.653333333,3
30513167_MinPolqaSfbRecording_cut.wav,3.666666667,0.577350269,0.653333333,3
30198709_MinPolqaSfbRecording_cut.wav,2.333333333,0.577350269,0.653333333,3
30100601_MinPolqaSfbRecording_cut.wav,2.0,0.0,0.0,3
30421913_MinPolqaSfbRecording_cut.wav,3.0,0.0,0.0,3
28220826_MinPolqaSfbRecording_cut.wav,3.666666667,1.154700538,1.306666667,3
30206782_MinPolqaSfbRecording_cut.wav,1.0,0.0,0.0,3
30147874_MinPolqaSfbRecording_cut.wav,3.666666667,0.577350269,0.653333333,3
30169953_MinPolqaSfbRecording_cut.wav,3.666666667,0.577350269,0.653333333,3
30251642_MinPolqaSfbRecording_cut.wav,1.333333333,0.577350269,0.653333333,3
30113980_MinPolqaSfbRecording_cut.wav,3.333333333,0.577350269,0.653333333,3
30178488_MinPolqaSfbRecording_cut.wav,4.0,1.0,1.131606528,3
30472841_MinPolqaSfbRecording_cut.wav,4.333333333,1.154700538,1.306666667,3
30073125_MinPolqaSfbRecording_cut.wav,2.333333333,1.154700538,1.306666667,3
29533157_MinPolqaSfbRecording_cut.wav,3.666666667,0.577350269,0.653333333,3
30158253_MinPolqaSfbRecording_cut.wav,2.333333333,1.154700538,1.306666667,3
30095385_MinPolqaSfbRecording_cut.wav,3.5,0.577350269,0.565803264,4
30178345_MinPolqaSfbRecording_cut.wav,1.75,1.5,1.47,4
30175448_MinPolqaSfbRecording_cut.wav,1.5,1.0,0.98,4
30256861_MinPolqaSfbRecording_cut.wav,3.0,0.816496581,0.800166649,4
30076563_MinPolqaSfbRecording_cut.wav,4.0,0.0,0.0,4
30126510_MinPolqaSfbRecording_cut.wav,1.75,0.5,0.49,4
30173629_MinPolqaSfbRecording_cut.wav,3.25,1.258305739,1.233139624,4
30471240_MinPolqaSfbRecording_cut.wav,2.5,1.0,0.98,4
30085855_MinPolqaSfbRecording_cut.wav,2.75,0.957427108,0.938278566,4
30432705_MinPolqaSfbRecording_cut.wav,1.75,0.957427108,0.938278566,4
30183776_MinPolqaSfbRecording_cut.wav,2.75,0.957427108,0.938278566,4
30399423_MinPolqaSfbRecording_cut.wav,3.25,0.957427108,0.938278566,4
30166042_MinPolqaSfbRecording_cut.wav,3.0,1.414213562,1.385929291,4
30175080_MinPolqaSfbRecording_cut.wav,2.666666667,1.154700538,1.306666667,3
28299539_MinPolqaSfbRecording_cut.wav,4.333333333,0.577350269,0.653333333,3
30148341_MinPolqaSfbRecording_cut.wav,2.0,1.0,1.131606528,3
30457320_MinPolqaSfbRecording_cut.wav,3.0,1.0,1.131606528,3
30530966_MinPolqaSfbRecording_cut.wav,2.0,0.0,0.0,3
30195153_MinPolqaSfbRecording_cut.wav,1.666666667,0.577350269,0.653333333,3
30428696_MinPolqaSfbRecording_cut.wav,2.0,1.0,1.131606528,3
27762613_MinPolqaSfbRecording_cut.wav,4.0,0.0,0.0,3
27683641_MinPolqaSfbRecording_cut.wav,3.5,1.0,0.98,4
30485990_MinPolqaSfbRecording_cut.wav,1.75,1.5,1.47,4
30175364_MinPolqaSfbRecording_cut.wav,2.5,0.577350269,0.565803264,4
30252252_MinPolqaSfbRecording_cut.wav,2.75,0.957427108,0.938278566,4
30429548_MinPolqaSfbRecording_cut.wav,3.5,0.577350269,0.565803264,4
30509365_MinPolqaSfbRecording_cut.wav,2.5,1.290994449,1.26517456,4
30156556_MinPolqaSfbRecording_cut.wav,4.0,0.816496581,0.800166649,4
30192777_MinPolqaSfbRecording_cut.wav,3.5,0.577350269,0.565803264,4
29543531_MinPolqaSfbRecording_cut.wav,3.5,1.732050808,1.697409791,4
30084281_MinPolqaSfbRecording_cut.wav,3.25,1.707825128,1.673668625,4
30423018_MinPolqaSfbRecording_cut.wav,3.5,1.732050808,1.697409791,4
30412139_MinPolqaSfbRecording_cut.wav,3.25,1.5,1.47,4
30211496_MinPolqaSfbRecording_cut.wav,3.75,1.892969449,1.85511006,4
30163728_MinPolqaSfbRecording_cut.wav,3.5,1.914854216,1.876557131,4
28925169_MinPolqaSfbRecording_cut.wav,4.25,0.5,0.49,4
30120550_MinPolqaSfbRecording_cut.wav,2.75,1.707825128,1.673668625,4
28455284_MinPolqaSfbRecording_cut.wav,3.0,1.0,1.131606528,3
28312914_MinPolqaSfbRecording_cut.wav,3.0,0.0,0.0,3
30258978_MinPolqaSfbRecording_cut.wav,2.0,1.0,1.131606528,3
30514725_MinPolqaSfbRecording_cut.wav,1.333333333,0.577350269,0.653333333,3
30147982_MinPolqaSfbRecording_cut.wav,1.666666667,1.154700538,1.306666667,3
30132266_MinPolqaSfbRecording_cut.wav,2.666666667,0.577350269,0.653333333,3
30170688_MinPolqaSfbRecording_cut.wav,3.666666667,0.577350269,0.653333333,3
28088170_MinPolqaSfbRecording_cut.wav,3.333333333,0.577350269,0.653333333,3
30402348_MinPolqaSfbRecording_cut.wav,2.333333333,0.577350269,0.653333333,3
30148332_MinPolqaSfbRecording_cut.wav,2.333333333,0.577350269,0.653333333,3
30456053_MinPolqaSfbRecording_cut.wav,1.666666667,0.577350269,0.653333333,3
28680716_MinPolqaSfbRecording_cut.wav,4.666666667,0.577350269,0.653333333,3
30261555_MinPolqaSfbRecording_cut.wav,1.333333333,0.577350269,0.653333333,3
30119911_MinPolqaSfbRecording_cut.wav,1.333333333,0.577350269,0.653333333,3
30067182_MinPolqaSfbRecording_cut.wav,2.666666667,0.577350269,0.653333333,3
30060203_MinPolqaSfbRecording_cut.wav,1.0,0.0,0.0,3
30483106_MinPolqaSfbRecording_cut.wav,4.333333333,1.154700538,1.306666667,3
30155290_MinPolqaSfbRecording_cut.wav,2.333333333,1.154700538,1.306666667,3
30179347_MinPolqaSfbRecording_cut.wav,3.0,0.816496581,0.800166649,4
30158210_MinPolqaSfbRecording_cut.wav,3.25,0.957427108,0.938278566,4
30199124_MinPolqaSfbRecording_cut.wav,4.0,0.816496581,0.800166649,4
30131689_MinPolqaSfbRecording_cut.wav,3.0,0.816496581,0.800166649,4
30081658_MinPolqaSfbRecording_cut.wav,2.0,0.816496581,0.800166649,4
30141113_MinPolqaSfbRecording_cut.wav,2.25,0.5,0.49,4
30113035_MinPolqaSfbRecording_cut.wav,4.25,0.5,0.49,4
30201750_MinPolqaSfbRecording_cut.wav,2.75,1.258305739,1.233139624,4
30084726_MinPolqaSfbRecording_cut.wav,4.0,0.0,0.0,4
30402621_MinPolqaSfbRecording_cut.wav,2.25,0.957427108,0.938278566,4
27832577_MinPolqaSfbRecording_cut.wav,2.5,0.577350269,0.565803264,4
30171529_MinPolqaSfbRecording_cut.wav,3.0,0.816496581,0.800166649,4
30117969_MinPolqaSfbRecording_cut.wav,2.5,0.577350269,0.565803264,4
30424195_MinPolqaSfbRecording_cut.wav,2.75,0.957427108,0.938278566,4
30077152_MinPolqaSfbRecording_cut.wav,3.0,0.816496581,0.800166649,4
30251416_MinPolqaSfbRecording_cut.wav,2.25,1.258305739,1.233139624,4
30515830_MinPolqaSfbRecording_cut.wav,2.0,1.414213562,1.385929291,4
30202669_MinPolqaSfbRecording_cut.wav,3.0,0.707106781,0.619806421,5
30454297_MinPolqaSfbRecording_cut.wav,2.0,0.707106781,0.619806421,5
30194851_MinPolqaSfbRecording_cut.wav,3.4,0.547722558,0.48009999,5
30443249_MinPolqaSfbRecording_cut.wav,3.8,1.095445115,0.960199979,5
30442861_MinPolqaSfbRecording_cut.wav,3.2,1.095445115,0.960199979,5
30090529_MinPolqaSfbRecording_cut.wav,4.0,0.707106781,0.619806421,5
30067976_MinPolqaSfbRecording_cut.wav,1.0,0.0,0.0,5
30510447_MinPolqaSfbRecording_cut.wav,1.8,1.303840481,1.142866571,5
30511043_MinPolqaSfbRecording_cut.wav,3.2,0.836660027,0.733364848,5
30139052_MinPolqaSfbRecording_cut.wav,2.5,1.290994449,1.26517456,4
30409294_MinPolqaSfbRecording_cut.wav,3.25,0.957427108,0.938278566,4
30412710_MinPolqaSfbRecording_cut.wav,3.75,0.5,0.49,4
30461371_MinPolqaSfbRecording_cut.wav,4.0,0.816496581,0.800166649,4
30425410_MinPolqaSfbRecording_cut.wav,3.5,0.577350269,0.565803264,4
27776144_MinPolqaSfbRecording_cut.wav,4.5,0.577350269,0.565803264,4
30174051_MinPolqaSfbRecording_cut.wav,3.5,1.290994449,1.26517456,4
30162664_MinPolqaSfbRecording_cut.wav,2.0,0.816496581,0.800166649,4
30148292_MinPolqaSfbRecording_cut.wav,4.0,1.154700538,1.131606528,4
30521990_MinPolqaSfbRecording_cut.wav,2.75,0.957427108,0.938278566,4
30486511_MinPolqaSfbRecording_cut.wav,3.25,1.258305739,1.233139624,4
30430585_MinPolqaSfbRecording_cut.wav,3.75,0.957427108,0.938278566,4
30090628_MinPolqaSfbRecording_cut.wav,2.75,0.957427108,0.938278566,4
27737239_MinPolqaSfbRecording_cut.wav,3.25,0.957427108,0.938278566,4
30457141_MinPolqaSfbRecording_cut.wav,1.5,1.0,0.98,4
28911183_MinPolqaSfbRecording_cut.wav,3.4,0.547722558,0.48009999,5
30503141_MinPolqaSfbRecording_cut.wav,2.8,0.836660027,0.733364848,5
28982926_MinPolqaSfbRecording_cut.wav,4.4,0.547722558,0.48009999,5
30514364_MinPolqaSfbRecording_cut.wav,3.6,1.140175425,0.999407825,5
29532389_MinPolqaSfbRecording_cut.wav,2.2,1.095445115,0.960199979,5
28713767_MinPolqaSfbRecording_cut.wav,3.4,0.547722558,0.48009999,5
30142677_MinPolqaSfbRecording_cut.wav,3.0,1.0,0.876538647,5
30127504_MinPolqaSfbRecording_cut.wav,2.0,0.707106781,0.619806421,5
30260356_MinPolqaSfbRecording_cut.wav,1.4,0.547722558,0.48009999,5
30165928_MinPolqaSfbRecording_cut.wav,3.333333333,0.577350269,0.653333333,3
30406639_MinPolqaSfbRecording_cut.wav,2.666666667,1.154700538,1.306666667,3
30123174_MinPolqaSfbRecording_cut.wav,2.333333333,0.577350269,0.653333333,3
28795819_MinPolqaSfbRecording_cut.wav,3.666666667,0.577350269,0.653333333,3
30519471_MinPolqaSfbRecording_cut.wav,2.666666667,0.577350269,0.653333333,3
30098209_MinPolqaSfbRecording_cut.wav,3.333333333,0.577350269,0.653333333,3
30250072_MinPolqaSfbRecording_cut.wav,2.666666667,0.577350269,0.653333333,3
30431628_MinPolqaSfbRecording_cut.wav,1.5,0.577350269,0.565803264,4
30064635_MinPolqaSfbRecording_cut.wav,2.0,0.816496581,0.800166649,4
30426389_MinPolqaSfbRecording_cut.wav,2.0,0.816496581,0.800166649,4
28885577_MinPolqaSfbRecording_cut.wav,3.75,0.5,0.49,4
28749495_MinPolqaSfbRecording_cut.wav,4.25,0.957427108,0.938278566,4
30475362_MinPolqaSfbRecording_cut.wav,2.0,0.0,0.0,4
27836377_MinPolqaSfbRecording_cut.wav,3.5,1.0,0.98,4
30428463_MinPolqaSfbRecording_cut.wav,2.0,1.414213562,1.385929291,4
30171141_MinPolqaSfbRecording_cut.wav,2.75,0.957427108,0.938278566,4
30152528_MinPolqaSfbRecording_cut.wav,3.25,0.957427108,0.938278566,4
30432186_MinPolqaSfbRecording_cut.wav,2.75,1.258305739,1.233139624,4
30148384_MinPolqaSfbRecording_cut.wav,4.25,0.5,0.49,4
30063431_MinPolqaSfbRecording_cut.wav,3.5,1.732050808,1.697409791,4
30067648_MinPolqaSfbRecording_cut.wav,3.25,1.5,1.47,4
28343866_MinPolqaSfbRecording_cut.wav,4.25,0.957427108,0.938278566,4
30256748_MinPolqaSfbRecording_cut.wav,4.25,0.5,0.49,4
29529596_MinPolqaSfbRecording_cut.wav,2.25,1.258305739,1.233139624,4
30098699_MinPolqaSfbRecording_cut.wav,4.0,1.224744871,1.073536213,5
28423442_MinPolqaSfbRecording_cut.wav,4.2,0.447213595,0.392,5
30195602_MinPolqaSfbRecording_cut.wav,3.0,1.224744871,1.073536213,5
28269629_MinPolqaSfbRecording_cut.wav,3.8,0.836660027,0.733364848,5
30433976_MinPolqaSfbRecording_cut.wav,4.2,0.836660027,0.733364848,5
27734785_MinPolqaSfbRecording_cut.wav,4.4,0.547722558,0.48009999,5
28339584_MinPolqaSfbRecording_cut.wav,4.4,0.547722558,0.48009999,5
30493930_MinPolqaSfbRecording_cut.wav,2.8,0.836660027,0.733364848,5
30439548_MinPolqaSfbRecording_cut.wav,3.666666667,0.577350269,0.653333333,3
30184117_MinPolqaSfbRecording_cut.wav,3.666666667,0.577350269,0.653333333,3
30208340_MinPolqaSfbRecording_cut.wav,3.0,0.0,0.0,3
30184680_MinPolqaSfbRecording_cut.wav,2.666666667,0.577350269,0.653333333,3
30136650_MinPolqaSfbRecording_cut.wav,2.666666667,0.577350269,0.653333333,3
30083522_MinPolqaSfbRecording_cut.wav,4.333333333,0.577350269,0.653333333,3
30530654_MinPolqaSfbRecording_cut.wav,4.0,1.0,1.131606528,3
30209385_MinPolqaSfbRecording_cut.wav,2.0,1.0,1.131606528,3
30430769_MinPolqaSfbRecording_cut.wav,2.333333333,0.577350269,0.653333333,3
28896754_MinPolqaSfbRecording_cut.wav,4.0,0.816496581,0.800166649,4
30208291_MinPolqaSfbRecording_cut.wav,3.25,0.957427108,0.938278566,4
30068523_MinPolqaSfbRecording_cut.wav,4.0,0.816496581,0.800166649,4
30482464_MinPolqaSfbRecording_cut.wav,3.0,1.414213562,1.385929291,4
30423514_MinPolqaSfbRecording_cut.wav,3.0,1.414213562,1.385929291,4
30174103_MinPolqaSfbRecording_cut.wav,3.0,1.825741858,1.789227021,4
30166967_MinPolqaSfbRecording_cut.wav,2.25,0.957427108,0.938278566,4
29542199_MinPolqaSfbRecording_cut.wav,2.75,1.707825128,1.673668625,4
27661283_MinPolqaSfbRecording_cut.wav,3.75,0.5,0.49,4
29534999_MinPolqaSfbRecording_cut.wav,3.0,1.414213562,1.385929291,4
28880657_MinPolqaSfbRecording_cut.wav,4.0,0.816496581,0.800166649,4
30112669_MinPolqaSfbRecording_cut.wav,2.75,0.957427108,0.938278566,4
30452129_MinPolqaSfbRecording_cut.wav,1.5,1.0,0.98,4
27765060_MinPolqaSfbRecording_cut.wav,4.5,0.577350269,0.565803264,4
30527124_MinPolqaSfbRecording_cut.wav,2.5,1.0,0.98,4
30075990_MinPolqaSfbRecording_cut.wav,3.5,1.290994449,1.26517456,4
28229658_MinPolqaSfbRecording_cut.wav,4.75,0.5,0.49,4
28106494_MinPolqaSfbRecording_cut.wav,3.5,0.577350269,0.565803264,4
30509637_MinPolqaSfbRecording_cut.wav,2.5,0.577350269,0.565803264,4
30473876_MinPolqaSfbRecording_cut.wav,4.0,0.816496581,0.800166649,4
30436904_MinPolqaSfbRecording_cut.wav,3.75,0.957427108,0.938278566,4
30107241_MinPolqaSfbRecording_cut.wav,3.5,1.290994449,1.26517456,4
30082558_MinPolqaSfbRecording_cut.wav,3.5,1.0,0.98,4
30206931_MinPolqaSfbRecording_cut.wav,4.0,0.0,0.0,4
30516386_MinPolqaSfbRecording_cut.wav,3.5,1.0,0.98,4
28555092_MinPolqaSfbRecording_cut.wav,3.75,1.258305739,1.233139624,4
30107310_MinPolqaSfbRecording_cut.wav,3.25,1.5,1.47,4
28749066_MinPolqaSfbRecording_cut.wav,2.75,0.957427108,0.938278566,4
30527149_MinPolqaSfbRecording_cut.wav,4.25,0.957427108,0.938278566,4
30494062_MinPolqaSfbRecording_cut.wav,1.5,1.0,0.98,4
30070289_MinPolqaSfbRecording_cut.wav,3.25,0.5,0.49,4
27970412_MinPolqaSfbRecording_cut.wav,4.0,0.816496581,0.800166649,4
28505960_MinPolqaSfbRecording_cut.wav,3.75,0.5,0.49,4
30067788_MinPolqaSfbRecording_cut.wav,3.0,0.0,0.0,4
30512918_MinPolqaSfbRecording_cut.wav,2.0,0.0,0.0,4
30127669_MinPolqaSfbRecording_cut.wav,3.75,0.957427108,0.938278566,4
30136764_MinPolqaSfbRecording_cut.wav,1.25,0.5,0.49,4
30141126_MinPolqaSfbRecording_cut.wav,1.5,0.577350269,0.565803264,4
30143165_MinPolqaSfbRecording_cut.wav,2.0,0.816496581,0.800166649,4
30436803_MinPolqaSfbRecording_cut.wav,1.25,0.5,0.49,4
30255914_MinPolqaSfbRecording_cut.wav,3.0,0.816496581,0.800166649,4
30510909_MinPolqaSfbRecording_cut.wav,2.0,0.816496581,0.800166649,4
30522207_MinPolqaSfbRecording_cut.wav,2.5,0.707106781,0.98,2
28650723_MinPolqaSfbRecording_cut.wav,4.5,0.707106781,0.98,2
30409836_MinPolqaSfbRecording_cut.wav,4.5,0.707106781,0.98,2
30145426_MinPolqaSfbRecording_cut.wav,3.5,0.707106781,0.98,2
28723099_MinPolqaSfbRecording_cut.wav,4.5,0.707106781,0.98,2
30083385_MinPolqaSfbRecording_cut.wav,3.5,0.707106781,0.98,2
30173422_MinPolqaSfbRecording_cut.wav,2.5,0.707106781,0.98,2
28228464_MinPolqaSfbRecording_cut.wav,3.666666667,0.577350269,0.653333333,3
30066537_MinPolqaSfbRecording_cut.wav,4.333333333,0.577350269,0.653333333,3
30171875_MinPolqaSfbRecording_cut.wav,3.0,1.0,1.131606528,3
30422442_MinPolqaSfbRecording_cut.wav,1.0,0.0,0.0,3
28085049_MinPolqaSfbRecording_cut.wav,3.666666667,1.527525232,1.728557523,3
30257327_MinPolqaSfbRecording_cut.wav,4.333333333,0.577350269,0.653333333,3
30104036_MinPolqaSfbRecording_cut.wav,4.0,1.0,1.131606528,3
30090620_MinPolqaSfbRecording_cut.wav,3.333333333,0.577350269,0.653333333,3
30063433_MinPolqaSfbRecording_cut.wav,4.0,1.0,1.131606528,3
27954319_MinPolqaSfbRecording_cut.wav,4.0,1.0,0.876538647,5
30148024_MinPolqaSfbRecording_cut.wav,3.0,1.414213562,1.239612843,5
30123436_MinPolqaSfbRecording_cut.wav,3.6,0.547722558,0.48009999,5
30484277_MinPolqaSfbRecording_cut.wav,3.2,1.095445115,0.960199979,5
30092284_MinPolqaSfbRecording_cut.wav,4.2,0.836660027,0.733364848,5
30068475_MinPolqaSfbRecording_cut.wav,2.2,1.095445115,0.960199979,5
30451846_MinPolqaSfbRecording_cut.wav,2.4,1.516575089,1.329336677,5
30149375_MinPolqaSfbRecording_cut.wav,4.0,1.0,0.876538647,5
30474726_MinPolqaSfbRecording_cut.wav,3.6,0.547722558,0.48009999,5
30464368_MinPolqaSfbRecording_cut.wav,2.333333333,0.577350269,0.653333333,3
30256902_MinPolqaSfbRecording_cut.wav,2.0,1.0,1.131606528,3
28919206_MinPolqaSfbRecording_cut.wav,4.0,0.0,0.0,3
30185169_MinPolqaSfbRecording_cut.wav,2.333333333,0.577350269,0.653333333,3
30469159_MinPolqaSfbRecording_cut.wav,3.0,1.0,1.131606528,3
29533829_MinPolqaSfbRecording_cut.wav,3.666666667,0.577350269,0.653333333,3
30443925_MinPolqaSfbRecording_cut.wav,1.666666667,0.577350269,0.653333333,3
29537826_MinPolqaSfbRecording_cut.wav,1.333333333,0.577350269,0.653333333,3
30472892_MinPolqaSfbRecording_cut.wav,2.666666667,0.577350269,0.653333333,3
28730877_MinPolqaSfbRecording_cut.wav,3.0,0.0,0.0,3
30488395_MinPolqaSfbRecording_cut.wav,3.25,0.5,0.49,4
30169079_MinPolqaSfbRecording_cut.wav,4.0,0.816496581,0.800166649,4
30183670_MinPolqaSfbRecording_cut.wav,2.0,1.414213562,1.385929291,4
30447481_MinPolqaSfbRecording_cut.wav,3.25,0.5,0.49,4
30416851_MinPolqaSfbRecording_cut.wav,2.5,1.0,0.98,4
27874223_MinPolqaSfbRecording_cut.wav,3.75,0.5,0.49,4
30128012_MinPolqaSfbRecording_cut.wav,3.333333333,1.154700538,1.306666667,3
30172779_MinPolqaSfbRecording_cut.wav,4.333333333,0.577350269,0.653333333,3
30453022_MinPolqaSfbRecording_cut.wav,3.666666667,0.577350269,0.653333333,3
30127868_MinPolqaSfbRecording_cut.wav,3.333333333,1.527525232,1.728557523,3
30106305_MinPolqaSfbRecording_cut.wav,3.666666667,0.577350269,0.653333333,3
28129316_MinPolqaSfbRecording_cut.wav,3.666666667,0.577350269,0.653333333,3
30463206_MinPolqaSfbRecording_cut.wav,4.333333333,0.577350269,0.653333333,3
30141983_MinPolqaSfbRecording_cut.wav,3.0,1.414213562,1.385929291,4
27553887_MinPolqaSfbRecording_cut.wav,3.25,1.5,1.47,4
29543202_MinPolqaSfbRecording_cut.wav,2.5,0.577350269,0.565803264,4
30106835_MinPolqaSfbRecording_cut.wav,2.75,1.258305739,1.233139624,4
30178384_MinPolqaSfbRecording_cut.wav,2.75,1.258305739,1.233139624,4
30408258_MinPolqaSfbRecording_cut.wav,2.25,0.957427108,0.938278566,4
30453473_MinPolqaSfbRecording_cut.wav,2.25,1.258305739,1.233139624,4
30251110_MinPolqaSfbRecording_cut.wav,2.5,0.577350269,0.565803264,4
28003701_MinPolqaSfbRecording_cut.wav,4.0,1.154700538,1.131606528,4
30066885_MinPolqaSfbRecording_cut.wav,2.0,0.0,0.0,4
28309198_MinPolqaSfbRecording_cut.wav,3.2,0.836660027,0.733364848,5
28946465_MinPolqaSfbRecording_cut.wav,3.4,0.547722558,0.48009999,5
30481260_MinPolqaSfbRecording_cut.wav,3.8,0.447213595,0.392,5
30085264_MinPolqaSfbRecording_cut.wav,2.4,0.547722558,0.48009999,5
30449660_MinPolqaSfbRecording_cut.wav,1.8,0.836660027,0.733364848,5
30091802_MinPolqaSfbRecording_cut.wav,2.6,0.894427191,0.784,5
30251232_MinPolqaSfbRecording_cut.wav,3.4,0.547722558,0.48009999,5
30485397_MinPolqaSfbRecording_cut.wav,3.25,0.957427108,0.938278566,4
30155436_MinPolqaSfbRecording_cut.wav,3.0,0.816496581,0.800166649,4
30092422_MinPolqaSfbRecording_cut.wav,3.5,0.577350269,0.565803264,4
30479727_MinPolqaSfbRecording_cut.wav,3.5,1.0,0.98,4
29537155_MinPolqaSfbRecording_cut.wav,2.75,1.258305739,1.233139624,4
30446916_MinPolqaSfbRecording_cut.wav,4.0,0.816496581,0.800166649,4
28501619_MinPolqaSfbRecording_cut.wav,4.25,0.957427108,0.938278566,4
29051395_MinPolqaSfbRecording_cut.wav,4.25,0.5,0.49,4
29532111_MinPolqaSfbRecording_cut.wav,2.25,1.5,1.47,4
28622332_MinPolqaSfbRecording_cut.wav,4.666666667,0.577350269,0.653333333,3
30200154_MinPolqaSfbRecording_cut.wav,4.333333333,0.577350269,0.653333333,3
30068419_MinPolqaSfbRecording_cut.wav,4.0,1.0,1.131606528,3
30096892_MinPolqaSfbRecording_cut.wav,3.666666667,1.154700538,1.306666667,3
30202172_MinPolqaSfbRecording_cut.wav,2.0,1.0,1.131606528,3
30428163_MinPolqaSfbRecording_cut.wav,3.333333333,1.527525232,1.728557523,3
30257573_MinPolqaSfbRecording_cut.wav,3.0,1.732050808,1.96,3
30088584_MinPolqaSfbRecording_cut.wav,4.0,1.0,1.131606528,3
30424664_MinPolqaSfbRecording_cut.wav,4.0,0.707106781,0.619806421,5
28644387_MinPolqaSfbRecording_cut.wav,4.8,0.447213595,0.392,5
30128346_MinPolqaSfbRecording_cut.wav,4.6,0.547722558,0.48009999,5
30184770_MinPolqaSfbRecording_cut.wav,3.8,0.836660027,0.733364848,5
30154956_MinPolqaSfbRecording_cut.wav,3.8,0.447213595,0.392,5
28310592_MinPolqaSfbRecording_cut.wav,4.8,0.447213595,0.392,5
30149214_MinPolqaSfbRecording_cut.wav,2.4,1.140175425,0.999407825,5
30100757_MinPolqaSfbRecording_cut.wav,4.0,1.0,0.876538647,5
30466414_MinPolqaSfbRecording_cut.wav,3.0,1.0,1.131606528,3
30489933_MinPolqaSfbRecording_cut.wav,4.333333333,0.577350269,0.653333333,3
30193312_MinPolqaSfbRecording_cut.wav,3.0,1.0,1.131606528,3
27762448_MinPolqaSfbRecording_cut.wav,4.0,0.0,0.0,3
30067728_MinPolqaSfbRecording_cut.wav,3.333333333,0.577350269,0.653333333,3
30142083_MinPolqaSfbRecording_cut.wav,4.666666667,0.577350269,0.653333333,3
30183633_MinPolqaSfbRecording_cut.wav,4.333333333,0.577350269,0.653333333,3
30514752_MinPolqaSfbRecording_cut.wav,3.0,0.0,0.0,3
28074979_MinPolqaSfbRecording_cut.wav,4.333333333,0.577350269,0.653333333,3
30431906_MinPolqaSfbRecording_cut.wav,2.666666667,1.154700538,1.306666667,3
27949257_MinPolqaSfbRecording_cut.wav,5.0,0.0,0.0,3
30431677_MinPolqaSfbRecording_cut.wav,2.333333333,0.577350269,0.653333333,3
30445033_MinPolqaSfbRecording_cut.wav,2.0,1.732050808,1.96,3
30256648_MinPolqaSfbRecording_cut.wav,4.333333333,0.577350269,0.653333333,3
30078349_MinPolqaSfbRecording_cut.wav,4.333333333,0.577350269,0.653333333,3
27582791_MinPolqaSfbRecording_cut.wav,4.0,0.0,0.0,3
30146278_MinPolqaSfbRecording_cut.wav,2.0,1.414213562,1.385929291,4
30141727_MinPolqaSfbRecording_cut.wav,1.25,0.5,0.49,4
27807725_MinPolqaSfbRecording_cut.wav,2.5,1.0,0.98,4
30161978_MinPolqaSfbRecording_cut.wav,2.0,1.414213562,1.385929291,4
30068658_MinPolqaSfbRecording_cut.wav,2.5,0.577350269,0.565803264,4
30126741_MinPolqaSfbRecording_cut.wav,3.0,0.816496581,0.800166649,4
30196204_MinPolqaSfbRecording_cut.wav,2.75,0.957427108,0.938278566,4
30427351_MinPolqaSfbRecording_cut.wav,2.25,0.5,0.49,4
30514264_MinPolqaSfbRecording_cut.wav,1.75,0.5,0.49,4
28231178_MinPolqaSfbRecording_cut.wav,3.75,0.5,0.49,4
28363142_MinPolqaSfbRecording_cut.wav,3.5,0.577350269,0.565803264,4
30192833_MinPolqaSfbRecording_cut.wav,3.75,0.5,0.49,4
30073719_MinPolqaSfbRecording_cut.wav,3.0,0.816496581,0.800166649,4
30510695_MinPolqaSfbRecording_cut.wav,2.0,0.816496581,0.800166649,4
30430677_MinPolqaSfbRecording_cut.wav,2.75,1.258305739,1.233139624,4
30506275_MinPolqaSfbRecording_cut.wav,2.0,0.0,0.0,2
30466410_MinPolqaSfbRecording_cut.wav,4.0,0.0,0.0,2
30194389_MinPolqaSfbRecording_cut.wav,4.0,0.0,0.0,2
30432746_MinPolqaSfbRecording_cut.wav,2.5,0.707106781,0.98,2
30519903_MinPolqaSfbRecording_cut.wav,3.0,1.414213562,1.96,2
30107207_MinPolqaSfbRecording_cut.wav,4.5,0.707106781,0.98,2
30529433_MinPolqaSfbRecording_cut.wav,3.0,1.414213562,1.96,2
28705657_MinPolqaSfbRecording_cut.wav,4.5,0.707106781,0.98,2
28152452_MinPolqaSfbRecording_cut.wav,5.0,0.0,0.0,2
30100379_MinPolqaSfbRecording_cut.wav,3.0,1.632993162,1.600333299,4
28078306_MinPolqaSfbRecording_cut.wav,4.25,0.957427108,0.938278566,4
28619443_MinPolqaSfbRecording_cut.wav,4.0,1.414213562,1.385929291,4
28755099_MinPolqaSfbRecording_cut.wav,4.5,1.0,0.98,4
30151237_MinPolqaSfbRecording_cut.wav,3.25,2.061552813,2.020321757,4
30065258_MinPolqaSfbRecording_cut.wav,3.25,1.5,1.47,4
30455033_MinPolqaSfbRecording_cut.wav,2.75,2.061552813,2.020321757,4
30258059_MinPolqaSfbRecording_cut.wav,3.0,1.154700538,1.131606528,4
30439929_MinPolqaSfbRecording_cut.wav,3.25,1.5,1.47,4
27594792_MinPolqaSfbRecording_cut.wav,4.75,0.5,0.49,4
28071007_MinPolqaSfbRecording_cut.wav,3.666666667,0.577350269,0.653333333,3
27563386_MinPolqaSfbRecording_cut.wav,3.333333333,0.577350269,0.653333333,3
30087359_MinPolqaSfbRecording_cut.wav,2.333333333,1.527525232,1.728557523,3
30467305_MinPolqaSfbRecording_cut.wav,2.0,1.732050808,1.96,3
30085056_MinPolqaSfbRecording_cut.wav,3.0,1.0,1.131606528,3
30146856_MinPolqaSfbRecording_cut.wav,2.333333333,0.577350269,0.653333333,3
30443422_MinPolqaSfbRecording_cut.wav,3.0,1.0,1.131606528,3
30101137_MinPolqaSfbRecording_cut.wav,3.0,1.0,1.131606528,3
30174696_MinPolqaSfbRecording_cut.wav,3.0,0.816496581,0.800166649,4
30513713_MinPolqaSfbRecording_cut.wav,2.5,0.577350269,0.565803264,4
28190062_MinPolqaSfbRecording_cut.wav,4.0,0.0,0.0,4
30155797_MinPolqaSfbRecording_cut.wav,3.5,0.577350269,0.565803264,4
30470402_MinPolqaSfbRecording_cut.wav,2.5,0.577350269,0.565803264,4
30169781_MinPolqaSfbRecording_cut.wav,3.0,0.816496581,0.800166649,4
30103720_MinPolqaSfbRecording_cut.wav,2.5,0.577350269,0.565803264,4
30138191_MinPolqaSfbRecording_cut.wav,3.5,0.577350269,0.565803264,4
30457173_MinPolqaSfbRecording_cut.wav,3.75,0.957427108,0.938278566,4
30502369_MinPolqaSfbRecording_cut.wav,3.666666667,0.577350269,0.653333333,3
30509921_MinPolqaSfbRecording_cut.wav,3.666666667,0.577350269,0.653333333,3
28656553_MinPolqaSfbRecording_cut.wav,3.666666667,0.577350269,0.653333333,3
30204436_MinPolqaSfbRecording_cut.wav,3.333333333,0.577350269,0.653333333,3
30432185_MinPolqaSfbRecording_cut.wav,3.333333333,0.577350269,0.653333333,3
30086750_MinPolqaSfbRecording_cut.wav,3.333333333,0.577350269,0.653333333,3
30427520_MinPolqaSfbRecording_cut.wav,3.333333333,0.577350269,0.653333333,3
27564893_MinPolqaSfbRecording_cut.wav,3.666666667,0.577350269,0.653333333,3
30076019_MinPolqaSfbRecording_cut.wav,3.666666667,0.577350269,0.653333333,3
30454251_MinPolqaSfbRecording_cut.wav,3.0,0.0,0.0,3
29538693_MinPolqaSfbRecording_cut.wav,3.75,1.892969449,1.85511006,4
30513421_MinPolqaSfbRecording_cut.wav,2.5,1.290994449,1.26517456,4
29531356_MinPolqaSfbRecording_cut.wav,4.0,0.816496581,0.800166649,4
30402584_MinPolqaSfbRecording_cut.wav,2.25,0.957427108,0.938278566,4
30062401_MinPolqaSfbRecording_cut.wav,4.25,0.5,0.49,4
27595711_MinPolqaSfbRecording_cut.wav,3.5,1.732050808,1.697409791,4
30136243_MinPolqaSfbRecording_cut.wav,4.0,0.816496581,0.800166649,4
30520577_MinPolqaSfbRecording_cut.wav,4.0,0.816496581,0.800166649,4
30202556_MinPolqaSfbRecording_cut.wav,4.25,0.5,0.49,4
30178642_MinPolqaSfbRecording_cut.wav,2.75,0.957427108,0.938278566,4
30183005_MinPolqaSfbRecording_cut.wav,2.5,1.0,0.98,4
30449464_MinPolqaSfbRecording_cut.wav,2.25,1.258305739,1.233139624,4
28106836_MinPolqaSfbRecording_cut.wav,4.5,0.577350269,0.565803264,4
30458594_MinPolqaSfbRecording_cut.wav,1.75,0.957427108,0.938278566,4
30119360_MinPolqaSfbRecording_cut.wav,4.0,0.816496581,0.800166649,4
28465975_MinPolqaSfbRecording_cut.wav,4.0,0.816496581,0.800166649,4
30258690_MinPolqaSfbRecording_cut.wav,3.2,0.447213595,0.392,5
30126849_MinPolqaSfbRecording_cut.wav,3.2,0.836660027,0.733364848,5
28354509_MinPolqaSfbRecording_cut.wav,3.4,0.547722558,0.48009999,5
30445522_MinPolqaSfbRecording_cut.wav,3.0,0.707106781,0.619806421,5
30207728_MinPolqaSfbRecording_cut.wav,2.4,1.516575089,1.329336677,5
30091867_MinPolqaSfbRecording_cut.wav,3.8,0.836660027,0.733364848,5
29537276_MinPolqaSfbRecording_cut.wav,3.4,0.547722558,0.48009999,5
30511946_MinPolqaSfbRecording_cut.wav,2.8,0.836660027,0.733364848,5
30151941_MinPolqaSfbRecording_cut.wav,3.2,0.447213595,0.392,5
28981287_MinPolqaSfbRecording_cut.wav,4.0,0.707106781,0.619806421,5
30512142_MinPolqaSfbRecording_cut.wav,3.2,1.303840481,1.142866571,5
30209324_MinPolqaSfbRecording_cut.wav,4.0,0.707106781,0.619806421,5
27749999_MinPolqaSfbRecording_cut.wav,3.6,0.894427191,0.784,5
29037455_MinPolqaSfbRecording_cut.wav,3.2,0.836660027,0.733364848,5
30181041_MinPolqaSfbRecording_cut.wav,3.4,0.894427191,0.784,5
28668422_MinPolqaSfbRecording_cut.wav,4.0,0.707106781,0.619806421,5
27748110_MinPolqaSfbRecording_cut.wav,3.6,1.140175425,0.999407825,5
28534220_MinPolqaSfbRecording_cut.wav,3.8,0.836660027,0.733364848,5
27625520_MinPolqaSfbRecording_cut.wav,4.5,0.707106781,0.98,2
30176931_MinPolqaSfbRecording_cut.wav,3.5,0.707106781,0.98,2
30099893_MinPolqaSfbRecording_cut.wav,4.0,0.0,0.0,2
30067848_MinPolqaSfbRecording_cut.wav,3.0,0.0,0.0,2
30078610_MinPolqaSfbRecording_cut.wav,1.5,0.707106781,0.98,2
30069466_MinPolqaSfbRecording_cut.wav,3.5,0.707106781,0.98,2
30255138_MinPolqaSfbRecording_cut.wav,3.5,0.707106781,0.98,2
30158099_MinPolqaSfbRecording_cut.wav,2.5,0.707106781,0.98,2
30065786_MinPolqaSfbRecording_cut.wav,3.8,0.836660027,0.733364848,5
28513224_MinPolqaSfbRecording_cut.wav,4.2,0.447213595,0.392,5
30062703_MinPolqaSfbRecording_cut.wav,2.4,1.341640786,1.176,5
30194444_MinPolqaSfbRecording_cut.wav,3.4,1.341640786,1.176,5
30487805_MinPolqaSfbRecording_cut.wav,3.2,1.303840481,1.142866571,5
30091602_MinPolqaSfbRecording_cut.wav,3.6,0.547722558,0.48009999,5
30206553_MinPolqaSfbRecording_cut.wav,4.4,0.894427191,0.784,5
27766966_MinPolqaSfbRecording_cut.wav,4.4,0.547722558,0.48009999,5
25874041_MinPolqaSfbRecording_cut.wav,4.0,0.707106781,0.619806421,5
30513729_MinPolqaSfbRecording_cut.wav,2.8,1.643167673,1.440299969,5
30165911_MinPolqaSfbRecording_cut.wav,3.6,0.894427191,0.784,5
30484465_MinPolqaSfbRecording_cut.wav,1.8,1.095445115,0.960199979,5
30147132_MinPolqaSfbRecording_cut.wav,4.0,0.707106781,0.619806421,5
30122311_MinPolqaSfbRecording_cut.wav,3.6,1.341640786,1.176,5
30483229_MinPolqaSfbRecording_cut.wav,4.0,0.707106781,0.619806421,5
30058520_MinPolqaSfbRecording_cut.wav,2.4,0.547722558,0.48009999,5
30062695_MinPolqaSfbRecording_cut.wav,3.8,0.836660027,0.733364848,5
27800453_MinPolqaSfbRecording_cut.wav,3.8,0.836660027,0.733364848,5
30249587_MinPolqaSfbRecording_cut.wav,3.2,1.095445115,0.960199979,5
28338953_MinPolqaSfbRecording_cut.wav,2.75,0.5,0.49,4
28817514_MinPolqaSfbRecording_cut.wav,3.25,0.5,0.49,4
30254658_MinPolqaSfbRecording_cut.wav,3.5,0.577350269,0.565803264,4
30104126_MinPolqaSfbRecording_cut.wav,2.5,1.290994449,1.26517456,4
28235879_MinPolqaSfbRecording_cut.wav,3.25,0.5,0.49,4
30083025_MinPolqaSfbRecording_cut.wav,3.0,0.816496581,0.800166649,4
30198978_MinPolqaSfbRecording_cut.wav,3.0,0.816496581,0.800166649,4
27634713_MinPolqaSfbRecording_cut.wav,2.75,0.957427108,0.938278566,4
30488274_MinPolqaSfbRecording_cut.wav,3.4,1.516575089,1.329336677,5
30210985_MinPolqaSfbRecording_cut.wav,2.8,1.303840481,1.142866571,5
30531858_MinPolqaSfbRecording_cut.wav,3.4,0.894427191,0.784,5
30122765_MinPolqaSfbRecording_cut.wav,2.4,1.140175425,0.999407825,5
28477275_MinPolqaSfbRecording_cut.wav,4.0,1.0,0.876538647,5
29533298_MinPolqaSfbRecording_cut.wav,3.6,1.140175425,0.999407825,5
30069040_MinPolqaSfbRecording_cut.wav,3.8,1.303840481,1.142866571,5
27620437_MinPolqaSfbRecording_cut.wav,3.8,0.836660027,0.733364848,5
28748911_MinPolqaSfbRecording_cut.wav,4.333333333,0.577350269,0.653333333,3
27979319_MinPolqaSfbRecording_cut.wav,4.0,0.0,0.0,3
30154844_MinPolqaSfbRecording_cut.wav,4.0,1.0,1.131606528,3
30107436_MinPolqaSfbRecording_cut.wav,2.333333333,0.577350269,0.653333333,3
30120217_MinPolqaSfbRecording_cut.wav,2.333333333,0.577350269,0.653333333,3
29538374_MinPolqaSfbRecording_cut.wav,3.0,1.0,1.131606528,3
30107146_MinPolqaSfbRecording_cut.wav,4.0,1.0,1.131606528,3
30063338_MinPolqaSfbRecording_cut.wav,3.333333333,0.577350269,0.653333333,3
30189484_MinPolqaSfbRecording_cut.wav,3.5,0.707106781,0.98,2
28561758_MinPolqaSfbRecording_cut.wav,4.5,0.707106781,0.98,2
28815131_MinPolqaSfbRecording_cut.wav,4.5,0.707106781,0.98,2
30099875_MinPolqaSfbRecording_cut.wav,4.5,0.707106781,0.98,2
29529850_MinPolqaSfbRecording_cut.wav,5.0,0.0,0.0,2
28461639_MinPolqaSfbRecording_cut.wav,4.5,0.707106781,0.98,2
30427891_MinPolqaSfbRecording_cut.wav,3.0,1.414213562,1.96,2
30462545_MinPolqaSfbRecording_cut.wav,4.0,1.414213562,1.96,2
30202751_MinPolqaSfbRecording_cut.wav,3.333333333,0.577350269,0.653333333,3
30130191_MinPolqaSfbRecording_cut.wav,1.666666667,1.154700538,1.306666667,3
30178094_MinPolqaSfbRecording_cut.wav,4.0,1.0,1.131606528,3
30478471_MinPolqaSfbRecording_cut.wav,3.0,0.0,0.0,3
30401612_MinPolqaSfbRecording_cut.wav,2.666666667,1.154700538,1.306666667,3
30449415_MinPolqaSfbRecording_cut.wav,2.0,1.0,1.131606528,3
30097668_MinPolqaSfbRecording_cut.wav,1.666666667,1.154700538,1.306666667,3
30515267_MinPolqaSfbRecording_cut.wav,1.666666667,1.154700538,1.306666667,3
30458494_MinPolqaSfbRecording_cut.wav,2.333333333,0.577350269,0.653333333,3
30514430_MinPolqaSfbRecording_cut.wav,3.666666667,1.154700538,1.306666667,3
30118572_MinPolqaSfbRecording_cut.wav,3.4,0.547722558,0.48009999,5
30257990_MinPolqaSfbRecording_cut.wav,3.6,0.547722558,0.48009999,5
30458357_MinPolqaSfbRecording_cut.wav,1.8,0.447213595,0.392,5
28637078_MinPolqaSfbRecording_cut.wav,4.0,0.707106781,0.619806421,5
30091154_MinPolqaSfbRecording_cut.wav,3.6,0.894427191,0.784,5
30144831_MinPolqaSfbRecording_cut.wav,3.4,0.547722558,0.48009999,5
27981043_MinPolqaSfbRecording_cut.wav,4.0,0.707106781,0.619806421,5
27650970_MinPolqaSfbRecording_cut.wav,3.8,0.836660027,0.733364848,5
30152212_MinPolqaSfbRecording_cut.wav,3.8,0.836660027,0.733364848,5
30209469_MinPolqaSfbRecording_cut.wav,3.0,1.224744871,1.073536213,5
30514889_MinPolqaSfbRecording_cut.wav,3.8,0.447213595,0.392,5
30457117_MinPolqaSfbRecording_cut.wav,3.2,0.836660027,0.733364848,5
30421837_MinPolqaSfbRecording_cut.wav,2.6,1.341640786,1.176,5
30454168_MinPolqaSfbRecording_cut.wav,2.6,1.341640786,1.176,5
30170990_MinPolqaSfbRecording_cut.wav,3.2,0.836660027,0.733364848,5
30430753_MinPolqaSfbRecording_cut.wav,2.8,1.095445115,0.960199979,5
28591397_MinPolqaSfbRecording_cut.wav,3.4,0.547722558,0.48009999,5
30169312_MinPolqaSfbRecording_cut.wav,2.8,0.447213595,0.392,5
30440561_MinPolqaSfbRecording_cut.wav,2.6,0.547722558,0.48009999,5
30069505_MinPolqaSfbRecording_cut.wav,3.8,0.836660027,0.733364848,5
28485636_MinPolqaSfbRecording_cut.wav,3.6,0.547722558,0.48009999,5
30065261_MinPolqaSfbRecording_cut.wav,3.0,0.0,0.0,5
30209521_MinPolqaSfbRecording_cut.wav,3.0,0.707106781,0.619806421,5
30257383_MinPolqaSfbRecording_cut.wav,3.8,0.836660027,0.733364848,5
30529109_MinPolqaSfbRecording_cut.wav,2.6,0.547722558,0.48009999,5
28258715_MinPolqaSfbRecording_cut.wav,4.0,1.0,0.876538647,5
29529949_MinPolqaSfbRecording_cut.wav,3.0,1.732050808,1.96,3
27599050_MinPolqaSfbRecording_cut.wav,4.0,1.0,1.131606528,3
26012399_MinPolqaSfbRecording_cut.wav,4.333333333,0.577350269,0.653333333,3
30159466_MinPolqaSfbRecording_cut.wav,3.333333333,2.081665999,2.355626833,3
30145027_MinPolqaSfbRecording_cut.wav,3.0,1.0,1.131606528,3
28351282_MinPolqaSfbRecording_cut.wav,4.0,1.0,1.131606528,3
28142597_MinPolqaSfbRecording_cut.wav,3.666666667,1.527525232,1.728557523,3
30128149_MinPolqaSfbRecording_cut.wav,2.666666667,1.527525232,1.728557523,3
28754024_MinPolqaSfbRecording_cut.wav,4.333333333,0.577350269,0.653333333,3
30471390_MinPolqaSfbRecording_cut.wav,2.25,1.258305739,1.233139624,4
30085213_MinPolqaSfbRecording_cut.wav,2.0,0.816496581,0.800166649,4
30060613_MinPolqaSfbRecording_cut.wav,2.5,1.0,0.98,4
28349113_MinPolqaSfbRecording_cut.wav,3.25,0.5,0.49,4
27667627_MinPolqaSfbRecording_cut.wav,4.0,0.816496581,0.800166649,4
27829530_MinPolqaSfbRecording_cut.wav,4.0,0.816496581,0.800166649,4
30073179_MinPolqaSfbRecording_cut.wav,2.5,1.290994449,1.26517456,4
30249634_MinPolqaSfbRecording_cut.wav,2.5,1.290994449,1.26517456,4
30460357_MinPolqaSfbRecording_cut.wav,2.25,1.258305739,1.233139624,4
30092748_MinPolqaSfbRecording_cut.wav,1.5,1.0,0.98,4
30098719_MinPolqaSfbRecording_cut.wav,3.25,0.5,0.49,4
30156312_MinPolqaSfbRecording_cut.wav,1.25,0.5,0.49,4
30209989_MinPolqaSfbRecording_cut.wav,3.75,0.5,0.49,4
28679623_MinPolqaSfbRecording_cut.wav,3.75,0.5,0.49,4
30122691_MinPolqaSfbRecording_cut.wav,3.0,0.816496581,0.800166649,4
30473614_MinPolqaSfbRecording_cut.wav,1.0,0.0,0.0,4
28171945_MinPolqaSfbRecording_cut.wav,3.5,0.577350269,0.565803264,4
30435049_MinPolqaSfbRecording_cut.wav,2.25,0.5,0.49,4
30141614_MinPolqaSfbRecording_cut.wav,2.5,0.577350269,0.565803264,4
30113657_MinPolqaSfbRecording_cut.wav,3.666666667,2.309401077,2.613333333,3
29529731_MinPolqaSfbRecording_cut.wav,4.0,1.0,1.131606528,3
29530481_MinPolqaSfbRecording_cut.wav,4.333333333,0.577350269,0.653333333,3
30083705_MinPolqaSfbRecording_cut.wav,4.0,0.0,0.0,3
28028217_MinPolqaSfbRecording_cut.wav,4.0,1.0,1.131606528,3
30445688_MinPolqaSfbRecording_cut.wav,3.666666667,1.527525232,1.728557523,3
28922379_MinPolqaSfbRecording_cut.wav,3.666666667,0.577350269,0.653333333,3
30126072_MinPolqaSfbRecording_cut.wav,3.666666667,1.527525232,1.728557523,3
30180930_MinPolqaSfbRecording_cut.wav,4.0,0.816496581,0.800166649,4
30145219_MinPolqaSfbRecording_cut.wav,3.0,0.816496581,0.800166649,4
30136213_MinPolqaSfbRecording_cut.wav,3.75,0.5,0.49,4
30439618_MinPolqaSfbRecording_cut.wav,2.5,1.732050808,1.697409791,4
27511562_MinPolqaSfbRecording_cut.wav,4.0,0.816496581,0.800166649,4
28958216_MinPolqaSfbRecording_cut.wav,4.0,0.816496581,0.800166649,4
30138828_MinPolqaSfbRecording_cut.wav,2.25,1.258305739,1.233139624,4
30070724_MinPolqaSfbRecording_cut.wav,3.0,0.816496581,0.800166649,4
30163231_MinPolqaSfbRecording_cut.wav,3.0,0.816496581,0.800166649,4
30467212_MinPolqaSfbRecording_cut.wav,4.0,0.0,0.0,2
28811374_MinPolqaSfbRecording_cut.wav,4.5,0.707106781,0.98,2
30489107_MinPolqaSfbRecording_cut.wav,2.5,0.707106781,0.98,2
28800785_MinPolqaSfbRecording_cut.wav,3.5,0.707106781,0.98,2
30423276_MinPolqaSfbRecording_cut.wav,3.5,0.707106781,0.98,2
30470054_MinPolqaSfbRecording_cut.wav,3.0,1.414213562,1.96,2
30424758_MinPolqaSfbRecording_cut.wav,3.0,1.414213562,1.96,2
28088607_MinPolqaSfbRecording_cut.wav,3.5,0.707106781,0.98,2
30422881_MinPolqaSfbRecording_cut.wav,3.0,1.414213562,1.96,2
30154586_MinPolqaSfbRecording_cut.wav,2.75,0.957427108,0.938278566,4
29530181_MinPolqaSfbRecording_cut.wav,2.0,1.414213562,1.385929291,4
30440210_MinPolqaSfbRecording_cut.wav,2.0,1.414213562,1.385929291,4
28233456_MinPolqaSfbRecording_cut.wav,3.75,0.5,0.49,4
30134015_MinPolqaSfbRecording_cut.wav,2.0,1.414213562,1.385929291,4
30261286_MinPolqaSfbRecording_cut.wav,2.0,1.154700538,1.131606528,4
27965387_MinPolqaSfbRecording_cut.wav,3.75,0.957427108,0.938278566,4
30129169_MinPolqaSfbRecording_cut.wav,4.0,0.0,0.0,4
29539060_MinPolqaSfbRecording_cut.wav,4.333333333,1.154700538,1.306666667,3
30113988_MinPolqaSfbRecording_cut.wav,3.666666667,1.154700538,1.306666667,3
30071788_MinPolqaSfbRecording_cut.wav,3.666666667,0.577350269,0.653333333,3
30091285_MinPolqaSfbRecording_cut.wav,3.0,2.0,2.263213055,3
28659151_MinPolqaSfbRecording_cut.wav,4.333333333,1.154700538,1.306666667,3
30129016_MinPolqaSfbRecording_cut.wav,1.0,0.0,0.0,3
30096916_MinPolqaSfbRecording_cut.wav,2.0,0.0,0.0,3
30467009_MinPolqaSfbRecording_cut.wav,2.333333333,0.577350269,0.653333333,3
30108279_MinPolqaSfbRecording_cut.wav,2.666666667,1.527525232,1.728557523,3
28695044_MinPolqaSfbRecording_cut.wav,3.666666667,1.154700538,1.306666667,3
28276930_MinPolqaSfbRecording_cut.wav,3.333333333,1.154700538,1.306666667,3
30145981_MinPolqaSfbRecording_cut.wav,1.333333333,0.577350269,0.653333333,3
27569096_MinPolqaSfbRecording_cut.wav,3.666666667,0.577350269,0.653333333,3
30489424_MinPolqaSfbRecording_cut.wav,1.0,0.0,0.0,3
30178534_MinPolqaSfbRecording_cut.wav,3.666666667,1.154700538,1.306666667,3
28272338_MinPolqaSfbRecording_cut.wav,2.333333333,0.577350269,0.653333333,3
30430304_MinPolqaSfbRecording_cut.wav,3.333333333,1.527525232,1.728557523,3
30431784_MinPolqaSfbRecording_cut.wav,2.333333333,0.577350269,0.653333333,3
30248012_MinPolqaSfbRecording_cut.wav,2.0,0.0,0.0,3
30126211_MinPolqaSfbRecording_cut.wav,3.5,0.577350269,0.565803264,4
30159656_MinPolqaSfbRecording_cut.wav,4.0,0.816496581,0.800166649,4
30113717_MinPolqaSfbRecording_cut.wav,1.25,0.5,0.49,4
30086700_MinPolqaSfbRecording_cut.wav,2.5,0.577350269,0.565803264,4
30169172_MinPolqaSfbRecording_cut.wav,1.75,0.957427108,0.938278566,4
30106876_MinPolqaSfbRecording_cut.wav,2.75,0.5,0.49,4
30154252_MinPolqaSfbRecording_cut.wav,4.75,0.5,0.49,4
28760356_MinPolqaSfbRecording_cut.wav,3.0,0.0,0.0,4
30199655_MinPolqaSfbRecording_cut.wav,2.25,0.5,0.49,4
28743549_MinPolqaSfbRecording_cut.wav,4.0,0.816496581,0.800166649,4
30432664_MinPolqaSfbRecording_cut.wav,3.0,1.154700538,1.131606528,4
28917569_MinPolqaSfbRecording_cut.wav,3.25,0.5,0.49,4
30478154_MinPolqaSfbRecording_cut.wav,3.75,0.5,0.49,4
30254261_MinPolqaSfbRecording_cut.wav,4.25,0.957427108,0.938278566,4
29542725_MinPolqaSfbRecording_cut.wav,3.75,0.5,0.49,4
30200856_MinPolqaSfbRecording_cut.wav,2.75,1.258305739,1.233139624,4
30468665_MinPolqaSfbRecording_cut.wav,3.75,0.5,0.49,4
30177308_MinPolqaSfbRecording_cut.wav,3.5,0.577350269,0.565803264,4
30502436_MinPolqaSfbRecording_cut.wav,3.5,0.577350269,0.565803264,4
30164016_MinPolqaSfbRecording_cut.wav,1.666666667,1.154700538,1.306666667,3
30483638_MinPolqaSfbRecording_cut.wav,2.666666667,2.081665999,2.355626833,3
30438492_MinPolqaSfbRecording_cut.wav,2.0,1.732050808,1.96,3
30488672_MinPolqaSfbRecording_cut.wav,2.666666667,1.154700538,1.306666667,3
27744460_MinPolqaSfbRecording_cut.wav,4.0,1.0,1.131606528,3
30517081_MinPolqaSfbRecording_cut.wav,4.0,1.0,1.131606528,3
28828018_MinPolqaSfbRecording_cut.wav,3.666666667,1.154700538,1.306666667,3
30151802_MinPolqaSfbRecording_cut.wav,2.333333333,1.527525232,1.728557523,3
30135587_MinPolqaSfbRecording_cut.wav,3.666666667,0.577350269,0.653333333,3
30184745_MinPolqaSfbRecording_cut.wav,2.333333333,1.527525232,1.728557523,3
30422344_MinPolqaSfbRecording_cut.wav,2.8,1.643167673,1.440299969,5
28672049_MinPolqaSfbRecording_cut.wav,4.0,0.0,0.0,5
30194627_MinPolqaSfbRecording_cut.wav,2.8,0.836660027,0.733364848,5
30260257_MinPolqaSfbRecording_cut.wav,4.0,0.707106781,0.619806421,5
29530187_MinPolqaSfbRecording_cut.wav,3.4,1.140175425,0.999407825,5
30101148_MinPolqaSfbRecording_cut.wav,2.2,0.836660027,0.733364848,5
30195566_MinPolqaSfbRecording_cut.wav,2.0,0.707106781,0.619806421,5
30437370_MinPolqaSfbRecording_cut.wav,2.25,1.892969449,1.85511006,4
28677032_MinPolqaSfbRecording_cut.wav,3.75,0.957427108,0.938278566,4
30174919_MinPolqaSfbRecording_cut.wav,2.5,1.914854216,1.876557131,4
30193348_MinPolqaSfbRecording_cut.wav,3.0,1.154700538,1.131606528,4
30059780_MinPolqaSfbRecording_cut.wav,4.25,0.5,0.49,4
30252801_MinPolqaSfbRecording_cut.wav,3.0,0.0,0.0,2
30256148_MinPolqaSfbRecording_cut.wav,4.0,0.0,0.0,2
30431234_MinPolqaSfbRecording_cut.wav,4.0,0.0,0.0,2
30147224_MinPolqaSfbRecording_cut.wav,3.5,0.707106781,0.98,2
30439670_MinPolqaSfbRecording_cut.wav,3.0,1.414213562,1.96,2
28320864_MinPolqaSfbRecording_cut.wav,4.5,0.707106781,0.98,2
30092678_MinPolqaSfbRecording_cut.wav,3.5,0.707106781,0.98,2
30254312_MinPolqaSfbRecording_cut.wav,4.0,1.414213562,1.96,2
29532960_MinPolqaSfbRecording_cut.wav,2.0,1.154700538,1.131606528,4
30151093_MinPolqaSfbRecording_cut.wav,2.5,0.577350269,0.565803264,4
28934727_MinPolqaSfbRecording_cut.wav,4.5,0.577350269,0.565803264,4
30163643_MinPolqaSfbRecording_cut.wav,3.5,0.577350269,0.565803264,4
30064050_MinPolqaSfbRecording_cut.wav,3.0,1.414213562,1.385929291,4
27863694_MinPolqaSfbRecording_cut.wav,4.25,0.5,0.49,4
30095525_MinPolqaSfbRecording_cut.wav,2.75,1.258305739,1.233139624,4
29543197_MinPolqaSfbRecording_cut.wav,3.2,0.836660027,0.733364848,5
30188487_MinPolqaSfbRecording_cut.wav,3.0,0.707106781,0.619806421,5
30428655_MinPolqaSfbRecording_cut.wav,3.2,0.836660027,0.733364848,5
30213814_MinPolqaSfbRecording_cut.wav,1.8,1.303840481,1.142866571,5
29539158_MinPolqaSfbRecording_cut.wav,3.6,1.140175425,0.999407825,5
30445858_MinPolqaSfbRecording_cut.wav,3.2,0.836660027,0.733364848,5
30414189_MinPolqaSfbRecording_cut.wav,2.6,1.341640786,1.176,5
30436309_MinPolqaSfbRecording_cut.wav,4.0,0.707106781,0.619806421,5
30148026_MinPolqaSfbRecording_cut.wav,2.2,1.303840481,1.142866571,5
30471700_MinPolqaSfbRecording_cut.wav,3.4,1.341640786,1.176,5
30145224_MinPolqaSfbRecording_cut.wav,3.5,0.577350269,0.565803264,4
30138142_MinPolqaSfbRecording_cut.wav,3.0,0.816496581,0.800166649,4
30434958_MinPolqaSfbRecording_cut.wav,3.75,0.5,0.49,4
30145325_MinPolqaSfbRecording_cut.wav,2.5,1.290994449,1.26517456,4
28250366_MinPolqaSfbRecording_cut.wav,4.25,0.5,0.49,4
29067960_MinPolqaSfbRecording_cut.wav,4.0,0.816496581,0.800166649,4
30475125_MinPolqaSfbRecording_cut.wav,3.75,0.5,0.49,4
30154670_MinPolqaSfbRecording_cut.wav,3.0,1.414213562,1.96,2
30432911_MinPolqaSfbRecording_cut.wav,3.5,0.707106781,0.98,2
30421709_MinPolqaSfbRecording_cut.wav,3.5,2.121320344,2.94,2
30133719_MinPolqaSfbRecording_cut.wav,3.0,1.414213562,1.96,2
30491102_MinPolqaSfbRecording_cut.wav,4.0,1.414213562,1.96,2
30160697_MinPolqaSfbRecording_cut.wav,2.5,2.121320344,2.94,2
28742074_MinPolqaSfbRecording_cut.wav,3.5,0.707106781,0.98,2
30500841_MinPolqaSfbRecording_cut.wav,2.0,0.707106781,0.619806421,5
30107180_MinPolqaSfbRecording_cut.wav,3.0,0.707106781,0.619806421,5
30521146_MinPolqaSfbRecording_cut.wav,3.0,1.0,0.876538647,5
30082410_MinPolqaSfbRecording_cut.wav,3.6,0.547722558,0.48009999,5
30426471_MinPolqaSfbRecording_cut.wav,3.2,0.447213595,0.392,5
27895165_MinPolqaSfbRecording_cut.wav,3.8,0.447213595,0.392,5
27798034_MinPolqaSfbRecording_cut.wav,4.0,0.707106781,0.619806421,5
27955373_MinPolqaSfbRecording_cut.wav,2.8,0.836660027,0.733364848,5
30490892_MinPolqaSfbRecording_cut.wav,2.333333333,1.527525232,1.728557523,3
30461819_MinPolqaSfbRecording_cut.wav,3.666666667,0.577350269,0.653333333,3
30468055_MinPolqaSfbRecording_cut.wav,3.0,1.0,1.131606528,3
30124309_MinPolqaSfbRecording_cut.wav,4.0,1.0,1.131606528,3
30165800_MinPolqaSfbRecording_cut.wav,3.666666667,0.577350269,0.653333333,3
30156222_MinPolqaSfbRecording_cut.wav,2.666666667,0.577350269,0.653333333,3
30168651_MinPolqaSfbRecording_cut.wav,3.0,1.0,1.131606528,3
27656231_MinPolqaSfbRecording_cut.wav,3.666666667,0.577350269,0.653333333,3
30106559_MinPolqaSfbRecording_cut.wav,2.0,1.732050808,1.96,3
27783607_MinPolqaSfbRecording_cut.wav,4.333333333,0.577350269,0.653333333,3
30063976_MinPolqaSfbRecording_cut.wav,3.333333333,1.527525232,1.728557523,3
27852027_MinPolqaSfbRecording_cut.wav,3.333333333,0.577350269,0.653333333,3
30068184_MinPolqaSfbRecording_cut.wav,4.0,1.0,1.131606528,3
30259709_MinPolqaSfbRecording_cut.wav,2.666666667,2.081665999,2.355626833,3
30430561_MinPolqaSfbRecording_cut.wav,2.333333333,1.527525232,1.728557523,3
30433926_MinPolqaSfbRecording_cut.wav,3.666666667,1.527525232,1.728557523,3
28067386_MinPolqaSfbRecording_cut.wav,3.666666667,0.577350269,0.653333333,3
30520178_MinPolqaSfbRecording_cut.wav,2.666666667,2.081665999,2.355626833,3
30513440_MinPolqaSfbRecording_cut.wav,3.333333333,1.527525232,1.728557523,3
28166973_MinPolqaSfbRecording_cut.wav,4.333333333,0.577350269,0.653333333,3
30154435_MinPolqaSfbRecording_cut.wav,2.666666667,0.577350269,0.653333333,3
30446663_MinPolqaSfbRecording_cut.wav,4.0,1.0,1.131606528,3
28290584_MinPolqaSfbRecording_cut.wav,3.666666667,0.577350269,0.653333333,3
30409316_MinPolqaSfbRecording_cut.wav,3.0,1.0,1.131606528,3
28806852_MinPolqaSfbRecording_cut.wav,3.333333333,1.527525232,1.728557523,3
30255065_MinPolqaSfbRecording_cut.wav,3.25,0.957427108,0.938278566,4
29543902_MinPolqaSfbRecording_cut.wav,3.25,0.957427108,0.938278566,4
30123334_MinPolqaSfbRecording_cut.wav,2.5,1.0,0.98,4
30160438_MinPolqaSfbRecording_cut.wav,2.5,0.577350269,0.565803264,4
30073036_MinPolqaSfbRecording_cut.wav,2.5,1.732050808,1.697409791,4
28317796_MinPolqaSfbRecording_cut.wav,3.75,0.5,0.49,4
30169265_MinPolqaSfbRecording_cut.wav,3.25,0.5,0.49,4
30071328_MinPolqaSfbRecording_cut.wav,4.0,0.0,0.0,4
30141115_MinPolqaSfbRecording_cut.wav,4.0,0.816496581,0.800166649,4
30184838_MinPolqaSfbRecording_cut.wav,2.75,1.707825128,1.673668625,4
30400566_MinPolqaSfbRecording_cut.wav,3.5,0.577350269,0.565803264,4
27566621_MinPolqaSfbRecording_cut.wav,4.0,0.816496581,0.800166649,4
30410992_MinPolqaSfbRecording_cut.wav,2.75,0.957427108,0.938278566,4
30174619_MinPolqaSfbRecording_cut.wav,3.25,1.258305739,1.233139624,4
27711130_MinPolqaSfbRecording_cut.wav,4.75,0.5,0.49,4
30406008_MinPolqaSfbRecording_cut.wav,3.8,0.836660027,0.733364848,5
30178578_MinPolqaSfbRecording_cut.wav,4.4,0.894427191,0.784,5
30165829_MinPolqaSfbRecording_cut.wav,4.0,1.0,0.876538647,5
30254278_MinPolqaSfbRecording_cut.wav,3.6,1.140175425,0.999407825,5
30155746_MinPolqaSfbRecording_cut.wav,4.0,0.707106781,0.619806421,5
30193424_MinPolqaSfbRecording_cut.wav,4.0,0.707106781,0.619806421,5
28109032_MinPolqaSfbRecording_cut.wav,2.6,1.816590212,1.592311527,5
30156755_MinPolqaSfbRecording_cut.wav,3.4,1.341640786,1.176,5
30422436_MinPolqaSfbRecording_cut.wav,2.6,1.140175425,0.999407825,5
30417394_MinPolqaSfbRecording_cut.wav,3.0,1.154700538,1.131606528,4
30212049_MinPolqaSfbRecording_cut.wav,3.5,1.290994449,1.26517456,4
30439365_MinPolqaSfbRecording_cut.wav,4.0,0.816496581,0.800166649,4
30179452_MinPolqaSfbRecording_cut.wav,3.5,1.290994449,1.26517456,4
28339590_MinPolqaSfbRecording_cut.wav,3.75,0.5,0.49,4
30254486_MinPolqaSfbRecording_cut.wav,3.5,1.732050808,1.697409791,4
30128739_MinPolqaSfbRecording_cut.wav,4.0,1.414213562,1.96,2
30486540_MinPolqaSfbRecording_cut.wav,4.5,0.707106781,0.98,2
30257512_MinPolqaSfbRecording_cut.wav,3.0,1.414213562,1.96,2
30070415_MinPolqaSfbRecording_cut.wav,4.0,1.414213562,1.96,2
28027129_MinPolqaSfbRecording_cut.wav,5.0,0.0,0.0,2
28322863_MinPolqaSfbRecording_cut.wav,4.5,0.707106781,0.98,2
30139245_MinPolqaSfbRecording_cut.wav,3.5,0.707106781,0.98,2
30136722_MinPolqaSfbRecording_cut.wav,3.5,0.707106781,0.98,2
30486097_MinPolqaSfbRecording_cut.wav,4.0,1.414213562,1.96,2
30139274_MinPolqaSfbRecording_cut.wav,4.0,1.414213562,1.96,2
30090458_MinPolqaSfbRecording_cut.wav,4.0,0.707106781,0.619806421,5
28722561_MinPolqaSfbRecording_cut.wav,3.4,0.547722558,0.48009999,5
28982748_MinPolqaSfbRecording_cut.wav,3.6,0.547722558,0.48009999,5
30133903_MinPolqaSfbRecording_cut.wav,3.0,0.707106781,0.619806421,5
30466043_MinPolqaSfbRecording_cut.wav,1.0,0.0,0.0,5
30428043_MinPolqaSfbRecording_cut.wav,3.2,1.095445115,0.960199979,5
30477427_MinPolqaSfbRecording_cut.wav,3.0,1.224744871,1.073536213,5
30176932_MinPolqaSfbRecording_cut.wav,3.6,0.894427191,0.784,5
30157155_MinPolqaSfbRecording_cut.wav,4.0,0.0,0.0,2
29539561_MinPolqaSfbRecording_cut.wav,2.5,0.707106781,0.98,2
30145694_MinPolqaSfbRecording_cut.wav,4.0,0.0,0.0,2
30150691_MinPolqaSfbRecording_cut.wav,3.0,0.0,0.0,2
30454738_MinPolqaSfbRecording_cut.wav,4.0,0.0,0.0,2
30088541_MinPolqaSfbRecording_cut.wav,3.5,0.707106781,0.98,2
30402550_MinPolqaSfbRecording_cut.wav,1.5,0.707106781,0.98,2
30068426_MinPolqaSfbRecording_cut.wav,4.5,0.707106781,0.98,2
30429021_MinPolqaSfbRecording_cut.wav,4.0,0.0,0.0,2
30174338_MinPolqaSfbRecording_cut.wav,3.2,1.303840481,1.142866571,5
30194341_MinPolqaSfbRecording_cut.wav,2.6,0.547722558,0.48009999,5
30406281_MinPolqaSfbRecording_cut.wav,3.4,0.547722558,0.48009999,5
30515709_MinPolqaSfbRecording_cut.wav,3.4,0.547722558,0.48009999,5
30214131_MinPolqaSfbRecording_cut.wav,3.2,1.303840481,1.142866571,5
30472292_MinPolqaSfbRecording_cut.wav,3.4,0.547722558,0.48009999,5
30432167_MinPolqaSfbRecording_cut.wav,3.6,0.547722558,0.48009999,5
28280272_MinPolqaSfbRecording_cut.wav,4.0,0.0,0.0,3
30464565_MinPolqaSfbRecording_cut.wav,2.666666667,1.527525232,1.728557523,3
30138203_MinPolqaSfbRecording_cut.wav,4.0,0.0,0.0,3
29042747_MinPolqaSfbRecording_cut.wav,3.333333333,0.577350269,0.653333333,3
27895830_MinPolqaSfbRecording_cut.wav,4.0,1.0,1.131606528,3
30168608_MinPolqaSfbRecording_cut.wav,3.666666667,1.154700538,1.306666667,3
30135219_MinPolqaSfbRecording_cut.wav,4.0,1.0,1.131606528,3
30407078_MinPolqaSfbRecording_cut.wav,3.333333333,1.154700538,1.306666667,3
30472518_MinPolqaSfbRecording_cut.wav,2.25,1.892969449,1.85511006,4
30122003_MinPolqaSfbRecording_cut.wav,1.5,0.577350269,0.565803264,4
30138362_MinPolqaSfbRecording_cut.wav,2.5,0.577350269,0.565803264,4
28723764_MinPolqaSfbRecording_cut.wav,4.25,0.5,0.49,4
27945920_MinPolqaSfbRecording_cut.wav,3.75,0.957427108,0.938278566,4
28119627_MinPolqaSfbRecording_cut.wav,4.25,0.5,0.49,4
30427980_MinPolqaSfbRecording_cut.wav,3.0,0.816496581,0.800166649,4
30199054_MinPolqaSfbRecording_cut.wav,1.0,0.0,0.0,4
28518760_MinPolqaSfbRecording_cut.wav,4.5,0.577350269,0.565803264,4
30144965_MinPolqaSfbRecording_cut.wav,4.5,0.577350269,0.565803264,4
28327763_MinPolqaSfbRecording_cut.wav,4.75,0.5,0.49,4
30531441_MinPolqaSfbRecording_cut.wav,3.75,0.957427108,0.938278566,4
30127172_MinPolqaSfbRecording_cut.wav,3.5,1.0,0.98,4
30078849_MinPolqaSfbRecording_cut.wav,3.25,0.957427108,0.938278566,4
30493465_MinPolqaSfbRecording_cut.wav,2.25,0.5,0.49,4
30451690_MinPolqaSfbRecording_cut.wav,3.0,0.816496581,0.800166649,4
30482644_MinPolqaSfbRecording_cut.wav,1.4,0.547722558,0.48009999,5
30075706_MinPolqaSfbRecording_cut.wav,3.8,0.447213595,0.392,5
30473859_MinPolqaSfbRecording_cut.wav,2.0,1.0,0.876538647,5
30508101_MinPolqaSfbRecording_cut.wav,3.8,0.836660027,0.733364848,5
28957064_MinPolqaSfbRecording_cut.wav,4.2,0.447213595,0.392,5
30211080_MinPolqaSfbRecording_cut.wav,3.8,0.447213595,0.392,5
30491182_MinPolqaSfbRecording_cut.wav,4.0,0.707106781,0.619806421,5
30256466_MinPolqaSfbRecording_cut.wav,3.8,0.836660027,0.733364848,5
30489863_MinPolqaSfbRecording_cut.wav,3.2,1.483239697,1.300116918,5
30130216_MinPolqaSfbRecording_cut.wav,3.8,0.836660027,0.733364848,5
30429666_MinPolqaSfbRecording_cut.wav,4.0,0.0,0.0,3
30430707_MinPolqaSfbRecording_cut.wav,3.333333333,0.577350269,0.653333333,3
30406635_MinPolqaSfbRecording_cut.wav,3.666666667,0.577350269,0.653333333,3
30182045_MinPolqaSfbRecording_cut.wav,3.0,0.0,0.0,3
30160547_MinPolqaSfbRecording_cut.wav,3.0,1.732050808,1.96,3
28475110_MinPolqaSfbRecording_cut.wav,4.333333333,0.577350269,0.653333333,3
30530662_MinPolqaSfbRecording_cut.wav,3.666666667,0.577350269,0.653333333,3
28869614_MinPolqaSfbRecording_cut.wav,4.666666667,0.577350269,0.653333333,3
30154265_MinPolqaSfbRecording_cut.wav,2.5,1.0,0.98,4
30253414_MinPolqaSfbRecording_cut.wav,3.25,0.5,0.49,4
30478314_MinPolqaSfbRecording_cut.wav,2.75,1.258305739,1.233139624,4
30509933_MinPolqaSfbRecording_cut.wav,3.75,0.5,0.49,4
29538885_MinPolqaSfbRecording_cut.wav,4.25,0.5,0.49,4
28896461_MinPolqaSfbRecording_cut.wav,4.0,0.816496581,0.800166649,4
28760864_MinPolqaSfbRecording_cut.wav,4.0,0.0,0.0,4
30425411_MinPolqaSfbRecording_cut.wav,2.75,0.957427108,0.938278566,4
30426670_MinPolqaSfbRecording_cut.wav,2.0,0.816496581,0.800166649,4
30468543_MinPolqaSfbRecording_cut.wav,4.0,0.816496581,0.800166649,4
30212523_MinPolqaSfbRecording_cut.wav,3.0,0.816496581,0.800166649,4
30255053_MinPolqaSfbRecording_cut.wav,3.25,0.957427108,0.938278566,4
30431565_MinPolqaSfbRecording_cut.wav,2.0,0.816496581,0.800166649,4
30257659_MinPolqaSfbRecording_cut.wav,1.75,0.5,0.49,4
30256830_MinPolqaSfbRecording_cut.wav,2.25,0.957427108,0.938278566,4
30090423_MinPolqaSfbRecording_cut.wav,4.25,0.957427108,0.938278566,4
30477875_MinPolqaSfbRecording_cut.wav,2.0,1.414213562,1.385929291,4
30481323_MinPolqaSfbRecording_cut.wav,3.75,0.5,0.49,4
29531788_MinPolqaSfbRecording_cut.wav,2.0,0.816496581,0.800166649,4
30168685_MinPolqaSfbRecording_cut.wav,5.0,0.0,0.0,4
30182208_MinPolqaSfbRecording_cut.wav,2.5,1.732050808,1.697409791,4
29039838_MinPolqaSfbRecording_cut.wav,3.75,0.5,0.49,4
30192182_MinPolqaSfbRecording_cut.wav,3.5,1.0,0.98,4
30412472_MinPolqaSfbRecording_cut.wav,3.75,0.5,0.49,4
30430125_MinPolqaSfbRecording_cut.wav,3.25,1.5,1.47,4
30128688_MinPolqaSfbRecording_cut.wav,3.75,1.258305739,1.233139624,4
30060136_MinPolqaSfbRecording_cut.wav,2.75,0.5,0.49,4
30405985_MinPolqaSfbRecording_cut.wav,3.75,0.5,0.49,4
30444586_MinPolqaSfbRecording_cut.wav,2.5,1.732050808,1.697409791,4
28014423_MinPolqaSfbRecording_cut.wav,3.75,0.5,0.49,4
28623663_MinPolqaSfbRecording_cut.wav,4.0,1.0,1.131606528,3
28853654_MinPolqaSfbRecording_cut.wav,3.333333333,0.577350269,0.653333333,3
30249697_MinPolqaSfbRecording_cut.wav,3.666666667,0.577350269,0.653333333,3
30458497_MinPolqaSfbRecording_cut.wav,2.666666667,2.081665999,2.355626833,3
28352798_MinPolqaSfbRecording_cut.wav,3.666666667,1.154700538,1.306666667,3
30490710_MinPolqaSfbRecording_cut.wav,3.333333333,0.577350269,0.653333333,3
28362621_MinPolqaSfbRecording_cut.wav,4.0,1.0,1.131606528,3
30466909_MinPolqaSfbRecording_cut.wav,3.333333333,1.527525232,1.728557523,3
30430287_MinPolqaSfbRecording_cut.wav,3.333333333,1.154700538,1.306666667,3
30466757_MinPolqaSfbRecording_cut.wav,3.333333333,1.154700538,1.306666667,3
30064541_MinPolqaSfbRecording_cut.wav,3.333333333,1.154700538,1.306666667,3
30137510_MinPolqaSfbRecording_cut.wav,4.0,0.0,0.0,3
30188888_MinPolqaSfbRecording_cut.wav,3.666666667,0.577350269,0.653333333,3
30182917_MinPolqaSfbRecording_cut.wav,3.666666667,0.577350269,0.653333333,3
30214076_MinPolqaSfbRecording_cut.wav,3.0,1.732050808,1.96,3
30128238_MinPolqaSfbRecording_cut.wav,3.333333333,0.577350269,0.653333333,3
30114025_MinPolqaSfbRecording_cut.wav,4.5,0.577350269,0.565803264,4
30067674_MinPolqaSfbRecording_cut.wav,3.25,0.957427108,0.938278566,4
30145681_MinPolqaSfbRecording_cut.wav,3.25,0.957427108,0.938278566,4
30078683_MinPolqaSfbRecording_cut.wav,3.75,0.5,0.49,4
28084323_MinPolqaSfbRecording_cut.wav,4.0,0.816496581,0.800166649,4
30113958_MinPolqaSfbRecording_cut.wav,3.25,1.258305739,1.233139624,4
30101088_MinPolqaSfbRecording_cut.wav,4.0,0.0,0.0,4
30129730_MinPolqaSfbRecording_cut.wav,3.0,1.414213562,1.385929291,4
28154603_MinPolqaSfbRecording_cut.wav,4.5,0.577350269,0.565803264,4
30067262_MinPolqaSfbRecording_cut.wav,4.0,1.0,1.131606528,3
30251123_MinPolqaSfbRecording_cut.wav,3.0,0.0,0.0,3
27641412_MinPolqaSfbRecording_cut.wav,3.0,1.0,1.131606528,3
30085331_MinPolqaSfbRecording_cut.wav,3.333333333,0.577350269,0.653333333,3
30177145_MinPolqaSfbRecording_cut.wav,1.0,0.0,0.0,3
30469965_MinPolqaSfbRecording_cut.wav,2.666666667,0.577350269,0.653333333,3
30257995_MinPolqaSfbRecording_cut.wav,2.333333333,0.577350269,0.653333333,3
28682370_MinPolqaSfbRecording_cut.wav,4.333333333,0.577350269,0.653333333,3
30511046_MinPolqaSfbRecording_cut.wav,4.0,0.0,0.0,3
30092216_MinPolqaSfbRecording_cut.wav,2.5,0.707106781,0.98,2
30483574_MinPolqaSfbRecording_cut.wav,2.0,0.0,0.0,2
30206163_MinPolqaSfbRecording_cut.wav,3.0,0.0,0.0,2
30104589_MinPolqaSfbRecording_cut.wav,3.0,1.414213562,1.96,2
30261359_MinPolqaSfbRecording_cut.wav,4.5,0.707106781,0.98,2
28543582_MinPolqaSfbRecording_cut.wav,3.5,0.707106781,0.98,2
30100592_MinPolqaSfbRecording_cut.wav,1.5,0.707106781,0.98,2
30208271_MinPolqaSfbRecording_cut.wav,2.5,0.707106781,0.98,2
28197134_MinPolqaSfbRecording_cut.wav,3.6,0.894427191,0.784,5
30155675_MinPolqaSfbRecording_cut.wav,2.6,1.140175425,0.999407825,5
28625715_MinPolqaSfbRecording_cut.wav,3.8,0.447213595,0.392,5
30172383_MinPolqaSfbRecording_cut.wav,2.8,1.095445115,0.960199979,5
30083997_MinPolqaSfbRecording_cut.wav,4.0,0.707106781,0.619806421,5
29542672_MinPolqaSfbRecording_cut.wav,3.8,0.447213595,0.392,5
30464540_MinPolqaSfbRecording_cut.wav,2.8,1.095445115,0.960199979,5
28950987_MinPolqaSfbRecording_cut.wav,3.8,0.836660027,0.733364848,5
28354886_MinPolqaSfbRecording_cut.wav,3.2,0.836660027,0.733364848,5
